1 1 -0.042 -0.432 2.252
1 2 -0.045 -0.361 2.258
1 3 -0.044 -0.004 2.249
1 4 -0.024 0.214 2.259
1 5 -0.202 -0.114 2.221
1 6 -0.261 -0.355 2.180
1 7 -0.250 -0.470 2.007
1 8 -0.248 -0.512 1.960
1 9 0.115 -0.118 2.306
1 10 0.141 -0.351 2.247
1 11 0.198 -0.468 2.084
1 12 0.165 -0.482 2.030
1 13 -0.134 -0.502 2.223
1 14 -0.169 -0.529 1.873
1 15 -0.168 -0.817 1.922
1 16 -0.145 -0.857 1.838
1 17 0.052 -0.511 2.278
1 18 0.135 -0.529 1.936
1 19 0.139 -0.829 1.955
1 20 0.162 -0.870 1.871
2 1 -0.042 -0.432 2.252
2 2 -0.045 -0.361 2.258
2 3 -0.044 -0.004 2.249
2 4 -0.025 0.214 2.259
2 5 -0.203 -0.114 2.221
2 6 -0.261 -0.355 2.180
2 7 -0.250 -0.470 2.007
2 8 -0.248 -0.512 1.960
2 9 0.115 -0.119 2.306
2 10 0.141 -0.351 2.247
2 11 0.197 -0.468 2.084
2 12 0.165 -0.482 2.030
2 13 -0.134 -0.502 2.223
2 14 -0.169 -0.529 1.873
2 15 -0.168 -0.817 1.922
2 16 -0.145 -0.857 1.838
2 17 0.052 -0.511 2.278
2 18 0.135 -0.529 1.936
2 19 0.139 -0.829 1.955
2 20 0.162 -0.870 1.871
3 1 -0.042 -0.432 2.252
3 2 -0.045 -0.361 2.258
3 3 -0.045 -0.004 2.249
3 4 -0.025 0.214 2.259
3 5 -0.203 -0.114 2.221
3 6 -0.261 -0.355 2.180
3 7 -0.250 -0.470 2.007
3 8 -0.248 -0.512 1.960
3 9 0.115 -0.119 2.306
3 10 0.141 -0.351 2.247
3 11 0.197 -0.468 2.084
3 12 0.165 -0.482 2.030
3 13 -0.134 -0.502 2.223
3 14 -0.169 -0.529 1.873
3 15 -0.168 -0.817 1.922
3 16 -0.145 -0.857 1.838
3 17 0.052 -0.511 2.278
3 18 0.135 -0.530 1.936
3 19 0.139 -0.829 1.954
3 20 0.162 -0.870 1.871
4 1 -0.042 -0.432 2.252
4 2 -0.045 -0.361 2.258
4 3 -0.045 -0.005 2.249
4 4 -0.025 0.214 2.259
4 5 -0.203 -0.114 2.222
4 6 -0.261 -0.355 2.180
4 7 -0.250 -0.470 2.007
4 8 -0.248 -0.512 1.960
4 9 0.115 -0.119 2.306
4 10 0.141 -0.351 2.247
4 11 0.201 -0.468 2.086
4 12 0.180 -0.485 2.035
4 13 -0.134 -0.502 2.223
4 14 -0.169 -0.529 1.873
4 15 -0.168 -0.817 1.922
4 16 -0.145 -0.857 1.838
4 17 0.052 -0.511 2.278
4 18 0.135 -0.530 1.936
4 19 0.139 -0.829 1.954
4 20 0.162 -0.870 1.871
5 1 -0.042 -0.432 2.252
5 2 -0.045 -0.361 2.258
5 3 -0.045 -0.005 2.249
5 4 -0.025 0.214 2.259
5 5 -0.203 -0.114 2.222
5 6 -0.261 -0.355 2.180
5 7 -0.246 -0.468 2.006
5 8 -0.246 -0.512 1.960
5 9 0.115 -0.119 2.306
5 10 0.141 -0.351 2.246
5 11 0.203 -0.468 2.087
5 12 0.184 -0.486 2.035
5 13 -0.134 -0.502 2.223
5 14 -0.169 -0.529 1.873
5 15 -0.168 -0.817 1.922
5 16 -0.145 -0.857 1.838
5 17 0.052 -0.511 2.278
5 18 0.135 -0.530 1.936
5 19 0.139 -0.829 1.954
5 20 0.162 -0.870 1.871
6 1 -0.042 -0.432 2.252
6 2 -0.045 -0.361 2.258
6 3 -0.045 -0.005 2.249
6 4 -0.025 0.214 2.259
6 5 -0.203 -0.114 2.222
6 6 -0.261 -0.355 2.180
6 7 -0.243 -0.467 2.005
6 8 -0.244 -0.511 1.959
6 9 0.115 -0.119 2.306
6 10 0.140 -0.351 2.246
6 11 0.204 -0.468 2.087
6 12 0.187 -0.486 2.036
6 13 -0.134 -0.502 2.223
6 14 -0.169 -0.529 1.873
6 15 -0.168 -0.817 1.922
6 16 -0.145 -0.857 1.838
6 17 0.052 -0.511 2.278
6 18 0.135 -0.530 1.936
6 19 0.139 -0.829 1.954
6 20 0.162 -0.870 1.871
7 1 -0.042 -0.432 2.252
7 2 -0.045 -0.361 2.258
7 3 -0.045 -0.005 2.249
7 4 -0.025 0.214 2.259
7 5 -0.203 -0.114 2.222
7 6 -0.261 -0.355 2.180
7 7 -0.243 -0.467 2.005
7 8 -0.244 -0.511 1.959
7 9 0.115 -0.119 2.306
7 10 0.140 -0.351 2.246
7 11 0.205 -0.468 2.087
7 12 0.189 -0.487 2.036
7 13 -0.134 -0.502 2.223
7 14 -0.169 -0.529 1.873
7 15 -0.168 -0.817 1.922
7 16 -0.145 -0.857 1.838
7 17 0.052 -0.511 2.278
7 18 0.135 -0.530 1.936
7 19 0.139 -0.829 1.954
7 20 0.162 -0.870 1.871
8 1 -0.042 -0.432 2.252
8 2 -0.045 -0.361 2.258
8 3 -0.045 -0.005 2.249
8 4 -0.026 0.214 2.259
8 5 -0.203 -0.114 2.222
8 6 -0.261 -0.355 2.180
8 7 -0.242 -0.467 2.005
8 8 -0.244 -0.511 1.959
8 9 0.115 -0.119 2.306
8 10 0.140 -0.351 2.246
8 11 0.205 -0.467 2.087
8 12 0.190 -0.488 2.035
8 13 -0.134 -0.502 2.223
8 14 -0.169 -0.529 1.873
8 15 -0.168 -0.817 1.922
8 16 -0.145 -0.857 1.838
8 17 0.052 -0.511 2.278
8 18 0.135 -0.530 1.936
8 19 0.139 -0.830 1.954
8 20 0.162 -0.870 1.871
9 1 -0.042 -0.432 2.252
9 2 -0.045 -0.361 2.258
9 3 -0.046 -0.005 2.249
9 4 -0.026 0.214 2.259
9 5 -0.203 -0.114 2.222
9 6 -0.261 -0.355 2.180
9 7 -0.242 -0.467 2.005
9 8 -0.243 -0.511 1.959
9 9 0.115 -0.119 2.306
9 10 0.140 -0.351 2.246
9 11 0.205 -0.467 2.087
9 12 0.191 -0.488 2.035
9 13 -0.135 -0.502 2.223
9 14 -0.169 -0.529 1.873
9 15 -0.168 -0.817 1.922
9 16 -0.145 -0.857 1.838
9 17 0.052 -0.511 2.278
9 18 0.135 -0.530 1.936
9 19 0.139 -0.830 1.954
9 20 0.162 -0.870 1.871
10 1 -0.042 -0.432 2.252
10 2 -0.045 -0.361 2.258
10 3 -0.046 -0.005 2.249
10 4 -0.026 0.214 2.259
10 5 -0.203 -0.114 2.222
10 6 -0.261 -0.355 2.180
10 7 -0.242 -0.467 2.005
10 8 -0.243 -0.511 1.959
10 9 0.115 -0.119 2.306
10 10 0.140 -0.351 2.246
10 11 0.205 -0.467 2.087
10 12 0.192 -0.488 2.034
10 13 -0.135 -0.502 2.223
10 14 -0.169 -0.529 1.873
10 15 -0.168 -0.817 1.922
10 16 -0.145 -0.857 1.838
10 17 0.051 -0.511 2.278
10 18 0.135 -0.530 1.936
10 19 0.139 -0.830 1.954
10 20 0.162 -0.870 1.871
11 1 -0.042 -0.432 2.252
11 2 -0.045 -0.361 2.258
11 3 -0.046 -0.005 2.249
11 4 -0.026 0.214 2.259
11 5 -0.203 -0.114 2.222
11 6 -0.261 -0.355 2.180
11 7 -0.242 -0.467 2.005
11 8 -0.243 -0.511 1.959
11 9 0.115 -0.119 2.306
11 10 0.140 -0.351 2.246
11 11 0.204 -0.467 2.087
11 12 0.192 -0.489 2.034
11 13 -0.135 -0.502 2.223
11 14 -0.169 -0.529 1.873
11 15 -0.168 -0.817 1.922
11 16 -0.145 -0.857 1.838
11 17 0.051 -0.511 2.278
11 18 0.135 -0.530 1.936
11 19 0.139 -0.830 1.954
11 20 0.162 -0.870 1.871
12 1 -0.042 -0.432 2.252
12 2 -0.045 -0.361 2.258
12 3 -0.046 -0.005 2.249
12 4 -0.026 0.214 2.259
12 5 -0.203 -0.114 2.222
12 6 -0.261 -0.355 2.180
12 7 -0.243 -0.467 2.005
12 8 -0.243 -0.511 1.959
12 9 0.115 -0.119 2.306
12 10 0.140 -0.351 2.246
12 11 0.202 -0.467 2.086
12 12 0.191 -0.489 2.033
12 13 -0.135 -0.502 2.223
12 14 -0.169 -0.529 1.873
12 15 -0.168 -0.817 1.922
12 16 -0.145 -0.857 1.838
12 17 0.051 -0.511 2.278
12 18 0.135 -0.530 1.936
12 19 0.139 -0.830 1.954
12 20 0.162 -0.870 1.871
13 1 -0.042 -0.432 2.252
13 2 -0.045 -0.361 2.258
13 3 -0.046 -0.005 2.249
13 4 -0.026 0.214 2.259
13 5 -0.203 -0.114 2.222
13 6 -0.261 -0.355 2.180
13 7 -0.244 -0.467 2.005
13 8 -0.243 -0.511 1.959
13 9 0.115 -0.119 2.306
13 10 0.140 -0.351 2.246
13 11 0.201 -0.467 2.085
13 12 0.190 -0.489 2.031
13 13 -0.135 -0.502 2.223
13 14 -0.169 -0.529 1.873
13 15 -0.168 -0.817 1.922
13 16 -0.145 -0.857 1.838
13 17 0.051 -0.511 2.278
13 18 0.135 -0.530 1.936
13 19 0.139 -0.830 1.954
13 20 0.162 -0.870 1.870
14 1 -0.042 -0.432 2.252
14 2 -0.045 -0.361 2.258
14 3 -0.046 -0.005 2.249
14 4 -0.026 0.214 2.259
14 5 -0.203 -0.114 2.222
14 6 -0.261 -0.355 2.180
14 7 -0.245 -0.468 2.005
14 8 -0.244 -0.511 1.959
14 9 0.115 -0.119 2.306
14 10 0.140 -0.351 2.246
14 11 0.200 -0.467 2.084
14 12 0.189 -0.490 2.031
14 13 -0.135 -0.502 2.223
14 14 -0.169 -0.529 1.873
14 15 -0.168 -0.817 1.922
14 16 -0.145 -0.857 1.838
14 17 0.051 -0.511 2.278
14 18 0.135 -0.530 1.936
14 19 0.139 -0.830 1.954
14 20 0.162 -0.870 1.870
15 1 -0.042 -0.432 2.252
15 2 -0.045 -0.361 2.258
15 3 -0.046 -0.005 2.249
15 4 -0.026 0.214 2.259
15 5 -0.204 -0.114 2.222
15 6 -0.261 -0.355 2.180
15 7 -0.246 -0.468 2.006
15 8 -0.244 -0.511 1.959
15 9 0.115 -0.119 2.306
15 10 0.140 -0.351 2.246
15 11 0.199 -0.467 2.084
15 12 0.189 -0.490 2.030
15 13 -0.135 -0.502 2.223
15 14 -0.169 -0.529 1.873
15 15 -0.168 -0.817 1.922
15 16 -0.145 -0.857 1.838
15 17 0.051 -0.511 2.278
15 18 0.135 -0.530 1.936
15 19 0.139 -0.830 1.954
15 20 0.162 -0.870 1.870
16 1 -0.042 -0.432 2.252
16 2 -0.045 -0.361 2.258
16 3 -0.046 -0.005 2.249
16 4 -0.026 0.214 2.259
16 5 -0.204 -0.114 2.222
16 6 -0.261 -0.355 2.180
16 7 -0.248 -0.469 2.006
16 8 -0.245 -0.511 1.959
16 9 0.115 -0.119 2.306
16 10 0.140 -0.351 2.246
16 11 0.199 -0.467 2.084
16 12 0.188 -0.490 2.029
16 13 -0.135 -0.502 2.223
16 14 -0.169 -0.529 1.873
16 15 -0.168 -0.817 1.922
16 16 -0.145 -0.857 1.838
16 17 0.051 -0.511 2.278
16 18 0.135 -0.530 1.936
16 19 0.140 -0.830 1.954
16 20 0.162 -0.870 1.870
17 1 -0.042 -0.432 2.252
17 2 -0.045 -0.361 2.258
17 3 -0.046 -0.005 2.249
17 4 -0.026 0.214 2.259
17 5 -0.204 -0.114 2.222
17 6 -0.264 -0.351 2.179
17 7 -0.226 -0.436 1.998
17 8 -0.211 -0.467 1.944
17 9 0.115 -0.119 2.306
17 10 0.151 -0.345 2.246
17 11 0.199 -0.466 2.083
17 12 0.198 -0.488 2.028
17 13 -0.135 -0.502 2.223
17 14 -0.169 -0.529 1.873
17 15 -0.168 -0.817 1.922
17 16 -0.145 -0.857 1.838
17 17 0.051 -0.511 2.278
17 18 0.135 -0.530 1.936
17 19 0.140 -0.830 1.954
17 20 0.162 -0.870 1.870
18 1 -0.043 -0.432 2.252
18 2 -0.045 -0.361 2.258
18 3 -0.046 -0.005 2.249
18 4 -0.026 0.214 2.259
18 5 -0.204 -0.114 2.223
18 6 -0.305 -0.312 2.170
18 7 -0.209 -0.381 2.005
18 8 -0.171 -0.386 1.957
18 9 0.115 -0.119 2.306
18 10 0.178 -0.323 2.242
18 11 0.160 -0.388 2.052
18 12 0.133 -0.393 1.995
18 13 -0.136 -0.502 2.223
18 14 -0.168 -0.540 1.874
18 15 -0.171 -0.824 1.925
18 16 -0.149 -0.864 1.841
18 17 0.051 -0.512 2.278
18 18 0.133 -0.540 1.937
18 19 0.139 -0.836 1.957
18 20 0.162 -0.876 1.873
19 1 -0.045 -0.430 2.253
19 2 -0.047 -0.360 2.259
19 3 -0.046 -0.005 2.249
19 4 -0.026 0.214 2.259
19 5 -0.205 -0.112 2.224
19 6 -0.369 -0.253 2.162
19 7 -0.214 -0.290 2.024
19 8 -0.158 -0.289 1.982
19 9 0.116 -0.119 2.306
19 10 0.236 -0.290 2.222
19 11 0.133 -0.311 2.041
19 12 0.093 -0.309 1.995
19 13 -0.142 -0.499 2.225
19 14 -0.167 -0.552 1.878
19 15 -0.175 -0.835 1.929
19 16 -0.153 -0.876 1.846
19 17 0.051 -0.511 2.278
19 18 0.131 -0.554 1.940
19 19 0.139 -0.846 1.961
19 20 0.161 -0.887 1.878
20 1 -0.048 -0.427 2.255
20 2 -0.049 -0.357 2.260
20 3 -0.047 -0.004 2.250
20 4 -0.027 0.214 2.259
20 5 -0.211 -0.107 2.230
20 6 -0.423 -0.163 2.141
20 7 -0.231 -0.133 2.036
20 8 -0.166 -0.132 2.002
20 9 0.119 -0.117 2.309
20 10 0.309 -0.222 2.216
20 11 0.145 -0.201 2.053
20 12 0.093 -0.193 2.010
20 13 -0.147 -0.497 2.226
20 14 -0.167 -0.560 1.882
20 15 -0.179 -0.845 1.933
20 16 -0.158 -0.885 1.849
20 17 0.050 -0.511 2.279
20 18 0.130 -0.562 1.942
20 19 0.138 -0.856 1.964
20 20 0.160 -0.896 1.880
21 1 -0.054 -0.408 2.267
21 2 -0.055 -0.342 2.272
21 3 -0.049 -0.001 2.255
21 4 -0.027 0.215 2.260
21 5 -0.226 -0.091 2.241
21 6 -0.457 -0.052 2.120
21 7 -0.257 0.033 2.033
21 8 -0.190 0.032 2.004
21 9 0.126 -0.106 2.317
21 10 0.360 -0.137 2.212
21 11 0.203 -0.052 2.052
21 12 0.171 -0.014 2.015
21 13 -0.155 -0.486 2.236
21 14 -0.167 -0.565 1.884
21 15 -0.184 -0.856 1.931
21 16 -0.164 -0.897 1.848
21 17 0.048 -0.501 2.287
21 18 0.127 -0.569 1.951
21 19 0.140 -0.868 1.961
21 20 0.161 -0.909 1.877
22 1 -0.059 -0.375 2.283
22 2 -0.059 -0.315 2.287
22 3 -0.052 0.005 2.268
22 4 -0.028 0.216 2.261
22 5 -0.246 -0.056 2.257
22 6 -0.478 0.023 2.149
22 7 -0.309 0.185 2.020
22 8 -0.244 0.209 2.003
22 9 0.138 -0.073 2.333
22 10 0.386 -0.029 2.225
22 11 0.274 0.106 2.034
22 12 0.227 0.146 2.003
22 13 -0.163 -0.463 2.250
22 14 -0.168 -0.566 1.889
22 15 -0.189 -0.864 1.926
22 16 -0.170 -0.905 1.842
22 17 0.046 -0.478 2.301
22 18 0.122 -0.571 1.964
22 19 0.146 -0.881 1.950
22 20 0.165 -0.922 1.866
23 1 -0.062 -0.357 2.291
23 2 -0.063 -0.298 2.297
23 3 -0.057 0.014 2.286
23 4 -0.031 0.220 2.266
23 5 -0.254 -0.026 2.272
23 6 -0.463 0.144 2.140
23 7 -0.339 0.306 1.975
23 8 -0.311 0.354 1.948
23 9 0.143 -0.045 2.343
23 10 0.375 0.086 2.230
23 11 0.362 0.224 2.048
23 12 0.347 0.262 1.988
23 13 -0.168 -0.445 2.258
23 14 -0.169 -0.566 1.892
23 15 -0.192 -0.870 1.920
23 16 -0.174 -0.911 1.835
23 17 0.045 -0.458 2.310
23 18 0.119 -0.569 1.974
23 19 0.151 -0.887 1.940
23 20 0.169 -0.927 1.856
24 1 -0.064 -0.332 2.300
24 2 -0.065 -0.275 2.308
24 3 -0.061 0.023 2.300
24 4 -0.036 0.227 2.275
24 5 -0.255 0.027 2.289
24 6 -0.409 0.237 2.131
24 7 -0.379 0.388 1.965
24 8 -0.377 0.432 1.902
24 9 0.138 0.002 2.348
24 10 0.343 0.188 2.207
24 11 0.420 0.341 2.055
24 12 0.437 0.377 2.005
24 13 -0.169 -0.410 2.271
24 14 -0.169 -0.566 1.895
24 15 -0.196 -0.877 1.897
24 16 -0.181 -0.918 1.811
24 17 0.042 -0.426 2.318
24 18 0.116 -0.561 1.985
24 19 0.156 -0.889 1.925
24 20 0.172 -0.928 1.840
25 1 -0.066 -0.312 2.304
25 2 -0.068 -0.256 2.314
25 3 -0.064 0.032 2.310
25 4 -0.043 0.235 2.286
25 5 -0.247 0.070 2.295
25 6 -0.358 0.299 2.123
25 7 -0.408 0.467 1.964
25 8 -0.440 0.500 1.919
25 9 0.129 0.044 2.343
25 10 0.297 0.245 2.198
25 11 0.406 0.402 2.105
25 12 0.436 0.446 2.068
25 13 -0.171 -0.379 2.278
25 14 -0.169 -0.567 1.898
25 15 -0.202 -0.880 1.870
25 16 -0.188 -0.920 1.783
25 17 0.037 -0.401 2.319
25 18 0.113 -0.549 1.994
25 19 0.161 -0.887 1.914
25 20 0.175 -0.926 1.829
26 1 -0.068 -0.301 2.306
26 2 -0.069 -0.246 2.318
26 3 -0.065 0.038 2.315
26 4 -0.048 0.243 2.296
26 5 -0.245 0.086 2.298
26 6 -0.338 0.318 2.143
26 7 -0.393 0.505 1.978
26 8 -0.421 0.548 1.940
26 9 0.124 0.061 2.343
26 10 0.271 0.250 2.233
26 11 0.367 0.459 2.139
26 12 0.369 0.514 2.118
26 13 -0.172 -0.367 2.281
26 14 -0.169 -0.568 1.899
26 15 -0.205 -0.882 1.854
26 16 -0.193 -0.921 1.767
26 17 0.032 -0.385 2.318
26 18 0.110 -0.542 2.000
26 19 0.164 -0.884 1.904
26 20 0.178 -0.923 1.818
27 1 -0.069 -0.294 2.307
27 2 -0.070 -0.239 2.320
27 3 -0.064 0.042 2.318
27 4 -0.051 0.248 2.302
27 5 -0.244 0.095 2.301
27 6 -0.350 0.315 2.173
27 7 -0.322 0.517 2.032
27 8 -0.296 0.559 2.007
27 9 0.122 0.071 2.344
27 10 0.260 0.246 2.263
27 11 0.240 0.465 2.214
27 12 0.215 0.516 2.196
27 13 -0.173 -0.359 2.283
27 14 -0.169 -0.568 1.901
27 15 -0.208 -0.883 1.845
27 16 -0.196 -0.922 1.758
27 17 0.029 -0.376 2.318
27 18 0.109 -0.538 2.003
27 19 0.166 -0.882 1.897
27 20 0.179 -0.921 1.811
28 1 -0.070 -0.289 2.306
28 2 -0.071 -0.235 2.320
28 3 -0.081 0.054 2.318
28 4 -0.053 0.251 2.306
28 5 -0.242 0.087 2.303
28 6 -0.358 0.305 2.200
28 7 -0.255 0.519 2.105
28 8 -0.280 0.553 2.057
28 9 0.123 0.063 2.353
28 10 0.255 0.207 2.317
28 11 0.170 0.403 2.285
28 12 0.143 0.473 2.252
28 13 -0.173 -0.355 2.282
28 14 -0.169 -0.568 1.902
28 15 -0.209 -0.884 1.840
28 16 -0.197 -0.923 1.753
28 17 0.028 -0.371 2.317
28 18 0.108 -0.536 2.005
28 19 0.167 -0.881 1.894
28 20 0.180 -0.920 1.807
29 1 -0.071 -0.286 2.303
29 2 -0.073 -0.232 2.320
29 3 -0.088 0.059 2.318
29 4 -0.054 0.252 2.309
29 5 -0.246 0.061 2.307
29 6 -0.396 0.221 2.247
29 7 -0.290 0.414 2.184
29 8 -0.306 0.475 2.133
29 9 0.129 0.031 2.372
29 10 0.243 0.188 2.360
29 11 0.105 0.331 2.349
29 12 0.061 0.437 2.327
29 13 -0.174 -0.355 2.271
29 14 -0.170 -0.566 1.908
29 15 -0.212 -0.885 1.839
29 16 -0.199 -0.924 1.752
29 17 0.027 -0.370 2.314
29 18 0.107 -0.536 2.006
29 19 0.168 -0.881 1.891
29 20 0.181 -0.919 1.805
30 1 -0.071 -0.286 2.298
30 2 -0.074 -0.231 2.318
30 3 -0.090 0.061 2.317
30 4 -0.052 0.252 2.314
30 5 -0.251 0.016 2.309
30 6 -0.420 0.162 2.283
30 7 -0.299 0.343 2.264
30 8 -0.323 0.377 2.219
30 9 0.135 -0.003 2.387
30 10 0.239 0.164 2.403
30 11 0.051 0.312 2.400
30 12 0.011 0.389 2.364
30 13 -0.171 -0.367 2.242
30 14 -0.171 -0.564 1.912
30 15 -0.215 -0.887 1.872
30 16 -0.199 -0.925 1.786
30 17 0.029 -0.374 2.311
30 18 0.107 -0.537 2.005
30 19 0.168 -0.881 1.889
30 20 0.181 -0.919 1.803
31 1 -0.071 -0.296 2.286
31 2 -0.075 -0.239 2.312
31 3 -0.090 0.058 2.316
31 4 -0.044 0.242 2.323
31 5 -0.254 -0.013 2.310
31 6 -0.444 0.111 2.302
31 7 -0.326 0.297 2.302
31 8 -0.299 0.343 2.300
31 9 0.135 -0.025 2.395
31 10 0.250 0.115 2.432
31 11 0.135 0.273 2.435
31 12 0.066 0.342 2.407
31 13 -0.171 -0.379 2.227
31 14 -0.172 -0.562 1.914
31 15 -0.215 -0.886 1.905
31 16 -0.197 -0.923 1.820
31 17 0.033 -0.394 2.299
31 18 0.108 -0.543 1.995
31 19 0.167 -0.883 1.894
31 20 0.181 -0.921 1.808
32 1 -0.071 -0.304 2.279
32 2 -0.076 -0.246 2.308
32 3 -0.085 0.047 2.321
32 4 -0.041 0.230 2.337
32 5 -0.257 -0.028 2.314
32 6 -0.447 0.106 2.299
32 7 -0.344 0.347 2.310
32 8 -0.308 0.397 2.328
32 9 0.135 -0.036 2.400
32 10 0.255 0.102 2.443
32 11 0.157 0.299 2.459
32 12 0.096 0.350 2.438
32 13 -0.171 -0.386 2.221
32 14 -0.173 -0.561 1.915
32 15 -0.214 -0.884 1.922
32 16 -0.195 -0.921 1.837
32 17 0.037 -0.406 2.290
32 18 0.110 -0.553 1.985
32 19 0.168 -0.888 1.904
32 20 0.183 -0.925 1.817
33 1 -0.070 -0.308 2.276
33 2 -0.076 -0.253 2.308
33 3 -0.079 0.033 2.331
33 4 -0.041 0.223 2.346
33 5 -0.260 -0.033 2.321
33 6 -0.437 0.136 2.292
33 7 -0.394 0.397 2.290
33 8 -0.375 0.474 2.300
33 9 0.135 -0.039 2.406
33 10 0.251 0.142 2.432
33 11 0.169 0.346 2.486
33 12 0.137 0.433 2.480
33 13 -0.172 -0.391 2.218
33 14 -0.174 -0.560 1.916
33 15 -0.211 -0.884 1.932
33 16 -0.192 -0.920 1.846
33 17 0.039 -0.413 2.286
33 18 0.111 -0.558 1.981
33 19 0.168 -0.891 1.910
33 20 0.184 -0.928 1.823
34 1 -0.070 -0.308 2.278
34 2 -0.077 -0.255 2.312
34 3 -0.076 0.027 2.338
34 4 -0.042 0.219 2.357
34 5 -0.259 -0.001 2.343
34 6 -0.410 0.218 2.280
34 7 -0.445 0.456 2.258
34 8 -0.447 0.527 2.250
34 9 0.123 0.013 2.435
34 10 0.228 0.194 2.424
34 11 0.221 0.466 2.444
34 12 0.176 0.528 2.491
34 13 -0.170 -0.387 2.222
34 14 -0.174 -0.559 1.916
34 15 -0.208 -0.884 1.931
34 16 -0.188 -0.920 1.845
34 17 0.038 -0.412 2.291
34 18 0.111 -0.560 1.980
34 19 0.169 -0.891 1.908
34 20 0.186 -0.928 1.821
35 1 -0.069 -0.305 2.284
35 2 -0.077 -0.254 2.321
35 3 -0.076 0.025 2.347
35 4 -0.046 0.222 2.371
35 5 -0.256 0.023 2.357
35 6 -0.393 0.252 2.275
35 7 -0.472 0.483 2.237
35 8 -0.478 0.551 2.234
35 9 0.108 0.054 2.457
35 10 0.221 0.274 2.413
35 11 0.284 0.506 2.405
35 12 0.282 0.559 2.399
35 13 -0.165 -0.379 2.233
35 14 -0.174 -0.559 1.917
35 15 -0.205 -0.885 1.921
35 16 -0.184 -0.920 1.835
35 17 0.036 -0.407 2.303
35 18 0.112 -0.562 1.984
35 19 0.171 -0.890 1.901
35 20 0.190 -0.926 1.814
36 1 -0.068 -0.298 2.298
36 2 -0.077 -0.249 2.338
36 3 -0.075 0.031 2.361
36 4 -0.050 0.231 2.384
36 5 -0.254 0.032 2.364
36 6 -0.384 0.273 2.270
36 7 -0.475 0.497 2.216
36 8 -0.481 0.559 2.197
36 9 0.100 0.075 2.468
36 10 0.220 0.314 2.404
36 11 0.297 0.542 2.364
36 12 0.315 0.601 2.376
36 13 -0.160 -0.370 2.247
36 14 -0.175 -0.558 1.918
36 15 -0.202 -0.883 1.902
36 16 -0.180 -0.919 1.817
36 17 0.032 -0.392 2.326
36 18 0.112 -0.561 1.988
36 19 0.172 -0.881 1.889
36 20 0.193 -0.916 1.803
37 1 -0.066 -0.296 2.311
37 2 -0.077 -0.246 2.352
37 3 -0.077 0.041 2.375
37 4 -0.053 0.238 2.393
37 5 -0.252 0.036 2.368
37 6 -0.409 0.243 2.268
37 7 -0.414 0.452 2.235
37 8 -0.392 0.525 2.235
37 9 0.097 0.084 2.474
37 10 0.232 0.264 2.411
37 11 0.248 0.487 2.358
37 12 0.244 0.559 2.356
37 13 -0.156 -0.369 2.262
37 14 -0.175 -0.547 1.950
37 15 -0.200 -0.882 1.882
37 16 -0.176 -0.918 1.796
37 17 0.030 -0.386 2.339
37 18 0.113 -0.559 1.994
37 19 0.173 -0.874 1.882
37 20 0.195 -0.910 1.796
38 1 -0.065 -0.296 2.322
38 2 -0.077 -0.246 2.362
38 3 -0.078 0.048 2.382
38 4 -0.054 0.243 2.398
38 5 -0.249 0.036 2.371
38 6 -0.434 0.187 2.280
38 7 -0.401 0.381 2.261
38 8 -0.363 0.450 2.271
38 9 0.099 0.081 2.480
38 10 0.258 0.208 2.433
38 11 0.207 0.428 2.374
38 12 0.186 0.497 2.362
38 13 -0.152 -0.372 2.277
38 14 -0.175 -0.541 1.963
38 15 -0.197 -0.881 1.872
38 16 -0.173 -0.916 1.787
38 17 0.031 -0.384 2.347
38 18 0.115 -0.555 2.000
38 19 0.173 -0.871 1.880
38 20 0.196 -0.906 1.795
39 1 -0.063 -0.297 2.329
39 2 -0.077 -0.246 2.370
39 3 -0.079 0.053 2.388
39 4 -0.056 0.247 2.402
39 5 -0.248 0.028 2.373
39 6 -0.457 0.116 2.306
39 7 -0.412 0.308 2.288
39 8 -0.357 0.379 2.299
39 9 0.109 0.053 2.483
39 10 0.271 0.169 2.449
39 11 0.190 0.359 2.400
39 12 0.171 0.439 2.373
39 13 -0.152 -0.378 2.287
39 14 -0.175 -0.538 1.969
39 15 -0.195 -0.880 1.865
39 16 -0.170 -0.915 1.781
39 17 0.033 -0.384 2.353
39 18 0.116 -0.552 2.005
39 19 0.172 -0.868 1.880
39 20 0.196 -0.903 1.795
40 1 -0.063 -0.304 2.336
40 2 -0.077 -0.250 2.377
40 3 -0.080 0.056 2.391
40 4 -0.060 0.249 2.405
40 5 -0.253 0.001 2.373
40 6 -0.471 0.070 2.326
40 7 -0.391 0.266 2.321
40 8 -0.326 0.334 2.331
40 9 0.113 0.014 2.480
40 10 0.281 0.108 2.478
40 11 0.174 0.307 2.427
40 12 0.140 0.379 2.408
40 13 -0.153 -0.387 2.297
40 14 -0.174 -0.539 1.955
40 15 -0.193 -0.877 1.863
40 16 -0.168 -0.913 1.778
40 17 0.035 -0.388 2.357
40 18 0.118 -0.549 2.009
40 19 0.172 -0.866 1.882
40 20 0.196 -0.902 1.797
41 1 -0.062 -0.312 2.342
41 2 -0.077 -0.259 2.385
41 3 -0.082 0.052 2.397
41 4 -0.079 0.235 2.416
41 5 -0.259 -0.022 2.375
41 6 -0.458 0.102 2.336
41 7 -0.372 0.346 2.329
41 8 -0.335 0.406 2.335
41 9 0.114 -0.005 2.478
41 10 0.279 0.093 2.488
41 11 0.171 0.295 2.442
41 12 0.129 0.371 2.433
41 13 -0.156 -0.402 2.304
41 14 -0.174 -0.540 1.944
41 15 -0.188 -0.874 1.866
41 16 -0.164 -0.909 1.781
41 17 0.038 -0.394 2.359
41 18 0.119 -0.550 2.015
41 19 0.172 -0.866 1.883
41 20 0.196 -0.902 1.798
42 1 -0.063 -0.316 2.347
42 2 -0.077 -0.265 2.391
42 3 -0.087 0.027 2.408
42 4 -0.088 0.220 2.428
42 5 -0.261 -0.032 2.377
42 6 -0.431 0.153 2.330
42 7 -0.418 0.410 2.306
42 8 -0.406 0.488 2.307
42 9 0.115 -0.011 2.478
42 10 0.227 0.150 2.467
42 11 0.173 0.386 2.442
42 12 0.134 0.465 2.439
42 13 -0.158 -0.408 2.309
42 14 -0.173 -0.542 1.935
42 15 -0.185 -0.871 1.868
42 16 -0.162 -0.907 1.782
42 17 0.039 -0.398 2.361
42 18 0.120 -0.551 2.021
42 19 0.172 -0.867 1.884
42 20 0.196 -0.902 1.799
43 1 -0.065 -0.314 2.356
43 2 -0.079 -0.266 2.399
43 3 -0.091 0.015 2.414
43 4 -0.092 0.210 2.437
43 5 -0.259 -0.031 2.382
43 6 -0.399 0.193 2.323
43 7 -0.430 0.441 2.296
43 8 -0.446 0.510 2.289
43 9 0.103 0.022 2.483
43 10 0.203 0.205 2.454
43 11 0.206 0.446 2.429
43 12 0.189 0.517 2.425
43 13 -0.157 -0.401 2.319
43 14 -0.173 -0.545 1.928
43 15 -0.183 -0.866 1.866
43 16 -0.160 -0.902 1.780
43 17 0.037 -0.393 2.371
43 18 0.120 -0.552 2.026
43 19 0.172 -0.864 1.883
43 20 0.196 -0.899 1.798
44 1 -0.066 -0.315 2.365
44 2 -0.080 -0.269 2.409
44 3 -0.094 0.008 2.419
44 4 -0.095 0.205 2.444
44 5 -0.228 -0.034 2.394
44 6 -0.359 0.210 2.317
44 7 -0.442 0.465 2.258
44 8 -0.478 0.536 2.239
44 9 0.082 0.050 2.488
44 10 0.174 0.279 2.429
44 11 0.220 0.493 2.409
44 12 0.217 0.558 2.405
44 13 -0.152 -0.397 2.329
44 14 -0.173 -0.548 1.923
44 15 -0.182 -0.863 1.865
44 16 -0.159 -0.899 1.779
44 17 0.034 -0.390 2.380
44 18 0.121 -0.553 2.029
44 19 0.172 -0.859 1.882
44 20 0.196 -0.895 1.797
45 1 -0.066 -0.316 2.372
45 2 -0.081 -0.270 2.417
45 3 -0.096 0.007 2.426
45 4 -0.095 0.203 2.451
45 5 -0.230 -0.024 2.406
45 6 -0.352 0.222 2.313
45 7 -0.446 0.477 2.238
45 8 -0.474 0.537 2.204
45 9 0.077 0.057 2.491
45 10 0.177 0.277 2.427
45 11 0.214 0.504 2.385
45 12 0.215 0.564 2.378
45 13 -0.151 -0.396 2.336
45 14 -0.173 -0.550 1.921
45 15 -0.182 -0.860 1.864
45 16 -0.160 -0.896 1.778
45 17 0.032 -0.388 2.387
45 18 0.120 -0.553 2.032
45 19 0.172 -0.855 1.881
45 20 0.195 -0.890 1.796
46 1 -0.067 -0.317 2.379
46 2 -0.082 -0.271 2.425
46 3 -0.096 0.011 2.433
46 4 -0.094 0.209 2.461
46 5 -0.234 -0.019 2.414
46 6 -0.402 0.170 2.304
46 7 -0.410 0.436 2.243
46 8 -0.400 0.487 2.227
46 9 0.084 0.053 2.503
46 10 0.202 0.224 2.444
46 11 0.178 0.438 2.397
46 12 0.152 0.509 2.390
46 13 -0.152 -0.396 2.342
46 14 -0.176 -0.545 1.962
46 15 -0.181 -0.858 1.863
46 16 -0.159 -0.893 1.777
46 17 0.032 -0.389 2.395
46 18 0.119 -0.554 2.033
46 19 0.171 -0.851 1.881
46 20 0.193 -0.887 1.796
47 1 -0.068 -0.318 2.384
47 2 -0.083 -0.271 2.430
47 3 -0.096 0.022 2.440
47 4 -0.093 0.216 2.468
47 5 -0.241 -0.019 2.419
47 6 -0.438 0.117 2.311
47 7 -0.404 0.353 2.269
47 8 -0.371 0.417 2.272
47 9 0.090 0.037 2.515
47 10 0.228 0.184 2.472
47 11 0.148 0.420 2.418
47 12 0.119 0.497 2.409
47 13 -0.154 -0.398 2.349
47 14 -0.179 -0.542 1.983
47 15 -0.181 -0.856 1.861
47 16 -0.159 -0.891 1.775
47 17 0.031 -0.391 2.399
47 18 0.118 -0.554 2.034
47 19 0.168 -0.848 1.881
47 20 0.191 -0.884 1.796
48 1 -0.069 -0.319 2.388
48 2 -0.084 -0.271 2.434
48 3 -0.096 0.029 2.444
48 4 -0.092 0.220 2.472
48 5 -0.250 -0.021 2.421
48 6 -0.468 0.078 2.319
48 7 -0.364 0.320 2.310
48 8 -0.307 0.350 2.332
48 9 0.096 0.017 2.523
48 10 0.250 0.150 2.500
48 11 0.133 0.343 2.467
48 12 0.094 0.422 2.459
48 13 -0.159 -0.401 2.355
48 14 -0.178 -0.536 2.011
48 15 -0.182 -0.854 1.859
48 16 -0.160 -0.890 1.773
48 17 0.031 -0.393 2.403
48 18 0.117 -0.553 2.035
48 19 0.166 -0.846 1.882
48 20 0.189 -0.882 1.796
49 1 -0.070 -0.320 2.391
49 2 -0.085 -0.272 2.437
49 3 -0.096 0.034 2.446
49 4 -0.091 0.224 2.474
49 5 -0.261 -0.026 2.421
49 6 -0.481 0.063 2.323
49 7 -0.348 0.276 2.354
49 8 -0.288 0.321 2.374
49 9 0.100 -0.001 2.525
49 10 0.264 0.116 2.524
49 11 0.139 0.291 2.515
49 12 0.095 0.375 2.503
49 13 -0.164 -0.405 2.359
49 14 -0.178 -0.535 2.019
49 15 -0.183 -0.852 1.857
49 16 -0.160 -0.888 1.772
49 17 0.032 -0.397 2.405
49 18 0.115 -0.553 2.035
49 19 0.164 -0.844 1.882
49 20 0.187 -0.880 1.797
50 1 -0.071 -0.323 2.393
50 2 -0.086 -0.273 2.440
50 3 -0.096 0.036 2.447
50 4 -0.091 0.225 2.476
50 5 -0.270 -0.032 2.419
50 6 -0.479 0.058 2.327
50 7 -0.343 0.268 2.373
50 8 -0.291 0.336 2.398
50 9 0.101 -0.010 2.527
50 10 0.269 0.104 2.533
50 11 0.151 0.283 2.531
50 12 0.095 0.354 2.526
50 13 -0.168 -0.409 2.361
50 14 -0.185 -0.540 1.993
50 15 -0.183 -0.851 1.856
50 16 -0.161 -0.887 1.771
50 17 0.032 -0.403 2.407
50 18 0.113 -0.552 2.034
50 19 0.162 -0.843 1.883
50 20 0.185 -0.879 1.797
51 1 -0.072 -0.324 2.396
51 2 -0.087 -0.274 2.442
51 3 -0.098 0.027 2.448
51 4 -0.091 0.222 2.478
51 5 -0.273 -0.038 2.417
51 6 -0.441 0.063 2.331
51 7 -0.361 0.260 2.356
51 8 -0.331 0.339 2.380
51 9 0.108 -0.005 2.526
51 10 0.236 0.158 2.514
51 11 0.143 0.305 2.533
51 12 0.109 0.417 2.527
51 13 -0.171 -0.412 2.362
51 14 -0.188 -0.543 1.975
51 15 -0.184 -0.850 1.856
51 16 -0.162 -0.886 1.770
51 17 0.032 -0.406 2.410
51 18 0.111 -0.553 2.033
51 19 0.161 -0.842 1.883
51 20 0.184 -0.878 1.798
52 1 -0.073 -0.325 2.397
52 2 -0.088 -0.275 2.444
52 3 -0.097 0.006 2.452
52 4 -0.093 0.215 2.480
52 5 -0.274 -0.042 2.417
52 6 -0.378 0.149 2.327
52 7 -0.359 0.395 2.353
52 8 -0.346 0.475 2.376
52 9 0.084 0.023 2.528
52 10 0.203 0.194 2.504
52 11 0.187 0.441 2.496
52 12 0.181 0.510 2.499
52 13 -0.172 -0.412 2.362
52 14 -0.189 -0.546 1.963
52 15 -0.185 -0.849 1.856
52 16 -0.162 -0.885 1.770
52 17 0.031 -0.406 2.413
52 18 0.108 -0.554 2.031
52 19 0.160 -0.839 1.882
52 20 0.183 -0.875 1.797
53 1 -0.074 -0.325 2.399
53 2 -0.089 -0.276 2.446
53 3 -0.097 -0.003 2.455
53 4 -0.095 0.209 2.482
53 5 -0.259 -0.002 2.426
53 6 -0.342 0.215 2.332
53 7 -0.366 0.427 2.324
53 8 -0.365 0.508 2.331
53 9 0.064 0.043 2.530
53 10 0.162 0.231 2.487
53 11 0.199 0.475 2.467
53 12 0.208 0.539 2.462
53 13 -0.169 -0.406 2.359
53 14 -0.189 -0.549 1.957
53 15 -0.186 -0.849 1.855
53 16 -0.163 -0.885 1.770
53 17 0.028 -0.403 2.417
53 18 0.106 -0.555 2.029
53 19 0.158 -0.836 1.883
53 20 0.182 -0.871 1.797
54 1 -0.075 -0.323 2.401
54 2 -0.091 -0.276 2.448
54 3 -0.097 -0.008 2.458
54 4 -0.095 0.205 2.484
54 5 -0.252 0.019 2.431
54 6 -0.328 0.274 2.334
54 7 -0.371 0.475 2.294
54 8 -0.366 0.545 2.278
54 9 0.059 0.048 2.532
54 10 0.153 0.275 2.469
54 11 0.189 0.501 2.434
54 12 0.183 0.552 2.423
54 13 -0.168 -0.397 2.354
54 14 -0.189 -0.550 1.953
54 15 -0.188 -0.848 1.855
54 16 -0.164 -0.884 1.770
54 17 0.025 -0.401 2.422
54 18 0.103 -0.556 2.027
54 19 0.156 -0.832 1.882
54 20 0.181 -0.868 1.798
55 1 -0.077 -0.322 2.402
55 2 -0.092 -0.275 2.450
55 3 -0.097 -0.006 2.465
55 4 -0.096 0.203 2.487
55 5 -0.253 0.018 2.435
55 6 -0.376 0.224 2.336
55 7 -0.366 0.474 2.289
55 8 -0.335 0.526 2.276
55 9 0.067 0.017 2.544
55 10 0.191 0.208 2.489
55 11 0.151 0.443 2.440
55 12 0.114 0.504 2.433
55 13 -0.169 -0.394 2.353
55 14 -0.189 -0.552 1.951
55 15 -0.190 -0.849 1.857
55 16 -0.166 -0.884 1.772
55 17 0.023 -0.400 2.424
55 18 0.101 -0.557 2.025
55 19 0.155 -0.830 1.882
55 20 0.180 -0.866 1.797
56 1 -0.077 -0.321 2.403
56 2 -0.093 -0.275 2.451
56 3 -0.107 0.011 2.472
56 4 -0.096 0.204 2.491
56 5 -0.259 0.006 2.437
56 6 -0.420 0.175 2.342
56 7 -0.354 0.427 2.327
56 8 -0.322 0.475 2.329
56 9 0.073 -0.001 2.550
56 10 0.207 0.177 2.506
56 11 0.127 0.419 2.457
56 12 0.080 0.504 2.441
56 13 -0.169 -0.394 2.352
56 14 -0.189 -0.553 1.949
56 15 -0.191 -0.849 1.857
56 16 -0.166 -0.884 1.772
56 17 0.022 -0.401 2.424
56 18 0.099 -0.557 2.024
56 19 0.154 -0.829 1.882
56 20 0.179 -0.864 1.797
57 1 -0.078 -0.321 2.404
57 2 -0.095 -0.275 2.452
57 3 -0.112 0.020 2.475
57 4 -0.099 0.213 2.498
57 5 -0.264 -0.005 2.438
57 6 -0.449 0.153 2.351
57 7 -0.341 0.384 2.372
57 8 -0.307 0.434 2.378
57 9 0.078 -0.012 2.553
57 10 0.232 0.135 2.537
57 11 0.128 0.328 2.513
57 12 0.073 0.401 2.496
57 13 -0.170 -0.394 2.351
57 14 -0.188 -0.554 1.948
57 15 -0.192 -0.849 1.857
57 16 -0.166 -0.884 1.772
57 17 0.021 -0.402 2.424
57 18 0.098 -0.557 2.023
57 19 0.153 -0.828 1.881
57 20 0.179 -0.864 1.797
58 1 -0.079 -0.321 2.404
58 2 -0.095 -0.275 2.453
58 3 -0.113 0.026 2.476
58 4 -0.099 0.220 2.501
58 5 -0.270 -0.016 2.438
58 6 -0.478 0.117 2.365
58 7 -0.337 0.332 2.430
58 8 -0.301 0.381 2.437
58 9 0.081 -0.019 2.554
58 10 0.251 0.088 2.568
58 11 0.132 0.266 2.557
58 12 0.091 0.304 2.548
58 13 -0.172 -0.395 2.350
58 14 -0.188 -0.554 1.948
58 15 -0.192 -0.849 1.857
58 16 -0.167 -0.884 1.772
58 17 0.022 -0.404 2.422
58 18 0.097 -0.557 2.022
58 19 0.153 -0.827 1.881
58 20 0.178 -0.863 1.797
59 1 -0.080 -0.322 2.404
59 2 -0.096 -0.276 2.453
59 3 -0.115 0.030 2.477
59 4 -0.099 0.223 2.503
59 5 -0.275 -0.027 2.436
59 6 -0.487 0.098 2.373
59 7 -0.363 0.270 2.459
59 8 -0.315 0.324 2.487
59 9 0.083 -0.024 2.554
59 10 0.254 0.079 2.575
59 11 0.143 0.255 2.585
59 12 0.092 0.287 2.572
59 13 -0.174 -0.398 2.349
59 14 -0.187 -0.555 1.948
59 15 -0.193 -0.849 1.856
59 16 -0.167 -0.885 1.771
59 17 0.023 -0.407 2.419
59 18 0.097 -0.556 2.021
59 19 0.152 -0.827 1.881
59 20 0.178 -0.863 1.797
60 1 -0.081 -0.324 2.403
60 2 -0.097 -0.278 2.453
60 3 -0.115 0.031 2.477
60 4 -0.098 0.221 2.503
60 5 -0.278 -0.035 2.435
60 6 -0.466 0.082 2.380
60 7 -0.353 0.291 2.485
60 8 -0.338 0.358 2.497
60 9 0.085 -0.027 2.554
60 10 0.240 0.096 2.569
60 11 0.135 0.341 2.585
60 12 0.067 0.437 2.587
60 13 -0.177 -0.403 2.348
60 14 -0.187 -0.555 1.948
60 15 -0.195 -0.849 1.852
60 16 -0.169 -0.885 1.768
60 17 0.023 -0.411 2.415
60 18 0.096 -0.556 2.020
60 19 0.151 -0.828 1.881
60 20 0.177 -0.863 1.797
61 1 -0.082 -0.325 2.402
61 2 -0.098 -0.279 2.453
61 3 -0.111 0.010 2.478
61 4 -0.097 0.216 2.504
61 5 -0.279 -0.041 2.435
61 6 -0.419 0.113 2.390
61 7 -0.378 0.320 2.447
61 8 -0.368 0.399 2.474
61 9 0.085 -0.026 2.554
61 10 0.194 0.158 2.547
61 11 0.144 0.406 2.570
61 12 0.081 0.478 2.579
61 13 -0.178 -0.405 2.347
61 14 -0.186 -0.555 1.948
61 15 -0.197 -0.849 1.850
61 16 -0.171 -0.885 1.765
61 17 0.023 -0.412 2.414
61 18 0.096 -0.555 2.020
61 19 0.151 -0.828 1.881
61 20 0.177 -0.863 1.797
62 1 -0.082 -0.324 2.403
62 2 -0.099 -0.280 2.453
62 3 -0.106 -0.004 2.479
62 4 -0.097 0.209 2.505
62 5 -0.269 -0.012 2.455
62 6 -0.375 0.176 2.401
62 7 -0.392 0.406 2.416
62 8 -0.394 0.483 2.430
62 9 0.061 0.012 2.562
62 10 0.170 0.237 2.538
62 11 0.174 0.462 2.527
62 12 0.154 0.538 2.508
62 13 -0.173 -0.394 2.346
62 14 -0.186 -0.555 1.948
62 15 -0.198 -0.848 1.847
62 16 -0.172 -0.883 1.763
62 17 0.020 -0.406 2.418
62 18 0.097 -0.555 2.019
62 19 0.152 -0.824 1.880
62 20 0.178 -0.859 1.796
63 1 -0.082 -0.319 2.405
63 2 -0.099 -0.279 2.455
63 3 -0.104 -0.012 2.480
63 4 -0.098 0.204 2.506
63 5 -0.266 0.004 2.467
63 6 -0.350 0.217 2.406
63 7 -0.398 0.436 2.390
63 8 -0.400 0.506 2.382
63 9 0.048 0.033 2.567
63 10 0.150 0.295 2.520
63 11 0.182 0.501 2.475
63 12 0.171 0.563 2.453
63 13 -0.170 -0.386 2.347
63 14 -0.185 -0.556 1.948
63 15 -0.198 -0.847 1.845
63 16 -0.172 -0.882 1.761
63 17 0.018 -0.400 2.422
63 18 0.097 -0.555 2.019
63 19 0.154 -0.820 1.879
63 20 0.180 -0.855 1.794
64 1 -0.082 -0.317 2.408
64 2 -0.099 -0.279 2.459
64 3 -0.102 -0.017 2.483
64 4 -0.099 0.199 2.507
64 5 -0.267 -0.008 2.478
64 6 -0.367 0.213 2.401
64 7 -0.395 0.439 2.373
64 8 -0.359 0.502 2.357
64 9 0.056 0.019 2.575
64 10 0.164 0.229 2.511
64 11 0.134 0.456 2.464
64 12 0.113 0.506 2.443
64 13 -0.169 -0.384 2.348
64 14 -0.185 -0.556 1.949
64 15 -0.198 -0.846 1.845
64 16 -0.173 -0.882 1.760
64 17 0.018 -0.398 2.425
64 18 0.098 -0.555 2.018
64 19 0.155 -0.816 1.878
64 20 0.181 -0.852 1.793
65 1 -0.083 -0.317 2.410
65 2 -0.099 -0.279 2.462
65 3 -0.103 -0.017 2.486
65 4 -0.099 0.197 2.509
65 5 -0.270 -0.020 2.484
65 6 -0.395 0.200 2.397
65 7 -0.349 0.442 2.384
65 8 -0.318 0.500 2.371
65 9 0.064 0.003 2.579
65 10 0.185 0.177 2.522
65 11 0.107 0.419 2.473
65 12 0.098 0.486 2.435
65 13 -0.176 -0.391 2.355
65 14 -0.184 -0.556 1.949
65 15 -0.199 -0.846 1.844
65 16 -0.173 -0.881 1.759
65 17 0.017 -0.399 2.427
65 18 0.098 -0.555 2.018
65 19 0.156 -0.815 1.877
65 20 0.181 -0.850 1.792
66 1 -0.084 -0.318 2.412
66 2 -0.100 -0.280 2.464
66 3 -0.106 -0.013 2.490
66 4 -0.099 0.195 2.509
66 5 -0.278 -0.032 2.486
66 6 -0.430 0.160 2.403
66 7 -0.329 0.381 2.425
66 8 -0.289 0.424 2.432
66 9 0.070 -0.009 2.581
66 10 0.199 0.150 2.531
66 11 0.112 0.340 2.518
66 12 0.086 0.401 2.478
66 13 -0.181 -0.395 2.360
66 14 -0.184 -0.556 1.950
66 15 -0.199 -0.845 1.843
66 16 -0.173 -0.880 1.758
66 17 0.017 -0.400 2.428
66 18 0.099 -0.554 2.018
66 19 0.156 -0.814 1.877
66 20 0.181 -0.850 1.792
67 1 -0.085 -0.318 2.414
67 2 -0.101 -0.280 2.467
67 3 -0.109 -0.008 2.493
67 4 -0.100 0.195 2.510
67 5 -0.283 -0.039 2.487
67 6 -0.459 0.125 2.407
67 7 -0.338 0.317 2.445
67 8 -0.288 0.368 2.451
67 9 0.074 -0.018 2.580
67 10 0.221 0.112 2.550
67 11 0.109 0.288 2.558
67 12 0.084 0.336 2.534
67 13 -0.184 -0.399 2.364
67 14 -0.184 -0.556 1.951
67 15 -0.199 -0.845 1.843
67 16 -0.173 -0.880 1.758
67 17 0.018 -0.401 2.429
67 18 0.099 -0.554 2.019
67 19 0.155 -0.814 1.877
67 20 0.180 -0.849 1.792
68 1 -0.086 -0.319 2.416
68 2 -0.101 -0.280 2.469
68 3 -0.112 -0.004 2.494
68 4 -0.101 0.195 2.512
68 5 -0.287 -0.044 2.486
68 6 -0.468 0.106 2.410
68 7 -0.332 0.279 2.472
68 8 -0.280 0.325 2.497
68 9 0.077 -0.025 2.577
68 10 0.228 0.099 2.556
68 11 0.110 0.257 2.590
68 12 0.082 0.311 2.555
68 13 -0.187 -0.401 2.368
68 14 -0.183 -0.556 1.953
68 15 -0.198 -0.844 1.843
68 16 -0.174 -0.879 1.758
68 17 0.018 -0.402 2.430
68 18 0.100 -0.552 2.020
68 19 0.155 -0.814 1.878
68 20 0.178 -0.849 1.793
69 1 -0.089 -0.322 2.419
69 2 -0.103 -0.282 2.472
69 3 -0.114 -0.002 2.495
69 4 -0.101 0.195 2.512
69 5 -0.290 -0.048 2.485
69 6 -0.458 0.100 2.411
69 7 -0.317 0.310 2.491
69 8 -0.278 0.364 2.515
69 9 0.079 -0.030 2.575
69 10 0.225 0.102 2.558
69 11 0.108 0.245 2.601
69 12 0.079 0.301 2.566
69 13 -0.192 -0.406 2.373
69 14 -0.184 -0.554 1.956
69 15 -0.198 -0.843 1.844
69 16 -0.174 -0.878 1.758
69 17 0.018 -0.405 2.432
69 18 0.100 -0.551 2.020
69 19 0.153 -0.814 1.879
69 20 0.176 -0.849 1.795
70 1 -0.092 -0.324 2.423
70 2 -0.106 -0.283 2.475
70 3 -0.116 -0.001 2.496
70 4 -0.101 0.195 2.513
70 5 -0.291 -0.050 2.484
70 6 -0.414 0.138 2.408
70 7 -0.317 0.384 2.474
70 8 -0.278 0.411 2.513
70 9 0.080 -0.032 2.573
70 10 0.188 0.155 2.545
70 11 0.080 0.294 2.584
70 12 0.051 0.349 2.556
70 13 -0.195 -0.408 2.376
70 14 -0.185 -0.553 1.959
70 15 -0.198 -0.842 1.845
70 16 -0.174 -0.878 1.760
70 17 0.016 -0.409 2.437
70 18 0.100 -0.551 2.021
70 19 0.152 -0.813 1.881
70 20 0.174 -0.848 1.796
71 1 -0.091 -0.323 2.428
71 2 -0.106 -0.283 2.479
71 3 -0.116 -0.004 2.497
71 4 -0.102 0.194 2.514
71 5 -0.288 -0.052 2.483
71 6 -0.371 0.175 2.408
71 7 -0.339 0.435 2.426
71 8 -0.331 0.503 2.433
71 9 0.068 0.007 2.580
71 10 0.167 0.242 2.539
71 11 0.150 0.448 2.513
71 12 0.133 0.509 2.503
71 13 -0.190 -0.407 2.381
71 14 -0.185 -0.552 1.961
71 15 -0.198 -0.841 1.847
71 16 -0.174 -0.876 1.762
71 17 0.018 -0.398 2.450
71 18 0.100 -0.550 2.021
71 19 0.149 -0.809 1.884
71 20 0.171 -0.844 1.798
72 1 -0.090 -0.321 2.433
72 2 -0.106 -0.282 2.483
72 3 -0.115 -0.007 2.498
72 4 -0.102 0.194 2.515
72 5 -0.285 -0.053 2.482
72 6 -0.341 0.202 2.409
72 7 -0.355 0.468 2.382
72 8 -0.348 0.528 2.365
72 9 0.060 0.030 2.585
72 10 0.153 0.294 2.530
72 11 0.165 0.481 2.476
72 12 0.154 0.537 2.453
72 13 -0.184 -0.405 2.385
72 14 -0.186 -0.552 1.964
72 15 -0.198 -0.840 1.850
72 16 -0.175 -0.875 1.764
72 17 0.019 -0.391 2.457
72 18 0.100 -0.550 2.022
72 19 0.143 -0.805 1.889
72 20 0.166 -0.841 1.802
73 1 -0.090 -0.321 2.436
73 2 -0.106 -0.282 2.486
73 3 -0.116 -0.008 2.500
73 4 -0.103 0.193 2.516
73 5 -0.275 -0.047 2.484
73 6 -0.334 0.213 2.409
73 7 -0.351 0.439 2.360
73 8 -0.330 0.505 2.326
73 9 0.063 0.024 2.589
73 10 0.170 0.243 2.524
73 11 0.154 0.483 2.457
73 12 0.169 0.538 2.428
73 13 -0.183 -0.403 2.386
73 14 -0.186 -0.551 1.965
73 15 -0.198 -0.839 1.852
73 16 -0.175 -0.874 1.767
73 17 0.018 -0.390 2.461
73 18 0.099 -0.551 2.023
73 19 0.139 -0.804 1.892
73 20 0.163 -0.839 1.805
74 1 -0.093 -0.323 2.438
74 2 -0.108 -0.283 2.488
74 3 -0.117 -0.009 2.501
74 4 -0.103 0.192 2.517
74 5 -0.273 -0.046 2.484
74 6 -0.384 0.188 2.404
74 7 -0.315 0.426 2.374
74 8 -0.315 0.484 2.343
74 9 0.072 -0.002 2.591
74 10 0.206 0.148 2.536
74 11 0.144 0.399 2.486
74 12 0.104 0.435 2.482
74 13 -0.185 -0.406 2.387
74 14 -0.186 -0.551 1.967
74 15 -0.198 -0.838 1.854
74 16 -0.174 -0.873 1.769
74 17 0.009 -0.406 2.462
74 18 0.098 -0.551 2.023
74 19 0.137 -0.804 1.894
74 20 0.160 -0.839 1.807
75 1 -0.095 -0.326 2.439
75 2 -0.110 -0.284 2.490
75 3 -0.118 -0.008 2.502
75 4 -0.101 0.192 2.519
75 5 -0.271 -0.046 2.484
75 6 -0.418 0.158 2.408
75 7 -0.333 0.346 2.407
75 8 -0.338 0.421 2.354
75 9 0.080 -0.023 2.591
75 10 0.223 0.115 2.544
75 11 0.150 0.324 2.520
75 12 0.111 0.389 2.499
75 13 -0.189 -0.408 2.387
75 14 -0.187 -0.550 1.969
75 15 -0.198 -0.838 1.855
75 16 -0.174 -0.873 1.770
75 17 0.004 -0.416 2.458
75 18 0.097 -0.551 2.023
75 19 0.134 -0.805 1.896
75 20 0.158 -0.841 1.809
76 1 -0.098 -0.329 2.438
76 2 -0.111 -0.285 2.489
76 3 -0.119 -0.007 2.501
76 4 -0.099 0.194 2.522
76 5 -0.271 -0.047 2.483
76 6 -0.456 0.119 2.417
76 7 -0.348 0.290 2.435
76 8 -0.313 0.344 2.430
76 9 0.085 -0.036 2.588
76 10 0.241 0.071 2.560
76 11 0.150 0.280 2.549
76 12 0.096 0.317 2.549
76 13 -0.193 -0.411 2.385
76 14 -0.188 -0.549 1.970
76 15 -0.198 -0.838 1.856
76 16 -0.174 -0.873 1.771
76 17 0.004 -0.423 2.449
76 18 0.096 -0.550 2.021
76 19 0.131 -0.809 1.898
76 20 0.155 -0.845 1.812
77 1 -0.100 -0.331 2.435
77 2 -0.113 -0.286 2.488
77 3 -0.119 -0.005 2.500
77 4 -0.098 0.195 2.523
77 5 -0.272 -0.047 2.483
77 6 -0.469 0.100 2.422
77 7 -0.361 0.250 2.462
77 8 -0.298 0.302 2.469
77 9 0.088 -0.046 2.583
77 10 0.247 0.055 2.566
77 11 0.149 0.247 2.579
77 12 0.091 0.291 2.570
77 13 -0.197 -0.413 2.384
77 14 -0.188 -0.549 1.971
77 15 -0.198 -0.838 1.857
77 16 -0.174 -0.873 1.772
77 17 0.004 -0.428 2.441
77 18 0.094 -0.548 2.018
77 19 0.128 -0.812 1.901
77 20 0.152 -0.848 1.814
78 1 -0.102 -0.335 2.432
78 2 -0.115 -0.288 2.486
78 3 -0.120 -0.003 2.499
78 4 -0.095 0.194 2.525
78 5 -0.273 -0.049 2.481
78 6 -0.461 0.086 2.421
78 7 -0.335 0.301 2.474
78 8 -0.286 0.352 2.489
78 9 0.090 -0.052 2.580
78 10 0.238 0.065 2.568
78 11 0.148 0.233 2.590
78 12 0.101 0.326 2.588
78 13 -0.199 -0.415 2.382
78 14 -0.189 -0.548 1.971
78 15 -0.198 -0.837 1.857
78 16 -0.174 -0.873 1.772
78 17 0.004 -0.431 2.435
78 18 0.093 -0.547 2.016
78 19 0.126 -0.816 1.902
78 20 0.150 -0.851 1.816
79 1 -0.103 -0.336 2.430
79 2 -0.115 -0.290 2.484
79 3 -0.120 -0.002 2.499
79 4 -0.090 0.190 2.529
79 5 -0.274 -0.049 2.480
79 6 -0.410 0.141 2.410
79 7 -0.342 0.373 2.456
79 8 -0.296 0.442 2.469
79 9 0.090 -0.045 2.573
79 10 0.197 0.164 2.551
79 11 0.143 0.405 2.567
79 12 0.106 0.459 2.580
79 13 -0.201 -0.416 2.380
79 14 -0.189 -0.548 1.972
79 15 -0.199 -0.838 1.858
79 16 -0.176 -0.873 1.773
79 17 0.004 -0.432 2.432
79 18 0.091 -0.547 2.015
79 19 0.125 -0.818 1.903
79 20 0.148 -0.854 1.816
80 1 -0.095 -0.314 2.430
80 2 -0.112 -0.281 2.484
80 3 -0.120 -0.002 2.499
80 4 -0.089 0.189 2.534
80 5 -0.272 -0.001 2.479
80 6 -0.371 0.238 2.403
80 7 -0.349 0.445 2.421
80 8 -0.323 0.532 2.427
80 9 0.078 0.019 2.570
80 10 0.187 0.248 2.542
80 11 0.187 0.458 2.527
80 12 0.176 0.528 2.517
80 13 -0.188 -0.387 2.373
80 14 -0.189 -0.548 1.972
80 15 -0.200 -0.837 1.858
80 16 -0.177 -0.873 1.773
80 17 0.010 -0.398 2.439
80 18 0.090 -0.548 2.015
80 19 0.124 -0.818 1.903
80 20 0.147 -0.853 1.816
81 1 -0.092 -0.304 2.429
81 2 -0.110 -0.275 2.483
81 3 -0.120 -0.001 2.498
81 4 -0.089 0.189 2.539
81 5 -0.268 0.028 2.480
81 6 -0.342 0.276 2.396
81 7 -0.352 0.496 2.370
81 8 -0.339 0.562 2.361
81 9 0.063 0.055 2.567
81 10 0.173 0.310 2.525
81 11 0.201 0.506 2.478
81 12 0.199 0.562 2.453
81 13 -0.181 -0.375 2.370
81 14 -0.189 -0.548 1.972
81 15 -0.201 -0.837 1.858
81 16 -0.178 -0.872 1.773
81 17 0.012 -0.383 2.442
81 18 0.088 -0.549 2.015
81 19 0.123 -0.817 1.903
81 20 0.146 -0.853 1.816
82 1 -0.090 -0.298 2.429
82 2 -0.108 -0.271 2.483
82 3 -0.119 0.002 2.500
82 4 -0.090 0.189 2.543
82 5 -0.264 0.030 2.480
82 6 -0.348 0.243 2.391
82 7 -0.336 0.498 2.332
82 8 -0.310 0.541 2.308
82 9 0.073 0.042 2.568
82 10 0.183 0.246 2.508
82 11 0.176 0.454 2.452
82 12 0.176 0.512 2.430
82 13 -0.178 -0.369 2.368
82 14 -0.189 -0.549 1.971
82 15 -0.202 -0.836 1.859
82 16 -0.179 -0.872 1.773
82 17 0.013 -0.376 2.444
82 18 0.087 -0.551 2.015
82 19 0.122 -0.817 1.902
82 20 0.145 -0.852 1.816
83 1 -0.091 -0.302 2.428
83 2 -0.108 -0.269 2.483
83 3 -0.117 0.005 2.501
83 4 -0.090 0.190 2.546
83 5 -0.263 0.009 2.479
83 6 -0.375 0.206 2.385
83 7 -0.297 0.440 2.351
83 8 -0.285 0.496 2.325
83 9 0.082 0.017 2.569
83 10 0.205 0.180 2.512
83 11 0.143 0.425 2.462
83 12 0.123 0.475 2.440
83 13 -0.184 -0.379 2.370
83 14 -0.188 -0.546 1.990
83 15 -0.203 -0.837 1.859
83 16 -0.181 -0.872 1.773
83 17 0.010 -0.390 2.438
83 18 0.087 -0.552 2.016
83 19 0.123 -0.819 1.902
83 20 0.146 -0.854 1.816
84 1 -0.092 -0.307 2.426
84 2 -0.107 -0.268 2.482
84 3 -0.116 0.009 2.502
84 4 -0.089 0.191 2.548
84 5 -0.267 -0.015 2.476
84 6 -0.402 0.165 2.383
84 7 -0.283 0.392 2.369
84 8 -0.274 0.461 2.325
84 9 0.091 -0.009 2.569
84 10 0.228 0.135 2.513
84 11 0.136 0.377 2.470
84 12 0.119 0.438 2.435
84 13 -0.189 -0.388 2.371
84 14 -0.150 -0.558 2.046
84 15 -0.223 -0.809 1.813
84 16 -0.201 -0.844 1.728
84 17 0.009 -0.399 2.434
84 18 0.087 -0.553 2.016
84 19 0.125 -0.821 1.902
84 20 0.148 -0.856 1.816
85 1 -0.093 -0.314 2.425
85 2 -0.107 -0.269 2.481
85 3 -0.115 0.011 2.502
85 4 -0.086 0.193 2.548
85 5 -0.269 -0.031 2.472
85 6 -0.433 0.118 2.388
85 7 -0.313 0.314 2.383
85 8 -0.271 0.370 2.383
85 9 0.095 -0.026 2.565
85 10 0.246 0.086 2.521
85 11 0.135 0.319 2.497
85 12 0.092 0.378 2.484
85 13 -0.192 -0.395 2.371
85 14 -0.165 -0.548 2.037
85 15 -0.223 -0.811 1.814
85 16 -0.201 -0.846 1.728
85 17 0.009 -0.407 2.431
85 18 0.088 -0.553 2.018
85 19 0.127 -0.823 1.902
85 20 0.149 -0.858 1.816
86 1 -0.094 -0.322 2.423
86 2 -0.107 -0.273 2.480
86 3 -0.114 0.013 2.502
86 4 -0.081 0.195 2.547
86 5 -0.270 -0.042 2.469
86 6 -0.443 0.101 2.389
86 7 -0.324 0.281 2.398
86 8 -0.265 0.335 2.413
86 9 0.097 -0.035 2.561
86 10 0.251 0.074 2.523
86 11 0.150 0.299 2.519
86 12 0.088 0.362 2.503
86 13 -0.194 -0.403 2.372
86 14 -0.172 -0.544 2.033
86 15 -0.220 -0.816 1.818
86 16 -0.199 -0.851 1.732
86 17 0.009 -0.414 2.428
86 18 0.091 -0.553 2.020
86 19 0.129 -0.826 1.903
86 20 0.151 -0.861 1.817
87 1 -0.095 -0.331 2.422
87 2 -0.108 -0.280 2.478
87 3 -0.112 0.013 2.500
87 4 -0.079 0.194 2.545
87 5 -0.270 -0.051 2.465
87 6 -0.422 0.131 2.378
87 7 -0.313 0.368 2.404
87 8 -0.293 0.432 2.396
87 9 0.098 -0.041 2.557
87 10 0.229 0.128 2.506
87 11 0.147 0.383 2.522
87 12 0.103 0.439 2.522
87 13 -0.197 -0.412 2.374
87 14 -0.184 -0.546 1.997
87 15 -0.216 -0.825 1.831
87 16 -0.195 -0.860 1.744
87 17 0.009 -0.421 2.427
87 18 0.094 -0.553 2.023
87 19 0.131 -0.828 1.903
87 20 0.153 -0.863 1.818
88 1 -0.094 -0.335 2.422
88 2 -0.106 -0.284 2.478
88 3 -0.110 0.012 2.498
88 4 -0.082 0.191 2.544
88 5 -0.270 -0.057 2.462
88 6 -0.387 0.156 2.363
88 7 -0.343 0.409 2.363
88 8 -0.323 0.472 2.368
88 9 0.097 -0.013 2.539
88 10 0.210 0.169 2.482
88 11 0.208 0.396 2.483
88 12 0.184 0.464 2.480
88 13 -0.195 -0.417 2.375
88 14 -0.190 -0.548 1.976
88 15 -0.212 -0.831 1.840
88 16 -0.193 -0.866 1.754
88 17 0.014 -0.421 2.430
88 18 0.097 -0.553 2.025
88 19 0.136 -0.828 1.903
88 20 0.156 -0.863 1.817
89 1 -0.093 -0.338 2.423
89 2 -0.104 -0.288 2.479
89 3 -0.108 0.008 2.497
89 4 -0.085 0.185 2.542
89 5 -0.268 -0.060 2.460
89 6 -0.353 0.178 2.346
89 7 -0.363 0.427 2.303
89 8 -0.355 0.491 2.300
89 9 0.082 0.006 2.525
89 10 0.192 0.208 2.457
89 11 0.250 0.402 2.422
89 12 0.253 0.463 2.403
89 13 -0.192 -0.421 2.377
89 14 -0.193 -0.549 1.967
89 15 -0.210 -0.835 1.847
89 16 -0.192 -0.870 1.760
89 17 0.016 -0.421 2.432
89 18 0.099 -0.553 2.027
89 19 0.143 -0.827 1.902
89 20 0.160 -0.862 1.816
90 1 -0.092 -0.342 2.424
90 2 -0.102 -0.293 2.480
90 3 -0.106 0.002 2.496
90 4 -0.088 0.179 2.541
90 5 -0.266 -0.062 2.459
90 6 -0.333 0.180 2.316
90 7 -0.360 0.430 2.215
90 8 -0.350 0.486 2.195
90 9 0.079 0.005 2.521
90 10 0.186 0.201 2.418
90 11 0.269 0.376 2.334
90 12 0.270 0.426 2.301
90 13 -0.190 -0.423 2.378
90 14 -0.194 -0.550 1.961
90 15 -0.209 -0.838 1.852
90 16 -0.191 -0.873 1.764
90 17 0.017 -0.423 2.434
90 18 0.101 -0.554 2.029
90 19 0.148 -0.826 1.900
90 20 0.165 -0.862 1.815
91 1 -0.093 -0.352 2.429
91 2 -0.104 -0.303 2.484
91 3 -0.104 -0.004 2.498
91 4 -0.090 0.177 2.542
91 5 -0.264 -0.064 2.458
91 6 -0.337 0.117 2.293
91 7 -0.308 0.329 2.145
91 8 -0.277 0.378 2.110
91 9 0.079 -0.040 2.529
91 10 0.205 0.124 2.391
91 11 0.254 0.311 2.253
91 12 0.246 0.363 2.210
91 13 -0.190 -0.428 2.381
91 14 -0.195 -0.550 1.957
91 15 -0.208 -0.840 1.855
91 16 -0.191 -0.874 1.768
91 17 0.011 -0.437 2.443
91 18 0.102 -0.553 2.030
91 19 0.151 -0.825 1.900
91 20 0.169 -0.861 1.814
92 1 -0.093 -0.357 2.433
92 2 -0.104 -0.308 2.487
92 3 -0.103 -0.007 2.503
92 4 -0.090 0.175 2.545
92 5 -0.269 -0.089 2.461
92 6 -0.345 0.070 2.252
92 7 -0.250 0.249 2.064
92 8 -0.220 0.299 2.038
92 9 0.080 -0.102 2.539
92 10 0.224 0.062 2.357
92 11 0.228 0.225 2.184
92 12 0.215 0.277 2.143
92 13 -0.190 -0.431 2.383
92 14 -0.196 -0.550 1.955
92 15 -0.207 -0.841 1.857
92 16 -0.190 -0.876 1.771
92 17 0.011 -0.441 2.450
92 18 0.104 -0.553 2.032
92 19 0.153 -0.825 1.900
92 20 0.170 -0.860 1.814
93 1 -0.094 -0.361 2.438
93 2 -0.105 -0.313 2.492
93 3 -0.104 -0.010 2.512
93 4 -0.090 0.177 2.550
93 5 -0.273 -0.092 2.462
93 6 -0.365 0.003 2.212
93 7 -0.214 0.105 2.025
93 8 -0.184 0.153 1.999
93 9 0.078 -0.116 2.542
93 10 0.234 -0.084 2.378
93 11 0.210 0.087 2.164
93 12 0.184 0.162 2.095
93 13 -0.193 -0.435 2.390
93 14 -0.195 -0.550 1.955
93 15 -0.206 -0.841 1.859
93 16 -0.188 -0.876 1.773
93 17 0.011 -0.443 2.455
93 18 0.106 -0.552 2.033
93 19 0.154 -0.824 1.900
93 20 0.171 -0.859 1.814
94 1 -0.092 -0.394 2.450
94 2 -0.106 -0.325 2.500
94 3 -0.106 -0.003 2.520
94 4 -0.089 0.182 2.557
94 5 -0.271 -0.096 2.463
94 6 -0.388 -0.080 2.189
94 7 -0.212 -0.021 2.018
94 8 -0.167 0.011 1.984
94 9 0.076 -0.124 2.545
94 10 0.236 -0.174 2.357
94 11 0.187 -0.029 2.094
94 12 0.151 0.027 2.052
94 13 -0.190 -0.458 2.405
94 14 -0.194 -0.551 1.957
94 15 -0.204 -0.841 1.860
94 16 -0.186 -0.876 1.774
94 17 0.010 -0.475 2.466
94 18 0.107 -0.551 2.034
94 19 0.154 -0.823 1.900
94 20 0.172 -0.858 1.814
95 1 -0.090 -0.420 2.461
95 2 -0.104 -0.355 2.515
95 3 -0.107 -0.002 2.524
95 4 -0.090 0.187 2.561
95 5 -0.266 -0.100 2.464
95 6 -0.401 -0.157 2.187
95 7 -0.238 -0.161 2.029
95 8 -0.185 -0.153 1.993
95 9 0.074 -0.129 2.546
95 10 0.208 -0.260 2.363
95 11 0.208 -0.177 2.133
95 12 0.181 -0.140 2.082
95 13 -0.183 -0.493 2.427
95 14 -0.193 -0.552 1.959
95 15 -0.202 -0.840 1.861
95 16 -0.183 -0.875 1.775
95 17 0.010 -0.491 2.471
95 18 0.108 -0.550 2.035
95 19 0.155 -0.822 1.900
95 20 0.173 -0.858 1.814
96 1 -0.090 -0.442 2.474
96 2 -0.103 -0.373 2.524
96 3 -0.106 -0.004 2.525
96 4 -0.091 0.189 2.563
96 5 -0.257 -0.116 2.457
96 6 -0.400 -0.234 2.206
96 7 -0.223 -0.273 2.047
96 8 -0.167 -0.266 2.014
96 9 0.073 -0.137 2.541
96 10 0.185 -0.312 2.402
96 11 0.191 -0.255 2.176
96 12 0.167 -0.308 2.094
96 13 -0.181 -0.515 2.446
96 14 -0.191 -0.553 1.963
96 15 -0.199 -0.838 1.861
96 16 -0.180 -0.873 1.775
96 17 0.005 -0.522 2.489
96 18 0.109 -0.549 2.035
96 19 0.154 -0.820 1.901
96 20 0.172 -0.856 1.815
97 1 -0.090 -0.457 2.480
97 2 -0.103 -0.387 2.529
97 3 -0.104 -0.011 2.523
97 4 -0.092 0.189 2.564
97 5 -0.250 -0.132 2.449
97 6 -0.385 -0.317 2.232
97 7 -0.251 -0.363 2.068
97 8 -0.184 -0.377 2.018
97 9 0.076 -0.156 2.524
97 10 0.157 -0.367 2.408
97 11 0.162 -0.392 2.189
97 12 0.155 -0.397 2.125
97 13 -0.182 -0.528 2.454
97 14 -0.191 -0.557 1.967
97 15 -0.197 -0.837 1.860
97 16 -0.177 -0.872 1.775
97 17 0.004 -0.538 2.496
97 18 0.110 -0.548 2.035
97 19 0.153 -0.818 1.901
97 20 0.172 -0.855 1.815
98 1 -0.087 -0.472 2.469
98 2 -0.100 -0.403 2.520
98 3 -0.099 -0.028 2.512
98 4 -0.093 0.185 2.560
98 5 -0.245 -0.148 2.440
98 6 -0.365 -0.354 2.288
98 7 -0.289 -0.444 2.115
98 8 -0.250 -0.469 2.067
98 9 0.079 -0.171 2.512
98 10 0.123 -0.419 2.419
98 11 0.172 -0.497 2.227
98 12 0.167 -0.576 2.145
98 13 -0.182 -0.540 2.448
98 14 -0.190 -0.541 1.989
98 15 -0.194 -0.834 1.863
98 16 -0.174 -0.870 1.777
98 17 0.017 -0.559 2.468
98 18 0.111 -0.543 2.039
98 19 0.151 -0.819 1.903
98 20 0.170 -0.855 1.817
99 1 -0.085 -0.481 2.459
99 2 -0.097 -0.414 2.511
99 3 -0.095 -0.042 2.502
99 4 -0.093 0.173 2.545
99 5 -0.242 -0.163 2.432
99 6 -0.341 -0.404 2.334
99 7 -0.301 -0.505 2.157
99 8 -0.278 -0.541 2.106
99 9 0.080 -0.184 2.502
99 10 0.109 -0.436 2.424
99 11 0.162 -0.570 2.239
99 12 0.165 -0.639 2.139
99 13 -0.184 -0.548 2.437
99 14 -0.189 -0.536 1.998
99 15 -0.192 -0.833 1.865
99 16 -0.172 -0.869 1.779
99 17 0.023 -0.567 2.454
99 18 0.112 -0.539 2.041
99 19 0.146 -0.821 1.907
99 20 0.166 -0.857 1.821
100 1 -0.084 -0.486 2.448
100 2 -0.096 -0.421 2.500
100 3 -0.092 -0.051 2.493
100 4 -0.093 0.163 2.530
100 5 -0.240 -0.171 2.427
100 6 -0.313 -0.433 2.364
100 7 -0.299 -0.552 2.186
100 8 -0.290 -0.628 2.127
100 9 0.079 -0.191 2.496
100 10 0.089 -0.455 2.430
100 11 0.157 -0.587 2.245
100 12 0.106 -0.543 1.986
100 13 -0.187 -0.552 2.417
100 14 -0.189 -0.534 2.002
100 15 -0.190 -0.834 1.868
100 16 -0.170 -0.870 1.782
100 17 0.025 -0.572 2.446
100 18 0.113 -0.537 2.043
100 19 0.142 -0.823 1.911
100 20 0.162 -0.860 1.825
101 1 -0.083 -0.489 2.436
101 2 -0.095 -0.424 2.488
101 3 -0.089 -0.057 2.483
101 4 -0.092 0.157 2.519
101 5 -0.238 -0.176 2.423
101 6 -0.297 -0.432 2.374
101 7 -0.291 -0.560 2.202
101 8 -0.289 -0.634 2.145
101 9 0.079 -0.195 2.493
101 10 0.077 -0.399 2.371
101 11 0.125 -0.542 2.191
101 12 0.100 -0.543 1.969
101 13 -0.186 -0.553 2.397
101 14 -0.189 -0.533 2.005
101 15 -0.188 -0.836 1.872
101 16 -0.168 -0.872 1.786
101 17 0.026 -0.574 2.440
101 18 0.113 -0.536 2.044
101 19 0.138 -0.826 1.914
101 20 0.159 -0.862 1.829
102 1 -0.081 -0.488 2.427
102 2 -0.093 -0.424 2.479
102 3 -0.087 -0.060 2.476
102 4 -0.088 0.156 2.507
102 5 -0.237 -0.179 2.420
102 6 -0.279 -0.428 2.383
102 7 -0.289 -0.552 2.211
102 8 -0.288 -0.627 2.159
102 9 0.079 -0.198 2.490
102 10 0.065 -0.422 2.397
102 11 0.123 -0.562 2.209
102 12 0.089 -0.553 1.937
102 13 -0.182 -0.551 2.384
102 14 -0.189 -0.532 2.007
102 15 -0.186 -0.838 1.875
102 16 -0.166 -0.874 1.790
102 17 0.027 -0.571 2.435
102 18 0.113 -0.535 2.045
102 19 0.136 -0.828 1.917
102 20 0.156 -0.864 1.831
103 1 -0.078 -0.485 2.420
103 2 -0.091 -0.421 2.472
103 3 -0.086 -0.059 2.469
103 4 -0.086 0.157 2.498
103 5 -0.236 -0.178 2.417
103 6 -0.269 -0.423 2.387
103 7 -0.288 -0.565 2.224
103 8 -0.281 -0.610 2.166
103 9 0.078 -0.196 2.487
103 10 0.063 -0.420 2.407
103 11 0.122 -0.552 2.217
103 12 0.088 -0.525 1.925
103 13 -0.179 -0.549 2.377
103 14 -0.189 -0.532 2.008
103 15 -0.185 -0.840 1.878
103 16 -0.164 -0.876 1.793
103 17 0.028 -0.565 2.431
103 18 0.113 -0.534 2.045
103 19 0.134 -0.829 1.919
103 20 0.155 -0.866 1.834
104 1 -0.077 -0.481 2.415
104 2 -0.089 -0.417 2.467
104 3 -0.086 -0.055 2.463
104 4 -0.083 0.163 2.489
104 5 -0.235 -0.173 2.413
104 6 -0.265 -0.411 2.384
104 7 -0.281 -0.536 2.214
104 8 -0.274 -0.588 2.165
104 9 0.077 -0.190 2.484
104 10 0.073 -0.370 2.373
104 11 0.099 -0.464 2.127
104 12 0.092 -0.495 1.931
104 13 -0.176 -0.547 2.373
104 14 -0.188 -0.533 2.008
104 15 -0.184 -0.841 1.881
104 16 -0.163 -0.878 1.796
104 17 0.029 -0.558 2.428
104 18 0.113 -0.534 2.045
104 19 0.132 -0.831 1.921
104 20 0.153 -0.867 1.835
105 1 -0.075 -0.477 2.412
105 2 -0.088 -0.413 2.464
105 3 -0.086 -0.049 2.459
105 4 -0.082 0.171 2.482
105 5 -0.234 -0.166 2.409
105 6 -0.267 -0.399 2.378
105 7 -0.280 -0.507 2.200
105 8 -0.270 -0.563 2.159
105 9 0.076 -0.180 2.481
105 10 0.083 -0.336 2.350
105 11 0.090 -0.435 2.097
105 12 0.095 -0.481 1.939
105 13 -0.174 -0.544 2.370
105 14 -0.188 -0.533 2.008
105 15 -0.184 -0.843 1.883
105 16 -0.163 -0.880 1.798
105 17 0.029 -0.552 2.426
105 18 0.113 -0.533 2.046
105 19 0.131 -0.832 1.921
105 20 0.152 -0.868 1.836
106 1 -0.074 -0.473 2.410
106 2 -0.088 -0.408 2.461
106 3 -0.086 -0.042 2.456
106 4 -0.081 0.178 2.477
106 5 -0.234 -0.160 2.406
106 6 -0.270 -0.390 2.373
106 7 -0.282 -0.483 2.185
106 8 -0.283 -0.517 2.135
106 9 0.076 -0.172 2.479
106 10 0.100 -0.351 2.401
106 11 0.170 -0.454 2.233
106 12 0.188 -0.494 2.177
106 13 -0.173 -0.541 2.369
106 14 -0.188 -0.534 2.007
106 15 -0.183 -0.844 1.885
106 16 -0.162 -0.881 1.800
106 17 0.028 -0.546 2.425
106 18 0.113 -0.533 2.046
106 19 0.130 -0.832 1.922
106 20 0.152 -0.869 1.836
107 1 -0.074 -0.470 2.409
107 2 -0.087 -0.405 2.460
107 3 -0.087 -0.037 2.455
107 4 -0.081 0.183 2.474
107 5 -0.234 -0.155 2.404
107 6 -0.278 -0.381 2.365
107 7 -0.286 -0.465 2.173
107 8 -0.294 -0.501 2.128
107 9 0.076 -0.166 2.476
107 10 0.115 -0.355 2.417
107 11 0.171 -0.441 2.230
107 12 0.195 -0.488 2.206
107 13 -0.172 -0.538 2.369
107 14 -0.188 -0.535 2.005
107 15 -0.183 -0.845 1.886
107 16 -0.162 -0.882 1.801
107 17 0.028 -0.542 2.425
107 18 0.113 -0.533 2.046
107 19 0.130 -0.833 1.922
107 20 0.151 -0.870 1.837
108 1 -0.074 -0.468 2.408
108 2 -0.087 -0.402 2.460
108 3 -0.087 -0.034 2.453
108 4 -0.081 0.186 2.472
108 5 -0.235 -0.152 2.403
108 6 -0.286 -0.376 2.360
108 7 -0.289 -0.456 2.166
108 8 -0.304 -0.489 2.119
108 9 0.077 -0.162 2.473
108 10 0.126 -0.363 2.427
108 11 0.188 -0.453 2.254
108 12 0.209 -0.490 2.240
108 13 -0.171 -0.536 2.370
108 14 -0.188 -0.537 2.002
108 15 -0.182 -0.846 1.887
108 16 -0.162 -0.883 1.802
108 17 0.028 -0.540 2.425
108 18 0.114 -0.533 2.046
108 19 0.130 -0.833 1.922
108 20 0.151 -0.870 1.837
109 1 -0.074 -0.466 2.408
109 2 -0.087 -0.400 2.459
109 3 -0.087 -0.032 2.451
109 4 -0.081 0.188 2.470
109 5 -0.235 -0.150 2.402
109 6 -0.296 -0.373 2.354
109 7 -0.294 -0.451 2.161
109 8 -0.307 -0.483 2.113
109 9 0.077 -0.161 2.469
109 10 0.138 -0.372 2.426
109 11 0.201 -0.471 2.262
109 12 0.220 -0.498 2.256
109 13 -0.171 -0.535 2.372
109 14 -0.187 -0.539 1.998
109 15 -0.182 -0.847 1.888
109 16 -0.161 -0.884 1.803
109 17 0.028 -0.539 2.424
109 18 0.114 -0.533 2.046
109 19 0.129 -0.834 1.922
109 20 0.150 -0.870 1.836
