1 1 -0.052 -0.459 2.618
1 2 -0.066 -0.427 2.669
1 3 -0.093 -0.168 2.751
1 4 -0.099 0.025 2.759
1 5 -0.244 -0.270 2.684
1 6 -0.304 -0.454 2.571
1 7 -0.219 -0.516 2.420
1 8 -0.190 -0.547 2.359
1 9 0.081 -0.269 2.742
1 10 0.161 -0.478 2.656
1 11 0.279 -0.596 2.571
1 12 0.320 -0.600 2.610
1 13 -0.125 -0.529 2.576
1 14 -0.186 -0.522 2.265
1 15 -0.147 -0.723 2.033
1 16 -0.187 -0.803 1.959
1 17 0.047 -0.530 2.608
1 18 0.101 -0.584 2.192
1 19 0.056 -0.793 2.014
1 20 0.111 -0.807 1.978
2 1 -0.052 -0.459 2.619
2 2 -0.066 -0.427 2.670
2 3 -0.093 -0.168 2.751
2 4 -0.099 0.025 2.759
2 5 -0.244 -0.270 2.684
2 6 -0.304 -0.454 2.571
2 7 -0.218 -0.516 2.419
2 8 -0.188 -0.546 2.360
2 9 0.081 -0.269 2.742
2 10 0.161 -0.479 2.656
2 11 0.279 -0.597 2.571
2 12 0.317 -0.619 2.587
2 13 -0.125 -0.530 2.577
2 14 -0.186 -0.523 2.265
2 15 -0.146 -0.725 2.034
2 16 -0.184 -0.802 1.967
2 17 0.048 -0.530 2.609
2 18 0.101 -0.584 2.192
2 19 0.056 -0.794 2.013
2 20 0.112 -0.806 1.979
3 1 -0.052 -0.459 2.620
3 2 -0.065 -0.427 2.670
3 3 -0.093 -0.168 2.750
3 4 -0.099 0.025 2.759
3 5 -0.244 -0.270 2.684
3 6 -0.304 -0.454 2.571
3 7 -0.216 -0.516 2.418
3 8 -0.185 -0.544 2.361
3 9 0.081 -0.269 2.742
3 10 0.161 -0.479 2.656
3 11 0.280 -0.597 2.572
3 12 0.318 -0.626 2.577
3 13 -0.125 -0.530 2.577
3 14 -0.186 -0.523 2.265
3 15 -0.145 -0.726 2.035
3 16 -0.182 -0.801 1.973
3 17 0.048 -0.531 2.610
3 18 0.101 -0.584 2.193
3 19 0.055 -0.794 2.013
3 20 0.113 -0.804 1.979
4 1 -0.051 -0.459 2.620
4 2 -0.065 -0.427 2.671
4 3 -0.093 -0.168 2.750
4 4 -0.099 0.025 2.758
4 5 -0.244 -0.270 2.684
4 6 -0.304 -0.454 2.571
4 7 -0.214 -0.516 2.418
4 8 -0.183 -0.542 2.362
4 9 0.081 -0.269 2.742
4 10 0.162 -0.479 2.657
4 11 0.278 -0.599 2.571
4 12 0.295 -0.643 2.551
4 13 -0.124 -0.530 2.577
4 14 -0.186 -0.523 2.266
4 15 -0.146 -0.724 2.033
4 16 -0.183 -0.796 1.975
4 17 0.048 -0.530 2.610
4 18 0.101 -0.584 2.193
4 19 0.085 -0.754 2.013
4 20 0.146 -0.745 2.003
5 1 -0.051 -0.459 2.620
5 2 -0.065 -0.427 2.671
5 3 -0.093 -0.168 2.750
5 4 -0.099 0.025 2.757
5 5 -0.244 -0.270 2.684
5 6 -0.304 -0.454 2.571
5 7 -0.213 -0.515 2.417
5 8 -0.181 -0.540 2.363
5 9 0.082 -0.269 2.742
5 10 0.162 -0.479 2.657
5 11 0.277 -0.601 2.569
5 12 0.284 -0.652 2.537
5 13 -0.124 -0.530 2.577
5 14 -0.185 -0.523 2.266
5 15 -0.147 -0.723 2.033
5 16 -0.183 -0.793 1.977
5 17 0.048 -0.530 2.610
5 18 0.101 -0.584 2.193
5 19 0.094 -0.741 2.013
5 20 0.160 -0.719 2.014
6 1 -0.051 -0.459 2.620
6 2 -0.065 -0.427 2.671
6 3 -0.093 -0.168 2.750
6 4 -0.098 0.025 2.757
6 5 -0.244 -0.270 2.684
6 6 -0.304 -0.454 2.571
6 7 -0.213 -0.515 2.417
6 8 -0.180 -0.539 2.363
6 9 0.082 -0.269 2.742
6 10 0.164 -0.480 2.657
6 11 0.276 -0.602 2.568
6 12 0.283 -0.657 2.530
6 13 -0.125 -0.530 2.577
6 14 -0.185 -0.523 2.265
6 15 -0.147 -0.722 2.030
6 16 -0.184 -0.790 1.977
6 17 0.048 -0.530 2.609
6 18 0.101 -0.584 2.193
6 19 0.099 -0.733 2.014
6 20 0.165 -0.707 2.020
7 1 -0.051 -0.459 2.620
7 2 -0.065 -0.427 2.671
7 3 -0.093 -0.168 2.750
7 4 -0.098 0.025 2.756
7 5 -0.244 -0.270 2.684
7 6 -0.303 -0.454 2.571
7 7 -0.212 -0.516 2.417
7 8 -0.180 -0.539 2.363
7 9 0.082 -0.269 2.742
7 10 0.169 -0.480 2.658
7 11 0.271 -0.606 2.564
7 12 0.279 -0.662 2.523
7 13 -0.126 -0.529 2.576
7 14 -0.185 -0.523 2.265
7 15 -0.127 -0.743 2.057
7 16 -0.173 -0.804 2.007
7 17 0.046 -0.529 2.606
7 18 0.101 -0.584 2.193
7 19 0.083 -0.750 2.020
7 20 0.149 -0.737 2.012
8 1 -0.051 -0.459 2.620
8 2 -0.065 -0.427 2.671
8 3 -0.093 -0.168 2.750
8 4 -0.098 0.025 2.755
8 5 -0.244 -0.270 2.684
8 6 -0.303 -0.454 2.571
8 7 -0.212 -0.516 2.416
8 8 -0.180 -0.538 2.364
8 9 0.081 -0.269 2.742
8 10 0.169 -0.480 2.658
8 11 0.270 -0.608 2.565
8 12 0.287 -0.663 2.527
8 13 -0.127 -0.528 2.575
8 14 -0.185 -0.523 2.264
8 15 -0.129 -0.741 2.052
8 16 -0.181 -0.788 1.994
8 17 0.045 -0.529 2.604
8 18 0.101 -0.584 2.193
8 19 0.086 -0.746 2.020
8 20 0.150 -0.734 2.013
9 1 -0.052 -0.459 2.620
9 2 -0.065 -0.427 2.671
9 3 -0.093 -0.168 2.749
9 4 -0.098 0.025 2.754
9 5 -0.244 -0.270 2.684
9 6 -0.303 -0.454 2.571
9 7 -0.211 -0.516 2.416
9 8 -0.179 -0.538 2.364
9 9 0.081 -0.269 2.742
9 10 0.169 -0.480 2.657
9 11 0.270 -0.609 2.564
9 12 0.291 -0.663 2.528
9 13 -0.128 -0.527 2.573
9 14 -0.184 -0.523 2.263
9 15 -0.123 -0.744 2.057
9 16 -0.179 -0.784 2.003
9 17 0.044 -0.528 2.603
9 18 0.101 -0.584 2.193
9 19 0.086 -0.744 2.022
9 20 0.129 -0.773 1.996
10 1 -0.052 -0.459 2.619
10 2 -0.065 -0.427 2.671
10 3 -0.093 -0.169 2.749
10 4 -0.097 0.025 2.753
10 5 -0.244 -0.270 2.684
10 6 -0.303 -0.454 2.571
10 7 -0.211 -0.516 2.416
10 8 -0.179 -0.538 2.364
10 9 0.082 -0.269 2.742
10 10 0.169 -0.481 2.657
10 11 0.271 -0.608 2.564
10 12 0.301 -0.658 2.531
10 13 -0.129 -0.526 2.572
10 14 -0.184 -0.523 2.262
10 15 -0.121 -0.746 2.059
10 16 -0.176 -0.780 2.003
10 17 0.043 -0.528 2.601
10 18 0.101 -0.584 2.193
10 19 0.086 -0.742 2.023
10 20 0.118 -0.794 1.987
11 1 -0.077 -0.442 2.594
11 2 -0.085 -0.416 2.649
11 3 -0.093 -0.169 2.749
11 4 -0.097 0.025 2.752
11 5 -0.244 -0.270 2.684
11 6 -0.304 -0.454 2.571
11 7 -0.210 -0.516 2.415
11 8 -0.178 -0.537 2.364
11 9 0.082 -0.269 2.742
11 10 0.170 -0.479 2.658
11 11 0.268 -0.608 2.562
11 12 0.299 -0.655 2.528
11 13 -0.162 -0.499 2.549
11 14 -0.173 -0.534 2.242
11 15 -0.112 -0.753 2.052
11 16 -0.172 -0.779 1.996
11 17 0.013 -0.513 2.563
11 18 0.101 -0.583 2.193
11 19 0.086 -0.741 2.023
11 20 0.114 -0.802 1.984
12 1 -0.044 -0.436 2.596
12 2 -0.057 -0.411 2.649
12 3 -0.093 -0.169 2.749
12 4 -0.097 0.025 2.751
12 5 -0.244 -0.270 2.684
12 6 -0.321 -0.431 2.570
12 7 -0.218 -0.494 2.413
12 8 -0.186 -0.511 2.362
12 9 0.082 -0.269 2.742
12 10 0.194 -0.459 2.676
12 11 0.258 -0.601 2.558
12 12 0.279 -0.643 2.520
12 13 -0.114 -0.499 2.552
12 14 -0.184 -0.523 2.253
12 15 -0.136 -0.735 2.051
12 16 -0.174 -0.775 1.992
12 17 0.056 -0.501 2.567
12 18 0.101 -0.583 2.193
12 19 0.084 -0.741 2.025
12 20 0.103 -0.803 1.976
13 1 -0.025 -0.434 2.598
13 2 -0.044 -0.409 2.650
13 3 -0.093 -0.169 2.748
13 4 -0.097 0.025 2.750
13 5 -0.244 -0.270 2.684
13 6 -0.361 -0.419 2.554
13 7 -0.224 -0.442 2.365
13 8 -0.189 -0.426 2.359
13 9 0.082 -0.269 2.742
13 10 0.221 -0.407 2.707
13 11 0.261 -0.539 2.566
13 12 0.275 -0.578 2.522
13 13 -0.087 -0.501 2.556
13 14 -0.188 -0.513 2.260
13 15 -0.146 -0.724 2.051
13 16 -0.175 -0.772 1.991
13 17 0.081 -0.495 2.571
13 18 0.101 -0.583 2.194
13 19 0.083 -0.741 2.027
13 20 0.100 -0.806 1.974
14 1 -0.045 -0.449 2.611
14 2 -0.057 -0.417 2.659
14 3 -0.093 -0.169 2.747
14 4 -0.097 0.025 2.748
14 5 -0.245 -0.270 2.683
14 6 -0.388 -0.398 2.547
14 7 -0.312 -0.318 2.370
14 8 -0.240 -0.344 2.315
14 9 0.082 -0.268 2.742
14 10 0.252 -0.349 2.718
14 11 0.299 -0.456 2.559
14 12 0.317 -0.488 2.511
14 13 -0.116 -0.520 2.572
14 14 -0.178 -0.597 2.195
14 15 -0.114 -0.786 2.072
14 16 -0.160 -0.785 2.001
14 17 0.052 -0.518 2.590
14 18 0.101 -0.583 2.194
14 19 0.083 -0.736 2.024
14 20 0.096 -0.806 1.979
15 1 -0.062 -0.457 2.614
15 2 -0.069 -0.422 2.662
15 3 -0.092 -0.169 2.744
15 4 -0.096 0.025 2.747
15 5 -0.241 -0.268 2.679
15 6 -0.397 -0.351 2.556
15 7 -0.394 -0.261 2.369
15 8 -0.290 -0.250 2.245
15 9 0.085 -0.264 2.743
15 10 0.279 -0.289 2.731
15 11 0.366 -0.353 2.571
15 12 0.397 -0.372 2.523
15 13 -0.146 -0.527 2.577
15 14 -0.175 -0.628 2.166
15 15 -0.094 -0.814 2.078
15 16 -0.151 -0.790 2.005
15 17 0.019 -0.532 2.590
15 18 0.101 -0.583 2.194
15 19 0.083 -0.734 2.023
15 20 0.093 -0.805 1.984
16 1 -0.067 -0.458 2.617
16 2 -0.074 -0.423 2.665
16 3 -0.091 -0.168 2.741
16 4 -0.095 0.026 2.741
16 5 -0.238 -0.263 2.674
16 6 -0.418 -0.288 2.552
16 7 -0.465 -0.172 2.374
16 8 -0.372 -0.164 2.263
16 9 0.093 -0.254 2.744
16 10 0.302 -0.237 2.732
16 11 0.429 -0.226 2.585
16 12 0.473 -0.221 2.541
16 13 -0.154 -0.529 2.580
16 14 -0.174 -0.644 2.154
16 15 -0.086 -0.826 2.082
16 16 -0.145 -0.793 2.008
16 17 0.013 -0.535 2.596
16 18 0.101 -0.583 2.195
16 19 0.083 -0.732 2.022
16 20 0.092 -0.804 1.988
17 1 -0.070 -0.439 2.613
17 2 -0.077 -0.414 2.663
17 3 -0.089 -0.168 2.737
17 4 -0.090 0.027 2.732
17 5 -0.241 -0.248 2.666
17 6 -0.432 -0.206 2.542
17 7 -0.464 -0.088 2.373
17 8 -0.422 -0.020 2.211
17 9 0.107 -0.232 2.746
17 10 0.312 -0.216 2.734
17 11 0.442 -0.121 2.605
17 12 0.497 -0.080 2.567
17 13 -0.159 -0.508 2.572
17 14 -0.176 -0.646 2.143
17 15 -0.116 -0.801 2.031
17 16 -0.162 -0.790 1.978
17 17 0.016 -0.519 2.589
17 18 0.100 -0.582 2.195
17 19 0.093 -0.735 2.018
17 20 0.091 -0.804 1.990
18 1 -0.071 -0.428 2.611
18 2 -0.079 -0.406 2.661
18 3 -0.087 -0.165 2.731
18 4 -0.083 0.032 2.715
18 5 -0.245 -0.233 2.658
18 6 -0.433 -0.114 2.511
18 7 -0.469 0.036 2.321
18 8 -0.455 0.096 2.225
18 9 0.116 -0.218 2.746
18 10 0.349 -0.150 2.715
18 11 0.480 -0.001 2.535
18 12 0.511 0.043 2.505
18 13 -0.161 -0.497 2.568
18 14 -0.178 -0.640 2.139
18 15 -0.133 -0.789 2.005
18 16 -0.173 -0.787 1.955
18 17 0.018 -0.510 2.583
18 18 0.100 -0.582 2.195
18 19 0.099 -0.730 2.013
18 20 0.090 -0.801 1.992
19 1 -0.072 -0.420 2.609
19 2 -0.079 -0.397 2.659
19 3 -0.081 -0.160 2.722
19 4 -0.074 0.039 2.693
19 5 -0.247 -0.219 2.650
19 6 -0.430 -0.041 2.493
19 7 -0.475 0.136 2.331
19 8 -0.476 0.187 2.287
19 9 0.123 -0.205 2.743
19 10 0.366 -0.081 2.698
19 11 0.471 0.095 2.571
19 12 0.493 0.156 2.537
19 13 -0.161 -0.490 2.565
19 14 -0.181 -0.629 2.140
19 15 -0.153 -0.770 1.982
19 16 -0.178 -0.790 1.941
19 17 0.021 -0.503 2.579
19 18 0.098 -0.582 2.195
19 19 0.103 -0.727 2.010
19 20 0.091 -0.799 1.993
20 1 -0.070 -0.413 2.606
20 2 -0.078 -0.387 2.655
20 3 -0.072 -0.147 2.701
20 4 -0.065 0.056 2.666
20 5 -0.248 -0.201 2.641
20 6 -0.426 -0.019 2.489
20 7 -0.464 0.206 2.374
20 8 -0.478 0.255 2.357
20 9 0.129 -0.195 2.739
20 10 0.373 -0.048 2.692
20 11 0.447 0.184 2.617
20 12 0.459 0.237 2.604
20 13 -0.161 -0.484 2.563
20 14 -0.183 -0.611 2.147
20 15 -0.160 -0.760 1.976
20 16 -0.156 -0.787 1.926
20 17 0.023 -0.499 2.577
20 18 0.097 -0.580 2.194
20 19 0.104 -0.729 2.010
20 20 0.104 -0.781 1.963
21 1 -0.068 -0.407 2.603
21 2 -0.076 -0.377 2.650
21 3 -0.064 -0.139 2.685
21 4 -0.057 0.065 2.645
21 5 -0.247 -0.191 2.635
21 6 -0.423 -0.008 2.491
21 7 -0.439 0.227 2.448
21 8 -0.455 0.298 2.442
21 9 0.133 -0.186 2.733
21 10 0.364 -0.017 2.698
21 11 0.396 0.185 2.683
21 12 0.398 0.260 2.679
21 13 -0.160 -0.479 2.560
21 14 -0.184 -0.597 2.153
21 15 -0.162 -0.752 1.977
21 16 -0.144 -0.785 1.921
21 17 0.025 -0.495 2.575
21 18 0.095 -0.579 2.194
21 19 0.105 -0.728 2.009
21 20 0.115 -0.761 1.947
22 1 -0.067 -0.402 2.600
22 2 -0.074 -0.370 2.646
22 3 -0.060 -0.132 2.668
22 4 -0.051 0.069 2.628
22 5 -0.245 -0.183 2.627
22 6 -0.420 -0.008 2.495
22 7 -0.404 0.225 2.517
22 8 -0.412 0.296 2.529
22 9 0.137 -0.180 2.725
22 10 0.351 -0.011 2.703
22 11 0.346 0.174 2.740
22 12 0.351 0.288 2.739
22 13 -0.159 -0.476 2.559
22 14 -0.185 -0.589 2.155
22 15 -0.158 -0.748 1.984
22 16 -0.133 -0.783 1.921
22 17 0.027 -0.492 2.574
22 18 0.094 -0.577 2.192
22 19 0.105 -0.728 2.009
22 20 0.120 -0.754 1.940
23 1 -0.063 -0.398 2.596
23 2 -0.071 -0.364 2.640
23 3 -0.057 -0.128 2.657
23 4 -0.047 0.074 2.609
23 5 -0.242 -0.178 2.619
23 6 -0.416 -0.019 2.503
23 7 -0.363 0.180 2.584
23 8 -0.356 0.246 2.617
23 9 0.141 -0.176 2.714
23 10 0.341 -0.008 2.706
23 11 0.245 0.198 2.804
23 12 0.235 0.253 2.818
23 13 -0.156 -0.473 2.556
23 14 -0.185 -0.585 2.155
23 15 -0.145 -0.754 1.999
23 16 -0.120 -0.788 1.927
23 17 0.030 -0.489 2.573
23 18 0.093 -0.575 2.190
23 19 0.106 -0.728 2.009
23 20 0.122 -0.750 1.936
24 1 -0.061 -0.395 2.592
24 2 -0.068 -0.360 2.635
24 3 -0.055 -0.127 2.647
24 4 -0.044 0.073 2.594
24 5 -0.238 -0.179 2.607
24 6 -0.406 -0.046 2.503
24 7 -0.328 0.104 2.609
24 8 -0.303 0.150 2.660
24 9 0.144 -0.175 2.703
24 10 0.322 -0.024 2.704
24 11 0.219 0.115 2.803
24 12 0.197 0.194 2.841
24 13 -0.154 -0.471 2.554
24 14 -0.185 -0.582 2.155
24 15 -0.142 -0.757 2.002
24 16 -0.097 -0.806 1.956
24 17 0.032 -0.488 2.572
24 18 0.093 -0.574 2.188
24 19 0.106 -0.731 2.010
24 20 0.124 -0.751 1.934
25 1 -0.054 -0.387 2.584
25 2 -0.063 -0.355 2.628
25 3 -0.053 -0.128 2.638
25 4 -0.044 0.072 2.583
25 5 -0.233 -0.183 2.594
25 6 -0.400 -0.064 2.499
25 7 -0.300 0.054 2.626
25 8 -0.287 0.067 2.638
25 9 0.146 -0.175 2.695
25 10 0.325 -0.076 2.680
25 11 0.167 0.063 2.809
25 12 0.144 0.125 2.851
25 13 -0.147 -0.465 2.549
25 14 -0.183 -0.582 2.153
25 15 -0.137 -0.760 2.004
25 16 -0.092 -0.808 1.956
25 17 0.042 -0.474 2.567
25 18 0.096 -0.581 2.178
25 19 0.102 -0.754 2.015
25 20 0.114 -0.780 1.947
26 1 -0.049 -0.380 2.579
26 2 -0.060 -0.350 2.622
26 3 -0.051 -0.129 2.631
26 4 -0.045 0.072 2.576
26 5 -0.230 -0.186 2.586
26 6 -0.395 -0.076 2.493
26 7 -0.293 0.026 2.614
26 8 -0.257 0.060 2.661
26 9 0.149 -0.166 2.686
26 10 0.326 -0.085 2.674
26 11 0.162 0.023 2.776
26 12 0.133 0.068 2.818
26 13 -0.143 -0.461 2.546
26 14 -0.182 -0.582 2.151
26 15 -0.130 -0.764 2.008
26 16 -0.090 -0.809 1.956
26 17 0.049 -0.464 2.563
26 18 0.098 -0.587 2.171
26 19 0.100 -0.766 2.017
26 20 0.107 -0.797 1.954
27 1 -0.046 -0.376 2.575
27 2 -0.057 -0.346 2.618
27 3 -0.050 -0.130 2.626
27 4 -0.047 0.070 2.571
27 5 -0.228 -0.188 2.581
27 6 -0.391 -0.081 2.488
27 7 -0.294 0.047 2.569
27 8 -0.264 0.092 2.618
27 9 0.150 -0.163 2.678
27 10 0.305 -0.074 2.669
27 11 0.161 0.060 2.749
27 12 0.138 0.083 2.782
27 13 -0.140 -0.459 2.543
27 14 -0.180 -0.584 2.150
27 15 -0.131 -0.769 2.011
27 16 -0.086 -0.809 1.966
27 17 0.052 -0.459 2.561
27 18 0.100 -0.592 2.166
27 19 0.100 -0.773 2.018
27 20 0.103 -0.806 1.957
28 1 -0.045 -0.374 2.572
28 2 -0.056 -0.344 2.615
28 3 -0.050 -0.130 2.622
28 4 -0.049 0.069 2.569
28 5 -0.227 -0.188 2.578
28 6 -0.379 -0.065 2.477
28 7 -0.306 0.097 2.519
28 8 -0.280 0.156 2.560
28 9 0.151 -0.161 2.673
28 10 0.288 -0.022 2.662
28 11 0.155 0.095 2.724
28 12 0.150 0.141 2.745
28 13 -0.138 -0.457 2.541
28 14 -0.181 -0.580 2.185
28 15 -0.139 -0.758 2.025
28 16 -0.112 -0.786 1.969
28 17 0.054 -0.456 2.558
28 18 0.101 -0.593 2.163
28 19 0.101 -0.777 2.017
28 20 0.108 -0.809 1.954
29 1 -0.044 -0.372 2.570
29 2 -0.055 -0.342 2.613
29 3 -0.050 -0.130 2.620
29 4 -0.051 0.069 2.568
29 5 -0.227 -0.178 2.576
29 6 -0.365 -0.015 2.466
29 7 -0.319 0.159 2.476
29 8 -0.299 0.232 2.499
29 9 0.149 -0.152 2.667
29 10 0.279 0.019 2.656
29 11 0.179 0.158 2.690
29 12 0.176 0.207 2.706
29 13 -0.137 -0.456 2.540
29 14 -0.178 -0.577 2.211
29 15 -0.143 -0.751 2.033
29 16 -0.116 -0.788 1.994
29 17 0.054 -0.454 2.556
29 18 0.101 -0.594 2.161
29 19 0.101 -0.779 2.018
29 20 0.111 -0.811 1.952
30 1 -0.044 -0.369 2.569
30 2 -0.054 -0.339 2.611
30 3 -0.050 -0.129 2.618
30 4 -0.052 0.069 2.568
30 5 -0.230 -0.156 2.581
30 6 -0.352 0.036 2.464
30 7 -0.331 0.232 2.433
30 8 -0.322 0.309 2.434
30 9 0.145 -0.119 2.666
30 10 0.260 0.077 2.648
30 11 0.220 0.294 2.652
30 12 0.213 0.346 2.663
30 13 -0.137 -0.452 2.540
30 14 -0.179 -0.589 2.197
30 15 -0.156 -0.760 2.030
30 16 -0.116 -0.790 2.007
30 17 0.054 -0.450 2.554
30 18 0.102 -0.595 2.160
30 19 0.101 -0.780 2.017
30 20 0.112 -0.810 1.950
31 1 -0.045 -0.365 2.567
31 2 -0.055 -0.334 2.609
31 3 -0.054 -0.121 2.613
31 4 -0.052 0.071 2.569
31 5 -0.231 -0.142 2.586
31 6 -0.342 0.068 2.464
31 7 -0.338 0.305 2.401
31 8 -0.339 0.370 2.401
31 9 0.140 -0.096 2.667
31 10 0.247 0.104 2.645
31 11 0.257 0.329 2.610
31 12 0.258 0.402 2.613
31 13 -0.137 -0.448 2.541
31 14 -0.178 -0.590 2.200
31 15 -0.168 -0.753 2.029
31 16 -0.116 -0.790 2.014
31 17 0.052 -0.446 2.552
31 18 0.102 -0.596 2.159
31 19 0.101 -0.780 2.017
31 20 0.113 -0.810 1.948
32 1 -0.045 -0.361 2.566
32 2 -0.055 -0.329 2.607
32 3 -0.059 -0.109 2.609
32 4 -0.051 0.075 2.570
32 5 -0.231 -0.131 2.588
32 6 -0.338 0.081 2.463
32 7 -0.334 0.317 2.405
32 8 -0.336 0.372 2.406
32 9 0.137 -0.085 2.667
32 10 0.242 0.117 2.642
32 11 0.263 0.324 2.603
32 12 0.263 0.398 2.606
32 13 -0.136 -0.444 2.541
32 14 -0.178 -0.589 2.201
32 15 -0.166 -0.753 2.037
32 16 -0.116 -0.791 2.018
32 17 0.050 -0.442 2.551
32 18 0.102 -0.597 2.158
32 19 0.100 -0.780 2.016
32 20 0.113 -0.810 1.947
33 1 -0.046 -0.359 2.565
33 2 -0.056 -0.325 2.606
33 3 -0.058 -0.099 2.606
33 4 -0.050 0.080 2.570
33 5 -0.230 -0.125 2.589
33 6 -0.338 0.075 2.461
33 7 -0.313 0.258 2.430
33 8 -0.296 0.322 2.444
33 9 0.136 -0.079 2.666
33 10 0.246 0.113 2.632
33 11 0.231 0.348 2.602
33 12 0.221 0.409 2.611
33 13 -0.136 -0.440 2.541
33 14 -0.177 -0.586 2.200
33 15 -0.161 -0.752 2.044
33 16 -0.123 -0.786 2.005
33 17 0.049 -0.439 2.550
33 18 0.101 -0.597 2.158
33 19 0.099 -0.780 2.016
33 20 0.112 -0.809 1.946
34 1 -0.046 -0.357 2.564
34 2 -0.056 -0.322 2.604
34 3 -0.058 -0.092 2.604
34 4 -0.048 0.085 2.568
34 5 -0.228 -0.121 2.588
34 6 -0.345 0.043 2.454
34 7 -0.281 0.261 2.465
34 8 -0.251 0.293 2.500
34 9 0.136 -0.076 2.665
34 10 0.270 0.080 2.617
34 11 0.218 0.276 2.609
34 12 0.190 0.342 2.612
34 13 -0.135 -0.437 2.539
34 14 -0.177 -0.579 2.185
34 15 -0.156 -0.752 2.045
34 16 -0.126 -0.785 1.986
34 17 0.048 -0.437 2.549
34 18 0.100 -0.595 2.158
34 19 0.097 -0.777 2.016
34 20 0.111 -0.806 1.946
35 1 -0.046 -0.354 2.561
35 2 -0.056 -0.319 2.601
35 3 -0.058 -0.088 2.602
35 4 -0.048 0.089 2.565
35 5 -0.224 -0.129 2.577
35 6 -0.353 0.014 2.446
35 7 -0.267 0.201 2.473
35 8 -0.231 0.246 2.508
35 9 0.141 -0.094 2.655
35 10 0.293 0.049 2.603
35 11 0.189 0.210 2.606
35 12 0.157 0.289 2.605
35 13 -0.135 -0.434 2.534
35 14 -0.176 -0.575 2.176
35 15 -0.153 -0.752 2.042
35 16 -0.122 -0.789 1.987
35 17 0.048 -0.435 2.547
35 18 0.099 -0.593 2.160
35 19 0.095 -0.774 2.018
35 20 0.110 -0.803 1.947
36 1 -0.046 -0.344 2.551
36 2 -0.055 -0.312 2.593
36 3 -0.059 -0.086 2.598
36 4 -0.050 0.092 2.556
36 5 -0.219 -0.145 2.561
36 6 -0.361 -0.031 2.434
36 7 -0.251 0.117 2.493
36 8 -0.209 0.163 2.538
36 9 0.149 -0.131 2.636
36 10 0.308 -0.019 2.593
36 11 0.171 0.133 2.607
36 12 0.131 0.201 2.608
36 13 -0.131 -0.414 2.507
36 14 -0.176 -0.573 2.170
36 15 -0.150 -0.753 2.040
36 16 -0.124 -0.789 1.976
36 17 0.048 -0.432 2.545
36 18 0.099 -0.591 2.160
36 19 0.094 -0.772 2.020
36 20 0.109 -0.801 1.949
37 1 -0.045 -0.340 2.544
37 2 -0.054 -0.309 2.587
37 3 -0.056 -0.091 2.592
37 4 -0.044 0.093 2.553
37 5 -0.215 -0.157 2.551
37 6 -0.363 -0.058 2.427
37 7 -0.247 0.065 2.502
37 8 -0.202 0.129 2.548
37 9 0.154 -0.152 2.626
37 10 0.316 -0.063 2.588
37 11 0.159 0.060 2.596
37 12 0.118 0.134 2.600
37 13 -0.129 -0.408 2.494
37 14 -0.177 -0.575 2.157
37 15 -0.145 -0.760 2.036
37 16 -0.116 -0.796 1.976
37 17 0.049 -0.430 2.542
37 18 0.099 -0.591 2.160
37 19 0.093 -0.773 2.021
37 20 0.087 -0.808 1.962
38 1 -0.044 -0.341 2.536
38 2 -0.053 -0.311 2.579
38 3 -0.051 -0.101 2.586
38 4 -0.041 0.089 2.545
38 5 -0.210 -0.177 2.538
38 6 -0.364 -0.075 2.423
38 7 -0.245 0.041 2.505
38 8 -0.203 0.098 2.554
38 9 0.156 -0.165 2.619
38 10 0.320 -0.079 2.585
38 11 0.162 0.047 2.588
38 12 0.113 0.109 2.595
38 13 -0.128 -0.410 2.485
38 14 -0.178 -0.579 2.149
38 15 -0.142 -0.768 2.031
38 16 -0.100 -0.806 1.986
38 17 0.049 -0.431 2.537
38 18 0.099 -0.592 2.161
38 19 0.092 -0.775 2.023
38 20 0.078 -0.810 1.966
39 1 -0.042 -0.361 2.524
39 2 -0.050 -0.326 2.569
39 3 -0.048 -0.109 2.582
39 4 -0.040 0.085 2.541
39 5 -0.207 -0.185 2.533
39 6 -0.364 -0.084 2.420
39 7 -0.281 0.073 2.451
39 8 -0.248 0.135 2.487
39 9 0.157 -0.172 2.615
39 10 0.322 -0.075 2.580
39 11 0.214 0.096 2.560
39 12 0.157 0.132 2.569
39 13 -0.129 -0.433 2.479
39 14 -0.179 -0.584 2.144
39 15 -0.139 -0.775 2.026
39 16 -0.087 -0.812 1.996
39 17 0.050 -0.456 2.521
39 18 0.099 -0.592 2.161
39 19 0.090 -0.777 2.024
39 20 0.068 -0.815 1.973
40 1 -0.041 -0.371 2.519
40 2 -0.049 -0.335 2.563
40 3 -0.046 -0.114 2.579
40 4 -0.039 0.082 2.537
40 5 -0.206 -0.190 2.530
40 6 -0.364 -0.084 2.416
40 7 -0.312 0.093 2.414
40 8 -0.288 0.166 2.434
40 9 0.159 -0.175 2.612
40 10 0.324 -0.066 2.575
40 11 0.253 0.169 2.532
40 12 0.218 0.235 2.543
40 13 -0.129 -0.447 2.477
40 14 -0.182 -0.595 2.136
40 15 -0.135 -0.785 2.021
40 16 -0.070 -0.799 2.011
40 17 0.051 -0.466 2.514
40 18 0.099 -0.593 2.161
40 19 0.090 -0.780 2.027
40 20 0.059 -0.814 1.979
41 1 -0.040 -0.376 2.516
41 2 -0.048 -0.339 2.561
41 3 -0.044 -0.117 2.577
41 4 -0.039 0.079 2.534
41 5 -0.208 -0.185 2.531
41 6 -0.361 -0.043 2.414
41 7 -0.351 0.175 2.356
41 8 -0.348 0.251 2.346
41 9 0.157 -0.162 2.611
41 10 0.308 0.016 2.561
41 11 0.319 0.208 2.492
41 12 0.285 0.273 2.506
41 13 -0.130 -0.454 2.480
41 14 -0.184 -0.600 2.133
41 15 -0.133 -0.790 2.018
41 16 -0.064 -0.802 2.015
41 17 0.050 -0.470 2.511
41 18 0.100 -0.597 2.161
41 19 0.089 -0.785 2.028
41 20 0.055 -0.811 1.979
42 1 -0.041 -0.377 2.516
42 2 -0.047 -0.341 2.559
42 3 -0.043 -0.119 2.576
42 4 -0.039 0.078 2.532
42 5 -0.215 -0.155 2.539
42 6 -0.352 0.022 2.411
42 7 -0.394 0.247 2.297
42 8 -0.406 0.310 2.273
42 9 0.149 -0.130 2.611
42 10 0.296 0.075 2.551
42 11 0.379 0.302 2.475
42 12 0.378 0.357 2.482
42 13 -0.133 -0.453 2.488
42 14 -0.185 -0.602 2.135
42 15 -0.132 -0.791 2.017
42 16 -0.074 -0.814 2.015
42 17 0.049 -0.469 2.509
42 18 0.101 -0.600 2.161
42 19 0.088 -0.788 2.028
42 20 0.052 -0.812 1.980
43 1 -0.042 -0.375 2.518
43 2 -0.047 -0.340 2.560
43 3 -0.042 -0.118 2.575
43 4 -0.039 0.079 2.528
43 5 -0.217 -0.138 2.544
43 6 -0.347 0.059 2.410
43 7 -0.418 0.279 2.278
43 8 -0.439 0.325 2.259
43 9 0.140 -0.105 2.611
43 10 0.287 0.116 2.545
43 11 0.411 0.346 2.484
43 12 0.434 0.395 2.489
43 13 -0.134 -0.448 2.496
43 14 -0.184 -0.600 2.143
43 15 -0.134 -0.788 2.018
43 16 -0.108 -0.809 1.981
43 17 0.046 -0.462 2.510
43 18 0.102 -0.603 2.160
43 19 0.086 -0.791 2.029
43 20 0.063 -0.810 1.975
44 1 -0.042 -0.372 2.520
44 2 -0.048 -0.337 2.562
44 3 -0.042 -0.112 2.574
44 4 -0.040 0.082 2.524
44 5 -0.218 -0.125 2.548
44 6 -0.346 0.073 2.409
44 7 -0.426 0.276 2.293
44 8 -0.449 0.321 2.275
44 9 0.137 -0.094 2.611
44 10 0.284 0.132 2.542
44 11 0.412 0.339 2.507
44 12 0.438 0.385 2.517
44 13 -0.135 -0.444 2.502
44 14 -0.181 -0.592 2.156
44 15 -0.138 -0.779 2.024
44 16 -0.130 -0.800 1.963
44 17 0.044 -0.455 2.511
44 18 0.102 -0.602 2.163
44 19 0.086 -0.791 2.034
44 20 0.067 -0.812 1.980
45 1 -0.042 -0.368 2.522
45 2 -0.047 -0.332 2.563
45 3 -0.041 -0.103 2.571
45 4 -0.040 0.090 2.518
45 5 -0.218 -0.118 2.550
45 6 -0.373 0.061 2.420
45 7 -0.428 0.256 2.343
45 8 -0.445 0.318 2.317
45 9 0.135 -0.087 2.611
45 10 0.310 0.109 2.565
45 11 0.395 0.313 2.551
45 12 0.410 0.378 2.564
45 13 -0.135 -0.441 2.505
45 14 -0.178 -0.588 2.163
45 15 -0.139 -0.774 2.030
45 16 -0.137 -0.798 1.958
45 17 0.044 -0.446 2.513
45 18 0.102 -0.600 2.167
45 19 0.085 -0.788 2.038
45 20 0.080 -0.810 1.979
46 1 -0.042 -0.364 2.523
46 2 -0.047 -0.328 2.564
46 3 -0.041 -0.096 2.569
46 4 -0.040 0.097 2.512
46 5 -0.219 -0.114 2.551
46 6 -0.398 0.041 2.433
46 7 -0.422 0.238 2.385
46 8 -0.422 0.304 2.372
46 9 0.134 -0.083 2.611
46 10 0.330 0.085 2.579
46 11 0.363 0.266 2.584
46 12 0.363 0.333 2.598
46 13 -0.134 -0.440 2.506
46 14 -0.177 -0.584 2.166
46 15 -0.140 -0.771 2.033
46 16 -0.141 -0.797 1.955
46 17 0.045 -0.441 2.514
46 18 0.103 -0.597 2.169
46 19 0.084 -0.786 2.040
46 20 0.087 -0.808 1.977
47 1 -0.042 -0.362 2.523
47 2 -0.047 -0.325 2.564
47 3 -0.041 -0.091 2.566
47 4 -0.040 0.103 2.508
47 5 -0.219 -0.112 2.551
47 6 -0.416 0.011 2.447
47 7 -0.398 0.202 2.440
47 8 -0.390 0.277 2.436
47 9 0.136 -0.083 2.611
47 10 0.348 0.054 2.592
47 11 0.322 0.232 2.623
47 12 0.306 0.304 2.636
47 13 -0.133 -0.439 2.505
47 14 -0.176 -0.583 2.168
47 15 -0.140 -0.769 2.035
47 16 -0.143 -0.796 1.954
47 17 0.046 -0.438 2.515
47 18 0.103 -0.597 2.170
47 19 0.084 -0.785 2.041
47 20 0.091 -0.809 1.975
48 1 -0.042 -0.361 2.522
48 2 -0.047 -0.324 2.563
48 3 -0.041 -0.088 2.563
48 4 -0.040 0.106 2.505
48 5 -0.219 -0.116 2.547
48 6 -0.422 -0.011 2.454
48 7 -0.357 0.156 2.491
48 8 -0.330 0.229 2.507
48 9 0.142 -0.091 2.610
48 10 0.354 0.037 2.600
48 11 0.308 0.201 2.649
48 12 0.268 0.267 2.665
48 13 -0.133 -0.440 2.501
48 14 -0.176 -0.582 2.162
48 15 -0.140 -0.770 2.036
48 16 -0.119 -0.813 1.981
48 17 0.046 -0.436 2.515
48 18 0.103 -0.597 2.171
48 19 0.083 -0.785 2.042
48 20 0.094 -0.809 1.974
49 1 -0.041 -0.360 2.521
49 2 -0.047 -0.322 2.561
49 3 -0.041 -0.087 2.559
49 4 -0.040 0.107 2.503
49 5 -0.218 -0.138 2.534
49 6 -0.415 -0.039 2.453
49 7 -0.312 0.109 2.515
49 8 -0.294 0.148 2.528
49 9 0.150 -0.109 2.608
49 10 0.349 0.017 2.604
49 11 0.222 0.160 2.659
49 12 0.166 0.221 2.673
49 13 -0.132 -0.441 2.495
49 14 -0.176 -0.582 2.157
49 15 -0.139 -0.771 2.037
49 16 -0.100 -0.819 1.999
49 17 0.047 -0.435 2.514
49 18 0.103 -0.596 2.171
49 19 0.083 -0.785 2.043
49 20 0.081 -0.816 1.981
50 1 -0.041 -0.359 2.517
50 2 -0.047 -0.322 2.558
50 3 -0.040 -0.090 2.556
50 4 -0.039 0.106 2.502
50 5 -0.214 -0.157 2.525
50 6 -0.397 -0.058 2.444
50 7 -0.265 0.068 2.526
50 8 -0.233 0.117 2.557
50 9 0.156 -0.136 2.602
50 10 0.341 0.002 2.602
50 11 0.167 0.116 2.643
50 12 0.110 0.177 2.658
50 13 -0.133 -0.442 2.483
50 14 -0.179 -0.586 2.150
50 15 -0.139 -0.774 2.034
50 16 -0.085 -0.820 2.010
50 17 0.049 -0.434 2.511
50 18 0.103 -0.597 2.171
50 19 0.083 -0.785 2.043
50 20 0.075 -0.819 1.983
51 1 -0.041 -0.358 2.515
51 2 -0.046 -0.321 2.556
51 3 -0.039 -0.094 2.553
51 4 -0.040 0.102 2.502
51 5 -0.212 -0.167 2.521
51 6 -0.377 -0.068 2.428
51 7 -0.226 0.104 2.509
51 8 -0.210 0.144 2.549
51 9 0.159 -0.148 2.599
51 10 0.333 -0.004 2.597
51 11 0.171 0.127 2.602
51 12 0.096 0.169 2.636
51 13 -0.133 -0.442 2.475
51 14 -0.180 -0.588 2.147
51 15 -0.139 -0.777 2.031
51 16 -0.078 -0.821 2.017
51 17 0.049 -0.434 2.510
51 18 0.103 -0.597 2.171
51 19 0.082 -0.785 2.043
51 20 0.070 -0.820 1.984
52 1 -0.040 -0.359 2.512
52 2 -0.046 -0.322 2.554
52 3 -0.038 -0.099 2.553
52 4 -0.041 0.097 2.503
52 5 -0.211 -0.173 2.519
52 6 -0.362 -0.071 2.413
52 7 -0.251 0.101 2.414
52 8 -0.226 0.161 2.438
52 9 0.160 -0.155 2.597
52 10 0.323 -0.003 2.584
52 11 0.199 0.155 2.556
52 12 0.178 0.229 2.560
52 13 -0.133 -0.443 2.469
52 14 -0.181 -0.590 2.145
52 15 -0.133 -0.798 2.019
52 16 -0.091 -0.844 1.972
52 17 0.050 -0.434 2.508
52 18 0.103 -0.597 2.171
52 19 0.082 -0.785 2.043
52 20 0.075 -0.820 1.981
53 1 -0.040 -0.361 2.511
53 2 -0.047 -0.325 2.552
53 3 -0.038 -0.103 2.554
53 4 -0.042 0.091 2.507
53 5 -0.210 -0.177 2.518
53 6 -0.349 -0.063 2.398
53 7 -0.272 0.119 2.362
53 8 -0.254 0.189 2.372
53 9 0.161 -0.159 2.596
53 10 0.313 0.011 2.564
53 11 0.294 0.191 2.497
53 12 0.239 0.247 2.507
53 13 -0.133 -0.446 2.466
53 14 -0.182 -0.592 2.144
53 15 -0.133 -0.801 2.017
53 16 -0.089 -0.841 1.991
53 17 0.051 -0.436 2.507
53 18 0.103 -0.596 2.171
53 19 0.082 -0.785 2.043
53 20 0.078 -0.819 1.978
54 1 -0.040 -0.364 2.510
54 2 -0.047 -0.328 2.552
54 3 -0.038 -0.107 2.556
54 4 -0.043 0.087 2.511
54 5 -0.209 -0.177 2.520
54 6 -0.342 -0.055 2.390
54 7 -0.309 0.151 2.279
54 8 -0.305 0.220 2.256
54 9 0.157 -0.155 2.599
54 10 0.310 0.028 2.551
54 11 0.350 0.247 2.449
54 12 0.353 0.310 2.444
54 13 -0.132 -0.450 2.468
54 14 -0.182 -0.592 2.146
54 15 -0.135 -0.795 2.017
54 16 -0.092 -0.838 2.001
54 17 0.051 -0.438 2.507
54 18 0.103 -0.594 2.172
54 19 0.081 -0.783 2.044
54 20 0.083 -0.813 1.977
55 1 -0.040 -0.366 2.511
55 2 -0.047 -0.330 2.553
55 3 -0.039 -0.108 2.560
55 4 -0.043 0.085 2.515
55 5 -0.210 -0.172 2.526
55 6 -0.342 -0.043 2.386
55 7 -0.352 0.171 2.224
55 8 -0.356 0.231 2.188
55 9 0.151 -0.147 2.605
55 10 0.310 0.035 2.545
55 11 0.415 0.251 2.438
55 12 0.442 0.311 2.424
55 13 -0.132 -0.454 2.474
55 14 -0.183 -0.593 2.148
55 15 -0.137 -0.789 2.018
55 16 -0.095 -0.835 2.007
55 17 0.051 -0.440 2.508
55 18 0.103 -0.592 2.173
55 19 0.081 -0.780 2.045
55 20 0.087 -0.809 1.977
56 1 -0.041 -0.369 2.514
56 2 -0.048 -0.332 2.556
56 3 -0.040 -0.109 2.563
56 4 -0.044 0.084 2.518
56 5 -0.211 -0.167 2.532
56 6 -0.350 -0.035 2.385
56 7 -0.383 0.157 2.227
56 8 -0.389 0.209 2.192
56 9 0.146 -0.139 2.609
56 10 0.324 0.023 2.549
56 11 0.432 0.236 2.454
56 12 0.456 0.297 2.443
56 13 -0.132 -0.458 2.485
56 14 -0.182 -0.593 2.150
56 15 -0.137 -0.785 2.020
56 16 -0.097 -0.833 2.010
56 17 0.051 -0.442 2.510
56 18 0.103 -0.591 2.174
56 19 0.081 -0.779 2.045
56 20 0.089 -0.807 1.976
57 1 -0.042 -0.372 2.517
57 2 -0.048 -0.334 2.558
57 3 -0.041 -0.109 2.565
57 4 -0.044 0.083 2.520
57 5 -0.212 -0.163 2.537
57 6 -0.387 -0.043 2.397
57 7 -0.398 0.139 2.251
57 8 -0.397 0.193 2.217
57 9 0.143 -0.135 2.612
57 10 0.347 -0.015 2.568
57 11 0.409 0.163 2.506
57 12 0.421 0.231 2.497
57 13 -0.132 -0.461 2.493
57 14 -0.182 -0.592 2.152
57 15 -0.136 -0.782 2.024
57 16 -0.090 -0.823 2.014
57 17 0.050 -0.445 2.513
57 18 0.103 -0.589 2.175
57 19 0.080 -0.777 2.046
57 20 0.091 -0.805 1.976
58 1 -0.042 -0.374 2.520
58 2 -0.049 -0.336 2.560
58 3 -0.042 -0.109 2.567
58 4 -0.044 0.083 2.522
58 5 -0.213 -0.160 2.539
58 6 -0.420 -0.069 2.430
58 7 -0.408 0.111 2.302
58 8 -0.393 0.171 2.269
58 9 0.142 -0.133 2.614
58 10 0.361 -0.055 2.588
58 11 0.395 0.138 2.534
58 12 0.389 0.210 2.529
58 13 -0.133 -0.463 2.498
58 14 -0.181 -0.593 2.153
58 15 -0.135 -0.780 2.025
58 16 -0.086 -0.819 2.015
58 17 0.049 -0.448 2.516
58 18 0.103 -0.589 2.176
58 19 0.080 -0.776 2.046
58 20 0.092 -0.803 1.975
59 1 -0.044 -0.376 2.522
59 2 -0.050 -0.338 2.562
59 3 -0.043 -0.109 2.568
59 4 -0.044 0.083 2.523
59 5 -0.214 -0.158 2.541
59 6 -0.436 -0.084 2.450
59 7 -0.411 0.087 2.350
59 8 -0.389 0.150 2.316
59 9 0.141 -0.135 2.615
59 10 0.366 -0.075 2.600
59 11 0.343 0.118 2.578
59 12 0.324 0.190 2.572
59 13 -0.134 -0.465 2.501
59 14 -0.179 -0.593 2.153
59 15 -0.134 -0.780 2.026
59 16 -0.084 -0.818 2.014
59 17 0.046 -0.454 2.520
59 18 0.103 -0.588 2.177
59 19 0.081 -0.775 2.045
59 20 0.094 -0.802 1.974
60 1 -0.046 -0.380 2.524
60 2 -0.052 -0.340 2.564
60 3 -0.043 -0.109 2.569
60 4 -0.044 0.083 2.524
60 5 -0.215 -0.158 2.542
60 6 -0.444 -0.090 2.458
60 7 -0.393 0.073 2.402
60 8 -0.360 0.139 2.387
60 9 0.142 -0.143 2.616
60 10 0.367 -0.090 2.609
60 11 0.264 0.115 2.617
60 12 0.239 0.173 2.615
60 13 -0.137 -0.467 2.503
60 14 -0.178 -0.594 2.153
60 15 -0.133 -0.780 2.027
60 16 -0.083 -0.818 2.011
60 17 0.042 -0.461 2.523
60 18 0.103 -0.588 2.177
60 19 0.081 -0.774 2.045
60 20 0.095 -0.801 1.973
61 1 -0.047 -0.383 2.525
61 2 -0.053 -0.343 2.565
61 3 -0.043 -0.110 2.569
61 4 -0.044 0.082 2.525
61 5 -0.216 -0.159 2.542
61 6 -0.448 -0.093 2.464
61 7 -0.378 0.070 2.435
61 8 -0.335 0.139 2.436
61 9 0.144 -0.153 2.616
61 10 0.366 -0.099 2.614
61 11 0.214 0.117 2.639
61 12 0.174 0.162 2.643
61 13 -0.139 -0.469 2.504
61 14 -0.176 -0.594 2.152
61 15 -0.132 -0.780 2.027
61 16 -0.082 -0.818 2.010
61 17 0.040 -0.466 2.524
61 18 0.103 -0.588 2.177
61 19 0.081 -0.774 2.044
61 20 0.096 -0.801 1.973
62 1 -0.049 -0.387 2.527
62 2 -0.055 -0.346 2.566
62 3 -0.043 -0.111 2.569
62 4 -0.043 0.081 2.526
62 5 -0.217 -0.162 2.541
62 6 -0.443 -0.088 2.466
62 7 -0.367 0.079 2.448
62 8 -0.328 0.153 2.447
62 9 0.146 -0.161 2.616
62 10 0.362 -0.100 2.617
62 11 0.207 0.124 2.637
62 12 0.175 0.170 2.638
62 13 -0.141 -0.472 2.504
62 14 -0.175 -0.595 2.152
62 15 -0.131 -0.781 2.027
62 16 -0.081 -0.819 2.009
62 17 0.035 -0.475 2.528
62 18 0.102 -0.588 2.177
62 19 0.081 -0.774 2.044
62 20 0.097 -0.801 1.972
63 1 -0.051 -0.391 2.527
63 2 -0.056 -0.349 2.567
63 3 -0.043 -0.113 2.568
63 4 -0.042 0.080 2.527
63 5 -0.218 -0.165 2.540
63 6 -0.430 -0.073 2.461
63 7 -0.377 0.126 2.435
63 8 -0.359 0.205 2.426
63 9 0.147 -0.166 2.616
63 10 0.353 -0.076 2.611
63 11 0.269 0.137 2.603
63 12 0.230 0.195 2.611
63 13 -0.143 -0.474 2.503
63 14 -0.175 -0.596 2.151
63 15 -0.131 -0.781 2.027
63 16 -0.101 -0.818 1.975
63 17 0.032 -0.479 2.529
63 18 0.103 -0.601 2.167
63 19 0.081 -0.787 2.034
63 20 0.097 -0.809 1.968
64 1 -0.052 -0.393 2.528
64 2 -0.057 -0.351 2.567
64 3 -0.043 -0.114 2.569
64 4 -0.041 0.079 2.528
64 5 -0.218 -0.167 2.539
64 6 -0.406 -0.035 2.447
64 7 -0.403 0.175 2.409
64 8 -0.410 0.242 2.390
64 9 0.148 -0.168 2.616
64 10 0.348 -0.043 2.601
64 11 0.323 0.151 2.578
64 12 0.262 0.206 2.599
64 13 -0.145 -0.476 2.503
64 14 -0.174 -0.596 2.151
64 15 -0.131 -0.781 2.027
64 16 -0.111 -0.815 1.960
64 17 0.031 -0.482 2.530
64 18 0.103 -0.603 2.166
64 19 0.081 -0.789 2.033
64 20 0.097 -0.810 1.967
65 1 -0.053 -0.393 2.529
65 2 -0.058 -0.352 2.568
65 3 -0.043 -0.115 2.571
65 4 -0.040 0.079 2.531
65 5 -0.218 -0.166 2.540
65 6 -0.394 -0.012 2.437
65 7 -0.441 0.212 2.371
65 8 -0.461 0.267 2.351
65 9 0.149 -0.166 2.620
65 10 0.340 0.003 2.588
65 11 0.389 0.205 2.531
65 12 0.391 0.267 2.521
65 13 -0.145 -0.476 2.503
65 14 -0.174 -0.595 2.151
65 15 -0.131 -0.781 2.027
65 16 -0.116 -0.812 1.953
65 17 0.031 -0.482 2.531
65 18 0.104 -0.603 2.166
65 19 0.080 -0.791 2.035
65 20 0.098 -0.815 1.977
66 1 -0.053 -0.393 2.530
66 2 -0.058 -0.352 2.570
66 3 -0.043 -0.115 2.575
66 4 -0.040 0.080 2.535
66 5 -0.218 -0.163 2.543
66 6 -0.389 -0.002 2.433
66 7 -0.476 0.219 2.335
66 8 -0.508 0.266 2.313
66 9 0.150 -0.160 2.625
66 10 0.337 0.021 2.583
66 11 0.457 0.225 2.493
66 12 0.471 0.279 2.482
66 13 -0.146 -0.475 2.503
66 14 -0.174 -0.594 2.151
66 15 -0.131 -0.780 2.027
66 16 -0.120 -0.810 1.949
66 17 0.032 -0.479 2.532
66 18 0.103 -0.593 2.172
66 19 0.080 -0.789 2.039
66 20 0.098 -0.816 1.979
67 1 -0.053 -0.391 2.532
67 2 -0.058 -0.351 2.572
67 3 -0.044 -0.112 2.582
67 4 -0.040 0.082 2.542
67 5 -0.218 -0.160 2.546
67 6 -0.390 -0.001 2.430
67 7 -0.491 0.190 2.324
67 8 -0.522 0.245 2.299
67 9 0.149 -0.152 2.631
67 10 0.337 0.029 2.580
67 11 0.468 0.179 2.495
67 12 0.494 0.244 2.479
67 13 -0.145 -0.473 2.504
67 14 -0.174 -0.592 2.152
67 15 -0.133 -0.779 2.028
67 16 -0.124 -0.807 1.947
67 17 0.033 -0.475 2.532
67 18 0.103 -0.587 2.176
67 19 0.080 -0.786 2.041
67 20 0.097 -0.815 1.980
68 1 -0.052 -0.390 2.533
68 2 -0.058 -0.350 2.573
68 3 -0.045 -0.109 2.588
68 4 -0.041 0.086 2.550
68 5 -0.219 -0.157 2.550
68 6 -0.400 -0.016 2.431
68 7 -0.495 0.172 2.326
68 8 -0.518 0.221 2.308
68 9 0.148 -0.147 2.635
68 10 0.346 -0.015 2.585
68 11 0.453 0.129 2.512
68 12 0.479 0.195 2.495
68 13 -0.145 -0.472 2.504
68 14 -0.173 -0.590 2.153
68 15 -0.134 -0.777 2.029
68 16 -0.127 -0.805 1.947
68 17 0.035 -0.471 2.533
68 18 0.102 -0.584 2.179
68 19 0.079 -0.784 2.043
68 20 0.097 -0.813 1.981
69 1 -0.052 -0.388 2.534
69 2 -0.058 -0.349 2.575
69 3 -0.046 -0.106 2.592
69 4 -0.044 0.089 2.557
69 5 -0.221 -0.157 2.554
69 6 -0.418 -0.056 2.442
69 7 -0.482 0.141 2.349
69 8 -0.496 0.196 2.334
69 9 0.146 -0.143 2.638
69 10 0.350 -0.056 2.596
69 11 0.439 0.144 2.527
69 12 0.462 0.207 2.515
69 13 -0.145 -0.470 2.505
69 14 -0.173 -0.589 2.154
69 15 -0.136 -0.776 2.028
69 16 -0.115 -0.814 1.982
69 17 0.036 -0.467 2.533
69 18 0.102 -0.582 2.181
69 19 0.080 -0.783 2.044
69 20 0.097 -0.813 1.980
70 1 -0.052 -0.388 2.535
70 2 -0.058 -0.349 2.576
70 3 -0.047 -0.104 2.595
70 4 -0.046 0.091 2.561
70 5 -0.223 -0.158 2.559
70 6 -0.434 -0.089 2.455
70 7 -0.453 0.098 2.389
70 8 -0.457 0.166 2.377
70 9 0.145 -0.142 2.639
70 10 0.352 -0.088 2.606
70 11 0.401 0.125 2.551
70 12 0.415 0.198 2.544
70 13 -0.145 -0.470 2.505
70 14 -0.172 -0.589 2.154
70 15 -0.138 -0.775 2.024
70 16 -0.105 -0.822 2.009
70 17 0.036 -0.466 2.533
70 18 0.102 -0.584 2.180
70 19 0.080 -0.783 2.044
70 20 0.097 -0.813 1.977
71 1 -0.052 -0.388 2.535
71 2 -0.058 -0.349 2.577
71 3 -0.047 -0.103 2.596
71 4 -0.048 0.092 2.564
71 5 -0.226 -0.163 2.562
71 6 -0.441 -0.108 2.464
71 7 -0.423 0.067 2.427
71 8 -0.404 0.138 2.422
71 9 0.142 -0.145 2.639
71 10 0.353 -0.102 2.611
71 11 0.335 0.118 2.577
71 12 0.349 0.193 2.571
71 13 -0.145 -0.470 2.505
71 14 -0.172 -0.589 2.153
71 15 -0.139 -0.775 2.021
71 16 -0.100 -0.825 2.019
71 17 0.037 -0.465 2.532
71 18 0.103 -0.589 2.176
71 19 0.080 -0.783 2.042
71 20 0.096 -0.813 1.974
72 1 -0.052 -0.389 2.536
72 2 -0.058 -0.350 2.577
72 3 -0.048 -0.104 2.598
72 4 -0.050 0.090 2.567
72 5 -0.230 -0.172 2.565
72 6 -0.444 -0.122 2.471
72 7 -0.379 0.042 2.462
72 8 -0.344 0.114 2.468
72 9 0.138 -0.155 2.637
72 10 0.352 -0.112 2.614
72 11 0.259 0.117 2.599
72 12 0.238 0.173 2.602
72 13 -0.145 -0.472 2.505
72 14 -0.171 -0.590 2.153
72 15 -0.139 -0.775 2.020
72 16 -0.098 -0.827 2.024
72 17 0.037 -0.466 2.532
72 18 0.103 -0.590 2.175
72 19 0.081 -0.783 2.041
72 20 0.096 -0.813 1.971
73 1 -0.052 -0.390 2.536
73 2 -0.058 -0.351 2.578
73 3 -0.049 -0.108 2.598
73 4 -0.053 0.085 2.568
73 5 -0.234 -0.181 2.566
73 6 -0.439 -0.144 2.478
73 7 -0.351 0.019 2.482
73 8 -0.295 0.079 2.503
73 9 0.136 -0.167 2.636
73 10 0.352 -0.119 2.617
73 11 0.209 0.088 2.612
73 12 0.185 0.137 2.614
73 13 -0.145 -0.474 2.505
73 14 -0.171 -0.590 2.153
73 15 -0.139 -0.775 2.018
73 16 -0.095 -0.829 2.026
73 17 0.038 -0.467 2.532
73 18 0.103 -0.592 2.174
73 19 0.084 -0.783 2.040
73 20 0.098 -0.813 1.970
74 1 -0.052 -0.391 2.537
74 2 -0.058 -0.353 2.579
74 3 -0.051 -0.114 2.597
74 4 -0.056 0.080 2.569
74 5 -0.236 -0.188 2.567
74 6 -0.436 -0.155 2.481
74 7 -0.336 0.008 2.490
74 8 -0.276 0.066 2.513
74 9 0.134 -0.175 2.636
74 10 0.350 -0.124 2.618
74 11 0.200 0.077 2.612
74 12 0.180 0.125 2.610
74 13 -0.145 -0.475 2.505
74 14 -0.171 -0.591 2.152
74 15 -0.139 -0.776 2.017
74 16 -0.094 -0.833 2.025
74 17 0.038 -0.469 2.532
74 18 0.101 -0.601 2.168
74 19 0.107 -0.792 2.031
74 20 0.073 -0.810 2.003
75 1 -0.053 -0.392 2.537
75 2 -0.059 -0.354 2.579
75 3 -0.052 -0.119 2.597
75 4 -0.058 0.076 2.569
75 5 -0.237 -0.192 2.568
75 6 -0.414 -0.132 2.473
75 7 -0.313 0.035 2.483
75 8 -0.256 0.095 2.503
75 9 0.133 -0.180 2.636
75 10 0.337 -0.113 2.612
75 11 0.207 0.074 2.599
75 12 0.150 0.116 2.617
75 13 -0.145 -0.477 2.505
75 14 -0.171 -0.592 2.151
75 15 -0.139 -0.777 2.017
75 16 -0.111 -0.821 1.979
75 17 0.038 -0.470 2.533
75 18 0.100 -0.604 2.166
75 19 0.116 -0.794 2.027
75 20 0.064 -0.816 2.019
76 1 -0.053 -0.393 2.538
76 2 -0.059 -0.356 2.581
76 3 -0.053 -0.123 2.598
76 4 -0.060 0.073 2.569
76 5 -0.238 -0.195 2.568
76 6 -0.400 -0.110 2.464
76 7 -0.302 0.057 2.461
76 8 -0.259 0.122 2.470
76 9 0.133 -0.183 2.636
76 10 0.320 -0.083 2.599
76 11 0.230 0.093 2.567
76 12 0.182 0.134 2.578
76 13 -0.146 -0.478 2.506
76 14 -0.172 -0.593 2.151
76 15 -0.139 -0.777 2.016
76 16 -0.121 -0.814 1.951
76 17 0.038 -0.472 2.534
76 18 0.100 -0.606 2.165
76 19 0.121 -0.795 2.025
76 20 0.064 -0.823 2.025
77 1 -0.054 -0.394 2.540
77 2 -0.060 -0.357 2.583
77 3 -0.053 -0.126 2.599
77 4 -0.061 0.071 2.570
77 5 -0.238 -0.197 2.568
77 6 -0.388 -0.081 2.454
77 7 -0.310 0.091 2.421
77 8 -0.273 0.155 2.428
77 9 0.132 -0.183 2.637
77 10 0.303 -0.046 2.587
77 11 0.250 0.140 2.533
77 12 0.233 0.213 2.521
77 13 -0.147 -0.479 2.507
77 14 -0.172 -0.594 2.151
77 15 -0.138 -0.779 2.017
77 16 -0.124 -0.812 1.942
77 17 0.037 -0.473 2.537
77 18 0.099 -0.607 2.164
77 19 0.124 -0.795 2.024
77 20 0.066 -0.831 2.028
78 1 -0.055 -0.395 2.543
78 2 -0.061 -0.358 2.585
78 3 -0.055 -0.127 2.601
78 4 -0.062 0.070 2.571
78 5 -0.238 -0.196 2.569
78 6 -0.380 -0.063 2.450
78 7 -0.326 0.129 2.384
78 8 -0.302 0.198 2.373
78 9 0.132 -0.180 2.640
78 10 0.289 0.011 2.572
78 11 0.280 0.200 2.500
78 12 0.265 0.271 2.484
78 13 -0.147 -0.479 2.508
78 14 -0.173 -0.594 2.150
78 15 -0.138 -0.779 2.017
78 16 -0.126 -0.810 1.936
78 17 0.036 -0.474 2.539
78 18 0.099 -0.608 2.163
78 19 0.125 -0.794 2.024
78 20 0.103 -0.822 1.989
79 1 -0.056 -0.394 2.545
79 2 -0.062 -0.358 2.588
79 3 -0.056 -0.128 2.604
79 4 -0.062 0.069 2.571
79 5 -0.238 -0.190 2.573
79 6 -0.375 -0.038 2.444
79 7 -0.337 0.152 2.365
79 8 -0.329 0.227 2.336
79 9 0.132 -0.171 2.645
79 10 0.283 0.035 2.565
79 11 0.294 0.229 2.487
79 12 0.291 0.310 2.467
79 13 -0.148 -0.479 2.510
79 14 -0.173 -0.594 2.150
79 15 -0.137 -0.779 2.018
79 16 -0.128 -0.808 1.933
79 17 0.036 -0.473 2.542
79 18 0.099 -0.608 2.163
79 19 0.125 -0.794 2.024
79 20 0.127 -0.821 1.960
80 1 -0.056 -0.393 2.547
80 2 -0.062 -0.358 2.590
80 3 -0.058 -0.126 2.606
80 4 -0.063 0.069 2.572
80 5 -0.238 -0.183 2.575
80 6 -0.373 -0.027 2.442
80 7 -0.342 0.165 2.357
80 8 -0.337 0.241 2.325
80 9 0.130 -0.164 2.647
80 10 0.279 0.047 2.562
80 11 0.295 0.232 2.492
80 12 0.289 0.306 2.482
80 13 -0.148 -0.478 2.512
80 14 -0.173 -0.594 2.150
80 15 -0.137 -0.779 2.019
80 16 -0.111 -0.818 1.973
80 17 0.036 -0.472 2.543
80 18 0.100 -0.609 2.162
80 19 0.122 -0.796 2.024
80 20 0.146 -0.816 1.956
81 1 -0.056 -0.393 2.549
81 2 -0.063 -0.357 2.592
81 3 -0.060 -0.124 2.607
81 4 -0.063 0.070 2.573
81 5 -0.237 -0.177 2.576
81 6 -0.372 -0.021 2.441
81 7 -0.344 0.170 2.370
81 8 -0.324 0.236 2.377
81 9 0.130 -0.158 2.648
81 10 0.279 0.053 2.561
81 11 0.260 0.221 2.521
81 12 0.243 0.293 2.521
81 13 -0.148 -0.477 2.514
81 14 -0.174 -0.594 2.150
81 15 -0.136 -0.779 2.020
81 16 -0.110 -0.816 1.974
81 17 0.036 -0.470 2.545
81 18 0.101 -0.604 2.165
81 19 0.117 -0.789 2.030
81 20 0.147 -0.811 1.953
82 1 -0.057 -0.392 2.549
82 2 -0.063 -0.356 2.592
82 3 -0.063 -0.119 2.606
82 4 -0.063 0.072 2.574
82 5 -0.236 -0.173 2.576
82 6 -0.374 -0.019 2.442
82 7 -0.336 0.160 2.409
82 8 -0.307 0.218 2.427
82 9 0.129 -0.154 2.648
82 10 0.288 0.010 2.577
82 11 0.244 0.183 2.544
82 12 0.229 0.255 2.543
82 13 -0.148 -0.477 2.515
82 14 -0.174 -0.593 2.150
82 15 -0.136 -0.779 2.021
82 16 -0.099 -0.822 1.995
82 17 0.036 -0.469 2.544
82 18 0.102 -0.600 2.168
82 19 0.113 -0.784 2.033
82 20 0.145 -0.807 1.953
83 1 -0.057 -0.391 2.549
83 2 -0.064 -0.354 2.591
83 3 -0.065 -0.115 2.604
83 4 -0.065 0.076 2.574
83 5 -0.236 -0.171 2.576
83 6 -0.382 -0.028 2.448
83 7 -0.323 0.137 2.452
83 8 -0.285 0.195 2.476
83 9 0.129 -0.151 2.647
83 10 0.294 -0.014 2.586
83 11 0.213 0.151 2.577
83 12 0.198 0.228 2.575
83 13 -0.147 -0.476 2.514
83 14 -0.174 -0.593 2.150
83 15 -0.135 -0.779 2.021
83 16 -0.094 -0.822 2.005
83 17 0.037 -0.467 2.543
83 18 0.102 -0.596 2.169
83 19 0.110 -0.780 2.035
83 20 0.138 -0.804 1.955
84 1 -0.056 -0.388 2.547
84 2 -0.064 -0.352 2.589
84 3 -0.066 -0.113 2.602
84 4 -0.067 0.079 2.573
84 5 -0.236 -0.169 2.574
84 6 -0.388 -0.035 2.453
84 7 -0.312 0.119 2.481
84 8 -0.265 0.171 2.515
84 9 0.130 -0.149 2.645
84 10 0.297 -0.026 2.591
84 11 0.199 0.135 2.592
84 12 0.164 0.185 2.597
84 13 -0.147 -0.474 2.513
84 14 -0.174 -0.593 2.150
84 15 -0.136 -0.778 2.021
84 16 -0.091 -0.822 2.010
84 17 0.038 -0.465 2.541
84 18 0.102 -0.594 2.171
84 19 0.107 -0.778 2.037
84 20 0.129 -0.802 1.959
85 1 -0.056 -0.387 2.545
85 2 -0.063 -0.350 2.587
85 3 -0.066 -0.111 2.599
85 4 -0.068 0.081 2.573
85 5 -0.236 -0.170 2.571
85 6 -0.392 -0.040 2.455
85 7 -0.308 0.113 2.492
85 8 -0.258 0.163 2.530
85 9 0.130 -0.148 2.642
85 10 0.298 -0.022 2.593
85 11 0.193 0.138 2.597
85 12 0.180 0.199 2.594
85 13 -0.146 -0.472 2.510
85 14 -0.174 -0.593 2.149
85 15 -0.136 -0.779 2.021
85 16 -0.088 -0.822 2.014
85 17 0.038 -0.463 2.539
85 18 0.102 -0.592 2.171
85 19 0.103 -0.777 2.039
85 20 0.121 -0.802 1.963
86 1 -0.056 -0.385 2.543
86 2 -0.063 -0.349 2.585
86 3 -0.066 -0.110 2.596
86 4 -0.069 0.082 2.572
86 5 -0.236 -0.172 2.567
86 6 -0.394 -0.041 2.456
86 7 -0.308 0.113 2.493
86 8 -0.259 0.166 2.525
86 9 0.130 -0.148 2.640
86 10 0.299 -0.012 2.593
86 11 0.219 0.166 2.572
86 12 0.189 0.203 2.588
86 13 -0.145 -0.472 2.507
86 14 -0.174 -0.593 2.149
86 15 -0.137 -0.780 2.021
86 16 -0.085 -0.821 2.016
86 17 0.039 -0.462 2.538
86 18 0.103 -0.604 2.160
86 19 0.093 -0.795 2.032
86 20 0.130 -0.785 1.998
87 1 -0.055 -0.384 2.541
87 2 -0.063 -0.348 2.584
87 3 -0.065 -0.110 2.594
87 4 -0.070 0.083 2.572
87 5 -0.236 -0.173 2.564
87 6 -0.395 -0.040 2.456
87 7 -0.330 0.137 2.446
87 8 -0.302 0.208 2.441
87 9 0.130 -0.147 2.639
87 10 0.298 0.015 2.586
87 11 0.280 0.202 2.548
87 12 0.258 0.245 2.559
87 13 -0.145 -0.471 2.505
87 14 -0.174 -0.593 2.149
87 15 -0.137 -0.781 2.022
87 16 -0.082 -0.820 2.020
87 17 0.039 -0.461 2.537
87 18 0.103 -0.605 2.159
87 19 0.090 -0.797 2.032
87 20 0.132 -0.796 2.007
88 1 -0.055 -0.384 2.541
88 2 -0.063 -0.347 2.583
88 3 -0.065 -0.109 2.593
88 4 -0.070 0.083 2.571
88 5 -0.236 -0.173 2.563
88 6 -0.395 -0.037 2.453
88 7 -0.358 0.164 2.391
88 8 -0.339 0.234 2.376
88 9 0.130 -0.145 2.636
88 10 0.295 0.038 2.578
88 11 0.351 0.257 2.512
88 12 0.354 0.305 2.514
88 13 -0.144 -0.471 2.505
88 14 -0.174 -0.593 2.149
88 15 -0.135 -0.782 2.024
88 16 -0.080 -0.820 2.020
88 17 0.039 -0.460 2.536
88 18 0.103 -0.606 2.157
88 19 0.088 -0.799 2.031
88 20 0.138 -0.798 2.012
89 1 -0.055 -0.383 2.540
89 2 -0.063 -0.346 2.582
89 3 -0.065 -0.109 2.592
89 4 -0.071 0.084 2.571
89 5 -0.236 -0.173 2.562
89 6 -0.393 -0.018 2.437
89 7 -0.390 0.198 2.326
89 8 -0.387 0.267 2.299
89 9 0.127 -0.141 2.633
89 10 0.293 0.051 2.571
89 11 0.412 0.275 2.484
89 12 0.445 0.321 2.478
89 13 -0.144 -0.471 2.504
89 14 -0.174 -0.593 2.149
89 15 -0.135 -0.782 2.024
89 16 -0.080 -0.821 2.019
89 17 0.039 -0.460 2.536
89 18 0.102 -0.605 2.159
89 19 0.087 -0.798 2.032
89 20 0.132 -0.812 2.012
90 1 -0.055 -0.383 2.540
90 2 -0.063 -0.346 2.582
90 3 -0.066 -0.108 2.591
90 4 -0.071 0.084 2.570
90 5 -0.236 -0.172 2.561
90 6 -0.393 -0.010 2.428
90 7 -0.416 0.207 2.283
90 8 -0.431 0.262 2.248
90 9 0.124 -0.135 2.630
90 10 0.293 0.057 2.567
90 11 0.435 0.245 2.482
90 12 0.474 0.284 2.474
90 13 -0.144 -0.470 2.505
90 14 -0.174 -0.593 2.149
90 15 -0.135 -0.783 2.025
90 16 -0.081 -0.822 2.018
90 17 0.039 -0.459 2.535
90 18 0.101 -0.599 2.164
90 19 0.088 -0.791 2.036
90 20 0.116 -0.812 1.995
91 1 -0.055 -0.383 2.539
91 2 -0.063 -0.345 2.582
91 3 -0.067 -0.105 2.591
91 4 -0.071 0.086 2.570
91 5 -0.237 -0.170 2.560
91 6 -0.396 -0.008 2.423
91 7 -0.424 0.201 2.274
91 8 -0.440 0.247 2.248
91 9 0.122 -0.131 2.628
91 10 0.299 0.053 2.561
91 11 0.443 0.230 2.481
91 12 0.478 0.268 2.475
91 13 -0.144 -0.470 2.505
91 14 -0.174 -0.593 2.149
91 15 -0.135 -0.782 2.024
91 16 -0.083 -0.823 2.016
91 17 0.039 -0.458 2.535
91 18 0.100 -0.595 2.167
91 19 0.089 -0.787 2.039
91 20 0.109 -0.811 1.986
92 1 -0.055 -0.382 2.539
92 2 -0.063 -0.345 2.581
92 3 -0.067 -0.102 2.590
92 4 -0.071 0.088 2.570
92 5 -0.237 -0.168 2.559
92 6 -0.408 -0.023 2.420
92 7 -0.432 0.162 2.295
92 8 -0.440 0.222 2.265
92 9 0.121 -0.129 2.627
92 10 0.309 0.042 2.558
92 11 0.445 0.218 2.484
92 12 0.476 0.260 2.480
92 13 -0.144 -0.469 2.505
92 14 -0.174 -0.593 2.149
92 15 -0.135 -0.782 2.025
92 16 -0.086 -0.824 2.012
92 17 0.039 -0.457 2.535
92 18 0.100 -0.592 2.170
92 19 0.089 -0.783 2.042
92 20 0.105 -0.810 1.981
93 1 -0.055 -0.382 2.539
93 2 -0.063 -0.344 2.581
93 3 -0.068 -0.100 2.588
93 4 -0.071 0.089 2.570
93 5 -0.237 -0.166 2.558
93 6 -0.425 -0.051 2.430
93 7 -0.434 0.136 2.312
93 8 -0.430 0.201 2.293
93 9 0.120 -0.127 2.625
93 10 0.319 -0.007 2.568
93 11 0.420 0.195 2.501
93 12 0.450 0.248 2.491
93 13 -0.144 -0.469 2.505
93 14 -0.174 -0.593 2.149
93 15 -0.135 -0.782 2.025
93 16 -0.088 -0.824 2.008
93 17 0.038 -0.457 2.534
93 18 0.100 -0.590 2.171
93 19 0.090 -0.781 2.043
93 20 0.102 -0.810 1.977
