1 1 0.039 -0.437 2.480
1 2 0.036 -0.383 2.501
1 3 0.043 -0.103 2.487
1 4 0.047 0.091 2.464
1 5 -0.116 -0.203 2.462
1 6 -0.170 -0.418 2.402
1 7 -0.066 -0.474 2.238
1 8 -0.032 -0.492 2.187
1 9 0.208 -0.205 2.504
1 10 0.270 -0.401 2.471
1 11 0.236 -0.382 2.274
1 12 0.224 -0.375 2.211
1 13 -0.048 -0.515 2.458
1 14 -0.127 -0.601 2.132
1 15 -0.124 -0.894 2.154
1 16 -0.113 -0.931 2.068
1 17 0.124 -0.506 2.495
1 18 0.273 -0.579 2.191
1 19 0.283 -0.819 2.131
1 20 0.285 -0.865 2.071
2 1 0.039 -0.437 2.481
2 2 0.036 -0.383 2.501
2 3 0.043 -0.103 2.487
2 4 0.047 0.092 2.465
2 5 -0.116 -0.202 2.462
2 6 -0.170 -0.418 2.402
2 7 -0.066 -0.474 2.238
2 8 -0.032 -0.491 2.187
2 9 0.207 -0.205 2.505
2 10 0.270 -0.401 2.471
2 11 0.236 -0.382 2.274
2 12 0.224 -0.375 2.211
2 13 -0.047 -0.515 2.459
2 14 -0.127 -0.601 2.132
2 15 -0.124 -0.895 2.154
2 16 -0.113 -0.931 2.068
2 17 0.124 -0.506 2.496
2 18 0.273 -0.579 2.192
2 19 0.283 -0.819 2.131
2 20 0.295 -0.861 2.050
3 1 0.038 -0.437 2.481
3 2 0.035 -0.382 2.501
3 3 0.042 -0.103 2.488
3 4 0.046 0.092 2.465
3 5 -0.116 -0.202 2.462
3 6 -0.171 -0.418 2.402
3 7 -0.066 -0.474 2.238
3 8 -0.032 -0.491 2.187
3 9 0.207 -0.205 2.506
3 10 0.269 -0.400 2.471
3 11 0.236 -0.382 2.273
3 12 0.224 -0.375 2.211
3 13 -0.049 -0.514 2.459
3 14 -0.127 -0.602 2.132
3 15 -0.124 -0.895 2.154
3 16 -0.113 -0.931 2.068
3 17 0.118 -0.507 2.497
3 18 0.272 -0.578 2.193
3 19 0.283 -0.819 2.131
3 20 0.300 -0.858 2.039
4 1 0.037 -0.437 2.482
4 2 0.035 -0.382 2.501
4 3 0.042 -0.103 2.488
4 4 0.046 0.092 2.466
4 5 -0.116 -0.202 2.463
4 6 -0.171 -0.418 2.402
4 7 -0.066 -0.473 2.238
4 8 -0.032 -0.491 2.187
4 9 0.207 -0.205 2.506
4 10 0.269 -0.400 2.471
4 11 0.236 -0.382 2.273
4 12 0.224 -0.375 2.211
4 13 -0.050 -0.514 2.460
4 14 -0.126 -0.602 2.133
4 15 -0.124 -0.895 2.153
4 16 -0.113 -0.931 2.068
4 17 0.116 -0.508 2.497
4 18 0.272 -0.578 2.194
4 19 0.283 -0.819 2.131
4 20 0.270 -0.878 2.087
5 1 0.036 -0.437 2.482
5 2 0.035 -0.382 2.501
5 3 0.042 -0.102 2.489
5 4 0.046 0.092 2.467
5 5 -0.117 -0.202 2.463
5 6 -0.171 -0.418 2.402
5 7 -0.066 -0.473 2.238
5 8 -0.032 -0.491 2.187
5 9 0.207 -0.206 2.507
5 10 0.268 -0.400 2.471
5 11 0.236 -0.382 2.273
5 12 0.224 -0.375 2.211
5 13 -0.051 -0.514 2.460
5 14 -0.126 -0.602 2.133
5 15 -0.125 -0.895 2.153
5 16 -0.113 -0.931 2.068
5 17 0.115 -0.508 2.497
5 18 0.272 -0.578 2.195
5 19 0.283 -0.819 2.130
5 20 0.278 -0.873 2.071
6 1 0.036 -0.437 2.483
6 2 0.034 -0.382 2.502
6 3 0.041 -0.102 2.489
6 4 0.045 0.092 2.467
6 5 -0.117 -0.202 2.463
6 6 -0.171 -0.418 2.402
6 7 -0.066 -0.473 2.238
6 8 -0.032 -0.490 2.187
6 9 0.207 -0.206 2.507
6 10 0.268 -0.400 2.471
6 11 0.236 -0.382 2.273
6 12 0.224 -0.375 2.211
6 13 -0.051 -0.514 2.460
6 14 -0.126 -0.602 2.133
6 15 -0.125 -0.895 2.153
6 16 -0.114 -0.931 2.068
6 17 0.114 -0.508 2.498
6 18 0.272 -0.578 2.195
6 19 0.284 -0.820 2.130
6 20 0.282 -0.870 2.063
7 1 0.035 -0.437 2.483
7 2 0.034 -0.382 2.502
7 3 0.041 -0.102 2.489
7 4 0.045 0.092 2.467
7 5 -0.117 -0.202 2.464
7 6 -0.171 -0.418 2.402
7 7 -0.066 -0.473 2.238
7 8 -0.032 -0.490 2.187
7 9 0.206 -0.206 2.508
7 10 0.268 -0.400 2.471
7 11 0.236 -0.382 2.273
7 12 0.224 -0.375 2.211
7 13 -0.052 -0.514 2.460
7 14 -0.126 -0.602 2.133
7 15 -0.125 -0.895 2.153
7 16 -0.114 -0.932 2.068
7 17 0.114 -0.508 2.498
7 18 0.271 -0.578 2.195
7 19 0.284 -0.820 2.129
7 20 0.264 -0.883 2.100
8 1 0.035 -0.437 2.483
8 2 0.034 -0.382 2.502
8 3 0.041 -0.102 2.490
8 4 0.045 0.092 2.468
8 5 -0.117 -0.202 2.464
8 6 -0.171 -0.418 2.402
8 7 -0.066 -0.473 2.238
8 8 -0.032 -0.490 2.187
8 9 0.206 -0.206 2.508
8 10 0.268 -0.400 2.472
8 11 0.236 -0.381 2.273
8 12 0.224 -0.375 2.211
8 13 -0.052 -0.514 2.460
8 14 -0.126 -0.602 2.133
8 15 -0.125 -0.895 2.153
8 16 -0.114 -0.932 2.068
8 17 0.114 -0.508 2.498
8 18 0.271 -0.578 2.195
8 19 0.284 -0.820 2.128
8 20 0.258 -0.887 2.108
9 1 0.035 -0.437 2.483
9 2 0.034 -0.382 2.502
9 3 0.041 -0.102 2.490
9 4 0.045 0.092 2.468
9 5 -0.117 -0.202 2.464
9 6 -0.171 -0.418 2.402
9 7 -0.065 -0.477 2.234
9 8 -0.030 -0.494 2.184
9 9 0.206 -0.206 2.509
9 10 0.268 -0.400 2.472
9 11 0.236 -0.381 2.273
9 12 0.224 -0.375 2.211
9 13 -0.052 -0.514 2.460
9 14 -0.126 -0.602 2.133
9 15 -0.125 -0.895 2.153
9 16 -0.114 -0.932 2.068
9 17 0.114 -0.508 2.498
9 18 0.271 -0.578 2.195
9 19 0.285 -0.820 2.128
9 20 0.255 -0.889 2.112
10 1 0.035 -0.437 2.483
10 2 0.034 -0.382 2.502
10 3 0.041 -0.102 2.490
10 4 0.045 0.092 2.468
10 5 -0.117 -0.202 2.465
10 6 -0.171 -0.418 2.403
10 7 -0.063 -0.481 2.231
10 8 -0.027 -0.502 2.178
10 9 0.206 -0.207 2.509
10 10 0.267 -0.399 2.472
10 11 0.235 -0.381 2.273
10 12 0.224 -0.375 2.211
10 13 -0.052 -0.514 2.460
10 14 -0.126 -0.602 2.133
10 15 -0.126 -0.895 2.152
10 16 -0.114 -0.932 2.068
10 17 0.114 -0.508 2.498
10 18 0.271 -0.578 2.196
10 19 0.282 -0.819 2.132
10 20 0.271 -0.877 2.103
11 1 0.035 -0.437 2.483
11 2 0.034 -0.382 2.502
11 3 0.041 -0.102 2.490
11 4 0.045 0.093 2.469
11 5 -0.117 -0.202 2.465
11 6 -0.171 -0.418 2.403
11 7 -0.062 -0.484 2.229
11 8 -0.025 -0.508 2.173
11 9 0.206 -0.207 2.509
11 10 0.267 -0.399 2.472
11 11 0.235 -0.381 2.273
11 12 0.224 -0.375 2.211
11 13 -0.051 -0.514 2.461
11 14 -0.126 -0.602 2.133
11 15 -0.126 -0.895 2.152
11 16 -0.114 -0.932 2.067
11 17 0.117 -0.508 2.498
11 18 0.271 -0.578 2.196
11 19 0.283 -0.819 2.132
11 20 0.265 -0.879 2.107
12 1 0.036 -0.437 2.484
12 2 0.034 -0.382 2.502
12 3 0.041 -0.102 2.491
12 4 0.045 0.093 2.469
12 5 -0.118 -0.202 2.465
12 6 -0.172 -0.418 2.403
12 7 -0.061 -0.488 2.225
12 8 -0.022 -0.514 2.168
12 9 0.206 -0.207 2.509
12 10 0.267 -0.399 2.472
12 11 0.235 -0.381 2.273
12 12 0.223 -0.375 2.211
12 13 -0.051 -0.514 2.461
12 14 -0.126 -0.602 2.134
12 15 -0.126 -0.895 2.152
12 16 -0.114 -0.932 2.067
12 17 0.121 -0.507 2.499
12 18 0.271 -0.578 2.195
12 19 0.284 -0.819 2.130
12 20 0.253 -0.879 2.120
13 1 0.036 -0.437 2.484
13 2 0.034 -0.382 2.503
13 3 0.040 -0.102 2.491
13 4 0.045 0.093 2.469
13 5 -0.118 -0.202 2.465
13 6 -0.172 -0.418 2.403
13 7 -0.059 -0.491 2.223
13 8 -0.021 -0.519 2.164
13 9 0.206 -0.207 2.509
13 10 0.267 -0.399 2.472
13 11 0.235 -0.381 2.273
13 12 0.223 -0.375 2.211
13 13 -0.050 -0.514 2.461
13 14 -0.126 -0.602 2.134
13 15 -0.126 -0.895 2.151
13 16 -0.115 -0.932 2.067
13 17 0.122 -0.507 2.499
13 18 0.271 -0.578 2.195
13 19 0.285 -0.820 2.129
13 20 0.250 -0.881 2.123
14 1 0.037 -0.437 2.484
14 2 0.034 -0.382 2.503
14 3 0.040 -0.102 2.491
14 4 0.045 0.093 2.469
14 5 -0.118 -0.201 2.465
14 6 -0.172 -0.418 2.403
14 7 -0.059 -0.493 2.221
14 8 -0.019 -0.522 2.162
14 9 0.206 -0.207 2.510
14 10 0.267 -0.399 2.472
14 11 0.235 -0.381 2.273
14 12 0.223 -0.375 2.211
14 13 -0.050 -0.514 2.461
14 14 -0.126 -0.602 2.134
14 15 -0.126 -0.895 2.151
14 16 -0.114 -0.932 2.067
14 17 0.124 -0.507 2.499
14 18 0.271 -0.578 2.195
14 19 0.286 -0.820 2.128
14 20 0.247 -0.882 2.125
15 1 0.037 -0.437 2.484
15 2 0.034 -0.382 2.503
15 3 0.040 -0.102 2.491
15 4 0.045 0.093 2.469
15 5 -0.118 -0.201 2.465
15 6 -0.172 -0.418 2.403
15 7 -0.058 -0.495 2.220
15 8 -0.018 -0.524 2.160
15 9 0.206 -0.207 2.510
15 10 0.267 -0.399 2.472
15 11 0.235 -0.381 2.273
15 12 0.223 -0.375 2.211
15 13 -0.049 -0.514 2.461
15 14 -0.126 -0.602 2.134
15 15 -0.126 -0.895 2.151
15 16 -0.114 -0.932 2.066
15 17 0.125 -0.507 2.499
15 18 0.271 -0.578 2.195
15 19 0.286 -0.820 2.127
15 20 0.245 -0.882 2.127
16 1 0.037 -0.437 2.484
16 2 0.035 -0.382 2.503
16 3 0.040 -0.102 2.491
16 4 0.045 0.092 2.470
16 5 -0.118 -0.201 2.466
16 6 -0.172 -0.418 2.403
16 7 -0.057 -0.496 2.218
16 8 -0.018 -0.526 2.158
16 9 0.206 -0.207 2.510
16 10 0.267 -0.399 2.473
16 11 0.235 -0.381 2.273
16 12 0.223 -0.375 2.211
16 13 -0.049 -0.514 2.461
16 14 -0.126 -0.602 2.134
16 15 -0.126 -0.895 2.150
16 16 -0.114 -0.932 2.066
16 17 0.126 -0.507 2.499
16 18 0.271 -0.578 2.195
16 19 0.287 -0.821 2.125
16 20 0.244 -0.883 2.130
17 1 0.038 -0.437 2.484
17 2 0.035 -0.382 2.503
17 3 0.040 -0.102 2.491
17 4 0.045 0.092 2.470
17 5 -0.118 -0.201 2.466
17 6 -0.172 -0.418 2.403
17 7 -0.057 -0.497 2.218
17 8 -0.017 -0.527 2.157
17 9 0.206 -0.207 2.510
17 10 0.267 -0.399 2.473
17 11 0.235 -0.381 2.273
17 12 0.223 -0.375 2.211
17 13 -0.048 -0.514 2.461
17 14 -0.126 -0.602 2.134
17 15 -0.126 -0.895 2.150
17 16 -0.114 -0.932 2.066
17 17 0.126 -0.506 2.498
17 18 0.271 -0.579 2.194
17 19 0.288 -0.821 2.124
17 20 0.242 -0.882 2.133
18 1 0.036 -0.437 2.483
18 2 0.034 -0.382 2.503
18 3 0.040 -0.101 2.492
18 4 0.046 0.093 2.470
18 5 -0.118 -0.201 2.466
18 6 -0.174 -0.416 2.404
18 7 -0.057 -0.498 2.217
18 8 -0.017 -0.527 2.156
18 9 0.205 -0.207 2.510
18 10 0.267 -0.399 2.473
18 11 0.235 -0.381 2.273
18 12 0.223 -0.374 2.211
18 13 -0.051 -0.512 2.460
18 14 -0.126 -0.602 2.134
18 15 -0.126 -0.895 2.150
18 16 -0.114 -0.932 2.066
18 17 0.121 -0.508 2.493
18 18 0.272 -0.579 2.194
18 19 0.289 -0.822 2.123
18 20 0.241 -0.882 2.134
19 1 0.035 -0.436 2.483
19 2 0.034 -0.382 2.503
19 3 0.040 -0.101 2.492
19 4 0.046 0.093 2.470
19 5 -0.118 -0.201 2.466
19 6 -0.179 -0.411 2.405
19 7 -0.058 -0.496 2.216
19 8 -0.018 -0.524 2.155
19 9 0.206 -0.207 2.510
19 10 0.269 -0.397 2.474
19 11 0.234 -0.380 2.274
19 12 0.222 -0.373 2.212
19 13 -0.053 -0.511 2.460
19 14 -0.126 -0.602 2.134
19 15 -0.126 -0.895 2.149
19 16 -0.114 -0.932 2.066
19 17 0.118 -0.508 2.492
19 18 0.272 -0.580 2.194
19 19 0.289 -0.822 2.122
19 20 0.238 -0.882 2.132
20 1 0.035 -0.436 2.483
20 2 0.033 -0.381 2.503
20 3 0.040 -0.101 2.492
20 4 0.046 0.093 2.470
20 5 -0.118 -0.201 2.467
20 6 -0.198 -0.397 2.401
20 7 -0.063 -0.480 2.211
20 8 -0.023 -0.488 2.145
20 9 0.206 -0.206 2.511
20 10 0.276 -0.390 2.476
20 11 0.233 -0.379 2.276
20 12 0.219 -0.373 2.214
20 13 -0.054 -0.510 2.461
20 14 -0.127 -0.603 2.136
20 15 -0.126 -0.895 2.149
20 16 -0.114 -0.933 2.065
20 17 0.117 -0.508 2.492
20 18 0.272 -0.581 2.195
20 19 0.289 -0.823 2.123
20 20 0.239 -0.882 2.123
21 1 0.035 -0.434 2.486
21 2 0.034 -0.379 2.506
21 3 0.040 -0.099 2.493
21 4 0.047 0.094 2.470
21 5 -0.121 -0.197 2.471
21 6 -0.230 -0.371 2.389
21 7 -0.088 -0.251 2.223
21 8 -0.040 -0.200 2.173
21 9 0.208 -0.206 2.512
21 10 0.324 -0.358 2.479
21 11 0.218 -0.341 2.299
21 12 0.179 -0.327 2.250
21 13 -0.053 -0.510 2.465
21 14 -0.127 -0.603 2.141
21 15 -0.126 -0.896 2.148
21 16 -0.115 -0.933 2.064
21 17 0.118 -0.507 2.496
21 18 0.271 -0.582 2.197
21 19 0.280 -0.855 2.137
21 20 0.258 -0.906 2.094
22 1 0.037 -0.431 2.490
22 2 0.035 -0.376 2.509
22 3 0.040 -0.097 2.495
22 4 0.048 0.096 2.472
22 5 -0.122 -0.196 2.473
22 6 -0.253 -0.323 2.371
22 7 -0.113 -0.149 2.232
22 8 -0.091 -0.083 2.204
22 9 0.212 -0.197 2.518
22 10 0.366 -0.312 2.480
22 11 0.215 -0.269 2.343
22 12 0.185 -0.244 2.293
22 13 -0.052 -0.509 2.469
22 14 -0.127 -0.603 2.146
22 15 -0.126 -0.897 2.147
22 16 -0.115 -0.934 2.063
22 17 0.122 -0.501 2.503
22 18 0.270 -0.583 2.201
22 19 0.276 -0.873 2.145
22 20 0.271 -0.919 2.079
23 1 0.038 -0.423 2.495
23 2 0.036 -0.370 2.514
23 3 0.039 -0.093 2.499
23 4 0.050 0.100 2.475
23 5 -0.123 -0.195 2.474
23 6 -0.284 -0.254 2.351
23 7 -0.166 -0.060 2.260
23 8 -0.141 -0.007 2.252
23 9 0.214 -0.190 2.523
23 10 0.401 -0.255 2.477
23 11 0.241 -0.161 2.364
23 12 0.221 -0.111 2.333
23 13 -0.050 -0.504 2.474
23 14 -0.127 -0.602 2.151
23 15 -0.126 -0.898 2.145
23 16 -0.115 -0.936 2.061
23 17 0.126 -0.490 2.512
23 18 0.268 -0.583 2.206
23 19 0.275 -0.883 2.149
23 20 0.279 -0.926 2.070
24 1 0.044 -0.398 2.504
24 2 0.038 -0.352 2.522
24 3 0.037 -0.088 2.507
24 4 0.052 0.103 2.478
24 5 -0.128 -0.174 2.481
24 6 -0.308 -0.180 2.342
24 7 -0.195 -0.003 2.271
24 8 -0.168 0.058 2.271
24 9 0.229 -0.164 2.540
24 10 0.429 -0.189 2.462
24 11 0.280 -0.051 2.374
24 12 0.250 0.007 2.362
24 13 -0.047 -0.496 2.476
24 14 -0.127 -0.601 2.154
24 15 -0.125 -0.899 2.144
24 16 -0.114 -0.936 2.060
24 17 0.135 -0.468 2.521
24 18 0.267 -0.584 2.210
24 19 0.274 -0.890 2.152
24 20 0.285 -0.931 2.064
25 1 0.046 -0.361 2.513
25 2 0.040 -0.320 2.533
25 3 0.037 -0.082 2.517
25 4 0.052 0.108 2.484
25 5 -0.131 -0.164 2.484
25 6 -0.324 -0.121 2.345
25 7 -0.205 0.083 2.272
25 8 -0.182 0.142 2.284
25 9 0.239 -0.144 2.555
25 10 0.445 -0.128 2.466
25 11 0.307 0.048 2.373
25 12 0.282 0.107 2.372
25 13 -0.046 -0.458 2.480
25 14 -0.125 -0.597 2.164
25 15 -0.125 -0.901 2.139
25 16 -0.113 -0.938 2.056
25 17 0.140 -0.448 2.526
25 18 0.266 -0.584 2.213
25 19 0.273 -0.895 2.153
25 20 0.289 -0.934 2.060
26 1 0.047 -0.346 2.516
26 2 0.041 -0.307 2.537
26 3 0.037 -0.077 2.524
26 4 0.053 0.113 2.490
26 5 -0.135 -0.156 2.487
26 6 -0.332 -0.057 2.352
26 7 -0.217 0.129 2.273
26 8 -0.196 0.189 2.285
26 9 0.244 -0.133 2.564
26 10 0.447 -0.071 2.479
26 11 0.339 0.110 2.361
26 12 0.317 0.164 2.351
26 13 -0.046 -0.442 2.481
26 14 -0.123 -0.595 2.170
26 15 -0.125 -0.902 2.136
26 16 -0.112 -0.939 2.053
26 17 0.143 -0.437 2.529
26 18 0.265 -0.584 2.215
26 19 0.273 -0.898 2.154
26 20 0.292 -0.936 2.057
27 1 0.048 -0.338 2.518
27 2 0.041 -0.300 2.541
27 3 0.038 -0.073 2.531
27 4 0.053 0.118 2.496
27 5 -0.137 -0.146 2.491
27 6 -0.331 0.005 2.361
27 7 -0.242 0.174 2.278
27 8 -0.218 0.246 2.289
27 9 0.253 -0.114 2.577
27 10 0.440 -0.009 2.492
27 11 0.369 0.187 2.343
27 12 0.348 0.242 2.332
27 13 -0.045 -0.434 2.482
27 14 -0.122 -0.593 2.174
27 15 -0.125 -0.903 2.134
27 16 -0.112 -0.940 2.050
27 17 0.144 -0.431 2.530
27 18 0.264 -0.584 2.217
27 19 0.273 -0.900 2.154
27 20 0.294 -0.938 2.055
28 1 0.049 -0.333 2.520
28 2 0.042 -0.295 2.543
28 3 0.038 -0.070 2.536
28 4 0.054 0.120 2.500
28 5 -0.139 -0.135 2.496
28 6 -0.319 0.058 2.373
28 7 -0.272 0.236 2.272
28 8 -0.251 0.305 2.270
28 9 0.256 -0.102 2.585
28 10 0.424 0.057 2.490
28 11 0.409 0.238 2.342
28 12 0.398 0.304 2.322
28 13 -0.045 -0.429 2.483
28 14 -0.121 -0.592 2.177
28 15 -0.125 -0.904 2.131
28 16 -0.111 -0.941 2.048
28 17 0.146 -0.425 2.531
28 18 0.263 -0.584 2.218
28 19 0.274 -0.901 2.154
28 20 0.296 -0.939 2.054
29 1 0.050 -0.329 2.521
29 2 0.043 -0.291 2.544
29 3 0.038 -0.066 2.540
29 4 0.056 0.124 2.504
29 5 -0.140 -0.124 2.501
29 6 -0.312 0.073 2.380
29 7 -0.294 0.267 2.268
29 8 -0.282 0.343 2.250
29 9 0.257 -0.094 2.590
29 10 0.416 0.085 2.489
29 11 0.438 0.285 2.351
29 12 0.437 0.345 2.333
29 13 -0.038 -0.422 2.485
29 14 -0.121 -0.591 2.179
29 15 -0.125 -0.903 2.127
29 16 -0.111 -0.940 2.044
29 17 0.147 -0.420 2.531
29 18 0.263 -0.584 2.220
29 19 0.274 -0.902 2.153
29 20 0.297 -0.939 2.053
30 1 0.050 -0.326 2.521
30 2 0.043 -0.288 2.546
30 3 0.039 -0.063 2.544
30 4 0.057 0.127 2.507
30 5 -0.141 -0.118 2.505
30 6 -0.307 0.086 2.386
30 7 -0.307 0.286 2.271
30 8 -0.303 0.355 2.249
30 9 0.256 -0.088 2.593
30 10 0.411 0.093 2.489
30 11 0.444 0.287 2.367
30 12 0.449 0.352 2.354
30 13 -0.036 -0.418 2.486
30 14 -0.121 -0.590 2.181
30 15 -0.125 -0.903 2.124
30 16 -0.110 -0.939 2.040
30 17 0.148 -0.417 2.530
30 18 0.262 -0.584 2.221
30 19 0.275 -0.902 2.152
30 20 0.298 -0.939 2.052
31 1 0.051 -0.324 2.522
31 2 0.043 -0.286 2.547
31 3 0.039 -0.060 2.546
31 4 0.059 0.130 2.510
31 5 -0.141 -0.113 2.508
31 6 -0.303 0.088 2.391
31 7 -0.315 0.291 2.281
31 8 -0.321 0.351 2.273
31 9 0.254 -0.084 2.595
31 10 0.407 0.092 2.493
31 11 0.439 0.305 2.391
31 12 0.452 0.365 2.385
31 13 -0.035 -0.415 2.486
31 14 -0.120 -0.589 2.182
31 15 -0.124 -0.902 2.121
31 16 -0.109 -0.939 2.037
31 17 0.148 -0.414 2.529
31 18 0.262 -0.584 2.222
31 19 0.276 -0.902 2.152
31 20 0.299 -0.938 2.053
32 1 0.051 -0.323 2.522
32 2 0.043 -0.285 2.548
32 3 0.039 -0.058 2.549
32 4 0.060 0.133 2.512
32 5 -0.142 -0.108 2.511
32 6 -0.308 0.078 2.402
32 7 -0.313 0.261 2.321
32 8 -0.314 0.330 2.314
32 9 0.253 -0.082 2.597
32 10 0.404 0.078 2.505
32 11 0.406 0.253 2.428
32 12 0.401 0.330 2.424
32 13 -0.034 -0.413 2.487
32 14 -0.120 -0.589 2.182
32 15 -0.124 -0.902 2.119
32 16 -0.108 -0.938 2.035
32 17 0.148 -0.412 2.527
32 18 0.262 -0.584 2.223
32 19 0.277 -0.902 2.152
32 20 0.300 -0.937 2.054
33 1 0.052 -0.322 2.521
33 2 0.044 -0.284 2.548
33 3 0.039 -0.057 2.550
33 4 0.060 0.135 2.513
33 5 -0.142 -0.106 2.513
33 6 -0.318 0.052 2.418
33 7 -0.290 0.234 2.362
33 8 -0.274 0.287 2.368
33 9 0.251 -0.080 2.597
33 10 0.407 0.047 2.524
33 11 0.376 0.223 2.455
33 12 0.357 0.301 2.448
33 13 -0.033 -0.411 2.487
33 14 -0.120 -0.588 2.183
33 15 -0.123 -0.902 2.117
33 16 -0.108 -0.937 2.033
33 17 0.149 -0.410 2.524
33 18 0.261 -0.583 2.223
33 19 0.278 -0.902 2.151
33 20 0.301 -0.937 2.054
34 1 0.052 -0.321 2.520
34 2 0.044 -0.283 2.549
34 3 0.039 -0.055 2.551
34 4 0.061 0.136 2.514
34 5 -0.143 -0.104 2.515
34 6 -0.328 0.002 2.444
34 7 -0.241 0.193 2.410
34 8 -0.227 0.250 2.420
34 9 0.251 -0.080 2.598
34 10 0.421 -0.003 2.552
34 11 0.348 0.157 2.483
34 12 0.304 0.232 2.482
34 13 -0.032 -0.410 2.487
34 14 -0.120 -0.588 2.183
34 15 -0.123 -0.901 2.116
34 16 -0.107 -0.937 2.032
34 17 0.151 -0.408 2.521
34 18 0.261 -0.583 2.223
34 19 0.279 -0.902 2.151
34 20 0.301 -0.937 2.055
35 1 0.053 -0.320 2.520
35 2 0.044 -0.282 2.550
35 3 0.038 -0.055 2.552
35 4 0.061 0.137 2.515
35 5 -0.144 -0.104 2.516
35 6 -0.333 -0.029 2.459
35 7 -0.206 0.160 2.437
35 8 -0.174 0.206 2.457
35 9 0.251 -0.081 2.599
35 10 0.427 -0.024 2.564
35 11 0.301 0.123 2.506
35 12 0.263 0.187 2.501
35 13 -0.032 -0.409 2.486
35 14 -0.120 -0.588 2.183
35 15 -0.123 -0.901 2.115
35 16 -0.107 -0.937 2.031
35 17 0.153 -0.407 2.518
35 18 0.261 -0.583 2.224
35 19 0.280 -0.902 2.151
35 20 0.302 -0.937 2.056
36 1 0.053 -0.319 2.518
36 2 0.044 -0.282 2.550
36 3 0.038 -0.054 2.552
36 4 0.060 0.137 2.516
36 5 -0.145 -0.104 2.518
36 6 -0.335 -0.041 2.465
36 7 -0.191 0.142 2.449
36 8 -0.156 0.190 2.465
36 9 0.251 -0.082 2.599
36 10 0.415 -0.009 2.562
36 11 0.283 0.141 2.498
36 12 0.248 0.196 2.492
36 13 -0.032 -0.408 2.484
36 14 -0.120 -0.588 2.183
36 15 -0.123 -0.901 2.114
36 16 -0.107 -0.936 2.030
36 17 0.154 -0.406 2.517
36 18 0.261 -0.583 2.224
36 19 0.281 -0.902 2.150
36 20 0.302 -0.936 2.057
37 1 0.054 -0.319 2.517
37 2 0.044 -0.281 2.550
37 3 0.038 -0.053 2.553
37 4 0.059 0.137 2.517
37 5 -0.146 -0.107 2.519
37 6 -0.332 -0.016 2.460
37 7 -0.188 0.145 2.443
37 8 -0.153 0.196 2.455
37 9 0.251 -0.083 2.599
37 10 0.408 -0.000 2.561
37 11 0.320 0.173 2.483
37 12 0.305 0.231 2.477
37 13 -0.030 -0.409 2.480
37 14 -0.120 -0.587 2.183
37 15 -0.123 -0.901 2.114
37 16 -0.107 -0.936 2.030
37 17 0.154 -0.405 2.515
37 18 0.260 -0.583 2.224
37 19 0.281 -0.902 2.150
37 20 0.302 -0.936 2.057
38 1 0.054 -0.318 2.516
38 2 0.044 -0.281 2.550
38 3 0.038 -0.053 2.553
38 4 0.058 0.137 2.518
38 5 -0.147 -0.109 2.520
38 6 -0.330 -0.000 2.456
38 7 -0.232 0.202 2.396
38 8 -0.173 0.246 2.432
38 9 0.251 -0.084 2.600
38 10 0.397 0.031 2.554
38 11 0.354 0.239 2.464
38 12 0.352 0.303 2.461
38 13 -0.028 -0.409 2.478
38 14 -0.120 -0.587 2.183
38 15 -0.122 -0.901 2.114
38 16 -0.106 -0.936 2.030
38 17 0.155 -0.404 2.514
38 18 0.260 -0.583 2.225
38 19 0.282 -0.902 2.150
38 20 0.302 -0.936 2.058
39 1 0.055 -0.318 2.515
39 2 0.044 -0.281 2.551
39 3 0.038 -0.052 2.553
39 4 0.057 0.137 2.519
39 5 -0.148 -0.109 2.520
39 6 -0.324 0.031 2.444
39 7 -0.242 0.254 2.379
39 8 -0.214 0.320 2.388
39 9 0.249 -0.084 2.600
39 10 0.388 0.073 2.543
39 11 0.396 0.297 2.447
39 12 0.404 0.355 2.442
39 13 -0.026 -0.409 2.476
39 14 -0.120 -0.587 2.183
39 15 -0.122 -0.901 2.114
39 16 -0.106 -0.936 2.029
39 17 0.155 -0.404 2.513
39 18 0.260 -0.583 2.225
39 19 0.283 -0.902 2.150
39 20 0.303 -0.936 2.058
40 1 0.055 -0.317 2.514
40 2 0.044 -0.281 2.551
40 3 0.037 -0.052 2.553
40 4 0.057 0.137 2.520
40 5 -0.148 -0.109 2.521
40 6 -0.320 0.051 2.436
40 7 -0.275 0.301 2.350
40 8 -0.263 0.360 2.348
40 9 0.245 -0.083 2.601
40 10 0.385 0.092 2.537
40 11 0.431 0.334 2.437
40 12 0.447 0.394 2.428
40 13 -0.026 -0.409 2.475
40 14 -0.120 -0.587 2.183
40 15 -0.122 -0.901 2.113
40 16 -0.106 -0.936 2.029
40 17 0.154 -0.403 2.513
40 18 0.260 -0.583 2.225
40 19 0.283 -0.901 2.150
40 20 0.303 -0.936 2.059
41 1 0.054 -0.317 2.514
41 2 0.043 -0.281 2.552
41 3 0.036 -0.051 2.553
41 4 0.057 0.137 2.520
41 5 -0.149 -0.109 2.521
41 6 -0.319 0.060 2.432
41 7 -0.292 0.317 2.337
41 8 -0.300 0.382 2.322
41 9 0.242 -0.081 2.601
41 10 0.383 0.101 2.535
41 11 0.438 0.338 2.437
41 12 0.450 0.395 2.430
41 13 -0.027 -0.408 2.475
41 14 -0.120 -0.587 2.183
41 15 -0.122 -0.901 2.113
41 16 -0.106 -0.936 2.029
41 17 0.152 -0.403 2.513
41 18 0.260 -0.583 2.225
41 19 0.284 -0.901 2.149
41 20 0.303 -0.936 2.059
42 1 0.054 -0.317 2.513
42 2 0.043 -0.280 2.552
42 3 0.035 -0.050 2.553
42 4 0.057 0.137 2.521
42 5 -0.149 -0.108 2.521
42 6 -0.321 0.065 2.429
42 7 -0.297 0.315 2.334
42 8 -0.287 0.364 2.337
42 9 0.240 -0.080 2.601
42 10 0.388 0.089 2.539
42 11 0.409 0.292 2.454
42 12 0.417 0.351 2.450
42 13 -0.027 -0.408 2.474
42 14 -0.121 -0.587 2.183
42 15 -0.122 -0.901 2.113
42 16 -0.106 -0.936 2.029
42 17 0.150 -0.403 2.513
42 18 0.260 -0.583 2.226
42 19 0.284 -0.900 2.149
42 20 0.303 -0.935 2.059
43 1 0.054 -0.317 2.513
43 2 0.042 -0.280 2.552
43 3 0.033 -0.048 2.553
43 4 0.057 0.137 2.521
43 5 -0.150 -0.106 2.520
43 6 -0.335 0.049 2.434
43 7 -0.286 0.230 2.366
43 8 -0.260 0.300 2.360
43 9 0.238 -0.079 2.601
43 10 0.394 0.059 2.549
43 11 0.374 0.241 2.471
43 12 0.375 0.294 2.472
43 13 -0.027 -0.407 2.474
43 14 -0.121 -0.587 2.183
43 15 -0.122 -0.901 2.113
43 16 -0.106 -0.936 2.029
43 17 0.149 -0.403 2.512
43 18 0.260 -0.583 2.226
43 19 0.285 -0.900 2.149
43 20 0.303 -0.935 2.059
44 1 0.053 -0.316 2.511
44 2 0.041 -0.280 2.552
44 3 0.031 -0.046 2.551
44 4 0.057 0.137 2.521
44 5 -0.150 -0.105 2.520
44 6 -0.343 0.039 2.438
44 7 -0.245 0.194 2.393
44 8 -0.220 0.256 2.394
44 9 0.237 -0.078 2.601
44 10 0.397 0.035 2.556
44 11 0.336 0.197 2.483
44 12 0.315 0.265 2.477
44 13 -0.028 -0.407 2.472
44 14 -0.121 -0.587 2.182
44 15 -0.122 -0.901 2.114
44 16 -0.105 -0.936 2.029
44 17 0.148 -0.402 2.512
44 18 0.260 -0.583 2.227
44 19 0.285 -0.900 2.148
44 20 0.303 -0.935 2.060
45 1 0.050 -0.314 2.507
45 2 0.039 -0.278 2.550
45 3 0.030 -0.044 2.549
45 4 0.057 0.137 2.521
45 5 -0.151 -0.105 2.518
45 6 -0.348 0.029 2.441
45 7 -0.209 0.150 2.420
45 8 -0.167 0.197 2.428
45 9 0.236 -0.078 2.601
45 10 0.399 0.024 2.559
45 11 0.294 0.160 2.502
45 12 0.284 0.225 2.489
45 13 -0.035 -0.403 2.462
45 14 -0.121 -0.587 2.181
45 15 -0.121 -0.903 2.115
45 16 -0.105 -0.938 2.031
45 17 0.146 -0.402 2.510
45 18 0.260 -0.583 2.227
45 19 0.285 -0.900 2.148
45 20 0.303 -0.935 2.060
46 1 0.048 -0.312 2.502
46 2 0.038 -0.277 2.547
46 3 0.029 -0.043 2.545
46 4 0.057 0.137 2.521
46 5 -0.152 -0.104 2.517
46 6 -0.350 0.024 2.443
46 7 -0.193 0.131 2.432
46 8 -0.137 0.166 2.448
46 9 0.236 -0.078 2.601
46 10 0.400 0.018 2.561
46 11 0.319 0.175 2.497
46 12 0.309 0.255 2.488
46 13 -0.038 -0.401 2.455
46 14 -0.122 -0.588 2.180
46 15 -0.120 -0.904 2.116
46 16 -0.104 -0.939 2.032
46 17 0.144 -0.400 2.507
46 18 0.260 -0.583 2.228
46 19 0.285 -0.900 2.148
46 20 0.303 -0.935 2.060
47 1 0.043 -0.312 2.497
47 2 0.034 -0.276 2.543
47 3 0.028 -0.043 2.542
47 4 0.058 0.137 2.521
47 5 -0.153 -0.105 2.514
47 6 -0.351 0.022 2.444
47 7 -0.206 0.155 2.421
47 8 -0.152 0.216 2.436
47 9 0.235 -0.078 2.600
47 10 0.391 0.041 2.551
47 11 0.352 0.250 2.474
47 12 0.347 0.314 2.464
47 13 -0.047 -0.399 2.451
47 14 -0.122 -0.589 2.179
47 15 -0.120 -0.906 2.118
47 16 -0.104 -0.941 2.034
47 17 0.131 -0.402 2.502
47 18 0.260 -0.583 2.228
47 19 0.285 -0.900 2.147
47 20 0.303 -0.935 2.060
48 1 0.036 -0.312 2.495
48 2 0.028 -0.276 2.541
48 3 0.026 -0.042 2.539
48 4 0.058 0.137 2.521
48 5 -0.154 -0.105 2.512
48 6 -0.351 0.022 2.444
48 7 -0.254 0.213 2.370
48 8 -0.191 0.265 2.398
48 9 0.234 -0.076 2.597
48 10 0.382 0.086 2.529
48 11 0.385 0.286 2.458
48 12 0.389 0.352 2.447
48 13 -0.055 -0.399 2.451
48 14 -0.122 -0.589 2.179
48 15 -0.120 -0.907 2.119
48 16 -0.104 -0.942 2.035
48 17 0.119 -0.405 2.500
48 18 0.260 -0.583 2.228
48 19 0.285 -0.900 2.147
48 20 0.303 -0.935 2.060
49 1 0.032 -0.313 2.493
49 2 0.025 -0.276 2.540
49 3 0.025 -0.042 2.536
49 4 0.059 0.137 2.521
49 5 -0.154 -0.104 2.510
49 6 -0.345 0.036 2.437
49 7 -0.261 0.265 2.351
49 8 -0.217 0.322 2.365
49 9 0.230 -0.073 2.591
49 10 0.373 0.124 2.511
49 11 0.419 0.325 2.440
49 12 0.431 0.386 2.429
49 13 -0.058 -0.398 2.451
49 14 -0.123 -0.589 2.179
49 15 -0.121 -0.908 2.120
49 16 -0.105 -0.943 2.036
49 17 0.115 -0.405 2.500
49 18 0.260 -0.583 2.228
49 19 0.285 -0.900 2.146
49 20 0.303 -0.935 2.059
50 1 0.030 -0.313 2.492
50 2 0.023 -0.276 2.540
50 3 0.023 -0.042 2.533
50 4 0.059 0.138 2.521
50 5 -0.155 -0.102 2.508
50 6 -0.343 0.048 2.431
50 7 -0.290 0.304 2.321
50 8 -0.267 0.364 2.322
50 9 0.226 -0.068 2.585
50 10 0.371 0.133 2.505
50 11 0.430 0.339 2.433
50 12 0.444 0.399 2.423
50 13 -0.054 -0.398 2.452
50 14 -0.123 -0.589 2.179
50 15 -0.122 -0.909 2.121
50 16 -0.105 -0.944 2.037
50 17 0.114 -0.405 2.499
50 18 0.261 -0.583 2.228
50 19 0.285 -0.899 2.146
50 20 0.303 -0.934 2.059
51 1 0.029 -0.313 2.492
51 2 0.022 -0.276 2.539
51 3 0.021 -0.040 2.530
51 4 0.060 0.139 2.520
51 5 -0.157 -0.099 2.505
51 6 -0.343 0.052 2.428
51 7 -0.315 0.261 2.322
51 8 -0.295 0.338 2.309
51 9 0.223 -0.065 2.580
51 10 0.370 0.106 2.504
51 11 0.395 0.315 2.426
51 12 0.406 0.373 2.417
51 13 -0.053 -0.398 2.453
51 14 -0.124 -0.589 2.179
51 15 -0.122 -0.909 2.123
51 16 -0.106 -0.944 2.039
51 17 0.114 -0.404 2.499
51 18 0.261 -0.583 2.229
51 19 0.285 -0.899 2.146
51 20 0.302 -0.934 2.059
52 1 0.029 -0.313 2.491
52 2 0.021 -0.276 2.538
52 3 0.019 -0.037 2.527
52 4 0.062 0.142 2.517
52 5 -0.158 -0.096 2.503
52 6 -0.347 0.051 2.426
52 7 -0.316 0.233 2.328
52 8 -0.277 0.300 2.320
52 9 0.222 -0.063 2.577
52 10 0.374 0.068 2.509
52 11 0.348 0.251 2.435
52 12 0.350 0.326 2.417
52 13 -0.051 -0.398 2.453
52 14 -0.125 -0.590 2.179
52 15 -0.123 -0.910 2.123
52 16 -0.107 -0.945 2.040
52 17 0.116 -0.403 2.499
52 18 0.261 -0.583 2.229
52 19 0.285 -0.899 2.146
52 20 0.302 -0.934 2.059
53 1 0.028 -0.312 2.490
53 2 0.020 -0.274 2.537
53 3 0.017 -0.033 2.523
53 4 0.062 0.147 2.514
53 5 -0.160 -0.094 2.501
53 6 -0.357 0.020 2.433
53 7 -0.296 0.179 2.350
53 8 -0.239 0.240 2.354
53 9 0.221 -0.062 2.575
53 10 0.377 0.046 2.511
53 11 0.307 0.212 2.438
53 12 0.291 0.261 2.426
53 13 -0.051 -0.397 2.453
53 14 -0.126 -0.590 2.179
53 15 -0.123 -0.910 2.124
53 16 -0.107 -0.946 2.041
53 17 0.117 -0.402 2.498
53 18 0.261 -0.583 2.229
53 19 0.284 -0.899 2.145
53 20 0.302 -0.934 2.059
54 1 0.028 -0.310 2.488
54 2 0.019 -0.272 2.533
54 3 0.013 -0.028 2.518
54 4 0.061 0.151 2.511
54 5 -0.162 -0.092 2.497
54 6 -0.361 0.006 2.436
54 7 -0.267 0.139 2.373
54 8 -0.215 0.194 2.373
54 9 0.220 -0.061 2.573
54 10 0.383 0.025 2.515
54 11 0.277 0.171 2.449
54 12 0.251 0.211 2.437
54 13 -0.052 -0.396 2.451
54 14 -0.127 -0.591 2.179
54 15 -0.123 -0.912 2.126
54 16 -0.107 -0.947 2.042
54 17 0.119 -0.399 2.496
54 18 0.261 -0.583 2.229
54 19 0.284 -0.899 2.145
54 20 0.302 -0.934 2.059
55 1 0.028 -0.308 2.485
55 2 0.018 -0.269 2.530
55 3 0.011 -0.026 2.514
55 4 0.059 0.152 2.506
55 5 -0.164 -0.092 2.494
55 6 -0.363 -0.005 2.437
55 7 -0.219 0.116 2.395
55 8 -0.173 0.169 2.392
55 9 0.219 -0.062 2.571
55 10 0.384 0.017 2.516
55 11 0.270 0.162 2.452
55 12 0.244 0.229 2.433
55 13 -0.051 -0.394 2.447
55 14 -0.128 -0.592 2.178
55 15 -0.123 -0.913 2.127
55 16 -0.107 -0.948 2.043
55 17 0.122 -0.396 2.493
55 18 0.261 -0.582 2.230
55 19 0.284 -0.899 2.145
55 20 0.301 -0.934 2.059
56 1 0.029 -0.307 2.482
56 2 0.018 -0.267 2.527
56 3 0.010 -0.026 2.511
56 4 0.055 0.149 2.501
56 5 -0.166 -0.092 2.491
56 6 -0.359 0.000 2.431
56 7 -0.196 0.132 2.394
56 8 -0.155 0.177 2.396
56 9 0.218 -0.062 2.567
56 10 0.378 0.025 2.511
56 11 0.300 0.202 2.442
56 12 0.276 0.281 2.425
56 13 -0.051 -0.393 2.444
56 14 -0.130 -0.593 2.177
56 15 -0.123 -0.914 2.128
56 16 -0.107 -0.949 2.044
56 17 0.123 -0.394 2.490
56 18 0.261 -0.582 2.230
56 19 0.284 -0.899 2.145
56 20 0.301 -0.935 2.060
57 1 0.028 -0.306 2.481
57 2 0.017 -0.267 2.526
57 3 0.010 -0.028 2.508
57 4 0.052 0.146 2.496
57 5 -0.167 -0.093 2.488
57 6 -0.355 0.008 2.423
57 7 -0.188 0.203 2.375
57 8 -0.159 0.256 2.386
57 9 0.218 -0.063 2.564
57 10 0.364 0.059 2.497
57 11 0.333 0.274 2.415
57 12 0.330 0.341 2.396
57 13 -0.057 -0.394 2.444
57 14 -0.131 -0.593 2.177
57 15 -0.123 -0.914 2.128
57 16 -0.107 -0.950 2.045
57 17 0.122 -0.394 2.489
57 18 0.261 -0.582 2.230
57 19 0.284 -0.900 2.145
57 20 0.301 -0.935 2.060
58 1 0.024 -0.309 2.481
58 2 0.015 -0.268 2.524
58 3 0.010 -0.029 2.505
58 4 0.051 0.144 2.494
58 5 -0.167 -0.094 2.486
58 6 -0.341 0.031 2.405
58 7 -0.214 0.258 2.332
58 8 -0.187 0.309 2.339
58 9 0.215 -0.063 2.558
58 10 0.350 0.122 2.469
58 11 0.368 0.321 2.389
58 12 0.369 0.386 2.372
58 13 -0.064 -0.397 2.447
58 14 -0.131 -0.594 2.177
58 15 -0.123 -0.915 2.129
58 16 -0.108 -0.950 2.045
58 17 0.115 -0.397 2.489
58 18 0.261 -0.582 2.230
58 19 0.284 -0.899 2.145
58 20 0.301 -0.935 2.060
59 1 0.021 -0.311 2.481
59 2 0.013 -0.269 2.523
59 3 0.010 -0.031 2.503
59 4 0.050 0.142 2.492
59 5 -0.168 -0.095 2.484
59 6 -0.333 0.047 2.393
59 7 -0.237 0.299 2.296
59 8 -0.224 0.354 2.297
59 9 0.211 -0.061 2.552
59 10 0.342 0.154 2.453
59 11 0.391 0.349 2.372
59 12 0.403 0.414 2.356
59 13 -0.069 -0.398 2.450
59 14 -0.132 -0.594 2.177
59 15 -0.124 -0.915 2.130
59 16 -0.108 -0.951 2.046
59 17 0.110 -0.400 2.490
59 18 0.261 -0.582 2.230
59 19 0.284 -0.899 2.145
59 20 0.301 -0.935 2.060
60 1 0.020 -0.313 2.480
60 2 0.012 -0.270 2.522
60 3 0.010 -0.032 2.502
60 4 0.050 0.142 2.491
60 5 -0.168 -0.095 2.483
60 6 -0.329 0.054 2.388
60 7 -0.261 0.315 2.269
60 8 -0.256 0.376 2.264
60 9 0.209 -0.060 2.548
60 10 0.347 0.133 2.453
60 11 0.395 0.351 2.367
60 12 0.405 0.409 2.354
60 13 -0.068 -0.399 2.451
60 14 -0.133 -0.594 2.177
60 15 -0.124 -0.915 2.130
60 16 -0.109 -0.951 2.047
60 17 0.108 -0.401 2.490
60 18 0.261 -0.582 2.230
60 19 0.284 -0.899 2.145
60 20 0.300 -0.935 2.060
61 1 0.019 -0.313 2.480
61 2 0.012 -0.270 2.522
61 3 0.009 -0.032 2.501
61 4 0.050 0.142 2.490
61 5 -0.167 -0.095 2.482
61 6 -0.330 0.055 2.384
61 7 -0.269 0.257 2.281
61 8 -0.254 0.317 2.268
61 9 0.208 -0.060 2.546
61 10 0.362 0.086 2.466
61 11 0.364 0.267 2.385
61 12 0.363 0.344 2.365
61 13 -0.068 -0.400 2.452
61 14 -0.133 -0.594 2.177
61 15 -0.124 -0.916 2.131
61 16 -0.109 -0.951 2.047
61 17 0.107 -0.401 2.489
61 18 0.260 -0.582 2.230
61 19 0.284 -0.899 2.145
61 20 0.300 -0.935 2.061
62 1 0.020 -0.313 2.480
62 2 0.012 -0.270 2.521
62 3 0.009 -0.032 2.500
62 4 0.049 0.143 2.489
62 5 -0.166 -0.095 2.480
62 6 -0.334 0.052 2.384
62 7 -0.258 0.211 2.301
62 8 -0.213 0.271 2.300
62 9 0.211 -0.059 2.543
62 10 0.375 0.060 2.472
62 11 0.342 0.242 2.388
62 12 0.320 0.315 2.366
62 13 -0.066 -0.400 2.452
62 14 -0.134 -0.594 2.177
62 15 -0.124 -0.916 2.131
62 16 -0.109 -0.951 2.047
62 17 0.109 -0.400 2.489
62 18 0.260 -0.582 2.230
62 19 0.284 -0.899 2.145
62 20 0.300 -0.935 2.061
63 1 0.022 -0.310 2.477
63 2 0.015 -0.267 2.517
63 3 0.010 -0.031 2.499
63 4 0.050 0.145 2.487
63 5 -0.165 -0.094 2.478
63 6 -0.338 0.041 2.386
63 7 -0.221 0.170 2.329
63 8 -0.175 0.225 2.335
63 9 0.214 -0.059 2.542
63 10 0.400 0.011 2.488
63 11 0.316 0.177 2.411
63 12 0.280 0.241 2.390
63 13 -0.063 -0.396 2.448
63 14 -0.134 -0.594 2.177
63 15 -0.124 -0.916 2.131
63 16 -0.109 -0.952 2.047
63 17 0.115 -0.396 2.486
63 18 0.260 -0.582 2.230
63 19 0.284 -0.900 2.146
63 20 0.300 -0.935 2.061
64 1 0.026 -0.307 2.473
64 2 0.017 -0.265 2.513
64 3 0.011 -0.029 2.497
64 4 0.050 0.146 2.487
64 5 -0.165 -0.094 2.477
64 6 -0.343 0.028 2.392
64 7 -0.189 0.131 2.360
64 8 -0.148 0.184 2.363
64 9 0.217 -0.059 2.540
64 10 0.410 -0.009 2.495
64 11 0.302 0.141 2.427
64 12 0.254 0.197 2.409
64 13 -0.059 -0.393 2.444
64 14 -0.134 -0.594 2.177
64 15 -0.124 -0.916 2.131
64 16 -0.109 -0.952 2.048
64 17 0.122 -0.393 2.480
64 18 0.261 -0.582 2.230
64 19 0.284 -0.901 2.145
64 20 0.299 -0.936 2.061
65 1 0.028 -0.304 2.470
65 2 0.019 -0.263 2.510
65 3 0.013 -0.028 2.495
65 4 0.050 0.147 2.486
65 5 -0.163 -0.094 2.474
65 6 -0.343 0.024 2.393
65 7 -0.178 0.116 2.371
65 8 -0.138 0.169 2.373
65 9 0.220 -0.061 2.538
65 10 0.400 0.004 2.488
65 11 0.296 0.167 2.421
65 12 0.265 0.246 2.394
65 13 -0.056 -0.391 2.440
65 14 -0.135 -0.595 2.177
65 15 -0.124 -0.916 2.131
65 16 -0.109 -0.952 2.048
65 17 0.126 -0.390 2.476
65 18 0.261 -0.583 2.229
65 19 0.284 -0.902 2.146
65 20 0.298 -0.938 2.062
66 1 0.029 -0.304 2.469
66 2 0.020 -0.263 2.508
66 3 0.016 -0.029 2.493
66 4 0.052 0.146 2.485
66 5 -0.152 -0.115 2.462
66 6 -0.343 0.022 2.394
66 7 -0.210 0.153 2.350
66 8 -0.157 0.213 2.355
66 9 0.224 -0.064 2.535
66 10 0.390 0.020 2.474
66 11 0.327 0.201 2.396
66 12 0.308 0.284 2.376
66 13 -0.057 -0.391 2.438
66 14 -0.135 -0.595 2.176
66 15 -0.123 -0.917 2.132
66 16 -0.109 -0.953 2.049
66 17 0.126 -0.391 2.474
66 18 0.261 -0.583 2.228
66 19 0.283 -0.903 2.146
66 20 0.298 -0.939 2.062
67 1 0.028 -0.306 2.467
67 2 0.020 -0.264 2.506
67 3 0.018 -0.029 2.491
67 4 0.055 0.145 2.485
67 5 -0.148 -0.118 2.459
67 6 -0.336 0.029 2.386
67 7 -0.202 0.229 2.318
67 8 -0.169 0.289 2.319
67 9 0.226 -0.066 2.532
67 10 0.373 0.061 2.444
67 11 0.360 0.256 2.362
67 12 0.348 0.322 2.344
67 13 -0.058 -0.392 2.437
67 14 -0.136 -0.596 2.175
67 15 -0.123 -0.917 2.133
67 16 -0.108 -0.953 2.049
67 17 0.124 -0.394 2.472
67 18 0.261 -0.584 2.227
67 19 0.283 -0.904 2.146
67 20 0.298 -0.939 2.062
68 1 0.028 -0.308 2.467
68 2 0.021 -0.265 2.505
68 3 0.019 -0.030 2.490
68 4 0.059 0.144 2.485
68 5 -0.145 -0.118 2.457
68 6 -0.323 0.045 2.372
68 7 -0.228 0.277 2.273
68 8 -0.204 0.335 2.264
68 9 0.228 -0.067 2.529
68 10 0.362 0.097 2.418
68 11 0.391 0.300 2.328
68 12 0.397 0.363 2.310
68 13 -0.058 -0.394 2.437
68 14 -0.136 -0.596 2.174
68 15 -0.123 -0.918 2.133
68 16 -0.108 -0.953 2.050
68 17 0.122 -0.396 2.472
68 18 0.261 -0.584 2.227
68 19 0.283 -0.904 2.146
68 20 0.297 -0.940 2.062
69 1 0.028 -0.309 2.466
69 2 0.021 -0.266 2.504
69 3 0.021 -0.030 2.488
69 4 0.062 0.143 2.485
69 5 -0.142 -0.114 2.456
69 6 -0.317 0.054 2.364
69 7 -0.257 0.305 2.231
69 8 -0.244 0.365 2.218
69 9 0.228 -0.066 2.523
69 10 0.359 0.109 2.409
69 11 0.406 0.319 2.312
69 12 0.419 0.379 2.294
69 13 -0.058 -0.395 2.438
69 14 -0.137 -0.597 2.174
69 15 -0.123 -0.918 2.134
69 16 -0.108 -0.953 2.050
69 17 0.121 -0.397 2.471
69 18 0.261 -0.584 2.226
69 19 0.283 -0.905 2.146
69 20 0.296 -0.940 2.063
70 1 0.029 -0.310 2.466
70 2 0.022 -0.267 2.503
70 3 0.022 -0.030 2.488
70 4 0.065 0.144 2.486
70 5 -0.139 -0.106 2.456
70 6 -0.315 0.057 2.361
70 7 -0.277 0.264 2.231
70 8 -0.262 0.341 2.210
70 9 0.229 -0.065 2.520
70 10 0.369 0.090 2.410
70 11 0.408 0.320 2.305
70 12 0.415 0.374 2.289
70 13 -0.057 -0.396 2.439
70 14 -0.137 -0.597 2.174
70 15 -0.122 -0.918 2.134
70 16 -0.108 -0.954 2.050
70 17 0.120 -0.399 2.471
70 18 0.261 -0.584 2.226
70 19 0.282 -0.905 2.146
70 20 0.296 -0.941 2.063
71 1 0.029 -0.312 2.466
71 2 0.022 -0.268 2.503
71 3 0.024 -0.030 2.487
71 4 0.068 0.145 2.486
71 5 -0.138 -0.100 2.456
71 6 -0.319 0.052 2.360
71 7 -0.282 0.222 2.246
71 8 -0.255 0.295 2.224
71 9 0.231 -0.065 2.517
71 10 0.382 0.063 2.416
71 11 0.378 0.247 2.324
71 12 0.367 0.318 2.300
71 13 -0.057 -0.397 2.439
71 14 -0.137 -0.597 2.174
71 15 -0.122 -0.918 2.134
71 16 -0.108 -0.954 2.050
71 17 0.120 -0.399 2.471
71 18 0.261 -0.585 2.226
71 19 0.282 -0.905 2.146
71 20 0.296 -0.941 2.063
72 1 0.030 -0.312 2.466
72 2 0.023 -0.269 2.502
72 3 0.026 -0.029 2.486
72 4 0.071 0.145 2.485
72 5 -0.137 -0.096 2.456
72 6 -0.327 0.041 2.366
72 7 -0.261 0.184 2.271
72 8 -0.211 0.253 2.264
72 9 0.232 -0.065 2.516
72 10 0.407 0.014 2.436
72 11 0.359 0.188 2.348
72 12 0.335 0.261 2.326
72 13 -0.056 -0.397 2.440
72 14 -0.137 -0.597 2.174
72 15 -0.122 -0.918 2.134
72 16 -0.108 -0.954 2.050
72 17 0.120 -0.400 2.471
72 18 0.261 -0.585 2.225
72 19 0.282 -0.906 2.146
72 20 0.295 -0.942 2.062
73 1 0.031 -0.313 2.465
73 2 0.025 -0.269 2.501
73 3 0.030 -0.029 2.485
73 4 0.074 0.146 2.483
73 5 -0.136 -0.093 2.456
73 6 -0.333 0.028 2.374
73 7 -0.220 0.141 2.312
73 8 -0.183 0.206 2.302
73 9 0.234 -0.066 2.515
73 10 0.420 -0.009 2.447
73 11 0.321 0.145 2.377
73 12 0.301 0.211 2.354
73 13 -0.055 -0.398 2.439
73 14 -0.137 -0.597 2.174
73 15 -0.122 -0.918 2.134
73 16 -0.108 -0.954 2.051
73 17 0.120 -0.401 2.470
73 18 0.262 -0.586 2.224
73 19 0.282 -0.907 2.145
73 20 0.295 -0.943 2.062
74 1 0.037 -0.305 2.460
74 2 0.030 -0.265 2.497
74 3 0.033 -0.028 2.484
74 4 0.075 0.146 2.482
74 5 -0.142 -0.085 2.457
74 6 -0.336 0.017 2.381
74 7 -0.168 0.117 2.358
74 8 -0.133 0.172 2.351
74 9 0.236 -0.066 2.514
74 10 0.425 -0.019 2.451
74 11 0.297 0.122 2.400
74 12 0.258 0.181 2.394
74 13 -0.050 -0.390 2.432
74 14 -0.137 -0.597 2.174
74 15 -0.122 -0.918 2.135
74 16 -0.108 -0.954 2.051
74 17 0.127 -0.395 2.466
74 18 0.263 -0.587 2.223
74 19 0.282 -0.909 2.142
74 20 0.294 -0.944 2.061
75 1 0.041 -0.299 2.457
75 2 0.034 -0.261 2.494
75 3 0.035 -0.028 2.483
75 4 0.076 0.147 2.482
75 5 -0.146 -0.081 2.458
75 6 -0.337 0.011 2.386
75 7 -0.145 0.108 2.378
75 8 -0.103 0.156 2.380
75 9 0.238 -0.067 2.513
75 10 0.426 -0.018 2.454
75 11 0.296 0.137 2.405
75 12 0.280 0.213 2.398
75 13 -0.047 -0.385 2.427
75 14 -0.137 -0.597 2.173
75 15 -0.122 -0.918 2.135
75 16 -0.108 -0.954 2.051
75 17 0.134 -0.390 2.462
75 18 0.264 -0.589 2.222
75 19 0.282 -0.912 2.139
75 20 0.293 -0.946 2.060
76 1 0.045 -0.293 2.454
76 2 0.038 -0.257 2.492
76 3 0.040 -0.029 2.481
76 4 0.078 0.146 2.480
76 5 -0.165 -0.077 2.456
76 6 -0.336 0.013 2.386
76 7 -0.161 0.132 2.353
76 8 -0.094 0.149 2.388
76 9 0.240 -0.068 2.513
76 10 0.413 0.007 2.447
76 11 0.324 0.180 2.391
76 12 0.305 0.263 2.385
76 13 -0.046 -0.381 2.424
76 14 -0.137 -0.597 2.173
76 15 -0.121 -0.918 2.135
76 16 -0.108 -0.954 2.051
76 17 0.139 -0.387 2.459
76 18 0.265 -0.590 2.221
76 19 0.283 -0.913 2.137
76 20 0.292 -0.948 2.059
77 1 0.045 -0.292 2.454
77 2 0.039 -0.255 2.491
77 3 0.044 -0.030 2.479
77 4 0.082 0.144 2.478
77 5 -0.158 -0.081 2.452
77 6 -0.316 0.027 2.377
77 7 -0.144 0.214 2.333
77 8 -0.148 0.274 2.309
77 9 0.241 -0.069 2.512
77 10 0.391 0.053 2.432
77 11 0.358 0.256 2.355
77 12 0.350 0.324 2.344
77 13 -0.047 -0.380 2.424
77 14 -0.137 -0.597 2.173
77 15 -0.121 -0.918 2.135
77 16 -0.108 -0.954 2.051
77 17 0.136 -0.388 2.460
77 18 0.265 -0.590 2.221
77 19 0.283 -0.914 2.136
77 20 0.292 -0.948 2.058
78 1 0.046 -0.293 2.454
78 2 0.040 -0.255 2.491
78 3 0.047 -0.031 2.478
78 4 0.086 0.143 2.477
78 5 -0.151 -0.083 2.450
78 6 -0.286 0.057 2.361
78 7 -0.156 0.279 2.293
78 8 -0.153 0.331 2.273
78 9 0.242 -0.068 2.510
78 10 0.372 0.120 2.401
78 11 0.395 0.315 2.319
78 12 0.399 0.378 2.306
78 13 -0.045 -0.380 2.425
78 14 -0.137 -0.596 2.174
78 15 -0.121 -0.918 2.135
78 16 -0.108 -0.954 2.051
78 17 0.136 -0.388 2.460
78 18 0.266 -0.591 2.221
78 19 0.283 -0.915 2.136
78 20 0.292 -0.949 2.058
79 1 0.047 -0.293 2.454
79 2 0.041 -0.255 2.490
79 3 0.048 -0.032 2.478
79 4 0.087 0.142 2.476
79 5 -0.146 -0.084 2.449
79 6 -0.263 0.100 2.333
79 7 -0.195 0.332 2.239
79 8 -0.190 0.389 2.220
79 9 0.242 -0.065 2.507
79 10 0.360 0.164 2.376
79 11 0.426 0.352 2.290
79 12 0.447 0.409 2.273
79 13 -0.043 -0.382 2.427
79 14 -0.137 -0.596 2.174
79 15 -0.121 -0.918 2.135
79 16 -0.108 -0.954 2.051
79 17 0.137 -0.388 2.460
79 18 0.266 -0.591 2.221
79 19 0.283 -0.916 2.135
79 20 0.292 -0.950 2.058
80 1 0.049 -0.295 2.455
80 2 0.042 -0.255 2.490
80 3 0.050 -0.032 2.477
80 4 0.089 0.142 2.475
80 5 -0.141 -0.085 2.448
80 6 -0.256 0.111 2.324
80 7 -0.228 0.346 2.210
80 8 -0.224 0.404 2.191
80 9 0.242 -0.062 2.504
80 10 0.357 0.177 2.367
80 11 0.434 0.352 2.282
80 12 0.458 0.407 2.267
80 13 -0.039 -0.383 2.430
80 14 -0.136 -0.595 2.174
80 15 -0.121 -0.918 2.135
80 16 -0.108 -0.954 2.051
80 17 0.138 -0.388 2.460
80 18 0.266 -0.591 2.221
80 19 0.283 -0.916 2.134
80 20 0.292 -0.950 2.058
81 1 0.050 -0.297 2.456
81 2 0.043 -0.256 2.490
81 3 0.050 -0.032 2.477
81 4 0.090 0.141 2.475
81 5 -0.138 -0.084 2.447
81 6 -0.257 0.108 2.317
81 7 -0.245 0.337 2.201
81 8 -0.239 0.395 2.186
81 9 0.241 -0.060 2.501
81 10 0.374 0.141 2.364
81 11 0.440 0.342 2.273
81 12 0.460 0.395 2.255
81 13 -0.036 -0.385 2.432
81 14 -0.136 -0.595 2.174
81 15 -0.121 -0.918 2.135
81 16 -0.108 -0.954 2.051
81 17 0.139 -0.388 2.461
81 18 0.267 -0.591 2.221
81 19 0.283 -0.917 2.134
81 20 0.291 -0.950 2.057
82 1 0.051 -0.300 2.457
82 2 0.044 -0.257 2.490
82 3 0.051 -0.032 2.477
82 4 0.090 0.142 2.474
82 5 -0.134 -0.084 2.446
82 6 -0.276 0.082 2.313
82 7 -0.256 0.321 2.196
82 8 -0.246 0.380 2.184
82 9 0.241 -0.059 2.499
82 10 0.390 0.106 2.366
82 11 0.437 0.319 2.259
82 12 0.450 0.373 2.240
82 13 -0.035 -0.387 2.434
82 14 -0.136 -0.594 2.175
82 15 -0.121 -0.917 2.135
82 16 -0.108 -0.953 2.051
82 17 0.139 -0.389 2.461
82 18 0.267 -0.592 2.220
82 19 0.284 -0.917 2.134
82 20 0.291 -0.951 2.057
83 1 0.052 -0.304 2.458
83 2 0.046 -0.260 2.491
83 3 0.052 -0.032 2.477
83 4 0.091 0.143 2.473
83 5 -0.132 -0.083 2.445
83 6 -0.301 0.042 2.314
83 7 -0.265 0.237 2.214
83 8 -0.245 0.312 2.193
83 9 0.242 -0.059 2.498
83 10 0.413 0.055 2.375
83 11 0.419 0.241 2.261
83 12 0.421 0.312 2.232
83 13 -0.032 -0.390 2.435
83 14 -0.136 -0.594 2.175
83 15 -0.121 -0.917 2.134
83 16 -0.108 -0.953 2.050
83 17 0.140 -0.391 2.461
83 18 0.268 -0.592 2.219
83 19 0.284 -0.917 2.133
83 20 0.291 -0.951 2.057
84 1 0.053 -0.311 2.457
84 2 0.047 -0.264 2.490
84 3 0.053 -0.031 2.477
84 4 0.091 0.143 2.473
84 5 -0.129 -0.084 2.443
84 6 -0.323 -0.017 2.324
84 7 -0.268 0.169 2.224
84 8 -0.238 0.248 2.203
84 9 0.244 -0.062 2.496
84 10 0.433 -0.025 2.400
84 11 0.404 0.184 2.262
84 12 0.388 0.243 2.230
84 13 -0.031 -0.395 2.436
84 14 -0.136 -0.594 2.174
84 15 -0.120 -0.917 2.134
84 16 -0.108 -0.953 2.050
84 17 0.139 -0.396 2.461
84 18 0.270 -0.594 2.217
84 19 0.284 -0.918 2.133
84 20 0.291 -0.952 2.057
85 1 0.052 -0.317 2.456
85 2 0.047 -0.269 2.489
85 3 0.053 -0.031 2.476
85 4 0.091 0.144 2.472
85 5 -0.126 -0.086 2.442
85 6 -0.333 -0.065 2.330
85 7 -0.248 0.093 2.235
85 8 -0.208 0.164 2.220
85 9 0.248 -0.072 2.495
85 10 0.446 -0.095 2.416
85 11 0.390 0.098 2.276
85 12 0.359 0.165 2.239
85 13 -0.033 -0.399 2.435
85 14 -0.136 -0.594 2.172
85 15 -0.120 -0.917 2.135
85 16 -0.108 -0.953 2.051
85 17 0.128 -0.409 2.458
85 18 0.272 -0.594 2.215
85 19 0.284 -0.919 2.132
85 20 0.291 -0.952 2.057
86 1 0.050 -0.322 2.454
86 2 0.046 -0.273 2.488
86 3 0.054 -0.030 2.476
86 4 0.091 0.144 2.470
86 5 -0.123 -0.088 2.439
86 6 -0.334 -0.119 2.332
86 7 -0.208 0.041 2.230
86 8 -0.170 0.100 2.225
86 9 0.252 -0.085 2.494
86 10 0.446 -0.114 2.413
86 11 0.368 0.032 2.275
86 12 0.333 0.089 2.245
86 13 -0.037 -0.402 2.433
86 14 -0.136 -0.596 2.169
86 15 -0.119 -0.917 2.135
86 16 -0.107 -0.953 2.051
86 17 0.123 -0.416 2.455
86 18 0.274 -0.596 2.213
86 19 0.284 -0.920 2.130
86 20 0.289 -0.953 2.056
87 1 0.049 -0.326 2.452
87 2 0.046 -0.277 2.486
87 3 0.055 -0.031 2.475
87 4 0.091 0.145 2.469
87 5 -0.120 -0.092 2.436
87 6 -0.321 -0.166 2.332
87 7 -0.176 -0.016 2.221
87 8 -0.150 0.041 2.213
87 9 0.255 -0.105 2.493
87 10 0.447 -0.162 2.414
87 11 0.347 -0.029 2.271
87 12 0.316 0.025 2.248
87 13 -0.039 -0.405 2.429
87 14 -0.138 -0.598 2.165
87 15 -0.119 -0.917 2.136
87 16 -0.106 -0.953 2.052
87 17 0.121 -0.421 2.453
87 18 0.276 -0.597 2.210
87 19 0.283 -0.922 2.129
87 20 0.288 -0.954 2.054
88 1 0.049 -0.332 2.449
88 2 0.046 -0.283 2.483
88 3 0.056 -0.031 2.474
88 4 0.091 0.145 2.467
88 5 -0.116 -0.101 2.430
88 6 -0.305 -0.200 2.325
88 7 -0.163 -0.078 2.211
88 8 -0.134 -0.028 2.200
88 9 0.259 -0.124 2.492
88 10 0.437 -0.211 2.406
88 11 0.333 -0.092 2.271
88 12 0.307 -0.046 2.248
88 13 -0.039 -0.411 2.424
88 14 -0.140 -0.602 2.159
88 15 -0.117 -0.917 2.138
88 16 -0.104 -0.953 2.054
88 17 0.121 -0.426 2.451
88 18 0.279 -0.600 2.206
88 19 0.283 -0.923 2.128
88 20 0.287 -0.955 2.054
89 1 0.049 -0.345 2.446
89 2 0.046 -0.294 2.480
89 3 0.058 -0.034 2.471
89 4 0.091 0.145 2.466
89 5 -0.101 -0.136 2.418
89 6 -0.275 -0.252 2.328
89 7 -0.143 -0.130 2.197
89 8 -0.121 -0.092 2.164
89 9 0.260 -0.138 2.491
89 10 0.427 -0.241 2.399
89 11 0.313 -0.116 2.258
89 12 0.278 -0.068 2.217
89 13 -0.038 -0.421 2.420
89 14 -0.142 -0.605 2.154
89 15 -0.116 -0.917 2.141
89 16 -0.101 -0.953 2.058
89 17 0.121 -0.434 2.451
89 18 0.281 -0.601 2.202
89 19 0.279 -0.923 2.131
89 20 0.286 -0.955 2.055
90 1 0.049 -0.357 2.444
90 2 0.045 -0.305 2.477
90 3 0.060 -0.038 2.467
90 4 0.092 0.144 2.463
90 5 -0.096 -0.151 2.413
90 6 -0.247 -0.294 2.338
90 7 -0.119 -0.188 2.179
90 8 -0.105 -0.147 2.137
90 9 0.258 -0.155 2.489
90 10 0.405 -0.286 2.398
90 11 0.305 -0.162 2.257
90 12 0.268 -0.122 2.222
90 13 -0.037 -0.431 2.418
90 14 -0.144 -0.609 2.150
90 15 -0.115 -0.917 2.145
90 16 -0.100 -0.953 2.063
90 17 0.121 -0.445 2.451
90 18 0.283 -0.603 2.199
90 19 0.276 -0.922 2.135
90 20 0.285 -0.955 2.056
91 1 0.049 -0.365 2.442
91 2 0.045 -0.313 2.475
91 3 0.062 -0.043 2.463
91 4 0.093 0.143 2.460
91 5 -0.093 -0.157 2.410
91 6 -0.237 -0.313 2.341
91 7 -0.109 -0.229 2.177
91 8 -0.097 -0.183 2.128
91 9 0.256 -0.166 2.488
91 10 0.396 -0.305 2.398
91 11 0.300 -0.196 2.251
91 12 0.264 -0.156 2.217
91 13 -0.036 -0.438 2.417
91 14 -0.145 -0.611 2.147
91 15 -0.115 -0.916 2.151
91 16 -0.099 -0.953 2.068
91 17 0.122 -0.452 2.452
91 18 0.285 -0.604 2.196
91 19 0.273 -0.920 2.139
91 20 0.284 -0.955 2.058
92 1 0.049 -0.372 2.442
92 2 0.045 -0.320 2.474
92 3 0.064 -0.048 2.458
92 4 0.094 0.141 2.457
92 5 -0.092 -0.161 2.408
92 6 -0.231 -0.325 2.342
92 7 -0.104 -0.244 2.178
92 8 -0.077 -0.214 2.128
92 9 0.254 -0.174 2.486
92 10 0.386 -0.319 2.398
92 11 0.296 -0.213 2.249
92 12 0.260 -0.172 2.215
92 13 -0.036 -0.445 2.417
92 14 -0.146 -0.613 2.145
92 15 -0.115 -0.916 2.155
92 16 -0.099 -0.953 2.073
92 17 0.122 -0.459 2.452
92 18 0.286 -0.605 2.193
92 19 0.270 -0.919 2.142
92 20 0.283 -0.955 2.060
93 1 0.049 -0.378 2.441
93 2 0.045 -0.325 2.472
93 3 0.064 -0.052 2.454
93 4 0.095 0.138 2.453
93 5 -0.094 -0.162 2.408
93 6 -0.228 -0.332 2.343
93 7 -0.099 -0.256 2.180
93 8 -0.082 -0.279 2.140
93 9 0.250 -0.178 2.484
93 10 0.352 -0.343 2.413
93 11 0.292 -0.226 2.247
93 12 0.259 -0.187 2.210
93 13 -0.034 -0.453 2.419
93 14 -0.147 -0.614 2.143
93 15 -0.116 -0.915 2.159
93 16 -0.100 -0.953 2.076
93 17 0.123 -0.464 2.453
93 18 0.287 -0.605 2.191
93 19 0.269 -0.918 2.145
93 20 0.283 -0.954 2.062
94 1 0.049 -0.383 2.441
94 2 0.046 -0.329 2.471
94 3 0.065 -0.055 2.450
94 4 0.096 0.135 2.448
94 5 -0.096 -0.161 2.407
94 6 -0.228 -0.333 2.341
94 7 -0.094 -0.267 2.179
94 8 -0.082 -0.302 2.140
94 9 0.248 -0.182 2.483
94 10 0.342 -0.353 2.416
94 11 0.291 -0.250 2.242
94 12 0.262 -0.203 2.217
94 13 -0.033 -0.458 2.420
94 14 -0.147 -0.615 2.142
94 15 -0.117 -0.915 2.161
94 16 -0.100 -0.953 2.079
94 17 0.123 -0.467 2.453
94 18 0.288 -0.606 2.189
94 19 0.267 -0.917 2.147
94 20 0.282 -0.954 2.063
95 1 0.050 -0.385 2.441
95 2 0.046 -0.332 2.470
95 3 0.065 -0.058 2.447
95 4 0.097 0.132 2.443
95 5 -0.098 -0.161 2.407
95 6 -0.232 -0.332 2.335
95 7 -0.091 -0.274 2.179
95 8 -0.058 -0.271 2.138
95 9 0.246 -0.183 2.482
95 10 0.336 -0.360 2.417
95 11 0.287 -0.259 2.237
95 12 0.260 -0.219 2.196
95 13 -0.032 -0.462 2.421
95 14 -0.148 -0.616 2.142
95 15 -0.118 -0.914 2.164
95 16 -0.101 -0.952 2.082
95 17 0.124 -0.469 2.453
95 18 0.288 -0.606 2.188
95 19 0.266 -0.916 2.149
95 20 0.281 -0.954 2.065
96 1 0.050 -0.387 2.441
96 2 0.046 -0.333 2.469
96 3 0.065 -0.060 2.445
96 4 0.097 0.129 2.436
96 5 -0.100 -0.161 2.406
96 6 -0.235 -0.329 2.325
96 7 -0.091 -0.281 2.177
96 8 -0.053 -0.285 2.139
96 9 0.244 -0.184 2.481
96 10 0.332 -0.370 2.408
96 11 0.281 -0.273 2.219
96 12 0.258 -0.240 2.160
96 13 -0.032 -0.464 2.422
96 14 -0.148 -0.616 2.141
96 15 -0.119 -0.914 2.166
96 16 -0.102 -0.952 2.084
96 17 0.124 -0.471 2.453
96 18 0.288 -0.606 2.187
96 19 0.265 -0.916 2.151
96 20 0.281 -0.953 2.066
97 1 0.050 -0.389 2.441
97 2 0.047 -0.335 2.468
97 3 0.065 -0.061 2.443
97 4 0.097 0.127 2.431
97 5 -0.102 -0.162 2.404
97 6 -0.236 -0.327 2.315
97 7 -0.100 -0.313 2.159
97 8 -0.041 -0.298 2.121
97 9 0.243 -0.185 2.480
97 10 0.336 -0.371 2.347
97 11 0.277 -0.284 2.146
97 12 0.256 -0.256 2.079
97 13 -0.031 -0.466 2.422
97 14 -0.148 -0.617 2.141
97 15 -0.120 -0.914 2.168
97 16 -0.103 -0.952 2.086
97 17 0.125 -0.472 2.453
97 18 0.289 -0.606 2.186
97 19 0.265 -0.915 2.152
97 20 0.281 -0.953 2.067
98 1 0.050 -0.390 2.441
98 2 0.047 -0.336 2.467
98 3 0.065 -0.062 2.442
98 4 0.097 0.125 2.427
98 5 -0.104 -0.163 2.402
98 6 -0.233 -0.326 2.304
98 7 -0.098 -0.340 2.145
98 8 -0.035 -0.323 2.110
98 9 0.243 -0.186 2.480
98 10 0.336 -0.359 2.343
98 11 0.273 -0.308 2.133
98 12 0.249 -0.315 2.060
98 13 -0.031 -0.467 2.423
98 14 -0.148 -0.617 2.140
98 15 -0.122 -0.914 2.170
98 16 -0.104 -0.952 2.088
98 17 0.125 -0.473 2.454
98 18 0.289 -0.607 2.186
98 19 0.264 -0.915 2.153
98 20 0.281 -0.953 2.068
99 1 0.050 -0.392 2.441
99 2 0.047 -0.337 2.465
99 3 0.065 -0.063 2.440
99 4 0.096 0.124 2.423
99 5 -0.106 -0.164 2.400
99 6 -0.218 -0.326 2.289
99 7 -0.083 -0.377 2.130
99 8 -0.025 -0.364 2.092
99 9 0.242 -0.186 2.479
99 10 0.334 -0.349 2.348
99 11 0.265 -0.352 2.137
99 12 0.244 -0.371 2.070
99 13 -0.031 -0.469 2.424
99 14 -0.148 -0.618 2.140
99 15 -0.123 -0.914 2.172
99 16 -0.106 -0.952 2.090
99 17 0.124 -0.476 2.454
99 18 0.289 -0.606 2.185
99 19 0.264 -0.914 2.154
99 20 0.281 -0.952 2.070
100 1 0.048 -0.393 2.440
100 2 0.045 -0.339 2.460
100 3 0.064 -0.065 2.437
100 4 0.095 0.123 2.419
100 5 -0.106 -0.167 2.396
100 6 -0.185 -0.335 2.273
100 7 -0.072 -0.417 2.114
100 8 -0.009 -0.422 2.066
100 9 0.241 -0.186 2.477
100 10 0.300 -0.356 2.376
100 11 0.246 -0.376 2.152
100 12 0.217 -0.428 2.060
100 13 -0.033 -0.471 2.422
100 14 -0.150 -0.620 2.137
100 15 -0.125 -0.912 2.176
100 16 -0.107 -0.951 2.094
100 17 0.123 -0.477 2.454
100 18 0.293 -0.587 2.177
100 19 0.276 -0.844 2.148
100 20 0.281 -0.903 2.093
101 1 0.049 -0.394 2.435
101 2 0.046 -0.341 2.453
101 3 0.063 -0.068 2.434
101 4 0.094 0.120 2.415
101 5 -0.106 -0.170 2.391
101 6 -0.166 -0.341 2.268
101 7 -0.067 -0.437 2.110
101 8 0.006 -0.467 2.065
101 9 0.240 -0.186 2.473
101 10 0.282 -0.361 2.390
101 11 0.216 -0.429 2.145
101 12 0.147 -0.462 2.099
101 13 -0.034 -0.471 2.418
101 14 -0.151 -0.620 2.132
101 15 -0.158 -0.880 2.114
101 16 -0.113 -0.855 2.101
101 17 0.136 -0.471 2.439
101 18 0.300 -0.582 2.160
101 19 0.285 -0.801 2.144
101 20 0.281 -0.875 2.105
102 1 0.053 -0.398 2.429
102 2 0.049 -0.345 2.444
102 3 0.062 -0.072 2.427
102 4 0.092 0.117 2.409
102 5 -0.104 -0.177 2.384
102 6 -0.146 -0.357 2.264
102 7 -0.061 -0.463 2.106
102 8 -0.010 -0.509 2.058
102 9 0.236 -0.188 2.466
102 10 0.274 -0.364 2.394
102 11 0.174 -0.467 2.149
102 12 0.085 -0.519 2.063
102 13 -0.032 -0.476 2.412
102 14 -0.153 -0.620 2.126
102 15 -0.177 -0.860 2.074
102 16 -0.118 -0.813 2.105
102 17 0.144 -0.471 2.432
102 18 0.304 -0.579 2.149
102 19 0.287 -0.787 2.142
102 20 0.282 -0.863 2.109
103 1 0.056 -0.404 2.423
103 2 0.052 -0.351 2.435
103 3 0.060 -0.078 2.418
103 4 0.089 0.114 2.404
103 5 -0.102 -0.182 2.379
103 6 -0.131 -0.371 2.261
103 7 -0.050 -0.487 2.108
103 8 -0.010 -0.532 2.060
103 9 0.234 -0.190 2.459
103 10 0.266 -0.373 2.388
103 11 0.157 -0.484 2.146
103 12 0.055 -0.539 2.044
103 13 -0.029 -0.482 2.407
103 14 -0.156 -0.619 2.120
103 15 -0.185 -0.852 2.054
103 16 -0.120 -0.795 2.107
103 17 0.149 -0.474 2.428
103 18 0.306 -0.579 2.142
103 19 0.289 -0.777 2.142
103 20 0.282 -0.856 2.112
104 1 0.059 -0.411 2.417
104 2 0.055 -0.358 2.427
104 3 0.059 -0.085 2.408
104 4 0.087 0.110 2.396
104 5 -0.100 -0.187 2.374
104 6 -0.120 -0.385 2.261
104 7 0.007 -0.516 2.093
104 8 0.041 -0.564 2.057
104 9 0.232 -0.194 2.450
104 10 0.262 -0.380 2.382
104 11 0.144 -0.502 2.145
104 12 0.044 -0.564 2.034
104 13 -0.027 -0.489 2.403
104 14 -0.158 -0.618 2.115
104 15 -0.189 -0.847 2.044
104 16 -0.122 -0.784 2.107
104 17 0.152 -0.479 2.424
104 18 0.309 -0.580 2.136
104 19 0.315 -0.805 2.094
104 20 0.320 -0.859 2.040
105 1 0.061 -0.418 2.412
105 2 0.058 -0.364 2.420
105 3 0.058 -0.092 2.394
105 4 0.084 0.105 2.387
105 5 -0.098 -0.193 2.367
105 6 -0.115 -0.397 2.260
105 7 0.041 -0.534 2.083
105 8 0.075 -0.582 2.056
105 9 0.231 -0.198 2.441
105 10 0.261 -0.387 2.371
105 11 0.148 -0.519 2.139
105 12 0.046 -0.573 2.031
105 13 -0.025 -0.496 2.399
105 14 -0.161 -0.618 2.111
105 15 -0.192 -0.845 2.037
105 16 -0.124 -0.784 2.106
105 17 0.154 -0.485 2.422
105 18 0.310 -0.582 2.133
105 19 0.330 -0.822 2.067
105 20 0.340 -0.863 2.002
106 1 0.063 -0.423 2.409
106 2 0.059 -0.369 2.415
106 3 0.059 -0.098 2.383
106 4 0.081 0.099 2.375
106 5 -0.095 -0.199 2.360
106 6 -0.112 -0.407 2.258
106 7 0.056 -0.543 2.078
106 8 0.089 -0.591 2.055
106 9 0.230 -0.201 2.433
106 10 0.263 -0.392 2.361
106 11 0.155 -0.528 2.133
106 12 0.050 -0.581 2.034
106 13 -0.024 -0.501 2.397
106 14 -0.162 -0.617 2.108
106 15 -0.192 -0.846 2.037
106 16 -0.125 -0.790 2.104
106 17 0.155 -0.489 2.420
106 18 0.312 -0.585 2.130
106 19 0.335 -0.830 2.056
106 20 0.349 -0.866 1.985
107 1 0.064 -0.427 2.407
107 2 0.061 -0.372 2.411
107 3 0.060 -0.103 2.373
107 4 0.080 0.088 2.352
107 5 -0.094 -0.206 2.350
107 6 -0.112 -0.415 2.256
107 7 0.071 -0.541 2.079
107 8 0.076 -0.589 2.063
107 9 0.230 -0.203 2.426
107 10 0.266 -0.396 2.352
107 11 0.152 -0.530 2.131
107 12 0.057 -0.582 2.036
107 13 -0.022 -0.505 2.396
107 14 -0.163 -0.617 2.106
107 15 -0.190 -0.849 2.040
107 16 -0.126 -0.797 2.103
107 17 0.156 -0.493 2.419
107 18 0.312 -0.588 2.129
107 19 0.337 -0.836 2.050
107 20 0.354 -0.868 1.974
108 1 0.065 -0.429 2.405
108 2 0.062 -0.375 2.408
108 3 0.061 -0.106 2.366
108 4 0.080 0.084 2.339
108 5 -0.093 -0.209 2.342
108 6 -0.114 -0.420 2.254
108 7 0.070 -0.542 2.075
108 8 0.086 -0.590 2.066
108 9 0.231 -0.205 2.418
108 10 0.269 -0.397 2.344
108 11 0.248 -0.525 2.167
108 12 0.280 -0.539 2.169
108 13 -0.021 -0.507 2.395
108 14 -0.164 -0.617 2.105
108 15 -0.187 -0.852 2.045
108 16 -0.126 -0.803 2.102
108 17 0.156 -0.496 2.419
108 18 0.312 -0.592 2.129
108 19 0.337 -0.842 2.048
108 20 0.356 -0.871 1.968
109 1 0.065 -0.431 2.404
109 2 0.062 -0.376 2.406
109 3 0.061 -0.108 2.360
109 4 0.080 0.082 2.326
109 5 -0.092 -0.211 2.336
109 6 -0.116 -0.422 2.251
109 7 0.068 -0.540 2.074
109 8 0.089 -0.590 2.068
109 9 0.231 -0.206 2.409
109 10 0.272 -0.401 2.330
109 11 0.287 -0.534 2.170
109 12 0.324 -0.564 2.160
109 13 -0.021 -0.509 2.394
109 14 -0.164 -0.617 2.104
109 15 -0.184 -0.856 2.049
109 16 -0.126 -0.808 2.101
109 17 0.156 -0.498 2.419
109 18 0.312 -0.595 2.129
109 19 0.335 -0.846 2.050
109 20 0.356 -0.875 1.965
110 1 0.066 -0.432 2.403
110 2 0.063 -0.378 2.404
110 3 0.061 -0.109 2.354
110 4 0.079 0.080 2.315
110 5 -0.092 -0.211 2.331
110 6 -0.120 -0.423 2.248
110 7 0.066 -0.536 2.075
110 8 0.078 -0.589 2.071
110 9 0.231 -0.207 2.401
110 10 0.275 -0.404 2.322
110 11 0.307 -0.536 2.173
110 12 0.354 -0.573 2.158
110 13 -0.020 -0.511 2.394
110 14 -0.165 -0.616 2.103
110 15 -0.182 -0.858 2.052
110 16 -0.126 -0.811 2.101
110 17 0.156 -0.500 2.419
110 18 0.311 -0.598 2.129
110 19 0.331 -0.849 2.053
110 20 0.355 -0.880 1.966
111 1 0.066 -0.433 2.403
111 2 0.063 -0.379 2.402
111 3 0.060 -0.110 2.349
111 4 0.078 0.080 2.307
111 5 -0.093 -0.211 2.326
111 6 -0.123 -0.423 2.245
111 7 0.059 -0.532 2.072
111 8 0.079 -0.585 2.070
111 9 0.231 -0.207 2.394
111 10 0.276 -0.405 2.316
111 11 0.319 -0.538 2.175
111 12 0.359 -0.578 2.154
111 13 -0.020 -0.512 2.394
111 14 -0.165 -0.616 2.103
111 15 -0.180 -0.860 2.054
111 16 -0.126 -0.814 2.100
111 17 0.156 -0.501 2.419
111 18 0.311 -0.600 2.129
111 19 0.329 -0.851 2.056
111 20 0.352 -0.884 1.968
112 1 0.066 -0.434 2.402
112 2 0.063 -0.380 2.399
112 3 0.059 -0.111 2.345
112 4 0.078 0.080 2.302
112 5 -0.094 -0.210 2.322
112 6 -0.126 -0.422 2.243
112 7 0.053 -0.530 2.070
112 8 0.081 -0.580 2.069
112 9 0.231 -0.207 2.388
112 10 0.277 -0.406 2.312
112 11 0.321 -0.538 2.174
112 12 0.361 -0.577 2.155
112 13 -0.020 -0.513 2.394
112 14 -0.165 -0.617 2.102
112 15 -0.179 -0.861 2.055
112 16 -0.127 -0.816 2.100
112 17 0.156 -0.502 2.418
112 18 0.310 -0.602 2.129
112 19 0.326 -0.853 2.059
112 20 0.349 -0.887 1.971
113 1 0.066 -0.435 2.400
113 2 0.063 -0.380 2.395
113 3 0.059 -0.111 2.340
113 4 0.077 0.080 2.296
113 5 -0.095 -0.209 2.319
113 6 -0.128 -0.421 2.240
113 7 0.048 -0.528 2.069
113 8 0.083 -0.574 2.064
113 9 0.231 -0.207 2.383
113 10 0.278 -0.406 2.310
113 11 0.316 -0.536 2.172
113 12 0.357 -0.578 2.152
113 13 -0.020 -0.513 2.393
113 14 -0.166 -0.617 2.102
113 15 -0.179 -0.862 2.056
113 16 -0.127 -0.818 2.099
113 17 0.155 -0.503 2.418
113 18 0.310 -0.603 2.129
113 19 0.325 -0.854 2.061
113 20 0.346 -0.890 1.974
114 1 0.065 -0.435 2.397
114 2 0.062 -0.380 2.390
114 3 0.058 -0.111 2.336
114 4 0.076 0.081 2.290
114 5 -0.096 -0.208 2.316
114 6 -0.130 -0.420 2.239
114 7 0.050 -0.522 2.071
114 8 0.051 -0.563 2.061
114 9 0.231 -0.207 2.379
114 10 0.279 -0.406 2.309
114 11 0.308 -0.534 2.170
114 12 0.347 -0.577 2.147
114 13 -0.020 -0.514 2.392
114 14 -0.166 -0.618 2.100
114 15 -0.179 -0.863 2.056
114 16 -0.128 -0.820 2.098
114 17 0.154 -0.503 2.416
114 18 0.310 -0.605 2.128
114 19 0.324 -0.854 2.062
114 20 0.345 -0.893 1.976
115 1 0.064 -0.435 2.393
115 2 0.062 -0.380 2.385
115 3 0.057 -0.112 2.331
115 4 0.075 0.081 2.286
115 5 -0.097 -0.206 2.314
115 6 -0.131 -0.419 2.237
115 7 0.051 -0.518 2.073
115 8 0.038 -0.560 2.059
115 9 0.230 -0.207 2.376
115 10 0.279 -0.405 2.308
115 11 0.185 -0.511 2.120
115 12 0.200 -0.574 2.056
115 13 -0.020 -0.514 2.391
115 14 -0.167 -0.619 2.099
115 15 -0.179 -0.864 2.056
115 16 -0.129 -0.822 2.097
115 17 0.153 -0.504 2.414
115 18 0.310 -0.606 2.128
115 19 0.324 -0.855 2.063
115 20 0.344 -0.894 1.977
116 1 0.064 -0.435 2.390
116 2 0.061 -0.380 2.381
116 3 0.057 -0.113 2.327
116 4 0.075 0.082 2.283
116 5 -0.098 -0.205 2.312
116 6 -0.132 -0.418 2.236
116 7 0.052 -0.515 2.074
116 8 0.033 -0.557 2.057
116 9 0.230 -0.207 2.374
116 10 0.280 -0.405 2.308
116 11 0.145 -0.504 2.103
116 12 0.124 -0.573 2.008
116 13 -0.021 -0.514 2.389
116 14 -0.168 -0.621 2.098
116 15 -0.179 -0.865 2.055
116 16 -0.130 -0.823 2.096
116 17 0.152 -0.504 2.412
116 18 0.310 -0.607 2.127
116 19 0.324 -0.855 2.063
116 20 0.343 -0.896 1.978
