1 1 0.065 -0.010 1.750
1 2 0.062 0.029 1.790
1 3 0.051 0.264 1.794
1 4 0.039 0.490 1.819
1 5 -0.124 0.277 1.808
1 6 -0.167 0.030 1.754
1 7 -0.150 -0.121 1.639
1 8 -0.136 -0.170 1.575
1 9 0.222 0.279 1.819
1 10 0.272 0.033 1.780
1 11 0.277 -0.147 1.696
1 12 0.267 -0.211 1.658
1 13 -0.005 -0.088 1.733
1 14 -0.035 -0.482 1.747
1 15 -0.019 -0.690 1.787
1 16 -0.077 -0.699 1.752
1 17 0.142 -0.084 1.739
1 18 0.173 -0.479 1.748
1 19 0.158 -0.693 1.773
1 20 0.165 -0.729 1.727
2 1 0.061 -0.009 1.750
2 2 0.057 0.029 1.790
2 3 0.045 0.265 1.794
2 4 0.033 0.491 1.820
2 5 -0.130 0.277 1.807
2 6 -0.171 0.030 1.750
2 7 -0.152 -0.117 1.632
2 8 -0.136 -0.166 1.569
2 9 0.217 0.279 1.820
2 10 0.266 0.033 1.782
2 11 0.273 -0.147 1.700
2 12 0.264 -0.210 1.661
2 13 -0.009 -0.088 1.732
2 14 -0.037 -0.480 1.747
2 15 -0.020 -0.689 1.789
2 16 -0.078 -0.701 1.754
2 17 0.139 -0.084 1.739
2 18 0.170 -0.478 1.747
2 19 0.153 -0.691 1.771
2 20 0.163 -0.735 1.739
3 1 0.058 -0.009 1.750
3 2 0.053 0.030 1.790
3 3 0.041 0.266 1.795
3 4 0.028 0.492 1.820
3 5 -0.134 0.277 1.805
3 6 -0.176 0.031 1.745
3 7 -0.156 -0.114 1.627
3 8 -0.138 -0.163 1.565
3 9 0.212 0.279 1.820
3 10 0.261 0.034 1.785
3 11 0.269 -0.146 1.704
3 12 0.261 -0.209 1.664
3 13 -0.012 -0.088 1.731
3 14 -0.039 -0.479 1.747
3 15 -0.021 -0.687 1.791
3 16 -0.079 -0.703 1.756
3 17 0.135 -0.084 1.739
3 18 0.168 -0.476 1.746
3 19 0.150 -0.690 1.771
3 20 0.171 -0.725 1.735
4 1 0.054 -0.009 1.750
4 2 0.049 0.030 1.790
4 3 0.036 0.267 1.795
4 4 0.024 0.493 1.820
4 5 -0.138 0.276 1.804
4 6 -0.182 0.032 1.742
4 7 -0.160 -0.112 1.623
4 8 -0.143 -0.162 1.564
4 9 0.208 0.279 1.821
4 10 0.257 0.034 1.789
4 11 0.265 -0.147 1.709
4 12 0.259 -0.209 1.668
4 13 -0.015 -0.088 1.730
4 14 -0.042 -0.477 1.747
4 15 -0.022 -0.685 1.792
4 16 -0.079 -0.704 1.757
4 17 0.132 -0.083 1.739
4 18 0.165 -0.475 1.746
4 19 0.147 -0.689 1.770
4 20 0.178 -0.718 1.734
5 1 0.050 -0.009 1.750
5 2 0.045 0.030 1.790
5 3 0.033 0.268 1.795
5 4 0.020 0.494 1.820
5 5 -0.142 0.276 1.803
5 6 -0.186 0.032 1.739
5 7 -0.166 -0.114 1.622
5 8 -0.151 -0.165 1.566
5 9 0.204 0.279 1.822
5 10 0.253 0.034 1.792
5 11 0.262 -0.148 1.714
5 12 0.258 -0.209 1.672
5 13 -0.019 -0.088 1.729
5 14 -0.044 -0.476 1.747
5 15 -0.023 -0.684 1.792
5 16 -0.080 -0.704 1.758
5 17 0.128 -0.083 1.740
5 18 0.162 -0.474 1.745
5 19 0.144 -0.688 1.769
5 20 0.181 -0.714 1.733
6 1 0.047 -0.009 1.750
6 2 0.042 0.030 1.790
6 3 0.029 0.269 1.796
6 4 0.017 0.494 1.819
6 5 -0.145 0.276 1.802
6 6 -0.190 0.032 1.737
6 7 -0.173 -0.117 1.623
6 8 -0.162 -0.172 1.572
6 9 0.200 0.280 1.823
6 10 0.249 0.034 1.796
6 11 0.259 -0.148 1.719
6 12 0.257 -0.209 1.675
6 13 -0.021 -0.088 1.729
6 14 -0.048 -0.478 1.747
6 15 -0.024 -0.685 1.793
6 16 -0.080 -0.704 1.758
6 17 0.125 -0.083 1.740
6 18 0.158 -0.477 1.745
6 19 0.143 -0.689 1.770
6 20 0.184 -0.703 1.729
7 1 0.045 -0.010 1.749
7 2 0.039 0.030 1.790
7 3 0.026 0.269 1.796
7 4 0.014 0.495 1.819
7 5 -0.148 0.275 1.800
7 6 -0.193 0.032 1.736
7 7 -0.183 -0.125 1.632
7 8 -0.178 -0.186 1.588
7 9 0.197 0.280 1.824
7 10 0.246 0.035 1.800
7 11 0.256 -0.149 1.723
7 12 0.256 -0.210 1.680
7 13 -0.024 -0.088 1.728
7 14 -0.051 -0.479 1.746
7 15 -0.025 -0.686 1.794
7 16 -0.081 -0.704 1.759
7 17 0.123 -0.083 1.740
7 18 0.153 -0.480 1.746
7 19 0.142 -0.693 1.771
7 20 0.184 -0.694 1.726
8 1 0.042 -0.010 1.749
8 2 0.035 0.030 1.790
8 3 0.023 0.270 1.796
8 4 0.011 0.496 1.819
8 5 -0.151 0.275 1.798
8 6 -0.198 0.031 1.736
8 7 -0.190 -0.131 1.640
8 8 -0.186 -0.194 1.598
8 9 0.193 0.280 1.825
8 10 0.243 0.035 1.803
8 11 0.254 -0.151 1.727
8 12 0.254 -0.213 1.685
8 13 -0.027 -0.089 1.728
8 14 -0.053 -0.480 1.746
8 15 -0.026 -0.686 1.794
8 16 -0.082 -0.704 1.758
8 17 0.120 -0.083 1.741
8 18 0.150 -0.481 1.746
8 19 0.141 -0.693 1.771
8 20 0.184 -0.691 1.724
9 1 0.039 -0.010 1.749
9 2 0.032 0.030 1.790
9 3 0.019 0.271 1.795
9 4 0.009 0.496 1.818
9 5 -0.154 0.274 1.797
9 6 -0.202 0.031 1.736
9 7 -0.197 -0.139 1.653
9 8 -0.192 -0.201 1.610
9 9 0.191 0.281 1.826
9 10 0.241 0.035 1.807
9 11 0.251 -0.155 1.731
9 12 0.252 -0.216 1.690
9 13 -0.029 -0.089 1.727
9 14 -0.055 -0.480 1.745
9 15 -0.028 -0.686 1.793
9 16 -0.083 -0.703 1.758
9 17 0.117 -0.083 1.741
9 18 0.148 -0.482 1.746
9 19 0.141 -0.694 1.772
9 20 0.184 -0.688 1.723
10 1 0.037 -0.010 1.749
10 2 0.030 0.030 1.790
10 3 0.016 0.271 1.795
10 4 0.006 0.497 1.818
10 5 -0.156 0.274 1.795
10 6 -0.206 0.030 1.738
10 7 -0.201 -0.144 1.662
10 8 -0.197 -0.206 1.618
10 9 0.188 0.281 1.827
10 10 0.238 0.036 1.810
10 11 0.248 -0.159 1.735
10 12 0.250 -0.218 1.694
10 13 -0.031 -0.089 1.727
10 14 -0.057 -0.480 1.744
10 15 -0.030 -0.686 1.793
10 16 -0.085 -0.703 1.757
10 17 0.115 -0.084 1.741
10 18 0.146 -0.484 1.746
10 19 0.141 -0.696 1.773
10 20 0.183 -0.686 1.722
11 1 0.035 -0.010 1.749
11 2 0.028 0.029 1.790
11 3 0.014 0.272 1.795
11 4 0.005 0.497 1.817
11 5 -0.158 0.273 1.794
11 6 -0.210 0.029 1.740
11 7 -0.204 -0.148 1.671
11 8 -0.200 -0.208 1.626
11 9 0.185 0.282 1.828
11 10 0.236 0.037 1.814
11 11 0.247 -0.163 1.737
11 12 0.249 -0.220 1.696
11 13 -0.033 -0.089 1.726
11 14 -0.059 -0.480 1.744
11 15 -0.032 -0.686 1.792
11 16 -0.086 -0.703 1.756
11 17 0.114 -0.084 1.741
11 18 0.144 -0.484 1.746
11 19 0.140 -0.696 1.773
11 20 0.182 -0.685 1.721
12 1 0.033 -0.010 1.749
12 2 0.026 0.029 1.789
12 3 0.012 0.272 1.795
12 4 0.003 0.498 1.817
12 5 -0.160 0.273 1.793
12 6 -0.214 0.029 1.744
12 7 -0.206 -0.150 1.678
12 8 -0.202 -0.209 1.632
12 9 0.183 0.282 1.829
12 10 0.234 0.037 1.816
12 11 0.245 -0.164 1.739
12 12 0.248 -0.221 1.698
12 13 -0.035 -0.089 1.726
12 14 -0.061 -0.479 1.743
12 15 -0.033 -0.685 1.791
12 16 -0.087 -0.703 1.755
12 17 0.112 -0.084 1.742
12 18 0.142 -0.483 1.746
12 19 0.138 -0.696 1.772
12 20 0.182 -0.685 1.720
13 1 0.032 -0.010 1.749
13 2 0.024 0.030 1.789
13 3 0.010 0.273 1.794
13 4 0.001 0.498 1.816
13 5 -0.161 0.273 1.791
13 6 -0.218 0.028 1.749
13 7 -0.208 -0.151 1.682
13 8 -0.204 -0.209 1.635
13 9 0.181 0.282 1.830
13 10 0.233 0.037 1.818
13 11 0.245 -0.165 1.739
13 12 0.248 -0.221 1.699
13 13 -0.036 -0.089 1.725
13 14 -0.063 -0.478 1.741
13 15 -0.035 -0.685 1.790
13 16 -0.088 -0.704 1.755
13 17 0.110 -0.084 1.742
13 18 0.141 -0.483 1.745
13 19 0.136 -0.695 1.771
13 20 0.182 -0.686 1.720
14 1 0.030 -0.010 1.748
14 2 0.022 0.030 1.789
14 3 0.008 0.273 1.794
14 4 -0.001 0.499 1.816
14 5 -0.163 0.272 1.791
14 6 -0.222 0.028 1.754
14 7 -0.211 -0.149 1.683
14 8 -0.208 -0.204 1.633
14 9 0.179 0.283 1.831
14 10 0.231 0.038 1.820
14 11 0.246 -0.151 1.732
14 12 0.247 -0.208 1.687
14 13 -0.037 -0.089 1.725
14 14 -0.065 -0.477 1.740
14 15 -0.037 -0.684 1.788
14 16 -0.089 -0.704 1.754
14 17 0.109 -0.084 1.742
14 18 0.140 -0.483 1.745
14 19 0.134 -0.696 1.770
14 20 0.182 -0.685 1.720
15 1 0.029 -0.010 1.748
15 2 0.021 0.030 1.789
15 3 0.007 0.274 1.794
15 4 -0.002 0.500 1.815
15 5 -0.164 0.272 1.790
15 6 -0.228 0.030 1.759
15 7 -0.231 -0.126 1.659
15 8 -0.227 -0.176 1.603
15 9 0.177 0.283 1.831
15 10 0.231 0.038 1.822
15 11 0.265 -0.111 1.706
15 12 0.267 -0.158 1.647
15 13 -0.038 -0.090 1.724
15 14 -0.066 -0.479 1.739
15 15 -0.038 -0.685 1.787
15 16 -0.091 -0.704 1.754
15 17 0.108 -0.084 1.742
15 18 0.139 -0.483 1.744
15 19 0.133 -0.696 1.768
15 20 0.181 -0.685 1.721
16 1 0.028 -0.011 1.748
16 2 0.020 0.030 1.789
16 3 0.005 0.275 1.794
16 4 -0.003 0.500 1.815
16 5 -0.165 0.272 1.790
16 6 -0.241 0.046 1.760
16 7 -0.254 -0.088 1.630
16 8 -0.250 -0.128 1.556
16 9 0.176 0.283 1.832
16 10 0.232 0.041 1.823
16 11 0.286 -0.057 1.672
16 12 0.294 -0.099 1.596
16 13 -0.039 -0.090 1.724
16 14 -0.067 -0.480 1.739
16 15 -0.039 -0.687 1.787
16 16 -0.092 -0.704 1.753
16 17 0.107 -0.084 1.743
16 18 0.139 -0.483 1.744
16 19 0.131 -0.697 1.768
16 20 0.181 -0.685 1.721
17 1 0.027 -0.011 1.748
17 2 0.019 0.030 1.789
17 3 0.004 0.275 1.794
17 4 -0.004 0.501 1.815
17 5 -0.165 0.272 1.789
17 6 -0.254 0.066 1.752
17 7 -0.279 -0.037 1.588
17 8 -0.284 -0.058 1.493
17 9 0.175 0.283 1.833
17 10 0.242 0.061 1.818
17 11 0.311 -0.004 1.625
17 12 0.327 -0.033 1.541
17 13 -0.040 -0.090 1.724
17 14 -0.068 -0.481 1.738
17 15 -0.040 -0.688 1.786
17 16 -0.093 -0.704 1.752
17 17 0.106 -0.084 1.743
17 18 0.138 -0.483 1.743
17 19 0.131 -0.697 1.767
17 20 0.180 -0.684 1.721
18 1 0.027 -0.011 1.748
18 2 0.018 0.030 1.789
18 3 0.003 0.276 1.794
18 4 -0.005 0.501 1.815
18 5 -0.166 0.272 1.789
18 6 -0.268 0.090 1.728
18 7 -0.302 0.010 1.498
18 8 -0.315 0.021 1.421
18 9 0.175 0.283 1.833
18 10 0.262 0.082 1.797
18 11 0.342 0.056 1.571
18 12 0.364 0.053 1.489
18 13 -0.041 -0.090 1.723
18 14 -0.069 -0.482 1.738
18 15 -0.041 -0.689 1.786
18 16 -0.094 -0.704 1.752
18 17 0.105 -0.084 1.743
18 18 0.138 -0.483 1.743
18 19 0.130 -0.698 1.766
18 20 0.177 -0.681 1.720
19 1 0.026 -0.011 1.748
19 2 0.018 0.030 1.789
19 3 0.002 0.277 1.794
19 4 -0.006 0.502 1.815
19 5 -0.166 0.272 1.789
19 6 -0.274 0.103 1.713
19 7 -0.321 0.081 1.432
19 8 -0.334 0.120 1.373
19 9 0.175 0.283 1.834
19 10 0.286 0.109 1.766
19 11 0.365 0.126 1.539
19 12 0.390 0.148 1.461
19 13 -0.042 -0.090 1.723
19 14 -0.069 -0.483 1.738
19 15 -0.041 -0.690 1.785
19 16 -0.094 -0.703 1.751
19 17 0.105 -0.084 1.744
19 18 0.138 -0.484 1.742
19 19 0.130 -0.698 1.766
19 20 0.165 -0.673 1.717
20 1 0.026 -0.011 1.748
20 2 0.017 0.030 1.789
20 3 0.002 0.277 1.795
20 4 -0.006 0.503 1.815
20 5 -0.167 0.272 1.789
20 6 -0.290 0.123 1.687
20 7 -0.332 0.175 1.393
20 8 -0.339 0.224 1.350
20 9 0.175 0.282 1.834
20 10 0.314 0.144 1.731
20 11 0.383 0.210 1.515
20 12 0.406 0.251 1.453
20 13 -0.042 -0.090 1.723
20 14 -0.070 -0.484 1.738
20 15 -0.042 -0.691 1.785
20 16 -0.095 -0.702 1.750
20 17 0.104 -0.084 1.744
20 18 0.138 -0.484 1.742
20 19 0.130 -0.699 1.766
20 20 0.162 -0.671 1.716
21 1 0.025 -0.011 1.749
21 2 0.017 0.030 1.789
21 3 0.001 0.278 1.796
21 4 -0.006 0.503 1.816
21 5 -0.167 0.272 1.789
21 6 -0.307 0.152 1.659
21 7 -0.333 0.260 1.396
21 8 -0.333 0.323 1.357
21 9 0.175 0.282 1.835
21 10 0.332 0.166 1.712
21 11 0.385 0.290 1.526
21 12 0.402 0.343 1.474
21 13 -0.043 -0.090 1.723
21 14 -0.070 -0.484 1.738
21 15 -0.042 -0.692 1.785
21 16 -0.095 -0.701 1.749
21 17 0.104 -0.084 1.744
21 18 0.138 -0.484 1.742
21 19 0.130 -0.699 1.765
21 20 0.160 -0.669 1.715
22 1 0.025 -0.011 1.749
22 2 0.016 0.030 1.790
22 3 0.001 0.279 1.798
22 4 -0.007 0.504 1.817
22 5 -0.167 0.272 1.789
22 6 -0.321 0.188 1.640
22 7 -0.326 0.348 1.422
22 8 -0.322 0.413 1.385
22 9 0.176 0.282 1.835
22 10 0.352 0.208 1.699
22 11 0.385 0.373 1.536
22 12 0.388 0.430 1.501
22 13 -0.043 -0.090 1.723
22 14 -0.070 -0.484 1.738
22 15 -0.042 -0.691 1.784
22 16 -0.096 -0.701 1.748
22 17 0.103 -0.085 1.744
22 18 0.138 -0.485 1.741
22 19 0.130 -0.700 1.764
22 20 0.159 -0.668 1.714
23 1 0.025 -0.011 1.749
23 2 0.016 0.030 1.790
23 3 0.001 0.280 1.800
23 4 -0.006 0.506 1.818
23 5 -0.167 0.272 1.789
23 6 -0.332 0.238 1.625
23 7 -0.314 0.442 1.452
23 8 -0.305 0.497 1.433
23 9 0.178 0.283 1.835
23 10 0.367 0.244 1.695
23 11 0.372 0.454 1.560
23 12 0.360 0.509 1.549
23 13 -0.043 -0.090 1.723
23 14 -0.070 -0.483 1.737
23 15 -0.043 -0.691 1.783
23 16 -0.096 -0.701 1.746
23 17 0.103 -0.085 1.745
23 18 0.138 -0.485 1.741
23 19 0.131 -0.700 1.763
23 20 0.158 -0.666 1.713
24 1 0.025 -0.010 1.749
24 2 0.017 0.031 1.791
24 3 0.002 0.282 1.802
24 4 -0.006 0.507 1.819
24 5 -0.168 0.273 1.790
24 6 -0.338 0.275 1.623
24 7 -0.299 0.493 1.515
24 8 -0.284 0.558 1.493
24 9 0.183 0.284 1.834
24 10 0.378 0.275 1.698
24 11 0.347 0.492 1.614
24 12 0.331 0.561 1.604
24 13 -0.043 -0.090 1.724
24 14 -0.070 -0.483 1.737
24 15 -0.043 -0.691 1.780
24 16 -0.097 -0.700 1.744
24 17 0.103 -0.084 1.745
24 18 0.139 -0.485 1.740
24 19 0.134 -0.701 1.760
24 20 0.154 -0.661 1.711
25 1 0.026 -0.008 1.750
25 2 0.018 0.033 1.791
25 3 0.004 0.284 1.803
25 4 -0.005 0.509 1.821
25 5 -0.168 0.274 1.790
25 6 -0.338 0.316 1.636
25 7 -0.282 0.538 1.568
25 8 -0.259 0.609 1.555
25 9 0.190 0.286 1.831
25 10 0.393 0.313 1.711
25 11 0.323 0.527 1.664
25 12 0.296 0.599 1.665
25 13 -0.044 -0.089 1.724
25 14 -0.069 -0.483 1.736
25 15 -0.043 -0.691 1.776
25 16 -0.097 -0.692 1.736
25 17 0.105 -0.084 1.745
25 18 0.141 -0.485 1.737
25 19 0.136 -0.701 1.756
25 20 0.154 -0.658 1.709
26 1 0.028 -0.003 1.751
26 2 0.021 0.039 1.792
26 3 0.009 0.291 1.805
26 4 -0.003 0.515 1.823
26 5 -0.169 0.279 1.791
26 6 -0.337 0.365 1.651
26 7 -0.265 0.579 1.616
26 8 -0.234 0.642 1.613
26 9 0.199 0.291 1.827
26 10 0.399 0.350 1.722
26 11 0.303 0.548 1.706
26 12 0.268 0.615 1.717
26 13 -0.043 -0.086 1.724
26 14 -0.069 -0.482 1.735
26 15 -0.043 -0.692 1.770
26 16 -0.097 -0.685 1.730
26 17 0.107 -0.081 1.744
26 18 0.144 -0.482 1.733
26 19 0.138 -0.699 1.752
26 20 0.161 -0.661 1.701
27 1 0.032 0.008 1.751
27 2 0.026 0.050 1.793
27 3 0.014 0.305 1.806
27 4 0.000 0.530 1.824
27 5 -0.169 0.287 1.792
27 6 -0.326 0.415 1.665
27 7 -0.254 0.602 1.640
27 8 -0.223 0.644 1.645
27 9 0.209 0.302 1.823
27 10 0.398 0.390 1.734
27 11 0.290 0.574 1.733
27 12 0.248 0.636 1.748
27 13 -0.042 -0.079 1.724
27 14 -0.068 -0.481 1.734
27 15 -0.044 -0.692 1.764
27 16 -0.098 -0.677 1.724
27 17 0.114 -0.073 1.742
27 18 0.147 -0.478 1.729
27 19 0.140 -0.695 1.749
27 20 0.157 -0.680 1.687
28 1 0.037 0.021 1.750
28 2 0.031 0.063 1.792
28 3 0.020 0.321 1.807
28 4 0.004 0.546 1.824
28 5 -0.168 0.302 1.792
28 6 -0.310 0.465 1.677
28 7 -0.240 0.635 1.660
28 8 -0.221 0.645 1.662
28 9 0.217 0.314 1.819
28 10 0.390 0.450 1.742
28 11 0.274 0.616 1.752
28 12 0.232 0.662 1.772
28 13 -0.039 -0.068 1.724
28 14 -0.064 -0.477 1.730
28 15 -0.045 -0.689 1.758
28 16 -0.099 -0.678 1.720
28 17 0.121 -0.062 1.739
28 18 0.149 -0.474 1.726
28 19 0.143 -0.690 1.746
28 20 0.172 -0.708 1.704
29 1 0.041 0.032 1.749
29 2 0.036 0.074 1.792
29 3 0.023 0.333 1.807
29 4 0.007 0.559 1.823
29 5 -0.163 0.320 1.792
29 6 -0.289 0.507 1.690
29 7 -0.217 0.665 1.675
29 8 -0.203 0.689 1.685
29 9 0.225 0.331 1.815
29 10 0.381 0.490 1.749
29 11 0.277 0.649 1.753
29 12 0.267 0.695 1.747
29 13 -0.035 -0.055 1.723
29 14 -0.061 -0.471 1.727
29 15 -0.045 -0.685 1.753
29 16 -0.099 -0.687 1.717
29 17 0.127 -0.051 1.736
29 18 0.157 -0.442 1.717
29 19 0.148 -0.658 1.740
29 20 0.165 -0.696 1.682
30 1 0.044 0.042 1.747
30 2 0.039 0.085 1.790
30 3 0.025 0.354 1.807
30 4 0.010 0.580 1.820
30 5 -0.152 0.340 1.793
30 6 -0.250 0.542 1.707
30 7 -0.203 0.702 1.677
30 8 -0.204 0.729 1.676
30 9 0.230 0.351 1.814
30 10 0.367 0.536 1.761
30 11 0.282 0.693 1.737
30 12 0.265 0.734 1.741
30 13 -0.031 -0.041 1.722
30 14 -0.054 -0.461 1.723
30 15 -0.046 -0.677 1.748
30 16 -0.091 -0.702 1.720
30 17 0.132 -0.038 1.732
30 18 0.160 -0.431 1.714
30 19 0.151 -0.646 1.738
30 20 0.162 -0.690 1.672
31 1 0.047 0.072 1.744
31 2 0.042 0.123 1.788
31 3 0.025 0.412 1.811
31 4 0.015 0.593 1.817
31 5 -0.139 0.386 1.801
31 6 -0.208 0.576 1.719
31 7 -0.203 0.727 1.674
31 8 -0.234 0.764 1.648
31 9 0.232 0.370 1.814
31 10 0.345 0.574 1.768
31 11 0.284 0.724 1.720
31 12 0.272 0.774 1.702
31 13 -0.028 -0.005 1.723
31 14 -0.042 -0.415 1.715
31 15 -0.045 -0.662 1.743
31 16 -0.057 -0.691 1.687
31 17 0.136 -0.007 1.724
31 18 0.162 -0.419 1.712
31 19 0.155 -0.634 1.736
31 20 0.162 -0.677 1.664
32 1 0.049 0.109 1.741
32 2 0.043 0.155 1.786
32 3 0.023 0.446 1.814
32 4 0.022 0.603 1.812
32 5 -0.135 0.404 1.804
32 6 -0.190 0.593 1.725
32 7 -0.198 0.747 1.675
32 8 -0.241 0.783 1.646
32 9 0.234 0.396 1.819
32 10 0.328 0.598 1.770
32 11 0.280 0.750 1.705
32 12 0.267 0.803 1.677
32 13 -0.027 0.024 1.723
32 14 -0.035 -0.392 1.711
32 15 -0.044 -0.654 1.739
32 16 -0.036 -0.683 1.668
32 17 0.140 0.031 1.719
32 18 0.172 -0.387 1.704
32 19 0.158 -0.628 1.734
32 20 0.163 -0.671 1.659
33 1 0.050 0.127 1.740
33 2 0.044 0.170 1.786
33 3 0.023 0.460 1.815
33 4 0.033 0.609 1.806
33 5 -0.132 0.414 1.806
33 6 -0.168 0.608 1.728
33 7 -0.191 0.766 1.671
33 8 -0.243 0.798 1.643
33 9 0.237 0.410 1.823
33 10 0.311 0.624 1.767
33 11 0.278 0.779 1.700
33 12 0.268 0.829 1.672
33 13 -0.026 0.041 1.722
33 14 -0.031 -0.378 1.709
33 15 -0.042 -0.647 1.736
33 16 -0.026 -0.678 1.658
33 17 0.143 0.048 1.717
33 18 0.175 -0.372 1.700
33 19 0.161 -0.624 1.731
33 20 0.164 -0.666 1.654
34 1 0.052 0.137 1.740
34 2 0.045 0.180 1.785
34 3 0.023 0.468 1.815
34 4 0.042 0.611 1.802
34 5 -0.130 0.421 1.807
34 6 -0.156 0.614 1.730
34 7 -0.187 0.774 1.670
34 8 -0.244 0.806 1.642
34 9 0.240 0.420 1.826
34 10 0.305 0.636 1.766
34 11 0.276 0.793 1.697
34 12 0.266 0.845 1.670
34 13 -0.024 0.052 1.721
34 14 -0.029 -0.368 1.708
34 15 -0.040 -0.643 1.734
34 16 -0.019 -0.675 1.652
34 17 0.145 0.058 1.716
34 18 0.177 -0.364 1.698
34 19 0.165 -0.622 1.727
34 20 0.167 -0.662 1.649
35 1 0.054 0.143 1.739
35 2 0.048 0.185 1.785
35 3 0.039 0.458 1.813
35 4 0.048 0.610 1.799
35 5 -0.128 0.425 1.807
35 6 -0.151 0.607 1.727
35 7 -0.184 0.779 1.669
35 8 -0.244 0.811 1.642
35 9 0.243 0.425 1.828
35 10 0.304 0.639 1.761
35 11 0.278 0.802 1.694
35 12 0.270 0.854 1.667
35 13 -0.022 0.058 1.720
35 14 -0.026 -0.363 1.707
35 15 -0.037 -0.639 1.732
35 16 -0.015 -0.673 1.649
35 17 0.147 0.064 1.716
35 18 0.179 -0.359 1.697
35 19 0.169 -0.620 1.723
35 20 0.171 -0.658 1.644
36 1 0.071 0.116 1.738
36 2 0.066 0.162 1.784
36 3 0.054 0.444 1.811
36 4 0.053 0.608 1.797
36 5 -0.108 0.399 1.810
36 6 -0.156 0.571 1.723
36 7 -0.179 0.768 1.670
36 8 -0.237 0.797 1.648
36 9 0.254 0.412 1.829
36 10 0.342 0.578 1.750
36 11 0.290 0.754 1.713
36 12 0.277 0.817 1.699
36 13 -0.006 0.035 1.719
36 14 -0.020 -0.381 1.706
36 15 -0.035 -0.637 1.731
36 16 -0.012 -0.671 1.646
36 17 0.158 0.038 1.717
36 18 0.184 -0.381 1.694
36 19 0.172 -0.619 1.719
36 20 0.173 -0.655 1.641
37 1 0.087 0.088 1.737
37 2 0.085 0.132 1.782
37 3 0.079 0.399 1.803
37 4 0.057 0.604 1.796
37 5 -0.093 0.373 1.811
37 6 -0.177 0.525 1.717
37 7 -0.161 0.721 1.689
37 8 -0.186 0.766 1.685
37 9 0.266 0.396 1.827
37 10 0.370 0.544 1.745
37 11 0.304 0.718 1.730
37 12 0.292 0.781 1.729
37 13 0.011 0.006 1.718
37 14 -0.013 -0.409 1.704
37 15 -0.032 -0.636 1.729
37 16 -0.011 -0.670 1.645
37 17 0.170 0.011 1.718
37 18 0.188 -0.405 1.691
37 19 0.174 -0.623 1.716
37 20 0.175 -0.655 1.639
38 1 0.096 0.073 1.737
38 2 0.094 0.118 1.781
38 3 0.091 0.390 1.802
38 4 0.060 0.601 1.795
38 5 -0.084 0.350 1.810
38 6 -0.198 0.487 1.712
38 7 -0.144 0.674 1.713
38 8 -0.130 0.699 1.732
38 9 0.280 0.376 1.821
38 10 0.404 0.507 1.742
38 11 0.319 0.677 1.751
38 12 0.305 0.737 1.764
38 13 0.020 -0.010 1.718
38 14 -0.009 -0.425 1.703
38 15 -0.029 -0.637 1.728
38 16 -0.035 -0.692 1.689
38 17 0.178 -0.006 1.718
38 18 0.192 -0.421 1.690
38 19 0.178 -0.630 1.713
38 20 0.159 -0.684 1.701
39 1 0.103 0.065 1.737
39 2 0.101 0.111 1.781
39 3 0.099 0.388 1.802
39 4 0.066 0.597 1.794
39 5 -0.078 0.334 1.809
39 6 -0.207 0.472 1.710
39 7 -0.120 0.636 1.742
39 8 -0.073 0.676 1.778
39 9 0.298 0.357 1.815
39 10 0.418 0.494 1.741
39 11 0.324 0.659 1.763
39 12 0.308 0.711 1.786
39 13 0.025 -0.018 1.718
39 14 -0.006 -0.434 1.703
39 15 -0.026 -0.639 1.727
39 16 -0.051 -0.707 1.718
39 17 0.186 -0.016 1.717
39 18 0.194 -0.429 1.689
39 19 0.181 -0.635 1.711
39 20 0.151 -0.699 1.736
40 1 0.107 0.060 1.736
40 2 0.106 0.107 1.781
40 3 0.106 0.389 1.803
40 4 0.073 0.592 1.793
40 5 -0.076 0.325 1.808
40 6 -0.211 0.463 1.709
40 7 -0.108 0.618 1.757
40 8 -0.048 0.667 1.799
40 9 0.306 0.349 1.812
40 10 0.428 0.487 1.741
40 11 0.336 0.654 1.766
40 12 0.329 0.674 1.787
40 13 0.029 -0.023 1.718
40 14 -0.005 -0.440 1.702
40 15 -0.023 -0.643 1.727
40 16 -0.057 -0.712 1.728
40 17 0.192 -0.022 1.717
40 18 0.195 -0.434 1.689
40 19 0.182 -0.638 1.709
40 20 0.148 -0.705 1.750
41 1 0.111 0.056 1.736
41 2 0.110 0.104 1.781
41 3 0.114 0.392 1.804
41 4 0.082 0.587 1.792
41 5 -0.073 0.320 1.807
41 6 -0.213 0.458 1.709
41 7 -0.102 0.608 1.764
41 8 -0.046 0.672 1.801
41 9 0.311 0.344 1.810
41 10 0.435 0.486 1.741
41 11 0.369 0.668 1.746
41 12 0.364 0.700 1.755
41 13 0.032 -0.028 1.718
41 14 -0.003 -0.444 1.702
41 15 -0.020 -0.648 1.727
41 16 -0.061 -0.715 1.734
41 17 0.196 -0.026 1.717
41 18 0.197 -0.438 1.689
41 19 0.184 -0.642 1.709
41 20 0.174 -0.690 1.676
42 1 0.114 0.053 1.737
42 2 0.114 0.101 1.781
42 3 0.119 0.396 1.806
42 4 0.090 0.584 1.791
42 5 -0.070 0.318 1.808
42 6 -0.210 0.460 1.711
42 7 -0.101 0.617 1.758
42 8 -0.076 0.688 1.760
42 9 0.314 0.341 1.809
42 10 0.438 0.494 1.742
42 11 0.392 0.686 1.725
42 12 0.384 0.722 1.731
42 13 0.034 -0.031 1.718
42 14 -0.002 -0.448 1.702
42 15 -0.018 -0.652 1.728
42 16 -0.063 -0.718 1.737
42 17 0.199 -0.029 1.717
42 18 0.198 -0.440 1.689
42 19 0.185 -0.645 1.709
42 20 0.163 -0.698 1.716
43 1 0.117 0.051 1.737
43 2 0.118 0.100 1.781
43 3 0.135 0.389 1.806
43 4 0.098 0.582 1.791
43 5 -0.063 0.322 1.811
43 6 -0.186 0.479 1.718
43 7 -0.107 0.647 1.736
43 8 -0.091 0.710 1.735
43 9 0.316 0.341 1.808
43 10 0.435 0.514 1.743
43 11 0.404 0.704 1.707
43 12 0.395 0.744 1.710
43 13 0.036 -0.033 1.719
43 14 -0.001 -0.450 1.702
43 15 -0.016 -0.654 1.728
43 16 -0.062 -0.720 1.736
43 17 0.201 -0.031 1.716
43 18 0.199 -0.441 1.688
43 19 0.186 -0.646 1.708
43 20 0.179 -0.686 1.669
44 1 0.120 0.050 1.737
44 2 0.122 0.099 1.782
44 3 0.153 0.399 1.810
44 4 0.105 0.580 1.791
44 5 -0.053 0.334 1.816
44 6 -0.159 0.499 1.728
44 7 -0.116 0.679 1.713
44 8 -0.112 0.733 1.707
44 9 0.318 0.344 1.808
44 10 0.430 0.533 1.742
44 11 0.410 0.714 1.697
44 12 0.403 0.760 1.692
44 13 0.038 -0.034 1.720
44 14 -0.000 -0.451 1.703
44 15 -0.015 -0.656 1.728
44 16 -0.058 -0.721 1.733
44 17 0.202 -0.032 1.716
44 18 0.201 -0.441 1.688
44 19 0.188 -0.647 1.708
44 20 0.170 -0.691 1.695
45 1 0.124 0.050 1.738
45 2 0.129 0.101 1.783
45 3 0.163 0.406 1.812
45 4 0.113 0.579 1.792
45 5 -0.044 0.346 1.822
45 6 -0.143 0.511 1.735
45 7 -0.123 0.697 1.697
45 8 -0.126 0.747 1.686
45 9 0.318 0.348 1.808
45 10 0.427 0.546 1.739
45 11 0.434 0.722 1.670
45 12 0.431 0.776 1.657
45 13 0.042 -0.033 1.723
45 14 0.000 -0.451 1.703
45 15 -0.015 -0.657 1.728
45 16 -0.055 -0.720 1.726
45 17 0.205 -0.032 1.716
45 18 0.203 -0.438 1.687
45 19 0.192 -0.647 1.706
45 20 0.167 -0.690 1.707
46 1 0.128 0.051 1.739
46 2 0.135 0.102 1.785
46 3 0.170 0.410 1.814
46 4 0.118 0.579 1.792
46 5 -0.037 0.353 1.825
46 6 -0.136 0.516 1.738
46 7 -0.126 0.705 1.688
46 8 -0.134 0.754 1.673
46 9 0.320 0.351 1.807
46 10 0.427 0.550 1.736
46 11 0.447 0.724 1.653
46 12 0.451 0.777 1.632
46 13 0.045 -0.032 1.725
46 14 0.002 -0.450 1.704
46 15 -0.015 -0.658 1.727
46 16 -0.053 -0.718 1.718
46 17 0.207 -0.031 1.716
46 18 0.206 -0.436 1.685
46 19 0.195 -0.647 1.704
46 20 0.165 -0.689 1.715
47 1 0.133 0.050 1.741
47 2 0.142 0.101 1.786
47 3 0.180 0.384 1.810
47 4 0.124 0.578 1.793
47 5 -0.032 0.356 1.828
47 6 -0.132 0.518 1.740
47 7 -0.128 0.706 1.682
47 8 -0.138 0.757 1.665
47 9 0.323 0.351 1.806
47 10 0.447 0.531 1.719
47 11 0.453 0.715 1.649
47 12 0.460 0.775 1.626
47 13 0.050 -0.032 1.729
47 14 0.004 -0.450 1.705
47 15 -0.016 -0.659 1.726
47 16 -0.009 -0.718 1.714
47 17 0.209 -0.031 1.717
47 18 0.208 -0.435 1.684
47 19 0.197 -0.648 1.702
47 20 0.163 -0.690 1.720
48 1 0.138 0.048 1.743
48 2 0.148 0.097 1.788
48 3 0.184 0.370 1.808
48 4 0.129 0.577 1.794
48 5 -0.027 0.357 1.829
48 6 -0.138 0.501 1.742
48 7 -0.127 0.684 1.683
48 8 -0.134 0.748 1.664
48 9 0.329 0.350 1.804
48 10 0.469 0.506 1.706
48 11 0.458 0.694 1.656
48 12 0.463 0.763 1.631
48 13 0.054 -0.034 1.733
48 14 0.006 -0.451 1.705
48 15 -0.017 -0.662 1.725
48 16 0.035 -0.701 1.729
48 17 0.212 -0.032 1.717
48 18 0.211 -0.438 1.683
48 19 0.200 -0.653 1.699
48 20 0.160 -0.690 1.726
49 1 0.142 0.046 1.744
49 2 0.152 0.094 1.789
49 3 0.185 0.361 1.807
49 4 0.135 0.576 1.794
49 5 -0.023 0.353 1.830
49 6 -0.148 0.481 1.744
49 7 -0.112 0.655 1.700
49 8 -0.092 0.708 1.694
49 9 0.337 0.346 1.802
49 10 0.489 0.482 1.699
49 11 0.459 0.667 1.668
49 12 0.458 0.738 1.651
49 13 0.059 -0.037 1.737
49 14 0.008 -0.453 1.706
49 15 -0.011 -0.667 1.724
49 16 0.071 -0.693 1.743
49 17 0.216 -0.035 1.718
49 18 0.213 -0.441 1.682
49 19 0.202 -0.658 1.697
49 20 0.158 -0.691 1.730
50 1 0.146 0.044 1.746
50 2 0.155 0.092 1.790
50 3 0.185 0.369 1.809
50 4 0.142 0.574 1.794
50 5 -0.018 0.349 1.831
50 6 -0.155 0.470 1.745
50 7 -0.095 0.633 1.717
50 8 -0.065 0.668 1.719
50 9 0.345 0.342 1.800
50 10 0.499 0.471 1.697
50 11 0.456 0.649 1.679
50 12 0.442 0.708 1.685
50 13 0.062 -0.039 1.740
50 14 0.010 -0.454 1.707
50 15 -0.000 -0.672 1.726
50 16 0.055 -0.696 1.696
50 17 0.219 -0.038 1.718
50 18 0.215 -0.444 1.682
50 19 0.203 -0.661 1.696
50 20 0.157 -0.692 1.732
51 1 0.148 0.042 1.747
51 2 0.158 0.090 1.791
51 3 0.184 0.377 1.811
51 4 0.155 0.576 1.794
51 5 -0.015 0.345 1.831
51 6 -0.159 0.462 1.747
51 7 -0.081 0.619 1.730
51 8 -0.041 0.652 1.735
51 9 0.353 0.339 1.798
51 10 0.505 0.464 1.695
51 11 0.453 0.640 1.688
51 12 0.429 0.692 1.706
51 13 0.064 -0.040 1.742
51 14 0.012 -0.456 1.709
51 15 0.008 -0.676 1.727
51 16 0.031 -0.710 1.697
51 17 0.222 -0.039 1.719
51 18 0.217 -0.445 1.682
51 19 0.205 -0.664 1.696
51 20 0.156 -0.692 1.734
52 1 0.150 0.041 1.748
52 2 0.160 0.090 1.792
52 3 0.184 0.384 1.813
52 4 0.164 0.578 1.794
52 5 -0.012 0.342 1.832
52 6 -0.161 0.458 1.749
52 7 -0.075 0.612 1.736
52 8 -0.031 0.645 1.742
52 9 0.358 0.337 1.798
52 10 0.508 0.461 1.696
52 11 0.450 0.637 1.693
52 12 0.425 0.660 1.720
52 13 0.066 -0.041 1.744
52 14 0.014 -0.457 1.710
52 15 0.010 -0.677 1.727
52 16 0.044 -0.712 1.719
52 17 0.224 -0.041 1.720
52 18 0.217 -0.447 1.682
52 19 0.206 -0.666 1.697
52 20 0.156 -0.693 1.736
53 1 0.153 0.041 1.749
53 2 0.162 0.090 1.793
53 3 0.184 0.390 1.815
53 4 0.170 0.579 1.794
53 5 -0.010 0.341 1.832
53 6 -0.161 0.457 1.753
53 7 -0.071 0.612 1.739
53 8 -0.029 0.654 1.742
53 9 0.362 0.336 1.797
53 10 0.508 0.466 1.700
53 11 0.445 0.640 1.696
53 12 0.419 0.668 1.718
53 13 0.067 -0.041 1.745
53 14 0.016 -0.457 1.711
53 15 0.015 -0.677 1.728
53 16 0.059 -0.717 1.743
53 17 0.227 -0.042 1.721
53 18 0.218 -0.448 1.683
53 19 0.207 -0.667 1.698
53 20 0.156 -0.693 1.737
54 1 0.155 0.041 1.751
54 2 0.164 0.090 1.795
54 3 0.185 0.394 1.816
54 4 0.173 0.580 1.794
54 5 -0.008 0.341 1.833
54 6 -0.155 0.467 1.759
54 7 -0.071 0.632 1.735
54 8 -0.043 0.685 1.728
54 9 0.365 0.335 1.797
54 10 0.502 0.477 1.705
54 11 0.439 0.651 1.694
54 12 0.414 0.683 1.712
54 13 0.069 -0.041 1.747
54 14 0.018 -0.457 1.713
54 15 0.019 -0.677 1.730
54 16 0.013 -0.714 1.724
54 17 0.229 -0.042 1.722
54 18 0.219 -0.447 1.685
54 19 0.208 -0.667 1.699
54 20 0.156 -0.694 1.738
55 1 0.157 0.042 1.753
55 2 0.166 0.091 1.797
55 3 0.187 0.396 1.817
55 4 0.176 0.580 1.795
55 5 -0.005 0.342 1.835
55 6 -0.142 0.482 1.765
55 7 -0.074 0.656 1.725
55 8 -0.053 0.704 1.717
55 9 0.368 0.335 1.797
55 10 0.495 0.491 1.710
55 11 0.435 0.665 1.689
55 12 0.411 0.701 1.701
55 13 0.071 -0.041 1.750
55 14 0.020 -0.456 1.714
55 15 0.022 -0.676 1.731
55 16 -0.020 -0.689 1.707
55 17 0.231 -0.042 1.723
55 18 0.221 -0.446 1.686
55 19 0.209 -0.666 1.699
55 20 0.156 -0.694 1.739
56 1 0.159 0.042 1.755
56 2 0.168 0.092 1.798
56 3 0.188 0.399 1.818
56 4 0.178 0.580 1.795
56 5 -0.001 0.344 1.838
56 6 -0.130 0.494 1.767
56 7 -0.079 0.672 1.714
56 8 -0.065 0.720 1.702
56 9 0.369 0.335 1.798
56 10 0.488 0.501 1.713
56 11 0.434 0.677 1.682
56 12 0.412 0.718 1.688
56 13 0.072 -0.040 1.752
56 14 0.022 -0.456 1.716
56 15 0.025 -0.676 1.732
56 16 -0.034 -0.679 1.700
56 17 0.233 -0.042 1.725
56 18 0.222 -0.445 1.687
56 19 0.209 -0.665 1.700
56 20 0.156 -0.694 1.739
57 1 0.161 0.042 1.757
57 2 0.170 0.092 1.801
57 3 0.190 0.400 1.820
57 4 0.180 0.580 1.795
57 5 0.001 0.346 1.840
57 6 -0.124 0.499 1.768
57 7 -0.082 0.679 1.706
57 8 -0.074 0.728 1.690
57 9 0.371 0.335 1.798
57 10 0.483 0.507 1.713
57 11 0.434 0.685 1.673
57 12 0.414 0.730 1.676
57 13 0.074 -0.039 1.754
57 14 0.023 -0.456 1.717
57 15 0.019 -0.674 1.728
57 16 0.023 -0.683 1.727
57 17 0.235 -0.042 1.727
57 18 0.223 -0.444 1.689
57 19 0.209 -0.664 1.700
57 20 0.183 -0.689 1.669
58 1 0.163 0.042 1.760
58 2 0.172 0.093 1.803
58 3 0.193 0.400 1.822
58 4 0.181 0.579 1.795
58 5 0.004 0.347 1.842
58 6 -0.121 0.500 1.768
58 7 -0.086 0.679 1.698
58 8 -0.080 0.731 1.683
58 9 0.372 0.335 1.799
58 10 0.480 0.509 1.713
58 11 0.437 0.687 1.664
58 12 0.417 0.736 1.665
58 13 0.076 -0.039 1.757
58 14 0.024 -0.455 1.718
58 15 0.013 -0.673 1.725
58 16 0.046 -0.685 1.733
58 17 0.237 -0.042 1.730
58 18 0.223 -0.444 1.690
58 19 0.209 -0.663 1.700
58 20 0.176 -0.692 1.698
59 1 0.165 0.041 1.763
59 2 0.174 0.092 1.806
59 3 0.195 0.400 1.824
59 4 0.182 0.577 1.796
59 5 0.006 0.347 1.843
59 6 -0.130 0.472 1.761
59 7 -0.094 0.648 1.694
59 8 -0.083 0.701 1.679
59 9 0.373 0.334 1.801
59 10 0.491 0.482 1.699
59 11 0.444 0.659 1.659
59 12 0.426 0.715 1.657
59 13 0.077 -0.040 1.760
59 14 0.025 -0.456 1.718
59 15 0.012 -0.673 1.725
59 16 0.047 -0.698 1.715
59 17 0.239 -0.043 1.733
59 18 0.224 -0.444 1.691
59 19 0.209 -0.664 1.700
59 20 0.190 -0.695 1.658
60 1 0.167 0.040 1.765
60 2 0.176 0.092 1.808
60 3 0.197 0.399 1.826
60 4 0.188 0.576 1.797
60 5 0.008 0.345 1.845
60 6 -0.143 0.436 1.758
60 7 -0.087 0.617 1.697
60 8 -0.063 0.665 1.686
60 9 0.375 0.332 1.804
60 10 0.508 0.446 1.689
60 11 0.452 0.621 1.660
60 12 0.442 0.663 1.657
60 13 0.079 -0.041 1.763
60 14 0.025 -0.456 1.719
60 15 0.012 -0.674 1.725
60 16 0.020 -0.697 1.687
60 17 0.240 -0.044 1.736
60 18 0.225 -0.446 1.693
60 19 0.209 -0.664 1.700
60 20 0.196 -0.697 1.641
61 1 0.168 0.039 1.768
61 2 0.177 0.091 1.811
61 3 0.198 0.398 1.827
61 4 0.194 0.575 1.797
61 5 0.010 0.340 1.847
61 6 -0.152 0.413 1.759
61 7 -0.075 0.582 1.714
61 8 -0.043 0.632 1.703
61 9 0.378 0.327 1.807
61 10 0.529 0.398 1.688
61 11 0.457 0.568 1.670
61 12 0.444 0.626 1.666
61 13 0.080 -0.042 1.765
61 14 0.026 -0.457 1.720
61 15 0.014 -0.675 1.727
61 16 -0.020 -0.682 1.694
61 17 0.242 -0.046 1.738
61 18 0.225 -0.447 1.695
61 19 0.209 -0.665 1.701
61 20 0.173 -0.697 1.709
62 1 0.169 0.037 1.770
62 2 0.177 0.090 1.812
62 3 0.200 0.398 1.828
62 4 0.198 0.574 1.797
62 5 0.012 0.334 1.849
62 6 -0.158 0.395 1.763
62 7 -0.067 0.552 1.733
62 8 -0.026 0.604 1.727
62 9 0.380 0.322 1.810
62 10 0.538 0.378 1.688
62 11 0.452 0.536 1.684
62 12 0.419 0.581 1.692
62 13 0.080 -0.043 1.767
62 14 0.025 -0.458 1.722
62 15 0.011 -0.676 1.728
62 16 -0.034 -0.662 1.683
62 17 0.243 -0.048 1.741
62 18 0.225 -0.449 1.698
62 19 0.209 -0.667 1.704
62 20 0.164 -0.698 1.736
63 1 0.169 0.036 1.771
63 2 0.178 0.089 1.814
63 3 0.200 0.397 1.829
63 4 0.200 0.574 1.797
63 5 0.013 0.329 1.850
63 6 -0.162 0.386 1.765
63 7 -0.065 0.541 1.740
63 8 -0.020 0.593 1.737
63 9 0.383 0.317 1.812
63 10 0.542 0.367 1.688
63 11 0.450 0.523 1.689
63 12 0.405 0.562 1.706
63 13 0.081 -0.044 1.769
63 14 0.025 -0.458 1.724
63 15 0.011 -0.677 1.731
63 16 -0.046 -0.668 1.686
63 17 0.244 -0.049 1.743
63 18 0.225 -0.449 1.702
63 19 0.210 -0.668 1.708
63 20 0.159 -0.698 1.755
64 1 0.170 0.035 1.773
64 2 0.178 0.088 1.815
64 3 0.201 0.396 1.830
64 4 0.202 0.573 1.798
64 5 0.013 0.326 1.850
64 6 -0.164 0.382 1.767
64 7 -0.068 0.539 1.745
64 8 -0.024 0.594 1.743
64 9 0.384 0.314 1.814
64 10 0.545 0.363 1.689
64 11 0.449 0.517 1.691
64 12 0.405 0.560 1.705
64 13 0.081 -0.046 1.770
64 14 0.023 -0.459 1.727
64 15 0.011 -0.678 1.734
64 16 -0.054 -0.669 1.693
64 17 0.244 -0.051 1.746
64 18 0.224 -0.450 1.705
64 19 0.210 -0.669 1.712
64 20 0.156 -0.698 1.764
65 1 0.170 0.034 1.775
65 2 0.179 0.087 1.817
65 3 0.202 0.396 1.831
65 4 0.203 0.573 1.798
65 5 0.014 0.324 1.851
65 6 -0.167 0.391 1.773
65 7 -0.098 0.572 1.732
65 8 -0.069 0.628 1.724
65 9 0.385 0.311 1.815
65 10 0.545 0.369 1.693
65 11 0.465 0.538 1.669
65 12 0.436 0.592 1.667
65 13 0.081 -0.047 1.772
65 14 0.021 -0.461 1.731
65 15 0.011 -0.680 1.737
65 16 -0.058 -0.669 1.704
65 17 0.244 -0.053 1.748
65 18 0.224 -0.452 1.709
65 19 0.211 -0.671 1.715
65 20 0.154 -0.698 1.771
66 1 0.170 0.032 1.778
66 2 0.178 0.086 1.820
66 3 0.202 0.395 1.832
66 4 0.203 0.573 1.798
66 5 0.014 0.324 1.852
66 6 -0.163 0.424 1.779
66 7 -0.132 0.604 1.714
66 8 -0.126 0.656 1.697
66 9 0.386 0.310 1.816
66 10 0.538 0.397 1.700
66 11 0.481 0.569 1.643
66 12 0.464 0.619 1.633
66 13 0.080 -0.048 1.775
66 14 0.019 -0.462 1.734
66 15 0.011 -0.681 1.740
66 16 -0.060 -0.670 1.712
66 17 0.244 -0.055 1.751
66 18 0.223 -0.454 1.712
66 19 0.211 -0.672 1.717
66 20 0.153 -0.698 1.774
67 1 0.169 0.032 1.780
67 2 0.178 0.086 1.822
67 3 0.203 0.395 1.834
67 4 0.204 0.573 1.798
67 5 0.014 0.325 1.853
67 6 -0.153 0.465 1.778
67 7 -0.162 0.641 1.693
67 8 -0.171 0.691 1.667
67 9 0.386 0.309 1.817
67 10 0.520 0.447 1.698
67 11 0.496 0.617 1.610
67 12 0.496 0.671 1.586
67 13 0.080 -0.049 1.779
67 14 0.018 -0.463 1.737
67 15 0.012 -0.682 1.744
67 16 -0.060 -0.673 1.720
67 17 0.243 -0.056 1.754
67 18 0.223 -0.455 1.714
67 19 0.211 -0.673 1.719
67 20 0.153 -0.698 1.775
68 1 0.169 0.031 1.783
68 2 0.178 0.085 1.825
68 3 0.203 0.394 1.835
68 4 0.203 0.572 1.799
68 5 0.014 0.327 1.854
68 6 -0.148 0.483 1.776
68 7 -0.177 0.657 1.682
68 8 -0.190 0.704 1.656
68 9 0.386 0.309 1.818
68 10 0.510 0.473 1.697
68 11 0.505 0.642 1.592
68 12 0.511 0.690 1.567
68 13 0.079 -0.049 1.782
68 14 0.017 -0.463 1.740
68 15 0.011 -0.682 1.747
68 16 -0.060 -0.678 1.728
68 17 0.243 -0.057 1.758
68 18 0.222 -0.456 1.716
68 19 0.211 -0.674 1.719
68 20 0.153 -0.698 1.774
69 1 0.168 0.030 1.786
69 2 0.177 0.085 1.827
69 3 0.203 0.394 1.836
69 4 0.202 0.572 1.800
69 5 0.014 0.329 1.855
69 6 -0.146 0.492 1.776
69 7 -0.185 0.665 1.677
69 8 -0.201 0.711 1.649
69 9 0.386 0.310 1.819
69 10 0.505 0.484 1.696
69 11 0.509 0.652 1.584
69 12 0.519 0.699 1.557
69 13 0.079 -0.049 1.785
69 14 0.016 -0.464 1.742
69 15 -0.002 -0.681 1.754
69 16 -0.064 -0.693 1.739
69 17 0.241 -0.057 1.761
69 18 0.222 -0.457 1.717
69 19 0.211 -0.675 1.720
69 20 0.154 -0.698 1.771
70 1 0.168 0.030 1.788
70 2 0.177 0.084 1.830
70 3 0.203 0.393 1.837
70 4 0.201 0.571 1.800
70 5 0.014 0.331 1.856
70 6 -0.149 0.485 1.774
70 7 -0.183 0.655 1.681
70 8 -0.191 0.700 1.659
70 9 0.385 0.310 1.820
70 10 0.503 0.487 1.695
70 11 0.512 0.654 1.583
70 12 0.524 0.705 1.552
70 13 0.078 -0.050 1.788
70 14 0.014 -0.464 1.745
70 15 -0.010 -0.681 1.759
70 16 -0.067 -0.705 1.746
70 17 0.240 -0.058 1.764
70 18 0.222 -0.458 1.718
70 19 0.211 -0.676 1.720
70 20 0.154 -0.697 1.769
71 1 0.167 0.029 1.791
71 2 0.176 0.084 1.832
71 3 0.203 0.393 1.838
71 4 0.200 0.571 1.801
71 5 0.014 0.332 1.857
71 6 -0.163 0.448 1.780
71 7 -0.164 0.627 1.706
71 8 -0.147 0.672 1.701
71 9 0.385 0.311 1.821
71 10 0.512 0.444 1.698
71 11 0.511 0.613 1.613
71 12 0.505 0.649 1.617
71 13 0.078 -0.050 1.790
71 14 0.011 -0.465 1.750
71 15 -0.014 -0.682 1.763
71 16 -0.070 -0.711 1.752
71 17 0.239 -0.059 1.767
71 18 0.221 -0.459 1.719
71 19 0.211 -0.677 1.721
71 20 0.155 -0.697 1.768
72 1 0.166 0.028 1.793
72 2 0.175 0.083 1.834
72 3 0.203 0.393 1.838
72 4 0.198 0.570 1.801
72 5 0.014 0.332 1.857
72 6 -0.176 0.416 1.788
72 7 -0.127 0.591 1.746
72 8 -0.097 0.651 1.741
72 9 0.384 0.311 1.821
72 10 0.525 0.408 1.702
72 11 0.496 0.585 1.663
72 12 0.479 0.646 1.667
72 13 0.077 -0.051 1.793
72 14 0.007 -0.466 1.757
72 15 -0.017 -0.683 1.767
72 16 -0.071 -0.716 1.756
72 17 0.237 -0.060 1.769
72 18 0.220 -0.459 1.721
72 19 0.211 -0.677 1.721
72 20 0.155 -0.696 1.766
73 1 0.164 0.027 1.794
73 2 0.174 0.083 1.835
73 3 0.202 0.392 1.838
73 4 0.196 0.569 1.801
73 5 0.012 0.330 1.857
73 6 -0.181 0.399 1.795
73 7 -0.080 0.559 1.790
73 8 -0.033 0.612 1.793
73 9 0.383 0.311 1.822
73 10 0.534 0.386 1.708
73 11 0.471 0.553 1.718
73 12 0.435 0.620 1.735
73 13 0.074 -0.051 1.795
73 14 0.001 -0.466 1.763
73 15 -0.019 -0.683 1.771
73 16 -0.072 -0.719 1.759
73 17 0.236 -0.060 1.771
73 18 0.214 -0.448 1.729
73 19 0.211 -0.670 1.722
73 20 0.158 -0.696 1.762
74 1 0.163 0.027 1.796
74 2 0.173 0.083 1.836
74 3 0.200 0.391 1.838
74 4 0.193 0.568 1.799
74 5 0.008 0.327 1.856
74 6 -0.182 0.389 1.802
74 7 -0.041 0.536 1.822
74 8 0.009 0.583 1.829
74 9 0.382 0.311 1.822
74 10 0.538 0.375 1.714
74 11 0.434 0.519 1.770
74 12 0.388 0.587 1.793
74 13 0.071 -0.051 1.797
74 14 -0.006 -0.464 1.770
74 15 -0.023 -0.682 1.775
74 16 -0.071 -0.724 1.763
74 17 0.235 -0.060 1.773
74 18 0.210 -0.439 1.734
74 19 0.211 -0.662 1.723
74 20 0.161 -0.695 1.758
75 1 0.161 0.028 1.797
75 2 0.171 0.083 1.837
75 3 0.197 0.388 1.836
75 4 0.188 0.568 1.798
75 5 0.004 0.323 1.856
75 6 -0.182 0.383 1.810
75 7 -0.025 0.523 1.838
75 8 0.030 0.559 1.854
75 9 0.380 0.308 1.821
75 10 0.540 0.368 1.718
75 11 0.376 0.508 1.812
75 12 0.333 0.576 1.834
75 13 0.068 -0.051 1.798
75 14 -0.010 -0.463 1.774
75 15 -0.026 -0.681 1.781
75 16 -0.070 -0.728 1.768
75 17 0.234 -0.061 1.774
75 18 0.208 -0.434 1.737
75 19 0.211 -0.657 1.724
75 20 0.163 -0.694 1.755
76 1 0.160 0.028 1.798
76 2 0.170 0.082 1.838
76 3 0.194 0.385 1.834
76 4 0.183 0.567 1.796
76 5 -0.000 0.320 1.855
76 6 -0.181 0.379 1.815
76 7 -0.020 0.518 1.844
76 8 0.019 0.559 1.852
76 9 0.376 0.304 1.820
76 10 0.540 0.365 1.722
76 11 0.382 0.503 1.786
76 12 0.322 0.567 1.837
76 13 0.064 -0.051 1.799
76 14 -0.014 -0.462 1.778
76 15 -0.029 -0.680 1.789
76 16 -0.070 -0.731 1.777
76 17 0.233 -0.061 1.774
76 18 0.207 -0.430 1.738
76 19 0.210 -0.653 1.724
76 20 0.178 -0.701 1.719
77 1 0.157 0.027 1.799
77 2 0.167 0.082 1.838
77 3 0.190 0.383 1.833
77 4 0.179 0.566 1.794
77 5 -0.005 0.315 1.855
77 6 -0.182 0.377 1.819
77 7 -0.063 0.536 1.829
77 8 -0.025 0.576 1.833
77 9 0.373 0.301 1.819
77 10 0.538 0.364 1.725
77 11 0.400 0.519 1.751
77 12 0.352 0.576 1.781
77 13 0.061 -0.052 1.800
77 14 -0.018 -0.458 1.783
77 15 -0.032 -0.681 1.798
77 16 -0.053 -0.725 1.757
77 17 0.232 -0.061 1.776
77 18 0.206 -0.428 1.740
77 19 0.210 -0.651 1.724
77 20 0.180 -0.702 1.715
78 1 0.154 0.027 1.800
78 2 0.164 0.081 1.840
78 3 0.187 0.381 1.833
78 4 0.176 0.565 1.794
78 5 -0.010 0.312 1.856
78 6 -0.187 0.378 1.823
78 7 -0.124 0.556 1.804
78 8 -0.085 0.604 1.804
78 9 0.370 0.299 1.818
78 10 0.530 0.373 1.724
78 11 0.418 0.540 1.709
78 12 0.382 0.610 1.715
78 13 0.058 -0.053 1.802
78 14 -0.022 -0.455 1.787
78 15 -0.037 -0.681 1.806
78 16 -0.049 -0.721 1.751
78 17 0.229 -0.062 1.779
78 18 0.204 -0.430 1.741
78 19 0.209 -0.651 1.723
78 20 0.174 -0.704 1.721
79 1 0.148 0.026 1.803
79 2 0.159 0.081 1.843
79 3 0.182 0.382 1.834
79 4 0.164 0.567 1.796
79 5 -0.019 0.315 1.864
79 6 -0.203 0.391 1.825
79 7 -0.197 0.587 1.770
79 8 -0.173 0.640 1.761
79 9 0.361 0.302 1.820
79 10 0.507 0.410 1.712
79 11 0.435 0.583 1.658
79 12 0.409 0.639 1.653
79 13 0.054 -0.054 1.804
79 14 -0.026 -0.454 1.792
79 15 -0.044 -0.683 1.816
79 16 -0.048 -0.720 1.749
79 17 0.223 -0.063 1.783
79 18 0.202 -0.434 1.742
79 19 0.208 -0.655 1.724
79 20 0.166 -0.707 1.731
80 1 0.141 0.027 1.808
80 2 0.152 0.082 1.847
80 3 0.173 0.385 1.839
80 4 0.146 0.569 1.801
80 5 -0.033 0.325 1.878
80 6 -0.219 0.415 1.826
80 7 -0.266 0.614 1.742
80 8 -0.268 0.668 1.719
80 9 0.348 0.310 1.822
80 10 0.483 0.448 1.704
80 11 0.450 0.625 1.615
80 12 0.439 0.676 1.593
80 13 0.049 -0.053 1.810
80 14 -0.031 -0.453 1.798
80 15 -0.058 -0.689 1.832
80 16 -0.058 -0.722 1.754
80 17 0.215 -0.062 1.787
80 18 0.199 -0.438 1.744
80 19 0.205 -0.659 1.727
80 20 0.166 -0.711 1.724
81 1 0.131 0.031 1.815
81 2 0.143 0.086 1.853
81 3 0.164 0.389 1.844
81 4 0.126 0.572 1.808
81 5 -0.044 0.335 1.890
81 6 -0.229 0.431 1.829
81 7 -0.296 0.624 1.732
81 8 -0.306 0.674 1.707
81 9 0.335 0.320 1.826
81 10 0.456 0.486 1.699
81 11 0.461 0.658 1.586
81 12 0.454 0.698 1.564
81 13 0.040 -0.050 1.819
81 14 -0.039 -0.452 1.807
81 15 -0.070 -0.695 1.845
81 16 -0.073 -0.725 1.765
81 17 0.204 -0.058 1.793
81 18 0.197 -0.440 1.745
81 19 0.203 -0.661 1.730
81 20 0.170 -0.714 1.716
82 1 0.122 0.034 1.821
82 2 0.134 0.089 1.859
82 3 0.154 0.393 1.848
82 4 0.108 0.574 1.814
82 5 -0.054 0.343 1.900
82 6 -0.236 0.440 1.832
82 7 -0.297 0.623 1.735
82 8 -0.305 0.672 1.711
82 9 0.319 0.328 1.827
82 10 0.444 0.500 1.697
82 11 0.460 0.669 1.579
82 12 0.461 0.709 1.548
82 13 0.032 -0.048 1.829
82 14 -0.046 -0.452 1.816
82 15 -0.082 -0.701 1.859
82 16 -0.067 -0.750 1.853
82 17 0.195 -0.054 1.797
82 18 0.195 -0.442 1.746
82 19 0.200 -0.663 1.733
82 20 0.155 -0.712 1.735
83 1 0.112 0.035 1.827
83 2 0.125 0.091 1.864
83 3 0.141 0.396 1.852
83 4 0.089 0.573 1.820
83 5 -0.069 0.345 1.911
83 6 -0.253 0.432 1.853
83 7 -0.268 0.611 1.770
83 8 -0.256 0.669 1.749
83 9 0.302 0.331 1.827
83 10 0.435 0.506 1.695
83 11 0.417 0.663 1.609
83 12 0.417 0.715 1.579
83 13 0.023 -0.048 1.839
83 14 -0.056 -0.453 1.826
83 15 -0.095 -0.711 1.877
83 16 -0.120 -0.768 1.906
83 17 0.186 -0.053 1.801
83 18 0.191 -0.445 1.747
83 19 0.198 -0.665 1.736
83 20 0.148 -0.712 1.744
84 1 0.100 0.035 1.834
84 2 0.114 0.091 1.870
84 3 0.126 0.396 1.856
84 4 0.063 0.569 1.828
84 5 -0.089 0.340 1.926
84 6 -0.267 0.414 1.878
84 7 -0.231 0.592 1.807
84 8 -0.206 0.643 1.793
84 9 0.289 0.328 1.825
84 10 0.425 0.494 1.695
84 11 0.360 0.643 1.656
84 12 0.324 0.698 1.668
84 13 0.010 -0.050 1.851
84 14 -0.066 -0.454 1.836
84 15 -0.108 -0.720 1.895
84 16 -0.155 -0.779 1.938
84 17 0.176 -0.052 1.806
84 18 0.186 -0.446 1.749
84 19 0.195 -0.666 1.738
84 20 0.145 -0.713 1.746
85 1 0.089 0.036 1.841
85 2 0.103 0.093 1.875
85 3 0.111 0.395 1.859
85 4 0.043 0.565 1.833
85 5 -0.105 0.332 1.939
85 6 -0.278 0.401 1.899
85 7 -0.193 0.563 1.855
85 8 -0.168 0.627 1.834
85 9 0.280 0.326 1.824
85 10 0.410 0.479 1.695
85 11 0.303 0.623 1.708
85 12 0.261 0.685 1.726
85 13 -0.001 -0.050 1.859
85 14 -0.078 -0.452 1.849
85 15 -0.120 -0.727 1.909
85 16 -0.155 -0.768 1.876
85 17 0.166 -0.052 1.811
85 18 0.171 -0.441 1.754
85 19 0.191 -0.663 1.741
85 20 0.146 -0.713 1.745
86 1 0.075 0.040 1.848
86 2 0.091 0.096 1.880
86 3 0.099 0.395 1.862
86 4 0.029 0.564 1.837
86 5 -0.117 0.327 1.950
86 6 -0.286 0.398 1.916
86 7 -0.158 0.565 1.890
86 8 -0.139 0.622 1.864
86 9 0.267 0.324 1.824
86 10 0.380 0.468 1.691
86 11 0.246 0.603 1.740
86 12 0.204 0.670 1.762
86 13 -0.014 -0.048 1.868
86 14 -0.091 -0.447 1.863
86 15 -0.129 -0.731 1.922
86 16 -0.170 -0.770 1.882
86 17 0.153 -0.046 1.817
86 18 0.155 -0.430 1.762
86 19 0.184 -0.655 1.746
86 20 0.149 -0.689 1.708
87 1 0.058 0.050 1.857
87 2 0.074 0.105 1.888
87 3 0.077 0.400 1.872
87 4 0.020 0.565 1.842
87 5 -0.135 0.328 1.970
87 6 -0.296 0.411 1.940
87 7 -0.179 0.577 1.901
87 8 -0.150 0.628 1.880
87 9 0.246 0.327 1.826
87 10 0.337 0.471 1.686
87 11 0.209 0.614 1.733
87 12 0.170 0.671 1.772
87 13 -0.029 -0.042 1.877
87 14 -0.102 -0.443 1.877
87 15 -0.138 -0.732 1.936
87 16 -0.176 -0.768 1.878
87 17 0.136 -0.035 1.824
87 18 0.141 -0.416 1.773
87 19 0.173 -0.649 1.757
87 20 0.158 -0.689 1.710
88 1 0.037 0.067 1.868
88 2 0.055 0.119 1.897
88 3 0.058 0.404 1.883
88 4 0.004 0.572 1.854
88 5 -0.164 0.347 1.998
88 6 -0.316 0.441 1.957
88 7 -0.233 0.637 1.889
88 8 -0.217 0.690 1.867
88 9 0.216 0.340 1.831
88 10 0.289 0.485 1.688
88 11 0.172 0.636 1.700
88 12 0.152 0.689 1.727
88 13 -0.050 -0.025 1.891
88 14 -0.111 -0.438 1.890
88 15 -0.155 -0.726 1.956
88 16 -0.185 -0.760 1.881
88 17 0.118 -0.019 1.831
88 18 0.129 -0.404 1.784
88 19 0.163 -0.645 1.772
88 20 0.166 -0.690 1.720
89 1 0.021 0.083 1.877
89 2 0.040 0.132 1.906
89 3 0.046 0.407 1.891
89 4 -0.027 0.578 1.878
89 5 -0.179 0.360 2.012
89 6 -0.324 0.490 1.970
89 7 -0.289 0.669 1.895
89 8 -0.284 0.719 1.871
89 9 0.198 0.352 1.834
89 10 0.260 0.497 1.692
89 11 0.133 0.644 1.680
89 12 0.113 0.689 1.716
89 13 -0.069 -0.008 1.903
89 14 -0.120 -0.429 1.903
89 15 -0.164 -0.719 1.967
89 16 -0.193 -0.750 1.886
89 17 0.102 -0.004 1.836
89 18 0.114 -0.392 1.798
89 19 0.156 -0.644 1.783
89 20 0.172 -0.695 1.738
90 1 0.006 0.107 1.886
90 2 0.023 0.156 1.916
90 3 0.017 0.430 1.918
90 4 -0.059 0.581 1.899
90 5 -0.184 0.368 2.023
90 6 -0.327 0.514 1.977
90 7 -0.349 0.696 1.894
90 8 -0.359 0.742 1.870
90 9 0.187 0.362 1.837
90 10 0.229 0.514 1.698
90 11 0.098 0.668 1.655
90 12 0.084 0.705 1.691
90 13 -0.084 0.020 1.913
90 14 -0.130 -0.404 1.916
90 15 -0.176 -0.693 1.975
90 16 -0.206 -0.719 1.896
90 17 0.086 0.022 1.839
90 18 0.102 -0.384 1.807
90 19 0.148 -0.645 1.795
90 20 0.172 -0.700 1.755
91 1 -0.004 0.125 1.892
91 2 0.014 0.172 1.923
91 3 0.006 0.442 1.929
91 4 -0.078 0.581 1.907
91 5 -0.204 0.395 2.043
91 6 -0.335 0.529 1.982
91 7 -0.376 0.710 1.897
91 8 -0.400 0.757 1.874
91 9 0.174 0.372 1.841
91 10 0.204 0.525 1.703
91 11 0.073 0.676 1.647
91 12 0.060 0.713 1.678
91 13 -0.094 0.040 1.919
91 14 -0.139 -0.383 1.926
91 15 -0.186 -0.670 1.983
91 16 -0.217 -0.695 1.907
91 17 0.077 0.037 1.842
91 18 0.090 -0.379 1.815
91 19 0.143 -0.647 1.802
91 20 0.170 -0.703 1.763
92 1 -0.017 0.141 1.900
92 2 0.002 0.188 1.931
92 3 -0.002 0.449 1.935
92 4 -0.108 0.580 1.921
92 5 -0.219 0.401 2.055
92 6 -0.370 0.508 2.010
92 7 -0.379 0.702 1.924
92 8 -0.375 0.748 1.916
92 9 0.151 0.376 1.846
92 10 0.183 0.532 1.705
92 11 0.032 0.671 1.661
92 12 0.028 0.713 1.679
92 13 -0.106 0.055 1.928
92 14 -0.150 -0.368 1.936
92 15 -0.195 -0.656 1.989
92 16 -0.227 -0.681 1.916
92 17 0.064 0.052 1.847
92 18 0.076 -0.372 1.822
92 19 0.136 -0.652 1.808
92 20 0.165 -0.707 1.767
93 1 -0.033 0.152 1.908
93 2 -0.012 0.197 1.939
93 3 -0.014 0.457 1.943
93 4 -0.122 0.579 1.923
93 5 -0.235 0.405 2.069
93 6 -0.392 0.501 2.026
93 7 -0.348 0.684 1.969
93 8 -0.342 0.735 1.961
93 9 0.118 0.369 1.846
93 10 0.129 0.514 1.703
93 11 0.009 0.664 1.677
93 12 0.006 0.712 1.684
93 13 -0.124 0.065 1.937
93 14 -0.159 -0.359 1.943
93 15 -0.202 -0.648 1.994
93 16 -0.239 -0.673 1.925
93 17 0.045 0.063 1.857
93 18 0.059 -0.366 1.826
93 19 0.126 -0.660 1.808
93 20 0.140 -0.720 1.767
94 1 -0.072 0.175 1.931
94 2 -0.049 0.223 1.961
94 3 -0.044 0.492 1.962
94 4 -0.133 0.579 1.907
94 5 -0.256 0.423 2.087
94 6 -0.431 0.498 2.029
94 7 -0.317 0.678 2.012
94 8 -0.310 0.733 2.005
94 9 0.103 0.364 1.840
94 10 0.087 0.497 1.691
94 11 -0.008 0.659 1.683
94 12 -0.019 0.706 1.690
94 13 -0.169 0.093 1.951
94 14 -0.185 -0.332 1.955
94 15 -0.214 -0.627 1.997
94 16 -0.253 -0.655 1.933
94 17 0.008 0.079 1.889
94 18 0.027 -0.348 1.834
94 19 0.112 -0.669 1.803
94 20 0.096 -0.734 1.772
95 1 -0.091 0.182 1.941
95 2 -0.066 0.231 1.971
95 3 -0.061 0.502 1.971
95 4 -0.150 0.574 1.898
95 5 -0.271 0.430 2.097
95 6 -0.447 0.499 2.037
95 7 -0.286 0.621 2.061
95 8 -0.274 0.678 2.061
95 9 0.102 0.368 1.811
95 10 0.033 0.482 1.662
95 11 -0.026 0.653 1.688
95 12 -0.046 0.699 1.697
95 13 -0.203 0.094 1.964
95 14 -0.212 -0.329 1.967
95 15 -0.222 -0.623 2.002
95 16 -0.265 -0.653 1.942
95 17 -0.008 0.083 1.902
95 18 0.002 -0.343 1.838
95 19 0.093 -0.678 1.796
95 20 0.076 -0.741 1.773
96 1 -0.111 0.174 1.953
96 2 -0.088 0.218 1.985
96 3 -0.094 0.473 1.988
96 4 -0.188 0.547 1.908
96 5 -0.300 0.411 2.114
96 6 -0.447 0.509 2.053
96 7 -0.265 0.603 2.082
96 8 -0.250 0.660 2.085
96 9 0.098 0.369 1.801
96 10 -0.017 0.454 1.644
96 11 -0.063 0.605 1.733
96 12 -0.089 0.652 1.744
96 13 -0.228 0.076 1.977
96 14 -0.237 -0.347 1.976
96 15 -0.237 -0.639 2.016
96 16 -0.283 -0.671 1.961
96 17 -0.019 0.080 1.910
96 18 -0.019 -0.346 1.841
96 19 0.074 -0.685 1.791
96 20 0.058 -0.746 1.775
97 1 -0.126 0.170 1.963
97 2 -0.103 0.213 1.993
97 3 -0.116 0.457 1.996
97 4 -0.205 0.538 1.910
97 5 -0.320 0.400 2.123
97 6 -0.461 0.509 2.067
97 7 -0.299 0.611 2.088
97 8 -0.260 0.657 2.099
97 9 0.091 0.370 1.795
97 10 -0.041 0.447 1.636
97 11 -0.108 0.585 1.741
97 12 -0.123 0.638 1.753
97 13 -0.240 0.071 1.983
97 14 -0.252 -0.353 1.983
97 15 -0.243 -0.644 2.024
97 16 -0.290 -0.674 1.968
97 17 -0.036 0.076 1.925
97 18 -0.037 -0.346 1.844
97 19 0.052 -0.689 1.787
97 20 0.039 -0.751 1.776
98 1 -0.139 0.166 1.970
98 2 -0.116 0.208 2.001
98 3 -0.137 0.442 2.002
98 4 -0.214 0.534 1.912
98 5 -0.340 0.388 2.130
98 6 -0.476 0.505 2.077
98 7 -0.435 0.659 2.038
98 8 -0.399 0.705 2.043
98 9 0.060 0.380 1.804
98 10 -0.071 0.461 1.657
98 11 -0.148 0.615 1.711
98 12 -0.172 0.670 1.719
98 13 -0.249 0.067 1.989
98 14 -0.262 -0.358 1.990
98 15 -0.246 -0.648 2.031
98 16 -0.293 -0.677 1.973
98 17 -0.046 0.073 1.933
98 18 -0.050 -0.347 1.846
98 19 0.035 -0.691 1.785
98 20 0.023 -0.753 1.777
99 1 -0.147 0.159 1.975
99 2 -0.123 0.203 2.004
99 3 -0.146 0.435 2.006
99 4 -0.221 0.532 1.916
99 5 -0.357 0.332 2.174
99 6 -0.489 0.451 2.111
99 7 -0.520 0.631 2.035
99 8 -0.527 0.681 2.013
99 9 0.016 0.407 1.818
99 10 -0.098 0.490 1.667
99 11 -0.173 0.652 1.698
99 12 -0.198 0.695 1.705
99 13 -0.252 0.054 1.994
99 14 -0.276 -0.371 2.004
99 15 -0.245 -0.752 2.042
99 16 -0.283 -0.780 1.999
99 17 -0.052 0.071 1.937
99 18 -0.061 -0.348 1.847
99 19 0.013 -0.692 1.784
99 20 0.005 -0.754 1.777
100 1 -0.156 0.148 1.979
100 2 -0.131 0.195 2.007
100 3 -0.153 0.432 2.008
100 4 -0.228 0.536 1.923
100 5 -0.377 0.332 2.192
100 6 -0.526 0.432 2.122
100 7 -0.621 0.612 2.021
100 8 -0.646 0.670 1.992
100 9 -0.026 0.385 1.880
100 10 -0.082 0.484 1.727
100 11 -0.155 0.639 1.665
100 12 -0.183 0.686 1.664
100 13 -0.256 0.049 1.996
100 14 -0.283 -0.376 2.010
100 15 -0.245 -0.799 2.047
100 16 -0.276 -0.840 2.011
100 17 -0.061 0.062 1.944
100 18 -0.093 -0.359 1.852
100 19 -0.035 -0.689 1.785
100 20 -0.038 -0.753 1.776
101 1 -0.169 0.161 1.985
101 2 -0.144 0.204 2.012
101 3 -0.158 0.431 2.009
101 4 -0.228 0.558 1.939
101 5 -0.398 0.351 2.198
101 6 -0.561 0.424 2.131
101 7 -0.635 0.604 2.019
101 8 -0.666 0.665 1.989
101 9 -0.046 0.370 1.917
101 10 -0.079 0.505 1.743
101 11 -0.152 0.663 1.652
101 12 -0.189 0.700 1.649
101 13 -0.258 0.057 2.027
101 14 -0.276 -0.368 2.005
101 15 -0.246 -0.683 2.040
101 16 -0.283 -0.752 1.995
101 17 -0.088 0.069 1.925
101 18 -0.112 -0.355 1.855
101 19 -0.058 -0.688 1.787
101 20 -0.061 -0.752 1.777
102 1 -0.174 0.161 1.987
102 2 -0.150 0.205 2.014
102 3 -0.163 0.439 2.008
102 4 -0.229 0.576 1.947
102 5 -0.407 0.356 2.201
102 6 -0.576 0.417 2.138
102 7 -0.611 0.604 2.035
102 8 -0.613 0.659 2.015
102 9 -0.055 0.361 1.933
102 10 -0.054 0.497 1.764
102 11 -0.131 0.656 1.660
102 12 -0.161 0.698 1.653
102 13 -0.263 0.059 2.031
102 14 -0.268 -0.364 1.996
102 15 -0.261 -0.682 2.034
102 16 -0.299 -0.716 1.980
102 17 -0.095 0.068 1.923
102 18 -0.130 -0.355 1.861
102 19 -0.087 -0.661 1.799
102 20 -0.113 -0.705 1.758
103 1 -0.179 0.159 1.988
103 2 -0.155 0.205 2.015
103 3 -0.166 0.448 2.008
103 4 -0.234 0.584 1.951
103 5 -0.411 0.360 2.200
103 6 -0.591 0.384 2.148
103 7 -0.569 0.580 2.064
103 8 -0.552 0.646 2.043
103 9 -0.065 0.335 1.942
103 10 -0.034 0.484 1.769
103 11 -0.104 0.645 1.676
103 12 -0.140 0.696 1.662
103 13 -0.268 0.060 2.031
103 14 -0.291 -0.359 2.013
103 15 -0.251 -0.597 2.019
103 16 -0.283 -0.671 1.993
103 17 -0.100 0.066 1.924
103 18 -0.167 -0.345 1.887
103 19 -0.122 -0.632 1.812
103 20 -0.158 -0.668 1.752
104 1 -0.189 0.120 1.986
104 2 -0.168 0.170 2.015
104 3 -0.179 0.440 2.011
104 4 -0.234 0.584 1.957
104 5 -0.415 0.338 2.183
104 6 -0.604 0.335 2.147
104 7 -0.516 0.551 2.085
104 8 -0.524 0.610 2.064
104 9 -0.072 0.325 1.942
104 10 -0.001 0.446 1.765
104 11 -0.074 0.612 1.713
104 12 -0.102 0.666 1.706
104 13 -0.277 0.028 2.014
104 14 -0.311 -0.390 2.024
104 15 -0.252 -0.585 2.015
104 16 -0.281 -0.664 1.997
104 17 -0.103 0.054 1.930
104 18 -0.180 -0.354 1.886
104 19 -0.130 -0.656 1.810
104 20 -0.167 -0.692 1.766
105 1 -0.196 0.101 1.986
105 2 -0.176 0.152 2.016
105 3 -0.187 0.434 2.013
105 4 -0.237 0.579 1.961
105 5 -0.420 0.306 2.152
105 6 -0.610 0.314 2.142
105 7 -0.482 0.493 2.103
105 8 -0.485 0.547 2.086
105 9 -0.088 0.289 1.943
105 10 0.027 0.412 1.765
105 11 -0.060 0.570 1.776
105 12 -0.081 0.625 1.774
105 13 -0.288 -0.004 2.022
105 14 -0.329 -0.423 2.038
105 15 -0.262 -0.605 2.019
105 16 -0.284 -0.678 2.006
105 17 -0.115 0.031 1.926
105 18 -0.185 -0.384 1.876
105 19 -0.135 -0.667 1.810
105 20 -0.167 -0.712 1.776
106 1 -0.222 0.042 1.987
106 2 -0.203 0.097 2.020
106 3 -0.204 0.406 2.020
106 4 -0.245 0.551 1.969
106 5 -0.423 0.286 2.130
106 6 -0.591 0.346 2.094
106 7 -0.431 0.472 2.103
106 8 -0.435 0.513 2.097
106 9 -0.093 0.274 1.946
106 10 0.049 0.387 1.772
106 11 -0.046 0.538 1.812
106 12 -0.072 0.592 1.819
106 13 -0.310 -0.056 2.019
106 14 -0.343 -0.477 2.027
106 15 -0.297 -0.754 2.028
106 16 -0.315 -0.775 2.003
106 17 -0.146 -0.032 1.933
106 18 -0.182 -0.418 1.858
106 19 -0.133 -0.678 1.808
106 20 -0.174 -0.715 1.778
107 1 -0.235 0.013 1.988
107 2 -0.217 0.070 2.023
107 3 -0.212 0.390 2.023
107 4 -0.248 0.533 1.972
107 5 -0.425 0.274 2.118
107 6 -0.596 0.316 2.059
107 7 -0.445 0.483 2.065
107 8 -0.428 0.531 2.068
107 9 -0.094 0.264 1.949
107 10 0.061 0.378 1.778
107 11 -0.037 0.529 1.825
107 12 -0.049 0.568 1.843
107 13 -0.320 -0.079 2.017
107 14 -0.347 -0.502 2.019
107 15 -0.308 -0.788 2.029
107 16 -0.332 -0.834 1.999
107 17 -0.163 -0.068 1.940
107 18 -0.167 -0.455 1.842
107 19 -0.129 -0.685 1.806
107 20 -0.177 -0.717 1.778
108 1 -0.240 0.000 1.988
108 2 -0.223 0.058 2.024
108 3 -0.216 0.380 2.024
108 4 -0.252 0.525 1.977
108 5 -0.426 0.270 2.110
108 6 -0.596 0.310 2.030
108 7 -0.469 0.520 2.010
108 8 -0.462 0.576 2.001
108 9 -0.084 0.267 1.962
108 10 0.077 0.385 1.796
108 11 -0.001 0.556 1.808
108 12 -0.028 0.622 1.811
108 13 -0.325 -0.090 2.016
108 14 -0.348 -0.514 2.015
108 15 -0.310 -0.816 2.030
108 16 -0.337 -0.854 1.998
108 17 -0.169 -0.082 1.943
108 18 -0.156 -0.474 1.834
108 19 -0.121 -0.689 1.803
108 20 -0.172 -0.719 1.773
109 1 -0.243 -0.007 1.989
109 2 -0.227 0.051 2.025
109 3 -0.220 0.374 2.026
109 4 -0.254 0.520 1.980
109 5 -0.428 0.281 2.098
109 6 -0.588 0.354 1.990
109 7 -0.523 0.557 1.936
109 8 -0.506 0.616 1.925
109 9 -0.073 0.277 1.976
109 10 0.096 0.408 1.824
109 11 0.033 0.575 1.790
109 12 0.005 0.643 1.776
109 13 -0.327 -0.095 2.014
109 14 -0.344 -0.518 2.010
109 15 -0.302 -0.818 2.029
109 16 -0.335 -0.868 1.998
109 17 -0.170 -0.089 1.947
109 18 -0.141 -0.485 1.830
109 19 -0.107 -0.690 1.799
109 20 -0.128 -0.733 1.765
110 1 -0.241 -0.004 1.990
110 2 -0.228 0.051 2.027
110 3 -0.222 0.371 2.027
110 4 -0.254 0.521 1.982
110 5 -0.428 0.297 2.087
110 6 -0.577 0.394 1.965
110 7 -0.577 0.599 1.856
110 8 -0.569 0.652 1.835
110 9 -0.058 0.298 1.996
110 10 0.107 0.449 1.853
110 11 0.074 0.612 1.760
110 12 0.058 0.669 1.735
110 13 -0.322 -0.090 2.009
110 14 -0.335 -0.512 2.004
110 15 -0.292 -0.818 2.027
110 16 -0.328 -0.874 1.999
110 17 -0.162 -0.083 1.956
110 18 -0.122 -0.485 1.832
110 19 -0.083 -0.686 1.801
110 20 -0.104 -0.734 1.765
111 1 -0.231 0.007 1.992
111 2 -0.224 0.059 2.029
111 3 -0.223 0.368 2.028
111 4 -0.249 0.530 1.981
111 5 -0.423 0.313 2.075
111 6 -0.569 0.430 1.940
111 7 -0.611 0.625 1.805
111 8 -0.612 0.676 1.774
111 9 -0.044 0.320 2.014
111 10 0.112 0.477 1.872
111 11 0.099 0.636 1.748
111 12 0.094 0.674 1.721
111 13 -0.309 -0.076 2.000
111 14 -0.321 -0.500 1.996
111 15 -0.281 -0.811 2.026
111 16 -0.318 -0.875 2.002
111 17 -0.144 -0.067 1.969
111 18 -0.105 -0.477 1.838
111 19 -0.069 -0.681 1.805
111 20 -0.090 -0.733 1.768
112 1 -0.220 0.017 1.993
112 2 -0.218 0.067 2.031
112 3 -0.224 0.367 2.029
112 4 -0.240 0.542 1.976
112 5 -0.417 0.322 2.062
112 6 -0.565 0.442 1.927
112 7 -0.596 0.624 1.801
112 8 -0.589 0.678 1.773
112 9 -0.037 0.330 2.024
112 10 0.117 0.488 1.884
112 11 0.121 0.654 1.767
112 12 0.124 0.707 1.733
112 13 -0.294 -0.066 1.992
112 14 -0.309 -0.491 1.990
112 15 -0.272 -0.800 2.024
112 16 -0.305 -0.864 2.005
112 17 -0.130 -0.057 1.978
112 18 -0.091 -0.470 1.847
112 19 -0.056 -0.676 1.812
112 20 -0.072 -0.733 1.779
113 1 -0.209 0.021 1.993
113 2 -0.212 0.072 2.031
113 3 -0.223 0.367 2.028
113 4 -0.229 0.548 1.969
113 5 -0.407 0.321 2.042
113 6 -0.557 0.430 1.907
113 7 -0.542 0.611 1.813
113 8 -0.520 0.674 1.797
113 9 -0.033 0.336 2.029
113 10 0.132 0.456 1.922
113 11 0.127 0.624 1.826
113 12 0.120 0.690 1.807
113 13 -0.281 -0.062 1.985
113 14 -0.301 -0.488 1.986
113 15 -0.265 -0.793 2.022
113 16 -0.301 -0.859 2.007
113 17 -0.118 -0.053 1.984
113 18 -0.077 -0.466 1.858
113 19 -0.044 -0.676 1.819
113 20 -0.045 -0.721 1.768
114 1 -0.199 0.021 1.993
114 2 -0.205 0.072 2.031
114 3 -0.219 0.364 2.023
114 4 -0.217 0.546 1.960
114 5 -0.398 0.313 2.025
114 6 -0.545 0.413 1.887
114 7 -0.495 0.593 1.827
114 8 -0.462 0.652 1.832
114 9 -0.028 0.337 2.033
114 10 0.149 0.419 1.950
114 11 0.130 0.600 1.887
114 12 0.112 0.670 1.876
114 13 -0.270 -0.064 1.979
114 14 -0.294 -0.489 1.981
114 15 -0.260 -0.788 2.021
114 16 -0.296 -0.849 2.006
114 17 -0.107 -0.055 1.990
114 18 -0.067 -0.468 1.864
114 19 -0.032 -0.680 1.825
114 20 -0.028 -0.731 1.779
115 1 -0.187 0.015 1.992
115 2 -0.196 0.068 2.029
115 3 -0.210 0.357 2.017
115 4 -0.212 0.545 1.953
115 5 -0.382 0.280 1.998
115 6 -0.525 0.386 1.856
115 7 -0.425 0.592 1.854
115 8 -0.385 0.664 1.863
115 9 -0.019 0.327 2.035
115 10 0.164 0.382 1.969
115 11 0.113 0.560 1.953
115 12 0.086 0.635 1.956
115 13 -0.260 -0.072 1.974
115 14 -0.285 -0.497 1.969
115 15 -0.256 -0.783 2.016
115 16 -0.292 -0.843 2.004
115 17 -0.096 -0.063 1.994
115 18 -0.055 -0.473 1.869
115 19 0.003 -0.691 1.838
115 20 -0.019 -0.733 1.789
116 1 -0.176 0.006 1.990
116 2 -0.186 0.061 2.027
116 3 -0.202 0.351 2.012
116 4 -0.204 0.539 1.945
116 5 -0.371 0.255 1.982
116 6 -0.500 0.359 1.831
116 7 -0.375 0.535 1.867
116 8 -0.339 0.601 1.889
116 9 -0.011 0.313 2.035
116 10 0.172 0.360 1.979
116 11 0.098 0.527 1.988
116 12 0.054 0.594 2.009
116 13 -0.250 -0.083 1.969
116 14 -0.278 -0.495 1.957
116 15 -0.253 -0.777 2.008
116 16 -0.287 -0.835 1.993
116 17 -0.085 -0.072 1.997
116 18 -0.039 -0.481 1.872
116 19 0.021 -0.698 1.841
116 20 -0.008 -0.738 1.793
117 1 -0.168 -0.001 1.989
117 2 -0.178 0.055 2.024
117 3 -0.196 0.346 2.008
117 4 -0.188 0.527 1.936
117 5 -0.364 0.243 1.972
117 6 -0.472 0.329 1.804
117 7 -0.358 0.491 1.850
117 8 -0.324 0.560 1.872
117 9 -0.002 0.301 2.036
117 10 0.177 0.351 1.985
117 11 0.093 0.519 1.989
117 12 0.045 0.584 2.004
117 13 -0.243 -0.091 1.965
117 14 -0.273 -0.492 1.949
117 15 -0.251 -0.771 1.998
117 16 -0.283 -0.830 1.987
117 17 -0.077 -0.080 1.998
117 18 -0.027 -0.483 1.874
117 19 0.043 -0.698 1.841
117 20 0.035 -0.747 1.801
118 1 -0.158 -0.006 1.986
118 2 -0.170 0.050 2.021
118 3 -0.188 0.343 2.005
118 4 -0.174 0.520 1.929
118 5 -0.354 0.235 1.965
118 6 -0.455 0.320 1.788
118 7 -0.343 0.482 1.802
118 8 -0.305 0.551 1.819
118 9 0.011 0.293 2.040
118 10 0.192 0.363 1.982
118 11 0.115 0.541 1.948
118 12 0.089 0.604 1.938
118 13 -0.234 -0.097 1.960
118 14 -0.266 -0.484 1.939
118 15 -0.249 -0.766 1.990
118 16 -0.277 -0.826 1.979
118 17 -0.068 -0.085 1.998
118 18 -0.010 -0.483 1.877
118 19 0.071 -0.694 1.841
118 20 0.083 -0.732 1.782
119 1 -0.145 -0.007 1.982
119 2 -0.158 0.049 2.017
119 3 -0.180 0.342 2.002
119 4 -0.149 0.517 1.924
119 5 -0.334 0.237 1.957
119 6 -0.425 0.336 1.763
119 7 -0.327 0.503 1.743
119 8 -0.287 0.572 1.748
119 9 0.034 0.298 2.045
119 10 0.206 0.391 1.977
119 11 0.155 0.570 1.904
119 12 0.136 0.639 1.874
119 13 -0.216 -0.098 1.951
119 14 -0.256 -0.479 1.930
119 15 -0.246 -0.763 1.985
119 16 -0.273 -0.820 1.969
119 17 -0.055 -0.087 1.997
119 18 0.011 -0.481 1.880
119 19 0.090 -0.691 1.841
119 20 0.116 -0.723 1.771
120 1 -0.124 0.000 1.975
120 2 -0.140 0.055 2.009
120 3 -0.165 0.346 1.994
120 4 -0.125 0.518 1.921
120 5 -0.304 0.262 1.946
120 6 -0.397 0.367 1.748
120 7 -0.312 0.521 1.680
120 8 -0.272 0.584 1.669
120 9 0.054 0.311 2.049
120 10 0.215 0.432 1.971
120 11 0.208 0.613 1.854
120 12 0.197 0.669 1.815
120 13 -0.192 -0.089 1.940
120 14 -0.241 -0.473 1.923
120 15 -0.242 -0.761 1.981
120 16 -0.270 -0.815 1.961
120 17 -0.037 -0.083 1.994
120 18 0.032 -0.473 1.883
120 19 0.107 -0.689 1.842
120 20 0.134 -0.728 1.783
121 1 -0.099 0.016 1.966
121 2 -0.114 0.070 1.998
121 3 -0.135 0.359 1.982
121 4 -0.101 0.523 1.918
121 5 -0.279 0.287 1.935
121 6 -0.364 0.412 1.733
121 7 -0.298 0.559 1.626
121 8 -0.268 0.606 1.610
121 9 0.075 0.333 2.048
121 10 0.228 0.483 1.955
121 11 0.258 0.652 1.820
121 12 0.268 0.701 1.775
121 13 -0.169 -0.075 1.931
121 14 -0.219 -0.465 1.919
121 15 -0.237 -0.757 1.976
121 16 -0.212 -0.807 1.982
121 17 -0.011 -0.067 1.987
121 18 0.052 -0.460 1.886
121 19 0.123 -0.688 1.843
121 20 0.157 -0.728 1.791
122 1 -0.077 0.028 1.957
122 2 -0.091 0.082 1.987
122 3 -0.108 0.367 1.969
122 4 -0.062 0.532 1.912
122 5 -0.251 0.302 1.922
122 6 -0.341 0.439 1.721
122 7 -0.278 0.585 1.606
122 8 -0.258 0.628 1.593
122 9 0.096 0.349 2.043
122 10 0.237 0.505 1.947
122 11 0.279 0.667 1.817
122 12 0.296 0.711 1.792
122 13 -0.148 -0.063 1.922
122 14 -0.199 -0.458 1.917
122 15 -0.230 -0.752 1.972
122 16 -0.176 -0.801 1.994
122 17 0.010 -0.055 1.980
122 18 0.071 -0.447 1.888
122 19 0.134 -0.687 1.844
122 20 0.167 -0.729 1.793
123 1 -0.057 0.034 1.948
123 2 -0.069 0.088 1.974
123 3 -0.072 0.372 1.952
123 4 -0.034 0.535 1.904
123 5 -0.221 0.305 1.907
123 6 -0.327 0.448 1.714
123 7 -0.259 0.595 1.618
123 8 -0.230 0.635 1.618
123 9 0.132 0.354 2.033
123 10 0.270 0.498 1.948
123 11 0.289 0.657 1.861
123 12 0.296 0.719 1.835
123 13 -0.131 -0.056 1.913
123 14 -0.185 -0.456 1.917
123 15 -0.224 -0.750 1.970
123 16 -0.164 -0.799 1.997
123 17 0.028 -0.050 1.973
123 18 0.085 -0.441 1.887
123 19 0.144 -0.687 1.845
123 20 0.174 -0.729 1.795
124 1 -0.037 0.036 1.936
124 2 -0.047 0.090 1.961
124 3 -0.036 0.370 1.937
124 4 0.012 0.532 1.891
124 5 -0.187 0.296 1.886
124 6 -0.300 0.434 1.701
124 7 -0.220 0.589 1.650
124 8 -0.191 0.644 1.654
124 9 0.183 0.347 2.022
124 10 0.324 0.467 1.954
124 11 0.290 0.627 1.901
124 12 0.276 0.693 1.890
124 13 -0.118 -0.053 1.905
124 14 -0.174 -0.455 1.916
124 15 -0.219 -0.748 1.967
124 16 -0.155 -0.797 1.998
124 17 0.051 -0.050 1.959
124 18 0.105 -0.443 1.882
124 19 0.151 -0.687 1.844
124 20 0.178 -0.730 1.796
125 1 -0.003 0.029 1.918
125 2 -0.016 0.084 1.944
125 3 -0.015 0.367 1.928
125 4 0.037 0.528 1.880
125 5 -0.151 0.268 1.863
125 6 -0.268 0.401 1.689
125 7 -0.182 0.564 1.679
125 8 -0.151 0.627 1.695
125 9 0.217 0.329 2.015
125 10 0.364 0.430 1.961
125 11 0.274 0.634 1.937
125 12 0.258 0.695 1.923
125 13 -0.085 -0.061 1.885
125 14 -0.162 -0.454 1.913
125 15 -0.212 -0.746 1.964
125 16 -0.148 -0.796 1.999
125 17 0.086 -0.058 1.940
125 18 0.120 -0.444 1.877
125 19 0.157 -0.687 1.844
125 20 0.179 -0.734 1.799
126 1 0.024 0.026 1.906
126 2 0.015 0.080 1.930
126 3 0.031 0.355 1.914
126 4 0.060 0.522 1.870
126 5 -0.125 0.244 1.849
126 6 -0.234 0.370 1.677
126 7 -0.137 0.537 1.718
126 8 -0.118 0.606 1.738
126 9 0.248 0.304 2.008
126 10 0.372 0.439 1.965
126 11 0.233 0.605 1.972
126 12 0.207 0.660 1.963
126 13 -0.065 -0.066 1.872
126 14 -0.143 -0.450 1.900
126 15 -0.200 -0.740 1.955
126 16 -0.146 -0.793 1.988
126 17 0.113 -0.062 1.932
126 18 0.132 -0.443 1.872
126 19 0.166 -0.687 1.841
126 20 0.177 -0.738 1.802
127 1 0.053 0.027 1.895
127 2 0.037 0.079 1.921
127 3 0.047 0.352 1.908
127 4 0.073 0.521 1.863
127 5 -0.104 0.234 1.839
127 6 -0.200 0.347 1.666
127 7 -0.099 0.508 1.720
127 8 -0.079 0.580 1.750
127 9 0.270 0.293 2.005
127 10 0.394 0.427 1.966
127 11 0.242 0.571 1.982
127 12 0.206 0.634 1.975
127 13 -0.025 -0.067 1.850
127 14 -0.112 -0.450 1.877
127 15 -0.183 -0.734 1.938
127 16 -0.141 -0.792 1.950
127 17 0.158 -0.062 1.925
127 18 0.151 -0.437 1.861
127 19 0.180 -0.688 1.837
127 20 0.174 -0.741 1.804
128 1 0.072 0.027 1.889
128 2 0.054 0.080 1.913
128 3 0.057 0.357 1.901
128 4 0.088 0.523 1.856
128 5 -0.079 0.237 1.832
128 6 -0.177 0.336 1.657
128 7 -0.065 0.490 1.696
128 8 -0.036 0.559 1.722
128 9 0.283 0.289 2.003
128 10 0.429 0.407 1.963
128 11 0.333 0.565 1.943
128 12 0.279 0.615 1.950
128 13 -0.005 -0.068 1.841
128 14 -0.083 -0.445 1.856
128 15 -0.162 -0.725 1.920
128 16 -0.129 -0.767 1.876
128 17 0.177 -0.061 1.921
128 18 0.166 -0.432 1.854
128 19 0.190 -0.689 1.835
128 20 0.174 -0.742 1.805
129 1 0.086 0.029 1.882
129 2 0.071 0.085 1.905
129 3 0.072 0.391 1.886
129 4 0.124 0.540 1.847
129 5 -0.063 0.244 1.830
129 6 -0.162 0.332 1.650
129 7 -0.018 0.514 1.644
129 8 0.020 0.565 1.655
129 9 0.313 0.312 2.004
129 10 0.474 0.402 1.958
129 11 0.420 0.569 1.915
129 12 0.394 0.619 1.907
129 13 0.010 -0.065 1.835
129 14 -0.069 -0.443 1.846
129 15 -0.141 -0.722 1.903
129 16 -0.111 -0.755 1.824
129 17 0.189 -0.061 1.917
129 18 0.175 -0.429 1.849
129 19 0.197 -0.690 1.833
129 20 0.175 -0.745 1.806
130 1 0.100 0.038 1.876
130 2 0.086 0.096 1.897
130 3 0.079 0.407 1.880
130 4 0.141 0.548 1.844
130 5 -0.051 0.267 1.829
130 6 -0.148 0.342 1.641
130 7 0.011 0.522 1.577
130 8 0.063 0.567 1.565
130 9 0.326 0.326 2.005
130 10 0.491 0.403 1.958
130 11 0.528 0.591 1.872
130 12 0.523 0.639 1.852
130 13 0.024 -0.056 1.831
130 14 -0.057 -0.440 1.839
130 15 -0.097 -0.710 1.877
130 16 -0.071 -0.738 1.786
130 17 0.199 -0.053 1.910
130 18 0.181 -0.426 1.847
130 19 0.202 -0.690 1.833
130 20 0.181 -0.748 1.807
131 1 0.110 0.050 1.871
131 2 0.097 0.109 1.892
131 3 0.087 0.417 1.877
131 4 0.152 0.552 1.842
131 5 -0.041 0.293 1.829
131 6 -0.127 0.385 1.625
131 7 0.016 0.524 1.515
131 8 0.074 0.560 1.480
131 9 0.333 0.346 2.004
131 10 0.505 0.418 1.956
131 11 0.623 0.606 1.837
131 12 0.647 0.652 1.807
131 13 0.033 -0.041 1.830
131 14 -0.046 -0.435 1.833
131 15 -0.068 -0.702 1.860
131 16 -0.045 -0.728 1.767
131 17 0.206 -0.039 1.902
131 18 0.186 -0.425 1.845
131 19 0.207 -0.691 1.833
131 20 0.187 -0.750 1.808
132 1 0.121 0.080 1.865
132 2 0.108 0.134 1.886
132 3 0.094 0.426 1.874
132 4 0.165 0.570 1.843
132 5 -0.035 0.309 1.827
132 6 -0.115 0.414 1.616
132 7 0.012 0.525 1.482
132 8 0.062 0.556 1.453
132 9 0.336 0.364 2.001
132 10 0.512 0.427 1.955
132 11 0.635 0.608 1.836
132 12 0.671 0.648 1.816
132 13 0.040 -0.010 1.829
132 14 -0.031 -0.421 1.825
132 15 -0.034 -0.696 1.839
132 16 -0.012 -0.723 1.752
132 17 0.212 -0.005 1.891
132 18 0.191 -0.422 1.845
132 19 0.210 -0.691 1.833
132 20 0.193 -0.752 1.809
133 1 0.125 0.091 1.863
133 2 0.113 0.143 1.884
133 3 0.101 0.432 1.873
133 4 0.174 0.586 1.845
133 5 -0.029 0.319 1.826
133 6 -0.110 0.426 1.612
133 7 0.005 0.528 1.476
133 8 0.045 0.556 1.455
133 9 0.341 0.373 1.999
133 10 0.519 0.428 1.955
133 11 0.636 0.609 1.842
133 12 0.666 0.655 1.829
133 13 0.043 0.002 1.828
133 14 -0.021 -0.412 1.821
133 15 -0.007 -0.690 1.822
133 16 0.017 -0.718 1.742
133 17 0.214 0.005 1.886
133 18 0.195 -0.421 1.845
133 19 0.212 -0.692 1.834
133 20 0.199 -0.753 1.811
134 1 0.130 0.093 1.860
134 2 0.118 0.146 1.881
134 3 0.131 0.428 1.876
134 4 0.179 0.591 1.845
134 5 -0.016 0.322 1.822
134 6 -0.106 0.433 1.610
134 7 -0.002 0.542 1.493
134 8 0.023 0.565 1.495
134 9 0.352 0.375 1.997
134 10 0.537 0.418 1.962
134 11 0.611 0.615 1.867
134 12 0.610 0.667 1.857
134 13 0.046 0.007 1.828
134 14 -0.006 -0.413 1.812
134 15 0.011 -0.683 1.807
134 16 0.036 -0.713 1.732
134 17 0.216 0.005 1.878
134 18 0.205 -0.427 1.848
134 19 0.214 -0.692 1.836
134 20 0.204 -0.754 1.812
135 1 0.134 0.085 1.857
135 2 0.124 0.140 1.879
135 3 0.149 0.421 1.877
135 4 0.184 0.593 1.844
135 5 -0.005 0.321 1.818
135 6 -0.104 0.433 1.610
135 7 -0.011 0.551 1.518
135 8 0.025 0.592 1.515
135 9 0.374 0.357 1.994
135 10 0.558 0.397 1.973
135 11 0.554 0.577 1.910
135 12 0.546 0.643 1.891
135 13 0.047 0.004 1.828
135 14 0.008 -0.420 1.800
135 15 0.025 -0.672 1.783
135 16 0.048 -0.717 1.774
135 17 0.218 -0.007 1.869
135 18 0.214 -0.437 1.851
135 19 0.215 -0.693 1.840
135 20 0.211 -0.755 1.814
136 1 0.142 0.061 1.851
136 2 0.134 0.119 1.875
136 3 0.164 0.409 1.874
136 4 0.212 0.568 1.838
136 5 0.006 0.309 1.810
136 6 -0.105 0.409 1.615
136 7 -0.008 0.565 1.583
136 8 0.024 0.613 1.589
136 9 0.395 0.328 1.986
136 10 0.579 0.325 1.986
136 11 0.503 0.538 1.939
136 12 0.481 0.612 1.922
136 13 0.050 -0.016 1.826
136 14 0.025 -0.432 1.782
136 15 0.032 -0.664 1.763
136 16 0.060 -0.716 1.770
136 17 0.225 -0.037 1.857
136 18 0.220 -0.442 1.852
136 19 0.216 -0.694 1.842
136 20 0.217 -0.755 1.816
137 1 0.153 0.034 1.846
137 2 0.145 0.094 1.871
137 3 0.175 0.395 1.871
137 4 0.223 0.557 1.834
137 5 0.020 0.293 1.799
137 6 -0.105 0.388 1.618
137 7 -0.008 0.546 1.639
137 8 0.023 0.609 1.655
137 9 0.407 0.291 1.975
137 10 0.589 0.291 1.991
137 11 0.465 0.472 1.960
137 12 0.443 0.525 1.948
137 13 0.061 -0.043 1.821
137 14 0.037 -0.441 1.769
137 15 0.038 -0.661 1.739
137 16 0.065 -0.716 1.771
137 17 0.232 -0.061 1.853
137 18 0.226 -0.446 1.851
137 19 0.217 -0.694 1.844
137 20 0.241 -0.748 1.817
138 1 0.162 0.017 1.842
138 2 0.153 0.077 1.867
138 3 0.182 0.385 1.867
138 4 0.230 0.550 1.831
138 5 0.031 0.282 1.793
138 6 -0.102 0.370 1.621
138 7 0.009 0.544 1.702
138 8 0.023 0.609 1.710
138 9 0.411 0.274 1.969
138 10 0.581 0.311 1.973
138 11 0.405 0.459 1.949
138 12 0.386 0.509 1.944
138 13 0.075 -0.063 1.813
138 14 0.043 -0.445 1.762
138 15 0.042 -0.659 1.725
138 16 0.071 -0.704 1.701
138 17 0.239 -0.076 1.852
138 18 0.232 -0.450 1.847
138 19 0.218 -0.695 1.845
138 20 0.258 -0.742 1.815
139 1 0.167 0.008 1.840
139 2 0.158 0.069 1.866
139 3 0.186 0.379 1.865
139 4 0.234 0.546 1.829
139 5 0.036 0.276 1.790
139 6 -0.100 0.358 1.622
139 7 0.014 0.508 1.698
139 8 0.032 0.578 1.724
139 9 0.413 0.265 1.966
139 10 0.575 0.324 1.956
139 11 0.386 0.463 1.937
139 12 0.360 0.504 1.940
139 13 0.082 -0.072 1.809
139 14 0.048 -0.447 1.757
139 15 0.045 -0.658 1.717
139 16 0.073 -0.701 1.677
139 17 0.243 -0.084 1.852
139 18 0.237 -0.452 1.843
139 19 0.221 -0.695 1.845
139 20 0.266 -0.741 1.814
140 1 0.170 0.005 1.838
140 2 0.161 0.065 1.864
140 3 0.188 0.376 1.863
140 4 0.236 0.543 1.827
140 5 0.040 0.273 1.788
140 6 -0.098 0.351 1.623
140 7 0.013 0.499 1.679
140 8 0.038 0.570 1.701
140 9 0.414 0.261 1.964
140 10 0.580 0.306 1.940
140 11 0.447 0.469 1.890
140 12 0.416 0.532 1.884
140 13 0.086 -0.076 1.806
140 14 0.051 -0.449 1.753
140 15 0.046 -0.657 1.711
140 16 0.074 -0.700 1.664
140 17 0.249 -0.086 1.853
140 18 0.241 -0.452 1.838
140 19 0.224 -0.694 1.845
140 20 0.271 -0.739 1.813
141 1 0.173 0.007 1.837
141 2 0.164 0.066 1.864
141 3 0.190 0.374 1.862
141 4 0.234 0.543 1.826
141 5 0.042 0.271 1.787
141 6 -0.091 0.361 1.623
141 7 0.011 0.524 1.632
141 8 0.049 0.594 1.642
141 9 0.408 0.281 1.962
141 10 0.576 0.333 1.913
141 11 0.488 0.504 1.849
141 12 0.464 0.574 1.831
141 13 0.089 -0.075 1.803
141 14 0.053 -0.450 1.751
141 15 0.047 -0.657 1.708
141 16 0.074 -0.699 1.656
141 17 0.253 -0.083 1.854
141 18 0.243 -0.452 1.834
141 19 0.225 -0.694 1.845
141 20 0.275 -0.738 1.812
142 1 0.174 0.013 1.837
142 2 0.165 0.069 1.864
142 3 0.190 0.374 1.863
142 4 0.230 0.545 1.824
142 5 0.042 0.273 1.789
142 6 -0.087 0.385 1.622
142 7 0.003 0.548 1.588
142 8 0.038 0.604 1.588
142 9 0.402 0.300 1.959
142 10 0.569 0.368 1.898
142 11 0.541 0.563 1.793
142 12 0.519 0.621 1.772
142 13 0.090 -0.070 1.801
142 14 0.053 -0.450 1.749
142 15 0.047 -0.657 1.707
142 16 0.072 -0.700 1.653
142 17 0.255 -0.076 1.855
142 18 0.244 -0.453 1.829
142 19 0.227 -0.693 1.843
142 20 0.276 -0.737 1.810
143 1 0.174 0.020 1.836
143 2 0.165 0.075 1.865
143 3 0.189 0.376 1.863
143 4 0.226 0.548 1.823
143 5 0.035 0.292 1.799
143 6 -0.085 0.420 1.626
143 7 -0.010 0.577 1.539
143 8 0.024 0.623 1.526
143 9 0.396 0.323 1.955
143 10 0.564 0.423 1.878
143 11 0.604 0.622 1.745
143 12 0.600 0.673 1.716
143 13 0.089 -0.062 1.799
143 14 0.053 -0.449 1.748
143 15 0.045 -0.658 1.709
143 16 0.071 -0.699 1.649
143 17 0.255 -0.068 1.855
143 18 0.245 -0.455 1.825
143 19 0.229 -0.692 1.841
143 20 0.274 -0.733 1.802
144 1 0.173 0.029 1.836
144 2 0.163 0.083 1.866
144 3 0.187 0.380 1.864
144 4 0.220 0.552 1.822
144 5 0.030 0.305 1.806
144 6 -0.086 0.438 1.629
144 7 -0.017 0.590 1.517
144 8 0.009 0.638 1.484
144 9 0.392 0.338 1.950
144 10 0.561 0.451 1.869
144 11 0.623 0.637 1.738
144 12 0.629 0.685 1.710
144 13 0.087 -0.053 1.798
144 14 0.050 -0.448 1.749
144 15 0.041 -0.659 1.712
144 16 0.068 -0.697 1.647
144 17 0.252 -0.059 1.853
144 18 0.243 -0.458 1.819
144 19 0.229 -0.691 1.839
144 20 0.272 -0.730 1.796
145 1 0.170 0.034 1.835
145 2 0.162 0.088 1.866
145 3 0.185 0.383 1.865
145 4 0.215 0.557 1.821
145 5 0.026 0.313 1.810
145 6 -0.088 0.447 1.633
145 7 -0.024 0.598 1.514
145 8 -0.002 0.643 1.508
145 9 0.384 0.348 1.941
145 10 0.559 0.463 1.864
145 11 0.613 0.636 1.754
145 12 0.614 0.687 1.740
145 13 0.085 -0.047 1.798
145 14 0.045 -0.446 1.749
145 15 0.034 -0.661 1.720
145 16 0.059 -0.696 1.650
145 17 0.248 -0.051 1.849
145 18 0.241 -0.462 1.814
145 19 0.229 -0.690 1.836
145 20 0.270 -0.728 1.792
146 1 0.168 0.037 1.833
146 2 0.160 0.091 1.866
146 3 0.183 0.386 1.865
146 4 0.209 0.560 1.820
146 5 0.024 0.317 1.812
146 6 -0.110 0.433 1.648
146 7 -0.040 0.584 1.576
146 8 -0.008 0.642 1.583
146 9 0.379 0.351 1.931
146 10 0.555 0.458 1.864
146 11 0.553 0.618 1.800
146 12 0.541 0.685 1.786
146 13 0.083 -0.044 1.798
146 14 0.039 -0.446 1.750
146 15 0.026 -0.663 1.727
146 16 -0.005 -0.701 1.696
146 17 0.242 -0.048 1.843
146 18 0.238 -0.467 1.809
146 19 0.229 -0.690 1.832
146 20 0.269 -0.726 1.787
147 1 0.164 0.038 1.831
147 2 0.158 0.092 1.864
147 3 0.179 0.386 1.863
147 4 0.200 0.559 1.814
147 5 0.016 0.313 1.813
147 6 -0.126 0.417 1.658
147 7 -0.049 0.574 1.624
147 8 -0.014 0.638 1.635
147 9 0.376 0.347 1.921
147 10 0.546 0.433 1.867
147 11 0.480 0.628 1.829
147 12 0.465 0.685 1.821
147 13 0.079 -0.043 1.799
147 14 0.029 -0.448 1.751
147 15 0.017 -0.668 1.735
147 16 -0.053 -0.687 1.718
147 17 0.237 -0.049 1.837
147 18 0.234 -0.471 1.805
147 19 0.228 -0.691 1.825
147 20 0.270 -0.724 1.781
148 1 0.160 0.036 1.828
148 2 0.154 0.090 1.862
148 3 0.171 0.381 1.858
148 4 0.192 0.557 1.809
148 5 0.006 0.304 1.814
148 6 -0.143 0.393 1.667
148 7 -0.056 0.547 1.688
148 8 -0.018 0.613 1.711
148 9 0.372 0.331 1.907
148 10 0.538 0.412 1.869
148 11 0.397 0.598 1.861
148 12 0.381 0.655 1.856
148 13 0.074 -0.046 1.799
148 14 0.021 -0.450 1.752
148 15 0.007 -0.671 1.742
148 16 -0.075 -0.682 1.726
148 17 0.234 -0.052 1.831
148 18 0.232 -0.472 1.800
148 19 0.227 -0.690 1.816
148 20 0.269 -0.724 1.778
149 1 0.154 0.026 1.823
149 2 0.149 0.082 1.859
149 3 0.165 0.376 1.854
149 4 0.184 0.553 1.803
149 5 -0.002 0.295 1.814
149 6 -0.156 0.370 1.674
149 7 -0.065 0.526 1.715
149 8 -0.029 0.594 1.743
149 9 0.364 0.310 1.893
149 10 0.528 0.386 1.865
149 11 0.382 0.537 1.868
149 12 0.371 0.577 1.867
149 13 0.068 -0.053 1.798
149 14 0.005 -0.454 1.753
149 15 -0.015 -0.677 1.749
149 16 -0.094 -0.680 1.730
149 17 0.231 -0.061 1.825
149 18 0.229 -0.473 1.797
149 19 0.226 -0.689 1.809
149 20 0.269 -0.723 1.774
150 1 0.146 0.013 1.819
150 2 0.143 0.071 1.856
150 3 0.160 0.372 1.851
150 4 0.173 0.545 1.797
150 5 -0.009 0.287 1.815
150 6 -0.167 0.355 1.678
150 7 -0.099 0.519 1.686
150 8 -0.069 0.591 1.691
150 9 0.359 0.299 1.886
150 10 0.522 0.368 1.859
150 11 0.420 0.525 1.834
150 12 0.390 0.586 1.829
150 13 0.061 -0.065 1.798
150 14 -0.006 -0.457 1.755
150 15 -0.032 -0.680 1.756
150 16 -0.107 -0.679 1.734
150 17 0.226 -0.074 1.820
150 18 0.227 -0.472 1.793
150 19 0.226 -0.688 1.803
150 20 0.269 -0.723 1.771
151 1 0.139 0.004 1.817
151 2 0.136 0.062 1.854
151 3 0.151 0.369 1.851
151 4 0.164 0.539 1.792
151 5 -0.018 0.282 1.819
151 6 -0.183 0.342 1.681
151 7 -0.148 0.509 1.630
151 8 -0.122 0.581 1.618
151 9 0.352 0.292 1.883
151 10 0.520 0.351 1.849
151 11 0.490 0.526 1.766
151 12 0.467 0.579 1.757
151 13 0.056 -0.073 1.797
151 14 -0.024 -0.463 1.760
151 15 -0.054 -0.684 1.763
151 16 -0.127 -0.695 1.747
151 17 0.218 -0.084 1.817
151 18 0.224 -0.471 1.789
151 19 0.225 -0.687 1.800
151 20 0.269 -0.722 1.767
152 1 0.132 -0.001 1.817
152 2 0.128 0.057 1.854
152 3 0.138 0.367 1.852
152 4 0.147 0.538 1.789
152 5 -0.034 0.282 1.828
152 6 -0.222 0.316 1.689
152 7 -0.195 0.482 1.585
152 8 -0.178 0.551 1.559
152 9 0.341 0.290 1.884
152 10 0.518 0.334 1.841
152 11 0.532 0.492 1.720
152 12 0.538 0.546 1.694
152 13 0.051 -0.078 1.797
152 14 -0.037 -0.466 1.764
152 15 -0.078 -0.686 1.772
152 16 -0.103 -0.710 1.722
152 17 0.212 -0.089 1.816
152 18 0.220 -0.470 1.786
152 19 0.224 -0.686 1.797
152 20 0.260 -0.725 1.761
153 1 0.118 -0.001 1.818
153 2 0.114 0.058 1.856
153 3 0.117 0.374 1.854
153 4 0.118 0.548 1.788
153 5 -0.059 0.289 1.839
153 6 -0.259 0.275 1.708
153 7 -0.231 0.450 1.552
153 8 -0.219 0.517 1.509
153 9 0.320 0.297 1.888
153 10 0.502 0.290 1.837
153 11 0.579 0.454 1.671
153 12 0.590 0.507 1.642
153 13 0.038 -0.079 1.799
153 14 -0.053 -0.463 1.773
153 15 -0.096 -0.682 1.778
153 16 -0.100 -0.712 1.716
153 17 0.198 -0.089 1.817
153 18 0.212 -0.465 1.784
153 19 0.220 -0.683 1.793
153 20 0.242 -0.731 1.762
