1 1 0.087 -0.408 2.626
1 2 0.084 -0.380 2.681
1 3 0.086 -0.130 2.758
1 4 0.092 0.074 2.734
1 5 -0.078 -0.227 2.724
1 6 -0.123 -0.429 2.642
1 7 -0.078 -0.507 2.463
1 8 -0.105 -0.556 2.431
1 9 0.260 -0.237 2.751
1 10 0.385 -0.440 2.714
1 11 0.446 -0.331 2.904
1 12 0.437 -0.290 2.939
1 13 0.010 -0.478 2.580
1 14 -0.005 -0.614 2.186
1 15 -0.190 -0.813 2.203
1 16 -0.113 -0.817 2.132
1 17 0.165 -0.471 2.605
1 18 0.253 -0.588 2.255
1 19 0.139 -0.814 2.236
1 20 0.206 -0.819 2.152
2 1 0.087 -0.408 2.626
2 2 0.084 -0.380 2.681
2 3 0.086 -0.130 2.758
2 4 0.091 0.074 2.733
2 5 -0.078 -0.227 2.724
2 6 -0.123 -0.428 2.642
2 7 -0.078 -0.507 2.463
2 8 -0.105 -0.556 2.431
2 9 0.260 -0.237 2.750
2 10 0.385 -0.440 2.714
2 11 0.413 -0.314 2.946
2 12 0.406 -0.273 2.979
2 13 0.010 -0.479 2.580
2 14 -0.004 -0.618 2.183
2 15 -0.190 -0.813 2.203
2 16 -0.113 -0.817 2.131
2 17 0.167 -0.469 2.607
2 18 0.199 -0.566 2.264
2 19 0.086 -0.785 2.255
2 20 0.158 -0.798 2.179
3 1 0.088 -0.408 2.627
3 2 0.084 -0.380 2.682
3 3 0.086 -0.130 2.758
3 4 0.091 0.074 2.733
3 5 -0.078 -0.227 2.724
3 6 -0.123 -0.428 2.642
3 7 -0.077 -0.506 2.463
3 8 -0.105 -0.556 2.431
3 9 0.260 -0.236 2.750
3 10 0.386 -0.440 2.714
3 11 0.400 -0.308 2.963
3 12 0.393 -0.267 2.997
3 13 0.010 -0.479 2.580
3 14 -0.004 -0.619 2.183
3 15 -0.190 -0.813 2.203
3 16 -0.113 -0.816 2.131
3 17 0.169 -0.468 2.609
3 18 0.213 -0.574 2.264
3 19 0.132 -0.796 2.244
3 20 0.198 -0.806 2.164
4 1 0.088 -0.408 2.627
4 2 0.084 -0.379 2.682
4 3 0.086 -0.130 2.758
4 4 0.090 0.074 2.732
4 5 -0.078 -0.228 2.724
4 6 -0.123 -0.428 2.642
4 7 -0.077 -0.506 2.463
4 8 -0.105 -0.556 2.431
4 9 0.260 -0.236 2.750
4 10 0.386 -0.440 2.714
4 11 0.400 -0.305 2.962
4 12 0.385 -0.262 3.008
4 13 0.011 -0.479 2.580
4 14 -0.004 -0.619 2.183
4 15 -0.190 -0.813 2.203
4 16 -0.113 -0.816 2.131
4 17 0.169 -0.468 2.610
4 18 0.226 -0.579 2.263
4 19 0.152 -0.802 2.241
4 20 0.216 -0.810 2.158
5 1 0.088 -0.407 2.628
5 2 0.085 -0.379 2.682
5 3 0.086 -0.130 2.758
5 4 0.090 0.074 2.731
5 5 -0.078 -0.228 2.724
5 6 -0.123 -0.428 2.642
5 7 -0.077 -0.506 2.463
5 8 -0.105 -0.556 2.431
5 9 0.260 -0.236 2.750
5 10 0.386 -0.440 2.714
5 11 0.397 -0.300 2.967
5 12 0.386 -0.258 3.007
5 13 0.011 -0.479 2.581
5 14 -0.004 -0.619 2.183
5 15 -0.190 -0.813 2.203
5 16 -0.114 -0.816 2.131
5 17 0.170 -0.467 2.610
5 18 0.234 -0.583 2.262
5 19 0.160 -0.804 2.240
5 20 0.224 -0.813 2.154
6 1 0.089 -0.407 2.628
6 2 0.085 -0.379 2.682
6 3 0.086 -0.130 2.758
6 4 0.089 0.074 2.730
6 5 -0.078 -0.228 2.724
6 6 -0.123 -0.428 2.642
6 7 -0.077 -0.506 2.463
6 8 -0.105 -0.556 2.431
6 9 0.259 -0.236 2.750
6 10 0.386 -0.440 2.714
6 11 0.405 -0.299 2.958
6 12 0.392 -0.256 3.001
6 13 0.012 -0.479 2.581
6 14 -0.004 -0.620 2.183
6 15 -0.190 -0.813 2.203
6 16 -0.114 -0.816 2.131
6 17 0.171 -0.467 2.611
6 18 0.241 -0.585 2.261
6 19 0.165 -0.806 2.239
6 20 0.229 -0.815 2.152
7 1 0.089 -0.407 2.628
7 2 0.085 -0.379 2.683
7 3 0.086 -0.130 2.758
7 4 0.089 0.074 2.729
7 5 -0.078 -0.228 2.724
7 6 -0.123 -0.429 2.642
7 7 -0.076 -0.506 2.463
7 8 -0.104 -0.556 2.431
7 9 0.259 -0.236 2.750
7 10 0.386 -0.440 2.714
7 11 0.413 -0.299 2.948
7 12 0.399 -0.255 2.992
7 13 0.012 -0.480 2.581
7 14 -0.004 -0.620 2.183
7 15 -0.190 -0.813 2.203
7 16 -0.114 -0.816 2.130
7 17 0.171 -0.466 2.612
7 18 0.244 -0.588 2.259
7 19 0.165 -0.811 2.235
7 20 0.231 -0.818 2.149
8 1 0.085 -0.405 2.629
8 2 0.083 -0.378 2.683
8 3 0.086 -0.130 2.758
8 4 0.088 0.074 2.729
8 5 -0.078 -0.228 2.724
8 6 -0.123 -0.429 2.642
8 7 -0.076 -0.506 2.462
8 8 -0.104 -0.556 2.431
8 9 0.259 -0.236 2.749
8 10 0.386 -0.440 2.714
8 11 0.420 -0.299 2.941
8 12 0.405 -0.255 2.985
8 13 -0.001 -0.475 2.582
8 14 -0.004 -0.619 2.183
8 15 -0.190 -0.813 2.203
8 16 -0.114 -0.816 2.130
8 17 0.159 -0.464 2.610
8 18 0.246 -0.589 2.258
8 19 0.166 -0.814 2.234
8 20 0.231 -0.820 2.148
9 1 0.084 -0.404 2.629
9 2 0.083 -0.378 2.683
9 3 0.086 -0.130 2.758
9 4 0.088 0.075 2.728
9 5 -0.078 -0.228 2.724
9 6 -0.123 -0.429 2.642
9 7 -0.076 -0.507 2.462
9 8 -0.104 -0.556 2.431
9 9 0.259 -0.236 2.749
9 10 0.386 -0.440 2.714
9 11 0.425 -0.301 2.933
9 12 0.408 -0.255 2.980
9 13 0.001 -0.475 2.582
9 14 -0.005 -0.619 2.184
9 15 -0.191 -0.813 2.202
9 16 -0.114 -0.816 2.130
9 17 0.159 -0.464 2.611
9 18 0.247 -0.589 2.257
9 19 0.165 -0.816 2.232
9 20 0.230 -0.821 2.147
10 1 0.084 -0.404 2.629
10 2 0.083 -0.377 2.683
10 3 0.086 -0.130 2.758
10 4 0.088 0.075 2.727
10 5 -0.078 -0.228 2.724
10 6 -0.123 -0.429 2.642
10 7 -0.076 -0.506 2.462
10 8 -0.104 -0.556 2.431
10 9 0.259 -0.236 2.749
10 10 0.386 -0.440 2.715
10 11 0.427 -0.302 2.930
10 12 0.410 -0.255 2.978
10 13 0.004 -0.476 2.582
10 14 -0.005 -0.618 2.185
10 15 -0.191 -0.813 2.202
10 16 -0.115 -0.816 2.130
10 17 0.159 -0.465 2.611
10 18 0.248 -0.589 2.257
10 19 0.165 -0.817 2.232
10 20 0.229 -0.822 2.147
11 1 0.084 -0.404 2.630
11 2 0.082 -0.377 2.683
11 3 0.086 -0.130 2.758
11 4 0.087 0.075 2.727
11 5 -0.078 -0.228 2.724
11 6 -0.123 -0.429 2.642
11 7 -0.076 -0.506 2.462
11 8 -0.104 -0.555 2.431
11 9 0.259 -0.236 2.749
11 10 0.386 -0.439 2.715
11 11 0.429 -0.302 2.929
11 12 0.411 -0.255 2.976
11 13 0.008 -0.477 2.581
11 14 -0.005 -0.618 2.185
11 15 -0.191 -0.813 2.202
11 16 -0.115 -0.816 2.130
11 17 0.161 -0.466 2.612
11 18 0.249 -0.589 2.257
11 19 0.153 -0.817 2.230
11 20 0.223 -0.822 2.149
12 1 0.084 -0.404 2.630
12 2 0.083 -0.377 2.683
12 3 0.086 -0.130 2.758
12 4 0.087 0.075 2.726
12 5 -0.078 -0.228 2.724
12 6 -0.123 -0.429 2.641
12 7 -0.076 -0.506 2.462
12 8 -0.104 -0.555 2.431
12 9 0.259 -0.236 2.749
12 10 0.386 -0.439 2.716
12 11 0.430 -0.302 2.928
12 12 0.412 -0.256 2.975
12 13 0.011 -0.478 2.582
12 14 -0.004 -0.621 2.183
12 15 -0.191 -0.813 2.202
12 16 -0.115 -0.816 2.129
12 17 0.162 -0.466 2.612
12 18 0.250 -0.589 2.257
12 19 0.148 -0.818 2.230
12 20 0.217 -0.821 2.150
13 1 0.085 -0.404 2.630
13 2 0.083 -0.377 2.684
13 3 0.086 -0.130 2.758
13 4 0.087 0.075 2.725
13 5 -0.078 -0.228 2.724
13 6 -0.123 -0.430 2.641
13 7 -0.074 -0.505 2.459
13 8 -0.103 -0.555 2.429
13 9 0.259 -0.235 2.749
13 10 0.387 -0.438 2.717
13 11 0.430 -0.303 2.927
13 12 0.413 -0.256 2.974
13 13 0.013 -0.478 2.582
13 14 -0.003 -0.623 2.182
13 15 -0.191 -0.813 2.202
13 16 -0.115 -0.816 2.129
13 17 0.164 -0.467 2.612
13 18 0.251 -0.588 2.257
13 19 0.144 -0.817 2.229
13 20 0.213 -0.821 2.151
14 1 0.086 -0.404 2.630
14 2 0.083 -0.377 2.684
14 3 0.086 -0.130 2.758
14 4 0.086 0.075 2.724
14 5 -0.078 -0.228 2.724
14 6 -0.122 -0.430 2.641
14 7 -0.074 -0.506 2.458
14 8 -0.103 -0.555 2.429
14 9 0.259 -0.235 2.749
14 10 0.387 -0.438 2.717
14 11 0.430 -0.304 2.927
14 12 0.413 -0.257 2.974
14 13 0.015 -0.479 2.582
14 14 -0.003 -0.623 2.182
14 15 -0.191 -0.813 2.202
14 16 -0.116 -0.816 2.129
14 17 0.166 -0.468 2.613
14 18 0.251 -0.588 2.257
14 19 0.138 -0.819 2.227
14 20 0.209 -0.822 2.150
15 1 0.087 -0.405 2.630
15 2 0.083 -0.377 2.684
15 3 0.086 -0.130 2.758
15 4 0.086 0.074 2.724
15 5 -0.078 -0.228 2.724
15 6 -0.122 -0.430 2.641
15 7 -0.075 -0.506 2.458
15 8 -0.103 -0.555 2.428
15 9 0.258 -0.235 2.749
15 10 0.387 -0.438 2.717
15 11 0.430 -0.305 2.927
15 12 0.413 -0.258 2.973
15 13 0.016 -0.480 2.582
15 14 -0.003 -0.624 2.182
15 15 -0.192 -0.813 2.202
15 16 -0.116 -0.816 2.129
15 17 0.167 -0.468 2.613
15 18 0.252 -0.588 2.257
15 19 0.134 -0.821 2.225
15 20 0.206 -0.823 2.150
16 1 0.087 -0.405 2.630
16 2 0.083 -0.377 2.684
16 3 0.086 -0.130 2.758
16 4 0.086 0.074 2.723
16 5 -0.078 -0.228 2.724
16 6 -0.122 -0.430 2.641
16 7 -0.075 -0.507 2.457
16 8 -0.103 -0.555 2.428
16 9 0.258 -0.235 2.748
16 10 0.387 -0.438 2.717
16 11 0.430 -0.307 2.927
16 12 0.413 -0.259 2.973
16 13 0.016 -0.480 2.582
16 14 -0.003 -0.624 2.182
16 15 -0.192 -0.813 2.202
16 16 -0.116 -0.816 2.129
16 17 0.163 -0.474 2.606
16 18 0.252 -0.588 2.257
16 19 0.131 -0.822 2.224
16 20 0.204 -0.823 2.150
17 1 0.087 -0.405 2.630
17 2 0.083 -0.377 2.684
17 3 0.086 -0.130 2.758
17 4 0.086 0.074 2.723
17 5 -0.078 -0.228 2.724
17 6 -0.122 -0.430 2.641
17 7 -0.075 -0.507 2.457
17 8 -0.103 -0.555 2.428
17 9 0.258 -0.235 2.748
17 10 0.387 -0.438 2.717
17 11 0.430 -0.308 2.927
17 12 0.414 -0.260 2.973
17 13 0.017 -0.480 2.582
17 14 -0.003 -0.624 2.183
17 15 -0.192 -0.813 2.202
17 16 -0.116 -0.816 2.129
17 17 0.163 -0.474 2.605
17 18 0.252 -0.588 2.257
17 19 0.128 -0.822 2.223
17 20 0.203 -0.823 2.150
18 1 0.086 -0.405 2.630
18 2 0.083 -0.377 2.683
18 3 0.086 -0.130 2.758
18 4 0.086 0.074 2.722
18 5 -0.078 -0.228 2.724
18 6 -0.122 -0.430 2.641
18 7 -0.075 -0.507 2.457
18 8 -0.103 -0.555 2.428
18 9 0.258 -0.235 2.748
18 10 0.387 -0.438 2.717
18 11 0.429 -0.309 2.928
18 12 0.414 -0.261 2.973
18 13 0.012 -0.478 2.581
18 14 -0.004 -0.624 2.183
18 15 -0.192 -0.812 2.202
18 16 -0.116 -0.816 2.129
18 17 0.160 -0.474 2.605
18 18 0.252 -0.588 2.256
18 19 0.126 -0.823 2.222
18 20 0.202 -0.824 2.150
19 1 0.085 -0.405 2.629
19 2 0.083 -0.377 2.683
19 3 0.086 -0.130 2.758
19 4 0.086 0.074 2.722
19 5 -0.078 -0.228 2.724
19 6 -0.122 -0.431 2.641
19 7 -0.076 -0.508 2.457
19 8 -0.103 -0.555 2.428
19 9 0.258 -0.235 2.748
19 10 0.387 -0.438 2.717
19 11 0.429 -0.310 2.928
19 12 0.413 -0.262 2.972
19 13 0.007 -0.477 2.580
19 14 -0.004 -0.623 2.183
19 15 -0.193 -0.812 2.202
19 16 -0.116 -0.816 2.129
19 17 0.158 -0.473 2.605
19 18 0.252 -0.589 2.256
19 19 0.125 -0.824 2.222
19 20 0.201 -0.824 2.150
20 1 0.084 -0.406 2.628
20 2 0.082 -0.377 2.683
20 3 0.086 -0.130 2.758
20 4 0.086 0.074 2.722
20 5 -0.078 -0.228 2.724
20 6 -0.122 -0.431 2.640
20 7 -0.076 -0.508 2.457
20 8 -0.103 -0.555 2.428
20 9 0.258 -0.235 2.748
20 10 0.387 -0.438 2.717
20 11 0.426 -0.312 2.929
20 12 0.411 -0.264 2.973
20 13 0.005 -0.476 2.580
20 14 -0.004 -0.622 2.183
20 15 -0.193 -0.812 2.202
20 16 -0.116 -0.816 2.129
20 17 0.155 -0.474 2.603
20 18 0.252 -0.589 2.256
20 19 0.124 -0.824 2.221
20 20 0.200 -0.824 2.150
21 1 0.081 -0.406 2.628
21 2 0.081 -0.378 2.682
21 3 0.086 -0.130 2.757
21 4 0.086 0.074 2.721
21 5 -0.078 -0.228 2.724
21 6 -0.122 -0.431 2.640
21 7 -0.077 -0.508 2.457
21 8 -0.103 -0.555 2.427
21 9 0.258 -0.235 2.748
21 10 0.387 -0.439 2.717
21 11 0.425 -0.312 2.929
21 12 0.410 -0.265 2.972
21 13 -0.005 -0.475 2.584
21 14 -0.005 -0.622 2.183
21 15 -0.193 -0.812 2.202
21 16 -0.116 -0.816 2.129
21 17 0.152 -0.475 2.603
21 18 0.252 -0.589 2.256
21 19 0.123 -0.825 2.221
21 20 0.200 -0.824 2.150
22 1 0.081 -0.406 2.628
22 2 0.080 -0.378 2.682
22 3 0.086 -0.130 2.757
22 4 0.086 0.074 2.721
22 5 -0.078 -0.228 2.724
22 6 -0.122 -0.429 2.636
22 7 -0.076 -0.502 2.452
22 8 -0.102 -0.549 2.422
22 9 0.258 -0.235 2.746
22 10 0.389 -0.435 2.720
22 11 0.423 -0.310 2.931
22 12 0.408 -0.264 2.974
22 13 -0.004 -0.476 2.582
22 14 -0.005 -0.623 2.182
22 15 -0.192 -0.812 2.202
22 16 -0.116 -0.816 2.129
22 17 0.153 -0.473 2.602
22 18 0.252 -0.591 2.254
22 19 0.121 -0.826 2.220
22 20 0.199 -0.825 2.149
23 1 0.081 -0.407 2.627
23 2 0.081 -0.378 2.681
23 3 0.086 -0.131 2.755
23 4 0.085 0.074 2.720
23 5 -0.078 -0.228 2.723
23 6 -0.126 -0.423 2.627
23 7 -0.067 -0.454 2.431
23 8 -0.053 -0.456 2.372
23 9 0.258 -0.235 2.744
23 10 0.378 -0.455 2.730
23 11 0.422 -0.312 2.932
23 12 0.408 -0.265 2.975
23 13 0.001 -0.481 2.581
23 14 -0.005 -0.623 2.181
23 15 -0.192 -0.812 2.202
23 16 -0.116 -0.816 2.129
23 17 0.156 -0.473 2.602
23 18 0.247 -0.598 2.249
23 19 0.118 -0.830 2.217
23 20 0.198 -0.826 2.148
24 1 0.085 -0.412 2.629
24 2 0.083 -0.380 2.682
24 3 0.086 -0.132 2.752
24 4 0.085 0.072 2.714
24 5 -0.078 -0.228 2.722
24 6 -0.127 -0.416 2.621
24 7 -0.052 -0.395 2.420
24 8 -0.030 -0.396 2.356
24 9 0.258 -0.236 2.738
24 10 0.372 -0.465 2.735
24 11 0.421 -0.313 2.932
24 12 0.407 -0.266 2.975
24 13 0.012 -0.495 2.587
24 14 -0.005 -0.624 2.180
24 15 -0.192 -0.812 2.202
24 16 -0.115 -0.816 2.129
24 17 0.164 -0.476 2.608
24 18 0.243 -0.604 2.244
24 19 0.114 -0.834 2.213
24 20 0.196 -0.828 2.147
25 1 0.087 -0.414 2.628
25 2 0.084 -0.382 2.681
25 3 0.087 -0.134 2.747
25 4 0.084 0.069 2.701
25 5 -0.078 -0.228 2.718
25 6 -0.128 -0.405 2.608
25 7 -0.037 -0.365 2.408
25 8 0.010 -0.335 2.333
25 9 0.258 -0.237 2.732
25 10 0.369 -0.470 2.737
25 11 0.551 -0.472 2.803
25 12 0.591 -0.457 2.838
25 13 0.016 -0.499 2.589
25 14 -0.005 -0.624 2.179
25 15 -0.192 -0.812 2.202
25 16 -0.115 -0.816 2.129
25 17 0.166 -0.477 2.608
25 18 0.240 -0.608 2.240
25 19 0.111 -0.838 2.210
25 20 0.194 -0.829 2.146
26 1 0.088 -0.415 2.628
26 2 0.085 -0.382 2.680
26 3 0.089 -0.136 2.736
26 4 0.084 0.067 2.680
26 5 -0.074 -0.225 2.695
26 6 -0.128 -0.389 2.581
26 7 -0.010 -0.348 2.394
26 8 0.051 -0.304 2.319
26 9 0.258 -0.236 2.721
26 10 0.367 -0.472 2.738
26 11 0.576 -0.505 2.778
26 12 0.648 -0.517 2.796
26 13 0.017 -0.501 2.589
26 14 -0.005 -0.625 2.178
26 15 -0.191 -0.812 2.202
26 16 -0.115 -0.816 2.129
26 17 0.167 -0.477 2.607
26 18 0.238 -0.610 2.238
26 19 0.110 -0.840 2.208
26 20 0.194 -0.830 2.144
27 1 0.089 -0.415 2.627
27 2 0.085 -0.383 2.679
27 3 0.092 -0.139 2.720
27 4 0.083 0.063 2.656
27 5 -0.066 -0.221 2.664
27 6 -0.116 -0.366 2.531
27 7 0.037 -0.319 2.371
27 8 0.121 -0.241 2.264
27 9 0.259 -0.232 2.706
27 10 0.364 -0.472 2.738
27 11 0.444 -0.641 2.705
27 12 0.498 -0.697 2.701
27 13 0.020 -0.502 2.589
27 14 -0.005 -0.625 2.177
27 15 -0.191 -0.812 2.202
27 16 -0.115 -0.816 2.130
27 17 0.168 -0.477 2.607
27 18 0.238 -0.611 2.236
27 19 0.109 -0.841 2.206
27 20 0.193 -0.831 2.143
28 1 0.091 -0.416 2.625
28 2 0.087 -0.382 2.676
28 3 0.094 -0.144 2.699
28 4 0.082 0.057 2.630
28 5 -0.061 -0.218 2.647
28 6 -0.054 -0.362 2.456
28 7 0.083 -0.272 2.319
28 8 0.150 -0.215 2.229
28 9 0.262 -0.218 2.672
28 10 0.358 -0.462 2.733
28 11 0.437 -0.688 2.671
28 12 0.460 -0.748 2.675
28 13 0.023 -0.501 2.588
28 14 -0.006 -0.625 2.177
28 15 -0.191 -0.812 2.202
28 16 -0.114 -0.816 2.130
28 17 0.169 -0.477 2.607
28 18 0.238 -0.611 2.235
28 19 0.108 -0.842 2.205
28 20 0.193 -0.832 2.142
29 1 0.092 -0.416 2.624
29 2 0.089 -0.382 2.674
29 3 0.095 -0.148 2.670
29 4 0.079 0.049 2.590
29 5 -0.059 -0.213 2.630
29 6 -0.027 -0.372 2.419
29 7 0.108 -0.235 2.249
29 8 0.171 -0.185 2.183
29 9 0.264 -0.202 2.640
29 10 0.351 -0.440 2.723
29 11 0.395 -0.644 2.700
29 12 0.414 -0.741 2.685
29 13 0.025 -0.501 2.588
29 14 -0.006 -0.625 2.177
29 15 -0.191 -0.812 2.202
29 16 -0.114 -0.817 2.130
29 17 0.169 -0.477 2.607
29 18 0.238 -0.612 2.234
29 19 0.108 -0.842 2.204
29 20 0.193 -0.832 2.142
30 1 0.094 -0.417 2.622
30 2 0.092 -0.381 2.668
30 3 0.091 -0.153 2.631
30 4 0.081 0.041 2.554
30 5 -0.058 -0.209 2.618
30 6 -0.032 -0.356 2.399
30 7 0.113 -0.212 2.210
30 8 0.203 -0.155 2.137
30 9 0.266 -0.190 2.612
30 10 0.351 -0.410 2.719
30 11 0.376 -0.624 2.698
30 12 0.380 -0.724 2.684
30 13 0.026 -0.502 2.588
30 14 -0.006 -0.625 2.176
30 15 -0.190 -0.812 2.202
30 16 -0.113 -0.817 2.130
30 17 0.171 -0.478 2.606
30 18 0.238 -0.612 2.233
30 19 0.084 -0.799 2.213
30 20 0.169 -0.807 2.152
31 1 0.096 -0.418 2.615
31 2 0.096 -0.380 2.651
31 3 0.086 -0.160 2.597
31 4 0.083 0.031 2.517
31 5 -0.063 -0.206 2.592
31 6 -0.005 -0.293 2.367
31 7 0.128 -0.172 2.173
31 8 0.220 -0.112 2.072
31 9 0.266 -0.186 2.592
31 10 0.350 -0.393 2.713
31 11 0.353 -0.631 2.689
31 12 0.356 -0.701 2.693
31 13 0.026 -0.502 2.589
31 14 -0.006 -0.625 2.176
31 15 -0.189 -0.813 2.202
31 16 -0.113 -0.817 2.130
31 17 0.174 -0.480 2.602
31 18 0.239 -0.612 2.233
31 19 0.073 -0.778 2.218
31 20 0.159 -0.798 2.157
32 1 0.099 -0.420 2.596
32 2 0.099 -0.379 2.620
32 3 0.083 -0.165 2.565
32 4 0.082 0.022 2.480
32 5 -0.066 -0.205 2.573
32 6 -0.045 -0.327 2.394
32 7 0.087 -0.218 2.190
32 8 0.080 -0.239 2.133
32 9 0.266 -0.186 2.568
32 10 0.348 -0.381 2.705
32 11 0.349 -0.605 2.698
32 12 0.351 -0.669 2.707
32 13 0.027 -0.502 2.588
32 14 -0.007 -0.623 2.176
32 15 -0.189 -0.813 2.202
32 16 -0.113 -0.817 2.129
32 17 0.179 -0.484 2.591
32 18 0.239 -0.612 2.233
32 19 0.069 -0.771 2.221
32 20 0.155 -0.794 2.159
33 1 0.100 -0.427 2.577
33 2 0.103 -0.383 2.594
33 3 0.081 -0.171 2.537
33 4 0.083 0.017 2.456
33 5 -0.068 -0.207 2.556
33 6 -0.058 -0.350 2.389
33 7 0.057 -0.247 2.203
33 8 0.073 -0.244 2.163
33 9 0.233 -0.221 2.500
33 10 0.333 -0.370 2.671
33 11 0.359 -0.566 2.708
33 12 0.362 -0.633 2.724
33 13 0.027 -0.503 2.587
33 14 -0.007 -0.603 2.182
33 15 -0.187 -0.809 2.203
33 16 -0.112 -0.815 2.129
33 17 0.180 -0.490 2.575
33 18 0.239 -0.612 2.233
33 19 0.066 -0.766 2.222
33 20 0.152 -0.792 2.161
34 1 0.101 -0.434 2.562
34 2 0.104 -0.388 2.574
34 3 0.079 -0.174 2.514
34 4 0.085 0.009 2.422
34 5 -0.068 -0.216 2.528
34 6 -0.072 -0.374 2.390
34 7 0.036 -0.281 2.206
34 8 0.056 -0.265 2.164
34 9 0.210 -0.246 2.456
34 10 0.327 -0.360 2.657
34 11 0.365 -0.549 2.713
34 12 0.369 -0.617 2.732
34 13 0.029 -0.505 2.582
34 14 -0.020 -0.573 2.187
34 15 -0.190 -0.795 2.204
34 16 -0.117 -0.805 2.131
34 17 0.180 -0.495 2.564
34 18 0.238 -0.612 2.233
34 19 0.065 -0.765 2.224
34 20 0.151 -0.791 2.163
35 1 0.096 -0.446 2.535
35 2 0.099 -0.397 2.543
35 3 0.076 -0.178 2.482
35 4 0.087 0.006 2.402
35 5 -0.069 -0.221 2.509
35 6 -0.084 -0.389 2.391
35 7 0.015 -0.319 2.229
35 8 0.043 -0.293 2.178
35 9 0.198 -0.259 2.429
35 10 0.320 -0.352 2.641
35 11 0.366 -0.541 2.715
35 12 0.376 -0.609 2.738
35 13 0.026 -0.512 2.557
35 14 -0.028 -0.560 2.188
35 15 -0.195 -0.784 2.205
35 16 -0.121 -0.801 2.132
35 17 0.173 -0.504 2.542
35 18 0.239 -0.614 2.230
35 19 0.067 -0.771 2.221
35 20 0.152 -0.794 2.162
36 1 0.092 -0.454 2.513
36 2 0.095 -0.403 2.520
36 3 0.075 -0.179 2.464
36 4 0.087 0.006 2.379
36 5 -0.068 -0.223 2.489
36 6 -0.089 -0.396 2.390
36 7 0.006 -0.334 2.235
36 8 0.042 -0.309 2.168
36 9 0.193 -0.265 2.411
36 10 0.314 -0.347 2.625
36 11 0.369 -0.536 2.716
36 12 0.385 -0.604 2.743
36 13 0.024 -0.518 2.532
36 14 -0.034 -0.552 2.189
36 15 -0.199 -0.776 2.205
36 16 -0.126 -0.797 2.132
36 17 0.165 -0.511 2.519
36 18 0.242 -0.620 2.220
36 19 0.078 -0.788 2.211
36 20 0.162 -0.803 2.156
37 1 0.089 -0.458 2.500
37 2 0.092 -0.407 2.505
37 3 0.074 -0.180 2.450
37 4 0.088 0.007 2.362
37 5 -0.066 -0.225 2.465
37 6 -0.095 -0.401 2.381
37 7 0.002 -0.344 2.227
37 8 0.040 -0.315 2.138
37 9 0.190 -0.269 2.399
37 10 0.311 -0.344 2.614
37 11 0.373 -0.533 2.716
37 12 0.393 -0.602 2.747
37 13 0.022 -0.521 2.515
37 14 -0.040 -0.553 2.183
37 15 -0.202 -0.772 2.203
37 16 -0.130 -0.796 2.130
37 17 0.161 -0.515 2.507
37 18 0.252 -0.624 2.211
37 19 0.086 -0.792 2.210
37 20 0.169 -0.807 2.155
38 1 0.086 -0.460 2.488
38 2 0.089 -0.409 2.492
38 3 0.073 -0.181 2.438
38 4 0.089 0.010 2.348
38 5 -0.063 -0.225 2.439
38 6 -0.093 -0.393 2.327
38 7 0.001 -0.335 2.168
38 8 0.038 -0.302 2.087
38 9 0.190 -0.271 2.391
38 10 0.309 -0.343 2.606
38 11 0.377 -0.533 2.715
38 12 0.402 -0.602 2.748
38 13 0.020 -0.522 2.497
38 14 -0.048 -0.666 2.153
38 15 -0.219 -0.857 2.180
38 16 -0.198 -0.896 2.104
38 17 0.157 -0.517 2.498
38 18 0.260 -0.627 2.204
38 19 0.091 -0.795 2.209
38 20 0.177 -0.810 2.153
39 1 0.088 -0.476 2.454
39 2 0.088 -0.421 2.464
39 3 0.074 -0.179 2.427
39 4 0.090 0.012 2.338
39 5 -0.061 -0.222 2.424
39 6 -0.086 -0.369 2.251
39 7 0.014 -0.319 2.095
39 8 0.052 -0.293 2.029
39 9 0.195 -0.269 2.382
39 10 0.308 -0.342 2.596
39 11 0.472 -0.463 2.727
39 12 0.510 -0.517 2.771
39 13 0.020 -0.526 2.480
39 14 -0.056 -0.617 2.144
39 15 -0.225 -0.842 2.172
39 16 -0.193 -0.875 2.096
39 17 0.161 -0.543 2.452
39 18 0.296 -0.638 2.161
39 19 0.127 -0.803 2.178
39 20 0.216 -0.821 2.127
40 1 0.090 -0.480 2.438
40 2 0.090 -0.424 2.448
40 3 0.078 -0.175 2.418
40 4 0.091 0.013 2.330
40 5 -0.059 -0.218 2.414
40 6 -0.113 -0.339 2.212
40 7 -0.002 -0.290 2.059
40 8 0.022 -0.254 1.993
40 9 0.217 -0.238 2.361
40 10 0.318 -0.327 2.566
40 11 0.505 -0.427 2.720
40 12 0.584 -0.499 2.771
40 13 0.021 -0.528 2.465
40 14 -0.059 -0.629 2.139
40 15 -0.191 -0.898 2.175
40 16 -0.146 -0.944 2.103
40 17 0.165 -0.550 2.425
40 18 0.320 -0.646 2.135
40 19 0.158 -0.814 2.163
40 20 0.247 -0.830 2.111
41 1 0.095 -0.472 2.423
41 2 0.095 -0.419 2.433
41 3 0.085 -0.168 2.411
41 4 0.091 0.015 2.324
41 5 -0.057 -0.215 2.408
41 6 -0.144 -0.337 2.273
41 7 -0.127 -0.236 2.120
41 8 -0.093 -0.164 2.041
41 9 0.245 -0.199 2.352
41 10 0.333 -0.302 2.551
41 11 0.523 -0.411 2.715
41 12 0.547 -0.484 2.701
41 13 0.024 -0.525 2.446
41 14 -0.070 -0.626 2.131
41 15 -0.166 -0.851 2.190
41 16 -0.098 -0.862 2.120
41 17 0.170 -0.546 2.407
41 18 0.334 -0.648 2.124
41 19 0.173 -0.815 2.159
41 20 0.260 -0.833 2.106
42 1 0.102 -0.454 2.407
42 2 0.101 -0.406 2.419
42 3 0.092 -0.161 2.406
42 4 0.092 0.018 2.319
42 5 -0.058 -0.209 2.405
42 6 -0.193 -0.282 2.264
42 7 -0.174 -0.159 2.114
42 8 -0.152 -0.100 2.078
42 9 0.263 -0.176 2.352
42 10 0.351 -0.289 2.544
42 11 0.535 -0.401 2.714
42 12 0.595 -0.498 2.739
42 13 0.026 -0.519 2.428
42 14 -0.079 -0.624 2.123
42 15 -0.165 -0.845 2.192
42 16 -0.087 -0.851 2.130
42 17 0.178 -0.533 2.392
42 18 0.343 -0.650 2.118
42 19 0.186 -0.816 2.158
42 20 0.271 -0.835 2.103
43 1 0.105 -0.441 2.399
43 2 0.104 -0.395 2.411
43 3 0.097 -0.154 2.403
43 4 0.092 0.022 2.314
43 5 -0.066 -0.199 2.407
43 6 -0.249 -0.242 2.314
43 7 -0.213 -0.101 2.184
43 8 -0.193 -0.040 2.150
43 9 0.275 -0.165 2.357
43 10 0.452 -0.197 2.300
43 11 0.418 -0.080 2.153
43 12 0.389 -0.024 2.100
43 13 0.026 -0.515 2.418
43 14 -0.082 -0.623 2.118
43 15 -0.164 -0.826 2.198
43 16 -0.082 -0.828 2.140
43 17 0.182 -0.524 2.384
43 18 0.349 -0.651 2.114
43 19 0.194 -0.816 2.159
43 20 0.278 -0.836 2.103
44 1 0.105 -0.424 2.395
44 2 0.106 -0.381 2.406
44 3 0.102 -0.148 2.402
44 4 0.093 0.028 2.309
44 5 -0.078 -0.183 2.415
44 6 -0.292 -0.181 2.359
44 7 -0.215 -0.040 2.240
44 8 -0.198 0.016 2.214
44 9 0.293 -0.160 2.379
44 10 0.483 -0.180 2.305
44 11 0.429 -0.037 2.165
44 12 0.400 0.013 2.121
44 13 0.024 -0.507 2.410
44 14 -0.085 -0.622 2.114
44 15 -0.166 -0.810 2.201
44 16 -0.078 -0.819 2.143
44 17 0.184 -0.514 2.380
44 18 0.353 -0.652 2.116
44 19 0.199 -0.817 2.166
44 20 0.282 -0.837 2.105
45 1 0.105 -0.406 2.395
45 2 0.107 -0.365 2.406
45 3 0.107 -0.140 2.402
45 4 0.094 0.036 2.305
45 5 -0.087 -0.170 2.422
45 6 -0.313 -0.143 2.418
45 7 -0.204 0.016 2.284
45 8 -0.182 0.064 2.255
45 9 0.312 -0.157 2.413
45 10 0.507 -0.167 2.361
45 11 0.403 0.004 2.216
45 12 0.370 0.052 2.185
45 13 0.020 -0.496 2.405
45 14 -0.086 -0.621 2.112
45 15 -0.165 -0.802 2.203
45 16 -0.075 -0.814 2.145
45 17 0.185 -0.504 2.381
45 18 0.337 -0.669 2.134
45 19 0.182 -0.827 2.194
45 20 0.263 -0.837 2.130
46 1 0.104 -0.391 2.399
46 2 0.105 -0.350 2.409
46 3 0.110 -0.133 2.404
46 4 0.096 0.041 2.303
46 5 -0.097 -0.152 2.433
46 6 -0.326 -0.125 2.440
46 7 -0.184 0.047 2.314
46 8 -0.157 0.097 2.296
46 9 0.327 -0.153 2.451
46 10 0.522 -0.140 2.412
46 11 0.390 0.020 2.278
46 12 0.356 0.069 2.252
46 13 0.016 -0.484 2.403
46 14 -0.087 -0.620 2.111
46 15 -0.165 -0.797 2.205
46 16 -0.075 -0.811 2.147
46 17 0.186 -0.494 2.385
46 18 0.333 -0.671 2.143
46 19 0.180 -0.829 2.207
46 20 0.258 -0.836 2.142
47 1 0.104 -0.369 2.409
47 2 0.105 -0.335 2.415
47 3 0.111 -0.130 2.405
47 4 0.097 0.045 2.301
47 5 -0.102 -0.143 2.439
47 6 -0.328 -0.105 2.455
47 7 -0.162 0.095 2.337
47 8 -0.120 0.118 2.299
47 9 0.336 -0.146 2.486
47 10 0.534 -0.106 2.451
47 11 0.377 0.047 2.310
47 12 0.342 0.093 2.280
47 13 0.013 -0.466 2.407
47 14 -0.082 -0.619 2.110
47 15 -0.173 -0.790 2.204
47 16 -0.084 -0.810 2.148
47 17 0.189 -0.469 2.405
47 18 0.323 -0.666 2.163
47 19 0.144 -0.793 2.224
47 20 0.222 -0.814 2.163
48 1 0.101 -0.362 2.417
48 2 0.103 -0.329 2.420
48 3 0.114 -0.131 2.408
48 4 0.099 0.045 2.300
48 5 -0.078 -0.151 2.449
48 6 -0.317 -0.087 2.462
48 7 -0.152 0.124 2.343
48 8 -0.116 0.153 2.323
48 9 0.337 -0.145 2.502
48 10 0.526 -0.105 2.508
48 11 0.382 0.081 2.335
48 12 0.348 0.126 2.307
48 13 0.008 -0.459 2.411
48 14 -0.077 -0.619 2.109
48 15 -0.175 -0.790 2.203
48 16 -0.085 -0.811 2.149
48 17 0.179 -0.458 2.431
48 18 0.312 -0.651 2.186
48 19 0.122 -0.768 2.235
48 20 0.191 -0.793 2.182
49 1 0.095 -0.361 2.428
49 2 0.098 -0.328 2.429
49 3 0.109 -0.146 2.416
49 4 0.103 0.042 2.303
49 5 -0.071 -0.151 2.455
49 6 -0.240 -0.022 2.442
49 7 -0.142 0.182 2.323
49 8 -0.097 0.215 2.295
49 9 0.329 -0.138 2.517
49 10 0.504 -0.069 2.531
49 11 0.396 0.140 2.347
49 12 0.363 0.188 2.310
49 13 0.002 -0.454 2.418
49 14 -0.067 -0.618 2.110
49 15 -0.208 -0.757 2.194
49 16 -0.119 -0.793 2.152
49 17 0.171 -0.453 2.449
49 18 0.304 -0.641 2.199
49 19 0.109 -0.774 2.237
49 20 0.183 -0.797 2.186
50 1 0.090 -0.362 2.440
50 2 0.093 -0.330 2.440
50 3 0.106 -0.181 2.434
50 4 0.110 0.017 2.324
50 5 -0.072 -0.131 2.465
50 6 -0.209 0.050 2.406
50 7 -0.142 0.228 2.290
50 8 -0.101 0.279 2.252
50 9 0.323 -0.132 2.526
50 10 0.472 -0.023 2.514
50 11 0.443 0.189 2.345
50 12 0.430 0.235 2.303
50 13 -0.006 -0.452 2.431
50 14 -0.059 -0.617 2.113
50 15 -0.219 -0.747 2.192
50 16 -0.133 -0.786 2.154
50 17 0.167 -0.450 2.460
50 18 0.299 -0.633 2.207
50 19 0.103 -0.775 2.238
50 20 0.182 -0.804 2.185
51 1 0.088 -0.366 2.450
51 2 0.091 -0.337 2.452
51 3 0.111 -0.220 2.446
51 4 0.114 -0.012 2.345
51 5 -0.071 -0.121 2.470
51 6 -0.183 0.089 2.373
51 7 -0.152 0.257 2.260
51 8 -0.116 0.317 2.219
51 9 0.314 -0.130 2.530
51 10 0.454 0.039 2.472
51 11 0.501 0.243 2.338
51 12 0.502 0.292 2.305
51 13 -0.010 -0.455 2.444
51 14 -0.061 -0.622 2.123
51 15 -0.153 -0.812 2.204
51 16 -0.087 -0.814 2.142
51 17 0.164 -0.449 2.467
51 18 0.297 -0.626 2.211
51 19 0.101 -0.777 2.238
51 20 0.186 -0.809 2.183
52 1 0.088 -0.376 2.459
52 2 0.090 -0.345 2.460
52 3 0.108 -0.226 2.451
52 4 0.116 -0.018 2.351
52 5 -0.067 -0.121 2.473
52 6 -0.182 0.088 2.361
52 7 -0.157 0.265 2.249
52 8 -0.123 0.326 2.207
52 9 0.304 -0.130 2.531
52 10 0.445 0.072 2.445
52 11 0.534 0.266 2.338
52 12 0.553 0.320 2.310
52 13 -0.007 -0.463 2.455
52 14 -0.064 -0.624 2.131
52 15 -0.134 -0.831 2.205
52 16 -0.059 -0.831 2.138
52 17 0.166 -0.453 2.475
52 18 0.296 -0.621 2.213
52 19 0.101 -0.779 2.236
52 20 0.191 -0.813 2.180
53 1 0.088 -0.380 2.464
53 2 0.090 -0.348 2.464
53 3 0.104 -0.222 2.453
53 4 0.118 -0.016 2.353
53 5 -0.063 -0.130 2.474
53 6 -0.181 0.082 2.356
53 7 -0.155 0.271 2.245
53 8 -0.118 0.315 2.220
53 9 0.301 -0.124 2.530
53 10 0.450 0.075 2.440
53 11 0.523 0.264 2.360
53 12 0.524 0.317 2.343
53 13 -0.006 -0.467 2.460
53 14 -0.069 -0.627 2.139
53 15 -0.132 -0.842 2.208
53 16 -0.054 -0.838 2.140
53 17 0.167 -0.455 2.480
53 18 0.296 -0.617 2.214
53 19 0.230 -0.875 2.144
53 20 0.262 -0.909 2.078
54 1 0.089 -0.382 2.466
54 2 0.090 -0.349 2.466
54 3 0.105 -0.194 2.446
54 4 0.122 -0.003 2.351
54 5 -0.061 -0.138 2.473
54 6 -0.213 0.036 2.379
54 7 -0.138 0.230 2.282
54 8 -0.102 0.277 2.265
54 9 0.299 -0.120 2.529
54 10 0.467 0.003 2.492
54 11 0.474 0.225 2.405
54 12 0.470 0.287 2.382
54 13 -0.005 -0.468 2.462
54 14 -0.075 -0.628 2.145
54 15 -0.162 -0.839 2.211
54 16 -0.075 -0.838 2.151
54 17 0.168 -0.456 2.482
54 18 0.296 -0.615 2.213
54 19 0.289 -0.921 2.103
54 20 0.302 -0.964 2.022
55 1 0.089 -0.371 2.458
55 2 0.091 -0.337 2.456
55 3 0.112 -0.163 2.430
55 4 0.130 0.018 2.340
55 5 -0.069 -0.146 2.468
55 6 -0.227 0.018 2.390
55 7 -0.127 0.187 2.326
55 8 -0.092 0.235 2.313
55 9 0.321 -0.134 2.528
55 10 0.475 -0.007 2.507
55 11 0.442 0.177 2.449
55 12 0.445 0.244 2.426
55 13 -0.007 -0.467 2.459
55 14 -0.078 -0.628 2.148
55 15 -0.178 -0.835 2.212
55 16 -0.085 -0.838 2.156
55 17 0.169 -0.453 2.476
55 18 0.296 -0.614 2.212
55 19 0.315 -0.941 2.088
55 20 0.317 -0.986 2.003
56 1 0.085 -0.360 2.447
56 2 0.085 -0.324 2.443
56 3 0.083 -0.129 2.407
56 4 0.134 0.030 2.334
56 5 -0.069 -0.146 2.456
56 6 -0.221 0.011 2.408
56 7 -0.082 0.153 2.374
56 8 -0.046 0.199 2.364
56 9 0.333 -0.140 2.528
56 10 0.480 -0.019 2.521
56 11 0.377 0.128 2.470
56 12 0.375 0.188 2.447
56 13 -0.010 -0.462 2.453
56 14 -0.074 -0.631 2.145
56 15 -0.183 -0.830 2.211
56 16 -0.088 -0.838 2.158
56 17 0.169 -0.448 2.464
56 18 0.298 -0.614 2.209
56 19 0.331 -0.955 2.077
56 20 0.326 -0.999 1.993
57 1 0.050 -0.330 2.442
57 2 0.037 -0.286 2.445
57 3 -0.042 -0.039 2.452
57 4 0.096 0.078 2.341
57 5 -0.151 -0.077 2.484
57 6 -0.214 0.049 2.359
57 7 -0.045 0.114 2.420
57 8 -0.015 0.166 2.404
57 9 0.265 -0.082 2.575
57 10 0.479 -0.025 2.529
57 11 0.333 0.100 2.471
57 12 0.346 0.161 2.454
57 13 -0.021 -0.432 2.437
57 14 -0.059 -0.628 2.142
57 15 -0.173 -0.820 2.208
57 16 -0.083 -0.835 2.156
57 17 0.158 -0.418 2.444
57 18 0.298 -0.613 2.209
57 19 0.338 -0.958 2.074
57 20 0.333 -1.000 1.989
58 1 0.034 -0.313 2.437
58 2 0.008 -0.262 2.446
58 3 -0.091 0.004 2.457
58 4 0.071 0.108 2.346
58 5 -0.199 -0.024 2.447
58 6 -0.244 0.112 2.408
58 7 -0.075 0.104 2.374
58 8 -0.019 0.148 2.393
58 9 0.217 -0.040 2.598
58 10 0.475 -0.028 2.529
58 11 0.290 0.130 2.423
58 12 0.288 0.179 2.415
58 13 -0.024 -0.413 2.426
58 14 -0.034 -0.627 2.140
58 15 -0.165 -0.810 2.206
58 16 -0.079 -0.831 2.154
58 17 0.154 -0.392 2.428
58 18 0.298 -0.614 2.208
58 19 0.336 -0.953 2.078
58 20 0.339 -0.993 1.994
59 1 0.026 -0.306 2.434
59 2 -0.003 -0.252 2.444
59 3 -0.110 -0.013 2.432
59 4 0.036 0.139 2.337
59 5 -0.220 -0.015 2.410
59 6 -0.219 0.145 2.368
59 7 -0.051 0.199 2.271
59 8 -0.011 0.224 2.287
59 9 0.195 -0.030 2.593
59 10 0.435 0.015 2.462
59 11 0.335 0.219 2.351
59 12 0.303 0.258 2.341
59 13 -0.025 -0.404 2.420
59 14 -0.055 -0.619 2.130
59 15 -0.193 -0.789 2.204
59 16 -0.106 -0.794 2.151
59 17 0.153 -0.381 2.421
59 18 0.268 -0.632 2.203
59 19 0.342 -0.952 2.080
59 20 0.356 -0.986 2.001
60 1 0.068 -0.340 2.417
60 2 0.066 -0.304 2.423
60 3 0.062 -0.117 2.405
60 4 0.090 0.068 2.320
60 5 -0.081 -0.099 2.417
60 6 -0.191 0.118 2.339
60 7 -0.075 0.236 2.225
60 8 -0.042 0.283 2.200
60 9 0.275 -0.067 2.486
60 10 0.429 0.058 2.402
60 11 0.429 0.244 2.295
60 12 0.384 0.304 2.272
60 13 -0.002 -0.425 2.411
60 14 -0.066 -0.616 2.125
60 15 -0.180 -0.802 2.202
60 16 -0.123 -0.750 2.153
60 17 0.169 -0.407 2.409
60 18 0.283 -0.642 2.188
60 19 0.321 -0.956 2.099
60 20 0.326 -0.987 2.029
61 1 0.062 -0.330 2.414
61 2 0.047 -0.286 2.421
61 3 -0.028 -0.067 2.403
61 4 0.049 0.084 2.315
61 5 -0.151 -0.057 2.404
61 6 -0.166 0.124 2.299
61 7 -0.114 0.276 2.161
61 8 -0.086 0.321 2.130
61 9 0.277 -0.063 2.463
61 10 0.416 0.099 2.344
61 11 0.472 0.310 2.227
61 12 0.471 0.368 2.197
61 13 0.001 -0.421 2.410
61 14 -0.058 -0.580 2.109
61 15 -0.171 -0.810 2.202
61 16 -0.129 -0.733 2.154
61 17 0.178 -0.416 2.407
61 18 0.286 -0.645 2.184
61 19 0.312 -0.956 2.112
61 20 0.317 -0.988 2.040
62 1 0.065 -0.355 2.410
62 2 0.048 -0.305 2.415
62 3 -0.035 -0.069 2.396
62 4 0.073 0.059 2.313
62 5 -0.165 -0.051 2.406
62 6 -0.157 0.119 2.278
62 7 -0.151 0.286 2.140
62 8 -0.136 0.332 2.103
62 9 0.049 -0.036 2.401
62 10 0.273 0.088 2.329
62 11 0.423 0.278 2.231
62 12 0.470 0.339 2.202
62 13 0.009 -0.420 2.410
62 14 -0.085 -0.601 2.123
62 15 -0.168 -0.821 2.204
62 16 -0.134 -0.725 2.155
62 17 0.158 -0.417 2.407
62 18 0.288 -0.646 2.181
62 19 0.307 -0.951 2.119
62 20 0.309 -0.985 2.046
63 1 0.098 -0.355 2.408
63 2 0.093 -0.313 2.410
63 3 0.091 -0.124 2.392
63 4 0.088 0.052 2.313
63 5 -0.084 -0.067 2.421
63 6 -0.165 0.095 2.279
63 7 -0.177 0.260 2.163
63 8 -0.157 0.307 2.126
63 9 0.253 -0.062 2.437
63 10 0.419 0.081 2.357
63 11 0.466 0.304 2.206
63 12 0.476 0.354 2.181
63 13 0.014 -0.420 2.410
63 14 -0.073 -0.611 2.106
63 15 -0.167 -0.822 2.203
63 16 -0.137 -0.718 2.155
63 17 0.169 -0.417 2.406
63 18 0.292 -0.644 2.177
63 19 0.302 -0.949 2.125
63 20 0.305 -0.984 2.050
64 1 0.110 -0.355 2.406
64 2 0.113 -0.316 2.407
64 3 0.133 -0.140 2.387
64 4 0.097 0.052 2.314
64 5 -0.046 -0.077 2.428
64 6 -0.197 0.044 2.330
64 7 -0.191 0.229 2.211
64 8 -0.168 0.276 2.180
64 9 0.265 -0.066 2.432
64 10 0.450 0.056 2.400
64 11 0.437 0.265 2.240
64 12 0.424 0.308 2.209
64 13 0.017 -0.420 2.410
64 14 -0.059 -0.578 2.101
64 15 -0.167 -0.822 2.203
64 16 -0.139 -0.724 2.182
64 17 0.177 -0.417 2.405
64 18 0.290 -0.653 2.178
64 19 0.301 -0.952 2.127
64 20 0.306 -0.989 2.050
65 1 0.117 -0.355 2.404
65 2 0.122 -0.318 2.405
65 3 0.154 -0.148 2.384
65 4 0.107 0.056 2.312
65 5 -0.026 -0.086 2.431
65 6 -0.225 0.010 2.371
65 7 -0.193 0.200 2.271
65 8 -0.161 0.246 2.245
65 9 0.302 -0.085 2.440
65 10 0.479 0.017 2.453
65 11 0.394 0.201 2.305
65 12 0.363 0.239 2.274
65 13 0.019 -0.420 2.408
65 14 -0.054 -0.574 2.099
65 15 -0.168 -0.820 2.201
65 16 -0.139 -0.728 2.191
65 17 0.181 -0.418 2.404
65 18 0.290 -0.660 2.180
65 19 0.302 -0.956 2.126
65 20 0.307 -0.995 2.048
66 1 0.121 -0.354 2.403
66 2 0.128 -0.318 2.402
66 3 0.155 -0.145 2.383
66 4 0.114 0.059 2.308
66 5 -0.013 -0.094 2.430
66 6 -0.249 -0.017 2.422
66 7 -0.194 0.168 2.347
66 8 -0.175 0.182 2.330
66 9 0.344 -0.101 2.462
66 10 0.509 -0.009 2.498
66 11 0.373 0.148 2.372
66 12 0.332 0.184 2.339
66 13 0.023 -0.421 2.403
66 14 -0.048 -0.582 2.097
66 15 -0.171 -0.814 2.199
66 16 -0.112 -0.762 2.166
66 17 0.186 -0.418 2.404
66 18 0.290 -0.662 2.180
66 19 0.301 -0.957 2.128
66 20 0.307 -0.997 2.049
67 1 0.128 -0.348 2.401
67 2 0.138 -0.313 2.400
67 3 0.207 -0.147 2.382
67 4 0.149 0.061 2.297
67 5 -0.034 -0.114 2.431
67 6 -0.254 -0.027 2.443
67 7 -0.155 0.139 2.406
67 8 -0.144 0.149 2.389
67 9 0.361 -0.108 2.469
67 10 0.517 -0.017 2.511
67 11 0.347 0.100 2.433
67 12 0.302 0.138 2.395
67 13 0.025 -0.421 2.399
67 14 -0.045 -0.582 2.096
67 15 -0.173 -0.809 2.198
67 16 -0.093 -0.787 2.148
67 17 0.190 -0.418 2.405
67 18 0.295 -0.656 2.182
67 19 0.297 -0.956 2.130
67 20 0.305 -0.998 2.051
68 1 0.145 -0.339 2.408
68 2 0.173 -0.293 2.419
68 3 0.285 -0.065 2.439
68 4 0.195 0.084 2.313
68 5 -0.050 -0.147 2.431
68 6 -0.246 -0.023 2.445
68 7 -0.089 0.126 2.395
68 8 -0.075 0.145 2.396
68 9 0.383 -0.107 2.470
68 10 0.506 0.035 2.448
68 11 0.309 0.089 2.426
68 12 0.278 0.117 2.412
68 13 0.026 -0.421 2.396
68 14 -0.043 -0.582 2.094
68 15 -0.174 -0.805 2.198
68 16 -0.088 -0.813 2.139
68 17 0.196 -0.418 2.407
68 18 0.299 -0.653 2.184
68 19 0.294 -0.956 2.133
68 20 0.301 -0.996 2.053
69 1 0.161 -0.331 2.417
69 2 0.197 -0.280 2.434
69 3 0.350 -0.024 2.459
69 4 0.231 0.101 2.329
69 5 -0.055 -0.161 2.432
69 6 -0.211 -0.019 2.407
69 7 -0.086 0.134 2.342
69 8 -0.029 0.177 2.324
69 9 0.400 -0.096 2.452
69 10 0.512 0.044 2.385
69 11 0.317 0.120 2.349
69 12 0.257 0.164 2.329
69 13 0.027 -0.421 2.395
69 14 -0.043 -0.589 2.097
69 15 -0.174 -0.800 2.198
69 16 -0.082 -0.826 2.135
69 17 0.205 -0.415 2.413
69 18 0.302 -0.649 2.186
69 19 0.292 -0.955 2.134
69 20 0.298 -0.994 2.053
70 1 0.133 -0.352 2.430
70 2 0.139 -0.317 2.443
70 3 0.158 -0.140 2.430
70 4 0.151 0.045 2.330
70 5 -0.057 -0.168 2.432
70 6 -0.202 -0.015 2.366
70 7 -0.092 0.130 2.275
70 8 -0.030 0.180 2.249
70 9 0.334 -0.128 2.450
70 10 0.465 0.002 2.341
70 11 0.339 0.119 2.295
70 12 0.303 0.184 2.254
70 13 0.014 -0.444 2.416
70 14 -0.042 -0.590 2.097
70 15 -0.164 -0.784 2.197
70 16 -0.073 -0.826 2.132
70 17 0.196 -0.430 2.428
70 18 0.304 -0.646 2.187
70 19 0.290 -0.953 2.135
70 20 0.295 -0.992 2.054
71 1 0.111 -0.371 2.440
71 2 0.120 -0.333 2.450
71 3 0.157 -0.140 2.439
71 4 0.140 0.035 2.338
71 5 -0.058 -0.173 2.434
71 6 -0.190 -0.026 2.316
71 7 -0.084 0.126 2.200
71 8 -0.023 0.174 2.178
71 9 0.310 -0.138 2.450
71 10 0.428 -0.015 2.289
71 11 0.372 0.149 2.194
71 12 0.346 0.208 2.164
71 13 0.007 -0.457 2.428
71 14 -0.025 -0.619 2.123
71 15 -0.167 -0.778 2.195
71 16 -0.077 -0.824 2.134
71 17 0.188 -0.442 2.438
71 18 0.305 -0.644 2.188
71 19 0.289 -0.950 2.136
71 20 0.293 -0.990 2.054
72 1 0.103 -0.378 2.445
72 2 0.106 -0.343 2.453
72 3 0.114 -0.157 2.443
72 4 0.121 0.026 2.344
72 5 -0.059 -0.176 2.436
72 6 -0.184 -0.043 2.268
72 7 -0.089 0.112 2.114
72 8 -0.038 0.161 2.095
72 9 0.287 -0.140 2.450
72 10 0.401 -0.048 2.264
72 11 0.409 0.143 2.111
72 12 0.396 0.207 2.078
72 13 0.006 -0.466 2.436
72 14 -0.023 -0.627 2.129
72 15 -0.168 -0.776 2.194
72 16 -0.079 -0.825 2.136
72 17 0.185 -0.447 2.443
72 18 0.305 -0.642 2.189
72 19 0.288 -0.949 2.136
72 20 0.292 -0.988 2.054
73 1 0.098 -0.383 2.449
73 2 0.096 -0.348 2.457
73 3 0.065 -0.119 2.462
73 4 0.095 0.056 2.366
73 5 -0.059 -0.172 2.439
73 6 -0.183 -0.073 2.230
73 7 -0.087 0.067 2.071
73 8 -0.047 0.114 2.052
73 9 0.267 -0.136 2.453
73 10 0.399 -0.090 2.269
73 11 0.430 0.082 2.088
73 12 0.424 0.141 2.046
73 13 0.004 -0.470 2.440
73 14 -0.036 -0.628 2.134
73 15 -0.171 -0.777 2.195
73 16 -0.084 -0.823 2.136
73 17 0.183 -0.450 2.447
73 18 0.305 -0.639 2.191
73 19 0.287 -0.947 2.136
73 20 0.291 -0.985 2.054
74 1 0.094 -0.386 2.451
74 2 0.090 -0.350 2.460
74 3 0.053 -0.106 2.471
74 4 0.086 0.071 2.377
74 5 -0.059 -0.167 2.441
74 6 -0.199 -0.131 2.230
74 7 -0.086 0.012 2.065
74 8 -0.048 0.054 2.039
74 9 0.257 -0.130 2.458
74 10 0.398 -0.138 2.286
74 11 0.427 0.013 2.096
74 12 0.416 0.071 2.041
74 13 0.003 -0.473 2.443
74 14 -0.042 -0.626 2.134
74 15 -0.170 -0.796 2.198
74 16 -0.086 -0.824 2.135
74 17 0.181 -0.452 2.448
74 18 0.305 -0.637 2.192
74 19 0.287 -0.945 2.136
74 20 0.291 -0.983 2.053
75 1 0.091 -0.391 2.452
75 2 0.086 -0.353 2.461
75 3 0.059 -0.094 2.474
75 4 0.083 0.079 2.382
75 5 -0.059 -0.165 2.443
75 6 -0.205 -0.171 2.232
75 7 -0.090 -0.072 2.087
75 8 -0.056 -0.034 2.060
75 9 0.252 -0.127 2.461
75 10 0.403 -0.170 2.297
75 11 0.416 -0.048 2.110
75 12 0.397 0.019 2.037
75 13 0.003 -0.475 2.446
75 14 -0.043 -0.627 2.134
75 15 -0.169 -0.802 2.200
75 16 -0.087 -0.824 2.134
75 17 0.178 -0.457 2.446
75 18 0.305 -0.637 2.192
75 19 0.286 -0.944 2.136
75 20 0.290 -0.982 2.053
76 1 0.089 -0.394 2.452
76 2 0.083 -0.354 2.463
76 3 0.064 -0.086 2.475
76 4 0.083 0.086 2.385
76 5 -0.065 -0.158 2.446
76 6 -0.211 -0.237 2.273
76 7 -0.068 -0.157 2.094
76 8 -0.031 -0.118 2.060
76 9 0.251 -0.126 2.465
76 10 0.405 -0.201 2.304
76 11 0.403 -0.096 2.119
76 12 0.366 -0.038 2.039
76 13 0.002 -0.477 2.447
76 14 -0.044 -0.627 2.132
76 15 -0.169 -0.804 2.200
76 16 -0.087 -0.824 2.134
76 17 0.176 -0.461 2.445
76 18 0.306 -0.637 2.192
76 19 0.286 -0.944 2.136
76 20 0.290 -0.981 2.053
77 1 0.088 -0.396 2.452
77 2 0.082 -0.355 2.464
77 3 0.076 -0.083 2.473
77 4 0.086 0.090 2.386
77 5 -0.070 -0.155 2.447
77 6 -0.198 -0.296 2.306
77 7 -0.051 -0.242 2.134
77 8 -0.010 -0.200 2.095
77 9 0.251 -0.127 2.466
77 10 0.400 -0.214 2.293
77 11 0.368 -0.126 2.111
77 12 0.321 -0.067 2.020
77 13 0.001 -0.480 2.448
77 14 -0.019 -0.648 2.137
77 15 -0.169 -0.806 2.201
77 16 -0.088 -0.823 2.134
77 17 0.175 -0.464 2.444
77 18 0.306 -0.638 2.192
77 19 0.286 -0.944 2.136
77 20 0.290 -0.981 2.053
78 1 0.086 -0.404 2.451
78 2 0.081 -0.358 2.465
78 3 0.086 -0.087 2.468
78 4 0.088 0.091 2.385
78 5 -0.075 -0.158 2.451
78 6 -0.189 -0.349 2.355
78 7 -0.048 -0.320 2.200
78 8 0.000 -0.296 2.142
78 9 0.252 -0.150 2.444
78 10 0.376 -0.205 2.237
78 11 0.333 -0.112 2.062
78 12 0.273 -0.061 1.960
78 13 -0.002 -0.488 2.448
78 14 -0.013 -0.646 2.137
78 15 -0.169 -0.807 2.201
78 16 -0.089 -0.822 2.132
78 17 0.172 -0.473 2.441
78 18 0.307 -0.643 2.191
78 19 0.286 -0.944 2.138
78 20 0.289 -0.981 2.055
79 1 0.084 -0.417 2.448
79 2 0.083 -0.366 2.464
79 3 0.093 -0.100 2.457
79 4 0.088 0.085 2.377
79 5 -0.085 -0.180 2.462
79 6 -0.172 -0.393 2.402
79 7 -0.047 -0.382 2.245
79 8 -0.013 -0.363 2.203
79 9 0.247 -0.170 2.419
79 10 0.345 -0.197 2.194
79 11 0.296 -0.131 2.020
79 12 0.238 -0.056 1.893
79 13 -0.004 -0.500 2.449
79 14 -0.009 -0.643 2.137
79 15 -0.168 -0.808 2.201
79 16 -0.091 -0.821 2.131
79 17 0.170 -0.486 2.436
79 18 0.309 -0.649 2.187
79 19 0.287 -0.946 2.140
79 20 0.287 -0.983 2.057
80 1 0.085 -0.431 2.441
80 2 0.088 -0.378 2.458
80 3 0.097 -0.116 2.444
80 4 0.081 0.066 2.357
80 5 -0.089 -0.198 2.473
80 6 -0.138 -0.425 2.447
80 7 -0.042 -0.416 2.265
80 8 -0.010 -0.385 2.209
80 9 0.232 -0.183 2.383
80 10 0.312 -0.176 2.134
80 11 0.268 -0.117 1.955
80 12 0.216 -0.053 1.830
80 13 -0.003 -0.511 2.447
80 14 -0.007 -0.640 2.135
80 15 -0.168 -0.809 2.201
80 16 -0.093 -0.820 2.130
80 17 0.170 -0.498 2.429
80 18 0.313 -0.657 2.180
80 19 0.287 -0.947 2.142
80 20 0.282 -0.985 2.062
81 1 0.088 -0.443 2.433
81 2 0.095 -0.391 2.447
81 3 0.102 -0.137 2.423
81 4 0.069 0.051 2.341
81 5 -0.087 -0.216 2.489
81 6 -0.111 -0.438 2.482
81 7 -0.040 -0.437 2.278
81 8 -0.015 -0.426 2.227
81 9 0.216 -0.196 2.356
81 10 0.275 -0.159 2.081
81 11 0.249 -0.099 1.899
81 12 0.206 -0.048 1.784
81 13 -0.001 -0.519 2.444
81 14 -0.006 -0.638 2.132
81 15 -0.169 -0.809 2.201
81 16 -0.094 -0.819 2.129
81 17 0.171 -0.508 2.419
81 18 0.317 -0.664 2.169
81 19 0.287 -0.948 2.146
81 20 0.273 -0.987 2.071
82 1 0.090 -0.450 2.426
82 2 0.099 -0.399 2.438
82 3 0.103 -0.147 2.412
82 4 0.059 0.043 2.330
82 5 -0.085 -0.224 2.499
82 6 -0.091 -0.439 2.509
82 7 -0.040 -0.457 2.283
82 8 -0.020 -0.463 2.216
82 9 0.205 -0.204 2.341
82 10 0.221 -0.155 2.098
82 11 0.211 -0.081 1.868
82 12 0.195 -0.031 1.731
82 13 0.002 -0.524 2.441
82 14 -0.006 -0.638 2.130
82 15 -0.170 -0.810 2.201
82 16 -0.095 -0.819 2.128
82 17 0.172 -0.514 2.410
82 18 0.319 -0.669 2.158
82 19 0.287 -0.948 2.150
82 20 0.263 -0.987 2.079
83 1 0.091 -0.455 2.420
83 2 0.102 -0.403 2.429
83 3 0.104 -0.151 2.402
83 4 0.051 0.039 2.321
83 5 -0.083 -0.228 2.505
83 6 -0.076 -0.432 2.519
83 7 -0.040 -0.464 2.278
83 8 -0.024 -0.475 2.202
83 9 0.196 -0.209 2.331
83 10 0.198 -0.162 2.091
83 11 0.197 -0.075 1.850
83 12 0.191 -0.025 1.715
83 13 0.004 -0.527 2.438
83 14 -0.007 -0.638 2.128
83 15 -0.170 -0.811 2.201
83 16 -0.095 -0.819 2.128
83 17 0.172 -0.518 2.401
83 18 0.316 -0.676 2.148
83 19 0.292 -0.963 2.141
83 20 0.249 -0.991 2.088
84 1 0.091 -0.457 2.415
84 2 0.101 -0.405 2.421
84 3 0.102 -0.150 2.394
84 4 0.045 0.038 2.315
84 5 -0.079 -0.227 2.510
84 6 -0.066 -0.426 2.523
84 7 -0.039 -0.474 2.283
84 8 -0.026 -0.482 2.196
84 9 0.188 -0.214 2.324
84 10 0.195 -0.162 2.093
84 11 0.188 -0.072 1.838
84 12 0.189 -0.022 1.703
84 13 0.006 -0.528 2.436
84 14 -0.008 -0.638 2.127
84 15 -0.171 -0.811 2.201
84 16 -0.096 -0.818 2.128
84 17 0.163 -0.518 2.385
84 18 0.315 -0.679 2.143
84 19 0.294 -0.974 2.134
84 20 0.236 -0.995 2.093
85 1 0.090 -0.456 2.406
85 2 0.100 -0.402 2.409
85 3 0.100 -0.143 2.383
85 4 0.040 0.039 2.310
85 5 -0.071 -0.214 2.510
85 6 -0.060 -0.424 2.527
85 7 -0.039 -0.474 2.280
85 8 -0.028 -0.485 2.189
85 9 0.182 -0.217 2.320
85 10 0.185 -0.160 2.088
85 11 0.184 -0.069 1.833
85 12 0.188 -0.022 1.704
85 13 0.008 -0.527 2.433
85 14 -0.038 -0.585 2.111
85 15 -0.171 -0.811 2.201
85 16 -0.096 -0.818 2.127
85 17 0.157 -0.515 2.370
85 18 0.314 -0.683 2.139
85 19 0.293 -0.983 2.129
85 20 0.223 -0.998 2.097
86 1 0.089 -0.452 2.396
86 2 0.098 -0.398 2.397
86 3 0.098 -0.136 2.373
86 4 0.036 0.040 2.304
86 5 -0.066 -0.202 2.506
86 6 -0.059 -0.415 2.524
86 7 -0.039 -0.472 2.275
86 8 -0.028 -0.484 2.183
86 9 0.177 -0.219 2.317
86 10 0.188 -0.159 2.090
86 11 0.184 -0.067 1.834
86 12 0.187 -0.024 1.708
86 13 0.011 -0.525 2.429
86 14 -0.050 -0.573 2.104
86 15 -0.172 -0.811 2.201
86 16 -0.097 -0.817 2.127
86 17 0.153 -0.511 2.358
86 18 0.290 -0.665 2.165
86 19 0.277 -0.981 2.142
86 20 0.214 -1.000 2.101
87 1 0.088 -0.449 2.387
87 2 0.097 -0.395 2.388
87 3 0.097 -0.132 2.365
87 4 0.032 0.043 2.298
87 5 -0.063 -0.193 2.499
87 6 -0.060 -0.405 2.521
87 7 -0.040 -0.468 2.271
87 8 -0.029 -0.481 2.178
87 9 0.173 -0.220 2.315
87 10 0.194 -0.159 2.093
87 11 0.186 -0.068 1.838
87 12 0.187 -0.027 1.717
87 13 0.014 -0.522 2.423
87 14 -0.057 -0.563 2.098
87 15 -0.173 -0.811 2.200
87 16 -0.098 -0.817 2.127
87 17 0.151 -0.509 2.350
87 18 0.277 -0.655 2.178
87 19 0.264 -0.977 2.156
87 20 0.208 -1.002 2.104
88 1 0.087 -0.447 2.382
88 2 0.095 -0.393 2.381
88 3 0.094 -0.134 2.353
88 4 0.030 0.044 2.292
88 5 -0.062 -0.187 2.493
88 6 -0.061 -0.398 2.519
88 7 -0.040 -0.466 2.268
88 8 -0.029 -0.476 2.174
88 9 0.170 -0.221 2.314
88 10 0.198 -0.160 2.099
88 11 0.190 -0.073 1.850
88 12 0.187 -0.030 1.722
88 13 0.015 -0.520 2.419
88 14 -0.061 -0.556 2.094
88 15 -0.174 -0.811 2.200
88 16 -0.098 -0.816 2.127
88 17 0.149 -0.508 2.346
88 18 0.291 -0.674 2.161
88 19 0.266 -0.984 2.155
88 20 0.204 -1.003 2.107
89 1 0.086 -0.446 2.378
89 2 0.093 -0.393 2.376
89 3 0.093 -0.138 2.343
89 4 0.027 0.045 2.286
89 5 -0.063 -0.184 2.487
89 6 -0.064 -0.390 2.515
89 7 -0.042 -0.461 2.262
89 8 -0.030 -0.471 2.169
89 9 0.167 -0.222 2.314
89 10 0.201 -0.161 2.098
89 11 0.186 -0.088 1.888
89 12 0.186 -0.032 1.726
89 13 0.015 -0.518 2.416
89 14 -0.031 -0.620 2.106
89 15 -0.175 -0.810 2.200
89 16 -0.099 -0.815 2.126
89 17 0.148 -0.507 2.343
89 18 0.300 -0.684 2.151
89 19 0.271 -0.989 2.154
89 20 0.202 -1.004 2.110
90 1 0.085 -0.446 2.375
90 2 0.091 -0.393 2.373
90 3 0.091 -0.142 2.335
90 4 0.026 0.045 2.281
90 5 -0.065 -0.191 2.469
90 6 -0.067 -0.385 2.511
90 7 -0.043 -0.459 2.257
90 8 -0.030 -0.468 2.166
90 9 0.165 -0.223 2.312
90 10 0.203 -0.164 2.090
90 11 0.183 -0.089 1.862
90 12 0.185 -0.033 1.727
90 13 0.015 -0.518 2.414
90 14 -0.019 -0.648 2.109
90 15 -0.176 -0.810 2.199
90 16 -0.100 -0.815 2.126
90 17 0.147 -0.506 2.341
90 18 0.309 -0.688 2.145
90 19 0.267 -0.978 2.165
90 20 0.202 -1.003 2.113
91 1 0.084 -0.446 2.373
91 2 0.089 -0.394 2.369
91 3 0.091 -0.141 2.326
91 4 0.025 0.045 2.278
91 5 -0.066 -0.195 2.460
91 6 -0.070 -0.382 2.507
91 7 -0.044 -0.458 2.254
91 8 -0.030 -0.466 2.163
91 9 0.162 -0.224 2.309
91 10 0.205 -0.166 2.081
91 11 0.183 -0.088 1.848
91 12 0.185 -0.034 1.728
91 13 0.014 -0.517 2.412
91 14 -0.015 -0.660 2.110
91 15 -0.190 -0.811 2.196
91 16 -0.104 -0.819 2.143
91 17 0.146 -0.506 2.340
91 18 0.315 -0.690 2.141
91 19 0.265 -0.971 2.173
91 20 0.202 -1.002 2.115
92 1 0.084 -0.446 2.369
92 2 0.089 -0.394 2.364
92 3 0.091 -0.140 2.319
92 4 0.023 0.045 2.274
92 5 -0.067 -0.197 2.454
92 6 -0.073 -0.380 2.503
92 7 -0.044 -0.456 2.252
92 8 -0.031 -0.463 2.160
92 9 0.160 -0.225 2.304
92 10 0.204 -0.167 2.060
92 11 0.180 -0.089 1.849
92 12 0.183 -0.035 1.727
92 13 0.015 -0.517 2.408
92 14 -0.020 -0.662 2.106
92 15 -0.197 -0.812 2.195
92 16 -0.106 -0.821 2.152
92 17 0.146 -0.506 2.338
92 18 0.321 -0.693 2.138
92 19 0.261 -0.966 2.179
92 20 0.202 -1.002 2.117
93 1 0.084 -0.446 2.364
93 2 0.088 -0.393 2.359
93 3 0.091 -0.138 2.315
93 4 0.021 0.045 2.271
93 5 -0.068 -0.198 2.451
93 6 -0.077 -0.378 2.501
93 7 -0.046 -0.445 2.248
93 8 -0.032 -0.448 2.155
93 9 0.157 -0.224 2.299
93 10 0.203 -0.167 2.048
93 11 0.180 -0.086 1.821
93 12 0.182 -0.037 1.722
93 13 0.016 -0.517 2.403
93 14 -0.028 -0.657 2.099
93 15 -0.202 -0.813 2.194
93 16 -0.111 -0.821 2.150
93 17 0.146 -0.505 2.335
93 18 0.324 -0.695 2.137
93 19 0.259 -0.962 2.185
93 20 0.202 -1.001 2.119
94 1 0.084 -0.445 2.360
94 2 0.088 -0.392 2.354
94 3 0.091 -0.136 2.311
94 4 0.016 0.045 2.265
94 5 -0.068 -0.199 2.449
94 6 -0.080 -0.376 2.500
94 7 -0.047 -0.437 2.246
94 8 -0.032 -0.437 2.153
94 9 0.155 -0.223 2.294
94 10 0.203 -0.159 2.032
94 11 0.182 -0.081 1.799
94 12 0.179 -0.037 1.705
94 13 0.017 -0.517 2.400
94 14 -0.038 -0.647 2.093
94 15 -0.075 -0.862 2.148
94 16 -0.075 -0.889 2.097
94 17 0.147 -0.503 2.331
94 18 0.326 -0.697 2.135
94 19 0.256 -0.958 2.189
94 20 0.201 -1.000 2.121
95 1 0.084 -0.444 2.357
95 2 0.088 -0.392 2.351
95 3 0.091 -0.133 2.308
95 4 0.012 0.045 2.259
95 5 -0.068 -0.200 2.447
95 6 -0.082 -0.375 2.500
95 7 -0.047 -0.431 2.245
95 8 -0.032 -0.431 2.152
95 9 0.153 -0.221 2.290
95 10 0.203 -0.154 2.024
95 11 0.183 -0.078 1.789
95 12 0.178 -0.037 1.696
95 13 0.018 -0.517 2.397
95 14 -0.041 -0.646 2.092
95 15 0.006 -0.898 2.122
95 16 -0.048 -0.938 2.064
95 17 0.147 -0.502 2.328
95 18 0.328 -0.698 2.134
95 19 0.253 -0.955 2.193
95 20 0.200 -0.999 2.123
96 1 0.085 -0.444 2.354
96 2 0.088 -0.391 2.348
96 3 0.091 -0.131 2.306
96 4 0.007 0.043 2.252
96 5 -0.068 -0.200 2.448
96 6 -0.083 -0.374 2.500
96 7 -0.047 -0.426 2.245
96 8 -0.031 -0.425 2.152
96 9 0.153 -0.221 2.288
96 10 0.187 -0.151 2.048
96 11 0.181 -0.079 1.796
96 12 0.177 -0.038 1.689
96 13 0.019 -0.517 2.395
96 14 -0.043 -0.644 2.090
96 15 0.031 -0.910 2.113
96 16 -0.041 -0.955 2.054
96 17 0.147 -0.501 2.326
96 18 0.329 -0.699 2.133
96 19 0.250 -0.952 2.195
96 20 0.199 -0.997 2.126
97 1 0.085 -0.443 2.353
97 2 0.088 -0.391 2.346
97 3 0.091 -0.129 2.304
97 4 0.002 0.041 2.245
97 5 -0.068 -0.201 2.449
97 6 -0.084 -0.373 2.501
97 7 -0.045 -0.419 2.246
97 8 -0.030 -0.418 2.153
97 9 0.152 -0.220 2.285
97 10 0.188 -0.147 2.041
97 11 0.181 -0.079 1.793
97 12 0.177 -0.039 1.684
97 13 0.019 -0.518 2.394
97 14 -0.044 -0.643 2.090
97 15 0.045 -0.918 2.109
97 16 -0.038 -0.966 2.048
97 17 0.148 -0.500 2.324
97 18 0.330 -0.699 2.132
97 19 0.248 -0.949 2.197
97 20 0.197 -0.995 2.128
98 1 0.088 -0.446 2.351
98 2 0.090 -0.392 2.344
98 3 0.091 -0.128 2.303
98 4 -0.001 0.039 2.240
98 5 -0.066 -0.204 2.450
98 6 -0.085 -0.373 2.502
98 7 -0.045 -0.413 2.248
98 8 -0.029 -0.413 2.152
98 9 0.152 -0.220 2.284
98 10 0.191 -0.150 2.041
98 11 0.181 -0.079 1.792
98 12 0.177 -0.039 1.680
98 13 0.024 -0.522 2.392
98 14 -0.045 -0.642 2.089
98 15 0.046 -0.919 2.111
98 16 -0.038 -0.970 2.046
98 17 0.151 -0.501 2.323
98 18 0.332 -0.698 2.131
98 19 0.246 -0.945 2.198
98 20 0.196 -0.990 2.129
99 1 0.091 -0.450 2.349
99 2 0.091 -0.394 2.342
99 3 0.091 -0.127 2.301
99 4 -0.003 0.038 2.237
99 5 -0.065 -0.207 2.451
99 6 -0.086 -0.374 2.504
99 7 -0.044 -0.409 2.249
99 8 -0.028 -0.409 2.152
99 9 0.153 -0.220 2.281
99 10 0.193 -0.153 2.041
99 11 0.181 -0.079 1.790
99 12 0.176 -0.040 1.677
99 13 0.029 -0.527 2.390
99 14 -0.046 -0.641 2.088
99 15 0.039 -0.914 2.115
99 16 -0.041 -0.969 2.048
99 17 0.153 -0.503 2.322
99 18 0.336 -0.697 2.130
99 19 0.245 -0.940 2.198
99 20 0.196 -0.986 2.130
100 1 0.093 -0.452 2.348
100 2 0.093 -0.396 2.340
100 3 0.091 -0.126 2.300
100 4 -0.004 0.037 2.235
100 5 -0.063 -0.209 2.451
100 6 -0.072 -0.382 2.502
100 7 -0.031 -0.430 2.251
100 8 -0.016 -0.430 2.156
100 9 0.153 -0.222 2.278
100 10 0.195 -0.156 2.040
100 11 0.181 -0.079 1.789
100 12 0.176 -0.041 1.674
100 13 0.032 -0.529 2.388
100 14 -0.047 -0.640 2.088
100 15 0.028 -0.908 2.121
100 16 -0.045 -0.963 2.053
100 17 0.155 -0.505 2.321
100 18 0.339 -0.695 2.128
100 19 0.245 -0.937 2.198
100 20 0.196 -0.983 2.131
101 1 0.095 -0.454 2.346
101 2 0.094 -0.397 2.338
101 3 0.092 -0.126 2.298
101 4 -0.005 0.037 2.234
101 5 -0.062 -0.211 2.452
101 6 -0.058 -0.412 2.518
101 7 -0.013 -0.488 2.277
101 8 0.002 -0.489 2.185
101 9 0.154 -0.223 2.275
101 10 0.196 -0.158 2.040
101 11 0.178 -0.095 1.829
101 12 0.176 -0.041 1.672
101 13 0.034 -0.532 2.387
101 14 -0.047 -0.639 2.087
101 15 -0.011 -0.879 2.079
101 16 -0.046 -0.871 2.089
101 17 0.157 -0.506 2.320
101 18 0.342 -0.695 2.127
101 19 0.246 -0.935 2.198
101 20 0.197 -0.981 2.132
102 1 0.096 -0.456 2.345
102 2 0.095 -0.399 2.336
102 3 0.092 -0.125 2.297
102 4 -0.005 0.036 2.233
102 5 -0.061 -0.213 2.452
102 6 -0.055 -0.414 2.521
102 7 -0.013 -0.466 2.275
102 8 0.003 -0.466 2.178
102 9 0.155 -0.225 2.272
102 10 0.196 -0.160 2.040
102 11 0.180 -0.097 1.824
102 12 0.177 -0.042 1.670
102 13 0.035 -0.534 2.385
102 14 -0.048 -0.638 2.086
102 15 -0.018 -0.874 2.087
102 16 -0.050 -0.868 2.092
102 17 0.158 -0.508 2.319
102 18 0.345 -0.694 2.127
102 19 0.247 -0.934 2.197
102 20 0.197 -0.980 2.132
103 1 0.097 -0.457 2.343
103 2 0.096 -0.400 2.335
103 3 0.092 -0.125 2.295
103 4 -0.005 0.036 2.232
103 5 -0.060 -0.214 2.452
103 6 -0.052 -0.414 2.522
103 7 -0.010 -0.468 2.277
103 8 0.006 -0.469 2.180
103 9 0.155 -0.227 2.270
103 10 0.198 -0.164 2.044
103 11 0.181 -0.105 1.858
103 12 0.177 -0.042 1.668
103 13 0.036 -0.535 2.385
103 14 -0.048 -0.637 2.085
103 15 -0.021 -0.873 2.096
103 16 -0.055 -0.877 2.091
103 17 0.159 -0.509 2.317
103 18 0.346 -0.694 2.126
103 19 0.248 -0.932 2.197
103 20 0.198 -0.978 2.132
104 1 0.097 -0.458 2.343
104 2 0.096 -0.401 2.334
104 3 0.093 -0.124 2.294
104 4 -0.004 0.035 2.231
104 5 -0.060 -0.214 2.452
104 6 -0.052 -0.409 2.522
104 7 -0.011 -0.453 2.272
104 8 0.005 -0.454 2.175
104 9 0.156 -0.228 2.269
104 10 0.199 -0.167 2.047
104 11 0.183 -0.103 1.841
104 12 0.177 -0.043 1.667
104 13 0.037 -0.536 2.384
104 14 -0.048 -0.636 2.085
104 15 -0.022 -0.874 2.105
104 16 -0.059 -0.889 2.088
104 17 0.160 -0.510 2.316
104 18 0.350 -0.690 2.124
104 19 0.250 -0.928 2.194
104 20 0.199 -0.974 2.131
105 1 0.097 -0.458 2.342
105 2 0.097 -0.401 2.333
105 3 0.093 -0.124 2.293
105 4 -0.002 0.036 2.231
105 5 -0.059 -0.214 2.453
105 6 -0.052 -0.403 2.520
105 7 -0.022 -0.460 2.272
105 8 -0.000 -0.457 2.176
105 9 0.156 -0.230 2.268
105 10 0.193 -0.169 2.047
105 11 0.183 -0.104 1.838
105 12 0.177 -0.044 1.667
105 13 0.037 -0.536 2.383
105 14 -0.048 -0.636 2.084
105 15 -0.022 -0.875 2.112
105 16 -0.061 -0.901 2.083
105 17 0.160 -0.511 2.316
105 18 0.328 -0.714 2.130
105 19 0.245 -0.940 2.210
105 20 0.194 -0.986 2.148
106 1 0.097 -0.458 2.341
106 2 0.097 -0.401 2.333
106 3 0.093 -0.124 2.293
106 4 0.001 0.036 2.231
106 5 -0.058 -0.213 2.453
106 6 -0.051 -0.398 2.519
106 7 -0.028 -0.465 2.272
106 8 -0.005 -0.460 2.177
106 9 0.157 -0.232 2.268
106 10 0.187 -0.170 2.047
106 11 0.182 -0.104 1.837
106 12 0.177 -0.044 1.666
106 13 0.036 -0.536 2.383
106 14 -0.047 -0.635 2.084
106 15 -0.022 -0.880 2.111
106 16 -0.064 -0.922 2.063
106 17 0.160 -0.511 2.315
106 18 0.326 -0.716 2.130
106 19 0.244 -0.941 2.212
106 20 0.193 -0.986 2.150
107 1 0.097 -0.458 2.341
107 2 0.097 -0.401 2.332
107 3 0.093 -0.124 2.293
107 4 0.008 0.038 2.237
107 5 -0.058 -0.211 2.455
107 6 -0.052 -0.392 2.518
107 7 -0.033 -0.468 2.272
107 8 -0.009 -0.463 2.178
107 9 0.158 -0.235 2.272
107 10 0.187 -0.168 2.053
107 11 0.181 -0.101 1.829
107 12 0.175 -0.046 1.670
107 13 0.036 -0.535 2.383
107 14 -0.045 -0.634 2.083
107 15 -0.020 -0.883 2.112
107 16 -0.063 -0.931 2.055
107 17 0.160 -0.511 2.315
107 18 0.338 -0.690 2.119
107 19 0.251 -0.931 2.203
107 20 0.200 -0.975 2.142
108 1 0.097 -0.457 2.341
108 2 0.097 -0.401 2.333
108 3 0.092 -0.124 2.305
108 4 0.015 0.041 2.249
108 5 -0.057 -0.209 2.460
108 6 -0.052 -0.389 2.517
108 7 -0.035 -0.469 2.272
108 8 -0.011 -0.465 2.178
108 9 0.158 -0.235 2.283
108 10 0.188 -0.165 2.057
108 11 0.181 -0.099 1.829
108 12 0.173 -0.047 1.674
108 13 0.035 -0.535 2.383
108 14 -0.043 -0.633 2.083
108 15 0.020 -0.849 2.152
108 16 -0.013 -0.918 2.124
108 17 0.160 -0.511 2.315
108 18 0.341 -0.680 2.116
108 19 0.255 -0.925 2.198
108 20 0.204 -0.968 2.136
109 1 0.096 -0.456 2.343
109 2 0.095 -0.400 2.335
109 3 0.090 -0.123 2.322
109 4 0.021 0.045 2.270
109 5 -0.059 -0.204 2.479
109 6 -0.052 -0.387 2.517
109 7 -0.037 -0.470 2.272
109 8 -0.014 -0.466 2.179
109 9 0.158 -0.233 2.298
109 10 0.190 -0.160 2.064
109 11 0.180 -0.096 1.832
109 12 0.167 -0.047 1.708
109 13 0.034 -0.534 2.383
109 14 -0.041 -0.633 2.083
109 15 0.048 -0.831 2.183
109 16 0.019 -0.913 2.171
109 17 0.159 -0.511 2.315
109 18 0.342 -0.676 2.114
109 19 0.257 -0.922 2.195
109 20 0.207 -0.964 2.132
110 1 0.093 -0.453 2.349
110 2 0.092 -0.396 2.350
110 3 0.080 -0.123 2.371
110 4 0.024 0.048 2.298
110 5 -0.059 -0.200 2.493
110 6 -0.052 -0.385 2.518
110 7 -0.038 -0.470 2.273
110 8 -0.016 -0.467 2.179
110 9 0.158 -0.231 2.317
110 10 0.192 -0.156 2.071
110 11 0.180 -0.091 1.838
110 12 0.163 -0.046 1.730
110 13 0.033 -0.532 2.385
110 14 -0.038 -0.632 2.084
110 15 0.057 -0.826 2.193
110 16 0.032 -0.912 2.190
110 17 0.158 -0.509 2.317
110 18 0.342 -0.672 2.114
110 19 0.259 -0.921 2.193
110 20 0.209 -0.961 2.129
111 1 0.091 -0.449 2.357
111 2 0.091 -0.393 2.362
111 3 0.077 -0.122 2.392
111 4 0.025 0.050 2.323
111 5 -0.061 -0.198 2.508
111 6 -0.053 -0.385 2.523
111 7 -0.040 -0.469 2.279
111 8 -0.019 -0.467 2.184
111 9 0.155 -0.228 2.347
111 10 0.188 -0.156 2.114
111 11 0.175 -0.089 1.862
111 12 0.161 -0.045 1.743
111 13 0.031 -0.531 2.388
111 14 -0.036 -0.630 2.087
111 15 0.074 -0.822 2.207
111 16 0.046 -0.910 2.207
111 17 0.155 -0.506 2.322
111 18 0.339 -0.669 2.117
111 19 0.260 -0.920 2.191
111 20 0.210 -0.960 2.127
112 1 0.087 -0.444 2.373
112 2 0.089 -0.389 2.385
112 3 0.075 -0.121 2.414
112 4 0.023 0.055 2.349
112 5 -0.068 -0.197 2.533
112 6 -0.054 -0.385 2.528
112 7 -0.042 -0.469 2.285
112 8 -0.021 -0.468 2.187
112 9 0.156 -0.225 2.374
112 10 0.202 -0.158 2.150
112 11 0.176 -0.088 1.877
112 12 0.161 -0.046 1.753
112 13 0.028 -0.528 2.396
112 14 -0.032 -0.628 2.093
112 15 0.039 -0.861 2.167
112 16 -0.004 -0.922 2.124
112 17 0.152 -0.500 2.335
112 18 0.331 -0.665 2.125
112 19 0.261 -0.920 2.189
112 20 0.212 -0.960 2.124
113 1 0.083 -0.440 2.388
113 2 0.087 -0.386 2.406
113 3 0.072 -0.116 2.445
113 4 0.018 0.060 2.384
113 5 -0.072 -0.196 2.545
113 6 -0.056 -0.386 2.534
113 7 -0.043 -0.471 2.294
113 8 -0.023 -0.470 2.195
113 9 0.155 -0.220 2.395
113 10 0.206 -0.159 2.162
113 11 0.177 -0.090 1.890
113 12 0.164 -0.055 1.777
113 13 0.023 -0.524 2.405
113 14 -0.029 -0.626 2.100
113 15 0.021 -0.880 2.148
113 16 -0.029 -0.928 2.078
113 17 0.149 -0.494 2.348
113 18 0.322 -0.662 2.134
113 19 0.263 -0.921 2.186
113 20 0.214 -0.961 2.120
114 1 0.079 -0.435 2.403
114 2 0.084 -0.382 2.426
114 3 0.070 -0.112 2.468
114 4 0.016 0.072 2.416
114 5 -0.077 -0.195 2.557
114 6 -0.059 -0.388 2.541
114 7 -0.044 -0.471 2.302
114 8 -0.025 -0.470 2.202
114 9 0.157 -0.198 2.428
114 10 0.211 -0.163 2.172
114 11 0.177 -0.097 1.904
114 12 0.173 -0.077 1.825
114 13 0.018 -0.521 2.414
114 14 -0.024 -0.625 2.109
114 15 0.013 -0.890 2.141
114 16 -0.038 -0.931 2.061
114 17 0.146 -0.487 2.365
114 18 0.308 -0.660 2.149
114 19 0.265 -0.927 2.181
114 20 0.219 -0.966 2.112
115 1 0.075 -0.429 2.418
115 2 0.082 -0.377 2.445
115 3 0.067 -0.106 2.489
115 4 0.015 0.079 2.438
115 5 -0.085 -0.195 2.569
115 6 -0.085 -0.401 2.558
115 7 -0.045 -0.467 2.314
115 8 -0.027 -0.468 2.212
115 9 0.167 -0.165 2.451
115 10 0.266 -0.279 2.455
115 11 0.231 -0.203 2.207
115 12 0.190 -0.107 1.897
115 13 0.012 -0.516 2.423
115 14 -0.019 -0.624 2.118
115 15 0.066 -0.835 2.197
115 16 0.023 -0.901 2.155
115 17 0.144 -0.479 2.382
115 18 0.296 -0.657 2.163
115 19 0.276 -0.944 2.162
115 20 0.225 -0.972 2.102
116 1 0.072 -0.422 2.434
116 2 0.080 -0.372 2.464
116 3 0.064 -0.099 2.514
116 4 0.015 0.089 2.461
116 5 -0.092 -0.194 2.580
116 6 -0.098 -0.406 2.566
116 7 -0.045 -0.462 2.325
116 8 -0.028 -0.465 2.223
116 9 0.176 -0.140 2.466
116 10 0.279 -0.294 2.522
116 11 0.241 -0.219 2.271
116 12 0.199 -0.123 1.932
116 13 0.007 -0.511 2.432
116 14 -0.014 -0.623 2.128
116 15 0.081 -0.818 2.214
116 16 0.054 -0.885 2.204
116 17 0.144 -0.472 2.400
116 18 0.286 -0.655 2.175
116 19 0.284 -0.954 2.146
116 20 0.234 -0.979 2.088
117 1 0.066 -0.412 2.460
117 2 0.075 -0.363 2.490
117 3 0.061 -0.093 2.532
117 4 0.016 0.096 2.478
117 5 -0.099 -0.194 2.589
117 6 -0.109 -0.407 2.571
117 7 -0.051 -0.441 2.356
117 8 -0.034 -0.451 2.248
117 9 0.183 -0.127 2.476
117 10 0.284 -0.301 2.538
117 11 0.264 -0.223 2.289
117 12 0.219 -0.144 1.990
117 13 -0.012 -0.496 2.459
117 14 -0.010 -0.621 2.138
117 15 0.094 -0.804 2.227
117 16 0.068 -0.877 2.227
117 17 0.144 -0.465 2.429
117 18 0.273 -0.649 2.194
117 19 0.290 -0.956 2.137
117 20 0.246 -0.981 2.071
118 1 0.062 -0.408 2.474
118 2 0.072 -0.360 2.506
118 3 0.059 -0.089 2.549
118 4 0.019 0.100 2.493
118 5 -0.104 -0.193 2.595
118 6 -0.118 -0.406 2.575
118 7 -0.055 -0.433 2.367
118 8 -0.038 -0.443 2.262
118 9 0.190 -0.119 2.489
118 10 0.289 -0.304 2.549
118 11 0.274 -0.226 2.299
118 12 0.237 -0.160 2.039
118 13 -0.019 -0.491 2.470
118 14 -0.007 -0.621 2.145
118 15 0.100 -0.798 2.233
118 16 0.048 -0.812 2.206
118 17 0.144 -0.463 2.445
118 18 0.266 -0.645 2.203
118 19 0.294 -0.956 2.129
118 20 0.257 -0.981 2.057
119 1 0.060 -0.405 2.485
119 2 0.069 -0.357 2.519
119 3 0.057 -0.086 2.561
119 4 0.023 0.104 2.507
119 5 -0.108 -0.193 2.600
119 6 -0.126 -0.404 2.578
119 7 -0.056 -0.429 2.373
119 8 -0.040 -0.438 2.269
119 9 0.197 -0.116 2.503
119 10 0.297 -0.304 2.558
119 11 0.287 -0.229 2.308
119 12 0.251 -0.172 2.075
119 13 -0.024 -0.487 2.477
119 14 -0.005 -0.621 2.149
119 15 0.104 -0.793 2.237
119 16 0.050 -0.793 2.211
119 17 0.144 -0.461 2.457
119 18 0.262 -0.642 2.209
119 19 0.299 -0.952 2.121
119 20 0.266 -0.978 2.045
120 1 0.058 -0.403 2.493
120 2 0.066 -0.356 2.529
120 3 0.055 -0.084 2.573
120 4 0.028 0.105 2.521
120 5 -0.111 -0.193 2.604
120 6 -0.131 -0.402 2.579
120 7 -0.058 -0.427 2.374
120 8 -0.041 -0.436 2.273
120 9 0.207 -0.119 2.521
120 10 0.306 -0.309 2.567
120 11 0.304 -0.243 2.345
120 12 0.270 -0.185 2.122
120 13 -0.027 -0.485 2.483
120 14 -0.004 -0.621 2.152
120 15 0.104 -0.793 2.238
120 16 0.045 -0.778 2.206
120 17 0.143 -0.461 2.465
120 18 0.260 -0.638 2.213
120 19 0.303 -0.944 2.114
120 20 0.275 -0.971 2.034
121 1 0.056 -0.402 2.498
121 2 0.064 -0.355 2.536
121 3 0.053 -0.083 2.583
121 4 0.032 0.107 2.533
121 5 -0.113 -0.192 2.607
121 6 -0.135 -0.401 2.579
121 7 -0.059 -0.427 2.372
121 8 -0.042 -0.434 2.276
121 9 0.217 -0.127 2.546
121 10 0.311 -0.313 2.572
121 11 0.310 -0.242 2.339
121 12 0.276 -0.190 2.139
121 13 -0.030 -0.483 2.486
121 14 -0.003 -0.621 2.155
121 15 0.102 -0.796 2.236
121 16 0.042 -0.769 2.201
121 17 0.142 -0.462 2.471
121 18 0.264 -0.623 2.213
121 19 0.305 -0.928 2.110
121 20 0.282 -0.958 2.027
122 1 0.055 -0.401 2.503
122 2 0.062 -0.357 2.543
122 3 0.052 -0.086 2.595
122 4 0.039 0.105 2.548
122 5 -0.115 -0.193 2.609
122 6 -0.140 -0.401 2.578
122 7 -0.061 -0.428 2.369
122 8 -0.043 -0.433 2.278
122 9 0.225 -0.142 2.566
122 10 0.312 -0.319 2.561
122 11 0.301 -0.251 2.313
122 12 0.282 -0.197 2.154
122 13 -0.032 -0.483 2.489
122 14 -0.002 -0.621 2.156
122 15 0.100 -0.800 2.233
122 16 0.038 -0.765 2.196
122 17 0.142 -0.464 2.476
122 18 0.266 -0.615 2.213
122 19 0.306 -0.915 2.107
122 20 0.288 -0.948 2.023
123 1 0.054 -0.402 2.507
123 2 0.060 -0.359 2.548
123 3 0.051 -0.089 2.605
123 4 0.044 0.104 2.557
123 5 -0.117 -0.193 2.611
123 6 -0.144 -0.403 2.576
123 7 -0.062 -0.428 2.369
123 8 -0.045 -0.432 2.279
123 9 0.230 -0.156 2.581
123 10 0.302 -0.354 2.654
123 11 0.316 -0.295 2.399
123 12 0.293 -0.218 2.183
123 13 -0.033 -0.482 2.491
123 14 -0.002 -0.621 2.157
123 15 0.094 -0.806 2.228
123 16 0.035 -0.763 2.192
123 17 0.142 -0.467 2.480
123 18 0.269 -0.608 2.212
123 19 0.306 -0.905 2.105
123 20 0.292 -0.939 2.020
124 1 0.054 -0.404 2.510
124 2 0.058 -0.362 2.552
124 3 0.051 -0.093 2.611
124 4 0.048 0.100 2.566
124 5 -0.118 -0.194 2.612
124 6 -0.149 -0.407 2.573
124 7 -0.064 -0.430 2.367
124 8 -0.046 -0.432 2.279
124 9 0.235 -0.173 2.596
124 10 0.300 -0.386 2.697
124 11 0.325 -0.325 2.440
124 12 0.299 -0.228 2.198
124 13 -0.033 -0.483 2.492
124 14 -0.001 -0.621 2.158
124 15 0.090 -0.810 2.225
124 16 0.033 -0.762 2.189
124 17 0.142 -0.474 2.484
124 18 0.272 -0.604 2.211
124 19 0.306 -0.897 2.104
124 20 0.295 -0.932 2.019
125 1 0.055 -0.408 2.514
125 2 0.058 -0.367 2.557
125 3 0.050 -0.097 2.616
125 4 0.052 0.096 2.574
125 5 -0.119 -0.196 2.614
125 6 -0.154 -0.412 2.571
125 7 -0.066 -0.431 2.366
125 8 -0.047 -0.432 2.279
125 9 0.238 -0.187 2.607
125 10 0.295 -0.414 2.722
125 11 0.331 -0.349 2.464
125 12 0.307 -0.252 2.223
125 13 -0.033 -0.485 2.492
125 14 -0.001 -0.622 2.159
125 15 0.087 -0.814 2.222
125 16 0.031 -0.762 2.186
125 17 0.145 -0.485 2.491
125 18 0.273 -0.601 2.210
125 19 0.307 -0.891 2.104
125 20 0.298 -0.926 2.018
126 1 0.055 -0.412 2.516
126 2 0.057 -0.371 2.561
126 3 0.050 -0.100 2.620
126 4 0.055 0.092 2.580
126 5 -0.120 -0.197 2.615
126 6 -0.159 -0.416 2.568
126 7 -0.067 -0.433 2.366
126 8 -0.049 -0.433 2.280
126 9 0.242 -0.201 2.617
126 10 0.294 -0.431 2.734
126 11 0.334 -0.361 2.477
126 12 0.312 -0.264 2.238
126 13 -0.032 -0.487 2.492
126 14 -0.001 -0.622 2.159
126 15 0.084 -0.816 2.221
126 16 0.030 -0.762 2.184
126 17 0.147 -0.491 2.496
126 18 0.277 -0.597 2.207
126 19 0.307 -0.884 2.103
126 20 0.302 -0.919 2.016
127 1 0.056 -0.415 2.518
127 2 0.056 -0.374 2.563
127 3 0.050 -0.102 2.622
127 4 0.058 0.089 2.584
127 5 -0.120 -0.199 2.615
127 6 -0.162 -0.419 2.566
127 7 -0.069 -0.436 2.368
127 8 -0.051 -0.435 2.282
127 9 0.245 -0.210 2.626
127 10 0.294 -0.457 2.686
127 11 0.334 -0.364 2.449
127 12 0.321 -0.287 2.280
127 13 -0.032 -0.489 2.492
127 14 -0.001 -0.622 2.159
127 15 0.082 -0.819 2.217
127 16 0.028 -0.759 2.179
127 17 0.148 -0.495 2.498
127 18 0.282 -0.595 2.203
127 19 0.310 -0.846 2.104
127 20 0.325 -0.868 2.031
128 1 0.057 -0.417 2.519
128 2 0.056 -0.376 2.565
128 3 0.050 -0.104 2.624
128 4 0.060 0.087 2.588
128 5 -0.120 -0.200 2.616
128 6 -0.164 -0.421 2.565
128 7 -0.071 -0.437 2.373
128 8 -0.053 -0.436 2.284
128 9 0.247 -0.218 2.633
128 10 0.296 -0.459 2.655
128 11 0.337 -0.372 2.455
128 12 0.327 -0.299 2.308
128 13 -0.031 -0.491 2.492
128 14 -0.001 -0.622 2.159
128 15 0.081 -0.820 2.215
128 16 0.026 -0.757 2.175
128 17 0.149 -0.498 2.500
128 18 0.287 -0.593 2.200
128 19 0.310 -0.815 2.107
128 20 0.341 -0.835 2.042
129 1 0.057 -0.418 2.520
129 2 0.056 -0.377 2.566
129 3 0.050 -0.106 2.626
129 4 0.062 0.086 2.591
129 5 -0.120 -0.201 2.616
129 6 -0.166 -0.422 2.564
129 7 -0.070 -0.431 2.382
129 8 -0.049 -0.427 2.318
129 9 0.249 -0.223 2.638
129 10 0.298 -0.453 2.630
129 11 0.339 -0.371 2.453
129 12 0.335 -0.303 2.333
129 13 -0.030 -0.492 2.491
129 14 -0.001 -0.622 2.159
129 15 0.080 -0.821 2.214
129 16 0.025 -0.756 2.173
129 17 0.149 -0.500 2.501
129 18 0.291 -0.592 2.197
129 19 0.310 -0.804 2.108
129 20 0.349 -0.821 2.047
130 1 0.057 -0.419 2.521
130 2 0.055 -0.379 2.567
130 3 0.051 -0.108 2.627
130 4 0.064 0.085 2.593
130 5 -0.119 -0.202 2.617
130 6 -0.167 -0.423 2.562
130 7 -0.077 -0.398 2.363
130 8 -0.045 -0.415 2.322
130 9 0.251 -0.227 2.643
130 10 0.300 -0.447 2.614
130 11 0.344 -0.359 2.450
130 12 0.360 -0.278 2.362
130 13 -0.030 -0.493 2.491
130 14 -0.001 -0.622 2.159
130 15 0.079 -0.822 2.213
130 16 0.025 -0.756 2.172
130 17 0.150 -0.501 2.503
130 18 0.294 -0.591 2.194
130 19 0.310 -0.797 2.108
130 20 0.354 -0.812 2.049
131 1 0.058 -0.421 2.522
131 2 0.055 -0.380 2.568
131 3 0.052 -0.110 2.629
131 4 0.065 0.084 2.595
131 5 -0.119 -0.203 2.617
131 6 -0.169 -0.423 2.559
131 7 -0.093 -0.350 2.328
131 8 -0.067 -0.335 2.264
131 9 0.252 -0.230 2.646
131 10 0.310 -0.437 2.604
131 11 0.375 -0.299 2.430
131 12 0.410 -0.196 2.352
131 13 -0.030 -0.494 2.490
131 14 -0.001 -0.622 2.158
131 15 0.079 -0.822 2.213
131 16 0.024 -0.756 2.171
131 17 0.150 -0.503 2.504
131 18 0.297 -0.590 2.193
131 19 0.309 -0.794 2.109
131 20 0.357 -0.806 2.051
132 1 0.058 -0.422 2.523
132 2 0.055 -0.382 2.570
132 3 0.054 -0.112 2.631
132 4 0.066 0.083 2.596
132 5 -0.117 -0.204 2.618
132 6 -0.169 -0.423 2.555
132 7 -0.147 -0.324 2.339
132 8 -0.122 -0.291 2.281
132 9 0.253 -0.232 2.648
132 10 0.324 -0.409 2.552
132 11 0.425 -0.224 2.405
132 12 0.459 -0.153 2.379
132 13 -0.030 -0.495 2.490
132 14 -0.001 -0.621 2.157
132 15 0.078 -0.821 2.212
132 16 0.024 -0.756 2.171
132 17 0.150 -0.504 2.505
132 18 0.299 -0.590 2.192
132 19 0.309 -0.792 2.109
132 20 0.358 -0.804 2.052
133 1 0.058 -0.424 2.525
133 2 0.055 -0.385 2.572
133 3 0.057 -0.116 2.634
133 4 0.067 0.082 2.596
133 5 -0.113 -0.205 2.620
133 6 -0.160 -0.402 2.509
133 7 -0.163 -0.263 2.338
133 8 -0.137 -0.210 2.279
133 9 0.253 -0.233 2.650
133 10 0.328 -0.407 2.552
133 11 0.434 -0.209 2.410
133 12 0.466 -0.158 2.402
133 13 -0.029 -0.496 2.490
133 14 -0.004 -0.617 2.153
133 15 0.076 -0.816 2.211
133 16 0.018 -0.789 2.139
133 17 0.149 -0.506 2.506
133 18 0.300 -0.589 2.191
133 19 0.307 -0.796 2.108
133 20 0.356 -0.807 2.049
134 1 0.059 -0.427 2.526
134 2 0.056 -0.389 2.575
134 3 0.060 -0.120 2.639
134 4 0.068 0.081 2.596
134 5 -0.110 -0.206 2.621
134 6 -0.152 -0.391 2.481
134 7 -0.159 -0.233 2.339
134 8 -0.119 -0.168 2.289
134 9 0.254 -0.234 2.651
134 10 0.327 -0.392 2.521
134 11 0.426 -0.170 2.389
134 12 0.442 -0.121 2.393
134 13 -0.029 -0.498 2.491
134 14 -0.006 -0.613 2.150
134 15 0.075 -0.813 2.210
134 16 0.016 -0.799 2.128
134 17 0.149 -0.508 2.508
134 18 0.302 -0.588 2.190
134 19 0.306 -0.798 2.107
134 20 0.353 -0.808 2.046
135 1 0.061 -0.430 2.528
135 2 0.058 -0.392 2.577
135 3 0.064 -0.124 2.643
135 4 0.070 0.080 2.597
135 5 -0.107 -0.207 2.621
135 6 -0.145 -0.384 2.467
135 7 -0.081 -0.253 2.339
135 8 -0.045 -0.184 2.296
135 9 0.254 -0.235 2.652
135 10 0.326 -0.389 2.512
135 11 0.360 -0.172 2.373
135 12 0.368 -0.120 2.375
135 13 -0.028 -0.500 2.491
135 14 -0.009 -0.608 2.146
135 15 0.074 -0.804 2.209
135 16 0.015 -0.804 2.122
135 17 0.151 -0.511 2.509
135 18 0.302 -0.588 2.189
135 19 0.304 -0.802 2.106
135 20 0.348 -0.808 2.042
136 1 0.064 -0.435 2.529
136 2 0.059 -0.396 2.579
136 3 0.066 -0.126 2.647
136 4 0.071 0.078 2.597
136 5 -0.104 -0.209 2.620
136 6 -0.117 -0.389 2.453
136 7 -0.042 -0.226 2.337
136 8 0.002 -0.165 2.307
136 9 0.251 -0.234 2.653
136 10 0.306 -0.374 2.480
136 11 0.287 -0.185 2.364
136 12 0.296 -0.119 2.351
136 13 -0.025 -0.503 2.490
136 14 -0.011 -0.605 2.144
136 15 0.073 -0.799 2.209
136 16 0.014 -0.807 2.118
136 17 0.152 -0.513 2.509
136 18 0.303 -0.587 2.189
136 19 0.302 -0.807 2.104
136 20 0.337 -0.810 2.036
137 1 0.065 -0.438 2.529
137 2 0.060 -0.399 2.580
137 3 0.068 -0.128 2.649
137 4 0.072 0.077 2.598
137 5 -0.098 -0.211 2.613
137 6 -0.084 -0.386 2.440
137 7 0.034 -0.233 2.349
137 8 0.076 -0.182 2.325
137 9 0.249 -0.233 2.653
137 10 0.308 -0.359 2.476
137 11 0.216 -0.218 2.366
137 12 0.197 -0.155 2.333
137 13 -0.024 -0.505 2.490
137 14 -0.012 -0.602 2.142
137 15 -0.129 -0.803 2.202
137 16 -0.141 -0.830 2.112
137 17 0.152 -0.514 2.505
137 18 0.303 -0.587 2.189
137 19 0.300 -0.812 2.103
137 20 0.329 -0.810 2.031
138 1 0.066 -0.439 2.528
138 2 0.061 -0.400 2.580
138 3 0.069 -0.128 2.650
138 4 0.073 0.077 2.598
138 5 -0.091 -0.212 2.606
138 6 -0.072 -0.385 2.434
138 7 0.095 -0.236 2.358
138 8 0.122 -0.190 2.335
138 9 0.249 -0.233 2.653
138 10 0.259 -0.396 2.492
138 11 0.138 -0.320 2.349
138 12 0.127 -0.257 2.318
138 13 -0.023 -0.506 2.491
138 14 -0.013 -0.601 2.141
138 15 -0.177 -0.802 2.200
138 16 -0.229 -0.843 2.109
138 17 0.152 -0.513 2.497
138 18 0.303 -0.587 2.189
138 19 0.299 -0.816 2.101
138 20 0.324 -0.811 2.028
139 1 0.067 -0.440 2.528
139 2 0.061 -0.401 2.580
139 3 0.070 -0.128 2.651
139 4 0.073 0.076 2.599
139 5 -0.086 -0.214 2.600
139 6 -0.058 -0.391 2.427
139 7 0.121 -0.237 2.362
139 8 0.156 -0.190 2.337
139 9 0.248 -0.231 2.652
139 10 0.308 -0.443 2.673
139 11 0.137 -0.382 2.487
139 12 0.177 -0.316 2.462
139 13 -0.022 -0.507 2.491
139 14 -0.014 -0.600 2.140
139 15 -0.208 -0.804 2.199
139 16 -0.262 -0.848 2.108
139 17 0.150 -0.512 2.490
139 18 0.303 -0.587 2.189
139 19 0.298 -0.820 2.100
139 20 0.321 -0.812 2.026
140 1 0.067 -0.441 2.526
140 2 0.061 -0.401 2.579
140 3 0.070 -0.128 2.650
140 4 0.074 0.076 2.599
140 5 -0.083 -0.214 2.597
140 6 -0.050 -0.393 2.424
140 7 0.134 -0.238 2.364
140 8 0.173 -0.190 2.338
140 9 0.248 -0.230 2.651
140 10 0.305 -0.461 2.704
140 11 0.124 -0.402 2.509
140 12 0.169 -0.339 2.476
140 13 -0.022 -0.507 2.491
140 14 -0.014 -0.599 2.140
140 15 -0.209 -0.807 2.199
140 16 -0.131 -0.822 2.126
140 17 0.149 -0.511 2.485
140 18 0.303 -0.587 2.189
140 19 0.298 -0.823 2.099
140 20 0.318 -0.812 2.024
141 1 0.066 -0.441 2.524
141 2 0.061 -0.402 2.577
141 3 0.072 -0.128 2.647
141 4 0.074 0.075 2.597
141 5 -0.081 -0.215 2.594
141 6 -0.046 -0.396 2.423
141 7 0.147 -0.238 2.365
141 8 0.185 -0.190 2.340
141 9 0.249 -0.229 2.649
141 10 0.315 -0.472 2.723
141 11 0.130 -0.405 2.520
141 12 0.185 -0.350 2.492
141 13 -0.022 -0.508 2.491
141 14 -0.015 -0.598 2.139
141 15 -0.210 -0.809 2.198
141 16 -0.134 -0.822 2.126
141 17 0.148 -0.511 2.481
141 18 0.303 -0.587 2.189
141 19 0.297 -0.825 2.099
141 20 0.317 -0.813 2.023
142 1 0.066 -0.442 2.522
142 2 0.061 -0.403 2.575
142 3 0.074 -0.128 2.642
142 4 0.076 0.073 2.592
142 5 -0.079 -0.215 2.591
142 6 -0.043 -0.401 2.422
142 7 0.150 -0.246 2.364
142 8 0.190 -0.201 2.337
142 9 0.250 -0.228 2.648
142 10 0.314 -0.478 2.711
142 11 0.132 -0.403 2.516
142 12 0.195 -0.351 2.488
142 13 -0.021 -0.508 2.490
142 14 -0.015 -0.598 2.139
142 15 -0.210 -0.811 2.198
142 16 -0.100 -0.815 2.128
142 17 0.148 -0.512 2.480
142 18 0.303 -0.587 2.189
142 19 0.297 -0.826 2.098
142 20 0.317 -0.814 2.022
143 1 0.066 -0.443 2.520
143 2 0.061 -0.404 2.573
143 3 0.076 -0.129 2.637
143 4 0.079 0.070 2.585
143 5 -0.077 -0.216 2.588
143 6 -0.042 -0.408 2.423
143 7 0.146 -0.279 2.362
143 8 0.185 -0.220 2.332
143 9 0.252 -0.227 2.648
143 10 0.311 -0.484 2.707
143 11 0.194 -0.374 2.478
143 12 0.168 -0.263 2.354
143 13 -0.021 -0.509 2.489
143 14 -0.015 -0.598 2.139
143 15 -0.200 -0.813 2.199
143 16 -0.089 -0.813 2.129
143 17 0.148 -0.514 2.479
143 18 0.302 -0.587 2.189
143 19 0.296 -0.827 2.098
143 20 0.317 -0.815 2.022
144 1 0.067 -0.444 2.518
144 2 0.062 -0.405 2.570
144 3 0.078 -0.131 2.631
144 4 0.083 0.067 2.578
144 5 -0.076 -0.216 2.586
144 6 -0.043 -0.416 2.425
144 7 0.147 -0.295 2.361
144 8 0.179 -0.244 2.322
144 9 0.254 -0.226 2.647
144 10 0.316 -0.484 2.717
144 11 0.199 -0.373 2.495
144 12 0.168 -0.256 2.326
144 13 -0.021 -0.511 2.488
144 14 -0.015 -0.598 2.139
144 15 -0.191 -0.814 2.199
144 16 -0.082 -0.812 2.130
144 17 0.149 -0.516 2.480
144 18 0.302 -0.587 2.189
144 19 0.296 -0.828 2.097
144 20 0.317 -0.816 2.022
145 1 0.067 -0.445 2.517
145 2 0.063 -0.406 2.568
145 3 0.080 -0.132 2.626
145 4 0.086 0.063 2.570
145 5 -0.075 -0.216 2.584
145 6 -0.044 -0.423 2.428
145 7 0.147 -0.303 2.360
145 8 0.177 -0.253 2.318
145 9 0.257 -0.225 2.644
145 10 0.314 -0.476 2.711
145 11 0.220 -0.360 2.479
145 12 0.177 -0.225 2.239
145 13 -0.020 -0.513 2.487
145 14 -0.015 -0.598 2.139
145 15 -0.185 -0.814 2.199
145 16 -0.079 -0.811 2.129
145 17 0.150 -0.518 2.480
145 18 0.301 -0.587 2.189
145 19 0.296 -0.829 2.097
145 20 0.317 -0.817 2.021
146 1 0.068 -0.446 2.515
146 2 0.064 -0.408 2.566
146 3 0.081 -0.134 2.623
146 4 0.088 0.060 2.563
146 5 -0.074 -0.217 2.584
146 6 -0.047 -0.431 2.436
146 7 0.147 -0.307 2.360
146 8 0.174 -0.258 2.316
146 9 0.265 -0.226 2.609
146 10 0.304 -0.466 2.685
146 11 0.226 -0.355 2.453
146 12 0.178 -0.220 2.206
146 13 -0.020 -0.514 2.486
146 14 -0.015 -0.599 2.139
146 15 -0.181 -0.815 2.199
146 16 -0.078 -0.812 2.129
146 17 0.151 -0.520 2.481
146 18 0.301 -0.588 2.189
146 19 0.296 -0.830 2.097
146 20 0.317 -0.818 2.022
147 1 0.068 -0.447 2.514
147 2 0.066 -0.409 2.565
147 3 0.082 -0.135 2.620
147 4 0.090 0.059 2.556
147 5 -0.074 -0.218 2.584
147 6 -0.050 -0.437 2.443
147 7 0.147 -0.310 2.360
147 8 0.153 -0.271 2.283
147 9 0.267 -0.227 2.589
147 10 0.300 -0.462 2.673
147 11 0.235 -0.366 2.427
147 12 0.177 -0.311 2.347
147 13 -0.020 -0.515 2.485
147 14 -0.014 -0.599 2.139
147 15 -0.178 -0.815 2.200
147 16 -0.080 -0.812 2.128
147 17 0.151 -0.522 2.481
147 18 0.301 -0.588 2.189
147 19 0.296 -0.830 2.097
147 20 0.318 -0.818 2.022
148 1 0.068 -0.448 2.513
148 2 0.068 -0.410 2.563
148 3 0.083 -0.136 2.616
148 4 0.090 0.057 2.550
148 5 -0.073 -0.219 2.586
148 6 -0.052 -0.441 2.448
148 7 0.139 -0.310 2.354
148 8 0.113 -0.280 2.264
148 9 0.267 -0.228 2.580
148 10 0.301 -0.457 2.669
148 11 0.196 -0.372 2.448
148 12 0.126 -0.281 2.275
148 13 -0.020 -0.516 2.485
148 14 -0.013 -0.600 2.140
148 15 -0.175 -0.815 2.200
148 16 -0.082 -0.813 2.127
148 17 0.152 -0.522 2.480
148 18 0.301 -0.588 2.189
148 19 0.296 -0.831 2.096
148 20 0.323 -0.818 2.024
149 1 0.069 -0.448 2.512
149 2 0.069 -0.410 2.562
149 3 0.084 -0.137 2.613
149 4 0.090 0.056 2.542
149 5 -0.073 -0.220 2.586
149 6 -0.053 -0.443 2.450
149 7 0.131 -0.308 2.343
149 8 0.080 -0.282 2.254
149 9 0.268 -0.228 2.575
149 10 0.303 -0.453 2.666
149 11 0.174 -0.375 2.459
149 12 0.071 -0.296 2.279
149 13 -0.019 -0.517 2.484
149 14 -0.013 -0.600 2.140
149 15 -0.173 -0.815 2.200
149 16 -0.086 -0.814 2.126
149 17 0.152 -0.522 2.479
149 18 0.301 -0.588 2.189
149 19 0.296 -0.831 2.096
149 20 0.330 -0.818 2.026
150 1 0.070 -0.448 2.511
150 2 0.070 -0.410 2.560
150 3 0.085 -0.139 2.610
150 4 0.090 0.055 2.534
150 5 -0.073 -0.220 2.586
150 6 -0.054 -0.444 2.451
150 7 0.082 -0.300 2.281
150 8 0.071 -0.270 2.216
150 9 0.268 -0.228 2.571
150 10 0.305 -0.451 2.663
150 11 0.161 -0.380 2.461
150 12 0.050 -0.304 2.279
150 13 -0.019 -0.517 2.484
150 14 -0.012 -0.601 2.141
150 15 -0.172 -0.815 2.200
150 16 -0.089 -0.814 2.124
150 17 0.153 -0.522 2.478
150 18 0.300 -0.589 2.188
150 19 0.295 -0.839 2.093
150 20 0.313 -0.864 2.012
151 1 0.071 -0.449 2.509
151 2 0.072 -0.410 2.558
151 3 0.086 -0.140 2.605
151 4 0.090 0.054 2.525
151 5 -0.072 -0.221 2.584
151 6 -0.054 -0.445 2.451
151 7 0.039 -0.302 2.293
151 8 0.059 -0.266 2.239
151 9 0.268 -0.227 2.569
151 10 0.306 -0.450 2.661
151 11 0.153 -0.383 2.462
151 12 0.043 -0.311 2.279
151 13 -0.017 -0.518 2.484
151 14 -0.012 -0.602 2.141
151 15 -0.171 -0.815 2.200
151 16 -0.090 -0.814 2.124
151 17 0.153 -0.522 2.477
151 18 0.300 -0.589 2.188
151 19 0.295 -0.847 2.091
151 20 0.305 -0.888 2.005
152 1 0.071 -0.449 2.507
152 2 0.073 -0.410 2.556
152 3 0.087 -0.141 2.599
152 4 0.089 0.054 2.518
152 5 -0.072 -0.222 2.582
152 6 -0.055 -0.445 2.451
152 7 0.125 -0.351 2.310
152 8 0.091 -0.278 2.227
152 9 0.267 -0.227 2.567
152 10 0.306 -0.449 2.659
152 11 0.165 -0.388 2.448
152 12 0.086 -0.314 2.255
152 13 -0.017 -0.518 2.483
152 14 -0.012 -0.602 2.141
152 15 -0.170 -0.815 2.200
152 16 -0.092 -0.814 2.123
152 17 0.154 -0.522 2.477
152 18 0.300 -0.591 2.187
152 19 0.294 -0.855 2.089
152 20 0.299 -0.903 2.002
153 1 0.072 -0.450 2.504
153 2 0.075 -0.411 2.553
153 3 0.087 -0.142 2.593
153 4 0.088 0.053 2.511
153 5 -0.071 -0.223 2.580
153 6 -0.055 -0.444 2.450
153 7 0.139 -0.365 2.310
153 8 0.113 -0.287 2.220
153 9 0.266 -0.226 2.565
153 10 0.307 -0.447 2.657
153 11 0.172 -0.390 2.437
153 12 0.107 -0.316 2.243
153 13 -0.015 -0.520 2.482
153 14 -0.012 -0.603 2.141
153 15 -0.169 -0.815 2.200
153 16 -0.094 -0.814 2.122
153 17 0.154 -0.522 2.476
153 18 0.299 -0.593 2.187
153 19 0.293 -0.861 2.088
153 20 0.295 -0.912 2.000
154 1 0.074 -0.453 2.500
154 2 0.077 -0.413 2.549
154 3 0.088 -0.143 2.584
154 4 0.088 0.052 2.505
154 5 -0.070 -0.224 2.576
154 6 -0.055 -0.444 2.449
154 7 0.150 -0.374 2.306
154 8 0.117 -0.291 2.216
154 9 0.265 -0.225 2.562
154 10 0.307 -0.447 2.653
154 11 0.171 -0.392 2.434
154 12 0.105 -0.319 2.239
154 13 -0.013 -0.522 2.479
154 14 -0.012 -0.603 2.141
154 15 -0.169 -0.815 2.200
154 16 -0.095 -0.815 2.121
154 17 0.155 -0.523 2.474
154 18 0.299 -0.594 2.187
154 19 0.293 -0.866 2.088
154 20 0.293 -0.918 1.999
155 1 0.076 -0.454 2.496
155 2 0.078 -0.414 2.544
155 3 0.089 -0.144 2.575
155 4 0.089 0.052 2.497
155 5 -0.068 -0.224 2.567
155 6 -0.053 -0.442 2.438
155 7 0.100 -0.334 2.236
155 8 0.121 -0.281 2.173
155 9 0.264 -0.225 2.561
155 10 0.307 -0.446 2.652
155 11 0.170 -0.393 2.432
155 12 0.098 -0.321 2.236
155 13 -0.011 -0.524 2.476
155 14 -0.012 -0.604 2.141
155 15 -0.169 -0.815 2.200
155 16 -0.097 -0.815 2.120
155 17 0.156 -0.524 2.472
155 18 0.299 -0.596 2.187
155 19 0.293 -0.870 2.088
155 20 0.291 -0.922 1.998
156 1 0.077 -0.456 2.491
156 2 0.080 -0.415 2.539
156 3 0.091 -0.144 2.568
156 4 0.090 0.051 2.492
156 5 -0.066 -0.223 2.557
156 6 -0.052 -0.441 2.425
156 7 0.069 -0.339 2.240
156 8 0.112 -0.288 2.175
156 9 0.264 -0.224 2.560
156 10 0.307 -0.445 2.651
156 11 0.169 -0.393 2.432
156 12 0.093 -0.323 2.234
156 13 -0.007 -0.526 2.467
156 14 -0.013 -0.605 2.141
156 15 -0.168 -0.815 2.200
156 16 -0.098 -0.815 2.120
156 17 0.156 -0.525 2.470
156 18 0.299 -0.597 2.187
156 19 0.292 -0.872 2.087
156 20 0.290 -0.925 1.998
157 1 0.079 -0.457 2.486
157 2 0.081 -0.415 2.534
157 3 0.092 -0.145 2.561
157 4 0.091 0.051 2.486
157 5 -0.065 -0.222 2.549
157 6 -0.050 -0.439 2.414
157 7 0.067 -0.332 2.228
157 8 0.117 -0.292 2.173
157 9 0.264 -0.224 2.559
157 10 0.307 -0.445 2.650
157 11 0.166 -0.395 2.432
157 12 0.093 -0.325 2.232
157 13 -0.004 -0.527 2.460
157 14 -0.014 -0.605 2.141
157 15 -0.168 -0.815 2.200
157 16 -0.099 -0.815 2.119
157 17 0.157 -0.526 2.469
157 18 0.299 -0.598 2.186
157 19 0.292 -0.874 2.087
157 20 0.290 -0.926 1.997
158 1 0.080 -0.457 2.483
158 2 0.082 -0.415 2.530
158 3 0.094 -0.145 2.555
158 4 0.093 0.051 2.480
158 5 -0.064 -0.221 2.543
158 6 -0.049 -0.439 2.406
158 7 0.076 -0.331 2.223
158 8 0.131 -0.302 2.174
158 9 0.263 -0.224 2.557
158 10 0.308 -0.442 2.652
158 11 0.169 -0.396 2.432
158 12 0.103 -0.327 2.222
158 13 -0.003 -0.526 2.453
158 14 -0.016 -0.606 2.140
158 15 -0.167 -0.815 2.200
158 16 -0.099 -0.815 2.119
158 17 0.157 -0.526 2.468
158 18 0.299 -0.599 2.186
158 19 0.292 -0.876 2.087
158 20 0.290 -0.927 1.998
159 1 0.081 -0.457 2.478
159 2 0.083 -0.415 2.525
159 3 0.096 -0.145 2.549
159 4 0.095 0.050 2.475
159 5 -0.063 -0.220 2.539
159 6 -0.048 -0.438 2.401
159 7 0.078 -0.334 2.227
159 8 0.136 -0.308 2.178
159 9 0.263 -0.225 2.550
159 10 0.307 -0.442 2.649
159 11 0.167 -0.397 2.430
159 12 0.109 -0.328 2.217
159 13 -0.001 -0.526 2.449
159 14 -0.017 -0.607 2.139
159 15 -0.166 -0.814 2.200
159 16 -0.100 -0.815 2.118
159 17 0.158 -0.527 2.466
159 18 0.300 -0.600 2.186
159 19 0.293 -0.877 2.087
159 20 0.291 -0.927 1.998
160 1 0.082 -0.457 2.474
160 2 0.084 -0.415 2.521
160 3 0.097 -0.146 2.543
160 4 0.097 0.049 2.469
160 5 -0.062 -0.218 2.533
160 6 -0.046 -0.437 2.394
160 7 0.071 -0.337 2.229
160 8 0.128 -0.313 2.181
160 9 0.263 -0.226 2.545
160 10 0.309 -0.439 2.651
160 11 0.168 -0.397 2.432
160 12 0.108 -0.328 2.209
160 13 -0.000 -0.526 2.445
160 14 -0.018 -0.608 2.138
160 15 -0.166 -0.814 2.200
160 16 -0.100 -0.815 2.118
160 17 0.159 -0.528 2.463
160 18 0.301 -0.601 2.185
160 19 0.293 -0.878 2.086
160 20 0.291 -0.927 1.998
161 1 0.083 -0.458 2.471
161 2 0.084 -0.416 2.518
161 3 0.099 -0.146 2.539
161 4 0.101 0.048 2.463
161 5 -0.058 -0.219 2.516
161 6 -0.043 -0.437 2.382
161 7 0.058 -0.331 2.228
161 8 0.112 -0.304 2.177
161 9 0.264 -0.226 2.542
161 10 0.309 -0.439 2.649
161 11 0.168 -0.398 2.431
161 12 0.080 -0.343 2.215
161 13 0.001 -0.527 2.442
161 14 -0.019 -0.609 2.136
161 15 -0.165 -0.815 2.200
161 16 -0.100 -0.815 2.118
161 17 0.159 -0.529 2.461
161 18 0.302 -0.602 2.184
161 19 0.293 -0.878 2.086
161 20 0.295 -0.925 1.998
162 1 0.084 -0.459 2.469
162 2 0.084 -0.416 2.515
162 3 0.100 -0.147 2.535
162 4 0.103 0.047 2.458
162 5 -0.056 -0.220 2.506
162 6 -0.043 -0.430 2.375
162 7 0.056 -0.332 2.228
162 8 0.110 -0.304 2.177
162 9 0.264 -0.227 2.539
162 10 0.269 -0.422 2.468
162 11 0.085 -0.373 2.300
162 12 0.077 -0.345 2.214
162 13 0.001 -0.527 2.440
162 14 -0.021 -0.609 2.134
162 15 -0.163 -0.815 2.200
162 16 -0.100 -0.815 2.117
162 17 0.160 -0.530 2.460
162 18 0.303 -0.602 2.183
162 19 0.294 -0.879 2.086
162 20 0.297 -0.923 1.998
163 1 0.084 -0.459 2.467
163 2 0.085 -0.416 2.513
163 3 0.100 -0.147 2.532
163 4 0.105 0.046 2.454
163 5 -0.055 -0.220 2.500
163 6 -0.043 -0.427 2.372
163 7 0.095 -0.339 2.230
163 8 0.130 -0.305 2.181
163 9 0.264 -0.227 2.537
163 10 0.267 -0.402 2.390
163 11 0.058 -0.367 2.267
163 12 0.016 -0.358 2.232
163 13 0.002 -0.527 2.438
163 14 -0.022 -0.610 2.132
163 15 -0.162 -0.815 2.200
163 16 -0.098 -0.816 2.118
163 17 0.161 -0.530 2.459
163 18 0.303 -0.603 2.183
163 19 0.294 -0.879 2.086
163 20 0.299 -0.922 1.998
164 1 0.085 -0.459 2.466
164 2 0.085 -0.416 2.512
164 3 0.101 -0.148 2.530
164 4 0.107 0.045 2.450
164 5 -0.054 -0.220 2.497
164 6 -0.043 -0.425 2.370
164 7 0.127 -0.341 2.223
164 8 0.165 -0.302 2.169
164 9 0.265 -0.227 2.533
164 10 0.261 -0.387 2.317
164 11 0.042 -0.363 2.244
164 12 -0.015 -0.364 2.248
164 13 0.002 -0.527 2.436
164 14 -0.024 -0.610 2.130
164 15 -0.162 -0.815 2.201
164 16 -0.096 -0.816 2.119
164 17 0.161 -0.531 2.459
164 18 0.304 -0.604 2.182
164 19 0.295 -0.880 2.085
164 20 0.300 -0.922 1.998
165 1 0.085 -0.458 2.465
165 2 0.085 -0.416 2.511
165 3 0.102 -0.148 2.528
165 4 0.109 0.044 2.446
165 5 -0.054 -0.221 2.494
165 6 -0.044 -0.423 2.370
165 7 0.137 -0.341 2.220
165 8 0.178 -0.301 2.163
165 9 0.266 -0.226 2.529
165 10 0.261 -0.386 2.314
165 11 0.041 -0.362 2.241
165 12 -0.026 -0.367 2.252
165 13 0.003 -0.527 2.434
165 14 -0.026 -0.610 2.128
165 15 -0.161 -0.815 2.201
165 16 -0.095 -0.817 2.119
165 17 0.161 -0.531 2.458
165 18 0.304 -0.605 2.182
165 19 0.295 -0.881 2.085
165 20 0.301 -0.921 1.998
166 1 0.086 -0.459 2.463
166 2 0.086 -0.416 2.509
166 3 0.102 -0.149 2.525
166 4 0.110 0.044 2.442
166 5 -0.053 -0.221 2.492
166 6 -0.045 -0.421 2.370
166 7 0.102 -0.349 2.228
166 8 0.140 -0.312 2.175
166 9 0.267 -0.226 2.525
166 10 0.241 -0.399 2.352
166 11 0.031 -0.357 2.221
166 12 0.107 -0.305 2.158
166 13 0.003 -0.527 2.433
166 14 -0.028 -0.610 2.127
166 15 -0.160 -0.816 2.201
166 16 -0.094 -0.817 2.120
166 17 0.162 -0.531 2.458
166 18 0.305 -0.606 2.181
166 19 0.296 -0.882 2.085
166 20 0.302 -0.921 1.998
167 1 0.087 -0.459 2.462
167 2 0.086 -0.416 2.508
167 3 0.103 -0.149 2.523
167 4 0.111 0.043 2.438
167 5 -0.053 -0.222 2.490
167 6 -0.045 -0.418 2.369
167 7 0.085 -0.350 2.228
167 8 0.116 -0.317 2.181
167 9 0.267 -0.226 2.523
167 10 0.255 -0.408 2.381
167 11 0.049 -0.353 2.222
167 12 0.122 -0.293 2.139
167 13 0.004 -0.527 2.432
167 14 -0.029 -0.611 2.126
167 15 -0.160 -0.816 2.201
167 16 -0.094 -0.817 2.119
167 17 0.162 -0.531 2.457
167 18 0.305 -0.606 2.181
167 19 0.296 -0.882 2.084
167 20 0.303 -0.921 1.998
168 1 0.087 -0.458 2.461
168 2 0.087 -0.415 2.507
168 3 0.104 -0.150 2.520
168 4 0.112 0.042 2.434
168 5 -0.053 -0.222 2.488
168 6 -0.045 -0.417 2.368
168 7 0.077 -0.351 2.227
168 8 0.107 -0.320 2.182
168 9 0.268 -0.226 2.521
168 10 0.260 -0.408 2.382
168 11 0.056 -0.351 2.221
168 12 0.127 -0.314 2.158
168 13 0.004 -0.527 2.432
168 14 -0.031 -0.610 2.125
168 15 -0.160 -0.816 2.201
168 16 -0.094 -0.817 2.119
168 17 0.163 -0.531 2.457
168 18 0.306 -0.607 2.181
168 19 0.297 -0.883 2.084
168 20 0.304 -0.921 1.997
169 1 0.088 -0.457 2.460
169 2 0.087 -0.415 2.506
169 3 0.104 -0.151 2.517
169 4 0.114 0.042 2.429
169 5 -0.053 -0.222 2.487
169 6 -0.046 -0.416 2.367
169 7 0.073 -0.351 2.227
169 8 0.105 -0.321 2.181
169 9 0.269 -0.226 2.518
169 10 0.276 -0.406 2.390
169 11 0.064 -0.356 2.234
169 12 0.136 -0.319 2.161
169 13 0.005 -0.527 2.431
169 14 -0.033 -0.610 2.124
169 15 -0.160 -0.816 2.201
169 16 -0.094 -0.817 2.119
169 17 0.163 -0.530 2.456
169 18 0.306 -0.609 2.181
169 19 0.297 -0.884 2.084
169 20 0.304 -0.921 1.997
170 1 0.089 -0.456 2.459
170 2 0.088 -0.414 2.504
170 3 0.105 -0.152 2.515
170 4 0.116 0.041 2.425
170 5 -0.052 -0.223 2.486
170 6 -0.046 -0.415 2.367
170 7 0.072 -0.353 2.231
170 8 0.125 -0.322 2.173
170 9 0.270 -0.227 2.511
170 10 0.285 -0.405 2.393
170 11 0.069 -0.361 2.245
170 12 0.029 -0.349 2.210
170 13 0.006 -0.526 2.430
170 14 -0.034 -0.610 2.123
170 15 -0.160 -0.816 2.201
170 16 -0.095 -0.817 2.118
170 17 0.163 -0.529 2.456
170 18 0.304 -0.612 2.180
170 19 0.296 -0.887 2.084
170 20 0.303 -0.923 1.998
171 1 0.089 -0.456 2.458
171 2 0.089 -0.414 2.503
171 3 0.105 -0.152 2.512
171 4 0.117 0.040 2.420
171 5 -0.052 -0.223 2.485
171 6 -0.046 -0.415 2.367
171 7 0.071 -0.353 2.232
171 8 0.133 -0.322 2.168
171 9 0.271 -0.227 2.504
171 10 0.290 -0.403 2.395
171 11 0.071 -0.362 2.249
171 12 0.008 -0.355 2.215
171 13 0.006 -0.526 2.429
171 14 -0.036 -0.609 2.123
171 15 -0.160 -0.816 2.201
171 16 -0.096 -0.817 2.118
171 17 0.164 -0.529 2.455
171 18 0.304 -0.615 2.179
171 19 0.295 -0.889 2.084
171 20 0.302 -0.925 1.998
172 1 0.089 -0.457 2.456
172 2 0.090 -0.414 2.500
172 3 0.105 -0.153 2.508
172 4 0.117 0.040 2.416
172 5 -0.052 -0.223 2.485
172 6 -0.046 -0.414 2.366
172 7 0.061 -0.352 2.223
172 8 0.118 -0.323 2.154
172 9 0.271 -0.228 2.499
172 10 0.289 -0.403 2.397
172 11 0.073 -0.363 2.247
172 12 0.052 -0.349 2.188
172 13 0.006 -0.527 2.428
172 14 -0.037 -0.609 2.122
172 15 -0.160 -0.816 2.201
172 16 -0.096 -0.817 2.118
172 17 0.164 -0.530 2.451
172 18 0.305 -0.614 2.177
172 19 0.295 -0.890 2.083
172 20 0.302 -0.926 1.998
173 1 0.090 -0.457 2.454
173 2 0.090 -0.414 2.498
173 3 0.105 -0.153 2.504
173 4 0.118 0.039 2.413
173 5 -0.052 -0.223 2.484
173 6 -0.047 -0.411 2.361
173 7 0.054 -0.352 2.206
173 8 0.107 -0.323 2.147
173 9 0.271 -0.228 2.496
173 10 0.284 -0.406 2.402
173 11 0.074 -0.365 2.247
173 12 0.055 -0.350 2.180
173 13 0.007 -0.527 2.428
173 14 -0.049 -0.615 2.123
173 15 -0.160 -0.816 2.201
173 16 -0.097 -0.817 2.117
173 17 0.165 -0.530 2.448
173 18 0.307 -0.614 2.174
173 19 0.295 -0.890 2.083
173 20 0.302 -0.926 1.998
174 1 0.090 -0.457 2.452
174 2 0.090 -0.414 2.496
174 3 0.105 -0.154 2.500
174 4 0.118 0.038 2.409
174 5 -0.053 -0.223 2.482
174 6 -0.048 -0.409 2.358
174 7 0.053 -0.350 2.201
174 8 0.105 -0.322 2.141
174 9 0.271 -0.228 2.495
174 10 0.249 -0.407 2.381
174 11 0.061 -0.367 2.233
174 12 0.067 -0.348 2.172
174 13 0.007 -0.527 2.427
174 14 -0.055 -0.618 2.122
174 15 -0.160 -0.816 2.201
174 16 -0.097 -0.817 2.117
174 17 0.165 -0.530 2.445
174 18 0.308 -0.613 2.172
174 19 0.295 -0.890 2.083
174 20 0.302 -0.926 1.997
175 1 0.090 -0.457 2.451
175 2 0.090 -0.414 2.494
175 3 0.105 -0.154 2.496
175 4 0.118 0.038 2.406
175 5 -0.054 -0.223 2.480
175 6 -0.049 -0.408 2.354
175 7 0.064 -0.354 2.202
175 8 0.112 -0.325 2.141
175 9 0.271 -0.228 2.493
175 10 0.251 -0.406 2.372
175 11 0.090 -0.347 2.194
175 12 0.122 -0.321 2.134
175 13 0.007 -0.528 2.427
175 14 -0.057 -0.619 2.122
175 15 -0.160 -0.817 2.201
175 16 -0.098 -0.817 2.117
175 17 0.165 -0.530 2.443
175 18 0.308 -0.613 2.171
175 19 0.295 -0.891 2.083
175 20 0.302 -0.926 1.997
176 1 0.090 -0.457 2.449
176 2 0.090 -0.414 2.492
176 3 0.104 -0.154 2.493
176 4 0.118 0.038 2.403
176 5 -0.055 -0.223 2.478
176 6 -0.049 -0.406 2.352
176 7 0.084 -0.361 2.214
176 8 0.156 -0.327 2.128
176 9 0.271 -0.227 2.492
176 10 0.264 -0.403 2.361
176 11 0.130 -0.336 2.173
176 12 0.168 -0.309 2.118
176 13 0.006 -0.528 2.425
176 14 -0.057 -0.619 2.120
176 15 -0.160 -0.817 2.201
176 16 -0.098 -0.816 2.117
176 17 0.165 -0.530 2.442
176 18 0.308 -0.613 2.170
176 19 0.296 -0.891 2.082
176 20 0.302 -0.926 1.997
177 1 0.090 -0.458 2.448
177 2 0.090 -0.414 2.491
177 3 0.104 -0.153 2.490
177 4 0.117 0.038 2.400
177 5 -0.056 -0.223 2.476
177 6 -0.050 -0.406 2.351
177 7 0.137 -0.363 2.211
177 8 0.215 -0.338 2.094
177 9 0.270 -0.227 2.490
177 10 0.290 -0.398 2.348
177 11 0.164 -0.333 2.164
177 12 0.216 -0.315 2.102
177 13 0.006 -0.529 2.425
177 14 -0.056 -0.618 2.119
177 15 -0.161 -0.817 2.201
177 16 -0.099 -0.816 2.116
177 17 0.165 -0.530 2.442
177 18 0.309 -0.613 2.170
177 19 0.296 -0.891 2.081
177 20 0.302 -0.926 1.997
178 1 0.089 -0.458 2.447
178 2 0.090 -0.414 2.490
178 3 0.103 -0.153 2.487
178 4 0.117 0.039 2.397
178 5 -0.057 -0.222 2.474
178 6 -0.050 -0.405 2.350
178 7 0.161 -0.366 2.213
178 8 0.237 -0.343 2.083
178 9 0.270 -0.227 2.488
178 10 0.302 -0.396 2.342
178 11 0.136 -0.365 2.239
178 12 0.080 -0.363 2.223
178 13 0.005 -0.529 2.423
178 14 -0.053 -0.616 2.117
178 15 -0.161 -0.817 2.201
178 16 -0.099 -0.816 2.117
178 17 0.165 -0.530 2.441
178 18 0.309 -0.613 2.169
178 19 0.297 -0.891 2.080
178 20 0.303 -0.926 1.996
179 1 0.089 -0.458 2.446
179 2 0.089 -0.414 2.488
179 3 0.102 -0.152 2.484
179 4 0.116 0.039 2.394
179 5 -0.058 -0.221 2.473
179 6 -0.052 -0.404 2.350
179 7 0.171 -0.367 2.214
179 8 0.235 -0.343 2.121
179 9 0.269 -0.226 2.487
179 10 0.308 -0.395 2.339
179 11 0.117 -0.379 2.272
179 12 0.047 -0.378 2.257
179 13 0.004 -0.530 2.422
179 14 -0.048 -0.613 2.114
179 15 -0.161 -0.817 2.201
179 16 -0.098 -0.817 2.117
179 17 0.165 -0.530 2.440
179 18 0.310 -0.614 2.169
179 19 0.298 -0.891 2.079
179 20 0.304 -0.926 1.994
180 1 0.088 -0.458 2.444
180 2 0.088 -0.414 2.486
180 3 0.101 -0.151 2.481
180 4 0.115 0.040 2.391
180 5 -0.059 -0.221 2.472
180 6 -0.072 -0.403 2.391
180 7 0.138 -0.366 2.228
180 8 0.246 -0.343 2.115
180 9 0.269 -0.226 2.485
180 10 0.312 -0.394 2.338
180 11 0.091 -0.392 2.301
180 12 -0.001 -0.393 2.292
180 13 0.003 -0.530 2.421
180 14 -0.041 -0.610 2.110
180 15 -0.161 -0.817 2.201
180 16 -0.097 -0.817 2.118
180 17 0.165 -0.531 2.440
180 18 0.310 -0.613 2.168
180 19 0.300 -0.891 2.077
180 20 0.305 -0.926 1.993
181 1 0.087 -0.459 2.442
181 2 0.087 -0.414 2.484
181 3 0.099 -0.150 2.478
181 4 0.114 0.041 2.389
181 5 -0.060 -0.221 2.470
181 6 -0.078 -0.402 2.404
181 7 0.113 -0.363 2.234
181 8 0.216 -0.347 2.135
181 9 0.268 -0.226 2.484
181 10 0.312 -0.396 2.346
181 11 0.080 -0.395 2.307
181 12 -0.013 -0.386 2.275
181 13 0.001 -0.531 2.418
181 14 -0.035 -0.607 2.106
181 15 -0.161 -0.817 2.201
181 16 -0.092 -0.820 2.123
181 17 0.164 -0.531 2.439
181 18 0.311 -0.613 2.168
181 19 0.301 -0.891 2.076
181 20 0.306 -0.926 1.991
182 1 0.086 -0.459 2.440
182 2 0.086 -0.414 2.482
182 3 0.098 -0.149 2.475
182 4 0.112 0.042 2.386
182 5 -0.061 -0.221 2.468
182 6 -0.082 -0.402 2.411
182 7 0.127 -0.385 2.275
182 8 0.200 -0.388 2.218
182 9 0.268 -0.225 2.484
182 10 0.308 -0.401 2.372
182 11 0.071 -0.394 2.300
182 12 -0.022 -0.385 2.255
182 13 -0.000 -0.532 2.416
182 14 -0.030 -0.604 2.103
182 15 -0.161 -0.817 2.201
182 16 -0.088 -0.823 2.127
182 17 0.164 -0.532 2.438
182 18 0.311 -0.613 2.168
182 19 0.302 -0.890 2.075
182 20 0.307 -0.925 1.991
183 1 0.085 -0.459 2.437
183 2 0.085 -0.413 2.479
183 3 0.097 -0.149 2.471
183 4 0.111 0.043 2.385
183 5 -0.062 -0.221 2.465
183 6 -0.084 -0.402 2.415
183 7 0.132 -0.393 2.288
183 8 0.195 -0.407 2.251
183 9 0.268 -0.225 2.483
183 10 0.305 -0.404 2.390
183 11 0.083 -0.392 2.264
183 12 0.087 -0.367 2.198
183 13 -0.002 -0.532 2.413
183 14 -0.028 -0.603 2.101
183 15 -0.162 -0.817 2.201
183 16 -0.086 -0.824 2.129
183 17 0.163 -0.532 2.437
183 18 0.312 -0.613 2.168
183 19 0.302 -0.890 2.075
183 20 0.307 -0.925 1.990
184 1 0.084 -0.460 2.434
184 2 0.084 -0.413 2.475
184 3 0.096 -0.148 2.468
184 4 0.110 0.043 2.383
184 5 -0.064 -0.221 2.459
184 6 -0.084 -0.402 2.414
184 7 0.077 -0.401 2.253
184 8 0.117 -0.377 2.200
184 9 0.268 -0.225 2.482
184 10 0.303 -0.405 2.401
184 11 0.086 -0.393 2.254
184 12 0.095 -0.364 2.175
184 13 -0.002 -0.533 2.409
184 14 -0.026 -0.603 2.098
184 15 -0.162 -0.817 2.201
184 16 -0.085 -0.824 2.131
184 17 0.163 -0.532 2.435
184 18 0.312 -0.614 2.167
184 19 0.302 -0.891 2.075
184 20 0.307 -0.926 1.990
185 1 0.084 -0.460 2.431
185 2 0.083 -0.413 2.472
185 3 0.095 -0.147 2.464
185 4 0.108 0.044 2.381
185 5 -0.065 -0.220 2.453
185 6 -0.081 -0.412 2.383
185 7 0.074 -0.384 2.207
185 8 0.109 -0.356 2.164
185 9 0.267 -0.224 2.481
185 10 0.302 -0.406 2.408
185 11 0.086 -0.394 2.250
185 12 0.115 -0.359 2.154
185 13 -0.002 -0.534 2.405
185 14 -0.021 -0.618 2.095
185 15 -0.162 -0.817 2.201
185 16 -0.084 -0.825 2.132
185 17 0.163 -0.533 2.434
185 18 0.312 -0.615 2.166
185 19 0.300 -0.892 2.076
185 20 0.306 -0.927 1.991
186 1 0.084 -0.460 2.428
186 2 0.082 -0.413 2.469
186 3 0.095 -0.146 2.459
186 4 0.107 0.045 2.379
186 5 -0.065 -0.221 2.444
186 6 -0.080 -0.415 2.372
186 7 0.074 -0.371 2.173
186 8 0.096 -0.340 2.137
186 9 0.267 -0.224 2.478
186 10 0.301 -0.407 2.412
186 11 0.087 -0.395 2.247
186 12 0.124 -0.356 2.143
186 13 -0.002 -0.535 2.402
186 14 -0.018 -0.628 2.094
186 15 -0.162 -0.817 2.201
186 16 -0.083 -0.825 2.132
186 17 0.163 -0.533 2.432
186 18 0.312 -0.617 2.164
186 19 0.298 -0.893 2.078
186 20 0.304 -0.929 1.993
187 1 0.084 -0.461 2.425
187 2 0.082 -0.413 2.465
187 3 0.095 -0.145 2.452
187 4 0.105 0.047 2.375
187 5 -0.065 -0.221 2.435
187 6 -0.078 -0.419 2.360
187 7 0.069 -0.369 2.164
187 8 0.088 -0.336 2.128
187 9 0.267 -0.223 2.473
187 10 0.300 -0.407 2.415
187 11 0.088 -0.395 2.245
187 12 0.129 -0.354 2.134
187 13 -0.001 -0.535 2.399
187 14 -0.019 -0.632 2.092
187 15 -0.162 -0.817 2.201
187 16 -0.083 -0.826 2.133
187 17 0.163 -0.534 2.430
187 18 0.312 -0.617 2.163
187 19 0.296 -0.894 2.079
187 20 0.303 -0.929 1.994
188 1 0.084 -0.461 2.421
188 2 0.082 -0.413 2.460
188 3 0.096 -0.144 2.443
188 4 0.104 0.047 2.367
188 5 -0.065 -0.222 2.427
188 6 -0.077 -0.420 2.353
188 7 0.068 -0.367 2.160
188 8 0.086 -0.334 2.123
188 9 0.268 -0.223 2.466
188 10 0.300 -0.407 2.414
188 11 0.089 -0.395 2.243
188 12 0.130 -0.353 2.130
188 13 -0.001 -0.536 2.396
188 14 -0.022 -0.635 2.091
188 15 -0.162 -0.817 2.201
188 16 -0.082 -0.826 2.133
188 17 0.163 -0.534 2.428
188 18 0.312 -0.618 2.161
188 19 0.295 -0.894 2.080
188 20 0.302 -0.930 1.995
189 1 0.084 -0.461 2.417
189 2 0.082 -0.412 2.454
189 3 0.097 -0.143 2.432
189 4 0.103 0.048 2.357
189 5 -0.064 -0.221 2.420
189 6 -0.077 -0.421 2.349
189 7 0.069 -0.365 2.159
189 8 0.096 -0.336 2.123
189 9 0.268 -0.225 2.454
189 10 0.300 -0.407 2.402
189 11 0.090 -0.396 2.238
189 12 0.126 -0.353 2.129
189 13 -0.001 -0.536 2.393
189 14 -0.027 -0.635 2.089
189 15 -0.162 -0.817 2.201
189 16 -0.082 -0.826 2.133
189 17 0.163 -0.535 2.425
189 18 0.312 -0.617 2.160
189 19 0.294 -0.894 2.080
189 20 0.302 -0.930 1.995
