1 1 -0.117 0.065 1.950
1 2 -0.136 0.121 2.000
1 3 -0.142 0.451 1.998
1 4 -0.118 0.691 2.006
1 5 -0.286 0.420 1.965
1 6 -0.353 0.161 1.924
1 7 -0.361 -0.067 1.869
1 8 -0.357 -0.146 1.847
1 9 0.010 0.419 2.066
1 10 0.061 0.156 2.058
1 11 0.085 -0.080 2.001
1 12 0.102 -0.148 1.964
1 13 -0.184 -0.006 1.911
1 14 -0.269 -0.416 1.960
1 15 -0.334 -0.735 1.984
1 16 -0.315 -0.806 1.952
1 17 -0.042 -0.006 1.967
1 18 0.000 -0.408 2.008
1 19 0.025 -0.755 2.057
1 20 0.058 -0.820 2.022
2 1 -0.118 0.065 1.951
2 2 -0.137 0.122 2.000
2 3 -0.142 0.451 1.998
2 4 -0.117 0.692 2.008
2 5 -0.286 0.420 1.965
2 6 -0.354 0.161 1.925
2 7 -0.363 -0.068 1.871
2 8 -0.358 -0.148 1.848
2 9 0.010 0.419 2.066
2 10 0.060 0.156 2.058
2 11 0.085 -0.080 2.000
2 12 0.102 -0.148 1.964
2 13 -0.185 -0.005 1.912
2 14 -0.269 -0.416 1.960
2 15 -0.334 -0.736 1.984
2 16 -0.315 -0.806 1.952
2 17 -0.042 -0.006 1.968
2 18 -0.000 -0.408 2.008
2 19 0.025 -0.755 2.057
2 20 0.058 -0.820 2.022
3 1 -0.118 0.066 1.951
3 2 -0.138 0.122 2.001
3 3 -0.142 0.452 1.999
3 4 -0.115 0.693 2.009
3 5 -0.286 0.420 1.965
3 6 -0.355 0.162 1.926
3 7 -0.363 -0.068 1.873
3 8 -0.359 -0.149 1.849
3 9 0.010 0.419 2.067
3 10 0.060 0.155 2.058
3 11 0.084 -0.080 2.000
3 12 0.102 -0.148 1.964
3 13 -0.185 -0.005 1.912
3 14 -0.269 -0.416 1.960
3 15 -0.334 -0.736 1.985
3 16 -0.315 -0.807 1.951
3 17 -0.043 -0.005 1.968
3 18 -0.000 -0.408 2.009
3 19 0.025 -0.756 2.057
3 20 0.058 -0.820 2.022
4 1 -0.119 0.066 1.952
4 2 -0.138 0.123 2.001
4 3 -0.143 0.452 1.999
4 4 -0.113 0.693 2.010
4 5 -0.286 0.420 1.965
4 6 -0.356 0.162 1.927
4 7 -0.364 -0.069 1.874
4 8 -0.359 -0.149 1.850
4 9 0.010 0.418 2.067
4 10 0.060 0.155 2.058
4 11 0.084 -0.080 2.000
4 12 0.102 -0.149 1.965
4 13 -0.186 -0.004 1.912
4 14 -0.269 -0.416 1.960
4 15 -0.334 -0.737 1.985
4 16 -0.315 -0.808 1.951
4 17 -0.044 -0.005 1.969
4 18 -0.001 -0.408 2.009
4 19 0.025 -0.756 2.057
4 20 0.058 -0.820 2.022
5 1 -0.119 0.067 1.952
5 2 -0.138 0.123 2.002
5 3 -0.143 0.453 2.000
5 4 -0.111 0.694 2.012
5 5 -0.286 0.420 1.965
5 6 -0.357 0.162 1.927
5 7 -0.364 -0.069 1.876
5 8 -0.359 -0.150 1.851
5 9 0.010 0.418 2.067
5 10 0.059 0.155 2.057
5 11 0.084 -0.080 2.001
5 12 0.102 -0.149 1.966
5 13 -0.186 -0.003 1.913
5 14 -0.270 -0.417 1.960
5 15 -0.333 -0.737 1.985
5 16 -0.315 -0.808 1.951
5 17 -0.044 -0.004 1.969
5 18 -0.001 -0.408 2.009
5 19 0.025 -0.756 2.057
5 20 0.058 -0.821 2.022
6 1 -0.120 0.068 1.953
6 2 -0.139 0.124 2.002
6 3 -0.143 0.453 2.000
6 4 -0.110 0.695 2.013
6 5 -0.287 0.420 1.966
6 6 -0.357 0.162 1.928
6 7 -0.365 -0.069 1.877
6 8 -0.359 -0.150 1.852
6 9 0.009 0.418 2.068
6 10 0.059 0.155 2.057
6 11 0.085 -0.081 2.001
6 12 0.102 -0.149 1.967
6 13 -0.186 -0.003 1.913
6 14 -0.270 -0.417 1.960
6 15 -0.333 -0.738 1.984
6 16 -0.315 -0.809 1.950
6 17 -0.045 -0.004 1.970
6 18 -0.001 -0.408 2.009
6 19 0.025 -0.756 2.057
6 20 0.057 -0.821 2.023
7 1 -0.120 0.068 1.953
7 2 -0.139 0.125 2.003
7 3 -0.143 0.454 2.001
7 4 -0.108 0.695 2.014
7 5 -0.287 0.420 1.966
7 6 -0.358 0.163 1.928
7 7 -0.365 -0.070 1.877
7 8 -0.357 -0.148 1.854
7 9 0.009 0.418 2.068
7 10 0.059 0.155 2.057
7 11 0.085 -0.081 2.001
7 12 0.102 -0.150 1.968
7 13 -0.186 -0.002 1.914
7 14 -0.270 -0.417 1.960
7 15 -0.333 -0.738 1.984
7 16 -0.315 -0.809 1.950
7 17 -0.045 -0.003 1.970
7 18 -0.001 -0.408 2.009
7 19 0.025 -0.755 2.057
7 20 0.057 -0.821 2.023
8 1 -0.120 0.069 1.953
8 2 -0.139 0.125 2.003
8 3 -0.143 0.454 2.001
8 4 -0.107 0.696 2.015
8 5 -0.287 0.421 1.966
8 6 -0.358 0.163 1.929
8 7 -0.364 -0.070 1.878
8 8 -0.355 -0.146 1.855
8 9 0.009 0.418 2.069
8 10 0.058 0.154 2.057
8 11 0.085 -0.082 2.002
8 12 0.102 -0.150 1.969
8 13 -0.186 -0.001 1.914
8 14 -0.270 -0.417 1.960
8 15 -0.333 -0.738 1.984
8 16 -0.316 -0.809 1.950
8 17 -0.046 -0.002 1.971
8 18 -0.001 -0.409 2.009
8 19 0.025 -0.755 2.057
8 20 0.057 -0.821 2.023
9 1 -0.120 0.070 1.954
9 2 -0.139 0.126 2.004
9 3 -0.143 0.455 2.002
9 4 -0.106 0.696 2.015
9 5 -0.286 0.421 1.966
9 6 -0.358 0.163 1.929
9 7 -0.364 -0.070 1.879
9 8 -0.354 -0.144 1.856
9 9 0.009 0.417 2.069
9 10 0.058 0.154 2.057
9 11 0.085 -0.082 2.002
9 12 0.103 -0.150 1.970
9 13 -0.186 0.000 1.915
9 14 -0.270 -0.417 1.960
9 15 -0.333 -0.738 1.984
9 16 -0.315 -0.809 1.950
9 17 -0.046 -0.002 1.971
9 18 -0.001 -0.409 2.010
9 19 0.025 -0.755 2.057
9 20 0.057 -0.821 2.023
10 1 -0.120 0.071 1.955
10 2 -0.139 0.127 2.004
10 3 -0.143 0.455 2.002
10 4 -0.105 0.696 2.015
10 5 -0.286 0.421 1.966
10 6 -0.358 0.163 1.929
10 7 -0.363 -0.070 1.879
10 8 -0.351 -0.141 1.857
10 9 0.009 0.417 2.069
10 10 0.058 0.154 2.057
10 11 0.085 -0.082 2.002
10 12 0.103 -0.151 1.971
10 13 -0.186 0.002 1.915
10 14 -0.270 -0.417 1.960
10 15 -0.333 -0.739 1.984
10 16 -0.315 -0.810 1.950
10 17 -0.046 -0.000 1.972
10 18 -0.001 -0.409 2.010
10 19 0.025 -0.755 2.057
10 20 0.057 -0.821 2.023
11 1 -0.120 0.073 1.955
11 2 -0.139 0.129 2.005
11 3 -0.143 0.456 2.003
11 4 -0.104 0.697 2.016
11 5 -0.286 0.421 1.966
11 6 -0.358 0.163 1.930
11 7 -0.362 -0.070 1.879
11 8 -0.349 -0.139 1.858
11 9 0.009 0.417 2.070
11 10 0.058 0.153 2.057
11 11 0.085 -0.083 2.003
11 12 0.103 -0.151 1.971
11 13 -0.185 0.004 1.916
11 14 -0.270 -0.417 1.961
11 15 -0.333 -0.739 1.984
11 16 -0.315 -0.810 1.950
11 17 -0.046 0.001 1.973
11 18 -0.001 -0.410 2.010
11 19 0.025 -0.755 2.057
11 20 0.057 -0.821 2.023
12 1 -0.120 0.075 1.956
12 2 -0.139 0.130 2.005
12 3 -0.143 0.457 2.003
12 4 -0.103 0.697 2.016
12 5 -0.286 0.421 1.966
12 6 -0.358 0.163 1.930
12 7 -0.361 -0.070 1.879
12 8 -0.347 -0.137 1.857
12 9 0.009 0.416 2.070
12 10 0.058 0.153 2.057
12 11 0.085 -0.083 2.003
12 12 0.103 -0.151 1.972
12 13 -0.184 0.006 1.916
12 14 -0.270 -0.417 1.961
12 15 -0.333 -0.739 1.984
12 16 -0.315 -0.810 1.950
12 17 -0.047 0.003 1.974
12 18 -0.001 -0.410 2.010
12 19 0.025 -0.756 2.057
12 20 0.057 -0.821 2.023
13 1 -0.119 0.077 1.957
13 2 -0.139 0.132 2.006
13 3 -0.143 0.457 2.004
13 4 -0.103 0.697 2.016
13 5 -0.286 0.421 1.966
13 6 -0.358 0.163 1.930
13 7 -0.359 -0.069 1.878
13 8 -0.344 -0.134 1.857
13 9 0.009 0.416 2.070
13 10 0.058 0.153 2.058
13 11 0.086 -0.083 2.003
13 12 0.103 -0.151 1.972
13 13 -0.183 0.008 1.917
13 14 -0.270 -0.417 1.961
13 15 -0.333 -0.739 1.984
13 16 -0.315 -0.810 1.949
13 17 -0.047 0.006 1.975
13 18 -0.001 -0.410 2.010
13 19 0.025 -0.756 2.057
13 20 0.057 -0.821 2.023
14 1 -0.119 0.080 1.958
14 2 -0.138 0.134 2.007
14 3 -0.142 0.458 2.004
14 4 -0.102 0.698 2.016
14 5 -0.286 0.421 1.966
14 6 -0.358 0.163 1.930
14 7 -0.357 -0.069 1.877
14 8 -0.342 -0.132 1.856
14 9 0.009 0.416 2.070
14 10 0.057 0.152 2.058
14 11 0.086 -0.084 2.003
14 12 0.103 -0.151 1.973
14 13 -0.182 0.010 1.918
14 14 -0.270 -0.417 1.961
14 15 -0.333 -0.739 1.984
14 16 -0.315 -0.810 1.949
14 17 -0.047 0.008 1.976
14 18 -0.001 -0.410 2.011
14 19 0.024 -0.756 2.058
14 20 0.057 -0.821 2.023
15 1 -0.118 0.082 1.958
15 2 -0.138 0.136 2.007
15 3 -0.142 0.459 2.005
15 4 -0.102 0.698 2.015
15 5 -0.286 0.421 1.967
15 6 -0.357 0.163 1.930
15 7 -0.355 -0.069 1.876
15 8 -0.339 -0.131 1.854
15 9 0.010 0.416 2.071
15 10 0.057 0.152 2.058
15 11 0.086 -0.084 2.004
15 12 0.103 -0.151 1.973
15 13 -0.181 0.013 1.918
15 14 -0.270 -0.417 1.961
15 15 -0.333 -0.739 1.983
15 16 -0.315 -0.811 1.949
15 17 -0.046 0.010 1.976
15 18 -0.001 -0.410 2.011
15 19 0.024 -0.756 2.058
15 20 0.057 -0.821 2.023
16 1 -0.117 0.084 1.959
16 2 -0.137 0.138 2.008
16 3 -0.142 0.459 2.005
16 4 -0.101 0.699 2.015
16 5 -0.285 0.421 1.967
16 6 -0.357 0.163 1.930
16 7 -0.353 -0.069 1.874
16 8 -0.337 -0.130 1.853
16 9 0.010 0.415 2.071
16 10 0.057 0.152 2.058
16 11 0.086 -0.084 2.004
16 12 0.103 -0.151 1.973
16 13 -0.180 0.015 1.919
16 14 -0.270 -0.417 1.961
16 15 -0.333 -0.740 1.983
16 16 -0.315 -0.811 1.949
16 17 -0.046 0.013 1.977
16 18 -0.001 -0.410 2.011
16 19 0.024 -0.756 2.058
16 20 0.057 -0.821 2.023
17 1 -0.117 0.086 1.959
17 2 -0.137 0.140 2.008
17 3 -0.141 0.460 2.005
17 4 -0.101 0.700 2.014
17 5 -0.285 0.421 1.967
17 6 -0.356 0.163 1.929
17 7 -0.352 -0.068 1.872
17 8 -0.330 -0.127 1.848
17 9 0.010 0.415 2.071
17 10 0.057 0.152 2.058
17 11 0.086 -0.084 2.004
17 12 0.103 -0.152 1.974
17 13 -0.179 0.016 1.919
17 14 -0.270 -0.417 1.961
17 15 -0.333 -0.740 1.983
17 16 -0.315 -0.811 1.949
17 17 -0.046 0.014 1.977
17 18 -0.001 -0.410 2.011
17 19 0.024 -0.757 2.058
17 20 0.057 -0.821 2.023
18 1 -0.117 0.087 1.960
18 2 -0.137 0.141 2.009
18 3 -0.141 0.461 2.005
18 4 -0.100 0.700 2.014
18 5 -0.285 0.421 1.967
18 6 -0.356 0.163 1.929
18 7 -0.351 -0.063 1.867
18 8 -0.324 -0.124 1.842
18 9 0.010 0.415 2.071
18 10 0.058 0.151 2.058
18 11 0.087 -0.083 2.005
18 12 0.103 -0.151 1.974
18 13 -0.178 0.018 1.919
18 14 -0.270 -0.417 1.961
18 15 -0.333 -0.740 1.983
18 16 -0.315 -0.811 1.949
18 17 -0.046 0.016 1.978
18 18 -0.001 -0.410 2.011
18 19 0.024 -0.757 2.058
18 20 0.057 -0.821 2.023
19 1 -0.116 0.089 1.960
19 2 -0.137 0.143 2.009
19 3 -0.141 0.463 2.006
19 4 -0.100 0.702 2.013
19 5 -0.284 0.421 1.967
19 6 -0.360 0.165 1.927
19 7 -0.361 -0.031 1.844
19 8 -0.323 -0.103 1.827
19 9 0.010 0.415 2.071
19 10 0.061 0.152 2.062
19 11 0.112 -0.050 2.007
19 12 0.113 -0.120 1.965
19 13 -0.178 0.019 1.920
19 14 -0.270 -0.417 1.961
19 15 -0.333 -0.740 1.983
19 16 -0.315 -0.811 1.949
19 17 -0.046 0.017 1.978
19 18 -0.001 -0.410 2.011
19 19 0.024 -0.757 2.059
19 20 0.057 -0.821 2.023
20 1 -0.116 0.091 1.960
20 2 -0.136 0.145 2.009
20 3 -0.141 0.464 2.005
20 4 -0.100 0.703 2.011
20 5 -0.284 0.421 1.967
20 6 -0.399 0.183 1.917
20 7 -0.377 0.009 1.819
20 8 -0.337 -0.065 1.798
20 9 0.010 0.415 2.072
20 10 0.088 0.163 2.082
20 11 0.144 -0.009 1.996
20 12 0.133 -0.078 1.944
20 13 -0.178 0.020 1.920
20 14 -0.270 -0.417 1.961
20 15 -0.333 -0.740 1.983
20 16 -0.315 -0.811 1.949
20 17 -0.046 0.018 1.978
20 18 -0.001 -0.410 2.011
20 19 0.024 -0.757 2.059
20 20 0.057 -0.821 2.023
21 1 -0.116 0.094 1.961
21 2 -0.137 0.148 2.010
21 3 -0.141 0.466 2.005
21 4 -0.100 0.705 2.009
21 5 -0.285 0.421 1.966
21 6 -0.444 0.206 1.901
21 7 -0.394 0.046 1.779
21 8 -0.352 -0.022 1.763
21 9 0.011 0.415 2.072
21 10 0.118 0.188 2.099
21 11 0.173 0.041 1.967
21 12 0.154 -0.028 1.913
21 13 -0.178 0.022 1.921
21 14 -0.270 -0.416 1.961
21 15 -0.333 -0.740 1.983
21 16 -0.315 -0.811 1.949
21 17 -0.046 0.020 1.978
21 18 -0.001 -0.410 2.012
21 19 0.024 -0.757 2.059
21 20 0.057 -0.821 2.023
22 1 -0.117 0.098 1.962
22 2 -0.137 0.152 2.010
22 3 -0.141 0.470 2.005
22 4 -0.101 0.709 2.003
22 5 -0.288 0.421 1.966
22 6 -0.477 0.234 1.890
22 7 -0.405 0.083 1.735
22 8 -0.358 0.030 1.723
22 9 0.012 0.416 2.074
22 10 0.141 0.237 2.111
22 11 0.201 0.097 1.936
22 12 0.184 0.035 1.873
22 13 -0.179 0.025 1.922
22 14 -0.269 -0.416 1.961
22 15 -0.333 -0.740 1.982
22 16 -0.315 -0.811 1.949
22 17 -0.046 0.022 1.979
22 18 -0.001 -0.410 2.012
22 19 0.024 -0.757 2.059
22 20 0.057 -0.821 2.023
23 1 -0.118 0.103 1.963
23 2 -0.138 0.158 2.011
23 3 -0.142 0.474 2.004
23 4 -0.103 0.714 1.996
23 5 -0.293 0.422 1.965
23 6 -0.507 0.262 1.865
23 7 -0.420 0.131 1.694
23 8 -0.361 0.088 1.672
23 9 0.013 0.417 2.075
23 10 0.151 0.268 2.114
23 11 0.221 0.163 1.906
23 12 0.219 0.113 1.824
23 13 -0.181 0.029 1.924
23 14 -0.269 -0.413 1.961
23 15 -0.333 -0.740 1.982
23 16 -0.315 -0.811 1.949
23 17 -0.045 0.025 1.979
23 18 -0.001 -0.410 2.012
23 19 0.026 -0.755 2.058
23 20 0.056 -0.821 2.024
24 1 -0.119 0.108 1.964
24 2 -0.140 0.165 2.013
24 3 -0.151 0.519 2.000
24 4 -0.106 0.719 1.984
24 5 -0.299 0.423 1.963
24 6 -0.514 0.281 1.855
24 7 -0.414 0.173 1.640
24 8 -0.357 0.146 1.609
24 9 0.014 0.418 2.076
24 10 0.154 0.283 2.113
24 11 0.232 0.213 1.887
24 12 0.250 0.203 1.782
24 13 -0.184 0.033 1.927
24 14 -0.267 -0.409 1.960
24 15 -0.333 -0.740 1.982
24 16 -0.315 -0.812 1.949
24 17 -0.045 0.028 1.980
24 18 -0.001 -0.410 2.012
24 19 0.028 -0.751 2.057
24 20 0.061 -0.795 1.990
25 1 -0.121 0.112 1.966
25 2 -0.143 0.172 2.014
25 3 -0.156 0.540 1.998
25 4 -0.109 0.721 1.972
25 5 -0.304 0.423 1.961
25 6 -0.511 0.294 1.846
25 7 -0.410 0.197 1.605
25 8 -0.354 0.195 1.550
25 9 0.015 0.419 2.077
25 10 0.143 0.282 2.084
25 11 0.234 0.256 1.851
25 12 0.257 0.279 1.756
25 13 -0.188 0.037 1.930
25 14 -0.267 -0.405 1.960
25 15 -0.333 -0.740 1.982
25 16 -0.316 -0.811 1.948
25 17 -0.046 0.031 1.982
25 18 -0.001 -0.410 2.012
25 19 0.030 -0.749 2.055
25 20 0.065 -0.781 1.973
26 1 -0.124 0.115 1.968
26 2 -0.145 0.177 2.015
26 3 -0.158 0.549 1.997
26 4 -0.112 0.720 1.958
26 5 -0.308 0.424 1.960
26 6 -0.493 0.304 1.839
26 7 -0.411 0.205 1.616
26 8 -0.358 0.212 1.547
26 9 0.016 0.420 2.077
26 10 0.120 0.263 2.034
26 11 0.219 0.287 1.808
26 12 0.229 0.330 1.732
26 13 -0.192 0.039 1.934
26 14 -0.266 -0.402 1.959
26 15 -0.333 -0.740 1.983
26 16 -0.317 -0.810 1.947
26 17 -0.047 0.033 1.984
26 18 -0.001 -0.410 2.012
26 19 0.031 -0.748 2.055
26 20 0.052 -0.803 1.999
27 1 -0.127 0.117 1.970
27 2 -0.147 0.180 2.015
27 3 -0.160 0.554 1.996
27 4 -0.115 0.717 1.947
27 5 -0.310 0.424 1.958
27 6 -0.455 0.272 1.808
27 7 -0.363 0.201 1.603
27 8 -0.335 0.228 1.563
27 9 0.017 0.421 2.076
27 10 0.106 0.227 1.960
27 11 0.181 0.314 1.752
27 12 0.175 0.363 1.704
27 13 -0.196 0.041 1.937
27 14 -0.266 -0.400 1.959
27 15 -0.334 -0.741 1.983
27 16 -0.318 -0.809 1.945
27 17 -0.050 0.035 1.987
27 18 -0.001 -0.410 2.012
27 19 0.032 -0.748 2.055
27 20 0.054 -0.799 1.989
28 1 -0.130 0.119 1.972
28 2 -0.149 0.182 2.016
28 3 -0.163 0.555 1.993
28 4 -0.121 0.712 1.934
28 5 -0.314 0.424 1.955
28 6 -0.405 0.233 1.794
28 7 -0.298 0.204 1.609
28 8 -0.266 0.235 1.564
28 9 0.014 0.423 2.070
28 10 0.094 0.230 1.862
28 11 0.117 0.322 1.656
28 12 0.119 0.382 1.597
28 13 -0.201 0.042 1.941
28 14 -0.267 -0.397 1.959
28 15 -0.334 -0.741 1.984
28 16 -0.319 -0.809 1.945
28 17 -0.053 0.036 1.991
28 18 -0.001 -0.409 2.013
28 19 0.032 -0.747 2.054
28 20 0.055 -0.796 1.983
29 1 -0.134 0.119 1.974
29 2 -0.151 0.183 2.016
29 3 -0.167 0.552 1.988
29 4 -0.126 0.707 1.924
29 5 -0.318 0.423 1.950
29 6 -0.360 0.207 1.811
29 7 -0.234 0.195 1.648
29 8 -0.194 0.230 1.591
29 9 0.000 0.434 2.051
29 10 0.060 0.228 1.817
29 11 0.036 0.285 1.620
29 12 0.043 0.341 1.588
29 13 -0.204 0.042 1.944
29 14 -0.268 -0.395 1.960
29 15 -0.334 -0.741 1.984
29 16 -0.319 -0.809 1.944
29 17 -0.059 0.037 1.994
29 18 -0.003 -0.409 2.014
29 19 0.033 -0.747 2.054
29 20 0.056 -0.795 1.978
30 1 -0.140 0.119 1.975
30 2 -0.156 0.184 2.014
30 3 -0.179 0.501 1.969
30 4 -0.132 0.701 1.916
30 5 -0.321 0.421 1.943
30 6 -0.321 0.192 1.823
30 7 -0.158 0.191 1.703
30 8 -0.095 0.218 1.655
30 9 -0.009 0.437 2.038
30 10 0.033 0.218 1.885
30 11 -0.137 0.219 1.686
30 12 -0.096 0.243 1.601
30 13 -0.207 0.043 1.946
30 14 -0.270 -0.392 1.960
30 15 -0.334 -0.741 1.984
30 16 -0.319 -0.808 1.944
30 17 -0.070 0.040 1.996
30 18 -0.005 -0.409 2.015
30 19 0.033 -0.748 2.054
30 20 0.056 -0.794 1.975
31 1 -0.146 0.119 1.975
31 2 -0.161 0.184 2.009
31 3 -0.186 0.468 1.957
31 4 -0.137 0.696 1.909
31 5 -0.323 0.419 1.936
31 6 -0.292 0.182 1.835
31 7 -0.087 0.180 1.740
31 8 -0.031 0.206 1.690
31 9 -0.014 0.439 2.029
31 10 0.008 0.200 1.892
31 11 -0.174 0.182 1.690
31 12 -0.132 0.211 1.621
31 13 -0.210 0.043 1.948
31 14 -0.274 -0.390 1.961
31 15 -0.335 -0.740 1.983
31 16 -0.319 -0.808 1.944
31 17 -0.082 0.042 1.997
31 18 -0.008 -0.408 2.017
31 19 0.033 -0.748 2.053
31 20 0.056 -0.793 1.972
32 1 -0.153 0.119 1.974
32 2 -0.168 0.182 2.003
32 3 -0.189 0.455 1.951
32 4 -0.141 0.692 1.904
32 5 -0.325 0.417 1.930
32 6 -0.279 0.175 1.842
32 7 -0.087 0.175 1.731
32 8 -0.028 0.197 1.696
32 9 -0.018 0.439 2.023
32 10 -0.011 0.181 1.931
32 11 -0.139 0.178 1.696
32 12 -0.148 0.197 1.608
32 13 -0.213 0.044 1.949
32 14 -0.277 -0.388 1.962
32 15 -0.336 -0.740 1.983
32 16 -0.319 -0.808 1.944
32 17 -0.091 0.043 1.997
32 18 -0.010 -0.407 2.017
32 19 0.033 -0.748 2.051
32 20 0.056 -0.792 1.968
33 1 -0.158 0.119 1.973
33 2 -0.173 0.180 1.997
33 3 -0.191 0.448 1.947
33 4 -0.144 0.689 1.900
33 5 -0.326 0.417 1.923
33 6 -0.286 0.168 1.855
33 7 -0.083 0.170 1.728
33 8 -0.016 0.176 1.716
33 9 -0.020 0.439 2.019
33 10 -0.015 0.172 1.963
33 11 -0.207 0.153 1.739
33 12 -0.145 0.167 1.657
33 13 -0.215 0.044 1.949
33 14 -0.280 -0.386 1.962
33 15 -0.337 -0.739 1.982
33 16 -0.319 -0.808 1.944
33 17 -0.097 0.044 1.997
33 18 -0.012 -0.406 2.017
33 19 0.033 -0.748 2.048
33 20 0.058 -0.790 1.964
34 1 -0.163 0.118 1.972
34 2 -0.177 0.179 1.991
34 3 -0.192 0.443 1.943
34 4 -0.146 0.686 1.895
34 5 -0.328 0.416 1.915
34 6 -0.336 0.171 1.870
34 7 -0.136 0.151 1.734
34 8 -0.051 0.153 1.732
34 9 -0.022 0.439 2.016
34 10 -0.011 0.187 2.009
34 11 -0.080 0.095 1.831
34 12 -0.049 0.123 1.776
34 13 -0.218 0.044 1.949
34 14 -0.283 -0.384 1.961
34 15 -0.337 -0.738 1.977
34 16 -0.312 -0.787 1.906
34 17 -0.102 0.044 1.997
34 18 -0.015 -0.404 2.015
34 19 0.039 -0.745 2.025
34 20 0.067 -0.786 1.942
35 1 -0.166 0.118 1.971
35 2 -0.180 0.177 1.986
35 3 -0.192 0.443 1.938
35 4 -0.146 0.685 1.891
35 5 -0.329 0.415 1.907
35 6 -0.376 0.175 1.875
35 7 -0.194 0.130 1.745
35 8 -0.145 0.130 1.727
35 9 -0.023 0.439 2.015
35 10 -0.018 0.199 2.063
35 11 -0.059 0.073 1.870
35 12 -0.009 0.081 1.830
35 13 -0.220 0.044 1.949
35 14 -0.285 -0.382 1.958
35 15 -0.336 -0.733 1.964
35 16 -0.303 -0.770 1.872
35 17 -0.105 0.044 1.997
35 18 -0.015 -0.399 2.007
35 19 0.045 -0.742 2.009
35 20 0.075 -0.784 1.928
36 1 -0.168 0.117 1.970
36 2 -0.181 0.176 1.983
36 3 -0.183 0.487 1.920
36 4 -0.144 0.683 1.887
36 5 -0.328 0.415 1.899
36 6 -0.432 0.186 1.875
36 7 -0.273 0.108 1.757
36 8 -0.207 0.107 1.740
36 9 -0.024 0.437 2.015
36 10 -0.019 0.202 2.090
36 11 0.011 0.029 1.954
36 12 0.037 0.020 1.892
36 13 -0.222 0.043 1.948
36 14 -0.282 -0.373 1.938
36 15 -0.328 -0.721 1.928
36 16 -0.291 -0.756 1.835
36 17 -0.107 0.043 1.997
36 18 -0.013 -0.392 1.991
36 19 0.048 -0.740 1.999
36 20 0.080 -0.782 1.920
37 1 -0.169 0.115 1.970
37 2 -0.182 0.175 1.979
37 3 -0.177 0.513 1.911
37 4 -0.138 0.682 1.883
37 5 -0.326 0.413 1.889
37 6 -0.475 0.200 1.872
37 7 -0.331 0.098 1.767
37 8 -0.262 0.095 1.742
37 9 -0.024 0.432 2.017
37 10 -0.015 0.194 2.126
37 11 0.062 0.002 2.019
37 12 0.077 -0.053 1.967
37 13 -0.224 0.042 1.947
37 14 -0.269 -0.365 1.906
37 15 -0.315 -0.705 1.883
37 16 -0.297 -0.762 1.875
37 17 -0.108 0.041 1.997
37 18 -0.008 -0.385 1.973
37 19 0.053 -0.735 1.981
37 20 0.089 -0.778 1.904
38 1 -0.169 0.108 1.968
38 2 -0.181 0.172 1.975
38 3 -0.174 0.522 1.907
38 4 -0.128 0.680 1.881
38 5 -0.321 0.408 1.878
38 6 -0.499 0.208 1.864
38 7 -0.355 0.100 1.762
38 8 -0.277 0.093 1.735
38 9 -0.025 0.415 2.026
38 10 -0.013 0.176 2.154
38 11 0.076 -0.028 2.081
38 12 0.089 -0.098 2.040
38 13 -0.226 0.038 1.945
38 14 -0.251 -0.364 1.876
38 15 -0.301 -0.691 1.844
38 16 -0.292 -0.757 1.866
38 17 -0.106 0.034 1.999
38 18 -0.000 -0.385 1.954
38 19 0.055 -0.730 1.965
38 20 0.094 -0.773 1.891
39 1 -0.166 0.093 1.968
39 2 -0.177 0.163 1.971
39 3 -0.169 0.522 1.905
39 4 -0.116 0.677 1.882
39 5 -0.315 0.395 1.867
39 6 -0.514 0.220 1.833
39 7 -0.348 0.161 1.716
39 8 -0.287 0.143 1.698
39 9 -0.027 0.387 2.038
39 10 -0.014 0.157 2.176
39 11 0.081 -0.045 2.115
39 12 0.106 -0.095 2.090
39 13 -0.227 0.024 1.944
39 14 -0.234 -0.367 1.852
39 15 -0.281 -0.676 1.803
39 16 -0.290 -0.753 1.864
39 17 -0.099 0.015 2.007
39 18 0.006 -0.387 1.940
39 19 0.057 -0.720 1.942
39 20 0.100 -0.764 1.872
40 1 -0.159 0.051 1.953
40 2 -0.167 0.127 1.955
40 3 -0.161 0.509 1.906
40 4 -0.100 0.665 1.889
40 5 -0.306 0.378 1.860
40 6 -0.517 0.241 1.778
40 7 -0.346 0.227 1.666
40 8 -0.294 0.202 1.652
40 9 -0.030 0.365 2.047
40 10 -0.014 0.147 2.193
40 11 0.101 -0.041 2.137
40 12 0.135 -0.042 2.107
40 13 -0.222 -0.012 1.922
40 14 -0.222 -0.371 1.836
40 15 -0.264 -0.663 1.778
40 16 -0.281 -0.746 1.855
40 17 -0.096 -0.027 1.995
40 18 0.018 -0.405 1.923
40 19 0.058 -0.715 1.931
40 20 0.104 -0.760 1.862
41 1 -0.157 0.033 1.946
41 2 -0.163 0.112 1.947
41 3 -0.155 0.496 1.909
41 4 -0.087 0.653 1.898
41 5 -0.296 0.362 1.854
41 6 -0.504 0.286 1.725
41 7 -0.346 0.349 1.619
41 8 -0.288 0.385 1.617
41 9 -0.036 0.350 2.048
41 10 -0.012 0.142 2.203
41 11 0.170 0.075 2.123
41 12 0.220 0.073 2.088
41 13 -0.220 -0.027 1.911
41 14 -0.213 -0.374 1.827
41 15 -0.256 -0.658 1.766
41 16 -0.227 -0.716 1.759
41 17 -0.094 -0.043 1.990
41 18 0.025 -0.415 1.914
41 19 0.057 -0.720 1.925
41 20 0.106 -0.763 1.857
42 1 -0.155 0.037 1.929
42 2 -0.161 0.109 1.938
42 3 -0.152 0.488 1.911
42 4 -0.080 0.647 1.903
42 5 -0.297 0.358 1.843
42 6 -0.482 0.357 1.671
42 7 -0.316 0.484 1.606
42 8 -0.262 0.513 1.620
42 9 -0.038 0.343 2.049
42 10 0.014 0.165 2.222
42 11 0.218 0.163 2.145
42 12 0.274 0.158 2.119
42 13 -0.226 -0.012 1.880
42 14 -0.203 -0.371 1.822
42 15 -0.251 -0.655 1.760
42 16 -0.232 -0.728 1.779
42 17 -0.089 -0.040 1.971
42 18 0.028 -0.419 1.910
42 19 0.059 -0.718 1.919
42 20 0.112 -0.759 1.851
43 1 -0.153 0.057 1.914
43 2 -0.159 0.124 1.925
43 3 -0.149 0.485 1.914
43 4 -0.076 0.644 1.908
43 5 -0.292 0.391 1.822
43 6 -0.456 0.422 1.638
43 7 -0.294 0.590 1.641
43 8 -0.244 0.638 1.645
43 9 -0.037 0.361 2.076
43 10 0.053 0.223 2.231
43 11 0.190 0.383 2.145
43 12 0.223 0.453 2.106
43 13 -0.228 0.007 1.865
43 14 -0.195 -0.368 1.821
43 15 -0.257 -0.667 1.781
43 16 -0.266 -0.737 1.826
43 17 -0.081 -0.013 1.945
43 18 0.030 -0.418 1.907
43 19 0.060 -0.717 1.915
43 20 0.118 -0.756 1.850
44 1 -0.137 0.107 1.910
44 2 -0.146 0.171 1.921
44 3 -0.146 0.512 1.932
44 4 -0.072 0.671 1.926
44 5 -0.291 0.407 1.812
44 6 -0.423 0.496 1.618
44 7 -0.278 0.651 1.672
44 8 -0.244 0.705 1.693
44 9 -0.036 0.381 2.090
44 10 0.090 0.300 2.220
44 11 0.176 0.527 2.157
44 12 0.174 0.609 2.131
44 13 -0.208 0.049 1.863
44 14 -0.192 -0.364 1.819
44 15 -0.269 -0.679 1.810
44 16 -0.266 -0.748 1.845
44 17 -0.064 0.039 1.938
44 18 0.030 -0.406 1.910
44 19 0.061 -0.716 1.915
44 20 0.055 -0.778 1.932
45 1 -0.122 0.165 1.911
45 2 -0.134 0.227 1.921
45 3 -0.147 0.552 1.945
45 4 -0.069 0.694 1.934
45 5 -0.288 0.421 1.805
45 6 -0.391 0.546 1.616
45 7 -0.266 0.698 1.689
45 8 -0.234 0.721 1.726
45 9 -0.036 0.432 2.104
45 10 0.121 0.356 2.200
45 11 0.141 0.620 2.148
45 12 0.112 0.676 2.136
45 13 -0.182 0.095 1.848
45 14 -0.191 -0.359 1.820
45 15 -0.284 -0.690 1.836
45 16 -0.275 -0.761 1.868
45 17 -0.051 0.088 1.950
45 18 0.025 -0.379 1.917
45 19 0.060 -0.716 1.920
45 20 0.032 -0.789 1.962
46 1 -0.111 0.196 1.914
46 2 -0.124 0.260 1.924
46 3 -0.137 0.584 1.954
46 4 -0.064 0.733 1.938
46 5 -0.265 0.460 1.810
46 6 -0.373 0.572 1.613
46 7 -0.254 0.760 1.690
46 8 -0.223 0.784 1.730
46 9 -0.001 0.496 2.114
46 10 0.149 0.400 2.177
46 11 0.113 0.676 2.125
46 12 0.086 0.771 2.125
46 13 -0.171 0.115 1.843
46 14 -0.194 -0.351 1.820
46 15 -0.291 -0.692 1.846
46 16 -0.248 -0.738 1.814
46 17 -0.042 0.112 1.959
46 18 0.023 -0.364 1.921
46 19 0.058 -0.718 1.927
46 20 0.091 -0.769 1.910
47 1 -0.104 0.222 1.919
47 2 -0.118 0.286 1.930
47 3 -0.132 0.610 1.958
47 4 -0.058 0.760 1.935
47 5 -0.249 0.490 1.818
47 6 -0.342 0.620 1.618
47 7 -0.238 0.780 1.698
47 8 -0.216 0.797 1.736
47 9 0.044 0.546 2.123
47 10 0.224 0.497 2.160
47 11 0.169 0.772 2.077
47 12 0.146 0.824 2.056
47 13 -0.164 0.134 1.844
47 14 -0.200 -0.338 1.819
47 15 -0.298 -0.688 1.850
47 16 -0.244 -0.720 1.786
47 17 -0.035 0.129 1.967
47 18 0.022 -0.348 1.925
47 19 0.056 -0.710 1.936
47 20 0.096 -0.751 1.908
48 1 -0.101 0.236 1.921
48 2 -0.115 0.300 1.933
48 3 -0.130 0.633 1.958
48 4 -0.050 0.779 1.928
48 5 -0.240 0.517 1.826
48 6 -0.317 0.658 1.649
48 7 -0.222 0.802 1.706
48 8 -0.210 0.816 1.743
48 9 0.063 0.574 2.119
48 10 0.260 0.622 2.127
48 11 0.224 0.824 2.009
48 12 0.200 0.904 1.988
48 13 -0.161 0.146 1.847
48 14 -0.204 -0.326 1.815
48 15 -0.310 -0.675 1.838
48 16 -0.246 -0.699 1.751
48 17 -0.031 0.140 1.970
48 18 0.022 -0.334 1.928
48 19 0.054 -0.697 1.945
48 20 0.111 -0.727 1.890
49 1 -0.101 0.251 1.922
49 2 -0.116 0.317 1.935
49 3 -0.133 0.658 1.952
49 4 -0.046 0.791 1.924
49 5 -0.239 0.555 1.831
49 6 -0.312 0.701 1.677
49 7 -0.198 0.812 1.734
49 8 -0.199 0.821 1.757
49 9 0.066 0.610 2.097
49 10 0.242 0.715 2.081
49 11 0.248 0.899 1.914
49 12 0.242 0.944 1.866
49 13 -0.161 0.165 1.853
49 14 -0.208 -0.304 1.811
49 15 -0.321 -0.646 1.820
49 16 -0.253 -0.674 1.728
49 17 -0.031 0.155 1.973
49 18 0.020 -0.308 1.930
49 19 0.050 -0.668 1.953
49 20 0.116 -0.698 1.880
50 1 -0.105 0.271 1.922
50 2 -0.121 0.336 1.935
50 3 -0.144 0.681 1.939
50 4 -0.048 0.806 1.914
50 5 -0.239 0.571 1.831
50 6 -0.309 0.721 1.685
50 7 -0.183 0.814 1.753
50 8 -0.190 0.822 1.768
50 9 0.067 0.630 2.087
50 10 0.228 0.756 2.054
50 11 0.387 0.898 1.990
50 12 0.439 0.929 1.991
50 13 -0.163 0.184 1.860
50 14 -0.210 -0.279 1.808
50 15 -0.329 -0.616 1.797
50 16 -0.261 -0.651 1.710
50 17 -0.034 0.180 1.969
50 18 0.017 -0.277 1.930
50 19 0.047 -0.634 1.955
50 20 0.115 -0.667 1.874
51 1 -0.106 0.280 1.921
51 2 -0.124 0.346 1.934
51 3 -0.147 0.689 1.933
51 4 -0.048 0.813 1.908
51 5 -0.245 0.585 1.828
51 6 -0.323 0.731 1.688
51 7 -0.177 0.810 1.765
51 8 -0.185 0.821 1.776
51 9 0.068 0.639 2.081
51 10 0.224 0.755 2.036
51 11 0.449 0.909 1.982
51 12 0.514 0.942 1.973
51 13 -0.165 0.194 1.864
51 14 -0.212 -0.268 1.805
51 15 -0.333 -0.602 1.782
51 16 -0.266 -0.639 1.699
51 17 -0.035 0.192 1.964
51 18 0.016 -0.265 1.930
51 19 0.046 -0.621 1.956
51 20 0.115 -0.655 1.871
52 1 -0.104 0.262 1.908
52 2 -0.118 0.324 1.916
52 3 -0.125 0.650 1.900
52 4 -0.042 0.806 1.896
52 5 -0.249 0.568 1.817
52 6 -0.365 0.660 1.672
52 7 -0.205 0.782 1.744
52 8 -0.205 0.788 1.760
52 9 0.065 0.626 2.070
52 10 0.222 0.729 2.064
52 11 0.222 0.812 1.911
52 12 0.253 0.858 1.874
52 13 -0.166 0.195 1.866
52 14 -0.213 -0.265 1.803
52 15 -0.335 -0.610 1.757
52 16 -0.272 -0.647 1.682
52 17 -0.032 0.182 1.944
52 18 0.017 -0.269 1.927
52 19 0.049 -0.625 1.950
52 20 0.116 -0.661 1.867
53 1 -0.098 0.226 1.895
53 2 -0.110 0.289 1.903
53 3 -0.108 0.613 1.885
53 4 -0.031 0.773 1.883
53 5 -0.231 0.518 1.806
53 6 -0.385 0.591 1.655
53 7 -0.242 0.738 1.649
53 8 -0.215 0.773 1.647
53 9 0.065 0.541 2.052
53 10 0.194 0.707 2.056
53 11 0.130 0.805 1.928
53 12 0.140 0.848 1.884
53 13 -0.161 0.150 1.846
53 14 -0.215 -0.279 1.798
53 15 -0.334 -0.614 1.743
53 16 -0.273 -0.651 1.673
53 17 -0.027 0.139 1.938
53 18 0.023 -0.313 1.916
53 19 0.064 -0.666 1.929
53 20 0.126 -0.704 1.854
54 1 -0.094 0.196 1.881
54 2 -0.105 0.257 1.890
54 3 -0.092 0.564 1.878
54 4 -0.019 0.727 1.872
54 5 -0.217 0.470 1.791
54 6 -0.405 0.532 1.639
54 7 -0.277 0.694 1.623
54 8 -0.224 0.752 1.630
54 9 0.060 0.480 2.015
54 10 0.176 0.683 2.066
54 11 0.073 0.792 1.929
54 12 0.041 0.833 1.888
54 13 -0.157 0.109 1.814
54 14 -0.214 -0.294 1.795
54 15 -0.333 -0.617 1.735
54 16 -0.274 -0.655 1.667
54 17 -0.027 0.100 1.934
54 18 0.030 -0.342 1.901
54 19 0.080 -0.687 1.901
54 20 0.135 -0.725 1.832
55 1 -0.093 0.126 1.862
55 2 -0.103 0.191 1.875
55 3 -0.086 0.532 1.875
55 4 -0.019 0.696 1.866
55 5 -0.212 0.425 1.780
55 6 -0.421 0.491 1.628
55 7 -0.311 0.663 1.639
55 8 -0.267 0.714 1.682
55 9 0.059 0.404 1.986
55 10 0.155 0.647 2.077
55 11 -0.044 0.686 2.080
55 12 -0.112 0.716 2.058
55 13 -0.156 0.046 1.801
55 14 -0.215 -0.325 1.788
55 15 -0.330 -0.622 1.732
55 16 -0.274 -0.659 1.664
55 17 -0.030 0.037 1.908
55 18 0.037 -0.359 1.888
55 19 0.086 -0.695 1.889
55 20 0.139 -0.734 1.822
56 1 -0.090 0.106 1.856
56 2 -0.101 0.171 1.871
56 3 -0.083 0.518 1.873
56 4 -0.019 0.683 1.862
56 5 -0.210 0.410 1.776
56 6 -0.426 0.478 1.624
56 7 -0.331 0.655 1.633
56 8 -0.280 0.712 1.660
56 9 0.061 0.398 1.992
56 10 0.133 0.631 2.109
56 11 -0.086 0.689 2.120
56 12 -0.187 0.694 2.126
56 13 -0.154 0.027 1.795
56 14 -0.217 -0.343 1.784
56 15 -0.331 -0.633 1.735
56 16 -0.277 -0.671 1.669
56 17 -0.027 0.018 1.902
56 18 0.040 -0.367 1.882
56 19 0.089 -0.700 1.883
56 20 0.141 -0.738 1.817
57 1 -0.083 0.138 1.859
57 2 -0.098 0.196 1.876
57 3 -0.083 0.512 1.873
57 4 -0.018 0.675 1.859
57 5 -0.217 0.419 1.782
57 6 -0.421 0.496 1.629
57 7 -0.339 0.656 1.628
57 8 -0.290 0.720 1.649
57 9 0.086 0.449 2.027
57 10 0.154 0.657 2.120
57 11 -0.033 0.749 2.124
57 12 -0.126 0.759 2.142
57 13 -0.151 0.048 1.796
57 14 -0.219 -0.351 1.781
57 15 -0.335 -0.642 1.740
57 16 -0.281 -0.680 1.673
57 17 -0.013 0.036 1.903
57 18 0.043 -0.371 1.877
57 19 0.091 -0.703 1.879
57 20 0.143 -0.741 1.813
58 1 -0.080 0.155 1.860
58 2 -0.096 0.213 1.881
58 3 -0.091 0.532 1.885
58 4 -0.017 0.676 1.857
58 5 -0.230 0.441 1.792
58 6 -0.401 0.552 1.641
58 7 -0.471 0.676 1.551
58 8 -0.509 0.730 1.515
58 9 0.091 0.481 2.030
58 10 0.211 0.628 2.105
58 11 0.154 0.801 2.086
58 12 0.107 0.849 2.093
58 13 -0.150 0.066 1.801
58 14 -0.222 -0.355 1.778
58 15 -0.338 -0.647 1.744
58 16 -0.286 -0.685 1.676
58 17 -0.004 0.060 1.901
58 18 0.045 -0.371 1.873
58 19 0.091 -0.703 1.877
58 20 0.142 -0.742 1.811
59 1 -0.081 0.197 1.869
59 2 -0.098 0.255 1.894
59 3 -0.095 0.569 1.904
59 4 -0.017 0.692 1.850
59 5 -0.242 0.484 1.806
59 6 -0.375 0.606 1.669
59 7 -0.536 0.749 1.525
59 8 -0.580 0.795 1.486
59 9 0.096 0.545 2.038
59 10 0.246 0.649 2.081
59 11 0.168 0.847 2.049
59 12 0.143 0.912 2.027
59 13 -0.157 0.111 1.816
59 14 -0.228 -0.344 1.771
59 15 -0.340 -0.650 1.746
59 16 -0.290 -0.688 1.677
59 17 -0.000 0.109 1.902
59 18 0.044 -0.348 1.866
59 19 0.088 -0.696 1.880
59 20 0.136 -0.734 1.811
60 1 -0.085 0.250 1.878
60 2 -0.101 0.305 1.907
60 3 -0.096 0.607 1.920
60 4 -0.016 0.701 1.845
60 5 -0.255 0.524 1.817
60 6 -0.348 0.702 1.697
60 7 -0.497 0.870 1.563
60 8 -0.525 0.931 1.534
60 9 0.090 0.605 2.041
60 10 0.250 0.704 2.036
60 11 0.363 0.908 2.022
60 12 0.392 0.969 2.018
60 13 -0.164 0.164 1.827
60 14 -0.232 -0.304 1.764
60 15 -0.342 -0.652 1.747
60 16 -0.294 -0.690 1.678
60 17 -0.001 0.161 1.903
60 18 0.042 -0.308 1.860
60 19 0.080 -0.663 1.886
60 20 0.126 -0.700 1.813
61 1 -0.088 0.279 1.881
61 2 -0.107 0.335 1.911
61 3 -0.107 0.644 1.921
61 4 -0.020 0.721 1.837
61 5 -0.268 0.550 1.817
61 6 -0.325 0.781 1.709
61 7 -0.454 0.966 1.579
61 8 -0.473 1.025 1.548
61 9 0.080 0.638 2.039
61 10 0.247 0.736 2.012
61 11 0.480 0.929 2.010
61 12 0.536 0.975 2.016
61 13 -0.169 0.196 1.834
61 14 -0.233 -0.274 1.761
61 15 -0.343 -0.630 1.753
61 16 -0.297 -0.668 1.681
61 17 -0.005 0.198 1.901
61 18 0.039 -0.273 1.856
61 19 0.075 -0.631 1.890
61 20 0.120 -0.667 1.815
62 1 -0.090 0.292 1.882
62 2 -0.109 0.349 1.913
62 3 -0.110 0.658 1.920
62 4 -0.022 0.735 1.830
62 5 -0.274 0.563 1.816
62 6 -0.318 0.809 1.714
62 7 -0.420 1.013 1.602
62 8 -0.447 1.083 1.572
62 9 0.076 0.650 2.038
62 10 0.255 0.720 2.011
62 11 0.401 0.885 1.955
62 12 0.413 0.915 1.910
62 13 -0.171 0.210 1.837
62 14 -0.233 -0.262 1.759
62 15 -0.343 -0.619 1.755
62 16 -0.297 -0.656 1.682
62 17 -0.006 0.212 1.900
62 18 0.038 -0.260 1.855
62 19 0.073 -0.618 1.890
62 20 0.118 -0.654 1.815
63 1 -0.092 0.292 1.880
63 2 -0.111 0.350 1.911
63 3 -0.107 0.659 1.914
63 4 -0.023 0.745 1.826
63 5 -0.267 0.568 1.812
63 6 -0.354 0.693 1.677
63 7 -0.492 0.865 1.540
63 8 -0.535 0.905 1.501
63 9 0.080 0.618 2.035
63 10 0.273 0.625 2.046
63 11 0.296 0.786 1.958
63 12 0.351 0.851 1.921
63 13 -0.172 0.213 1.838
63 14 -0.233 -0.256 1.758
63 15 -0.344 -0.615 1.756
63 16 -0.298 -0.652 1.683
63 17 -0.009 0.214 1.898
63 18 0.037 -0.254 1.853
63 19 0.074 -0.613 1.888
63 20 0.120 -0.650 1.812
64 1 -0.094 0.245 1.865
64 2 -0.112 0.307 1.895
64 3 -0.094 0.631 1.895
64 4 -0.017 0.748 1.827
64 5 -0.247 0.547 1.800
64 6 -0.362 0.635 1.653
64 7 -0.521 0.768 1.498
64 8 -0.568 0.796 1.454
64 9 0.089 0.567 2.029
64 10 0.279 0.524 2.067
64 11 0.250 0.721 1.964
64 12 0.230 0.768 1.935
64 13 -0.175 0.169 1.827
64 14 -0.232 -0.273 1.758
64 15 -0.344 -0.622 1.755
64 16 -0.297 -0.659 1.682
64 17 -0.015 0.164 1.886
64 18 0.038 -0.287 1.852
64 19 0.083 -0.645 1.874
64 20 0.131 -0.683 1.800
65 1 -0.093 0.208 1.855
65 2 -0.110 0.271 1.883
65 3 -0.078 0.594 1.878
65 4 -0.005 0.739 1.831
65 5 -0.221 0.503 1.784
65 6 -0.380 0.583 1.629
65 7 -0.549 0.667 1.480
65 8 -0.602 0.693 1.438
65 9 0.090 0.517 2.017
65 10 0.274 0.460 2.085
65 11 0.216 0.675 1.960
65 12 0.195 0.726 1.922
65 13 -0.171 0.131 1.811
65 14 -0.229 -0.293 1.760
65 15 -0.344 -0.628 1.753
65 16 -0.295 -0.667 1.681
65 17 -0.019 0.127 1.882
65 18 0.039 -0.310 1.850
65 19 0.091 -0.660 1.857
65 20 0.142 -0.699 1.787
66 1 -0.089 0.179 1.848
66 2 -0.106 0.239 1.873
66 3 -0.068 0.543 1.859
66 4 -0.003 0.711 1.839
66 5 -0.204 0.458 1.769
66 6 -0.397 0.534 1.612
66 7 -0.294 0.674 1.670
66 8 -0.307 0.678 1.669
66 9 0.103 0.494 2.019
66 10 0.251 0.361 2.099
66 11 0.143 0.586 2.015
66 12 0.109 0.638 1.980
66 13 -0.166 0.094 1.801
66 14 -0.226 -0.311 1.762
66 15 -0.340 -0.633 1.749
66 16 -0.289 -0.673 1.678
66 17 -0.017 0.087 1.882
66 18 0.041 -0.326 1.847
66 19 0.099 -0.666 1.833
66 20 0.115 -0.729 1.821
67 1 -0.083 0.129 1.843
67 2 -0.100 0.192 1.866
67 3 -0.064 0.515 1.851
67 4 -0.003 0.692 1.843
67 5 -0.195 0.423 1.761
67 6 -0.403 0.515 1.605
67 7 -0.282 0.651 1.678
67 8 -0.244 0.684 1.713
67 9 0.118 0.437 2.021
67 10 0.266 0.375 2.120
67 11 0.105 0.586 2.034
67 12 0.067 0.613 1.997
67 13 -0.156 0.048 1.793
67 14 -0.223 -0.326 1.763
67 15 -0.336 -0.636 1.743
67 16 -0.284 -0.676 1.674
67 17 -0.015 0.033 1.883
67 18 0.042 -0.340 1.842
67 19 0.104 -0.666 1.815
67 20 0.101 -0.739 1.835
68 1 -0.081 0.110 1.841
68 2 -0.098 0.175 1.863
68 3 -0.062 0.503 1.847
68 4 -0.003 0.682 1.845
68 5 -0.191 0.410 1.758
68 6 -0.403 0.510 1.604
68 7 -0.253 0.679 1.653
68 8 -0.226 0.746 1.653
68 9 0.123 0.415 2.021
68 10 0.266 0.325 2.121
68 11 0.135 0.601 2.036
68 12 0.082 0.628 2.005
68 13 -0.153 0.031 1.790
68 14 -0.221 -0.342 1.763
68 15 -0.333 -0.638 1.739
68 16 -0.280 -0.678 1.671
68 17 -0.014 0.013 1.883
68 18 0.042 -0.350 1.838
68 19 0.106 -0.666 1.806
68 20 0.095 -0.744 1.841
69 1 -0.080 0.103 1.840
69 2 -0.097 0.167 1.862
69 3 -0.063 0.496 1.847
69 4 -0.002 0.674 1.846
69 5 -0.194 0.407 1.762
69 6 -0.389 0.514 1.606
69 7 -0.189 0.670 1.655
69 8 -0.116 0.724 1.666
69 9 0.125 0.421 2.020
69 10 0.292 0.477 2.074
69 11 0.226 0.677 2.008
69 12 0.207 0.735 1.978
69 13 -0.152 0.025 1.788
69 14 -0.220 -0.350 1.763
69 15 -0.332 -0.639 1.738
69 16 -0.279 -0.680 1.669
69 17 -0.012 0.009 1.881
69 18 0.043 -0.355 1.836
69 19 0.108 -0.666 1.802
69 20 0.132 -0.714 1.775
70 1 -0.078 0.126 1.845
70 2 -0.095 0.186 1.871
70 3 -0.067 0.507 1.863
70 4 -0.001 0.670 1.846
70 5 -0.203 0.436 1.784
70 6 -0.347 0.546 1.617
70 7 -0.381 0.689 1.497
70 8 -0.416 0.730 1.445
70 9 0.125 0.459 2.016
70 10 0.298 0.548 2.037
70 11 0.306 0.748 1.975
70 12 0.288 0.787 1.962
70 13 -0.152 0.052 1.796
70 14 -0.221 -0.354 1.764
70 15 -0.333 -0.641 1.738
70 16 -0.281 -0.681 1.669
70 17 -0.008 0.033 1.878
70 18 0.043 -0.358 1.835
70 19 0.106 -0.666 1.806
70 20 0.141 -0.706 1.758
71 1 -0.078 0.170 1.858
71 2 -0.094 0.228 1.886
71 3 -0.069 0.539 1.884
71 4 0.004 0.673 1.842
71 5 -0.208 0.478 1.803
71 6 -0.310 0.593 1.640
71 7 -0.392 0.737 1.474
71 8 -0.411 0.784 1.426
71 9 0.120 0.505 2.008
71 10 0.303 0.632 1.999
71 11 0.404 0.787 1.937
71 12 0.435 0.837 1.919
71 13 -0.153 0.098 1.814
71 14 -0.229 -0.337 1.777
71 15 -0.336 -0.643 1.740
71 16 -0.286 -0.683 1.670
71 17 -0.007 0.083 1.884
71 18 0.044 -0.350 1.839
71 19 0.103 -0.667 1.822
71 20 0.146 -0.703 1.750
72 1 -0.079 0.202 1.869
72 2 -0.093 0.260 1.900
72 3 -0.063 0.570 1.902
72 4 0.010 0.683 1.838
72 5 -0.209 0.512 1.815
72 6 -0.281 0.668 1.656
72 7 -0.408 0.821 1.469
72 8 -0.442 0.873 1.418
72 9 0.113 0.549 1.997
72 10 0.308 0.704 1.963
72 11 0.485 0.803 1.902
72 12 0.551 0.853 1.885
72 13 -0.155 0.136 1.830
72 14 -0.236 -0.320 1.788
72 15 -0.339 -0.644 1.744
72 16 -0.292 -0.684 1.673
72 17 -0.010 0.121 1.891
72 18 0.045 -0.337 1.845
72 19 0.102 -0.669 1.836
72 20 0.150 -0.701 1.749
73 1 -0.080 0.217 1.875
73 2 -0.093 0.277 1.908
73 3 -0.058 0.591 1.909
73 4 0.017 0.700 1.833
73 5 -0.209 0.531 1.820
73 6 -0.273 0.696 1.659
73 7 -0.418 0.849 1.463
73 8 -0.462 0.901 1.405
73 9 0.110 0.566 1.992
73 10 0.304 0.675 1.966
73 11 0.477 0.780 1.896
73 12 0.489 0.768 1.890
73 13 -0.157 0.154 1.840
73 14 -0.239 -0.310 1.794
73 15 -0.343 -0.645 1.752
73 16 -0.298 -0.685 1.679
73 17 -0.012 0.139 1.896
73 18 0.047 -0.327 1.851
73 19 0.104 -0.669 1.851
73 20 0.154 -0.702 1.759
74 1 -0.081 0.226 1.878
74 2 -0.093 0.286 1.912
74 3 -0.056 0.602 1.913
74 4 0.020 0.712 1.829
74 5 -0.209 0.541 1.823
74 6 -0.310 0.654 1.667
74 7 -0.479 0.804 1.469
74 8 -0.534 0.837 1.418
74 9 0.108 0.576 1.990
74 10 0.315 0.615 1.975
74 11 0.454 0.749 1.894
74 12 0.482 0.751 1.882
74 13 -0.159 0.163 1.846
74 14 -0.241 -0.305 1.799
74 15 -0.347 -0.647 1.765
74 16 -0.303 -0.686 1.690
74 17 -0.013 0.149 1.898
74 18 0.048 -0.321 1.856
74 19 0.106 -0.670 1.865
74 20 0.157 -0.703 1.778
75 1 -0.081 0.231 1.881
75 2 -0.093 0.291 1.915
75 3 -0.054 0.609 1.915
75 4 0.021 0.719 1.828
75 5 -0.208 0.547 1.825
75 6 -0.333 0.627 1.650
75 7 -0.518 0.720 1.462
75 8 -0.577 0.747 1.407
75 9 0.108 0.579 1.987
75 10 0.311 0.555 1.978
75 11 0.434 0.697 1.893
75 12 0.459 0.727 1.864
75 13 -0.160 0.167 1.851
75 14 -0.242 -0.302 1.803
75 15 -0.350 -0.648 1.776
75 16 -0.307 -0.688 1.700
75 17 -0.014 0.154 1.901
75 18 0.050 -0.318 1.861
75 19 0.108 -0.671 1.881
75 20 0.157 -0.707 1.800
76 1 -0.078 0.222 1.888
76 2 -0.091 0.288 1.918
76 3 -0.053 0.612 1.915
76 4 0.018 0.726 1.826
76 5 -0.205 0.537 1.823
76 6 -0.354 0.573 1.638
76 7 -0.378 0.681 1.459
76 8 -0.356 0.723 1.410
76 9 0.114 0.550 1.981
76 10 0.311 0.480 1.969
76 11 0.402 0.648 1.884
76 12 0.414 0.697 1.846
76 13 -0.156 0.148 1.863
76 14 -0.241 -0.304 1.808
76 15 -0.352 -0.653 1.786
76 16 -0.311 -0.692 1.709
76 17 -0.009 0.143 1.908
76 18 0.051 -0.318 1.867
76 19 0.109 -0.675 1.898
76 20 0.154 -0.713 1.821
77 1 -0.073 0.186 1.893
77 2 -0.085 0.255 1.921
77 3 -0.054 0.603 1.910
77 4 0.010 0.729 1.831
77 5 -0.200 0.506 1.821
77 6 -0.368 0.499 1.624
77 7 -0.317 0.636 1.473
77 8 -0.300 0.682 1.428
77 9 0.117 0.507 1.970
77 10 0.306 0.399 1.941
77 11 0.337 0.626 1.851
77 12 0.319 0.686 1.817
77 13 -0.149 0.113 1.870
77 14 -0.235 -0.316 1.812
77 15 -0.352 -0.656 1.792
77 16 -0.332 -0.725 1.774
77 17 -0.002 0.110 1.913
77 18 0.052 -0.322 1.874
77 19 0.109 -0.679 1.908
77 20 0.152 -0.720 1.832
78 1 -0.070 0.150 1.894
78 2 -0.081 0.220 1.921
78 3 -0.060 0.575 1.905
78 4 -0.005 0.721 1.844
78 5 -0.198 0.462 1.823
78 6 -0.359 0.443 1.602
78 7 -0.213 0.582 1.502
78 8 -0.161 0.625 1.480
78 9 0.115 0.439 1.953
78 10 0.297 0.338 1.881
78 11 0.248 0.604 1.800
78 12 0.249 0.669 1.775
78 13 -0.145 0.077 1.871
78 14 -0.226 -0.330 1.815
78 15 -0.349 -0.659 1.796
78 16 -0.317 -0.716 1.747
78 17 0.003 0.074 1.913
78 18 0.053 -0.329 1.878
78 19 0.108 -0.685 1.913
78 20 0.147 -0.727 1.836
79 1 -0.069 0.137 1.895
79 2 -0.080 0.206 1.922
79 3 -0.073 0.543 1.904
79 4 -0.014 0.712 1.853
79 5 -0.200 0.442 1.825
79 6 -0.314 0.379 1.593
79 7 -0.132 0.528 1.529
79 8 -0.078 0.571 1.510
79 9 0.112 0.376 1.931
79 10 0.270 0.294 1.800
79 11 0.164 0.566 1.743
79 12 0.166 0.636 1.729
79 13 -0.146 0.064 1.871
79 14 -0.219 -0.338 1.817
79 15 -0.342 -0.662 1.798
79 16 -0.308 -0.714 1.734
79 17 0.005 0.060 1.913
79 18 0.055 -0.335 1.878
79 19 0.108 -0.686 1.877
79 20 0.118 -0.748 1.870
80 1 -0.069 0.123 1.896
80 2 -0.079 0.182 1.925
80 3 -0.069 0.491 1.916
80 4 -0.028 0.680 1.875
80 5 -0.196 0.394 1.837
80 6 -0.265 0.315 1.597
80 7 -0.077 0.477 1.548
80 8 -0.048 0.540 1.523
80 9 0.121 0.327 1.929
80 10 0.203 0.247 1.728
80 11 0.070 0.516 1.658
80 12 0.073 0.586 1.652
80 13 -0.150 0.049 1.871
80 14 -0.212 -0.344 1.819
80 15 -0.337 -0.663 1.797
80 16 -0.302 -0.709 1.720
80 17 0.009 0.042 1.913
80 18 0.056 -0.339 1.875
80 19 0.109 -0.684 1.852
80 20 0.106 -0.755 1.882
81 1 -0.082 0.070 1.892
81 2 -0.090 0.130 1.926
81 3 -0.083 0.457 1.924
81 4 -0.076 0.673 1.904
81 5 -0.229 0.376 1.870
81 6 -0.250 0.219 1.660
81 7 -0.081 0.337 1.595
81 8 -0.031 0.398 1.568
81 9 0.118 0.302 1.928
81 10 0.124 0.197 1.686
81 11 -0.046 0.420 1.566
81 12 -0.042 0.489 1.562
81 13 -0.172 -0.006 1.865
81 14 -0.211 -0.354 1.820
81 15 -0.333 -0.664 1.797
81 16 -0.301 -0.704 1.710
81 17 0.009 -0.014 1.903
81 18 0.059 -0.352 1.862
81 19 0.109 -0.682 1.841
81 20 0.100 -0.759 1.889
82 1 -0.086 0.041 1.888
82 2 -0.092 0.107 1.925
82 3 -0.088 0.445 1.924
82 4 -0.097 0.672 1.916
82 5 -0.247 0.366 1.888
82 6 -0.252 0.158 1.748
82 7 -0.067 0.306 1.624
82 8 -0.019 0.370 1.584
82 9 0.090 0.328 1.915
82 10 0.083 0.150 1.747
82 11 -0.066 0.284 1.609
82 12 -0.089 0.354 1.573
82 13 -0.177 -0.040 1.866
82 14 -0.218 -0.371 1.822
82 15 -0.332 -0.664 1.797
82 16 -0.311 -0.702 1.707
82 17 0.010 -0.041 1.894
82 18 0.058 -0.361 1.853
82 19 0.109 -0.682 1.835
82 20 0.108 -0.730 1.789
83 1 -0.087 0.034 1.885
83 2 -0.091 0.097 1.924
83 3 -0.091 0.439 1.924
83 4 -0.107 0.671 1.923
83 5 -0.264 0.371 1.919
83 6 -0.273 0.149 1.821
83 7 -0.052 0.245 1.677
83 8 -0.058 0.329 1.597
83 9 0.079 0.339 1.907
83 10 0.070 0.136 1.766
83 11 -0.119 0.273 1.623
83 12 -0.177 0.314 1.580
83 13 -0.170 -0.036 1.863
83 14 -0.230 -0.386 1.829
83 15 -0.340 -0.670 1.814
83 16 -0.338 -0.706 1.724
83 17 0.004 -0.037 1.880
83 18 0.057 -0.368 1.845
83 19 0.108 -0.681 1.831
83 20 0.099 -0.721 1.762
84 1 -0.088 0.050 1.879
84 2 -0.086 0.110 1.921
84 3 -0.092 0.443 1.923
84 4 -0.113 0.675 1.926
84 5 -0.280 0.398 1.961
84 6 -0.286 0.158 1.847
84 7 -0.060 0.240 1.690
84 8 -0.087 0.283 1.645
84 9 0.068 0.376 1.895
84 10 0.080 0.148 1.798
84 11 -0.064 0.231 1.662
84 12 -0.108 0.265 1.628
84 13 -0.166 -0.027 1.863
84 14 -0.240 -0.391 1.843
84 15 -0.347 -0.676 1.833
84 16 -0.364 -0.712 1.748
84 17 -0.005 -0.018 1.865
84 18 0.057 -0.372 1.841
84 19 0.105 -0.681 1.835
84 20 0.093 -0.716 1.747
85 1 -0.089 0.074 1.875
85 2 -0.082 0.132 1.919
85 3 -0.092 0.462 1.922
85 4 -0.120 0.683 1.926
85 5 -0.280 0.419 1.979
85 6 -0.335 0.197 1.901
85 7 -0.099 0.235 1.738
85 8 -0.076 0.285 1.652
85 9 0.063 0.408 1.886
85 10 0.097 0.168 1.813
85 11 -0.051 0.224 1.674
85 12 -0.100 0.283 1.636
85 13 -0.162 -0.000 1.868
85 14 -0.247 -0.387 1.860
85 15 -0.350 -0.679 1.846
85 16 -0.375 -0.715 1.761
85 17 -0.015 0.010 1.854
85 18 0.055 -0.373 1.837
85 19 0.102 -0.681 1.840
85 20 0.088 -0.713 1.741
86 1 -0.091 0.103 1.876
86 2 -0.080 0.169 1.921
86 3 -0.092 0.527 1.927
86 4 -0.129 0.713 1.916
86 5 -0.280 0.432 1.991
86 6 -0.375 0.236 1.984
86 7 -0.326 0.341 1.738
86 8 -0.341 0.369 1.697
86 9 0.060 0.447 1.875
86 10 0.145 0.215 1.806
86 11 0.000 0.270 1.672
86 12 -0.029 0.303 1.661
86 13 -0.162 0.025 1.874
86 14 -0.250 -0.380 1.871
86 15 -0.350 -0.681 1.855
86 16 -0.380 -0.717 1.770
86 17 -0.021 0.034 1.849
86 18 0.052 -0.369 1.833
86 19 0.100 -0.681 1.845
86 20 0.081 -0.712 1.743
87 1 -0.093 0.117 1.877
87 2 -0.078 0.187 1.922
87 3 -0.092 0.568 1.930
87 4 -0.137 0.725 1.912
87 5 -0.283 0.442 2.006
87 6 -0.426 0.301 2.059
87 7 -0.414 0.393 1.836
87 8 -0.411 0.426 1.784
87 9 0.057 0.460 1.871
87 10 0.179 0.271 1.768
87 11 0.038 0.364 1.654
87 12 0.007 0.381 1.665
87 13 -0.163 0.039 1.881
87 14 -0.252 -0.376 1.876
87 15 -0.346 -0.684 1.863
87 16 -0.380 -0.720 1.779
87 17 -0.024 0.046 1.848
87 18 0.049 -0.364 1.828
87 19 0.099 -0.680 1.848
87 20 0.073 -0.712 1.750
88 1 -0.099 0.144 1.885
88 2 -0.078 0.207 1.925
88 3 -0.092 0.583 1.931
88 4 -0.143 0.731 1.911
88 5 -0.286 0.451 2.020
88 6 -0.467 0.378 2.109
88 7 -0.508 0.503 1.917
88 8 -0.474 0.550 1.860
88 9 0.030 0.455 1.855
88 10 0.198 0.354 1.705
88 11 0.063 0.471 1.641
88 12 0.007 0.531 1.659
88 13 -0.174 0.071 1.909
88 14 -0.251 -0.367 1.879
88 15 -0.337 -0.686 1.869
88 16 -0.378 -0.722 1.786
88 17 -0.031 0.071 1.847
88 18 0.044 -0.356 1.824
88 19 0.099 -0.680 1.850
88 20 0.065 -0.712 1.757
89 1 -0.102 0.165 1.892
89 2 -0.078 0.223 1.929
89 3 -0.092 0.592 1.931
89 4 -0.147 0.735 1.910
89 5 -0.287 0.455 2.028
89 6 -0.482 0.462 2.121
89 7 -0.507 0.611 1.959
89 8 -0.481 0.664 1.901
89 9 0.021 0.450 1.847
89 10 0.194 0.447 1.648
89 11 0.065 0.591 1.642
89 12 0.011 0.645 1.677
89 13 -0.180 0.090 1.924
89 14 -0.248 -0.356 1.878
89 15 -0.322 -0.684 1.867
89 16 -0.369 -0.721 1.788
89 17 -0.033 0.087 1.848
89 18 0.039 -0.348 1.821
89 19 0.098 -0.680 1.850
89 20 0.061 -0.712 1.758
90 1 -0.104 0.174 1.895
90 2 -0.077 0.231 1.931
90 3 -0.090 0.594 1.932
90 4 -0.149 0.737 1.910
90 5 -0.310 0.451 2.081
90 6 -0.507 0.555 2.150
90 7 -0.508 0.698 1.987
90 8 -0.495 0.726 1.946
90 9 0.021 0.434 1.838
90 10 0.177 0.517 1.623
90 11 0.051 0.673 1.607
90 12 0.000 0.750 1.647
90 13 -0.185 0.098 1.931
90 14 -0.245 -0.350 1.877
90 15 -0.311 -0.680 1.861
90 16 -0.364 -0.719 1.787
90 17 -0.033 0.094 1.849
90 18 0.034 -0.343 1.820
90 19 0.090 -0.675 1.834
90 20 0.046 -0.711 1.753
91 1 -0.108 0.180 1.900
91 2 -0.079 0.236 1.935
91 3 -0.103 0.553 1.934
91 4 -0.167 0.705 1.923
91 5 -0.329 0.497 2.123
91 6 -0.508 0.651 2.134
91 7 -0.522 0.804 1.986
91 8 -0.543 0.857 1.967
91 9 0.022 0.424 1.834
91 10 0.146 0.570 1.623
91 11 0.031 0.753 1.568
91 12 -0.023 0.810 1.567
91 13 -0.196 0.099 1.941
91 14 -0.244 -0.347 1.876
91 15 -0.304 -0.672 1.848
91 16 -0.324 -0.729 1.839
91 17 -0.034 0.097 1.851
91 18 0.026 -0.341 1.818
91 19 0.081 -0.673 1.822
91 20 0.037 -0.710 1.750
92 1 -0.114 0.217 1.919
92 2 -0.080 0.271 1.950
92 3 -0.079 0.575 1.943
92 4 -0.173 0.704 1.926
92 5 -0.306 0.577 2.150
92 6 -0.476 0.706 2.090
92 7 -0.537 0.930 1.998
92 8 -0.538 0.979 1.962
92 9 0.022 0.423 1.830
92 10 0.101 0.624 1.634
92 11 0.096 0.809 1.509
92 12 0.100 0.854 1.470
92 13 -0.209 0.143 1.951
92 14 -0.239 -0.314 1.877
92 15 -0.302 -0.669 1.844
92 16 -0.298 -0.739 1.875
92 17 -0.043 0.124 1.876
92 18 0.013 -0.332 1.818
92 19 0.075 -0.674 1.816
92 20 0.029 -0.711 1.748
93 1 -0.117 0.233 1.926
93 2 -0.081 0.287 1.956
93 3 -0.078 0.570 1.941
93 4 -0.176 0.702 1.929
93 5 -0.305 0.594 2.158
93 6 -0.448 0.750 2.064
93 7 -0.562 0.970 2.006
93 8 -0.611 1.025 1.992
93 9 0.026 0.453 1.836
93 10 0.073 0.667 1.641
93 11 0.110 0.839 1.485
93 12 0.126 0.896 1.424
93 13 -0.213 0.159 1.957
93 14 -0.238 -0.302 1.878
93 15 -0.300 -0.673 1.852
93 16 -0.333 -0.729 1.835
93 17 -0.045 0.139 1.882
93 18 0.004 -0.324 1.817
93 19 0.071 -0.672 1.817
93 20 0.023 -0.710 1.750
94 1 -0.118 0.242 1.930
94 2 -0.083 0.296 1.958
94 3 -0.091 0.580 1.937
94 4 -0.184 0.714 1.932
94 5 -0.311 0.612 2.157
94 6 -0.454 0.779 2.050
94 7 -0.602 0.991 2.002
94 8 -0.669 1.044 1.994
94 9 0.016 0.486 1.843
94 10 0.015 0.673 1.670
94 11 0.070 0.859 1.469
94 12 0.072 0.902 1.408
94 13 -0.215 0.168 1.960
94 14 -0.237 -0.295 1.881
94 15 -0.290 -0.662 1.883
94 16 -0.329 -0.714 1.844
94 17 -0.045 0.149 1.886
94 18 -0.002 -0.316 1.817
94 19 0.069 -0.664 1.825
94 20 0.019 -0.707 1.754
95 1 -0.116 0.268 1.923
95 2 -0.088 0.331 1.949
95 3 -0.106 0.629 1.932
95 4 -0.211 0.758 1.936
95 5 -0.320 0.650 2.144
95 6 -0.483 0.779 2.092
95 7 -0.438 0.864 1.998
95 8 -0.501 0.933 1.975
95 9 0.013 0.504 1.845
95 10 0.015 0.658 1.670
95 11 0.067 0.849 1.448
95 12 0.088 0.893 1.373
95 13 -0.211 0.183 1.951
95 14 -0.233 -0.282 1.893
95 15 -0.280 -0.644 1.904
95 16 -0.330 -0.689 1.841
95 17 -0.035 0.179 1.883
95 18 -0.007 -0.288 1.818
95 19 0.072 -0.634 1.841
95 20 0.021 -0.677 1.771
96 1 -0.115 0.279 1.919
96 2 -0.089 0.344 1.946
96 3 -0.117 0.662 1.933
96 4 -0.225 0.784 1.941
96 5 -0.326 0.671 2.138
96 6 -0.487 0.798 2.091
96 7 -0.602 0.948 2.049
96 8 -0.659 0.996 2.042
96 9 -0.005 0.538 1.838
96 10 0.037 0.637 1.653
96 11 0.125 0.774 1.414
96 12 0.158 0.803 1.341
96 13 -0.203 0.192 1.935
96 14 -0.227 -0.274 1.906
96 15 -0.275 -0.636 1.913
96 16 -0.331 -0.677 1.841
96 17 -0.031 0.191 1.882
96 18 -0.008 -0.275 1.818
96 19 0.078 -0.618 1.851
96 20 0.024 -0.660 1.784
97 1 -0.116 0.285 1.915
97 2 -0.092 0.350 1.943
97 3 -0.134 0.678 1.935
97 4 -0.241 0.802 1.945
97 5 -0.338 0.684 2.133
97 6 -0.477 0.835 2.116
97 7 -0.610 1.015 2.128
97 8 -0.662 1.069 2.137
97 9 -0.012 0.550 1.836
97 10 0.047 0.622 1.647
97 11 0.173 0.709 1.398
97 12 0.211 0.730 1.329
97 13 -0.201 0.194 1.921
97 14 -0.223 -0.271 1.915
97 15 -0.272 -0.632 1.918
97 16 -0.331 -0.671 1.841
97 17 -0.029 0.198 1.881
97 18 -0.008 -0.269 1.818
97 19 0.082 -0.611 1.857
97 20 0.028 -0.652 1.790
98 1 -0.117 0.284 1.910
98 2 -0.095 0.351 1.939
98 3 -0.145 0.686 1.936
98 4 -0.254 0.815 1.946
98 5 -0.348 0.692 2.129
98 6 -0.382 0.765 2.256
98 7 -0.399 0.743 2.099
98 8 -0.405 0.786 2.065
98 9 -0.017 0.557 1.833
98 10 0.066 0.601 1.637
98 11 0.200 0.669 1.392
98 12 0.242 0.682 1.326
98 13 -0.201 0.191 1.908
98 14 -0.220 -0.271 1.920
98 15 -0.263 -0.632 1.926
98 16 -0.322 -0.670 1.848
98 17 -0.027 0.201 1.880
98 18 -0.007 -0.265 1.818
98 19 0.086 -0.606 1.859
98 20 0.029 -0.647 1.793
99 1 -0.120 0.277 1.901
99 2 -0.099 0.346 1.933
99 3 -0.152 0.690 1.935
99 4 -0.260 0.822 1.945
99 5 -0.357 0.695 2.124
99 6 -0.349 0.675 2.293
99 7 -0.356 0.672 2.111
99 8 -0.358 0.721 2.076
99 9 -0.023 0.559 1.828
99 10 0.074 0.592 1.632
99 11 0.215 0.650 1.390
99 12 0.259 0.661 1.327
99 13 -0.201 0.186 1.898
99 14 -0.218 -0.273 1.924
99 15 -0.247 -0.636 1.935
99 16 -0.303 -0.675 1.860
99 17 -0.027 0.198 1.877
99 18 -0.004 -0.265 1.817
99 19 0.091 -0.607 1.860
99 20 0.032 -0.646 1.795
100 1 -0.122 0.268 1.894
100 2 -0.101 0.338 1.928
100 3 -0.158 0.688 1.933
100 4 -0.266 0.824 1.942
100 5 -0.363 0.695 2.119
100 6 -0.329 0.634 2.313
100 7 -0.328 0.684 2.113
100 8 -0.326 0.734 2.070
100 9 -0.031 0.553 1.820
100 10 0.078 0.587 1.629
100 11 0.224 0.640 1.391
100 12 0.269 0.650 1.332
100 13 -0.202 0.181 1.892
100 14 -0.216 -0.278 1.927
100 15 -0.229 -0.642 1.943
100 16 -0.283 -0.682 1.871
100 17 -0.028 0.191 1.872
100 18 -0.001 -0.269 1.816
100 19 0.096 -0.611 1.857
100 20 0.036 -0.647 1.794
101 1 -0.123 0.264 1.890
101 2 -0.103 0.332 1.924
101 3 -0.151 0.665 1.923
101 4 -0.267 0.817 1.938
101 5 -0.365 0.684 2.111
101 6 -0.335 0.631 2.301
101 7 -0.397 0.803 2.159
101 8 -0.374 0.822 2.111
101 9 -0.035 0.545 1.811
101 10 0.068 0.589 1.620
101 11 0.190 0.659 1.389
101 12 0.221 0.682 1.332
101 13 -0.202 0.179 1.890
101 14 -0.215 -0.280 1.927
101 15 -0.219 -0.644 1.946
101 16 -0.274 -0.684 1.876
101 17 -0.029 0.187 1.866
101 18 -0.000 -0.271 1.815
101 19 0.097 -0.619 1.842
101 20 0.037 -0.651 1.786
102 1 -0.124 0.261 1.888
102 2 -0.103 0.328 1.922
102 3 -0.147 0.655 1.916
102 4 -0.265 0.811 1.934
102 5 -0.365 0.676 2.104
102 6 -0.395 0.760 2.221
102 7 -0.403 0.894 2.116
102 8 -0.402 0.944 2.068
102 9 -0.035 0.532 1.803
102 10 0.048 0.623 1.606
102 11 0.119 0.740 1.412
102 12 0.138 0.778 1.359
102 13 -0.201 0.177 1.889
102 14 -0.213 -0.283 1.925
102 15 -0.214 -0.645 1.947
102 16 -0.269 -0.685 1.878
102 17 -0.031 0.182 1.860
102 18 -0.003 -0.275 1.813
102 19 0.095 -0.667 1.820
102 20 0.038 -0.699 1.762
103 1 -0.124 0.254 1.885
103 2 -0.104 0.317 1.918
103 3 -0.140 0.631 1.907
103 4 -0.260 0.789 1.925
103 5 -0.361 0.655 2.094
103 6 -0.407 0.769 2.177
103 7 -0.467 0.960 2.111
103 8 -0.464 1.007 2.063
103 9 -0.029 0.506 1.803
103 10 0.004 0.642 1.631
103 11 0.021 0.815 1.459
103 12 0.025 0.868 1.412
103 13 -0.201 0.172 1.890
103 14 -0.213 -0.289 1.920
103 15 -0.226 -0.675 1.920
103 16 -0.225 -0.734 1.910
103 17 -0.038 0.165 1.852
103 18 -0.014 -0.295 1.809
103 19 0.082 -0.700 1.800
103 20 0.031 -0.725 1.746
104 1 -0.125 0.249 1.883
104 2 -0.105 0.308 1.916
104 3 -0.132 0.593 1.907
104 4 -0.246 0.761 1.922
104 5 -0.355 0.621 2.091
104 6 -0.431 0.787 2.119
104 7 -0.544 0.997 2.099
104 8 -0.545 1.045 2.053
104 9 -0.029 0.460 1.816
104 10 -0.028 0.632 1.658
104 11 -0.036 0.833 1.501
104 12 -0.043 0.894 1.461
104 13 -0.205 0.160 1.907
104 14 -0.214 -0.299 1.912
104 15 -0.234 -0.691 1.905
104 16 -0.199 -0.766 1.930
104 17 -0.044 0.151 1.843
104 18 -0.022 -0.309 1.805
104 19 0.077 -0.712 1.794
104 20 0.028 -0.737 1.737
105 1 -0.125 0.244 1.883
105 2 -0.104 0.300 1.916
105 3 -0.126 0.575 1.909
105 4 -0.234 0.743 1.921
105 5 -0.350 0.600 2.090
105 6 -0.485 0.804 2.077
105 7 -0.624 1.023 2.092
105 8 -0.628 1.071 2.049
105 9 -0.029 0.440 1.820
105 10 -0.026 0.595 1.639
105 11 -0.019 0.753 1.459
105 12 -0.011 0.793 1.401
105 13 -0.206 0.154 1.916
105 14 -0.215 -0.305 1.906
105 15 -0.235 -0.698 1.899
105 16 -0.186 -0.777 1.936
105 17 -0.047 0.144 1.839
105 18 -0.026 -0.317 1.801
105 19 0.075 -0.719 1.789
105 20 0.027 -0.745 1.732
106 1 -0.125 0.241 1.883
106 2 -0.103 0.296 1.916
106 3 -0.119 0.585 1.912
106 4 -0.226 0.741 1.921
106 5 -0.346 0.595 2.090
106 6 -0.484 0.751 2.145
106 7 -0.433 0.818 1.994
106 8 -0.481 0.894 1.966
106 9 -0.029 0.431 1.821
106 10 0.001 0.549 1.611
106 11 0.036 0.664 1.416
106 12 0.056 0.692 1.352
106 13 -0.206 0.151 1.921
106 14 -0.216 -0.309 1.901
106 15 -0.235 -0.703 1.896
106 16 -0.178 -0.784 1.940
106 17 -0.048 0.140 1.836
106 18 -0.027 -0.321 1.794
106 19 0.074 -0.709 1.786
106 20 0.025 -0.747 1.727
107 1 -0.125 0.240 1.883
107 2 -0.102 0.293 1.916
107 3 -0.115 0.596 1.915
107 4 -0.219 0.743 1.922
107 5 -0.342 0.595 2.091
107 6 -0.495 0.746 2.147
107 7 -0.397 0.793 1.994
107 8 -0.405 0.832 1.948
107 9 -0.029 0.430 1.818
107 10 0.037 0.518 1.582
107 11 -0.023 0.633 1.417
107 12 -0.048 0.668 1.366
107 13 -0.207 0.149 1.924
107 14 -0.218 -0.311 1.896
107 15 -0.234 -0.705 1.893
107 16 -0.254 -0.750 1.860
107 17 -0.049 0.139 1.834
107 18 -0.026 -0.320 1.786
107 19 0.076 -0.699 1.784
107 20 0.024 -0.745 1.724
108 1 -0.125 0.238 1.883
108 2 -0.101 0.292 1.917
108 3 -0.116 0.607 1.919
108 4 -0.215 0.752 1.923
108 5 -0.340 0.598 2.094
108 6 -0.484 0.744 2.174
108 7 -0.345 0.735 1.981
108 8 -0.360 0.775 1.935
108 9 -0.033 0.456 1.808
108 10 0.076 0.507 1.567
108 11 -0.024 0.625 1.418
108 12 -0.053 0.668 1.372
108 13 -0.207 0.147 1.919
108 14 -0.224 -0.313 1.887
108 15 -0.233 -0.706 1.892
108 16 -0.272 -0.744 1.839
108 17 -0.050 0.138 1.833
108 18 -0.023 -0.318 1.778
108 19 0.079 -0.687 1.783
108 20 0.024 -0.740 1.721
109 1 -0.126 0.237 1.883
109 2 -0.101 0.290 1.916
109 3 -0.122 0.620 1.923
109 4 -0.215 0.763 1.921
109 5 -0.341 0.607 2.097
109 6 -0.469 0.750 2.193
109 7 -0.316 0.780 2.003
109 8 -0.332 0.820 1.955
109 9 -0.035 0.476 1.803
109 10 0.109 0.522 1.565
109 11 0.133 0.595 1.410
109 12 0.171 0.621 1.357
109 13 -0.209 0.146 1.908
109 14 -0.233 -0.315 1.871
109 15 -0.230 -0.692 1.889
109 16 -0.296 -0.716 1.811
109 17 -0.051 0.139 1.833
109 18 -0.018 -0.315 1.770
109 19 0.084 -0.663 1.784
109 20 0.027 -0.708 1.720
110 1 -0.126 0.236 1.882
110 2 -0.101 0.290 1.916
110 3 -0.128 0.634 1.922
110 4 -0.220 0.778 1.915
110 5 -0.344 0.619 2.099
110 6 -0.439 0.796 2.164
110 7 -0.468 0.992 2.150
110 8 -0.498 1.057 2.162
110 9 -0.036 0.495 1.801
110 10 0.128 0.546 1.573
110 11 0.219 0.591 1.412
110 12 0.254 0.608 1.358
110 13 -0.209 0.145 1.899
110 14 -0.239 -0.315 1.858
110 15 -0.237 -0.679 1.880
110 16 -0.312 -0.704 1.794
110 17 -0.051 0.141 1.835
110 18 -0.013 -0.311 1.764
110 19 0.087 -0.651 1.783
110 20 0.031 -0.692 1.717
111 1 -0.127 0.235 1.882
111 2 -0.101 0.291 1.915
111 3 -0.132 0.646 1.915
111 4 -0.226 0.789 1.905
111 5 -0.346 0.633 2.095
111 6 -0.426 0.817 2.150
111 7 -0.484 1.029 2.192
111 8 -0.513 1.090 2.215
111 9 -0.036 0.505 1.799
111 10 0.132 0.574 1.593
111 11 0.273 0.612 1.424
111 12 0.328 0.632 1.373
111 13 -0.210 0.146 1.892
111 14 -0.242 -0.315 1.850
111 15 -0.258 -0.666 1.861
111 16 -0.328 -0.696 1.778
111 17 -0.052 0.143 1.836
111 18 -0.008 -0.308 1.760
111 19 0.090 -0.645 1.781
111 20 0.034 -0.686 1.713
112 1 -0.127 0.236 1.880
112 2 -0.102 0.295 1.912
112 3 -0.131 0.656 1.903
112 4 -0.228 0.795 1.897
112 5 -0.345 0.644 2.088
112 6 -0.419 0.834 2.121
112 7 -0.540 1.087 2.198
112 8 -0.574 1.148 2.222
112 9 -0.031 0.516 1.798
112 10 0.124 0.599 1.619
112 11 0.299 0.650 1.436
112 12 0.355 0.677 1.387
112 13 -0.210 0.150 1.884
112 14 -0.244 -0.312 1.844
112 15 -0.279 -0.655 1.843
112 16 -0.342 -0.690 1.766
112 17 -0.052 0.147 1.838
112 18 -0.005 -0.305 1.758
112 19 0.092 -0.641 1.775
112 20 0.035 -0.682 1.709
113 1 -0.126 0.245 1.875
113 2 -0.099 0.308 1.904
113 3 -0.100 0.666 1.880
113 4 -0.216 0.800 1.882
113 5 -0.325 0.659 2.073
113 6 -0.414 0.835 2.073
113 7 -0.592 1.063 2.140
113 8 -0.635 1.113 2.155
113 9 -0.008 0.526 1.790
113 10 0.113 0.633 1.632
113 11 0.278 0.736 1.444
113 12 0.315 0.778 1.395
113 13 -0.211 0.174 1.884
113 14 -0.241 -0.286 1.839
113 15 -0.303 -0.627 1.823
113 16 -0.360 -0.667 1.750
113 17 -0.051 0.156 1.838
113 18 -0.003 -0.297 1.757
113 19 0.090 -0.638 1.756
113 20 0.035 -0.678 1.698
114 1 -0.125 0.251 1.872
114 2 -0.098 0.316 1.899
114 3 -0.087 0.667 1.866
114 4 -0.207 0.801 1.870
114 5 -0.315 0.665 2.061
114 6 -0.438 0.831 1.984
114 7 -0.629 1.005 1.960
114 8 -0.677 1.049 1.945
114 9 0.005 0.529 1.785
114 10 0.111 0.657 1.630
114 11 0.237 0.806 1.451
114 12 0.277 0.849 1.404
114 13 -0.213 0.183 1.881
114 14 -0.240 -0.277 1.836
114 15 -0.318 -0.638 1.801
114 16 -0.371 -0.678 1.732
114 17 -0.050 0.161 1.841
114 18 -0.002 -0.294 1.757
114 19 0.080 -0.636 1.730
114 20 0.030 -0.675 1.680
115 1 -0.125 0.253 1.870
115 2 -0.098 0.318 1.896
115 3 -0.077 0.626 1.851
115 4 -0.195 0.770 1.848
115 5 -0.307 0.619 1.997
115 6 -0.444 0.772 1.917
115 7 -0.651 0.963 1.896
115 8 -0.705 1.015 1.892
115 9 0.020 0.505 1.780
115 10 0.089 0.643 1.636
115 11 0.176 0.833 1.464
115 12 0.201 0.886 1.420
115 13 -0.216 0.186 1.882
115 14 -0.239 -0.274 1.832
115 15 -0.326 -0.643 1.776
115 16 -0.337 -0.713 1.778
115 17 -0.049 0.163 1.841
115 18 -0.001 -0.292 1.756
115 19 0.070 -0.634 1.712
115 20 0.027 -0.673 1.659
116 1 -0.126 0.222 1.869
116 2 -0.102 0.282 1.896
116 3 -0.071 0.574 1.865
116 4 -0.175 0.719 1.836
116 5 -0.305 0.555 1.959
116 6 -0.464 0.672 1.885
116 7 -0.512 0.874 1.806
116 8 -0.494 0.931 1.788
116 9 0.034 0.461 1.779
116 10 0.098 0.569 1.617
116 11 0.188 0.722 1.421
116 12 0.215 0.755 1.366
116 13 -0.222 0.147 1.894
116 14 -0.235 -0.306 1.815
116 15 -0.328 -0.645 1.762
116 16 -0.323 -0.725 1.788
116 17 -0.051 0.132 1.831
116 18 -0.003 -0.299 1.756
116 19 0.066 -0.633 1.704
116 20 0.026 -0.672 1.645
117 1 -0.132 0.154 1.865
117 2 -0.112 0.213 1.896
117 3 -0.084 0.516 1.888
117 4 -0.131 0.675 1.848
117 5 -0.308 0.481 1.946
117 6 -0.481 0.581 1.866
117 7 -0.497 0.765 1.773
117 8 -0.489 0.826 1.714
117 9 0.040 0.399 1.796
117 10 0.122 0.499 1.604
117 11 0.100 0.673 1.452
117 12 0.090 0.726 1.409
117 13 -0.226 0.076 1.889
117 14 -0.235 -0.338 1.799
117 15 -0.328 -0.646 1.754
117 16 -0.315 -0.731 1.797
117 17 -0.058 0.065 1.825
117 18 -0.005 -0.314 1.754
117 19 0.065 -0.633 1.700
117 20 0.026 -0.671 1.638
118 1 -0.134 0.117 1.862
118 2 -0.117 0.176 1.896
118 3 -0.089 0.495 1.897
118 4 -0.115 0.660 1.851
118 5 -0.310 0.447 1.943
118 6 -0.502 0.508 1.877
118 7 -0.441 0.637 1.704
118 8 -0.408 0.661 1.669
118 9 0.043 0.369 1.809
118 10 0.168 0.397 1.617
118 11 0.080 0.569 1.512
118 12 0.050 0.621 1.503
118 13 -0.225 0.036 1.882
118 14 -0.235 -0.349 1.793
118 15 -0.323 -0.652 1.757
118 16 -0.327 -0.713 1.736
118 17 -0.060 0.029 1.822
118 18 -0.003 -0.324 1.753
118 19 0.086 -0.642 1.723
118 20 0.040 -0.675 1.641
119 1 -0.135 0.105 1.861
119 2 -0.118 0.164 1.896
119 3 -0.095 0.497 1.902
119 4 -0.100 0.660 1.853
119 5 -0.311 0.443 1.945
119 6 -0.506 0.494 1.878
119 7 -0.387 0.526 1.679
119 8 -0.351 0.560 1.638
119 9 0.051 0.362 1.822
119 10 0.203 0.349 1.646
119 11 0.071 0.514 1.566
119 12 0.033 0.570 1.548
119 13 -0.225 0.026 1.877
119 14 -0.236 -0.355 1.789
119 15 -0.319 -0.657 1.766
119 16 -0.331 -0.705 1.710
119 17 -0.060 0.017 1.821
119 18 0.002 -0.333 1.755
119 19 0.101 -0.647 1.742
119 20 0.068 -0.682 1.656
120 1 -0.133 0.109 1.860
120 2 -0.120 0.171 1.899
120 3 -0.103 0.514 1.903
120 4 -0.086 0.677 1.851
120 5 -0.292 0.465 1.922
120 6 -0.503 0.490 1.878
120 7 -0.355 0.466 1.671
120 8 -0.305 0.477 1.600
120 9 0.066 0.389 1.847
120 10 0.232 0.348 1.698
120 11 0.119 0.498 1.592
120 12 0.074 0.557 1.548
120 13 -0.220 0.035 1.871
120 14 -0.240 -0.352 1.789
120 15 -0.318 -0.662 1.777
120 16 -0.332 -0.703 1.699
120 17 -0.057 0.024 1.828
120 18 0.010 -0.338 1.762
120 19 0.109 -0.649 1.755
120 20 0.091 -0.685 1.668
121 1 -0.131 0.120 1.861
121 2 -0.121 0.184 1.901
121 3 -0.107 0.540 1.899
121 4 -0.076 0.697 1.846
121 5 -0.281 0.479 1.905
121 6 -0.504 0.512 1.865
121 7 -0.352 0.493 1.662
121 8 -0.306 0.488 1.599
121 9 0.075 0.411 1.862
121 10 0.260 0.334 1.758
121 11 0.192 0.477 1.614
121 12 0.148 0.518 1.562
121 13 -0.217 0.048 1.866
121 14 -0.245 -0.345 1.791
121 15 -0.320 -0.665 1.785
121 16 -0.333 -0.701 1.693
121 17 -0.054 0.037 1.838
121 18 0.018 -0.340 1.771
121 19 0.114 -0.650 1.766
121 20 0.103 -0.687 1.677
122 1 -0.129 0.134 1.863
122 2 -0.122 0.200 1.904
122 3 -0.109 0.557 1.896
122 4 -0.069 0.711 1.842
122 5 -0.274 0.492 1.894
122 6 -0.499 0.559 1.845
122 7 -0.353 0.563 1.637
122 8 -0.325 0.596 1.587
122 9 0.080 0.430 1.875
122 10 0.276 0.349 1.810
122 11 0.264 0.481 1.616
122 12 0.237 0.520 1.546
122 13 -0.214 0.063 1.864
122 14 -0.248 -0.340 1.793
122 15 -0.322 -0.667 1.790
122 16 -0.334 -0.700 1.689
122 17 -0.052 0.054 1.850
122 18 0.023 -0.341 1.781
122 19 0.116 -0.651 1.776
122 20 0.111 -0.688 1.686
123 1 -0.128 0.144 1.866
123 2 -0.123 0.210 1.906
123 3 -0.109 0.567 1.894
123 4 -0.064 0.720 1.840
123 5 -0.269 0.498 1.886
123 6 -0.491 0.600 1.835
123 7 -0.417 0.651 1.639
123 8 -0.378 0.623 1.618
123 9 0.083 0.442 1.883
123 10 0.297 0.405 1.814
123 11 0.346 0.496 1.610
123 12 0.341 0.532 1.520
123 13 -0.212 0.073 1.864
123 14 -0.251 -0.338 1.794
123 15 -0.328 -0.668 1.794
123 16 -0.336 -0.700 1.689
123 17 -0.050 0.065 1.860
123 18 0.026 -0.341 1.790
123 19 0.114 -0.653 1.787
123 20 0.114 -0.691 1.697
124 1 -0.126 0.150 1.868
124 2 -0.123 0.217 1.908
124 3 -0.109 0.572 1.892
124 4 -0.060 0.725 1.840
124 5 -0.266 0.502 1.880
124 6 -0.476 0.645 1.812
124 7 -0.417 0.694 1.611
124 8 -0.392 0.690 1.567
124 9 0.085 0.448 1.889
124 10 0.307 0.461 1.803
124 11 0.429 0.524 1.603
124 12 0.458 0.546 1.508
124 13 -0.210 0.079 1.864
124 14 -0.252 -0.337 1.794
124 15 -0.332 -0.668 1.796
124 16 -0.338 -0.700 1.690
124 17 -0.049 0.070 1.868
124 18 0.028 -0.342 1.799
124 19 0.111 -0.655 1.796
124 20 0.114 -0.693 1.706
125 1 -0.125 0.153 1.871
125 2 -0.124 0.219 1.908
125 3 -0.107 0.568 1.888
125 4 -0.059 0.726 1.844
125 5 -0.264 0.502 1.876
125 6 -0.439 0.659 1.778
125 7 -0.399 0.729 1.594
125 8 -0.371 0.739 1.541
125 9 0.087 0.452 1.893
125 10 0.311 0.500 1.794
125 11 0.468 0.553 1.619
125 12 0.516 0.571 1.542
125 13 -0.209 0.082 1.864
125 14 -0.252 -0.338 1.795
125 15 -0.334 -0.666 1.795
125 16 -0.338 -0.699 1.689
125 17 -0.047 0.071 1.877
125 18 0.029 -0.347 1.807
125 19 0.108 -0.657 1.801
125 20 0.114 -0.696 1.711
126 1 -0.123 0.146 1.877
126 2 -0.123 0.212 1.911
126 3 -0.099 0.534 1.881
126 4 -0.062 0.710 1.860
126 5 -0.255 0.469 1.856
126 6 -0.386 0.652 1.736
126 7 -0.341 0.733 1.557
126 8 -0.316 0.753 1.499
126 9 0.089 0.449 1.899
126 10 0.314 0.515 1.795
126 11 0.458 0.572 1.645
126 12 0.504 0.607 1.582
126 13 -0.207 0.078 1.867
126 14 -0.251 -0.341 1.797
126 15 -0.333 -0.662 1.791
126 16 -0.331 -0.697 1.689
126 17 -0.045 0.057 1.892
126 18 0.029 -0.353 1.813
126 19 0.106 -0.657 1.801
126 20 0.100 -0.717 1.777
127 1 -0.118 0.128 1.886
127 2 -0.122 0.194 1.915
127 3 -0.098 0.508 1.884
127 4 -0.063 0.698 1.871
127 5 -0.249 0.444 1.845
127 6 -0.364 0.616 1.705
127 7 -0.286 0.718 1.549
127 8 -0.251 0.746 1.496
127 9 0.095 0.420 1.923
127 10 0.310 0.476 1.842
127 11 0.411 0.589 1.710
127 12 0.426 0.635 1.659
127 13 -0.202 0.059 1.869
127 14 -0.249 -0.345 1.798
127 15 -0.330 -0.658 1.785
127 16 -0.318 -0.694 1.688
127 17 -0.040 0.034 1.905
127 18 0.030 -0.358 1.816
127 19 0.105 -0.655 1.799
127 20 0.092 -0.729 1.814
128 1 -0.115 0.117 1.890
128 2 -0.121 0.183 1.916
128 3 -0.097 0.497 1.887
128 4 -0.062 0.691 1.878
128 5 -0.247 0.434 1.840
128 6 -0.364 0.581 1.688
128 7 -0.294 0.696 1.527
128 8 -0.270 0.725 1.470
128 9 0.099 0.399 1.948
128 10 0.304 0.445 1.897
128 11 0.367 0.603 1.776
128 12 0.356 0.650 1.740
128 13 -0.197 0.046 1.869
128 14 -0.246 -0.349 1.798
128 15 -0.329 -0.656 1.782
128 16 -0.308 -0.692 1.689
128 17 -0.038 0.023 1.911
128 18 0.030 -0.362 1.819
128 19 0.104 -0.655 1.799
128 20 0.089 -0.734 1.830
129 1 -0.112 0.114 1.892
129 2 -0.119 0.180 1.917
129 3 -0.094 0.493 1.891
129 4 -0.059 0.688 1.882
129 5 -0.245 0.429 1.837
129 6 -0.377 0.553 1.683
129 7 -0.285 0.703 1.549
129 8 -0.254 0.755 1.520
129 9 0.110 0.403 1.989
129 10 0.307 0.419 1.959
129 11 0.290 0.611 1.859
129 12 0.265 0.662 1.828
129 13 -0.191 0.042 1.865
129 14 -0.244 -0.352 1.798
129 15 -0.336 -0.659 1.791
129 16 -0.306 -0.699 1.710
129 17 -0.035 0.019 1.915
129 18 0.031 -0.366 1.826
129 19 0.104 -0.666 1.824
129 20 0.122 -0.724 1.795
130 1 -0.098 0.148 1.890
130 2 -0.108 0.211 1.916
130 3 -0.081 0.526 1.907
130 4 -0.045 0.696 1.881
130 5 -0.243 0.435 1.837
130 6 -0.386 0.546 1.683
130 7 -0.254 0.691 1.619
130 8 -0.209 0.743 1.603
130 9 0.118 0.428 2.021
130 10 0.309 0.425 2.028
130 11 0.213 0.619 1.946
130 12 0.178 0.671 1.910
130 13 -0.180 0.070 1.850
130 14 -0.244 -0.352 1.800
130 15 -0.344 -0.665 1.803
130 16 -0.307 -0.705 1.727
130 17 -0.020 0.052 1.914
130 18 0.031 -0.356 1.853
130 19 0.103 -0.675 1.846
130 20 0.133 -0.723 1.795
131 1 -0.089 0.181 1.887
131 2 -0.102 0.240 1.915
131 3 -0.071 0.559 1.916
131 4 -0.033 0.704 1.882
131 5 -0.245 0.465 1.837
131 6 -0.395 0.571 1.690
131 7 -0.169 0.675 1.663
131 8 -0.093 0.712 1.662
131 9 0.122 0.464 2.042
131 10 0.306 0.468 2.082
131 11 0.186 0.660 1.991
131 12 0.157 0.705 1.940
131 13 -0.175 0.096 1.843
131 14 -0.244 -0.349 1.804
131 15 -0.351 -0.669 1.812
131 16 -0.309 -0.709 1.738
131 17 -0.011 0.089 1.910
131 18 0.030 -0.348 1.872
131 19 0.101 -0.681 1.863
131 20 0.139 -0.723 1.794
132 1 -0.086 0.193 1.886
132 2 -0.100 0.252 1.915
132 3 -0.064 0.582 1.919
132 4 -0.010 0.726 1.877
132 5 -0.228 0.503 1.833
132 6 -0.393 0.599 1.701
132 7 -0.162 0.687 1.683
132 8 -0.099 0.729 1.680
132 9 0.123 0.506 2.059
132 10 0.295 0.554 2.114
132 11 0.203 0.737 2.008
132 12 0.184 0.786 1.964
132 13 -0.173 0.108 1.840
132 14 -0.245 -0.346 1.807
132 15 -0.355 -0.672 1.818
132 16 -0.309 -0.712 1.745
132 17 -0.007 0.103 1.908
132 18 0.030 -0.343 1.884
132 19 0.099 -0.688 1.878
132 20 0.144 -0.724 1.796
133 1 -0.084 0.200 1.885
133 2 -0.098 0.261 1.914
133 3 -0.058 0.600 1.919
133 4 0.008 0.743 1.873
133 5 -0.217 0.522 1.831
133 6 -0.362 0.633 1.712
133 7 -0.429 0.773 1.618
133 8 -0.474 0.820 1.586
133 9 0.122 0.538 2.070
133 10 0.275 0.632 2.138
133 11 0.251 0.815 2.024
133 12 0.221 0.865 2.008
133 13 -0.170 0.119 1.839
133 14 -0.245 -0.343 1.810
133 15 -0.358 -0.673 1.821
133 16 -0.310 -0.713 1.750
133 17 -0.006 0.114 1.906
133 18 0.030 -0.340 1.892
133 19 0.094 -0.694 1.894
133 20 0.145 -0.727 1.807
134 1 -0.082 0.207 1.885
134 2 -0.097 0.269 1.914
134 3 -0.054 0.613 1.918
134 4 0.022 0.755 1.872
134 5 -0.210 0.533 1.829
134 6 -0.321 0.667 1.713
134 7 -0.446 0.824 1.601
134 8 -0.482 0.870 1.573
134 9 0.119 0.557 2.076
134 10 0.243 0.701 2.130
134 11 0.272 0.874 2.002
134 12 0.285 0.919 1.949
134 13 -0.166 0.132 1.840
134 14 -0.243 -0.334 1.813
134 15 -0.361 -0.671 1.824
134 16 -0.310 -0.711 1.754
134 17 -0.006 0.124 1.906
134 18 0.031 -0.338 1.897
134 19 0.089 -0.696 1.906
134 20 0.144 -0.729 1.822
135 1 -0.078 0.250 1.892
135 2 -0.099 0.315 1.918
135 3 -0.078 0.664 1.912
135 4 0.020 0.787 1.873
135 5 -0.208 0.543 1.826
135 6 -0.302 0.705 1.695
135 7 -0.462 0.883 1.551
135 8 -0.499 0.934 1.510
135 9 0.085 0.604 2.075
135 10 0.232 0.768 2.100
135 11 0.375 0.914 2.058
135 12 0.424 0.956 2.050
135 13 -0.152 0.178 1.850
135 14 -0.227 -0.287 1.818
135 15 -0.356 -0.626 1.825
135 16 -0.300 -0.665 1.759
135 17 -0.002 0.177 1.919
135 18 0.031 -0.291 1.904
135 19 0.076 -0.652 1.923
135 20 0.135 -0.687 1.847
136 1 -0.074 0.281 1.897
136 2 -0.098 0.343 1.920
136 3 -0.087 0.685 1.908
136 4 0.020 0.803 1.873
136 5 -0.207 0.548 1.825
136 6 -0.275 0.731 1.677
136 7 -0.393 0.919 1.517
136 8 -0.411 0.970 1.475
136 9 0.073 0.622 2.074
136 10 0.233 0.783 2.082
136 11 0.428 0.927 2.090
136 12 0.503 0.968 2.107
136 13 -0.139 0.201 1.842
136 14 -0.209 -0.261 1.820
136 15 -0.350 -0.597 1.819
136 16 -0.291 -0.635 1.754
136 17 -0.003 0.200 1.957
136 18 0.031 -0.275 1.911
136 19 0.071 -0.636 1.933
136 20 0.132 -0.671 1.860
137 1 -0.062 0.270 1.904
137 2 -0.088 0.343 1.922
137 3 -0.053 0.694 1.895
137 4 0.041 0.815 1.868
137 5 -0.182 0.552 1.814
137 6 -0.272 0.707 1.677
137 7 -0.152 0.723 1.644
137 8 -0.092 0.728 1.644
137 9 0.105 0.638 2.087
137 10 0.262 0.788 2.087
137 11 0.472 0.947 2.115
137 12 0.550 0.988 2.138
137 13 -0.131 0.194 1.869
137 14 -0.200 -0.259 1.823
137 15 -0.349 -0.590 1.817
137 16 -0.288 -0.630 1.754
137 17 0.006 0.192 1.950
137 18 0.033 -0.272 1.915
137 19 0.077 -0.668 1.931
137 20 0.140 -0.709 1.867
138 1 -0.055 0.246 1.907
138 2 -0.080 0.314 1.921
138 3 -0.068 0.645 1.894
138 4 0.036 0.796 1.868
138 5 -0.187 0.525 1.809
138 6 -0.223 0.660 1.654
138 7 -0.084 0.750 1.577
138 8 -0.039 0.781 1.555
138 9 0.096 0.613 2.097
138 10 0.250 0.688 2.113
138 11 0.345 0.853 2.079
138 12 0.396 0.918 2.075
138 13 -0.127 0.181 1.883
138 14 -0.192 -0.270 1.825
138 15 -0.344 -0.599 1.813
138 16 -0.282 -0.639 1.752
138 17 0.017 0.172 1.940
138 18 0.038 -0.291 1.917
138 19 0.088 -0.681 1.922
138 20 0.103 -0.746 1.915
139 1 -0.053 0.231 1.907
139 2 -0.078 0.289 1.920
139 3 -0.081 0.594 1.915
139 4 0.022 0.735 1.889
139 5 -0.192 0.475 1.798
139 6 -0.211 0.605 1.632
139 7 -0.047 0.717 1.553
139 8 -0.009 0.754 1.521
139 9 0.080 0.552 2.126
139 10 0.256 0.570 2.161
139 11 0.265 0.742 2.093
139 12 0.269 0.811 2.055
139 13 -0.122 0.145 1.858
139 14 -0.191 -0.308 1.825
139 15 -0.345 -0.635 1.810
139 16 -0.279 -0.658 1.752
139 17 0.022 0.156 1.935
139 18 0.042 -0.305 1.918
139 19 0.094 -0.688 1.917
139 20 0.079 -0.769 1.942
140 1 -0.052 0.219 1.906
140 2 -0.079 0.275 1.919
140 3 -0.093 0.558 1.931
140 4 0.016 0.710 1.898
140 5 -0.194 0.458 1.794
140 6 -0.213 0.574 1.620
140 7 -0.037 0.669 1.634
140 8 0.050 0.698 1.620
140 9 0.073 0.526 2.138
140 10 0.256 0.521 2.184
140 11 0.197 0.697 2.090
140 12 0.200 0.735 2.060
140 13 -0.121 0.123 1.842
140 14 -0.192 -0.328 1.824
140 15 -0.348 -0.652 1.809
140 16 -0.280 -0.682 1.754
140 17 0.024 0.145 1.932
140 18 0.045 -0.315 1.918
140 19 0.097 -0.694 1.915
140 20 0.070 -0.780 1.953
141 1 -0.053 0.211 1.904
141 2 -0.079 0.267 1.918
141 3 -0.096 0.549 1.937
141 4 0.015 0.699 1.901
141 5 -0.194 0.450 1.792
141 6 -0.221 0.563 1.614
141 7 -0.043 0.656 1.666
141 8 0.052 0.672 1.681
141 9 0.070 0.517 2.144
141 10 0.240 0.450 2.223
141 11 0.152 0.663 2.082
141 12 0.132 0.700 2.040
141 13 -0.120 0.116 1.837
141 14 -0.192 -0.336 1.824
141 15 -0.349 -0.660 1.809
141 16 -0.281 -0.692 1.754
141 17 0.022 0.137 1.930
141 18 0.047 -0.322 1.918
141 19 0.098 -0.698 1.915
141 20 0.115 -0.766 1.910
142 1 -0.055 0.207 1.904
142 2 -0.080 0.263 1.918
142 3 -0.096 0.560 1.942
142 4 0.015 0.693 1.904
142 5 -0.194 0.447 1.791
142 6 -0.235 0.574 1.617
142 7 -0.034 0.652 1.708
142 8 -0.010 0.669 1.772
142 9 0.068 0.513 2.148
142 10 0.234 0.591 2.205
142 11 0.172 0.746 2.059
142 12 0.167 0.784 2.004
142 13 -0.120 0.112 1.834
142 14 -0.194 -0.340 1.823
142 15 -0.350 -0.664 1.808
142 16 -0.281 -0.696 1.755
142 17 0.018 0.131 1.929
142 18 0.048 -0.327 1.919
142 19 0.096 -0.698 1.916
142 20 0.145 -0.742 1.880
143 1 -0.056 0.204 1.903
143 2 -0.082 0.260 1.919
143 3 -0.087 0.588 1.946
143 4 0.018 0.699 1.908
143 5 -0.199 0.479 1.796
143 6 -0.253 0.610 1.630
143 7 -0.028 0.646 1.734
143 8 -0.050 0.676 1.828
143 9 0.071 0.521 2.150
143 10 0.236 0.521 2.237
143 11 0.232 0.741 2.117
143 12 0.231 0.789 2.066
143 13 -0.124 0.115 1.837
143 14 -0.200 -0.338 1.822
143 15 -0.351 -0.665 1.809
143 16 -0.282 -0.698 1.755
143 17 0.013 0.127 1.928
143 18 0.048 -0.330 1.919
143 19 0.094 -0.697 1.919
143 20 0.156 -0.731 1.867
144 1 -0.063 0.211 1.905
144 2 -0.089 0.276 1.925
144 3 -0.081 0.627 1.951
144 4 0.027 0.716 1.911
144 5 -0.204 0.517 1.805
144 6 -0.265 0.654 1.646
144 7 -0.037 0.661 1.759
144 8 -0.071 0.688 1.861
144 9 0.076 0.550 2.153
144 10 0.251 0.598 2.224
144 11 0.287 0.790 2.130
144 12 0.306 0.851 2.103
144 13 -0.132 0.142 1.852
144 14 -0.209 -0.315 1.820
144 15 -0.353 -0.647 1.811
144 16 -0.285 -0.686 1.755
144 17 0.004 0.131 1.931
144 18 0.047 -0.329 1.920
144 19 0.087 -0.686 1.923
144 20 0.160 -0.717 1.860
145 1 -0.076 0.234 1.909
145 2 -0.100 0.304 1.931
145 3 -0.083 0.669 1.948
145 4 0.031 0.750 1.910
145 5 -0.214 0.581 1.798
145 6 -0.238 0.729 1.645
145 7 -0.036 0.693 1.779
145 8 -0.076 0.715 1.880
145 9 0.076 0.588 2.149
145 10 0.254 0.666 2.194
145 11 0.354 0.839 2.148
145 12 0.381 0.893 2.133
145 13 -0.149 0.179 1.873
145 14 -0.216 -0.278 1.821
145 15 -0.353 -0.612 1.815
145 16 -0.286 -0.652 1.759
145 17 -0.010 0.165 1.929
145 18 0.040 -0.295 1.920
145 19 0.077 -0.648 1.928
145 20 0.155 -0.679 1.860
146 1 -0.082 0.244 1.910
146 2 -0.105 0.314 1.932
146 3 -0.084 0.683 1.945
146 4 0.034 0.766 1.910
146 5 -0.217 0.601 1.795
146 6 -0.221 0.770 1.654
146 7 -0.034 0.713 1.789
146 8 -0.074 0.736 1.887
146 9 0.076 0.606 2.146
146 10 0.251 0.731 2.141
146 11 0.418 0.866 2.157
146 12 0.453 0.888 2.158
146 13 -0.156 0.195 1.882
146 14 -0.218 -0.265 1.821
146 15 -0.353 -0.600 1.816
146 16 -0.286 -0.640 1.760
146 17 -0.017 0.178 1.928
146 18 0.036 -0.283 1.920
146 19 0.072 -0.634 1.930
146 20 0.151 -0.665 1.861
147 1 -0.088 0.219 1.912
147 2 -0.109 0.287 1.931
147 3 -0.075 0.619 1.917
147 4 0.035 0.766 1.910
147 5 -0.208 0.561 1.772
147 6 -0.193 0.756 1.669
147 7 -0.023 0.700 1.789
147 8 -0.056 0.718 1.874
147 9 0.084 0.580 2.126
147 10 0.255 0.758 2.112
147 11 0.446 0.855 2.146
147 12 0.522 0.885 2.147
147 13 -0.164 0.165 1.895
147 14 -0.224 -0.293 1.819
147 15 -0.356 -0.627 1.812
147 16 -0.290 -0.670 1.757
147 17 -0.022 0.152 1.928
147 18 0.029 -0.309 1.923
147 19 0.069 -0.660 1.935
147 20 0.144 -0.697 1.871
148 1 -0.090 0.202 1.914
148 2 -0.107 0.265 1.931
148 3 -0.073 0.578 1.903
148 4 0.004 0.744 1.939
148 5 -0.199 0.499 1.824
148 6 -0.176 0.688 1.697
148 7 -0.015 0.682 1.799
148 8 -0.044 0.700 1.879
148 9 0.102 0.566 2.105
148 10 0.279 0.709 2.098
148 11 0.467 0.816 2.103
148 12 0.493 0.824 2.082
148 13 -0.166 0.129 1.912
148 14 -0.225 -0.313 1.819
148 15 -0.357 -0.648 1.808
148 16 -0.298 -0.693 1.746
148 17 -0.020 0.129 1.926
148 18 0.024 -0.332 1.927
148 19 0.068 -0.685 1.938
148 20 0.132 -0.727 1.870
149 1 -0.090 0.193 1.915
149 2 -0.104 0.254 1.931
149 3 -0.075 0.535 1.894
149 4 -0.016 0.727 1.959
149 5 -0.196 0.458 1.844
149 6 -0.161 0.614 1.698
149 7 -0.005 0.661 1.788
149 8 -0.028 0.679 1.862
149 9 0.107 0.562 2.099
149 10 0.301 0.632 2.090
149 11 0.451 0.765 2.048
149 12 0.469 0.767 2.032
149 13 -0.162 0.109 1.910
149 14 -0.227 -0.327 1.820
149 15 -0.358 -0.662 1.805
149 16 -0.302 -0.707 1.741
149 17 -0.013 0.107 1.955
149 18 0.022 -0.347 1.928
149 19 0.069 -0.701 1.934
149 20 0.127 -0.745 1.866
150 1 -0.090 0.188 1.918
150 2 -0.103 0.247 1.933
150 3 -0.081 0.510 1.902
150 4 -0.026 0.715 1.982
150 5 -0.195 0.404 1.854
150 6 -0.150 0.542 1.666
150 7 -0.016 0.633 1.558
150 8 0.015 0.658 1.512
150 9 0.109 0.557 2.098
150 10 0.277 0.468 2.099
150 11 0.396 0.628 2.021
150 12 0.446 0.678 1.982
150 13 -0.156 0.094 1.901
150 14 -0.228 -0.335 1.820
150 15 -0.358 -0.669 1.804
150 16 -0.304 -0.713 1.738
150 17 -0.009 0.093 1.980
150 18 0.020 -0.356 1.928
150 19 0.071 -0.709 1.930
150 20 0.126 -0.752 1.863
151 1 -0.087 0.185 1.928
151 2 -0.100 0.240 1.943
151 3 -0.086 0.492 1.938
151 4 -0.032 0.699 2.007
151 5 -0.202 0.373 1.854
151 6 -0.127 0.473 1.605
151 7 0.016 0.566 1.458
151 8 0.071 0.587 1.412
151 9 0.110 0.545 2.120
151 10 0.245 0.345 2.094
151 11 0.384 0.493 1.981
151 12 0.435 0.535 1.914
151 13 -0.154 0.086 1.898
151 14 -0.229 -0.339 1.820
151 15 -0.358 -0.673 1.803
151 16 -0.304 -0.716 1.737
151 17 -0.007 0.087 1.992
151 18 0.019 -0.361 1.927
151 19 0.072 -0.713 1.927
151 20 0.127 -0.756 1.860
152 1 -0.082 0.224 1.952
152 2 -0.096 0.288 1.962
152 3 -0.095 0.647 1.934
152 4 -0.044 0.790 1.991
152 5 -0.246 0.362 1.843
152 6 -0.151 0.388 1.573
152 7 0.046 0.388 1.412
152 8 0.080 0.455 1.413
152 9 0.103 0.640 2.127
152 10 0.157 0.404 2.097
152 11 0.354 0.318 1.948
152 12 0.422 0.339 1.869
152 13 -0.154 0.082 1.897
152 14 -0.229 -0.342 1.821
152 15 -0.358 -0.675 1.802
152 16 -0.305 -0.718 1.735
152 17 0.010 0.122 2.026
152 18 0.018 -0.328 1.930
152 19 0.073 -0.716 1.925
152 20 0.126 -0.759 1.859
153 1 -0.102 0.142 1.945
153 2 -0.121 0.212 1.962
153 3 -0.129 0.578 1.965
153 4 -0.086 0.756 1.982
153 5 -0.274 0.390 1.858
153 6 -0.205 0.305 1.610
153 7 -0.002 0.273 1.428
153 8 0.057 0.299 1.419
153 9 0.070 0.615 2.155
153 10 0.123 0.271 2.099
153 11 0.315 0.134 1.935
153 12 0.397 0.138 1.861
153 13 -0.174 0.035 1.899
153 14 -0.247 -0.356 1.819
153 15 -0.360 -0.677 1.801
153 16 -0.307 -0.719 1.734
153 17 -0.011 0.056 1.977
153 18 0.015 -0.346 1.927
153 19 0.073 -0.718 1.925
153 20 0.126 -0.761 1.858
154 1 -0.120 0.107 1.940
154 2 -0.142 0.173 1.961
154 3 -0.155 0.502 1.971
154 4 -0.110 0.719 1.976
154 5 -0.281 0.397 1.862
154 6 -0.227 0.226 1.637
154 7 -0.083 0.113 1.472
154 8 -0.025 0.079 1.434
154 9 0.004 0.431 2.099
154 10 0.085 0.162 2.089
154 11 0.274 -0.020 1.958
154 12 0.334 -0.046 1.893
154 13 -0.182 0.018 1.892
154 14 -0.257 -0.364 1.818
154 15 -0.366 -0.677 1.802
154 16 -0.312 -0.717 1.735
154 17 -0.057 0.022 1.971
154 18 0.008 -0.362 1.926
154 19 0.069 -0.721 1.926
154 20 0.123 -0.762 1.860
155 1 -0.128 0.075 1.933
155 2 -0.154 0.146 1.958
155 3 -0.166 0.509 1.978
155 4 -0.119 0.709 1.974
155 5 -0.280 0.402 1.863
155 6 -0.259 0.142 1.683
155 7 -0.208 -0.054 1.553
155 8 -0.192 -0.123 1.548
155 9 -0.019 0.394 2.089
155 10 0.053 0.100 2.080
155 11 0.174 -0.111 2.005
155 12 0.216 -0.159 1.975
155 13 -0.182 0.005 1.886
155 14 -0.272 -0.376 1.821
155 15 -0.377 -0.676 1.805
155 16 -0.320 -0.715 1.738
155 17 -0.075 -0.003 1.960
155 18 0.002 -0.377 1.926
155 19 0.062 -0.724 1.931
155 20 0.118 -0.764 1.864
156 1 -0.135 0.054 1.925
156 2 -0.162 0.124 1.952
156 3 -0.171 0.480 1.969
156 4 -0.124 0.703 1.972
156 5 -0.277 0.402 1.861
156 6 -0.315 0.108 1.749
156 7 -0.321 -0.132 1.666
156 8 -0.308 -0.207 1.665
156 9 -0.034 0.351 2.059
156 10 0.028 0.087 2.077
156 11 0.096 -0.150 2.047
156 12 0.117 -0.223 2.043
156 13 -0.184 -0.006 1.876
156 14 -0.292 -0.397 1.828
156 15 -0.387 -0.676 1.810
156 16 -0.330 -0.713 1.744
156 17 -0.085 -0.018 1.953
156 18 -0.002 -0.387 1.926
156 19 0.057 -0.726 1.935
156 20 0.114 -0.765 1.868
157 1 -0.142 0.041 1.919
157 2 -0.169 0.111 1.948
157 3 -0.172 0.468 1.963
157 4 -0.126 0.700 1.971
157 5 -0.274 0.401 1.859
157 6 -0.367 0.107 1.809
157 7 -0.421 -0.156 1.792
157 8 -0.420 -0.220 1.799
157 9 -0.034 0.345 2.050
157 10 0.007 0.082 2.082
157 11 0.024 -0.116 2.074
157 12 0.035 -0.194 2.046
157 13 -0.190 -0.014 1.869
157 14 -0.303 -0.409 1.831
157 15 -0.394 -0.676 1.814
157 16 -0.336 -0.713 1.747
157 17 -0.094 -0.028 1.947
157 18 -0.005 -0.393 1.926
157 19 0.054 -0.727 1.937
157 20 0.111 -0.765 1.870
158 1 -0.149 0.035 1.915
158 2 -0.174 0.106 1.945
158 3 -0.173 0.496 1.944
158 4 -0.126 0.699 1.969
158 5 -0.274 0.399 1.858
158 6 -0.406 0.116 1.862
158 7 -0.491 -0.119 1.891
158 8 -0.509 -0.203 1.899
158 9 -0.036 0.347 2.038
158 10 -0.031 0.099 2.100
158 11 -0.034 -0.089 2.153
158 12 -0.040 -0.203 2.127
158 13 -0.199 -0.017 1.865
158 14 -0.310 -0.414 1.833
158 15 -0.398 -0.676 1.816
158 16 -0.341 -0.713 1.749
158 17 -0.101 -0.034 1.943
158 18 -0.009 -0.397 1.926
158 19 0.052 -0.727 1.938
158 20 0.108 -0.765 1.871
159 1 -0.158 0.036 1.911
159 2 -0.181 0.108 1.941
159 3 -0.172 0.515 1.933
159 4 -0.125 0.699 1.965
159 5 -0.278 0.397 1.857
159 6 -0.446 0.141 1.912
159 7 -0.555 -0.090 1.979
159 8 -0.572 -0.171 1.980
159 9 -0.041 0.351 2.022
159 10 -0.058 0.148 2.128
159 11 -0.091 -0.062 2.202
159 12 -0.079 -0.140 2.171
159 13 -0.214 -0.014 1.865
159 14 -0.316 -0.416 1.833
159 15 -0.404 -0.678 1.818
159 16 -0.351 -0.716 1.750
159 17 -0.108 -0.034 1.939
159 18 -0.014 -0.401 1.925
159 19 0.050 -0.726 1.939
159 20 0.104 -0.763 1.870
160 1 -0.169 0.044 1.907
160 2 -0.189 0.117 1.938
160 3 -0.172 0.524 1.928
160 4 -0.125 0.700 1.959
160 5 -0.288 0.396 1.857
160 6 -0.479 0.176 1.952
160 7 -0.594 -0.041 2.044
160 8 -0.616 -0.117 2.044
160 9 -0.042 0.367 2.014
160 10 -0.074 0.162 2.139
160 11 -0.106 -0.019 2.228
160 12 -0.098 -0.100 2.196
160 13 -0.229 -0.007 1.866
160 14 -0.321 -0.413 1.832
160 15 -0.408 -0.680 1.820
160 16 -0.360 -0.719 1.750
160 17 -0.115 -0.029 1.934
160 18 -0.019 -0.404 1.925
160 19 0.048 -0.725 1.939
160 20 0.099 -0.761 1.869
161 1 -0.180 0.055 1.903
161 2 -0.196 0.129 1.934
161 3 -0.173 0.530 1.924
161 4 -0.126 0.702 1.952
161 5 -0.301 0.397 1.859
161 6 -0.497 0.209 1.977
161 7 -0.610 0.013 2.087
161 8 -0.649 -0.065 2.095
161 9 -0.042 0.381 2.011
161 10 -0.080 0.204 2.117
161 11 -0.100 0.035 2.192
161 12 -0.092 -0.044 2.156
161 13 -0.242 0.001 1.867
161 14 -0.326 -0.401 1.830
161 15 -0.414 -0.682 1.822
161 16 -0.392 -0.748 1.804
161 17 -0.121 -0.019 1.928
161 18 -0.024 -0.406 1.924
161 19 0.046 -0.723 1.939
161 20 0.045 -0.779 1.930
