1 1 0.121 0.057 1.911
1 2 0.112 0.095 1.958
1 3 0.106 0.349 1.983
1 4 0.118 0.605 1.967
1 5 -0.045 0.314 1.979
1 6 -0.133 0.105 1.944
1 7 -0.060 0.008 1.779
1 8 -0.016 -0.028 1.747
1 9 0.276 0.315 2.033
1 10 0.318 0.087 2.017
1 11 0.302 -0.041 1.864
1 12 0.299 -0.088 1.809
1 13 0.062 -0.011 1.884
1 14 0.001 -0.432 1.895
1 15 -0.041 -0.746 1.927
1 16 -0.026 -0.775 1.834
1 17 0.187 -0.015 1.899
1 18 0.213 -0.439 1.930
1 19 0.152 -0.659 2.139
1 20 0.187 -0.716 2.054
2 1 0.120 0.057 1.911
2 2 0.110 0.095 1.958
2 3 0.105 0.349 1.983
2 4 0.116 0.605 1.966
2 5 -0.047 0.314 1.978
2 6 -0.134 0.105 1.943
2 7 -0.061 0.009 1.779
2 8 -0.017 -0.028 1.747
2 9 0.275 0.315 2.033
2 10 0.317 0.087 2.018
2 11 0.301 -0.041 1.864
2 12 0.298 -0.088 1.809
2 13 0.061 -0.011 1.883
2 14 0.000 -0.432 1.895
2 15 -0.041 -0.746 1.927
2 16 -0.026 -0.776 1.835
2 17 0.185 -0.015 1.899
2 18 0.213 -0.439 1.930
2 19 0.152 -0.659 2.139
2 20 0.187 -0.716 2.054
3 1 0.118 0.057 1.911
3 2 0.109 0.095 1.958
3 3 0.103 0.349 1.982
3 4 0.114 0.605 1.965
3 5 -0.048 0.314 1.977
3 6 -0.135 0.105 1.943
3 7 -0.061 0.010 1.779
3 8 -0.018 -0.027 1.746
3 9 0.274 0.315 2.033
3 10 0.316 0.087 2.018
3 11 0.300 -0.040 1.865
3 12 0.297 -0.089 1.809
3 13 0.060 -0.011 1.883
3 14 -0.000 -0.433 1.895
3 15 -0.041 -0.746 1.928
3 16 -0.026 -0.777 1.836
3 17 0.184 -0.015 1.899
3 18 0.212 -0.439 1.930
3 19 0.151 -0.659 2.139
3 20 0.186 -0.716 2.053
4 1 0.118 0.057 1.910
4 2 0.108 0.095 1.957
4 3 0.102 0.349 1.982
4 4 0.113 0.605 1.965
4 5 -0.049 0.314 1.976
4 6 -0.136 0.105 1.942
4 7 -0.062 0.010 1.779
4 8 -0.018 -0.027 1.746
4 9 0.273 0.315 2.033
4 10 0.316 0.088 2.019
4 11 0.300 -0.040 1.865
4 12 0.296 -0.089 1.808
4 13 0.059 -0.011 1.882
4 14 -0.001 -0.433 1.895
4 15 -0.041 -0.747 1.928
4 16 -0.026 -0.778 1.837
4 17 0.183 -0.016 1.899
4 18 0.211 -0.439 1.929
4 19 0.151 -0.660 2.139
4 20 0.186 -0.716 2.053
5 1 0.117 0.057 1.910
5 2 0.107 0.095 1.957
5 3 0.100 0.349 1.982
5 4 0.111 0.605 1.964
5 5 -0.050 0.314 1.976
5 6 -0.136 0.105 1.942
5 7 -0.062 0.010 1.780
5 8 -0.018 -0.027 1.746
5 9 0.272 0.315 2.033
5 10 0.315 0.088 2.019
5 11 0.300 -0.040 1.865
5 12 0.296 -0.090 1.807
5 13 0.058 -0.011 1.882
5 14 -0.002 -0.433 1.895
5 15 -0.042 -0.747 1.928
5 16 -0.026 -0.778 1.837
5 17 0.183 -0.016 1.899
5 18 0.211 -0.439 1.929
5 19 0.151 -0.660 2.139
5 20 0.186 -0.716 2.053
6 1 0.116 0.057 1.910
6 2 0.107 0.095 1.957
6 3 0.099 0.349 1.982
6 4 0.110 0.605 1.963
6 5 -0.050 0.314 1.975
6 6 -0.137 0.106 1.941
6 7 -0.062 0.011 1.780
6 8 -0.019 -0.027 1.745
6 9 0.271 0.315 2.033
6 10 0.315 0.088 2.019
6 11 0.300 -0.039 1.866
6 12 0.296 -0.090 1.807
6 13 0.058 -0.012 1.882
6 14 -0.002 -0.433 1.895
6 15 -0.042 -0.747 1.928
6 16 -0.026 -0.779 1.838
6 17 0.182 -0.016 1.899
6 18 0.210 -0.439 1.929
6 19 0.150 -0.660 2.139
6 20 0.186 -0.716 2.053
7 1 0.116 0.057 1.910
7 2 0.106 0.095 1.957
7 3 0.098 0.350 1.981
7 4 0.109 0.605 1.963
7 5 -0.051 0.314 1.975
7 6 -0.137 0.106 1.941
7 7 -0.062 0.011 1.781
7 8 -0.019 -0.027 1.745
7 9 0.271 0.316 2.033
7 10 0.315 0.088 2.019
7 11 0.300 -0.039 1.866
7 12 0.295 -0.091 1.807
7 13 0.057 -0.012 1.882
7 14 -0.002 -0.433 1.895
7 15 -0.042 -0.747 1.928
7 16 -0.026 -0.779 1.838
7 17 0.182 -0.016 1.899
7 18 0.210 -0.439 1.929
7 19 0.150 -0.660 2.139
7 20 0.186 -0.716 2.053
8 1 0.115 0.057 1.910
8 2 0.106 0.095 1.957
8 3 0.098 0.350 1.981
8 4 0.108 0.605 1.962
8 5 -0.052 0.314 1.975
8 6 -0.137 0.106 1.941
8 7 -0.061 0.011 1.781
8 8 -0.019 -0.026 1.745
8 9 0.271 0.316 2.033
8 10 0.314 0.091 2.021
8 11 0.302 -0.036 1.868
8 12 0.296 -0.090 1.807
8 13 0.057 -0.012 1.882
8 14 -0.003 -0.433 1.895
8 15 -0.042 -0.747 1.928
8 16 -0.026 -0.779 1.839
8 17 0.181 -0.016 1.899
8 18 0.210 -0.439 1.929
8 19 0.150 -0.661 2.139
8 20 0.185 -0.716 2.053
9 1 0.115 0.057 1.910
9 2 0.105 0.095 1.957
9 3 0.097 0.351 1.981
9 4 0.107 0.605 1.961
9 5 -0.052 0.314 1.974
9 6 -0.137 0.106 1.941
9 7 -0.061 0.010 1.781
9 8 -0.019 -0.026 1.745
9 9 0.270 0.316 2.033
9 10 0.315 0.094 2.023
9 11 0.304 -0.033 1.871
9 12 0.296 -0.089 1.809
9 13 0.057 -0.012 1.882
9 14 -0.003 -0.433 1.895
9 15 -0.042 -0.747 1.928
9 16 -0.026 -0.780 1.839
9 17 0.181 -0.016 1.899
9 18 0.209 -0.439 1.929
9 19 0.149 -0.661 2.139
9 20 0.184 -0.718 2.053
10 1 0.114 0.057 1.910
10 2 0.105 0.095 1.957
10 3 0.096 0.351 1.981
10 4 0.106 0.605 1.960
10 5 -0.053 0.314 1.974
10 6 -0.137 0.106 1.941
10 7 -0.061 0.010 1.782
10 8 -0.019 -0.026 1.745
10 9 0.270 0.316 2.033
10 10 0.315 0.096 2.025
10 11 0.305 -0.031 1.872
10 12 0.297 -0.088 1.810
10 13 0.056 -0.012 1.882
10 14 -0.003 -0.433 1.895
10 15 -0.042 -0.747 1.928
10 16 -0.026 -0.780 1.839
10 17 0.181 -0.016 1.899
10 18 0.209 -0.439 1.929
10 19 0.149 -0.661 2.139
10 20 0.183 -0.719 2.053
11 1 0.114 0.057 1.910
11 2 0.105 0.095 1.957
11 3 0.096 0.352 1.981
11 4 0.105 0.605 1.959
11 5 -0.053 0.314 1.974
11 6 -0.138 0.106 1.941
11 7 -0.061 0.010 1.783
11 8 -0.018 -0.027 1.743
11 9 0.269 0.317 2.032
11 10 0.315 0.097 2.025
11 11 0.306 -0.029 1.873
11 12 0.297 -0.087 1.811
11 13 0.056 -0.012 1.882
11 14 -0.003 -0.433 1.895
11 15 -0.042 -0.747 1.928
11 16 -0.026 -0.780 1.839
11 17 0.180 -0.015 1.899
11 18 0.209 -0.439 1.929
11 19 0.149 -0.661 2.139
11 20 0.183 -0.719 2.054
12 1 0.114 0.057 1.910
12 2 0.104 0.095 1.957
12 3 0.095 0.354 1.980
12 4 0.105 0.605 1.957
12 5 -0.053 0.314 1.974
12 6 -0.138 0.106 1.941
12 7 -0.061 0.010 1.784
12 8 -0.017 -0.028 1.742
12 9 0.269 0.317 2.032
12 10 0.315 0.098 2.026
12 11 0.307 -0.028 1.874
12 12 0.298 -0.086 1.812
12 13 0.056 -0.012 1.882
12 14 -0.003 -0.433 1.895
12 15 -0.041 -0.746 1.928
12 16 -0.026 -0.780 1.840
12 17 0.180 -0.015 1.899
12 18 0.208 -0.439 1.930
12 19 0.149 -0.662 2.139
12 20 0.182 -0.720 2.054
13 1 0.114 0.057 1.910
13 2 0.104 0.096 1.957
13 3 0.095 0.355 1.980
13 4 0.104 0.605 1.956
13 5 -0.054 0.314 1.974
13 6 -0.138 0.106 1.941
13 7 -0.059 0.009 1.785
13 8 -0.017 -0.029 1.741
13 9 0.269 0.317 2.032
13 10 0.315 0.099 2.026
13 11 0.308 -0.027 1.874
13 12 0.298 -0.085 1.813
13 13 0.055 -0.012 1.882
13 14 -0.003 -0.434 1.895
13 15 -0.041 -0.745 1.928
13 16 -0.026 -0.779 1.840
13 17 0.180 -0.015 1.899
13 18 0.208 -0.439 1.930
13 19 0.148 -0.662 2.140
13 20 0.182 -0.720 2.054
14 1 0.114 0.057 1.910
14 2 0.104 0.096 1.957
14 3 0.095 0.356 1.980
14 4 0.104 0.605 1.955
14 5 -0.054 0.314 1.974
14 6 -0.138 0.106 1.941
14 7 -0.058 0.008 1.786
14 8 -0.017 -0.028 1.742
14 9 0.269 0.318 2.032
14 10 0.315 0.099 2.027
14 11 0.309 -0.026 1.874
14 12 0.299 -0.085 1.813
14 13 0.055 -0.011 1.883
14 14 -0.004 -0.434 1.895
14 15 -0.041 -0.745 1.929
14 16 -0.026 -0.779 1.840
14 17 0.180 -0.015 1.899
14 18 0.208 -0.439 1.930
14 19 0.148 -0.662 2.140
14 20 0.182 -0.720 2.054
15 1 0.113 0.057 1.911
15 2 0.104 0.096 1.958
15 3 0.095 0.357 1.980
15 4 0.103 0.605 1.954
15 5 -0.054 0.314 1.974
15 6 -0.138 0.106 1.942
15 7 -0.056 0.007 1.786
15 8 -0.016 -0.029 1.742
15 9 0.269 0.318 2.031
15 10 0.315 0.100 2.027
15 11 0.310 -0.026 1.874
15 12 0.299 -0.084 1.814
15 13 0.055 -0.011 1.883
15 14 -0.004 -0.434 1.895
15 15 -0.041 -0.745 1.929
15 16 -0.026 -0.779 1.841
15 17 0.180 -0.015 1.900
15 18 0.208 -0.439 1.931
15 19 0.148 -0.662 2.140
15 20 0.182 -0.720 2.055
16 1 0.113 0.058 1.911
16 2 0.104 0.097 1.958
16 3 0.094 0.358 1.980
16 4 0.103 0.605 1.953
16 5 -0.054 0.314 1.974
16 6 -0.138 0.107 1.942
16 7 -0.055 0.007 1.786
16 8 -0.016 -0.029 1.742
16 9 0.269 0.318 2.031
16 10 0.316 0.100 2.027
16 11 0.310 -0.025 1.874
16 12 0.300 -0.083 1.815
16 13 0.055 -0.011 1.883
16 14 -0.004 -0.434 1.896
16 15 -0.041 -0.745 1.929
16 16 -0.026 -0.780 1.841
16 17 0.180 -0.015 1.900
16 18 0.208 -0.439 1.931
16 19 0.148 -0.663 2.141
16 20 0.182 -0.720 2.055
17 1 0.113 0.058 1.911
17 2 0.104 0.097 1.958
17 3 0.095 0.359 1.980
17 4 0.103 0.605 1.952
17 5 -0.054 0.314 1.974
17 6 -0.137 0.107 1.942
17 7 -0.054 0.007 1.786
17 8 -0.016 -0.027 1.744
17 9 0.269 0.319 2.031
17 10 0.316 0.101 2.027
17 11 0.311 -0.025 1.873
17 12 0.300 -0.082 1.815
17 13 0.055 -0.011 1.884
17 14 -0.004 -0.434 1.896
17 15 -0.041 -0.745 1.929
17 16 -0.026 -0.780 1.841
17 17 0.180 -0.015 1.900
17 18 0.207 -0.439 1.932
17 19 0.148 -0.663 2.141
17 20 0.181 -0.721 2.055
18 1 0.113 0.058 1.911
18 2 0.104 0.097 1.958
18 3 0.095 0.360 1.980
18 4 0.103 0.605 1.951
18 5 -0.055 0.314 1.974
18 6 -0.137 0.107 1.942
18 7 -0.054 0.008 1.787
18 8 -0.016 -0.025 1.745
18 9 0.269 0.319 2.030
18 10 0.316 0.101 2.027
18 11 0.312 -0.025 1.871
18 12 0.301 -0.081 1.815
18 13 0.054 -0.011 1.884
18 14 -0.004 -0.433 1.896
18 15 -0.041 -0.745 1.930
18 16 -0.026 -0.780 1.842
18 17 0.180 -0.015 1.900
18 18 0.207 -0.439 1.932
18 19 0.147 -0.663 2.141
18 20 0.181 -0.721 2.055
19 1 0.113 0.058 1.911
19 2 0.104 0.098 1.958
19 3 0.095 0.361 1.980
19 4 0.103 0.605 1.950
19 5 -0.055 0.314 1.974
19 6 -0.137 0.107 1.943
19 7 -0.053 0.010 1.787
19 8 -0.014 -0.019 1.745
19 9 0.269 0.320 2.030
19 10 0.317 0.101 2.027
19 11 0.312 -0.021 1.868
19 12 0.302 -0.076 1.814
19 13 0.054 -0.011 1.884
19 14 -0.004 -0.433 1.896
19 15 -0.041 -0.745 1.930
19 16 -0.026 -0.780 1.842
19 17 0.180 -0.014 1.900
19 18 0.207 -0.438 1.933
19 19 0.147 -0.663 2.142
19 20 0.181 -0.721 2.056
20 1 0.113 0.058 1.911
20 2 0.104 0.098 1.959
20 3 0.095 0.362 1.980
20 4 0.103 0.606 1.949
20 5 -0.055 0.314 1.974
20 6 -0.137 0.107 1.943
20 7 -0.051 0.015 1.787
20 8 -0.004 -0.006 1.735
20 9 0.269 0.320 2.030
20 10 0.318 0.102 2.026
20 11 0.312 -0.013 1.862
20 12 0.300 -0.060 1.807
20 13 0.054 -0.011 1.885
20 14 -0.004 -0.433 1.896
20 15 -0.041 -0.745 1.930
20 16 -0.026 -0.780 1.842
20 17 0.179 -0.014 1.901
20 18 0.207 -0.438 1.933
20 19 0.147 -0.664 2.142
20 20 0.181 -0.721 2.056
21 1 0.113 0.059 1.912
21 2 0.104 0.099 1.959
21 3 0.095 0.363 1.980
21 4 0.103 0.606 1.948
21 5 -0.055 0.314 1.974
21 6 -0.136 0.108 1.942
21 7 -0.043 0.026 1.783
21 8 0.012 0.016 1.719
21 9 0.269 0.321 2.029
21 10 0.319 0.105 2.026
21 11 0.300 0.010 1.828
21 12 0.290 -0.036 1.784
21 13 0.054 -0.010 1.885
21 14 -0.004 -0.433 1.896
21 15 -0.041 -0.745 1.931
21 16 -0.026 -0.780 1.843
21 17 0.179 -0.014 1.901
21 18 0.207 -0.438 1.934
21 19 0.147 -0.664 2.142
21 20 0.181 -0.721 2.056
22 1 0.113 0.059 1.912
22 2 0.104 0.099 1.959
22 3 0.096 0.364 1.979
22 4 0.104 0.606 1.947
22 5 -0.055 0.314 1.974
22 6 -0.133 0.108 1.938
22 7 -0.007 0.060 1.762
22 8 0.037 0.051 1.701
22 9 0.269 0.321 2.029
22 10 0.320 0.108 2.023
22 11 0.284 0.029 1.797
22 12 0.261 0.012 1.750
22 13 0.054 -0.010 1.886
22 14 -0.004 -0.433 1.897
22 15 -0.041 -0.745 1.931
22 16 -0.027 -0.780 1.843
22 17 0.179 -0.014 1.901
22 18 0.207 -0.438 1.934
22 19 0.147 -0.664 2.143
22 20 0.181 -0.721 2.057
23 1 0.113 0.060 1.913
23 2 0.104 0.100 1.960
23 3 0.096 0.365 1.979
23 4 0.104 0.606 1.946
23 5 -0.055 0.315 1.974
23 6 -0.127 0.109 1.927
23 7 0.036 0.090 1.733
23 8 0.071 0.086 1.674
23 9 0.270 0.322 2.029
23 10 0.322 0.108 1.998
23 11 0.259 0.063 1.777
23 12 0.234 0.058 1.725
23 13 0.054 -0.010 1.887
23 14 -0.004 -0.433 1.897
23 15 -0.041 -0.746 1.931
23 16 -0.027 -0.780 1.843
23 17 0.179 -0.013 1.902
23 18 0.207 -0.438 1.934
23 19 0.147 -0.664 2.143
23 20 0.181 -0.721 2.057
24 1 0.113 0.061 1.914
24 2 0.104 0.101 1.960
24 3 0.096 0.366 1.979
24 4 0.104 0.605 1.945
24 5 -0.055 0.315 1.974
24 6 -0.121 0.109 1.915
24 7 0.061 0.108 1.719
24 8 0.111 0.123 1.683
24 9 0.270 0.322 2.028
24 10 0.322 0.106 1.982
24 11 0.245 0.076 1.771
24 12 0.201 0.098 1.706
24 13 0.054 -0.009 1.888
24 14 -0.004 -0.433 1.897
24 15 -0.041 -0.743 1.929
24 16 -0.024 -0.792 1.868
24 17 0.179 -0.013 1.903
24 18 0.207 -0.437 1.935
24 19 0.147 -0.664 2.143
24 20 0.181 -0.721 2.057
25 1 0.113 0.062 1.915
25 2 0.104 0.102 1.962
25 3 0.097 0.367 1.979
25 4 0.105 0.605 1.944
25 5 -0.056 0.315 1.973
25 6 -0.114 0.111 1.902
25 7 0.091 0.129 1.717
25 8 0.150 0.148 1.692
25 9 0.271 0.323 2.028
25 10 0.321 0.106 1.973
25 11 0.229 0.091 1.772
25 12 0.175 0.127 1.720
25 13 0.053 -0.009 1.889
25 14 -0.004 -0.433 1.898
25 15 -0.040 -0.741 1.928
25 16 -0.021 -0.799 1.882
25 17 0.179 -0.012 1.906
25 18 0.207 -0.437 1.935
25 19 0.147 -0.664 2.144
25 20 0.181 -0.721 2.057
26 1 0.113 0.064 1.918
26 2 0.104 0.107 1.965
26 3 0.104 0.401 1.981
26 4 0.107 0.604 1.940
26 5 -0.055 0.316 1.970
26 6 -0.107 0.113 1.891
26 7 0.104 0.139 1.718
26 8 0.163 0.160 1.694
26 9 0.272 0.323 2.026
26 10 0.321 0.105 1.966
26 11 0.219 0.099 1.773
26 12 0.164 0.140 1.721
26 13 0.053 -0.008 1.891
26 14 -0.004 -0.432 1.898
26 15 -0.040 -0.737 1.925
26 16 -0.021 -0.781 1.858
26 17 0.179 -0.009 1.915
26 18 0.208 -0.437 1.935
26 19 0.147 -0.664 2.144
26 20 0.181 -0.720 2.058
27 1 0.113 0.067 1.922
27 2 0.105 0.112 1.969
27 3 0.107 0.415 1.982
27 4 0.112 0.601 1.932
27 5 -0.053 0.316 1.964
27 6 -0.097 0.114 1.881
27 7 0.111 0.148 1.728
27 8 0.168 0.173 1.701
27 9 0.275 0.323 2.022
27 10 0.309 0.098 1.928
27 11 0.190 0.127 1.760
27 12 0.155 0.176 1.694
27 13 0.053 -0.006 1.894
27 14 -0.004 -0.431 1.899
27 15 -0.039 -0.732 1.920
27 16 -0.021 -0.773 1.848
27 17 0.180 -0.006 1.926
27 18 0.208 -0.436 1.936
27 19 0.147 -0.663 2.145
27 20 0.180 -0.719 2.058
28 1 0.114 0.069 1.928
28 2 0.106 0.116 1.973
28 3 0.109 0.422 1.981
28 4 0.119 0.595 1.915
28 5 -0.050 0.317 1.958
28 6 -0.088 0.115 1.875
28 7 0.112 0.152 1.738
28 8 0.173 0.181 1.703
28 9 0.279 0.323 2.016
28 10 0.304 0.097 1.908
28 11 0.181 0.136 1.750
28 12 0.148 0.186 1.679
28 13 0.053 -0.004 1.903
28 14 -0.003 -0.431 1.899
28 15 -0.039 -0.729 1.916
28 16 -0.021 -0.769 1.840
28 17 0.180 -0.005 1.937
28 18 0.209 -0.435 1.938
28 19 0.146 -0.663 2.146
28 20 0.180 -0.719 2.058
29 1 0.115 0.070 1.935
29 2 0.107 0.119 1.977
29 3 0.112 0.424 1.976
29 4 0.128 0.585 1.893
29 5 -0.047 0.316 1.951
29 6 -0.051 0.106 1.858
29 7 0.116 0.156 1.740
29 8 0.194 0.192 1.674
29 9 0.287 0.323 2.003
29 10 0.309 0.124 1.880
29 11 0.194 0.137 1.722
29 12 0.157 0.187 1.656
29 13 0.053 -0.005 1.919
29 14 -0.003 -0.431 1.900
29 15 -0.040 -0.728 1.911
29 16 -0.023 -0.766 1.832
29 17 0.181 -0.006 1.949
29 18 0.211 -0.436 1.946
29 19 0.147 -0.667 2.149
29 20 0.180 -0.719 2.059
30 1 0.117 0.069 1.945
30 2 0.109 0.121 1.980
30 3 0.117 0.418 1.966
30 4 0.135 0.573 1.873
30 5 -0.041 0.313 1.942
30 6 -0.037 0.102 1.851
30 7 0.117 0.155 1.739
30 8 0.200 0.194 1.658
30 9 0.295 0.320 1.986
30 10 0.308 0.124 1.869
30 11 0.200 0.140 1.705
30 12 0.161 0.187 1.640
30 13 0.054 -0.007 1.937
30 14 -0.003 -0.431 1.901
30 15 -0.042 -0.727 1.903
30 16 -0.026 -0.765 1.823
30 17 0.182 -0.008 1.960
30 18 0.214 -0.437 1.957
30 19 0.148 -0.675 2.154
30 20 0.181 -0.720 2.060
31 1 0.118 0.069 1.952
31 2 0.110 0.122 1.982
31 3 0.121 0.402 1.948
31 4 0.143 0.553 1.846
31 5 -0.035 0.307 1.930
31 6 -0.020 0.096 1.828
31 7 0.119 0.134 1.704
31 8 0.188 0.170 1.627
31 9 0.299 0.315 1.974
31 10 0.308 0.119 1.869
31 11 0.143 0.129 1.707
31 12 0.139 0.165 1.636
31 13 0.055 -0.007 1.950
31 14 -0.004 -0.430 1.902
31 15 -0.044 -0.726 1.893
31 16 -0.028 -0.764 1.814
31 17 0.183 -0.009 1.970
31 18 0.216 -0.438 1.967
31 19 0.149 -0.680 2.157
31 20 0.182 -0.722 2.062
32 1 0.119 0.068 1.958
32 2 0.111 0.123 1.984
32 3 0.123 0.386 1.932
32 4 0.146 0.539 1.828
32 5 -0.026 0.296 1.909
32 6 -0.013 0.094 1.819
32 7 0.112 0.114 1.673
32 8 0.170 0.147 1.603
32 9 0.302 0.312 1.966
32 10 0.302 0.100 1.890
32 11 0.113 0.119 1.710
32 12 0.131 0.154 1.630
32 13 0.057 -0.007 1.958
32 14 -0.006 -0.430 1.905
32 15 -0.048 -0.724 1.885
32 16 -0.031 -0.764 1.808
32 17 0.184 -0.010 1.979
32 18 0.218 -0.438 1.975
32 19 0.150 -0.684 2.160
32 20 0.183 -0.723 2.063
33 1 0.120 0.067 1.963
33 2 0.111 0.123 1.985
33 3 0.123 0.371 1.919
33 4 0.148 0.524 1.810
33 5 -0.022 0.287 1.894
33 6 -0.008 0.090 1.810
33 7 0.112 0.110 1.660
33 8 0.163 0.138 1.597
33 9 0.303 0.307 1.960
33 10 0.298 0.086 1.900
33 11 0.102 0.113 1.710
33 12 0.130 0.141 1.626
33 13 0.058 -0.008 1.964
33 14 -0.009 -0.430 1.910
33 15 -0.052 -0.723 1.879
33 16 -0.033 -0.764 1.803
33 17 0.185 -0.011 1.987
33 18 0.220 -0.437 1.983
33 19 0.151 -0.688 2.163
33 20 0.184 -0.725 2.065
34 1 0.120 0.062 1.968
34 2 0.113 0.120 1.985
34 3 0.123 0.359 1.909
34 4 0.148 0.507 1.792
34 5 -0.019 0.279 1.884
34 6 -0.006 0.083 1.806
34 7 0.118 0.099 1.660
34 8 0.167 0.122 1.599
34 9 0.303 0.292 1.949
34 10 0.294 0.066 1.886
34 11 0.104 0.102 1.697
34 12 0.166 0.115 1.605
34 13 0.058 -0.013 1.971
34 14 -0.012 -0.431 1.918
34 15 -0.058 -0.718 1.874
34 16 -0.037 -0.762 1.799
34 17 0.184 -0.017 1.997
34 18 0.220 -0.438 1.990
34 19 0.152 -0.693 2.167
34 20 0.185 -0.728 2.068
35 1 0.120 0.055 1.973
35 2 0.114 0.112 1.985
35 3 0.123 0.347 1.900
35 4 0.147 0.496 1.781
35 5 -0.019 0.272 1.876
35 6 -0.007 0.073 1.807
35 7 0.139 0.086 1.666
35 8 0.202 0.101 1.578
35 9 0.303 0.277 1.938
35 10 0.284 0.038 1.841
35 11 0.114 0.094 1.687
35 12 0.202 0.096 1.587
35 13 0.057 -0.020 1.976
35 14 -0.015 -0.434 1.926
35 15 -0.062 -0.713 1.872
35 16 -0.042 -0.760 1.796
35 17 0.183 -0.023 2.004
35 18 0.218 -0.442 1.999
35 19 0.151 -0.701 2.173
35 20 0.185 -0.732 2.073
36 1 0.119 0.048 1.977
36 2 0.114 0.105 1.983
36 3 0.122 0.336 1.892
36 4 0.143 0.486 1.770
36 5 -0.022 0.264 1.870
36 6 -0.009 0.065 1.808
36 7 0.140 0.077 1.670
36 8 0.217 0.090 1.570
36 9 0.300 0.266 1.927
36 10 0.280 0.027 1.823
36 11 0.129 0.085 1.673
36 12 0.213 0.087 1.580
36 13 0.056 -0.026 1.980
36 14 -0.018 -0.437 1.932
36 15 -0.065 -0.710 1.871
36 16 -0.046 -0.758 1.794
36 17 0.181 -0.028 2.009
36 18 0.214 -0.445 2.006
36 19 0.148 -0.707 2.178
36 20 0.184 -0.736 2.078
37 1 0.116 0.041 1.978
37 2 0.112 0.096 1.980
37 3 0.119 0.326 1.883
37 4 0.138 0.473 1.758
37 5 -0.026 0.255 1.864
37 6 -0.012 0.058 1.806
37 7 0.124 0.042 1.661
37 8 0.190 0.055 1.576
37 9 0.296 0.257 1.918
37 10 0.277 0.024 1.819
37 11 0.148 0.068 1.626
37 12 0.216 0.072 1.556
37 13 0.053 -0.032 1.983
37 14 -0.021 -0.439 1.939
37 15 -0.067 -0.707 1.871
37 16 -0.050 -0.756 1.794
37 17 0.178 -0.034 2.011
37 18 0.209 -0.449 2.011
37 19 0.143 -0.712 2.183
37 20 0.181 -0.739 2.083
38 1 0.112 0.034 1.978
38 2 0.108 0.087 1.974
38 3 0.112 0.315 1.873
38 4 0.133 0.464 1.747
38 5 -0.032 0.246 1.855
38 6 -0.020 0.051 1.800
38 7 0.107 0.024 1.649
38 8 0.156 0.035 1.571
38 9 0.292 0.251 1.912
38 10 0.265 0.031 1.839
38 11 0.074 0.040 1.685
38 12 0.141 0.048 1.577
38 13 0.051 -0.037 1.984
38 14 -0.028 -0.443 1.945
38 15 -0.069 -0.704 1.872
38 16 -0.052 -0.756 1.796
38 17 0.173 -0.039 2.012
38 18 0.205 -0.452 2.015
38 19 0.135 -0.715 2.188
38 20 0.176 -0.742 2.088
39 1 0.106 0.028 1.975
39 2 0.102 0.079 1.968
39 3 0.105 0.308 1.864
39 4 0.129 0.457 1.738
39 5 -0.038 0.240 1.846
39 6 -0.037 0.044 1.792
39 7 0.094 0.017 1.643
39 8 0.136 0.026 1.569
39 9 0.288 0.245 1.907
39 10 0.258 0.035 1.859
39 11 0.061 0.028 1.692
39 12 0.112 0.035 1.583
39 13 0.046 -0.042 1.984
39 14 -0.032 -0.446 1.948
39 15 -0.071 -0.702 1.874
39 16 -0.054 -0.755 1.797
39 17 0.167 -0.044 2.011
39 18 0.200 -0.454 2.017
39 19 0.127 -0.717 2.190
39 20 0.170 -0.743 2.091
40 1 0.100 0.023 1.972
40 2 0.097 0.073 1.962
40 3 0.100 0.303 1.857
40 4 0.126 0.451 1.730
40 5 -0.043 0.236 1.840
40 6 -0.052 0.040 1.787
40 7 0.083 0.015 1.641
40 8 0.124 0.022 1.571
40 9 0.283 0.241 1.903
40 10 0.256 0.037 1.867
40 11 0.124 0.041 1.649
40 12 0.099 0.035 1.570
40 13 0.041 -0.046 1.982
40 14 -0.035 -0.448 1.950
40 15 -0.072 -0.701 1.876
40 16 -0.056 -0.754 1.800
40 17 0.161 -0.049 2.009
40 18 0.196 -0.455 2.018
40 19 0.121 -0.718 2.191
40 20 0.164 -0.744 2.093
41 1 0.095 0.018 1.968
41 2 0.092 0.069 1.956
41 3 0.096 0.300 1.852
41 4 0.124 0.447 1.724
41 5 -0.047 0.233 1.836
41 6 -0.074 0.038 1.794
41 7 0.079 0.016 1.646
41 8 0.131 0.014 1.593
41 9 0.278 0.238 1.900
41 10 0.257 0.041 1.868
41 11 0.134 0.027 1.632
41 12 0.139 0.014 1.569
41 13 0.035 -0.050 1.979
41 14 -0.038 -0.449 1.952
41 15 -0.073 -0.699 1.878
41 16 -0.058 -0.754 1.802
41 17 0.154 -0.053 2.005
41 18 0.191 -0.457 2.018
41 19 0.117 -0.719 2.192
41 20 0.160 -0.745 2.094
42 1 0.089 0.015 1.965
42 2 0.088 0.066 1.951
42 3 0.093 0.298 1.848
42 4 0.121 0.444 1.719
42 5 -0.051 0.231 1.832
42 6 -0.096 0.039 1.808
42 7 0.102 0.022 1.667
42 8 0.142 0.015 1.617
42 9 0.274 0.235 1.896
42 10 0.266 0.046 1.860
42 11 0.150 0.025 1.634
42 12 0.166 0.011 1.590
42 13 0.029 -0.052 1.976
42 14 -0.041 -0.450 1.952
42 15 -0.074 -0.698 1.879
42 16 -0.058 -0.754 1.803
42 17 0.149 -0.056 2.002
42 18 0.187 -0.457 2.018
42 19 0.113 -0.719 2.192
42 20 0.158 -0.745 2.095
43 1 0.084 0.014 1.961
43 2 0.083 0.064 1.947
43 3 0.090 0.298 1.845
43 4 0.118 0.442 1.714
43 5 -0.057 0.231 1.830
43 6 -0.116 0.044 1.821
43 7 0.110 0.029 1.686
43 8 0.199 0.040 1.625
43 9 0.270 0.235 1.894
43 10 0.287 0.046 1.842
43 11 0.163 0.027 1.649
43 12 0.204 0.029 1.609
43 13 0.023 -0.054 1.973
43 14 -0.044 -0.450 1.951
43 15 -0.075 -0.698 1.880
43 16 -0.060 -0.754 1.804
43 17 0.144 -0.058 1.997
43 18 0.183 -0.457 2.016
43 19 0.109 -0.718 2.191
43 20 0.155 -0.745 2.096
44 1 0.080 0.013 1.957
44 2 0.080 0.063 1.943
44 3 0.087 0.299 1.842
44 4 0.116 0.442 1.711
44 5 -0.063 0.231 1.828
44 6 -0.136 0.052 1.836
44 7 0.080 0.040 1.709
44 8 0.150 0.044 1.671
44 9 0.267 0.235 1.892
44 10 0.321 0.060 1.847
44 11 0.145 0.045 1.682
44 12 0.089 0.051 1.648
44 13 0.016 -0.056 1.968
44 14 -0.047 -0.449 1.948
44 15 -0.075 -0.698 1.881
44 16 -0.060 -0.754 1.805
44 17 0.140 -0.059 1.994
44 18 0.179 -0.457 2.014
44 19 0.105 -0.717 2.190
44 20 0.153 -0.745 2.095
45 1 0.076 0.014 1.952
45 2 0.076 0.064 1.938
45 3 0.080 0.305 1.840
45 4 0.112 0.442 1.708
45 5 -0.072 0.234 1.829
45 6 -0.155 0.062 1.846
45 7 0.024 0.066 1.721
45 8 0.081 0.071 1.682
45 9 0.264 0.237 1.892
45 10 0.371 0.093 1.851
45 11 0.258 0.136 1.660
45 12 0.228 0.156 1.598
45 13 0.009 -0.055 1.961
45 14 -0.049 -0.447 1.945
45 15 -0.076 -0.697 1.881
45 16 -0.061 -0.754 1.805
45 17 0.138 -0.059 1.991
45 18 0.175 -0.455 2.009
45 19 0.103 -0.714 2.187
45 20 0.151 -0.743 2.094
46 1 0.072 0.018 1.946
46 2 0.072 0.069 1.933
46 3 0.072 0.316 1.841
46 4 0.107 0.447 1.707
46 5 -0.088 0.248 1.833
46 6 -0.197 0.092 1.850
46 7 -0.039 0.115 1.715
46 8 0.008 0.118 1.675
46 9 0.260 0.249 1.901
46 10 0.406 0.128 1.895
46 11 0.324 0.194 1.706
46 12 0.288 0.223 1.654
46 13 0.003 -0.053 1.955
46 14 -0.051 -0.444 1.939
46 15 -0.077 -0.700 1.881
46 16 -0.061 -0.754 1.805
46 17 0.136 -0.057 1.985
46 18 0.172 -0.453 2.002
46 19 0.102 -0.710 2.184
46 20 0.150 -0.741 2.091
47 1 0.067 0.030 1.938
47 2 0.066 0.080 1.927
47 3 0.062 0.335 1.850
47 4 0.100 0.457 1.709
47 5 -0.108 0.273 1.848
47 6 -0.231 0.127 1.852
47 7 -0.106 0.181 1.709
47 8 -0.070 0.160 1.675
47 9 0.258 0.276 1.923
47 10 0.437 0.181 1.937
47 11 0.384 0.270 1.747
47 12 0.349 0.315 1.703
47 13 -0.003 -0.046 1.947
47 14 -0.051 -0.440 1.931
47 15 -0.077 -0.701 1.880
47 16 -0.062 -0.754 1.805
47 17 0.137 -0.049 1.972
47 18 0.171 -0.450 1.996
47 19 0.101 -0.706 2.180
47 20 0.149 -0.738 2.088
48 1 0.065 0.048 1.931
48 2 0.064 0.097 1.922
48 3 0.056 0.354 1.863
48 4 0.093 0.476 1.718
48 5 -0.116 0.290 1.861
48 6 -0.279 0.190 1.847
48 7 -0.160 0.247 1.707
48 8 -0.124 0.243 1.673
48 9 0.264 0.309 1.948
48 10 0.465 0.249 1.970
48 11 0.416 0.361 1.790
48 12 0.371 0.399 1.749
48 13 -0.008 -0.035 1.938
48 14 -0.050 -0.434 1.921
48 15 -0.077 -0.702 1.879
48 16 -0.062 -0.754 1.804
48 17 0.140 -0.035 1.961
48 18 0.171 -0.446 1.983
48 19 0.103 -0.698 2.172
48 20 0.150 -0.734 2.083
49 1 0.066 0.072 1.926
49 2 0.064 0.118 1.920
49 3 0.054 0.370 1.877
49 4 0.089 0.488 1.726
49 5 -0.119 0.301 1.870
49 6 -0.310 0.263 1.828
49 7 -0.163 0.373 1.688
49 8 -0.136 0.379 1.656
49 9 0.272 0.343 1.973
49 10 0.486 0.334 1.987
49 11 0.397 0.443 1.813
49 12 0.353 0.472 1.773
49 13 -0.008 -0.016 1.926
49 14 -0.048 -0.429 1.912
49 15 -0.077 -0.702 1.878
49 16 -0.060 -0.754 1.802
49 17 0.146 -0.016 1.951
49 18 0.173 -0.438 1.969
49 19 0.105 -0.687 2.163
49 20 0.151 -0.728 2.076
50 1 0.068 0.116 1.923
50 2 0.065 0.158 1.921
50 3 0.054 0.382 1.890
50 4 0.087 0.499 1.734
50 5 -0.126 0.329 1.887
50 6 -0.327 0.347 1.807
50 7 -0.174 0.471 1.691
50 8 -0.137 0.493 1.655
50 9 0.287 0.372 1.996
50 10 0.499 0.419 2.006
50 11 0.376 0.509 1.834
50 12 0.344 0.544 1.791
50 13 -0.011 0.015 1.916
50 14 -0.042 -0.414 1.898
50 15 -0.075 -0.702 1.875
50 16 -0.059 -0.752 1.799
50 17 0.154 0.017 1.942
50 18 0.175 -0.415 1.950
50 19 0.119 -0.669 2.135
50 20 0.160 -0.720 2.053
51 1 0.066 0.141 1.922
51 2 0.061 0.181 1.921
51 3 0.026 0.394 1.901
51 4 0.087 0.508 1.745
51 5 -0.145 0.353 1.898
51 6 -0.328 0.453 1.792
51 7 -0.168 0.549 1.692
51 8 -0.119 0.576 1.665
51 9 0.294 0.385 2.007
51 10 0.486 0.480 2.034
51 11 0.367 0.568 1.861
51 12 0.339 0.607 1.819
51 13 -0.012 0.032 1.912
51 14 -0.037 -0.401 1.888
51 15 -0.073 -0.701 1.870
51 16 -0.056 -0.749 1.794
51 17 0.158 0.033 1.939
51 18 0.177 -0.401 1.941
51 19 0.127 -0.654 2.128
51 20 0.163 -0.712 2.046
52 1 0.066 0.152 1.921
52 2 0.061 0.191 1.921
52 3 0.023 0.398 1.905
52 4 0.088 0.513 1.751
52 5 -0.131 0.361 1.906
52 6 -0.306 0.495 1.817
52 7 -0.190 0.610 1.701
52 8 -0.150 0.624 1.677
52 9 0.300 0.395 2.016
52 10 0.460 0.540 2.033
52 11 0.364 0.624 1.871
52 12 0.344 0.658 1.824
52 13 -0.007 0.042 1.910
52 14 -0.031 -0.392 1.880
52 15 -0.070 -0.702 1.863
52 16 -0.053 -0.748 1.788
52 17 0.164 0.045 1.939
52 18 0.179 -0.391 1.935
52 19 0.131 -0.643 2.124
52 20 0.166 -0.706 2.042
53 1 0.068 0.159 1.921
53 2 0.061 0.198 1.920
53 3 0.026 0.396 1.905
53 4 0.089 0.516 1.756
53 5 -0.121 0.366 1.911
53 6 -0.296 0.538 1.838
53 7 -0.216 0.659 1.706
53 8 -0.181 0.687 1.669
53 9 0.303 0.403 2.021
53 10 0.435 0.573 2.018
53 11 0.393 0.688 1.867
53 12 0.382 0.719 1.815
53 13 -0.001 0.049 1.909
53 14 -0.026 -0.386 1.874
53 15 -0.067 -0.703 1.857
53 16 -0.049 -0.748 1.783
53 17 0.169 0.052 1.940
53 18 0.181 -0.384 1.932
53 19 0.135 -0.634 2.124
53 20 0.167 -0.699 2.042
54 1 0.071 0.162 1.922
54 2 0.064 0.200 1.920
54 3 0.032 0.392 1.903
54 4 0.090 0.517 1.760
54 5 -0.113 0.371 1.914
54 6 -0.285 0.550 1.851
54 7 -0.254 0.696 1.721
54 8 -0.235 0.730 1.675
54 9 0.304 0.409 2.024
54 10 0.429 0.593 2.012
54 11 0.453 0.731 1.877
54 12 0.460 0.766 1.825
54 13 0.006 0.054 1.910
54 14 -0.022 -0.381 1.871
54 15 -0.064 -0.705 1.853
54 16 -0.046 -0.748 1.778
54 17 0.173 0.057 1.942
54 18 0.183 -0.379 1.931
54 19 0.139 -0.628 2.126
54 20 0.170 -0.693 2.043
55 1 0.076 0.161 1.923
55 2 0.068 0.200 1.921
55 3 0.040 0.387 1.900
55 4 0.091 0.518 1.763
55 5 -0.107 0.375 1.916
55 6 -0.276 0.556 1.861
55 7 -0.272 0.705 1.731
55 8 -0.269 0.768 1.686
55 9 0.302 0.415 2.022
55 10 0.429 0.609 2.007
55 11 0.510 0.759 1.892
55 12 0.538 0.801 1.850
55 13 0.012 0.058 1.912
55 14 -0.019 -0.377 1.869
55 15 -0.061 -0.704 1.850
55 16 -0.044 -0.747 1.775
55 17 0.175 0.061 1.943
55 18 0.185 -0.375 1.932
55 19 0.142 -0.623 2.129
55 20 0.172 -0.689 2.046
56 1 0.080 0.158 1.924
56 2 0.073 0.197 1.921
56 3 0.050 0.384 1.896
56 4 0.092 0.518 1.766
56 5 -0.102 0.377 1.917
56 6 -0.272 0.549 1.875
56 7 -0.279 0.695 1.743
56 8 -0.276 0.743 1.702
56 9 0.301 0.418 2.018
56 10 0.440 0.600 2.004
56 11 0.535 0.751 1.902
56 12 0.560 0.791 1.861
56 13 0.016 0.059 1.914
56 14 -0.016 -0.374 1.869
56 15 -0.059 -0.705 1.849
56 16 -0.042 -0.747 1.773
56 17 0.177 0.063 1.945
56 18 0.188 -0.372 1.934
56 19 0.144 -0.620 2.132
56 20 0.174 -0.687 2.050
57 1 0.086 0.154 1.925
57 2 0.079 0.193 1.920
57 3 0.061 0.385 1.894
57 4 0.095 0.519 1.767
57 5 -0.097 0.378 1.917
57 6 -0.271 0.504 1.895
57 7 -0.256 0.651 1.773
57 8 -0.229 0.690 1.737
57 9 0.300 0.419 2.011
57 10 0.457 0.573 2.013
57 11 0.525 0.724 1.910
57 12 0.520 0.760 1.866
57 13 0.020 0.059 1.915
57 14 -0.013 -0.373 1.870
57 15 -0.058 -0.706 1.849
57 16 -0.041 -0.748 1.772
57 17 0.178 0.063 1.946
57 18 0.191 -0.371 1.938
57 19 0.145 -0.620 2.135
57 20 0.175 -0.687 2.054
58 1 0.091 0.148 1.925
58 2 0.085 0.189 1.919
58 3 0.069 0.386 1.891
58 4 0.097 0.520 1.768
58 5 -0.093 0.376 1.916
58 6 -0.266 0.444 1.912
58 7 -0.213 0.597 1.807
58 8 -0.167 0.627 1.782
58 9 0.305 0.412 2.003
58 10 0.466 0.533 2.025
58 11 0.437 0.669 1.908
58 12 0.413 0.707 1.866
58 13 0.024 0.058 1.916
58 14 -0.011 -0.373 1.872
58 15 -0.056 -0.708 1.850
58 16 -0.039 -0.749 1.772
58 17 0.181 0.061 1.946
58 18 0.193 -0.372 1.942
58 19 0.146 -0.621 2.139
58 20 0.177 -0.688 2.057
59 1 0.095 0.143 1.924
59 2 0.089 0.185 1.918
59 3 0.076 0.388 1.889
59 4 0.100 0.521 1.768
59 5 -0.090 0.374 1.914
59 6 -0.266 0.389 1.932
59 7 -0.176 0.548 1.832
59 8 -0.133 0.586 1.808
59 9 0.309 0.406 1.997
59 10 0.466 0.510 2.028
59 11 0.375 0.617 1.903
59 12 0.351 0.661 1.864
59 13 0.026 0.055 1.917
59 14 -0.010 -0.375 1.876
59 15 -0.055 -0.710 1.852
59 16 -0.038 -0.750 1.772
59 17 0.183 0.057 1.946
59 18 0.194 -0.374 1.945
59 19 0.146 -0.625 2.142
59 20 0.178 -0.690 2.060
60 1 0.099 0.138 1.923
60 2 0.094 0.181 1.916
60 3 0.081 0.389 1.886
60 4 0.103 0.522 1.767
60 5 -0.087 0.370 1.913
60 6 -0.266 0.371 1.938
60 7 -0.161 0.527 1.841
60 8 -0.113 0.564 1.818
60 9 0.312 0.400 1.993
60 10 0.477 0.462 2.038
60 11 0.346 0.563 1.913
60 12 0.315 0.606 1.875
60 13 0.029 0.051 1.917
60 14 -0.009 -0.379 1.880
60 15 -0.054 -0.712 1.854
60 16 -0.038 -0.751 1.772
60 17 0.185 0.052 1.945
60 18 0.195 -0.378 1.947
60 19 0.146 -0.630 2.145
60 20 0.178 -0.693 2.062
61 1 0.102 0.134 1.922
61 2 0.097 0.177 1.915
61 3 0.085 0.389 1.885
61 4 0.107 0.522 1.766
61 5 -0.085 0.366 1.911
61 6 -0.265 0.382 1.927
61 7 -0.182 0.538 1.811
61 8 -0.149 0.583 1.777
61 9 0.316 0.394 1.991
61 10 0.484 0.448 2.031
61 11 0.387 0.573 1.882
61 12 0.363 0.615 1.839
61 13 0.031 0.047 1.916
61 14 -0.009 -0.381 1.882
61 15 -0.054 -0.713 1.856
61 16 -0.037 -0.753 1.773
61 17 0.187 0.047 1.944
61 18 0.197 -0.381 1.948
61 19 0.147 -0.633 2.146
61 20 0.179 -0.694 2.063
62 1 0.104 0.131 1.921
62 2 0.101 0.174 1.914
62 3 0.088 0.389 1.884
62 4 0.111 0.522 1.765
62 5 -0.082 0.363 1.911
62 6 -0.268 0.404 1.909
62 7 -0.232 0.584 1.769
62 8 -0.219 0.635 1.732
62 9 0.319 0.389 1.989
62 10 0.488 0.452 1.998
62 11 0.457 0.614 1.844
62 12 0.442 0.656 1.798
62 13 0.033 0.043 1.915
62 14 -0.007 -0.384 1.882
62 15 -0.053 -0.714 1.856
62 16 -0.037 -0.753 1.773
62 17 0.189 0.043 1.943
62 18 0.198 -0.386 1.945
62 19 0.149 -0.635 2.146
62 20 0.180 -0.695 2.061
63 1 0.106 0.129 1.920
63 2 0.103 0.172 1.913
63 3 0.091 0.388 1.884
63 4 0.114 0.522 1.766
63 5 -0.081 0.361 1.911
63 6 -0.275 0.456 1.874
63 7 -0.272 0.618 1.745
63 8 -0.266 0.668 1.709
63 9 0.321 0.387 1.988
63 10 0.498 0.485 1.954
63 11 0.519 0.637 1.820
63 12 0.528 0.689 1.781
63 13 0.035 0.041 1.915
63 14 -0.004 -0.387 1.877
63 15 -0.052 -0.715 1.856
63 16 -0.029 -0.761 1.785
63 17 0.191 0.041 1.943
63 18 0.201 -0.390 1.938
63 19 0.151 -0.637 2.143
63 20 0.182 -0.696 2.058
64 1 0.108 0.127 1.920
64 2 0.105 0.171 1.913
64 3 0.097 0.389 1.888
64 4 0.119 0.521 1.771
64 5 -0.079 0.360 1.911
64 6 -0.278 0.493 1.851
64 7 -0.316 0.656 1.737
64 8 -0.325 0.710 1.702
64 9 0.322 0.385 1.986
64 10 0.504 0.507 1.930
64 11 0.569 0.663 1.806
64 12 0.580 0.712 1.768
64 13 0.036 0.039 1.914
64 14 0.001 -0.390 1.865
64 15 -0.047 -0.713 1.847
64 16 -0.016 -0.768 1.802
64 17 0.192 0.039 1.942
64 18 0.205 -0.393 1.929
64 19 0.154 -0.637 2.140
64 20 0.183 -0.695 2.053
65 1 0.110 0.126 1.919
65 2 0.107 0.170 1.912
65 3 0.103 0.391 1.894
65 4 0.125 0.523 1.779
65 5 -0.077 0.360 1.911
65 6 -0.278 0.504 1.849
65 7 -0.322 0.666 1.760
65 8 -0.328 0.719 1.732
65 9 0.323 0.384 1.985
65 10 0.507 0.512 1.925
65 11 0.562 0.675 1.829
65 12 0.546 0.726 1.804
65 13 0.038 0.037 1.912
65 14 0.006 -0.391 1.850
65 15 -0.042 -0.710 1.837
65 16 -0.005 -0.768 1.804
65 17 0.194 0.037 1.939
65 18 0.209 -0.395 1.918
65 19 0.157 -0.636 2.134
65 20 0.185 -0.694 2.047
66 1 0.114 0.124 1.917
66 2 0.111 0.168 1.912
66 3 0.109 0.392 1.900
66 4 0.130 0.525 1.787
66 5 -0.075 0.360 1.913
66 6 -0.272 0.486 1.887
66 7 -0.282 0.658 1.816
66 8 -0.273 0.708 1.788
66 9 0.325 0.382 1.984
66 10 0.508 0.503 1.954
66 11 0.502 0.661 1.872
66 12 0.482 0.695 1.845
66 13 0.043 0.034 1.906
66 14 0.010 -0.394 1.838
66 15 -0.039 -0.708 1.829
66 16 0.004 -0.767 1.804
66 17 0.199 0.033 1.933
66 18 0.213 -0.399 1.908
66 19 0.162 -0.635 2.129
66 20 0.190 -0.689 2.037
67 1 0.119 0.122 1.914
67 2 0.116 0.167 1.910
67 3 0.114 0.393 1.904
67 4 0.135 0.527 1.795
67 5 -0.073 0.359 1.914
67 6 -0.262 0.473 1.919
67 7 -0.246 0.652 1.863
67 8 -0.226 0.705 1.835
67 9 0.328 0.379 1.985
67 10 0.501 0.481 2.000
67 11 0.442 0.630 1.913
67 12 0.415 0.670 1.881
67 13 0.049 0.031 1.897
67 14 0.014 -0.395 1.828
67 15 -0.036 -0.706 1.822
67 16 0.011 -0.765 1.803
67 17 0.204 0.030 1.925
67 18 0.216 -0.401 1.902
67 19 0.166 -0.635 2.124
67 20 0.194 -0.687 2.031
68 1 0.127 0.122 1.909
68 2 0.122 0.167 1.909
68 3 0.118 0.394 1.908
68 4 0.139 0.531 1.804
68 5 -0.069 0.358 1.919
68 6 -0.251 0.454 1.953
68 7 -0.187 0.630 1.915
68 8 -0.151 0.693 1.888
68 9 0.332 0.377 1.989
68 10 0.493 0.474 2.032
68 11 0.378 0.609 1.953
68 12 0.343 0.649 1.922
68 13 0.061 0.031 1.882
68 14 0.018 -0.395 1.819
68 15 -0.033 -0.702 1.815
68 16 0.001 -0.748 1.761
68 17 0.210 0.028 1.920
68 18 0.219 -0.402 1.895
68 19 0.170 -0.635 2.119
68 20 0.197 -0.686 2.026
69 1 0.134 0.123 1.906
69 2 0.129 0.168 1.909
69 3 0.125 0.396 1.914
69 4 0.143 0.536 1.814
69 5 -0.066 0.356 1.925
69 6 -0.246 0.448 1.966
69 7 -0.145 0.614 1.946
69 8 -0.099 0.678 1.919
69 9 0.336 0.375 1.993
69 10 0.491 0.471 2.044
69 11 0.341 0.595 1.978
69 12 0.301 0.635 1.948
69 13 0.068 0.032 1.874
69 14 0.023 -0.394 1.812
69 15 -0.032 -0.700 1.811
69 16 -0.005 -0.739 1.739
69 17 0.216 0.027 1.916
69 18 0.221 -0.403 1.888
69 19 0.176 -0.632 2.114
69 20 0.202 -0.683 2.021
70 1 0.138 0.123 1.904
70 2 0.134 0.168 1.909
70 3 0.129 0.397 1.919
70 4 0.145 0.540 1.825
70 5 -0.063 0.355 1.933
70 6 -0.241 0.452 1.972
70 7 -0.163 0.638 1.927
70 8 -0.109 0.701 1.907
70 9 0.339 0.374 1.998
70 10 0.490 0.471 2.048
70 11 0.379 0.627 1.968
70 12 0.355 0.698 1.934
70 13 0.072 0.032 1.869
70 14 0.027 -0.393 1.806
70 15 -0.031 -0.698 1.807
70 16 -0.009 -0.734 1.726
70 17 0.222 0.027 1.911
70 18 0.225 -0.403 1.878
70 19 0.181 -0.629 2.108
70 20 0.206 -0.680 2.016
71 1 0.142 0.123 1.902
71 2 0.138 0.168 1.911
71 3 0.138 0.395 1.934
71 4 0.148 0.544 1.849
71 5 -0.061 0.355 1.941
71 6 -0.226 0.487 1.956
71 7 -0.168 0.676 1.912
71 8 -0.152 0.740 1.886
71 9 0.342 0.373 2.001
71 10 0.493 0.497 2.014
71 11 0.436 0.676 1.931
71 12 0.424 0.736 1.901
71 13 0.075 0.032 1.866
71 14 0.030 -0.392 1.800
71 15 -0.030 -0.697 1.805
71 16 -0.011 -0.731 1.718
71 17 0.226 0.026 1.906
71 18 0.231 -0.403 1.868
71 19 0.185 -0.624 2.104
71 20 0.210 -0.676 2.012
72 1 0.146 0.122 1.901
72 2 0.142 0.166 1.913
72 3 0.144 0.393 1.949
72 4 0.149 0.549 1.878
72 5 -0.057 0.356 1.949
72 6 -0.203 0.520 1.929
72 7 -0.186 0.706 1.887
72 8 -0.186 0.765 1.864
72 9 0.344 0.372 2.003
72 10 0.491 0.526 1.972
72 11 0.501 0.700 1.891
72 12 0.513 0.760 1.861
72 13 0.077 0.032 1.864
72 14 0.033 -0.392 1.795
72 15 -0.029 -0.696 1.803
72 16 -0.013 -0.729 1.713
72 17 0.230 0.026 1.902
72 18 0.235 -0.404 1.861
72 19 0.188 -0.620 2.101
72 20 0.212 -0.673 2.010
73 1 0.148 0.120 1.899
73 2 0.145 0.162 1.916
73 3 0.147 0.392 1.960
73 4 0.149 0.553 1.896
73 5 -0.052 0.356 1.956
73 6 -0.178 0.546 1.903
73 7 -0.215 0.727 1.846
73 8 -0.225 0.784 1.830
73 9 0.345 0.371 2.004
73 10 0.487 0.544 1.934
73 11 0.551 0.718 1.854
73 12 0.583 0.769 1.825
73 13 0.078 0.032 1.862
73 14 0.035 -0.393 1.792
73 15 -0.028 -0.695 1.802
73 16 -0.014 -0.727 1.709
73 17 0.232 0.025 1.897
73 18 0.238 -0.405 1.855
73 19 0.190 -0.618 2.098
73 20 0.214 -0.672 2.007
74 1 0.151 0.115 1.898
74 2 0.148 0.158 1.919
74 3 0.149 0.391 1.966
74 4 0.148 0.558 1.911
74 5 -0.044 0.357 1.962
74 6 -0.168 0.555 1.893
74 7 -0.232 0.731 1.816
74 8 -0.248 0.789 1.807
74 9 0.343 0.371 2.003
74 10 0.491 0.546 1.919
74 11 0.570 0.717 1.837
74 12 0.604 0.760 1.812
74 13 0.080 0.031 1.861
74 14 0.037 -0.394 1.789
74 15 -0.027 -0.695 1.801
74 16 -0.008 -0.747 1.744
74 17 0.233 0.024 1.892
74 18 0.241 -0.405 1.851
74 19 0.193 -0.617 2.096
74 20 0.216 -0.671 2.005
75 1 0.153 0.111 1.896
75 2 0.150 0.154 1.922
75 3 0.150 0.392 1.971
75 4 0.149 0.562 1.919
75 5 -0.038 0.358 1.965
75 6 -0.164 0.557 1.888
75 7 -0.239 0.729 1.804
75 8 -0.261 0.784 1.791
75 9 0.342 0.371 2.001
75 10 0.514 0.512 1.929
75 11 0.566 0.687 1.843
75 12 0.590 0.736 1.825
75 13 0.081 0.029 1.860
75 14 0.038 -0.395 1.787
75 15 -0.026 -0.694 1.800
75 16 -0.004 -0.757 1.762
75 17 0.233 0.023 1.887
75 18 0.243 -0.406 1.849
75 19 0.195 -0.616 2.094
75 20 0.217 -0.671 2.004
76 1 0.155 0.107 1.895
76 2 0.152 0.151 1.924
76 3 0.151 0.393 1.975
76 4 0.149 0.565 1.925
76 5 -0.034 0.359 1.967
76 6 -0.180 0.529 1.898
76 7 -0.240 0.700 1.810
76 8 -0.257 0.754 1.789
76 9 0.344 0.369 2.000
76 10 0.537 0.480 1.952
76 11 0.555 0.667 1.875
76 12 0.556 0.721 1.856
76 13 0.083 0.028 1.860
76 14 0.039 -0.396 1.786
76 15 -0.026 -0.694 1.799
76 16 -0.001 -0.763 1.772
76 17 0.233 0.022 1.885
76 18 0.245 -0.408 1.852
76 19 0.196 -0.616 2.099
76 20 0.218 -0.672 2.008
77 1 0.156 0.106 1.895
77 2 0.153 0.149 1.926
77 3 0.152 0.398 1.975
77 4 0.151 0.571 1.924
77 5 -0.031 0.359 1.969
77 6 -0.203 0.499 1.919
77 7 -0.236 0.670 1.826
77 8 -0.246 0.725 1.801
77 9 0.351 0.365 1.999
77 10 0.556 0.451 1.990
77 11 0.531 0.637 1.920
77 12 0.520 0.693 1.898
77 13 0.084 0.027 1.861
77 14 0.040 -0.397 1.785
77 15 -0.023 -0.691 1.796
77 16 -0.003 -0.746 1.746
77 17 0.234 0.021 1.883
77 18 0.247 -0.410 1.859
77 19 0.197 -0.619 2.103
77 20 0.219 -0.674 2.012
78 1 0.157 0.105 1.895
78 2 0.154 0.148 1.928
78 3 0.153 0.404 1.971
78 4 0.155 0.578 1.915
78 5 -0.029 0.360 1.969
78 6 -0.221 0.469 1.945
78 7 -0.221 0.643 1.859
78 8 -0.215 0.698 1.831
78 9 0.368 0.360 2.002
78 10 0.563 0.437 2.020
78 11 0.489 0.612 1.969
78 12 0.460 0.666 1.947
78 13 0.085 0.026 1.862
78 14 0.041 -0.397 1.785
78 15 -0.021 -0.689 1.793
78 16 -0.004 -0.735 1.726
78 17 0.234 0.021 1.882
78 18 0.248 -0.411 1.867
78 19 0.198 -0.622 2.108
78 20 0.220 -0.678 2.018
79 1 0.158 0.105 1.895
79 2 0.155 0.149 1.930
79 3 0.154 0.410 1.965
79 4 0.159 0.584 1.905
79 5 -0.028 0.360 1.970
79 6 -0.227 0.454 1.960
79 7 -0.198 0.626 1.890
79 8 -0.168 0.676 1.861
79 9 0.377 0.358 2.003
79 10 0.563 0.429 2.041
79 11 0.451 0.592 2.007
79 12 0.409 0.635 1.987
79 13 0.086 0.025 1.864
79 14 0.041 -0.398 1.785
79 15 -0.019 -0.685 1.787
79 16 -0.005 -0.726 1.710
79 17 0.236 0.021 1.881
79 18 0.248 -0.412 1.875
79 19 0.198 -0.626 2.112
79 20 0.221 -0.683 2.023
80 1 0.160 0.106 1.896
80 2 0.156 0.150 1.932
80 3 0.155 0.415 1.960
80 4 0.161 0.587 1.895
80 5 -0.027 0.360 1.970
80 6 -0.230 0.447 1.969
80 7 -0.180 0.618 1.904
80 8 -0.137 0.661 1.877
80 9 0.383 0.357 2.004
80 10 0.563 0.425 2.052
80 11 0.435 0.582 2.021
80 12 0.391 0.625 2.000
80 13 0.086 0.025 1.868
80 14 0.041 -0.398 1.785
80 15 -0.019 -0.683 1.783
80 16 -0.007 -0.720 1.699
80 17 0.237 0.021 1.883
80 18 0.249 -0.412 1.881
80 19 0.198 -0.630 2.115
80 20 0.222 -0.686 2.025
81 1 0.160 0.108 1.898
81 2 0.157 0.152 1.934
81 3 0.155 0.418 1.956
81 4 0.162 0.589 1.889
81 5 -0.027 0.360 1.971
81 6 -0.232 0.444 1.975
81 7 -0.171 0.615 1.908
81 8 -0.121 0.654 1.880
81 9 0.386 0.357 2.005
81 10 0.559 0.428 2.056
81 11 0.436 0.590 2.003
81 12 0.403 0.642 1.973
81 13 0.086 0.025 1.871
81 14 0.040 -0.397 1.786
81 15 -0.021 -0.681 1.778
81 16 -0.010 -0.716 1.691
81 17 0.239 0.021 1.885
81 18 0.249 -0.412 1.884
81 19 0.198 -0.632 2.117
81 20 0.222 -0.688 2.027
82 1 0.161 0.109 1.900
82 2 0.157 0.154 1.936
82 3 0.154 0.420 1.953
82 4 0.163 0.590 1.886
82 5 -0.027 0.361 1.970
82 6 -0.234 0.458 1.970
82 7 -0.177 0.628 1.869
82 8 -0.136 0.670 1.832
82 9 0.388 0.358 2.006
82 10 0.546 0.446 2.038
82 11 0.467 0.648 1.940
82 12 0.455 0.701 1.904
82 13 0.086 0.025 1.874
82 14 0.039 -0.397 1.788
82 15 -0.027 -0.680 1.773
82 16 -0.017 -0.731 1.713
82 17 0.240 0.021 1.888
82 18 0.249 -0.411 1.887
82 19 0.198 -0.633 2.118
82 20 0.223 -0.690 2.029
83 1 0.160 0.111 1.901
83 2 0.156 0.156 1.939
83 3 0.152 0.422 1.952
83 4 0.161 0.591 1.885
83 5 -0.030 0.361 1.969
83 6 -0.234 0.482 1.936
83 7 -0.192 0.647 1.827
83 8 -0.169 0.688 1.785
83 9 0.380 0.364 2.006
83 10 0.525 0.496 1.993
83 11 0.512 0.677 1.894
83 12 0.509 0.730 1.857
83 13 0.086 0.026 1.876
83 14 0.038 -0.396 1.789
83 15 -0.036 -0.679 1.770
83 16 -0.019 -0.736 1.722
83 17 0.240 0.022 1.891
83 18 0.249 -0.411 1.889
83 19 0.198 -0.634 2.119
83 20 0.223 -0.691 2.030
84 1 0.159 0.113 1.903
84 2 0.154 0.157 1.941
84 3 0.145 0.423 1.952
84 4 0.150 0.594 1.893
84 5 -0.038 0.362 1.963
84 6 -0.237 0.497 1.893
84 7 -0.210 0.662 1.786
84 8 -0.194 0.709 1.750
84 9 0.361 0.375 2.005
84 10 0.509 0.529 1.960
84 11 0.551 0.702 1.854
84 12 0.558 0.755 1.816
84 13 0.086 0.026 1.878
84 14 0.035 -0.396 1.791
84 15 -0.050 -0.680 1.769
84 16 -0.021 -0.739 1.726
84 17 0.239 0.023 1.894
84 18 0.248 -0.410 1.890
84 19 0.197 -0.635 2.120
84 20 0.222 -0.691 2.030
85 1 0.153 0.114 1.903
85 2 0.145 0.159 1.943
85 3 0.126 0.429 1.954
85 4 0.137 0.602 1.903
85 5 -0.052 0.361 1.951
85 6 -0.244 0.498 1.858
85 7 -0.216 0.666 1.770
85 8 -0.202 0.715 1.737
85 9 0.339 0.383 2.003
85 10 0.502 0.541 1.949
85 11 0.555 0.708 1.845
85 12 0.548 0.757 1.815
85 13 0.082 0.026 1.877
85 14 0.031 -0.396 1.793
85 15 -0.061 -0.681 1.769
85 16 -0.027 -0.742 1.729
85 17 0.233 0.024 1.896
85 18 0.246 -0.409 1.890
85 19 0.194 -0.634 2.120
85 20 0.221 -0.691 2.031
86 1 0.142 0.114 1.900
86 2 0.131 0.159 1.940
86 3 0.112 0.432 1.954
86 4 0.124 0.608 1.912
86 5 -0.071 0.356 1.929
86 6 -0.263 0.479 1.832
86 7 -0.216 0.656 1.767
86 8 -0.179 0.696 1.762
86 9 0.325 0.385 2.003
86 10 0.468 0.528 1.982
86 11 0.461 0.683 1.895
86 12 0.432 0.730 1.872
86 13 0.070 0.025 1.869
86 14 0.024 -0.398 1.793
86 15 -0.070 -0.679 1.769
86 16 -0.039 -0.746 1.738
86 17 0.224 0.024 1.896
86 18 0.242 -0.409 1.889
86 19 0.185 -0.634 2.120
86 20 0.217 -0.691 2.031
87 1 0.124 0.124 1.895
87 2 0.110 0.168 1.935
87 3 0.095 0.434 1.950
87 4 0.113 0.612 1.917
87 5 -0.099 0.342 1.904
87 6 -0.282 0.449 1.824
87 7 -0.201 0.619 1.803
87 8 -0.151 0.675 1.805
87 9 0.315 0.390 2.029
87 10 0.444 0.532 2.028
87 11 0.351 0.658 1.956
87 12 0.350 0.717 1.909
87 13 0.057 0.029 1.858
87 14 0.014 -0.396 1.791
87 15 -0.077 -0.678 1.770
87 16 -0.049 -0.749 1.743
87 17 0.215 0.027 1.895
87 18 0.224 -0.404 1.885
87 19 0.174 -0.633 2.117
87 20 0.211 -0.690 2.030
88 1 0.108 0.129 1.885
88 2 0.092 0.172 1.926
88 3 0.081 0.436 1.945
88 4 0.107 0.615 1.919
88 5 -0.111 0.337 1.892
88 6 -0.293 0.430 1.824
88 7 -0.191 0.588 1.838
88 8 -0.131 0.643 1.857
88 9 0.310 0.392 2.036
88 10 0.366 0.560 2.063
88 11 0.197 0.630 2.015
88 12 0.170 0.679 1.988
88 13 0.044 0.032 1.850
88 14 0.003 -0.391 1.786
88 15 -0.082 -0.678 1.770
88 16 -0.055 -0.751 1.747
88 17 0.191 0.032 1.867
88 18 0.212 -0.401 1.880
88 19 0.163 -0.631 2.111
88 20 0.202 -0.689 2.028
89 1 0.100 0.136 1.882
89 2 0.082 0.177 1.923
89 3 0.073 0.437 1.943
89 4 0.101 0.617 1.919
89 5 -0.119 0.333 1.880
89 6 -0.300 0.420 1.824
89 7 -0.180 0.567 1.874
89 8 -0.124 0.615 1.902
89 9 0.307 0.393 2.041
89 10 0.285 0.564 2.115
89 11 0.077 0.557 2.056
89 12 0.039 0.603 2.034
89 13 0.036 0.036 1.842
89 14 -0.007 -0.388 1.779
89 15 -0.086 -0.677 1.769
89 16 -0.058 -0.752 1.749
89 17 0.183 0.042 1.877
89 18 0.201 -0.392 1.877
89 19 0.150 -0.622 2.107
89 20 0.191 -0.683 2.026
90 1 0.094 0.139 1.880
90 2 0.071 0.180 1.919
90 3 0.060 0.437 1.937
90 4 0.097 0.617 1.917
90 5 -0.124 0.331 1.867
90 6 -0.311 0.424 1.814
90 7 -0.176 0.559 1.886
90 8 -0.120 0.605 1.918
90 9 0.265 0.410 2.112
90 10 0.220 0.594 2.140
90 11 -0.004 0.506 2.115
90 12 -0.038 0.553 2.091
90 13 0.031 0.038 1.837
90 14 -0.019 -0.384 1.768
90 15 -0.088 -0.677 1.769
90 16 -0.061 -0.753 1.750
90 17 0.174 0.046 1.882
90 18 0.193 -0.388 1.873
90 19 0.141 -0.619 2.104
90 20 0.180 -0.679 2.022
91 1 0.086 0.142 1.877
91 2 0.057 0.182 1.914
91 3 0.046 0.437 1.930
91 4 0.092 0.617 1.914
91 5 -0.130 0.328 1.845
91 6 -0.310 0.453 1.780
91 7 -0.170 0.567 1.884
91 8 -0.122 0.611 1.915
91 9 0.213 0.414 2.152
91 10 0.197 0.601 2.152
91 11 -0.003 0.514 2.123
91 12 -0.035 0.563 2.098
91 13 0.025 0.041 1.827
91 14 -0.027 -0.382 1.759
91 15 -0.091 -0.677 1.767
91 16 -0.037 -0.718 1.740
91 17 0.161 0.048 1.890
91 18 0.186 -0.386 1.871
91 19 0.133 -0.616 2.101
91 20 0.171 -0.676 2.018
92 1 0.080 0.139 1.876
92 2 0.047 0.180 1.910
92 3 0.035 0.438 1.927
92 4 0.089 0.616 1.911
92 5 -0.129 0.325 1.829
92 6 -0.297 0.489 1.735
92 7 -0.167 0.606 1.833
92 8 -0.124 0.639 1.874
92 9 0.171 0.446 2.184
92 10 0.213 0.614 2.149
92 11 0.037 0.524 2.139
92 12 0.006 0.573 2.114
92 13 0.022 0.042 1.824
92 14 -0.032 -0.377 1.747
92 15 -0.092 -0.668 1.755
92 16 -0.030 -0.708 1.738
92 17 0.152 0.048 1.892
92 18 0.182 -0.384 1.868
92 19 0.126 -0.615 2.098
92 20 0.163 -0.671 2.013
93 1 0.068 0.168 1.894
93 2 0.031 0.207 1.922
93 3 0.027 0.439 1.925
93 4 0.034 0.626 1.919
93 5 -0.125 0.325 1.818
93 6 -0.264 0.515 1.690
93 7 -0.134 0.665 1.789
93 8 -0.097 0.704 1.820
93 9 0.199 0.474 2.215
93 10 0.247 0.649 2.170
93 11 0.087 0.501 2.169
93 12 0.048 0.487 2.159
93 13 0.020 0.058 1.831
93 14 -0.031 -0.359 1.736
93 15 -0.093 -0.665 1.748
93 16 -0.027 -0.703 1.737
93 17 0.147 0.075 1.927
93 18 0.175 -0.355 1.869
93 19 0.117 -0.585 2.098
93 20 0.157 -0.659 2.014
94 1 0.036 0.190 1.884
94 2 -0.002 0.225 1.911
94 3 -0.021 0.452 1.915
94 4 0.020 0.631 1.927
94 5 -0.124 0.324 1.807
94 6 -0.218 0.526 1.654
94 7 -0.145 0.702 1.667
94 8 -0.110 0.741 1.695
94 9 0.183 0.504 2.218
94 10 0.287 0.663 2.185
94 11 0.153 0.453 2.162
94 12 0.107 0.389 2.156
94 13 -0.010 0.081 1.825
94 14 -0.028 -0.348 1.731
94 15 -0.092 -0.661 1.743
94 16 -0.025 -0.700 1.736
94 17 0.126 0.110 1.913
94 18 0.167 -0.320 1.865
94 19 0.106 -0.550 2.094
94 20 0.144 -0.624 2.014
95 1 0.005 0.199 1.867
95 2 -0.031 0.235 1.896
95 3 -0.054 0.482 1.912
95 4 0.019 0.652 1.943
95 5 -0.129 0.323 1.799
95 6 -0.164 0.541 1.626
95 7 -0.115 0.728 1.584
95 8 -0.080 0.768 1.610
95 9 0.090 0.425 2.137
95 10 0.256 0.610 2.172
95 11 0.163 0.406 2.146
95 12 0.121 0.313 2.137
95 13 -0.040 0.096 1.779
95 14 -0.026 -0.341 1.727
95 15 -0.091 -0.659 1.740
95 16 -0.023 -0.698 1.735
95 17 0.077 0.115 1.909
95 18 0.161 -0.310 1.866
95 19 0.099 -0.541 2.094
95 20 0.150 -0.591 2.035
96 1 -0.006 0.203 1.861
96 2 -0.042 0.240 1.890
96 3 -0.065 0.489 1.907
96 4 0.017 0.657 1.946
96 5 -0.133 0.323 1.794
96 6 -0.115 0.525 1.631
96 7 -0.101 0.728 1.547
96 8 -0.066 0.768 1.571
96 9 0.062 0.441 2.131
96 10 0.232 0.605 2.182
96 11 0.163 0.390 2.144
96 12 0.125 0.289 2.135
96 13 -0.046 0.106 1.770
96 14 -0.022 -0.331 1.727
96 15 -0.090 -0.658 1.738
96 16 -0.022 -0.697 1.734
96 17 0.061 0.118 1.907
96 18 0.156 -0.306 1.867
96 19 0.092 -0.538 2.095
96 20 0.149 -0.581 2.040
97 1 -0.011 0.204 1.856
97 2 -0.047 0.242 1.886
97 3 -0.064 0.495 1.903
97 4 0.022 0.663 1.947
97 5 -0.136 0.332 1.787
97 6 -0.094 0.527 1.623
97 7 -0.085 0.719 1.521
97 8 -0.049 0.759 1.545
97 9 0.047 0.439 2.122
97 10 0.167 0.589 2.212
97 11 0.212 0.699 2.125
97 12 0.201 0.713 2.111
97 13 -0.047 0.113 1.765
97 14 -0.019 -0.324 1.727
97 15 -0.088 -0.657 1.737
97 16 -0.021 -0.697 1.734
97 17 0.054 0.119 1.902
97 18 0.152 -0.304 1.872
97 19 0.087 -0.539 2.098
97 20 0.150 -0.576 2.046
98 1 0.002 0.169 1.840
98 2 -0.035 0.217 1.870
98 3 -0.049 0.496 1.901
98 4 0.025 0.667 1.949
98 5 -0.121 0.349 1.767
98 6 -0.087 0.538 1.594
98 7 -0.072 0.717 1.483
98 8 -0.036 0.758 1.507
98 9 0.045 0.439 2.117
98 10 0.086 0.524 2.271
98 11 0.170 0.697 2.123
98 12 0.189 0.743 2.076
98 13 -0.043 0.114 1.769
98 14 -0.017 -0.322 1.729
98 15 -0.086 -0.656 1.738
98 16 -0.020 -0.697 1.735
98 17 0.059 0.100 1.867
98 18 0.147 -0.319 1.881
98 19 0.084 -0.563 2.103
98 20 0.153 -0.583 2.053
99 1 0.004 0.153 1.832
99 2 -0.030 0.206 1.864
99 3 -0.031 0.496 1.900
99 4 0.031 0.671 1.949
99 5 -0.148 0.381 1.753
99 6 -0.086 0.513 1.574
99 7 -0.076 0.697 1.461
99 8 -0.039 0.739 1.486
99 9 0.055 0.442 2.116
99 10 0.051 0.494 2.299
99 11 0.164 0.740 2.120
99 12 0.182 0.852 2.050
99 13 -0.058 0.103 1.789
99 14 -0.016 -0.323 1.733
99 15 -0.084 -0.656 1.740
99 16 -0.026 -0.711 1.748
99 17 0.060 0.086 1.835
99 18 0.141 -0.327 1.889
99 19 0.079 -0.571 2.109
99 20 0.152 -0.586 2.059
100 1 0.005 0.145 1.828
100 2 -0.028 0.201 1.860
100 3 -0.018 0.497 1.900
100 4 0.038 0.675 1.949
100 5 -0.153 0.383 1.747
100 6 -0.089 0.497 1.561
100 7 -0.080 0.684 1.452
100 8 -0.042 0.725 1.477
100 9 0.071 0.449 2.117
100 10 0.034 0.482 2.310
100 11 0.156 0.763 2.118
100 12 0.176 0.865 2.044
100 13 -0.065 0.097 1.799
100 14 -0.016 -0.327 1.740
100 15 -0.082 -0.657 1.743
100 16 -0.028 -0.717 1.753
100 17 0.060 0.080 1.823
100 18 0.129 -0.336 1.899
100 19 0.082 -0.600 2.105
100 20 0.155 -0.611 2.056
101 1 0.007 0.148 1.831
101 2 -0.025 0.200 1.861
101 3 0.001 0.491 1.899
101 4 0.047 0.675 1.948
101 5 -0.155 0.370 1.746
101 6 -0.093 0.485 1.550
101 7 -0.083 0.672 1.448
101 8 -0.045 0.714 1.473
101 9 0.092 0.450 2.119
101 10 0.030 0.472 2.316
101 11 0.151 0.762 2.116
101 12 0.177 0.854 2.040
101 13 -0.066 0.095 1.799
101 14 -0.014 -0.331 1.748
101 15 -0.079 -0.657 1.746
101 16 -0.030 -0.721 1.757
101 17 0.066 0.071 1.859
101 18 0.123 -0.344 1.905
101 19 0.086 -0.619 2.103
101 20 0.158 -0.632 2.054
102 1 0.009 0.152 1.836
102 2 -0.022 0.201 1.863
102 3 0.016 0.482 1.898
102 4 0.074 0.662 1.943
102 5 -0.152 0.351 1.746
102 6 -0.095 0.477 1.544
102 7 -0.085 0.663 1.446
102 8 -0.046 0.705 1.471
102 9 0.110 0.447 2.121
102 10 0.043 0.465 2.314
102 11 0.150 0.739 2.116
102 12 0.181 0.845 2.037
102 13 -0.066 0.093 1.796
102 14 -0.012 -0.334 1.754
102 15 -0.074 -0.660 1.750
102 16 -0.030 -0.726 1.760
102 17 0.068 0.066 1.880
102 18 0.118 -0.347 1.906
102 19 0.142 -0.679 1.956
102 20 0.184 -0.714 1.987
103 1 0.010 0.157 1.840
103 2 -0.021 0.202 1.864
103 3 0.033 0.436 1.902
103 4 0.104 0.612 1.925
103 5 -0.107 0.315 1.736
103 6 -0.095 0.473 1.540
103 7 -0.084 0.657 1.447
103 8 -0.046 0.698 1.472
103 9 0.135 0.415 2.127
103 10 0.068 0.437 2.308
103 11 0.156 0.668 2.120
103 12 0.186 0.770 2.044
103 13 -0.064 0.089 1.787
103 14 -0.009 -0.337 1.758
103 15 -0.065 -0.664 1.755
103 16 -0.030 -0.731 1.763
103 17 0.062 0.068 1.893
103 18 0.013 -0.221 1.760
103 19 0.076 -0.531 1.789
103 20 0.144 -0.567 1.753
104 1 0.011 0.160 1.843
104 2 -0.020 0.204 1.865
104 3 0.043 0.420 1.903
104 4 0.128 0.588 1.921
104 5 -0.083 0.296 1.730
104 6 -0.091 0.470 1.539
104 7 0.004 0.618 1.487
104 8 0.043 0.659 1.513
104 9 0.148 0.402 2.129
104 10 0.086 0.425 2.303
104 11 0.163 0.640 2.122
104 12 0.192 0.735 2.047
104 13 -0.062 0.086 1.779
104 14 -0.004 -0.340 1.760
104 15 -0.052 -0.668 1.759
104 16 -0.025 -0.735 1.766
104 17 0.058 0.070 1.901
104 18 -0.025 -0.173 1.705
104 19 0.076 -0.515 1.742
104 20 0.147 -0.566 1.704
105 1 0.012 0.166 1.846
105 2 -0.018 0.208 1.868
105 3 0.051 0.412 1.906
105 4 0.144 0.577 1.927
105 5 -0.073 0.292 1.727
105 6 -0.082 0.489 1.548
105 7 0.066 0.627 1.552
105 8 0.105 0.668 1.577
105 9 0.160 0.394 2.133
105 10 0.104 0.419 2.302
105 11 0.170 0.624 2.125
105 12 0.199 0.716 2.052
105 13 -0.059 0.084 1.766
105 14 0.000 -0.342 1.760
105 15 -0.040 -0.671 1.763
105 16 -0.019 -0.739 1.770
105 17 0.054 0.075 1.905
105 18 -0.044 -0.105 1.629
105 19 0.066 -0.445 1.696
105 20 0.139 -0.489 1.651
106 1 0.030 0.199 1.864
106 2 0.001 0.233 1.888
106 3 0.059 0.409 1.914
106 4 0.156 0.572 1.937
106 5 -0.071 0.313 1.728
106 6 -0.082 0.494 1.570
106 7 0.128 0.627 1.624
106 8 0.166 0.668 1.650
106 9 0.169 0.389 2.139
106 10 0.118 0.417 2.305
106 11 0.177 0.614 2.131
106 12 0.205 0.706 2.059
106 13 -0.045 0.087 1.752
106 14 0.004 -0.342 1.760
106 15 -0.031 -0.672 1.766
106 16 -0.013 -0.742 1.773
106 17 0.065 0.094 1.915
106 18 0.040 -0.100 1.648
106 19 0.121 -0.451 1.733
106 20 0.194 -0.491 1.685
107 1 -0.084 -0.068 1.872
107 2 -0.109 -0.123 1.880
107 3 -0.236 -0.226 2.046
107 4 -0.133 0.003 2.015
107 5 -0.367 -0.270 1.839
107 6 -0.289 -0.036 1.750
107 7 -0.139 0.171 1.725
107 8 -0.101 0.212 1.750
107 9 -0.276 -0.563 2.223
107 10 -0.297 -0.485 2.378
107 11 -0.238 -0.293 2.212
107 12 -0.215 -0.201 2.143
107 13 -0.077 -0.031 1.798
107 14 0.018 -0.391 1.759
107 15 -0.026 -0.674 1.769
107 16 -0.014 -0.749 1.780
107 17 -0.023 -0.046 1.856
107 18 0.098 -0.171 1.597
107 19 0.189 -0.526 1.700
107 20 0.183 -0.606 1.765
108 1 -0.089 -0.101 1.890
108 2 -0.114 -0.160 1.893
108 3 -0.234 -0.260 2.059
108 4 -0.153 -0.023 2.013
108 5 -0.387 -0.335 1.853
108 6 -0.306 -0.098 1.784
108 7 -0.148 0.126 1.751
108 8 -0.100 0.154 1.794
108 9 -0.297 -0.637 2.232
108 10 -0.334 -0.594 2.387
108 11 -0.282 -0.409 2.223
108 12 -0.260 -0.319 2.155
108 13 -0.066 -0.068 1.820
108 14 0.027 -0.420 1.760
108 15 -0.023 -0.675 1.774
108 16 -0.006 -0.750 1.784
108 17 -0.037 -0.075 1.856
108 18 0.224 -0.088 1.654
108 19 0.265 -0.424 1.721
108 20 0.260 -0.509 1.765
109 1 -0.090 -0.139 1.900
109 2 -0.112 -0.193 1.899
109 3 -0.235 -0.263 2.062
109 4 -0.171 -0.025 2.011
109 5 -0.405 -0.377 1.865
109 6 -0.308 -0.146 1.796
109 7 -0.164 0.106 1.735
109 8 -0.132 0.115 1.783
109 9 -0.307 -0.637 2.227
109 10 -0.360 -0.631 2.387
109 11 -0.302 -0.439 2.222
109 12 -0.279 -0.347 2.153
109 13 -0.056 -0.094 1.846
109 14 0.033 -0.426 1.762
109 15 -0.026 -0.680 1.782
109 16 -0.002 -0.751 1.788
109 17 -0.047 -0.103 1.850
109 18 0.196 -0.420 1.918
109 19 0.215 -0.712 1.908
109 20 0.188 -0.741 1.914
110 1 -0.081 -0.139 1.904
110 2 -0.104 -0.191 1.902
110 3 -0.233 -0.263 2.063
110 4 -0.171 -0.026 2.010
110 5 -0.403 -0.377 1.867
110 6 -0.294 -0.153 1.792
110 7 -0.163 0.061 1.737
110 8 -0.123 0.103 1.766
110 9 -0.305 -0.637 2.224
110 10 -0.360 -0.632 2.385
110 11 -0.301 -0.439 2.219
110 12 -0.278 -0.347 2.151
110 13 -0.038 -0.095 1.871
110 14 0.042 -0.416 1.764
110 15 -0.030 -0.683 1.788
110 16 0.001 -0.752 1.790
110 17 -0.038 -0.107 1.848
110 18 0.227 -0.445 1.946
110 19 0.244 -0.740 1.936
110 20 0.172 -0.800 1.972
111 1 -0.069 -0.131 1.904
111 2 -0.091 -0.185 1.903
111 3 -0.230 -0.265 2.064
111 4 -0.170 -0.027 2.007
111 5 -0.399 -0.378 1.869
111 6 -0.285 -0.158 1.790
111 7 -0.158 0.055 1.729
111 8 -0.118 0.096 1.756
111 9 -0.341 -0.618 2.229
111 10 -0.393 -0.614 2.389
111 11 -0.334 -0.421 2.223
111 12 -0.312 -0.329 2.154
111 13 -0.018 -0.080 1.891
111 14 0.050 -0.404 1.766
111 15 -0.033 -0.686 1.791
111 16 -0.015 -0.763 1.803
111 17 -0.030 -0.104 1.837
111 18 0.207 -0.467 1.965
111 19 0.227 -0.785 1.962
111 20 0.141 -0.818 1.975
112 1 -0.066 -0.132 1.905
112 2 -0.090 -0.185 1.902
112 3 -0.229 -0.265 2.064
112 4 -0.172 -0.029 2.002
112 5 -0.398 -0.379 1.869
112 6 -0.279 -0.161 1.787
112 7 -0.155 0.051 1.719
112 8 -0.116 0.092 1.745
112 9 -0.312 -0.640 2.218
112 10 -0.371 -0.632 2.379
112 11 -0.312 -0.440 2.214
112 12 -0.289 -0.348 2.145
112 13 -0.013 -0.069 1.895
112 14 0.056 -0.395 1.768
112 15 -0.034 -0.686 1.793
112 16 -0.011 -0.761 1.805
112 17 -0.022 -0.098 1.831
112 18 0.202 -0.466 1.965
112 19 0.225 -0.791 1.967
112 20 0.139 -0.818 1.979
113 1 -0.058 -0.116 1.903
113 2 -0.084 -0.170 1.901
113 3 -0.224 -0.261 2.061
113 4 -0.162 -0.035 1.977
113 5 -0.380 -0.347 1.861
113 6 -0.263 -0.131 1.772
113 7 -0.150 0.091 1.682
113 8 -0.112 0.131 1.707
113 9 -0.343 -0.640 2.212
113 10 -0.391 -0.624 2.373
113 11 -0.332 -0.431 2.207
113 12 -0.309 -0.339 2.138
113 13 -0.012 -0.058 1.895
113 14 0.062 -0.389 1.769
113 15 -0.031 -0.684 1.794
113 16 0.001 -0.755 1.804
113 17 -0.016 -0.090 1.828
113 18 0.201 -0.464 1.961
113 19 0.243 -0.799 1.977
113 20 0.141 -0.850 2.009
114 1 -0.058 -0.107 1.900
114 2 -0.085 -0.156 1.898
114 3 -0.211 -0.231 2.053
114 4 -0.141 -0.013 1.960
114 5 -0.369 -0.325 1.856
114 6 -0.253 -0.112 1.762
114 7 -0.147 0.108 1.666
114 8 -0.109 0.148 1.691
114 9 -0.387 -0.615 2.196
114 10 -0.309 -0.597 2.315
114 11 -0.275 -0.393 2.155
114 12 -0.257 -0.305 2.091
114 13 -0.017 -0.054 1.884
114 14 0.069 -0.384 1.769
114 15 -0.028 -0.683 1.794
114 16 0.012 -0.750 1.802
114 17 -0.021 -0.084 1.828
114 18 0.199 -0.454 1.957
114 19 0.259 -0.801 1.980
114 20 0.171 -0.821 1.987
115 1 -0.056 -0.103 1.899
115 2 -0.083 -0.148 1.896
115 3 -0.188 -0.201 2.038
115 4 -0.107 0.012 1.947
115 5 -0.350 -0.300 1.845
115 6 -0.237 -0.087 1.750
115 7 -0.136 0.131 1.653
115 8 -0.098 0.171 1.678
115 9 -0.405 -0.589 2.187
115 10 -0.263 -0.585 2.284
115 11 -0.249 -0.377 2.132
115 12 -0.235 -0.291 2.071
115 13 0.004 -0.049 1.865
115 14 0.077 -0.379 1.767
115 15 -0.021 -0.681 1.792
115 16 0.023 -0.747 1.800
115 17 -0.021 -0.081 1.829
115 18 0.201 -0.447 1.952
115 19 0.278 -0.796 1.980
115 20 0.183 -0.822 1.990
116 1 -0.048 -0.099 1.894
116 2 -0.078 -0.143 1.893
116 3 -0.180 -0.192 2.034
116 4 -0.089 0.018 1.944
116 5 -0.342 -0.290 1.841
116 6 -0.229 -0.077 1.745
116 7 -0.129 0.142 1.648
116 8 -0.091 0.182 1.673
116 9 -0.376 -0.580 2.191
116 10 -0.220 -0.582 2.282
116 11 -0.227 -0.375 2.123
116 12 -0.217 -0.285 2.060
116 13 0.013 -0.048 1.855
116 14 0.087 -0.375 1.766
116 15 -0.015 -0.681 1.791
116 16 0.032 -0.745 1.799
116 17 -0.012 -0.079 1.831
116 18 0.211 -0.438 1.942
116 19 0.291 -0.784 1.974
116 20 0.211 -0.801 1.987
117 1 -0.006 -0.106 1.901
117 2 -0.038 -0.151 1.900
117 3 -0.164 -0.202 2.039
117 4 -0.063 0.004 1.958
117 5 -0.330 -0.287 1.840
117 6 -0.219 -0.074 1.746
117 7 -0.088 0.137 1.685
117 8 -0.055 0.180 1.704
117 9 -0.362 -0.577 2.193
117 10 -0.198 -0.582 2.281
117 11 -0.213 -0.375 2.119
117 12 -0.205 -0.282 2.053
117 13 0.048 -0.060 1.862
117 14 0.105 -0.381 1.767
117 15 -0.011 -0.680 1.790
117 16 0.037 -0.743 1.797
117 17 0.031 -0.090 1.850
117 18 0.241 -0.453 1.941
117 19 0.286 -0.744 1.962
117 20 0.262 -0.803 1.988
118 1 0.009 -0.108 1.905
118 2 -0.022 -0.154 1.904
118 3 -0.154 -0.209 2.043
118 4 -0.049 -0.002 1.966
118 5 -0.321 -0.287 1.841
118 6 -0.207 -0.073 1.751
118 7 -0.055 0.132 1.715
118 8 -0.024 0.179 1.733
118 9 -0.351 -0.579 2.195
118 10 -0.184 -0.583 2.282
118 11 -0.203 -0.378 2.117
118 12 -0.196 -0.282 2.048
118 13 0.054 -0.052 1.851
118 14 0.122 -0.396 1.771
118 15 -0.008 -0.680 1.790
118 16 0.041 -0.742 1.796
118 17 0.055 -0.107 1.880
118 18 0.266 -0.471 1.947
118 19 0.287 -0.734 1.960
118 20 0.294 -0.812 1.995
119 1 0.017 -0.110 1.906
119 2 -0.014 -0.156 1.906
119 3 -0.147 -0.215 2.047
119 4 -0.040 -0.006 1.972
119 5 -0.312 -0.288 1.843
119 6 -0.197 -0.074 1.757
119 7 -0.035 0.127 1.735
119 8 -0.008 0.178 1.746
119 9 -0.344 -0.585 2.197
119 10 -0.176 -0.587 2.283
119 11 -0.097 -0.555 2.076
119 12 0.062 -0.470 1.762
119 13 0.057 -0.048 1.844
119 14 0.130 -0.400 1.773
119 15 -0.005 -0.680 1.789
119 16 0.045 -0.742 1.796
119 17 0.067 -0.117 1.895
119 18 0.285 -0.480 1.953
119 19 0.288 -0.728 1.959
119 20 0.309 -0.815 1.998
120 1 0.022 -0.111 1.908
120 2 -0.008 -0.156 1.907
120 3 -0.136 -0.217 2.049
120 4 -0.029 -0.008 1.975
120 5 -0.299 -0.289 1.844
120 6 -0.168 -0.078 1.768
120 7 -0.006 0.125 1.746
120 8 0.014 0.177 1.757
120 9 -0.339 -0.593 2.196
120 10 -0.173 -0.594 2.285
120 11 -0.061 -0.598 2.060
120 12 0.133 -0.511 1.691
120 13 0.068 -0.040 1.835
120 14 0.136 -0.402 1.774
120 15 -0.002 -0.681 1.788
120 16 0.048 -0.742 1.795
120 17 0.075 -0.121 1.901
120 18 0.308 -0.480 1.959
120 19 0.305 -0.736 1.962
120 20 0.293 -0.812 1.985
121 1 0.027 -0.111 1.909
121 2 -0.004 -0.156 1.907
121 3 -0.129 -0.218 2.050
121 4 -0.017 -0.009 1.977
121 5 -0.290 -0.290 1.845
121 6 -0.151 -0.081 1.774
121 7 0.006 0.124 1.751
121 8 0.028 0.176 1.762
121 9 -0.335 -0.601 2.195
121 10 -0.173 -0.600 2.287
121 11 -0.040 -0.630 2.051
121 12 0.170 -0.540 1.656
121 13 0.075 -0.035 1.830
121 14 0.141 -0.402 1.776
121 15 -0.000 -0.681 1.787
121 16 0.050 -0.742 1.794
121 17 0.080 -0.123 1.906
121 18 0.332 -0.471 1.964
121 19 0.321 -0.737 1.960
121 20 0.333 -0.820 1.996
122 1 0.048 -0.104 1.916
122 2 0.014 -0.151 1.911
122 3 -0.123 -0.218 2.050
122 4 -0.008 -0.010 1.978
122 5 -0.282 -0.290 1.846
122 6 -0.139 -0.083 1.776
122 7 0.016 0.123 1.751
122 8 0.039 0.175 1.763
122 9 -0.331 -0.610 2.194
122 10 -0.237 -0.589 2.325
122 11 -0.086 -0.612 2.095
122 12 0.136 -0.511 1.722
122 13 0.111 -0.040 1.862
122 14 0.155 -0.385 1.783
122 15 0.003 -0.680 1.785
122 16 0.053 -0.741 1.792
122 17 0.107 -0.095 1.889
122 18 0.349 -0.449 1.965
122 19 0.338 -0.736 1.957
122 20 0.353 -0.822 2.000
123 1 0.061 -0.104 1.920
123 2 0.025 -0.150 1.914
123 3 -0.117 -0.218 2.051
123 4 -0.001 -0.010 1.979
123 5 -0.274 -0.291 1.847
123 6 -0.129 -0.084 1.778
123 7 0.023 0.122 1.749
123 8 0.048 0.173 1.762
123 9 -0.326 -0.616 2.193
123 10 -0.244 -0.629 2.333
123 11 -0.111 -0.678 2.081
123 12 0.055 -0.627 1.676
123 13 0.133 -0.050 1.879
123 14 0.165 -0.378 1.789
123 15 0.006 -0.679 1.783
123 16 0.055 -0.741 1.791
123 17 0.120 -0.088 1.886
123 18 0.361 -0.442 1.966
123 19 0.362 -0.734 1.956
123 20 0.379 -0.819 2.004
124 1 0.084 -0.112 1.932
124 2 0.046 -0.156 1.923
124 3 -0.107 -0.220 2.055
124 4 0.006 -0.012 1.981
124 5 -0.265 -0.293 1.850
124 6 -0.120 -0.087 1.778
124 7 0.029 0.120 1.744
124 8 0.056 0.170 1.759
124 9 -0.323 -0.621 2.192
124 10 -0.241 -0.656 2.334
124 11 -0.129 -0.707 2.073
124 12 0.019 -0.667 1.671
124 13 0.163 -0.071 1.907
124 14 0.184 -0.378 1.800
124 15 0.009 -0.678 1.779
124 16 0.058 -0.740 1.788
124 17 0.132 -0.088 1.884
124 18 0.376 -0.439 1.968
124 19 0.402 -0.732 1.966
124 20 0.419 -0.816 2.020
125 1 0.100 -0.118 1.940
125 2 0.061 -0.160 1.930
125 3 -0.096 -0.222 2.059
125 4 0.015 -0.013 1.983
125 5 -0.254 -0.296 1.854
125 6 -0.112 -0.089 1.779
125 7 0.034 0.118 1.738
125 8 0.063 0.168 1.755
125 9 -0.319 -0.626 2.192
125 10 -0.239 -0.669 2.336
125 11 -0.134 -0.719 2.072
125 12 -0.012 -0.684 1.678
125 13 0.177 -0.080 1.918
125 14 0.203 -0.380 1.809
125 15 0.026 -0.674 1.775
125 16 0.068 -0.738 1.785
125 17 0.146 -0.091 1.886
125 18 0.395 -0.440 1.973
125 19 0.427 -0.737 1.977
125 20 0.442 -0.817 2.033
126 1 0.115 -0.124 1.947
126 2 0.076 -0.165 1.937
126 3 -0.085 -0.224 2.063
126 4 0.029 -0.015 1.992
126 5 -0.244 -0.299 1.858
126 6 -0.104 -0.093 1.779
126 7 0.040 0.115 1.733
126 8 0.070 0.164 1.751
126 9 -0.314 -0.630 2.192
126 10 -0.175 -0.665 2.091
126 11 -0.034 -0.724 1.882
126 12 0.043 -0.703 1.746
126 13 0.189 -0.086 1.926
126 14 0.222 -0.384 1.817
126 15 0.044 -0.672 1.773
126 16 0.081 -0.736 1.783
126 17 0.163 -0.099 1.893
126 18 0.415 -0.445 1.978
126 19 0.442 -0.744 1.986
126 20 0.457 -0.822 2.043
127 1 0.134 -0.132 1.956
127 2 0.093 -0.172 1.945
127 3 -0.067 -0.225 2.070
127 4 0.055 -0.015 2.008
127 5 -0.229 -0.301 1.863
127 6 -0.086 -0.097 1.785
127 7 0.059 0.111 1.744
127 8 0.095 0.159 1.765
127 9 -0.311 -0.632 2.192
127 10 -0.150 -0.669 2.012
127 11 0.009 -0.729 1.808
127 12 0.058 -0.723 1.771
127 13 0.208 -0.097 1.926
127 14 0.243 -0.397 1.821
127 15 0.080 -0.677 1.777
127 16 0.108 -0.739 1.783
127 17 0.194 -0.117 1.919
127 18 0.445 -0.465 1.989
127 19 0.453 -0.750 1.993
127 20 0.436 -0.828 2.024
128 1 0.143 -0.137 1.961
128 2 0.103 -0.175 1.949
128 3 -0.057 -0.225 2.073
128 4 0.068 -0.014 2.015
128 5 -0.218 -0.302 1.867
128 6 -0.073 -0.099 1.790
128 7 0.073 0.108 1.749
128 8 0.114 0.149 1.780
128 9 -0.307 -0.634 2.193
128 10 -0.135 -0.693 2.174
128 11 -0.021 -0.719 1.932
128 12 0.085 -0.724 1.782
128 13 0.220 -0.103 1.923
128 14 0.268 -0.408 1.821
128 15 0.135 -0.683 1.785
128 16 0.185 -0.730 1.791
128 17 0.207 -0.126 1.933
128 18 0.457 -0.473 1.997
128 19 0.437 -0.743 1.995
128 20 0.434 -0.820 2.034
129 1 0.150 -0.139 1.963
129 2 0.109 -0.177 1.952
129 3 -0.050 -0.226 2.076
129 4 0.074 -0.015 2.018
129 5 -0.211 -0.304 1.870
129 6 -0.064 -0.101 1.795
129 7 0.083 0.105 1.752
129 8 0.125 0.146 1.781
129 9 -0.305 -0.635 2.193
129 10 -0.136 -0.634 2.224
129 11 -0.018 -0.652 2.031
129 12 0.176 -0.688 1.797
129 13 0.227 -0.105 1.919
129 14 0.290 -0.411 1.820
129 15 0.175 -0.690 1.793
129 16 0.102 -0.724 1.817
129 17 0.215 -0.130 1.940
129 18 0.464 -0.479 2.001
129 19 0.427 -0.740 1.998
129 20 0.430 -0.816 2.040
130 1 0.170 -0.115 1.985
130 2 0.135 -0.155 1.971
130 3 -0.030 -0.217 2.081
130 4 0.085 -0.011 2.022
130 5 -0.194 -0.299 1.875
130 6 -0.048 -0.096 1.802
130 7 0.098 0.109 1.753
130 8 0.142 0.153 1.767
130 9 -0.304 -0.636 2.194
130 10 -0.138 -0.610 2.276
130 11 -0.005 -0.640 2.055
130 12 0.244 -0.665 1.806
130 13 0.258 -0.063 1.909
130 14 0.344 -0.417 1.836
130 15 0.224 -0.697 1.802
130 16 0.130 -0.718 1.826
130 17 0.239 -0.097 1.982
130 18 0.466 -0.472 2.007
130 19 0.410 -0.716 2.002
130 20 0.412 -0.791 2.053
131 1 0.178 -0.098 1.994
131 2 0.145 -0.141 1.979
131 3 -0.021 -0.211 2.083
131 4 0.095 -0.003 2.025
131 5 -0.184 -0.295 1.878
131 6 -0.037 -0.090 1.808
131 7 0.107 0.112 1.754
131 8 0.151 0.161 1.754
131 9 -0.303 -0.637 2.194
131 10 -0.137 -0.633 2.290
131 11 0.003 -0.654 2.072
131 12 0.280 -0.673 1.805
131 13 0.269 -0.034 1.904
131 14 0.395 -0.372 1.854
131 15 0.277 -0.679 1.812
131 16 0.140 -0.714 1.833
131 17 0.247 -0.062 2.004
131 18 0.463 -0.448 2.013
131 19 0.396 -0.687 1.999
131 20 0.426 -0.773 2.024
132 1 0.181 -0.082 2.000
132 2 0.150 -0.126 1.984
132 3 -0.014 -0.199 2.084
132 4 0.102 0.011 2.025
132 5 -0.175 -0.286 1.881
132 6 -0.029 -0.081 1.813
132 7 0.113 0.121 1.751
132 8 0.150 0.178 1.736
132 9 -0.302 -0.637 2.194
132 10 -0.138 -0.657 2.292
132 11 0.007 -0.673 2.076
132 12 0.298 -0.679 1.803
132 13 0.273 -0.016 1.904
132 14 0.424 -0.355 1.851
132 15 0.322 -0.682 1.822
132 16 0.166 -0.713 1.845
132 17 0.250 -0.040 2.012
132 18 0.464 -0.434 2.016
132 19 0.443 -0.744 1.973
132 20 0.473 -0.784 2.023
133 1 0.185 -0.050 2.006
133 2 0.153 -0.088 1.988
133 3 0.006 -0.155 2.085
133 4 0.118 0.057 2.019
133 5 -0.153 -0.247 1.883
133 6 -0.017 -0.036 1.809
133 7 0.120 0.171 1.734
133 8 0.157 0.223 1.715
133 9 -0.302 -0.637 2.194
133 10 -0.147 -0.642 2.306
133 11 0.003 -0.665 2.089
133 12 0.301 -0.672 1.807
133 13 0.286 0.025 1.909
133 14 0.467 -0.351 1.844
133 15 0.374 -0.691 1.834
133 16 0.246 -0.724 1.869
133 17 0.253 -0.010 2.016
133 18 0.461 -0.414 2.021
133 19 0.443 -0.743 1.969
133 20 0.401 -0.750 1.920
134 1 0.188 -0.040 2.008
134 2 0.156 -0.078 1.989
134 3 0.013 -0.143 2.085
134 4 0.123 0.070 2.017
134 5 -0.144 -0.234 1.884
134 6 -0.014 -0.020 1.808
134 7 0.119 0.192 1.729
134 8 0.157 0.239 1.709
134 9 -0.301 -0.636 2.194
134 10 -0.225 -0.601 2.347
134 11 -0.066 -0.632 2.137
134 12 0.247 -0.645 1.848
134 13 0.291 0.034 1.910
134 14 0.497 -0.360 1.844
134 15 0.440 -0.708 1.838
134 16 0.341 -0.732 1.880
134 17 0.255 0.001 2.017
134 18 0.444 -0.374 1.953
134 19 0.407 -0.681 1.884
134 20 0.393 -0.709 1.898
135 1 0.190 -0.036 2.009
135 2 0.159 -0.072 1.990
135 3 0.017 -0.136 2.085
135 4 0.127 0.077 2.017
135 5 -0.138 -0.227 1.884
135 6 -0.013 -0.010 1.807
135 7 0.111 0.209 1.729
135 8 0.317 0.613 1.662
135 9 -0.301 -0.636 2.194
135 10 -0.265 -0.580 2.365
135 11 -0.101 -0.615 2.158
135 12 0.215 -0.632 1.866
135 13 0.298 0.029 1.913
135 14 0.516 -0.362 1.850
135 15 0.510 -0.713 1.837
135 16 0.432 -0.731 1.883
135 17 0.258 0.006 2.016
135 18 0.447 -0.319 1.899
135 19 0.394 -0.604 1.815
135 20 0.410 -0.671 1.829
136 1 0.204 -0.076 1.998
136 2 0.168 -0.111 1.981
136 3 0.019 -0.160 2.085
136 4 0.129 0.060 2.032
136 5 -0.134 -0.231 1.885
136 6 -0.015 -0.009 1.810
136 7 0.093 0.213 1.739
136 8 0.134 0.308 1.735
136 9 -0.301 -0.635 2.194
136 10 -0.300 -0.566 2.374
136 11 -0.133 -0.604 2.169
136 12 0.185 -0.623 1.877
136 13 0.300 -0.041 1.923
136 14 0.563 -0.369 1.855
136 15 0.549 -0.718 1.874
136 16 0.478 -0.741 1.911
136 17 0.264 -0.046 1.987
136 18 0.459 -0.306 1.881
136 19 0.439 -0.611 1.812
136 20 0.525 -0.706 1.805
137 1 0.209 -0.098 1.992
137 2 0.171 -0.133 1.976
137 3 0.019 -0.173 2.085
137 4 0.130 0.050 2.040
137 5 -0.131 -0.236 1.885
137 6 -0.019 -0.011 1.813
137 7 0.079 0.214 1.750
137 8 0.244 0.588 1.716
137 9 -0.301 -0.635 2.195
137 10 -0.317 -0.559 2.378
137 11 -0.150 -0.598 2.174
137 12 0.169 -0.618 1.881
137 13 0.299 -0.073 1.926
137 14 0.480 -0.450 2.006
137 15 0.469 -0.783 2.020
137 16 0.431 -0.793 2.040
137 17 0.267 -0.070 1.975
137 18 0.461 -0.292 1.868
137 19 0.581 -0.612 1.812
137 20 0.604 -0.678 1.826
138 1 0.214 -0.109 1.988
138 2 0.174 -0.144 1.973
138 3 0.020 -0.181 2.084
138 4 0.131 0.044 2.043
138 5 -0.130 -0.243 1.884
138 6 -0.289 -0.327 1.940
138 7 -0.510 -0.348 2.044
138 8 -0.589 -0.347 2.090
138 9 -0.301 -0.634 2.195
138 10 -0.235 -0.636 2.333
138 11 -0.095 -0.656 2.119
138 12 0.182 -0.656 1.829
138 13 0.302 -0.087 1.926
138 14 0.494 -0.467 2.031
138 15 0.472 -0.798 2.057
138 16 0.414 -0.817 2.101
138 17 0.270 -0.082 1.970
138 18 0.528 -0.332 1.859
138 19 0.664 -0.654 1.804
138 20 0.633 -0.718 1.830
139 1 0.219 -0.116 1.986
139 2 0.179 -0.152 1.971
139 3 0.022 -0.190 2.082
139 4 0.132 0.036 2.043
139 5 -0.127 -0.252 1.883
139 6 -0.344 -0.395 1.968
139 7 -0.588 -0.414 2.084
139 8 -0.648 -0.366 2.124
139 9 -0.301 -0.633 2.195
139 10 -0.179 -0.689 2.279
139 11 -0.033 -0.708 2.060
139 12 0.223 -0.700 1.791
139 13 0.308 -0.095 1.922
139 14 0.498 -0.470 2.044
139 15 0.448 -0.800 2.073
139 16 0.398 -0.828 2.128
139 17 0.277 -0.092 1.968
139 18 0.567 -0.386 1.881
139 19 0.720 -0.684 1.810
139 20 0.644 -0.730 1.834
140 1 0.222 -0.121 1.985
140 2 0.183 -0.158 1.971
140 3 0.024 -0.200 2.081
140 4 0.147 0.016 2.054
140 5 -0.125 -0.263 1.882
140 6 -0.385 -0.451 1.987
140 7 -0.614 -0.451 2.097
140 8 -0.690 -0.453 2.135
140 9 -0.302 -0.632 2.194
140 10 -0.167 -0.705 2.272
140 11 -0.024 -0.721 2.050
140 12 0.226 -0.708 1.780
140 13 0.325 -0.076 1.909
140 14 0.533 -0.407 1.991
140 15 0.457 -0.736 2.049
140 16 0.394 -0.822 2.132
140 17 0.299 -0.102 2.000
140 18 0.609 -0.394 1.876
140 19 0.742 -0.698 1.818
140 20 0.658 -0.730 1.835
141 1 0.225 -0.124 1.987
141 2 0.187 -0.162 1.973
141 3 0.032 -0.207 2.077
141 4 0.162 0.008 2.056
141 5 -0.120 -0.272 1.878
141 6 -0.366 -0.445 1.978
141 7 -0.596 -0.451 2.087
141 8 -0.669 -0.457 2.124
141 9 -0.303 -0.631 2.194
141 10 -0.163 -0.713 2.273
141 11 -0.024 -0.727 2.049
141 12 0.226 -0.713 1.773
141 13 0.354 -0.041 1.889
141 14 0.539 -0.410 2.002
141 15 0.452 -0.738 2.057
141 16 0.389 -0.818 2.126
141 17 0.325 -0.099 2.032
141 18 0.634 -0.389 1.867
141 19 0.737 -0.697 1.828
141 20 0.675 -0.741 1.830
142 1 0.270 -0.121 1.997
142 2 0.236 -0.157 1.979
142 3 0.093 -0.196 2.070
142 4 0.218 0.024 2.049
142 5 -0.060 -0.269 1.870
142 6 -0.295 -0.415 1.962
142 7 -0.529 -0.438 2.059
142 8 -0.575 -0.393 2.100
142 9 -0.303 -0.630 2.194
142 10 -0.167 -0.715 2.282
142 11 -0.031 -0.727 2.056
142 12 0.223 -0.714 1.770
142 13 0.413 -0.029 1.887
142 14 0.549 -0.405 1.993
142 15 0.480 -0.739 2.030
142 16 0.408 -0.797 2.092
142 17 0.360 -0.107 2.034
142 18 0.633 -0.356 1.874
142 19 0.735 -0.682 1.831
142 20 0.704 -0.741 1.863
143 1 0.290 -0.119 2.000
143 2 0.259 -0.153 1.981
143 3 0.127 -0.187 2.065
143 4 0.247 0.034 2.042
143 5 -0.038 -0.268 1.867
143 6 -0.282 -0.417 1.960
143 7 -0.525 -0.445 2.057
143 8 -0.571 -0.396 2.099
143 9 -0.304 -0.630 2.194
143 10 -0.131 -0.522 2.194
143 11 0.046 -0.347 2.133
143 12 0.118 -0.288 2.097
143 13 0.438 -0.025 1.886
143 14 0.555 -0.403 1.987
143 15 0.544 -0.704 2.010
143 16 0.469 -0.738 2.060
143 17 0.373 -0.109 2.033
143 18 0.633 -0.342 1.876
143 19 0.728 -0.674 1.831
143 20 0.698 -0.739 1.856
144 1 0.301 -0.120 2.000
144 2 0.270 -0.153 1.980
144 3 0.139 -0.185 2.063
144 4 0.257 0.037 2.039
144 5 -0.026 -0.269 1.864
144 6 -0.252 -0.396 1.947
144 7 -0.497 -0.432 2.043
144 8 -0.554 -0.394 2.095
144 9 -0.306 -0.628 2.193
144 10 -0.120 -0.452 2.157
144 11 0.064 -0.269 2.145
144 12 0.098 -0.223 2.140
144 13 0.451 -0.035 1.890
144 14 0.559 -0.404 1.982
144 15 0.584 -0.697 1.997
144 16 0.496 -0.721 2.046
144 17 0.372 -0.118 1.999
144 18 0.629 -0.332 1.876
144 19 0.716 -0.667 1.829
144 20 0.685 -0.736 1.844
145 1 0.443 0.211 1.946
145 2 0.427 0.246 1.911
145 3 0.447 0.416 1.941
145 4 0.489 0.566 1.865
145 5 0.349 0.351 1.870
145 6 0.142 0.148 1.902
145 7 -0.062 -0.003 1.944
145 8 -0.508 -0.345 2.075
145 9 -0.309 -0.627 2.193
145 10 -0.114 -0.415 2.141
145 11 0.080 -0.208 2.157
145 12 1.014 0.566 2.064
145 13 0.525 0.034 1.886
145 14 0.560 -0.372 1.967
145 15 0.512 -0.687 1.987
145 16 0.472 -0.732 2.031
145 17 0.368 -0.123 1.981
145 18 0.625 -0.327 1.876
145 19 0.700 -0.664 1.821
145 20 0.657 -0.733 1.814
146 1 0.480 0.236 1.940
146 2 0.465 0.279 1.904
146 3 0.495 0.471 1.930
146 4 0.533 0.618 1.847
146 5 0.418 0.316 1.865
146 6 0.239 0.182 1.888
146 7 0.045 0.035 1.917
146 8 -0.490 -0.328 2.067
146 9 -0.311 -0.626 2.193
146 10 -0.109 -0.394 2.131
146 11 0.083 -0.216 2.157
146 12 1.029 0.560 2.051
146 13 0.579 0.053 1.886
146 14 0.562 -0.368 1.965
146 15 0.493 -0.742 1.994
146 16 0.437 -0.760 2.030
146 17 0.364 -0.133 1.968
146 18 0.623 -0.410 1.884
146 19 0.688 -0.673 1.807
146 20 0.629 -0.733 1.797
147 1 0.490 0.240 1.936
147 2 0.473 0.281 1.900
147 3 0.496 0.469 1.931
147 4 0.529 0.621 1.847
147 5 0.429 0.320 1.860
147 6 0.262 0.192 1.883
147 7 0.064 0.041 1.914
147 8 -0.479 -0.317 2.063
147 9 -0.312 -0.625 2.193
147 10 -0.108 -0.391 2.130
147 11 0.090 -0.220 2.154
147 12 1.022 0.508 2.030
147 13 0.599 0.059 1.887
147 14 0.563 -0.370 1.966
147 15 0.473 -0.765 1.996
147 16 0.418 -0.774 2.031
147 17 0.366 -0.144 1.958
147 18 0.623 -0.445 1.885
147 19 0.681 -0.678 1.798
147 20 0.619 -0.736 1.788
148 1 0.495 0.223 1.930
148 2 0.477 0.266 1.894
148 3 0.499 0.463 1.928
148 4 0.534 0.612 1.842
148 5 0.417 0.318 1.855
148 6 0.292 0.355 1.756
148 7 0.250 0.181 1.551
148 8 0.225 0.162 1.482
148 9 -0.313 -0.625 2.193
148 10 -0.105 -0.407 2.135
148 11 0.100 -0.237 2.151
148 12 1.005 0.458 2.024
148 13 0.605 0.051 1.891
148 14 0.563 -0.380 1.968
148 15 0.462 -0.778 1.999
148 16 0.407 -0.783 2.032
148 17 0.370 -0.159 1.947
148 18 0.622 -0.460 1.885
148 19 0.676 -0.681 1.791
148 20 0.614 -0.738 1.783
149 1 0.499 0.213 1.926
149 2 0.480 0.256 1.890
149 3 0.501 0.455 1.922
149 4 0.540 0.600 1.832
149 5 0.410 0.309 1.850
149 6 0.273 0.354 1.725
149 7 0.263 0.131 1.541
149 8 0.277 0.157 1.479
149 9 -0.313 -0.624 2.193
149 10 -0.103 -0.426 2.147
149 11 0.102 -0.265 2.149
149 12 0.183 -0.253 2.089
149 13 0.610 0.041 1.895
149 14 0.562 -0.392 1.969
149 15 0.456 -0.784 1.999
149 16 0.401 -0.787 2.031
149 17 0.372 -0.168 1.940
149 18 0.623 -0.451 1.855
149 19 0.673 -0.680 1.787
149 20 0.615 -0.739 1.778
150 1 0.501 0.202 1.921
150 2 0.481 0.246 1.885
150 3 0.502 0.448 1.915
150 4 0.546 0.592 1.822
150 5 0.404 0.306 1.848
150 6 0.249 0.324 1.720
150 7 0.258 0.091 1.544
150 8 0.293 0.099 1.493
150 9 -0.313 -0.624 2.193
150 10 -0.102 -0.441 2.156
150 11 0.104 -0.287 2.149
150 12 0.901 0.302 2.056
150 13 0.603 0.025 1.901
150 14 0.561 -0.406 1.969
150 15 0.453 -0.788 1.999
150 16 0.392 -0.794 2.022
150 17 0.373 -0.174 1.936
150 18 0.620 -0.459 1.851
150 19 0.680 -0.709 1.775
150 20 0.688 -0.770 1.812
151 1 0.492 0.180 1.919
151 2 0.476 0.227 1.882
151 3 0.503 0.443 1.908
151 4 0.551 0.583 1.810
151 5 0.395 0.310 1.846
151 6 0.228 0.311 1.714
151 7 0.249 0.060 1.563
151 8 0.262 -0.003 1.521
151 9 -0.313 -0.624 2.193
151 10 -0.101 -0.452 2.162
151 11 0.105 -0.303 2.149
151 12 0.886 0.242 2.063
151 13 0.593 0.012 1.905
151 14 0.559 -0.416 1.969
151 15 0.452 -0.787 1.998
151 16 0.388 -0.797 2.018
151 17 0.373 -0.179 1.933
151 18 0.617 -0.464 1.849
151 19 0.685 -0.726 1.769
151 20 0.725 -0.787 1.831
152 1 0.483 0.162 1.920
152 2 0.466 0.203 1.883
152 3 0.485 0.409 1.907
152 4 0.538 0.545 1.809
152 5 0.361 0.285 1.848
152 6 0.196 0.277 1.730
152 7 0.230 0.034 1.598
152 8 0.287 0.028 1.571
152 9 -0.313 -0.624 2.193
152 10 -0.099 -0.461 2.166
152 11 0.108 -0.316 2.149
152 12 0.223 -0.265 2.107
152 13 0.574 -0.007 1.915
152 14 0.558 -0.402 1.924
152 15 0.466 -0.741 1.982
152 16 0.391 -0.796 2.010
152 17 0.374 -0.182 1.933
152 18 0.614 -0.468 1.848
152 19 0.687 -0.737 1.764
152 20 0.741 -0.795 1.839
153 1 0.471 0.152 1.917
153 2 0.455 0.193 1.882
153 3 0.477 0.394 1.906
153 4 0.533 0.530 1.807
153 5 0.347 0.276 1.850
153 6 0.173 0.250 1.755
153 7 0.170 0.017 1.748
153 8 0.213 -0.042 1.650
153 9 -0.312 -0.624 2.193
153 10 -0.097 -0.470 2.168
153 11 0.114 -0.331 2.147
153 12 0.146 -0.391 2.108
153 13 0.545 -0.012 1.896
153 14 0.527 -0.412 1.936
153 15 0.466 -0.736 1.979
153 16 0.390 -0.797 2.007
153 17 0.341 -0.185 1.926
153 18 0.597 -0.455 1.819
153 19 0.673 -0.714 1.770
153 20 0.634 -0.749 1.779
154 1 0.461 0.148 1.915
154 2 0.445 0.188 1.880
154 3 0.471 0.386 1.906
154 4 0.530 0.522 1.805
154 5 0.337 0.272 1.852
154 6 0.174 0.131 1.862
154 7 0.138 -0.049 1.787
154 8 0.179 -0.086 1.718
154 9 -0.311 -0.624 2.194
154 10 -0.096 -0.475 2.170
154 11 0.117 -0.342 2.146
154 12 0.116 -0.417 2.111
154 13 0.531 -0.013 1.888
154 14 0.515 -0.399 1.909
154 15 0.499 -0.721 1.964
154 16 0.413 -0.783 1.995
154 17 0.325 -0.186 1.923
154 18 0.568 -0.437 1.812
154 19 0.667 -0.717 1.770
154 20 0.670 -0.766 1.805
155 1 0.443 0.158 1.913
155 2 0.429 0.196 1.879
155 3 0.466 0.382 1.906
155 4 0.526 0.517 1.804
155 5 0.329 0.273 1.857
155 6 0.162 0.086 1.915
155 7 0.111 -0.103 1.814
155 8 0.127 -0.154 1.773
155 9 -0.311 -0.624 2.194
155 10 -0.095 -0.478 2.170
155 11 0.120 -0.349 2.143
155 12 0.102 -0.435 2.099
155 13 0.512 0.006 1.879
155 14 0.480 -0.393 1.945
155 15 0.499 -0.722 1.959
155 16 0.416 -0.781 1.991
155 17 0.310 -0.181 1.926
155 18 0.537 -0.425 1.811
155 19 0.638 -0.689 1.772
155 20 0.641 -0.757 1.779
156 1 0.431 0.166 1.913
156 2 0.416 0.203 1.879
156 3 0.457 0.383 1.906
156 4 0.519 0.518 1.805
156 5 0.306 0.291 1.877
156 6 0.159 0.090 1.958
156 7 0.106 -0.106 1.824
156 8 0.099 -0.179 1.803
156 9 -0.311 -0.624 2.194
156 10 -0.095 -0.481 2.171
156 11 0.121 -0.353 2.140
156 12 0.086 -0.437 2.088
156 13 0.500 0.014 1.877
156 14 0.455 -0.392 1.972
156 15 0.491 -0.731 1.957
156 16 0.417 -0.780 1.988
156 17 0.300 -0.176 1.929
156 18 0.489 -0.401 1.796
156 19 0.615 -0.674 1.772
156 20 0.567 -0.727 1.766
157 1 0.412 0.181 1.914
157 2 0.397 0.219 1.880
157 3 0.444 0.390 1.908
157 4 0.496 0.534 1.812
157 5 0.293 0.304 1.888
157 6 0.145 0.130 1.991
157 7 0.084 -0.038 1.898
157 8 0.078 -0.098 1.843
157 9 -0.310 -0.624 2.194
157 10 -0.096 -0.482 2.169
157 11 0.119 -0.354 2.129
157 12 0.081 -0.429 2.066
157 13 0.476 0.032 1.873
157 14 0.442 -0.389 1.980
157 15 0.474 -0.742 1.957
157 16 0.409 -0.797 1.961
157 17 0.282 -0.163 1.936
157 18 0.452 -0.380 1.790
157 19 0.563 -0.670 1.779
157 20 0.517 -0.725 1.747
158 1 0.397 0.190 1.915
158 2 0.381 0.228 1.882
158 3 0.425 0.403 1.911
158 4 0.467 0.554 1.822
158 5 0.278 0.316 1.899
158 6 0.135 0.149 2.010
158 7 0.077 -0.011 1.914
158 8 0.067 -0.069 1.852
158 9 -0.310 -0.623 2.194
158 10 -0.098 -0.481 2.166
158 11 0.113 -0.349 2.115
158 12 0.086 -0.400 2.047
158 13 0.461 0.039 1.872
158 14 0.422 -0.386 1.987
158 15 0.441 -0.749 1.959
158 16 0.445 -0.799 1.993
158 17 0.271 -0.156 1.939
158 18 0.420 -0.365 1.769
158 19 0.512 -0.671 1.765
158 20 0.532 -0.722 1.797
159 1 0.382 0.195 1.916
159 2 0.365 0.235 1.883
159 3 0.401 0.416 1.914
159 4 0.433 0.570 1.831
159 5 0.258 0.329 1.911
159 6 0.123 0.170 2.020
159 7 0.054 0.018 1.934
159 8 0.040 -0.039 1.862
159 9 -0.310 -0.623 2.194
159 10 -0.101 -0.478 2.162
159 11 0.104 -0.339 2.099
159 12 0.103 -0.355 2.026
159 13 0.449 0.043 1.873
159 14 0.407 -0.384 1.992
159 15 0.398 -0.741 1.967
159 16 0.449 -0.788 2.027
159 17 0.263 -0.150 1.941
159 18 0.400 -0.359 1.758
159 19 0.454 -0.670 1.747
159 20 0.509 -0.708 1.772
160 1 0.356 0.195 1.916
160 2 0.339 0.237 1.884
160 3 0.381 0.424 1.916
160 4 0.401 0.582 1.837
160 5 0.242 0.336 1.917
160 6 0.109 0.183 2.010
160 7 0.052 0.033 1.907
160 8 0.041 -0.020 1.836
160 9 -0.310 -0.623 2.194
160 10 -0.105 -0.475 2.158
160 11 0.095 -0.329 2.087
160 12 0.105 -0.313 2.011
160 13 0.419 0.038 1.875
160 14 0.380 -0.385 1.993
160 15 0.375 -0.740 1.970
160 16 0.345 -0.740 2.034
160 17 0.234 -0.145 1.935
160 18 0.368 -0.356 1.733
160 19 0.383 -0.649 1.723
160 20 0.449 -0.703 1.740
161 1 0.338 0.193 1.915
161 2 0.320 0.237 1.883
161 3 0.361 0.429 1.916
161 4 0.371 0.590 1.841
161 5 0.219 0.338 1.919
161 6 0.086 0.180 1.983
161 7 0.039 0.061 1.838
161 8 0.045 0.018 1.764
161 9 -0.311 -0.623 2.194
161 10 -0.110 -0.471 2.153
161 11 0.086 -0.320 2.077
161 12 0.105 -0.294 2.004
161 13 0.403 0.035 1.875
161 14 0.348 -0.388 1.986
161 15 0.442 -0.696 1.942
161 16 0.349 -0.681 2.001
161 17 0.221 -0.143 1.931
161 18 0.327 -0.357 1.703
161 19 0.315 -0.626 1.672
161 20 0.350 -0.690 1.716
162 1 0.312 0.184 1.909
162 2 0.294 0.229 1.879
162 3 0.334 0.432 1.913
162 4 0.338 0.596 1.845
162 5 0.188 0.333 1.915
162 6 0.067 0.171 1.953
162 7 0.059 0.081 1.771
162 8 0.076 0.047 1.710
162 9 -0.312 -0.623 2.194
162 10 -0.115 -0.467 2.149
162 11 0.076 -0.311 2.069
162 12 0.100 -0.279 1.998
162 13 0.377 0.024 1.871
162 14 0.290 -0.394 1.768
162 15 0.260 -0.655 1.741
162 16 0.196 -0.641 1.837
162 17 0.212 -0.143 1.927
162 18 0.434 -0.436 1.894
162 19 0.406 -0.716 1.900
162 20 0.456 -0.765 1.965
163 1 0.286 0.168 1.901
163 2 0.267 0.217 1.873
163 3 0.312 0.431 1.910
163 4 0.306 0.598 1.846
163 5 0.157 0.323 1.906
163 6 0.047 0.156 1.917
163 7 0.079 0.086 1.719
163 8 0.105 0.082 1.662
163 9 -0.314 -0.622 2.193
163 10 -0.120 -0.463 2.145
163 11 0.067 -0.303 2.063
163 12 0.085 -0.265 1.996
163 13 0.349 0.009 1.864
163 14 0.243 -0.403 1.719
163 15 0.193 -0.636 1.694
163 16 0.113 -0.612 1.790
163 17 0.194 -0.148 1.914
163 18 0.421 -0.459 1.909
163 19 0.376 -0.722 1.921
163 20 0.359 -0.778 1.972
164 1 0.263 0.153 1.893
164 2 0.241 0.203 1.866
164 3 0.284 0.427 1.904
164 4 0.273 0.595 1.844
164 5 0.129 0.312 1.894
164 6 0.022 0.132 1.874
164 7 0.103 0.100 1.672
164 8 0.139 0.114 1.619
164 9 -0.317 -0.622 2.193
164 10 -0.125 -0.460 2.141
164 11 0.054 -0.293 2.055
164 12 0.065 -0.249 1.991
164 13 0.328 -0.003 1.857
164 14 0.207 -0.412 1.689
164 15 0.108 -0.635 1.663
164 16 0.085 -0.655 1.780
164 17 0.179 -0.154 1.902
164 18 0.437 -0.484 1.946
164 19 0.393 -0.742 1.970
164 20 0.435 -0.787 2.018
165 1 0.235 0.133 1.880
165 2 0.211 0.185 1.855
165 3 0.257 0.420 1.895
165 4 0.244 0.592 1.840
165 5 0.091 0.298 1.878
165 6 0.008 0.116 1.850
165 7 0.136 0.131 1.626
165 8 0.167 0.143 1.583
165 9 -0.319 -0.621 2.193
165 10 -0.131 -0.456 2.135
165 11 0.041 -0.284 2.046
165 12 0.039 -0.233 1.989
165 13 0.290 -0.022 1.841
165 14 0.177 -0.417 1.689
165 15 0.053 -0.645 1.661
165 16 0.021 -0.646 1.741
165 17 0.162 -0.162 1.887
165 18 0.429 -0.483 1.929
165 19 0.402 -0.741 1.967
165 20 0.459 -0.787 2.021
166 1 0.209 0.118 1.868
166 2 0.183 0.170 1.844
166 3 0.225 0.412 1.884
166 4 0.197 0.585 1.828
166 5 0.060 0.287 1.867
166 6 -0.011 0.086 1.815
166 7 0.128 0.131 1.633
166 8 0.176 0.159 1.571
166 9 -0.323 -0.620 2.194
166 10 -0.137 -0.453 2.130
166 11 0.029 -0.276 2.038
166 12 0.025 -0.223 1.986
166 13 0.267 -0.033 1.831
166 14 0.139 -0.416 1.682
166 15 0.030 -0.647 1.661
166 16 -0.003 -0.657 1.736
166 17 0.137 -0.173 1.867
166 18 0.416 -0.485 1.911
166 19 0.406 -0.736 1.953
166 20 0.472 -0.781 2.008
167 1 0.180 0.104 1.853
167 2 0.153 0.158 1.832
167 3 0.198 0.406 1.873
167 4 0.162 0.580 1.819
167 5 0.033 0.278 1.857
167 6 -0.023 0.072 1.796
167 7 0.115 0.144 1.626
167 8 0.163 0.169 1.596
167 9 -0.327 -0.619 2.194
167 10 -0.144 -0.450 2.124
167 11 0.019 -0.270 2.030
167 12 0.014 -0.217 1.983
167 13 0.227 -0.044 1.811
167 14 0.099 -0.417 1.670
167 15 0.000 -0.648 1.655
167 16 -0.020 -0.665 1.736
167 17 0.113 -0.181 1.850
167 18 0.392 -0.481 1.887
167 19 0.404 -0.732 1.939
167 20 0.478 -0.774 1.987
168 1 0.174 0.052 1.806
168 2 0.159 0.107 1.828
168 3 0.173 0.402 1.862
168 4 0.135 0.577 1.811
168 5 0.006 0.271 1.847
168 6 -0.040 0.057 1.772
168 7 0.103 0.147 1.618
168 8 0.149 0.178 1.585
168 9 0.327 0.266 1.883
168 10 0.441 0.121 1.879
168 11 0.447 0.246 1.733
168 12 0.450 0.291 1.690
168 13 0.149 -0.050 1.776
168 14 0.074 -0.416 1.673
168 15 -0.038 -0.668 1.644
168 16 -0.025 -0.715 1.633
168 17 0.243 -0.061 1.788
168 18 0.356 -0.467 1.849
168 19 0.389 -0.718 1.904
168 20 0.403 -0.749 1.828
169 1 0.165 0.025 1.775
169 2 0.156 0.085 1.824
169 3 0.142 0.400 1.848
169 4 0.109 0.575 1.803
169 5 -0.021 0.267 1.838
169 6 -0.056 0.054 1.757
169 7 0.076 0.140 1.590
169 8 0.123 0.169 1.557
169 9 0.357 0.328 1.856
169 10 0.459 0.157 1.831
169 11 0.471 0.275 1.670
169 12 0.474 0.319 1.629
169 13 0.095 -0.051 1.752
169 14 0.039 -0.429 1.673
169 15 -0.045 -0.685 1.650
169 16 -0.027 -0.743 1.575
169 17 0.247 -0.037 1.759
169 18 0.321 -0.455 1.817
169 19 0.366 -0.704 1.871
169 20 0.379 -0.738 1.778
170 1 0.150 0.015 1.757
170 2 0.148 0.075 1.818
170 3 0.119 0.401 1.837
170 4 0.089 0.576 1.797
170 5 -0.045 0.268 1.828
170 6 -0.081 0.057 1.739
170 7 0.029 0.100 1.570
170 8 0.080 0.128 1.521
170 9 0.319 0.341 1.836
170 10 0.425 0.132 1.792
170 11 0.472 0.214 1.614
170 12 0.484 0.245 1.562
170 13 0.061 -0.047 1.738
170 14 0.023 -0.434 1.673
170 15 -0.051 -0.695 1.653
170 16 -0.032 -0.755 1.551
170 17 0.251 -0.010 1.738
170 18 0.294 -0.447 1.797
170 19 0.342 -0.691 1.843
170 20 0.338 -0.724 1.722
171 1 0.132 0.017 1.744
171 2 0.131 0.074 1.809
171 3 0.096 0.405 1.828
171 4 0.071 0.579 1.789
171 5 -0.067 0.272 1.818
171 6 -0.103 0.063 1.723
171 7 -0.012 0.065 1.551
171 8 0.036 0.080 1.483
171 9 0.308 0.339 1.828
171 10 0.392 0.132 1.776
171 11 0.453 0.146 1.586
171 12 0.467 0.158 1.542
171 13 0.039 -0.044 1.727
171 14 0.010 -0.439 1.673
171 15 -0.053 -0.702 1.655
171 16 -0.035 -0.762 1.536
171 17 0.231 -0.005 1.730
171 18 0.276 -0.443 1.784
171 19 0.329 -0.686 1.828
171 20 0.325 -0.721 1.714
172 1 0.112 0.024 1.734
172 2 0.110 0.080 1.799
172 3 0.075 0.412 1.819
172 4 0.054 0.585 1.782
172 5 -0.086 0.279 1.808
172 6 -0.134 0.082 1.707
172 7 -0.063 0.028 1.534
172 8 -0.018 0.022 1.457
172 9 0.278 0.339 1.811
172 10 0.368 0.129 1.763
172 11 0.432 0.091 1.574
172 12 0.456 0.084 1.516
172 13 0.024 -0.041 1.720
172 14 -0.001 -0.441 1.672
172 15 -0.055 -0.707 1.655
172 16 -0.037 -0.765 1.526
172 17 0.208 0.001 1.719
172 18 0.263 -0.441 1.776
172 19 0.321 -0.682 1.819
172 20 0.295 -0.754 1.799
173 1 0.094 0.034 1.728
173 2 0.088 0.090 1.788
173 3 0.055 0.419 1.812
173 4 0.041 0.592 1.776
173 5 -0.105 0.294 1.794
173 6 -0.152 0.093 1.697
173 7 -0.110 0.003 1.519
173 8 -0.065 -0.034 1.426
173 9 0.263 0.344 1.803
173 10 0.349 0.132 1.750
173 11 0.406 0.028 1.581
173 12 0.437 0.006 1.506
173 13 0.013 -0.036 1.713
173 14 -0.012 -0.437 1.671
173 15 -0.056 -0.710 1.656
173 16 -0.037 -0.764 1.525
173 17 0.179 -0.000 1.715
173 18 0.252 -0.438 1.769
173 19 0.311 -0.679 1.810
173 20 0.284 -0.732 1.737
174 1 0.077 0.045 1.724
174 2 0.070 0.101 1.780
174 3 0.040 0.427 1.806
174 4 0.032 0.600 1.770
174 5 -0.119 0.307 1.784
174 6 -0.165 0.099 1.687
174 7 -0.147 -0.020 1.506
174 8 -0.122 -0.081 1.422
174 9 0.243 0.351 1.795
174 10 0.325 0.128 1.734
174 11 0.389 -0.017 1.578
174 12 0.412 -0.066 1.513
174 13 0.004 -0.029 1.707
174 14 -0.019 -0.432 1.671
174 15 -0.055 -0.710 1.656
174 16 -0.037 -0.757 1.532
174 17 0.157 -0.001 1.713
174 18 0.242 -0.435 1.761
174 19 0.293 -0.677 1.796
174 20 0.276 -0.724 1.719
175 1 0.064 0.055 1.720
175 2 0.055 0.110 1.773
175 3 0.028 0.434 1.801
175 4 0.024 0.607 1.764
175 5 -0.129 0.317 1.776
175 6 -0.182 0.102 1.671
175 7 -0.170 -0.036 1.501
175 8 -0.168 -0.115 1.438
175 9 0.207 0.339 1.796
175 10 0.278 0.101 1.739
175 11 0.347 -0.079 1.614
175 12 0.375 -0.125 1.549
175 13 -0.003 -0.021 1.700
175 14 -0.025 -0.431 1.670
175 15 -0.054 -0.709 1.657
175 16 -0.036 -0.748 1.542
175 17 0.140 -0.001 1.712
175 18 0.230 -0.433 1.751
175 19 0.272 -0.676 1.782
175 20 0.241 -0.736 1.748
176 1 0.052 0.063 1.717
176 2 0.041 0.117 1.767
176 3 0.018 0.440 1.797
176 4 0.017 0.614 1.759
176 5 -0.137 0.323 1.767
176 6 -0.194 0.100 1.662
176 7 -0.213 -0.068 1.512
176 8 -0.214 -0.151 1.461
176 9 0.180 0.322 1.803
176 10 0.248 0.081 1.752
176 11 0.317 -0.100 1.657
176 12 0.338 -0.159 1.592
176 13 -0.011 -0.014 1.694
176 14 -0.029 -0.430 1.670
176 15 -0.054 -0.707 1.659
176 16 -0.037 -0.739 1.552
176 17 0.125 -0.001 1.710
176 18 0.211 -0.429 1.734
176 19 0.242 -0.676 1.757
176 20 0.233 -0.727 1.712
177 1 0.042 0.068 1.713
177 2 0.031 0.122 1.762
177 3 0.008 0.445 1.791
177 4 0.013 0.619 1.753
177 5 -0.144 0.328 1.760
177 6 -0.207 0.097 1.659
177 7 -0.258 -0.088 1.543
177 8 -0.259 -0.169 1.500
177 9 0.166 0.315 1.805
177 10 0.230 0.072 1.764
177 11 0.282 -0.122 1.706
177 12 0.303 -0.178 1.643
177 13 -0.018 -0.009 1.688
177 14 -0.033 -0.431 1.669
177 15 -0.055 -0.702 1.665
177 16 -0.029 -0.650 1.624
177 17 0.114 -0.000 1.708
177 18 0.187 -0.431 1.715
177 19 0.215 -0.679 1.742
177 20 0.254 -0.722 1.720
178 1 0.034 0.072 1.710
178 2 0.022 0.126 1.758
178 3 0.000 0.448 1.787
178 4 0.009 0.623 1.749
178 5 -0.151 0.331 1.754
178 6 -0.225 0.094 1.663
178 7 -0.299 -0.118 1.573
178 8 -0.303 -0.188 1.540
178 9 0.155 0.312 1.806
178 10 0.217 0.072 1.781
178 11 0.258 -0.119 1.744
178 12 0.273 -0.173 1.691
178 13 -0.025 -0.005 1.683
178 14 -0.038 -0.432 1.669
178 15 -0.056 -0.699 1.668
178 16 -0.029 -0.612 1.658
178 17 0.104 -0.000 1.706
178 18 0.172 -0.431 1.703
178 19 0.192 -0.682 1.722
178 20 0.199 -0.657 1.686
179 1 0.024 0.074 1.705
179 2 0.012 0.128 1.753
179 3 -0.007 0.451 1.782
179 4 0.005 0.625 1.744
179 5 -0.157 0.332 1.749
179 6 -0.253 0.090 1.684
179 7 -0.336 -0.144 1.609
179 8 -0.350 -0.202 1.585
179 9 0.148 0.313 1.805
179 10 0.208 0.074 1.800
179 11 0.232 -0.125 1.784
179 12 0.241 -0.188 1.742
179 13 -0.034 -0.002 1.677
179 14 -0.046 -0.430 1.667
179 15 -0.056 -0.692 1.672
179 16 -0.037 -0.583 1.674
179 17 0.093 -0.001 1.701
179 18 0.157 -0.433 1.689
179 19 0.160 -0.688 1.696
179 20 0.147 -0.614 1.683
180 1 0.016 0.075 1.701
180 2 0.005 0.128 1.748
180 3 -0.013 0.452 1.777
180 4 0.002 0.627 1.740
180 5 -0.163 0.332 1.745
180 6 -0.275 0.088 1.704
180 7 -0.368 -0.149 1.655
180 8 -0.389 -0.203 1.634
180 9 0.143 0.316 1.803
180 10 0.201 0.078 1.818
180 11 0.217 -0.124 1.811
180 12 0.225 -0.191 1.781
180 13 -0.041 -0.000 1.671
180 14 -0.053 -0.428 1.665
180 15 -0.057 -0.687 1.673
180 16 -0.050 -0.574 1.677
180 17 0.085 -0.001 1.697
180 18 0.143 -0.435 1.678
180 19 0.139 -0.693 1.678
180 20 0.119 -0.593 1.672
181 1 0.009 0.075 1.696
181 2 -0.002 0.128 1.744
181 3 -0.019 0.452 1.773
181 4 -0.001 0.627 1.736
181 5 -0.170 0.331 1.742
181 6 -0.292 0.089 1.725
181 7 -0.391 -0.146 1.697
181 8 -0.417 -0.198 1.684
181 9 0.140 0.320 1.801
181 10 0.195 0.083 1.833
181 11 0.205 -0.132 1.833
181 12 0.215 -0.196 1.810
181 13 -0.049 0.000 1.666
181 14 -0.059 -0.426 1.663
181 15 -0.058 -0.683 1.674
181 16 -0.059 -0.570 1.676
181 17 0.077 -0.002 1.692
181 18 0.118 -0.426 1.654
181 19 0.123 -0.686 1.664
181 20 0.085 -0.578 1.656
182 1 0.003 0.074 1.692
182 2 -0.007 0.128 1.740
182 3 -0.023 0.451 1.769
182 4 -0.003 0.627 1.732
182 5 -0.175 0.330 1.741
182 6 -0.303 0.091 1.746
182 7 -0.409 -0.133 1.743
182 8 -0.434 -0.191 1.727
182 9 0.137 0.323 1.798
182 10 0.189 0.087 1.844
182 11 0.197 -0.140 1.848
182 12 0.207 -0.205 1.841
182 13 -0.055 0.000 1.662
182 14 -0.066 -0.430 1.662
182 15 -0.060 -0.684 1.676
182 16 -0.066 -0.573 1.678
182 17 0.070 -0.003 1.688
182 18 0.106 -0.429 1.643
182 19 0.108 -0.689 1.650
182 20 0.087 -0.655 1.583
183 1 -0.003 0.073 1.688
183 2 -0.013 0.126 1.737
183 3 -0.028 0.450 1.766
183 4 -0.005 0.627 1.730
183 5 -0.179 0.330 1.739
183 6 -0.310 0.095 1.762
183 7 -0.417 -0.123 1.770
183 8 -0.442 -0.184 1.761
183 9 0.135 0.325 1.796
183 10 0.184 0.089 1.852
183 11 0.189 -0.146 1.864
183 12 0.200 -0.211 1.864
183 13 -0.061 0.000 1.658
183 14 -0.071 -0.433 1.661
183 15 -0.061 -0.684 1.677
183 16 -0.071 -0.580 1.675
183 17 0.065 -0.004 1.684
183 18 0.097 -0.431 1.637
183 19 0.097 -0.691 1.640
183 20 0.085 -0.703 1.541
184 1 -0.008 0.071 1.685
184 2 -0.017 0.125 1.734
184 3 -0.031 0.450 1.763
184 4 -0.006 0.626 1.728
184 5 -0.183 0.329 1.739
184 6 -0.314 0.099 1.777
184 7 -0.419 -0.114 1.795
184 8 -0.446 -0.179 1.790
184 9 0.132 0.327 1.794
184 10 0.180 0.092 1.857
184 11 0.183 -0.149 1.877
184 12 0.190 -0.212 1.888
184 13 -0.066 -0.000 1.655
184 14 -0.075 -0.433 1.660
184 15 -0.063 -0.683 1.677
184 16 -0.077 -0.591 1.667
184 17 0.060 -0.005 1.680
184 18 0.090 -0.430 1.632
184 19 0.090 -0.691 1.635
184 20 0.084 -0.722 1.525
185 1 -0.012 0.071 1.682
185 2 -0.021 0.124 1.731
185 3 -0.035 0.449 1.760
185 4 -0.007 0.626 1.727
185 5 -0.186 0.328 1.738
185 6 -0.315 0.102 1.787
185 7 -0.420 -0.109 1.811
185 8 -0.448 -0.177 1.807
185 9 0.130 0.329 1.793
185 10 0.176 0.095 1.860
185 11 0.179 -0.149 1.887
185 12 0.185 -0.213 1.899
185 13 -0.070 -0.000 1.652
185 14 -0.077 -0.433 1.660
185 15 -0.064 -0.683 1.677
185 16 -0.079 -0.595 1.664
185 17 0.056 -0.005 1.677
185 18 0.084 -0.428 1.629
185 19 0.085 -0.691 1.630
185 20 0.082 -0.733 1.514
186 1 -0.015 0.070 1.679
186 2 -0.024 0.123 1.729
186 3 -0.038 0.449 1.758
186 4 -0.008 0.626 1.726
186 5 -0.188 0.328 1.738
186 6 -0.315 0.105 1.795
186 7 -0.418 -0.104 1.821
186 8 -0.448 -0.176 1.818
186 9 0.129 0.330 1.791
186 10 0.173 0.097 1.862
186 11 0.176 -0.148 1.893
186 12 0.182 -0.212 1.906
186 13 -0.073 -0.001 1.650
186 14 -0.080 -0.433 1.659
186 15 -0.066 -0.683 1.677
186 16 -0.081 -0.599 1.660
186 17 0.053 -0.005 1.675
186 18 0.079 -0.425 1.628
186 19 0.080 -0.691 1.627
186 20 0.081 -0.740 1.510
187 1 -0.018 0.069 1.677
187 2 -0.027 0.123 1.727
187 3 -0.040 0.448 1.757
187 4 -0.008 0.626 1.725
187 5 -0.189 0.328 1.737
187 6 -0.314 0.108 1.802
187 7 -0.415 -0.102 1.826
187 8 -0.444 -0.176 1.823
187 9 0.127 0.331 1.790
187 10 0.170 0.099 1.863
187 11 0.174 -0.146 1.896
187 12 0.181 -0.208 1.908
187 13 -0.077 -0.000 1.647
187 14 -0.082 -0.432 1.658
187 15 -0.067 -0.682 1.677
187 16 -0.083 -0.601 1.657
187 17 0.049 -0.005 1.672
187 18 0.075 -0.421 1.628
187 19 0.077 -0.690 1.626
187 20 0.082 -0.743 1.513
188 1 -0.021 0.069 1.675
188 2 -0.030 0.123 1.725
188 3 -0.043 0.448 1.755
188 4 -0.008 0.625 1.725
188 5 -0.190 0.328 1.737
188 6 -0.313 0.111 1.806
188 7 -0.409 -0.100 1.825
188 8 -0.427 -0.175 1.818
188 9 0.126 0.331 1.789
188 10 0.167 0.100 1.863
188 11 0.172 -0.137 1.893
188 12 0.180 -0.196 1.900
188 13 -0.080 -0.000 1.645
188 14 -0.085 -0.431 1.657
188 15 -0.069 -0.681 1.676
188 16 -0.084 -0.602 1.655
188 17 0.046 -0.005 1.670
188 18 0.072 -0.418 1.629
188 19 0.074 -0.689 1.627
188 20 0.084 -0.741 1.524
189 1 -0.024 0.069 1.673
189 2 -0.033 0.122 1.723
189 3 -0.044 0.448 1.754
189 4 -0.008 0.625 1.724
189 5 -0.191 0.328 1.737
189 6 -0.311 0.113 1.809
189 7 -0.391 -0.100 1.811
189 8 -0.397 -0.171 1.795
189 9 0.125 0.332 1.789
189 10 0.165 0.100 1.862
189 11 0.172 -0.128 1.889
189 12 0.181 -0.187 1.885
189 13 -0.082 0.000 1.643
189 14 -0.088 -0.429 1.656
189 15 -0.071 -0.680 1.676
189 16 -0.084 -0.603 1.653
189 17 0.043 -0.005 1.669
189 18 0.064 -0.416 1.634
189 19 0.072 -0.688 1.632
189 20 0.086 -0.737 1.538
190 1 -0.026 0.069 1.672
190 2 -0.035 0.122 1.722
190 3 -0.046 0.448 1.753
190 4 -0.008 0.625 1.724
190 5 -0.192 0.329 1.736
190 6 -0.309 0.115 1.810
190 7 -0.367 -0.098 1.783
190 8 -0.363 -0.162 1.761
190 9 0.123 0.332 1.788
190 10 0.163 0.099 1.860
190 11 0.173 -0.120 1.879
190 12 0.184 -0.180 1.856
190 13 -0.085 0.001 1.642
190 14 -0.090 -0.427 1.656
190 15 -0.072 -0.679 1.675
190 16 -0.085 -0.603 1.652
190 17 0.040 -0.005 1.668
190 18 0.061 -0.419 1.640
190 19 0.069 -0.687 1.647
190 20 0.080 -0.636 1.632
191 1 -0.028 0.069 1.672
191 2 -0.037 0.122 1.722
191 3 -0.047 0.448 1.753
191 4 -0.009 0.625 1.724
191 5 -0.193 0.329 1.736
191 6 -0.307 0.116 1.811
191 7 -0.343 -0.088 1.755
191 8 -0.330 -0.150 1.726
191 9 0.123 0.333 1.788
191 10 0.161 0.098 1.858
191 11 0.177 -0.108 1.856
191 12 0.186 -0.174 1.821
191 13 -0.087 0.001 1.641
191 14 -0.093 -0.426 1.655
191 15 -0.073 -0.678 1.675
191 16 -0.085 -0.603 1.650
191 17 0.038 -0.005 1.668
191 18 0.061 -0.425 1.647
191 19 0.077 -0.686 1.679
191 20 0.070 -0.609 1.667
192 1 -0.029 0.069 1.671
192 2 -0.038 0.122 1.721
192 3 -0.048 0.448 1.752
192 4 -0.009 0.625 1.724
192 5 -0.193 0.329 1.736
192 6 -0.306 0.116 1.810
192 7 -0.326 -0.080 1.734
192 8 -0.305 -0.138 1.699
192 9 0.122 0.333 1.787
192 10 0.159 0.097 1.856
192 11 0.182 -0.095 1.833
192 12 0.187 -0.163 1.787
192 13 -0.089 0.001 1.641
192 14 -0.095 -0.425 1.655
192 15 -0.074 -0.677 1.675
192 16 -0.085 -0.603 1.649
192 17 0.036 -0.005 1.668
192 18 0.059 -0.426 1.651
192 19 0.080 -0.683 1.691
192 20 0.054 -0.585 1.696
193 1 -0.031 0.069 1.672
193 2 -0.040 0.122 1.722
193 3 -0.049 0.447 1.752
193 4 -0.009 0.624 1.724
193 5 -0.194 0.330 1.736
193 6 -0.304 0.117 1.808
193 7 -0.311 -0.068 1.715
193 8 -0.285 -0.111 1.676
193 9 0.121 0.333 1.788
193 10 0.158 0.096 1.854
193 11 0.187 -0.089 1.815
193 12 0.186 -0.153 1.765
193 13 -0.090 0.002 1.641
193 14 -0.097 -0.424 1.656
193 15 -0.075 -0.677 1.675
193 16 -0.086 -0.603 1.649
193 17 0.034 -0.005 1.668
193 18 0.058 -0.426 1.655
193 19 0.082 -0.680 1.698
193 20 0.044 -0.576 1.711
