1 1 0.146 0.120 1.944
1 2 0.129 0.168 1.992
1 3 0.142 0.459 2.003
1 4 0.186 0.621 1.985
1 5 -0.019 0.379 1.931
1 6 -0.159 0.465 1.802
1 7 -0.033 0.612 1.815
1 8 0.003 0.665 1.830
1 9 0.371 0.404 2.093
1 10 0.556 0.461 2.074
1 11 0.449 0.646 1.978
1 12 0.432 0.723 1.949
1 13 0.059 0.030 1.897
1 14 0.008 -0.415 1.862
1 15 -0.050 -0.702 1.837
1 16 -0.018 -0.762 1.800
1 17 0.233 0.023 1.962
1 18 0.198 -0.423 1.970
1 19 0.153 -0.749 1.980
1 20 0.184 -0.783 1.901
2 1 0.147 0.125 1.948
2 2 0.129 0.171 1.995
2 3 0.143 0.459 2.003
2 4 0.191 0.620 1.986
2 5 -0.024 0.379 1.930
2 6 -0.180 0.443 1.802
2 7 -0.016 0.541 1.863
2 8 0.033 0.580 1.888
2 9 0.374 0.391 2.095
2 10 0.565 0.433 2.084
2 11 0.398 0.574 1.992
2 12 0.380 0.644 1.969
2 13 0.060 0.032 1.899
2 14 0.009 -0.412 1.864
2 15 -0.050 -0.702 1.837
2 16 -0.018 -0.762 1.800
2 17 0.236 0.026 1.966
2 18 0.198 -0.421 1.972
2 19 0.154 -0.747 1.981
2 20 0.185 -0.781 1.902
3 1 0.148 0.131 1.952
3 2 0.130 0.175 1.997
3 3 0.143 0.459 2.004
3 4 0.195 0.620 1.986
3 5 -0.028 0.379 1.930
3 6 -0.189 0.436 1.801
3 7 -0.021 0.533 1.869
3 8 0.030 0.563 1.899
3 9 0.376 0.383 2.097
3 10 0.570 0.422 2.088
3 11 0.373 0.582 1.988
3 12 0.359 0.629 1.972
3 13 0.060 0.036 1.900
3 14 0.010 -0.408 1.866
3 15 -0.050 -0.703 1.838
3 16 -0.017 -0.761 1.799
3 17 0.238 0.028 1.970
3 18 0.199 -0.419 1.973
3 19 0.154 -0.744 1.983
3 20 0.186 -0.779 1.904
4 1 0.148 0.134 1.953
4 2 0.130 0.178 1.999
4 3 0.143 0.460 2.004
4 4 0.198 0.620 1.986
4 5 -0.032 0.379 1.930
4 6 -0.181 0.470 1.808
4 7 -0.006 0.578 1.864
4 8 0.033 0.597 1.895
4 9 0.377 0.379 2.098
4 10 0.558 0.438 2.087
4 11 0.410 0.591 1.990
4 12 0.382 0.637 1.973
4 13 0.059 0.039 1.901
4 14 0.010 -0.406 1.868
4 15 -0.050 -0.703 1.838
4 16 -0.017 -0.761 1.799
4 17 0.240 0.029 1.972
4 18 0.200 -0.418 1.975
4 19 0.155 -0.743 1.984
4 20 0.186 -0.778 1.905
5 1 0.149 0.130 1.955
5 2 0.131 0.178 2.000
5 3 0.144 0.460 2.004
5 4 0.200 0.619 1.986
5 5 -0.028 0.373 1.932
5 6 -0.169 0.485 1.816
5 7 -0.036 0.631 1.832
5 8 0.000 0.681 1.845
5 9 0.377 0.377 2.098
5 10 0.538 0.476 2.074
5 11 0.458 0.646 1.973
5 12 0.439 0.700 1.950
5 13 0.059 0.037 1.902
5 14 0.010 -0.408 1.870
5 15 -0.050 -0.704 1.838
5 16 -0.016 -0.761 1.799
5 17 0.240 0.028 1.973
5 18 0.200 -0.419 1.976
5 19 0.155 -0.743 1.985
5 20 0.186 -0.778 1.906
6 1 0.149 0.127 1.955
6 2 0.131 0.176 2.001
6 3 0.144 0.460 2.004
6 4 0.201 0.619 1.986
6 5 -0.025 0.371 1.934
6 6 -0.162 0.496 1.820
6 7 -0.081 0.669 1.790
6 8 -0.059 0.725 1.788
6 9 0.378 0.381 2.096
6 10 0.516 0.528 2.051
6 11 0.499 0.694 1.958
6 12 0.490 0.749 1.932
6 13 0.059 0.035 1.902
6 14 0.010 -0.410 1.872
6 15 -0.050 -0.704 1.839
6 16 -0.016 -0.761 1.799
6 17 0.239 0.025 1.974
6 18 0.200 -0.421 1.978
6 19 0.155 -0.744 1.986
6 20 0.186 -0.779 1.907
7 1 0.149 0.124 1.955
7 2 0.132 0.175 2.001
7 3 0.145 0.460 2.005
7 4 0.202 0.619 1.986
7 5 -0.023 0.373 1.936
7 6 -0.145 0.521 1.823
7 7 -0.113 0.715 1.750
7 8 -0.094 0.775 1.743
7 9 0.377 0.398 2.088
7 10 0.500 0.568 2.031
7 11 0.537 0.744 1.942
7 12 0.540 0.794 1.914
7 13 0.059 0.033 1.902
7 14 0.010 -0.412 1.873
7 15 -0.050 -0.705 1.840
7 16 -0.015 -0.761 1.798
7 17 0.238 0.024 1.974
7 18 0.199 -0.422 1.978
7 19 0.155 -0.744 1.987
7 20 0.186 -0.779 1.908
8 1 0.148 0.122 1.955
8 2 0.133 0.173 2.002
8 3 0.145 0.460 2.005
8 4 0.203 0.619 1.986
8 5 -0.020 0.376 1.937
8 6 -0.140 0.530 1.825
8 7 -0.125 0.732 1.735
8 8 -0.109 0.793 1.725
8 9 0.376 0.410 2.082
8 10 0.495 0.582 2.024
8 11 0.551 0.761 1.937
8 12 0.560 0.813 1.906
8 13 0.060 0.032 1.902
8 14 0.010 -0.413 1.874
8 15 -0.050 -0.705 1.840
8 16 -0.014 -0.760 1.799
8 17 0.237 0.022 1.973
8 18 0.199 -0.423 1.979
8 19 0.155 -0.745 1.987
8 20 0.186 -0.780 1.908
9 1 0.148 0.120 1.955
9 2 0.133 0.172 2.002
9 3 0.146 0.460 2.005
9 4 0.203 0.619 1.986
9 5 -0.019 0.378 1.938
9 6 -0.142 0.532 1.825
9 7 -0.117 0.715 1.743
9 8 -0.081 0.759 1.752
9 9 0.376 0.416 2.078
9 10 0.492 0.591 2.019
9 11 0.527 0.760 1.928
9 12 0.516 0.811 1.901
9 13 0.060 0.031 1.902
9 14 0.010 -0.414 1.874
9 15 -0.050 -0.706 1.840
9 16 -0.013 -0.759 1.799
9 17 0.236 0.021 1.972
9 18 0.199 -0.424 1.979
9 19 0.156 -0.745 1.988
9 20 0.185 -0.780 1.908
10 1 0.148 0.118 1.954
10 2 0.133 0.171 2.002
10 3 0.146 0.460 2.005
10 4 0.201 0.620 1.984
10 5 -0.019 0.378 1.939
10 6 -0.149 0.525 1.826
10 7 -0.074 0.679 1.790
10 8 -0.026 0.740 1.802
10 9 0.376 0.418 2.076
10 10 0.536 0.518 2.034
10 11 0.472 0.673 1.954
10 12 0.453 0.745 1.924
10 13 0.059 0.030 1.903
10 14 0.009 -0.415 1.873
10 15 -0.051 -0.706 1.841
10 16 -0.012 -0.759 1.800
10 17 0.233 0.018 1.965
10 18 0.198 -0.425 1.979
10 19 0.156 -0.745 1.988
10 20 0.185 -0.781 1.908
11 1 0.146 0.117 1.953
11 2 0.132 0.170 2.001
11 3 0.144 0.461 2.003
11 4 0.192 0.621 1.979
11 5 -0.023 0.375 1.939
11 6 -0.168 0.492 1.829
11 7 -0.054 0.629 1.828
11 8 -0.019 0.690 1.827
11 9 0.374 0.408 2.072
11 10 0.542 0.489 2.039
11 11 0.436 0.631 1.960
11 12 0.419 0.687 1.938
11 13 0.057 0.029 1.903
11 14 0.007 -0.416 1.869
11 15 -0.051 -0.706 1.840
11 16 -0.011 -0.759 1.802
11 17 0.231 0.018 1.961
11 18 0.198 -0.426 1.977
11 19 0.156 -0.746 1.988
11 20 0.185 -0.781 1.908
12 1 0.145 0.117 1.952
12 2 0.131 0.169 1.999
12 3 0.139 0.461 1.999
12 4 0.184 0.623 1.974
12 5 -0.032 0.371 1.938
12 6 -0.180 0.474 1.830
12 7 -0.038 0.591 1.862
12 8 0.002 0.641 1.865
12 9 0.373 0.399 2.069
12 10 0.548 0.468 2.044
12 11 0.406 0.589 1.968
12 12 0.390 0.641 1.950
12 13 0.056 0.029 1.902
12 14 0.006 -0.417 1.864
12 15 -0.053 -0.704 1.839
12 16 -0.011 -0.759 1.805
12 17 0.230 0.017 1.958
12 18 0.197 -0.426 1.976
12 19 0.156 -0.746 1.988
12 20 0.184 -0.781 1.908
13 1 0.143 0.117 1.949
13 2 0.130 0.169 1.997
13 3 0.134 0.461 1.996
13 4 0.174 0.624 1.967
13 5 -0.036 0.370 1.938
13 6 -0.184 0.469 1.831
13 7 -0.032 0.579 1.873
13 8 0.011 0.626 1.879
13 9 0.372 0.393 2.067
13 10 0.550 0.459 2.045
13 11 0.426 0.610 1.948
13 12 0.400 0.665 1.925
13 13 0.054 0.028 1.901
13 14 0.003 -0.417 1.859
13 15 -0.055 -0.701 1.835
13 16 -0.013 -0.759 1.810
13 17 0.230 0.017 1.955
13 18 0.196 -0.426 1.975
13 19 0.156 -0.746 1.989
13 20 0.184 -0.782 1.908
14 1 0.140 0.116 1.945
14 2 0.127 0.167 1.994
14 3 0.132 0.460 1.994
14 4 0.169 0.624 1.962
14 5 -0.039 0.368 1.938
14 6 -0.189 0.471 1.830
14 7 -0.063 0.624 1.842
14 8 -0.018 0.665 1.860
14 9 0.371 0.391 2.065
14 10 0.521 0.490 2.022
14 11 0.453 0.657 1.918
14 12 0.440 0.712 1.889
14 13 0.050 0.026 1.898
14 14 -0.000 -0.419 1.853
14 15 -0.058 -0.698 1.831
14 16 -0.014 -0.758 1.813
14 17 0.227 0.015 1.952
14 18 0.194 -0.427 1.972
14 19 0.156 -0.746 1.989
14 20 0.183 -0.782 1.908
15 1 0.137 0.114 1.941
15 2 0.125 0.165 1.990
15 3 0.131 0.459 1.992
15 4 0.165 0.623 1.958
15 5 -0.042 0.366 1.937
15 6 -0.193 0.477 1.828
15 7 -0.107 0.655 1.804
15 8 -0.078 0.710 1.803
15 9 0.363 0.395 2.055
15 10 0.498 0.518 2.000
15 11 0.471 0.686 1.898
15 12 0.464 0.737 1.867
15 13 0.047 0.023 1.894
15 14 -0.003 -0.421 1.846
15 15 -0.062 -0.695 1.825
15 16 -0.015 -0.758 1.814
15 17 0.224 0.014 1.948
15 18 0.192 -0.429 1.969
15 19 0.156 -0.746 1.988
15 20 0.182 -0.782 1.907
16 1 0.133 0.112 1.937
16 2 0.122 0.162 1.986
16 3 0.126 0.457 1.987
16 4 0.162 0.621 1.954
16 5 -0.044 0.366 1.936
16 6 -0.193 0.499 1.821
16 7 -0.148 0.690 1.765
16 8 -0.133 0.744 1.754
16 9 0.352 0.403 2.043
16 10 0.470 0.550 1.972
16 11 0.497 0.728 1.879
16 12 0.498 0.772 1.847
16 13 0.045 0.021 1.891
16 14 -0.007 -0.423 1.840
16 15 -0.066 -0.692 1.819
16 16 -0.016 -0.756 1.815
16 17 0.221 0.013 1.945
16 18 0.189 -0.431 1.965
16 19 0.155 -0.747 1.988
16 20 0.181 -0.783 1.906
17 1 0.129 0.110 1.931
17 2 0.117 0.160 1.981
17 3 0.121 0.455 1.982
17 4 0.157 0.619 1.947
17 5 -0.049 0.370 1.931
17 6 -0.196 0.512 1.815
17 7 -0.180 0.714 1.730
17 8 -0.163 0.766 1.723
17 9 0.339 0.408 2.029
17 10 0.458 0.560 1.960
17 11 0.505 0.741 1.871
17 12 0.514 0.788 1.838
17 13 0.043 0.020 1.888
17 14 -0.010 -0.424 1.836
17 15 -0.073 -0.689 1.809
17 16 -0.058 -0.745 1.771
17 17 0.217 0.012 1.941
17 18 0.186 -0.432 1.961
17 19 0.155 -0.747 1.987
17 20 0.179 -0.783 1.905
18 1 0.121 0.106 1.923
18 2 0.109 0.156 1.971
18 3 0.108 0.453 1.969
18 4 0.149 0.617 1.937
18 5 -0.058 0.376 1.921
18 6 -0.207 0.515 1.806
18 7 -0.187 0.711 1.722
18 8 -0.176 0.774 1.709
18 9 0.326 0.409 2.016
18 10 0.455 0.549 1.947
18 11 0.496 0.728 1.868
18 12 0.499 0.777 1.839
18 13 0.039 0.018 1.883
18 14 -0.014 -0.426 1.831
18 15 -0.081 -0.685 1.800
18 16 -0.064 -0.742 1.764
18 17 0.209 0.011 1.933
18 18 0.183 -0.434 1.956
18 19 0.155 -0.747 1.986
18 20 0.178 -0.783 1.903
19 1 0.111 0.102 1.913
19 2 0.099 0.152 1.961
19 3 0.099 0.452 1.959
19 4 0.132 0.616 1.919
19 5 -0.074 0.377 1.909
19 6 -0.235 0.492 1.791
19 7 -0.183 0.670 1.732
19 8 -0.141 0.700 1.749
19 9 0.315 0.404 2.005
19 10 0.452 0.540 1.939
19 11 0.442 0.707 1.859
19 12 0.436 0.731 1.846
19 13 0.031 0.015 1.876
19 14 -0.020 -0.429 1.826
19 15 -0.088 -0.682 1.792
19 16 -0.069 -0.741 1.757
19 17 0.198 0.007 1.922
19 18 0.179 -0.436 1.952
19 19 0.154 -0.747 1.985
19 20 0.176 -0.783 1.902
20 1 0.100 0.100 1.902
20 2 0.087 0.151 1.950
20 3 0.082 0.451 1.943
20 4 0.111 0.617 1.905
20 5 -0.108 0.359 1.890
20 6 -0.258 0.462 1.779
20 7 -0.148 0.632 1.761
20 8 -0.131 0.687 1.759
20 9 0.306 0.397 1.997
20 10 0.466 0.483 1.937
20 11 0.379 0.665 1.860
20 12 0.365 0.706 1.846
20 13 0.016 0.011 1.864
20 14 -0.033 -0.422 1.820
20 15 -0.094 -0.679 1.785
20 16 -0.073 -0.739 1.752
20 17 0.191 0.006 1.913
20 18 0.171 -0.434 1.943
20 19 0.154 -0.747 1.983
20 20 0.175 -0.783 1.900
21 1 0.085 0.110 1.887
21 2 0.072 0.157 1.935
21 3 0.059 0.449 1.925
21 4 0.101 0.615 1.896
21 5 -0.124 0.352 1.882
21 6 -0.277 0.441 1.770
21 7 -0.135 0.575 1.782
21 8 -0.106 0.627 1.786
21 9 0.298 0.382 1.987
21 10 0.469 0.451 1.935
21 11 0.319 0.590 1.874
21 12 0.299 0.633 1.864
21 13 0.001 0.015 1.851
21 14 -0.043 -0.415 1.815
21 15 -0.097 -0.677 1.781
21 16 -0.069 -0.736 1.752
21 17 0.185 0.011 1.901
21 18 0.160 -0.427 1.930
21 19 0.152 -0.745 1.980
21 20 0.172 -0.780 1.896
22 1 0.073 0.114 1.874
22 2 0.058 0.161 1.922
22 3 0.047 0.448 1.915
22 4 0.087 0.615 1.883
22 5 -0.143 0.361 1.863
22 6 -0.298 0.431 1.757
22 7 -0.130 0.543 1.792
22 8 -0.101 0.606 1.794
22 9 0.289 0.370 1.979
22 10 0.466 0.438 1.931
22 11 0.281 0.549 1.884
22 12 0.258 0.587 1.877
22 13 -0.016 0.019 1.834
22 14 -0.050 -0.411 1.812
22 15 -0.100 -0.676 1.778
22 16 -0.071 -0.736 1.749
22 17 0.175 0.014 1.887
22 18 0.153 -0.421 1.919
22 19 0.150 -0.741 1.976
22 20 0.171 -0.777 1.893
23 1 0.061 0.122 1.863
23 2 0.045 0.168 1.910
23 3 0.033 0.449 1.905
23 4 0.080 0.616 1.875
23 5 -0.155 0.363 1.852
23 6 -0.306 0.438 1.744
23 7 -0.131 0.545 1.785
23 8 -0.095 0.594 1.797
23 9 0.283 0.363 1.973
23 10 0.461 0.433 1.927
23 11 0.274 0.544 1.885
23 12 0.240 0.571 1.880
23 13 -0.028 0.025 1.820
23 14 -0.059 -0.405 1.808
23 15 -0.102 -0.674 1.775
23 16 -0.075 -0.735 1.745
23 17 0.167 0.019 1.875
23 18 0.146 -0.416 1.909
23 19 0.147 -0.737 1.971
23 20 0.168 -0.773 1.888
24 1 0.047 0.120 1.849
24 2 0.032 0.167 1.897
24 3 0.019 0.449 1.893
24 4 0.071 0.617 1.865
24 5 -0.165 0.359 1.842
24 6 -0.303 0.466 1.728
24 7 -0.152 0.601 1.748
24 8 -0.114 0.650 1.760
24 9 0.263 0.364 1.953
24 10 0.433 0.448 1.912
24 11 0.288 0.591 1.859
24 12 0.261 0.653 1.847
24 13 -0.041 0.023 1.806
24 14 -0.067 -0.401 1.802
24 15 -0.106 -0.673 1.772
24 16 -0.068 -0.729 1.757
24 17 0.154 0.019 1.863
24 18 0.134 -0.415 1.895
24 19 0.143 -0.736 1.964
24 20 0.164 -0.771 1.881
25 1 0.034 0.111 1.835
25 2 0.020 0.160 1.884
25 3 0.011 0.448 1.884
25 4 0.043 0.613 1.842
25 5 -0.170 0.356 1.835
25 6 -0.305 0.484 1.717
25 7 -0.178 0.630 1.718
25 8 -0.139 0.679 1.731
25 9 0.245 0.371 1.936
25 10 0.394 0.484 1.889
25 11 0.299 0.649 1.829
25 12 0.275 0.707 1.813
25 13 -0.050 0.017 1.795
25 14 -0.084 -0.406 1.786
25 15 -0.112 -0.670 1.766
25 16 -0.066 -0.722 1.766
25 17 0.133 0.009 1.845
25 18 0.123 -0.424 1.883
25 19 0.138 -0.734 1.954
25 20 0.158 -0.769 1.871
26 1 0.024 0.105 1.825
26 2 0.010 0.155 1.874
26 3 0.001 0.448 1.875
26 4 0.032 0.612 1.832
26 5 -0.177 0.358 1.823
26 6 -0.308 0.500 1.706
26 7 -0.246 0.681 1.657
26 8 -0.217 0.733 1.656
26 9 0.220 0.391 1.917
26 10 0.355 0.526 1.868
26 11 0.317 0.703 1.802
26 12 0.303 0.763 1.778
26 13 -0.057 0.013 1.786
26 14 -0.097 -0.413 1.772
26 15 -0.120 -0.666 1.757
26 16 -0.119 -0.702 1.710
26 17 0.120 0.005 1.834
26 18 0.115 -0.430 1.873
26 19 0.131 -0.731 1.940
26 20 0.151 -0.766 1.857
27 1 0.014 0.102 1.815
27 2 -0.000 0.153 1.864
27 3 -0.010 0.448 1.865
27 4 0.021 0.611 1.823
27 5 -0.186 0.365 1.809
27 6 -0.311 0.515 1.695
27 7 -0.284 0.711 1.622
27 8 -0.272 0.771 1.601
27 9 0.198 0.413 1.900
27 10 0.319 0.577 1.839
27 11 0.345 0.790 1.772
27 12 0.345 0.858 1.750
27 13 -0.064 0.011 1.777
27 14 -0.107 -0.415 1.762
27 15 -0.126 -0.662 1.750
27 16 -0.132 -0.699 1.695
27 17 0.104 0.007 1.821
27 18 0.107 -0.432 1.862
27 19 0.125 -0.728 1.925
27 20 0.145 -0.762 1.842
28 1 -0.001 0.103 1.802
28 2 -0.015 0.154 1.851
28 3 -0.023 0.451 1.853
28 4 0.011 0.612 1.813
28 5 -0.199 0.376 1.792
28 6 -0.318 0.525 1.682
28 7 -0.298 0.732 1.599
28 8 -0.287 0.795 1.571
28 9 0.180 0.428 1.885
28 10 0.303 0.598 1.826
28 11 0.353 0.820 1.747
28 12 0.359 0.890 1.720
28 13 -0.077 0.013 1.764
28 14 -0.115 -0.415 1.755
28 15 -0.130 -0.659 1.744
28 16 -0.141 -0.697 1.686
28 17 0.086 0.014 1.806
28 18 0.097 -0.429 1.846
28 19 0.120 -0.725 1.913
28 20 0.109 -0.782 1.876
29 1 -0.014 0.104 1.790
29 2 -0.028 0.155 1.839
29 3 -0.036 0.454 1.840
29 4 0.001 0.616 1.803
29 5 -0.210 0.383 1.778
29 6 -0.347 0.520 1.656
29 7 -0.308 0.739 1.586
29 8 -0.296 0.803 1.558
29 9 0.167 0.435 1.875
29 10 0.298 0.584 1.818
29 11 0.341 0.766 1.743
29 12 0.357 0.860 1.710
29 13 -0.089 0.013 1.753
29 14 -0.121 -0.414 1.749
29 15 -0.134 -0.656 1.740
29 16 -0.146 -0.697 1.681
29 17 0.072 0.017 1.794
29 18 0.090 -0.428 1.835
29 19 0.115 -0.721 1.900
29 20 0.082 -0.791 1.895
30 1 -0.029 0.101 1.776
30 2 -0.043 0.152 1.824
30 3 -0.052 0.456 1.824
30 4 -0.011 0.618 1.791
30 5 -0.221 0.385 1.767
30 6 -0.377 0.499 1.636
30 7 -0.312 0.685 1.595
30 8 -0.294 0.757 1.575
30 9 0.153 0.431 1.864
30 10 0.296 0.550 1.815
30 11 0.326 0.731 1.737
30 12 0.334 0.811 1.702
30 13 -0.105 0.011 1.739
30 14 -0.126 -0.412 1.743
30 15 -0.137 -0.655 1.737
30 16 -0.148 -0.699 1.678
30 17 0.058 0.016 1.782
30 18 0.083 -0.429 1.825
30 19 0.110 -0.717 1.886
30 20 0.107 -0.763 1.828
31 1 -0.043 0.100 1.763
31 2 -0.058 0.151 1.811
31 3 -0.066 0.457 1.811
31 4 -0.027 0.619 1.778
31 5 -0.250 0.372 1.747
31 6 -0.391 0.488 1.628
31 7 -0.276 0.634 1.623
31 8 -0.237 0.682 1.628
31 9 0.141 0.418 1.855
31 10 0.299 0.506 1.812
31 11 0.280 0.677 1.727
31 12 0.262 0.728 1.702
31 13 -0.125 0.011 1.721
31 14 -0.139 -0.396 1.734
31 15 -0.140 -0.653 1.735
31 16 -0.146 -0.703 1.679
31 17 0.048 0.014 1.773
31 18 0.072 -0.425 1.808
31 19 0.106 -0.713 1.875
31 20 0.082 -0.773 1.856
32 1 -0.074 0.120 1.741
32 2 -0.091 0.170 1.788
32 3 -0.108 0.469 1.785
32 4 -0.035 0.619 1.769
32 5 -0.279 0.372 1.732
32 6 -0.423 0.480 1.608
32 7 -0.269 0.579 1.640
32 8 -0.221 0.616 1.657
32 9 0.132 0.403 1.848
32 10 0.310 0.449 1.813
32 11 0.228 0.602 1.732
32 12 0.202 0.656 1.707
32 13 -0.158 0.027 1.695
32 14 -0.153 -0.373 1.724
32 15 -0.142 -0.652 1.733
32 16 -0.147 -0.707 1.681
32 17 0.037 0.018 1.763
32 18 0.057 -0.414 1.788
32 19 0.102 -0.709 1.866
32 20 0.074 -0.774 1.859
33 1 -0.088 0.131 1.730
33 2 -0.107 0.180 1.777
33 3 -0.125 0.474 1.774
33 4 -0.042 0.620 1.759
33 5 -0.297 0.420 1.712
33 6 -0.458 0.439 1.599
33 7 -0.266 0.500 1.663
33 8 -0.213 0.532 1.686
33 9 0.125 0.392 1.842
33 10 0.312 0.426 1.809
33 11 0.152 0.542 1.734
33 12 0.123 0.594 1.712
33 13 -0.174 0.040 1.682
33 14 -0.160 -0.362 1.718
33 15 -0.145 -0.651 1.731
33 16 -0.148 -0.711 1.684
33 17 0.023 0.025 1.751
33 18 0.051 -0.409 1.778
33 19 0.098 -0.705 1.856
33 20 0.068 -0.774 1.861
34 1 -0.096 0.137 1.723
34 2 -0.115 0.185 1.770
34 3 -0.134 0.477 1.767
34 4 -0.049 0.621 1.749
34 5 -0.306 0.438 1.704
34 6 -0.475 0.420 1.596
34 7 -0.290 0.490 1.665
34 8 -0.219 0.508 1.695
34 9 0.112 0.403 1.823
34 10 0.296 0.361 1.826
34 11 0.096 0.503 1.742
34 12 0.079 0.560 1.718
34 13 -0.182 0.046 1.675
34 14 -0.163 -0.355 1.715
34 15 -0.148 -0.651 1.730
34 16 -0.151 -0.714 1.686
34 17 0.013 0.033 1.742
34 18 0.047 -0.393 1.762
34 19 0.094 -0.698 1.841
34 20 0.064 -0.772 1.860
35 1 -0.102 0.142 1.718
35 2 -0.121 0.189 1.765
35 3 -0.141 0.478 1.761
35 4 -0.054 0.622 1.741
35 5 -0.311 0.445 1.699
35 6 -0.484 0.412 1.594
35 7 -0.304 0.492 1.662
35 8 -0.232 0.504 1.694
35 9 0.103 0.413 1.811
35 10 0.278 0.321 1.834
35 11 0.116 0.468 1.766
35 12 0.070 0.524 1.733
35 13 -0.187 0.051 1.670
35 14 -0.166 -0.351 1.713
35 15 -0.151 -0.650 1.729
35 16 -0.153 -0.717 1.689
35 17 0.004 0.042 1.732
35 18 0.044 -0.383 1.751
35 19 0.090 -0.690 1.822
35 20 0.061 -0.766 1.847
36 1 -0.106 0.147 1.713
36 2 -0.125 0.193 1.760
36 3 -0.147 0.478 1.754
36 4 -0.066 0.625 1.723
36 5 -0.328 0.417 1.694
36 6 -0.495 0.419 1.593
36 7 -0.312 0.541 1.648
36 8 -0.253 0.554 1.676
36 9 0.099 0.420 1.804
36 10 0.274 0.325 1.832
36 11 0.118 0.465 1.771
36 12 0.066 0.509 1.741
36 13 -0.192 0.054 1.666
36 14 -0.168 -0.348 1.711
36 15 -0.153 -0.650 1.728
36 16 -0.157 -0.719 1.692
36 17 -0.001 0.049 1.724
36 18 0.040 -0.370 1.734
36 19 0.087 -0.677 1.792
36 20 0.094 -0.723 1.739
37 1 -0.110 0.153 1.707
37 2 -0.129 0.198 1.754
37 3 -0.156 0.479 1.745
37 4 -0.074 0.628 1.714
37 5 -0.339 0.399 1.692
37 6 -0.494 0.455 1.593
37 7 -0.315 0.569 1.641
37 8 -0.262 0.593 1.663
37 9 0.093 0.427 1.799
37 10 0.261 0.336 1.827
37 11 0.107 0.526 1.755
37 12 0.070 0.553 1.736
37 13 -0.195 0.056 1.663
37 14 -0.172 -0.341 1.705
37 15 -0.156 -0.650 1.728
37 16 -0.162 -0.721 1.694
37 17 -0.003 0.060 1.717
37 18 0.035 -0.360 1.717
37 19 0.085 -0.664 1.762
37 20 0.084 -0.722 1.730
38 1 -0.113 0.157 1.704
38 2 -0.131 0.201 1.751
38 3 -0.162 0.479 1.739
38 4 -0.079 0.629 1.708
38 5 -0.345 0.388 1.690
38 6 -0.483 0.488 1.594
38 7 -0.321 0.607 1.622
38 8 -0.282 0.647 1.626
38 9 0.085 0.411 1.792
38 10 0.254 0.426 1.802
38 11 0.100 0.559 1.748
38 12 0.075 0.611 1.726
38 13 -0.197 0.058 1.660
38 14 -0.174 -0.337 1.702
38 15 -0.158 -0.650 1.727
38 16 -0.167 -0.723 1.697
38 17 -0.004 0.065 1.712
38 18 0.031 -0.359 1.702
38 19 0.081 -0.644 1.720
38 20 0.096 -0.686 1.649
39 1 -0.114 0.123 1.687
39 2 -0.131 0.171 1.734
39 3 -0.164 0.476 1.733
39 4 -0.088 0.625 1.698
39 5 -0.347 0.381 1.689
39 6 -0.479 0.502 1.593
39 7 -0.345 0.652 1.586
39 8 -0.302 0.689 1.587
39 9 0.078 0.403 1.787
39 10 0.238 0.474 1.785
39 11 0.129 0.631 1.725
39 12 0.099 0.679 1.707
39 13 -0.193 0.028 1.647
39 14 -0.183 -0.377 1.698
39 15 -0.161 -0.649 1.725
39 16 -0.171 -0.723 1.699
39 17 -0.011 0.035 1.696
39 18 0.025 -0.370 1.681
39 19 0.077 -0.633 1.697
39 20 0.101 -0.662 1.597
40 1 -0.114 0.107 1.679
40 2 -0.130 0.158 1.727
40 3 -0.165 0.472 1.728
40 4 -0.093 0.622 1.692
40 5 -0.347 0.376 1.688
40 6 -0.478 0.510 1.593
40 7 -0.382 0.702 1.534
40 8 -0.348 0.754 1.521
40 9 0.072 0.401 1.781
40 10 0.224 0.523 1.766
40 11 0.172 0.694 1.697
40 12 0.158 0.745 1.678
40 13 -0.191 0.015 1.641
40 14 -0.187 -0.400 1.696
40 15 -0.164 -0.649 1.724
40 16 -0.162 -0.699 1.660
40 17 -0.014 0.021 1.688
40 18 0.021 -0.379 1.667
40 19 0.071 -0.624 1.671
40 20 0.098 -0.650 1.566
41 1 -0.114 0.100 1.675
41 2 -0.130 0.153 1.723
41 3 -0.165 0.468 1.724
41 4 -0.098 0.618 1.686
41 5 -0.345 0.373 1.687
41 6 -0.477 0.516 1.592
41 7 -0.423 0.731 1.497
41 8 -0.409 0.798 1.467
41 9 0.066 0.404 1.773
41 10 0.203 0.580 1.735
41 11 0.186 0.782 1.672
41 12 0.174 0.842 1.657
41 13 -0.190 0.009 1.638
41 14 -0.189 -0.410 1.695
41 15 -0.165 -0.648 1.722
41 16 -0.157 -0.684 1.637
41 17 -0.016 0.015 1.684
41 18 0.019 -0.389 1.656
41 19 0.068 -0.622 1.656
41 20 0.054 -0.663 1.576
42 1 -0.115 0.097 1.671
42 2 -0.130 0.149 1.720
42 3 -0.165 0.465 1.720
42 4 -0.102 0.613 1.679
42 5 -0.344 0.373 1.685
42 6 -0.476 0.520 1.592
42 7 -0.444 0.746 1.478
42 8 -0.437 0.818 1.442
42 9 0.059 0.414 1.761
42 10 0.185 0.625 1.700
42 11 0.286 0.818 1.653
42 12 0.311 0.876 1.644
42 13 -0.190 0.006 1.636
42 14 -0.190 -0.415 1.694
42 15 -0.168 -0.646 1.719
42 16 -0.156 -0.675 1.624
42 17 -0.018 0.014 1.680
42 18 0.017 -0.392 1.649
42 19 0.064 -0.620 1.643
42 20 0.039 -0.665 1.572
43 1 -0.116 0.099 1.668
43 2 -0.130 0.150 1.716
43 3 -0.163 0.462 1.716
43 4 -0.106 0.610 1.672
43 5 -0.342 0.375 1.682
43 6 -0.475 0.524 1.591
43 7 -0.577 0.721 1.471
43 8 -0.621 0.772 1.443
43 9 0.051 0.428 1.745
43 10 0.176 0.645 1.681
43 11 0.326 0.832 1.640
43 12 0.381 0.887 1.631
43 13 -0.190 0.006 1.633
43 14 -0.192 -0.414 1.690
43 15 -0.170 -0.643 1.716
43 16 -0.156 -0.670 1.617
43 17 -0.021 0.017 1.675
43 18 0.014 -0.393 1.643
43 19 0.061 -0.617 1.631
43 20 0.032 -0.665 1.568
44 1 -0.118 0.103 1.663
44 2 -0.131 0.152 1.712
44 3 -0.162 0.459 1.710
44 4 -0.112 0.607 1.664
44 5 -0.340 0.379 1.680
44 6 -0.474 0.526 1.590
44 7 -0.654 0.701 1.474
44 8 -0.713 0.752 1.444
44 9 0.043 0.437 1.729
44 10 0.167 0.646 1.662
44 11 0.345 0.836 1.626
44 12 0.404 0.886 1.617
44 13 -0.192 0.010 1.630
44 14 -0.193 -0.405 1.685
44 15 -0.171 -0.641 1.713
44 16 -0.156 -0.666 1.612
44 17 -0.024 0.023 1.670
44 18 0.012 -0.392 1.639
44 19 0.059 -0.615 1.623
44 20 0.017 -0.661 1.565
45 1 -0.120 0.107 1.659
45 2 -0.132 0.156 1.708
45 3 -0.162 0.458 1.704
45 4 -0.117 0.606 1.656
45 5 -0.340 0.383 1.677
45 6 -0.474 0.528 1.589
45 7 -0.685 0.695 1.473
45 8 -0.753 0.741 1.445
45 9 0.038 0.441 1.719
45 10 0.165 0.642 1.648
45 11 0.352 0.825 1.613
45 12 0.414 0.875 1.603
45 13 -0.194 0.014 1.628
45 14 -0.194 -0.399 1.681
45 15 -0.172 -0.639 1.710
45 16 -0.157 -0.664 1.609
45 17 -0.027 0.028 1.664
45 18 0.011 -0.392 1.635
45 19 0.058 -0.615 1.613
45 20 -0.004 -0.643 1.563
46 1 -0.122 0.111 1.655
46 2 -0.133 0.159 1.704
46 3 -0.162 0.456 1.696
46 4 -0.121 0.605 1.649
46 5 -0.340 0.386 1.674
46 6 -0.478 0.529 1.586
46 7 -0.704 0.685 1.475
46 8 -0.776 0.726 1.451
46 9 0.036 0.442 1.709
46 10 0.172 0.621 1.634
46 11 0.355 0.797 1.599
46 12 0.416 0.845 1.589
46 13 -0.196 0.017 1.625
46 14 -0.195 -0.397 1.678
46 15 -0.173 -0.638 1.708
46 16 -0.158 -0.662 1.607
46 17 -0.030 0.032 1.659
46 18 0.009 -0.391 1.630
46 19 0.059 -0.616 1.600
46 20 0.001 -0.608 1.539
47 1 -0.125 0.112 1.650
47 2 -0.134 0.161 1.698
47 3 -0.162 0.455 1.689
47 4 -0.123 0.605 1.642
47 5 -0.340 0.389 1.671
47 6 -0.488 0.528 1.582
47 7 -0.605 0.696 1.461
47 8 -0.610 0.753 1.428
47 9 0.035 0.438 1.699
47 10 0.185 0.587 1.627
47 11 0.362 0.754 1.588
47 12 0.421 0.800 1.577
47 13 -0.198 0.019 1.621
47 14 -0.195 -0.396 1.677
47 15 -0.174 -0.636 1.706
47 16 -0.159 -0.662 1.606
47 17 -0.033 0.032 1.652
47 18 0.007 -0.390 1.621
47 19 0.062 -0.617 1.582
47 20 0.004 -0.585 1.525
48 1 -0.127 0.112 1.643
48 2 -0.136 0.161 1.692
48 3 -0.162 0.454 1.682
48 4 -0.125 0.604 1.635
48 5 -0.341 0.390 1.668
48 6 -0.499 0.524 1.579
48 7 -0.554 0.698 1.454
48 8 -0.565 0.755 1.419
48 9 0.036 0.430 1.691
48 10 0.203 0.548 1.624
48 11 0.308 0.731 1.553
48 12 0.340 0.786 1.533
48 13 -0.201 0.019 1.617
48 14 -0.196 -0.395 1.675
48 15 -0.174 -0.636 1.705
48 16 -0.161 -0.663 1.606
48 17 -0.035 0.030 1.644
48 18 0.005 -0.388 1.606
48 19 0.067 -0.624 1.568
48 20 0.051 -0.628 1.483
49 1 -0.129 0.109 1.636
49 2 -0.137 0.159 1.685
49 3 -0.162 0.453 1.674
49 4 -0.126 0.603 1.628
49 5 -0.342 0.391 1.665
49 6 -0.511 0.517 1.576
49 7 -0.524 0.696 1.450
49 8 -0.513 0.756 1.414
49 9 0.038 0.421 1.683
49 10 0.222 0.509 1.624
49 11 0.289 0.704 1.526
49 12 0.302 0.758 1.491
49 13 -0.204 0.017 1.612
49 14 -0.196 -0.397 1.673
49 15 -0.174 -0.637 1.702
49 16 -0.177 -0.697 1.652
49 17 -0.038 0.026 1.635
49 18 0.004 -0.388 1.588
49 19 0.072 -0.631 1.554
49 20 0.079 -0.657 1.454
50 1 -0.131 0.104 1.629
50 2 -0.138 0.156 1.678
50 3 -0.162 0.452 1.667
50 4 -0.126 0.602 1.621
50 5 -0.343 0.391 1.662
50 6 -0.527 0.498 1.575
50 7 -0.500 0.689 1.453
50 8 -0.475 0.749 1.419
50 9 0.041 0.408 1.675
50 10 0.239 0.461 1.626
50 11 0.265 0.647 1.526
50 12 0.274 0.711 1.493
50 13 -0.206 0.014 1.607
50 14 -0.197 -0.401 1.670
50 15 -0.173 -0.639 1.700
50 16 -0.185 -0.712 1.667
50 17 -0.039 0.019 1.625
50 18 0.005 -0.389 1.573
50 19 0.078 -0.638 1.540
50 20 0.094 -0.673 1.438
51 1 -0.131 0.098 1.620
51 2 -0.138 0.151 1.669
51 3 -0.161 0.450 1.660
51 4 -0.124 0.601 1.614
51 5 -0.344 0.390 1.658
51 6 -0.538 0.474 1.574
51 7 -0.474 0.655 1.462
51 8 -0.419 0.690 1.437
51 9 0.044 0.397 1.668
51 10 0.247 0.409 1.628
51 11 0.252 0.587 1.528
51 12 0.254 0.660 1.501
51 13 -0.207 0.009 1.601
51 14 -0.197 -0.406 1.667
51 15 -0.172 -0.642 1.697
51 16 -0.190 -0.719 1.675
51 17 -0.040 0.012 1.616
51 18 0.006 -0.391 1.562
51 19 0.084 -0.644 1.527
51 20 0.104 -0.683 1.426
52 1 -0.130 0.092 1.612
52 2 -0.137 0.146 1.661
52 3 -0.158 0.449 1.652
52 4 -0.122 0.600 1.607
52 5 -0.343 0.387 1.652
52 6 -0.539 0.439 1.572
52 7 -0.423 0.588 1.468
52 8 -0.371 0.598 1.464
52 9 0.048 0.386 1.661
52 10 0.252 0.348 1.629
52 11 0.240 0.524 1.536
52 12 0.226 0.585 1.502
52 13 -0.208 0.004 1.593
52 14 -0.197 -0.410 1.663
52 15 -0.171 -0.645 1.693
52 16 -0.195 -0.723 1.678
52 17 -0.039 0.006 1.608
52 18 0.007 -0.393 1.552
52 19 0.091 -0.649 1.516
52 20 0.111 -0.690 1.417
53 1 -0.129 0.086 1.603
53 2 -0.135 0.140 1.652
53 3 -0.154 0.447 1.644
53 4 -0.120 0.599 1.600
53 5 -0.341 0.383 1.646
53 6 -0.533 0.382 1.575
53 7 -0.381 0.515 1.473
53 8 -0.329 0.536 1.469
53 9 0.055 0.371 1.653
53 10 0.255 0.299 1.626
53 11 0.220 0.479 1.520
53 12 0.195 0.534 1.489
53 13 -0.208 -0.002 1.585
53 14 -0.197 -0.413 1.659
53 15 -0.170 -0.647 1.690
53 16 -0.199 -0.726 1.678
53 17 -0.038 -0.001 1.598
53 18 0.010 -0.396 1.542
53 19 0.098 -0.654 1.507
53 20 0.116 -0.695 1.411
54 1 -0.127 0.079 1.593
54 2 -0.131 0.134 1.642
54 3 -0.146 0.445 1.634
54 4 -0.115 0.598 1.593
54 5 -0.335 0.378 1.638
54 6 -0.517 0.317 1.574
54 7 -0.356 0.435 1.471
54 8 -0.316 0.470 1.455
54 9 0.064 0.356 1.644
54 10 0.250 0.242 1.617
54 11 0.198 0.429 1.504
54 12 0.168 0.490 1.471
54 13 -0.207 -0.008 1.574
54 14 -0.196 -0.416 1.654
54 15 -0.169 -0.649 1.688
54 16 -0.206 -0.719 1.668
54 17 -0.036 -0.009 1.587
54 18 0.012 -0.398 1.535
54 19 0.106 -0.659 1.498
54 20 0.121 -0.699 1.406
55 1 -0.119 0.068 1.579
55 2 -0.124 0.125 1.628
55 3 -0.136 0.442 1.623
55 4 -0.104 0.595 1.581
55 5 -0.316 0.365 1.619
55 6 -0.484 0.249 1.583
55 7 -0.344 0.364 1.460
55 8 -0.311 0.410 1.435
55 9 0.071 0.345 1.637
55 10 0.224 0.181 1.621
55 11 0.169 0.374 1.481
55 12 0.146 0.433 1.453
55 13 -0.201 -0.018 1.558
55 14 -0.194 -0.418 1.649
55 15 -0.168 -0.650 1.685
55 16 -0.231 -0.684 1.664
55 17 -0.032 -0.018 1.576
55 18 0.016 -0.400 1.529
55 19 0.115 -0.665 1.491
55 20 0.127 -0.703 1.402
56 1 -0.107 0.051 1.561
56 2 -0.114 0.110 1.612
56 3 -0.126 0.439 1.614
56 4 -0.093 0.593 1.572
56 5 -0.289 0.345 1.597
56 6 -0.445 0.184 1.597
56 7 -0.324 0.310 1.434
56 8 -0.288 0.353 1.406
56 9 0.077 0.332 1.626
56 10 0.199 0.142 1.617
56 11 0.149 0.306 1.463
56 12 0.134 0.359 1.431
56 13 -0.188 -0.032 1.538
56 14 -0.192 -0.421 1.643
56 15 -0.165 -0.652 1.682
56 16 -0.216 -0.636 1.630
56 17 -0.026 -0.029 1.564
56 18 0.023 -0.406 1.522
56 19 0.123 -0.672 1.487
56 20 0.133 -0.709 1.399
57 1 -0.096 0.034 1.545
57 2 -0.103 0.096 1.597
57 3 -0.116 0.436 1.604
57 4 -0.080 0.590 1.562
57 5 -0.270 0.333 1.580
57 6 -0.390 0.139 1.599
57 7 -0.299 0.258 1.420
57 8 -0.273 0.299 1.377
57 9 0.080 0.321 1.615
57 10 0.167 0.116 1.607
57 11 0.136 0.250 1.438
57 12 0.128 0.300 1.404
57 13 -0.175 -0.044 1.521
57 14 -0.189 -0.423 1.636
57 15 -0.163 -0.653 1.678
57 16 -0.209 -0.612 1.613
57 17 -0.018 -0.041 1.551
57 18 0.032 -0.414 1.515
57 19 0.131 -0.681 1.484
57 20 0.138 -0.717 1.398
58 1 -0.087 0.022 1.533
58 2 -0.094 0.084 1.585
58 3 -0.103 0.433 1.591
58 4 -0.067 0.588 1.552
58 5 -0.254 0.327 1.567
58 6 -0.342 0.133 1.589
58 7 -0.289 0.247 1.409
58 8 -0.270 0.304 1.377
58 9 0.080 0.316 1.602
58 10 0.143 0.100 1.600
58 11 0.129 0.218 1.424
58 12 0.129 0.217 1.370
58 13 -0.164 -0.053 1.509
58 14 -0.186 -0.425 1.628
58 15 -0.159 -0.664 1.677
58 16 -0.168 -0.666 1.590
58 17 -0.012 -0.051 1.540
58 18 0.040 -0.422 1.510
58 19 0.135 -0.690 1.482
58 20 0.142 -0.725 1.397
59 1 -0.080 0.015 1.525
59 2 -0.085 0.078 1.575
59 3 -0.090 0.430 1.579
59 4 -0.054 0.586 1.543
59 5 -0.244 0.324 1.559
59 6 -0.305 0.112 1.583
59 7 -0.269 0.231 1.395
59 8 -0.287 0.289 1.374
59 9 0.082 0.315 1.590
59 10 0.130 0.092 1.593
59 11 0.123 0.190 1.407
59 12 0.148 0.229 1.370
59 13 -0.155 -0.057 1.501
59 14 -0.179 -0.431 1.619
59 15 -0.156 -0.673 1.676
59 16 -0.148 -0.698 1.580
59 17 -0.005 -0.057 1.530
59 18 0.046 -0.428 1.507
59 19 0.137 -0.698 1.480
59 20 0.143 -0.733 1.396
60 1 -0.072 0.011 1.516
60 2 -0.076 0.073 1.566
60 3 -0.076 0.428 1.567
60 4 -0.042 0.585 1.534
60 5 -0.235 0.323 1.553
60 6 -0.290 0.110 1.576
60 7 -0.256 0.228 1.384
60 8 -0.287 0.273 1.361
60 9 0.088 0.316 1.575
60 10 0.126 0.088 1.590
60 11 0.120 0.175 1.397
60 12 0.147 0.212 1.351
60 13 -0.147 -0.060 1.494
60 14 -0.173 -0.435 1.611
60 15 -0.154 -0.679 1.674
60 16 -0.138 -0.714 1.574
60 17 0.004 -0.061 1.517
60 18 0.052 -0.432 1.505
60 19 0.137 -0.705 1.479
60 20 0.142 -0.741 1.395
61 1 -0.060 0.008 1.505
61 2 -0.062 0.071 1.555
61 3 -0.057 0.427 1.553
61 4 -0.023 0.584 1.520
61 5 -0.223 0.325 1.544
61 6 -0.271 0.103 1.558
61 7 -0.244 0.233 1.370
61 8 -0.267 0.289 1.341
61 9 0.098 0.320 1.561
61 10 0.146 0.097 1.583
61 11 0.125 0.173 1.380
61 12 0.163 0.225 1.349
61 13 -0.136 -0.062 1.485
61 14 -0.166 -0.440 1.602
61 15 -0.149 -0.685 1.671
61 16 -0.130 -0.724 1.569
61 17 0.016 -0.063 1.503
61 18 0.058 -0.436 1.503
61 19 0.137 -0.711 1.478
61 20 0.141 -0.746 1.395
62 1 -0.047 0.007 1.494
62 2 -0.048 0.070 1.544
62 3 -0.043 0.426 1.544
62 4 -0.005 0.583 1.509
62 5 -0.204 0.328 1.532
62 6 -0.265 0.105 1.547
62 7 -0.238 0.233 1.365
62 8 -0.249 0.292 1.327
62 9 0.112 0.325 1.547
62 10 0.186 0.110 1.562
62 11 0.152 0.203 1.354
62 12 0.193 0.239 1.331
62 13 -0.121 -0.062 1.475
62 14 -0.156 -0.447 1.592
62 15 -0.144 -0.689 1.667
62 16 -0.124 -0.731 1.566
62 17 0.028 -0.064 1.490
62 18 0.073 -0.440 1.495
62 19 0.138 -0.715 1.477
62 20 0.142 -0.750 1.394
63 1 -0.033 0.007 1.484
63 2 -0.034 0.070 1.534
63 3 -0.027 0.427 1.534
63 4 0.010 0.584 1.497
63 5 -0.187 0.330 1.521
63 6 -0.291 0.154 1.533
63 7 -0.230 0.275 1.342
63 8 -0.217 0.325 1.286
63 9 0.130 0.325 1.533
63 10 0.237 0.132 1.527
63 11 0.187 0.235 1.341
63 12 0.212 0.284 1.317
63 13 -0.107 -0.062 1.465
63 14 -0.145 -0.451 1.582
63 15 -0.135 -0.693 1.661
63 16 -0.119 -0.735 1.562
63 17 0.041 -0.064 1.480
63 18 0.084 -0.441 1.487
63 19 0.146 -0.719 1.472
63 20 0.149 -0.755 1.389
64 1 -0.015 0.013 1.472
64 2 -0.016 0.075 1.522
64 3 -0.009 0.430 1.524
64 4 0.028 0.584 1.483
64 5 -0.173 0.332 1.512
64 6 -0.302 0.196 1.509
64 7 -0.227 0.317 1.329
64 8 -0.219 0.369 1.285
64 9 0.161 0.322 1.519
64 10 0.290 0.159 1.499
64 11 0.233 0.283 1.341
64 12 0.229 0.334 1.312
64 13 -0.092 -0.058 1.454
64 14 -0.132 -0.450 1.569
64 15 -0.126 -0.694 1.653
64 16 -0.113 -0.737 1.558
64 17 0.059 -0.061 1.468
64 18 0.104 -0.434 1.472
64 19 0.151 -0.722 1.468
64 20 0.155 -0.757 1.384
65 1 0.004 0.025 1.459
65 2 0.001 0.084 1.510
65 3 0.007 0.433 1.515
65 4 0.044 0.586 1.472
65 5 -0.162 0.334 1.505
65 6 -0.322 0.244 1.470
65 7 -0.228 0.374 1.328
65 8 -0.208 0.423 1.289
65 9 0.194 0.326 1.512
65 10 0.348 0.201 1.468
65 11 0.278 0.344 1.346
65 12 0.250 0.399 1.321
65 13 -0.078 -0.051 1.442
65 14 -0.120 -0.447 1.557
65 15 -0.115 -0.691 1.640
65 16 -0.106 -0.734 1.551
65 17 0.080 -0.052 1.454
65 18 0.117 -0.428 1.461
65 19 0.157 -0.722 1.459
65 20 0.161 -0.757 1.375
66 1 0.016 0.032 1.450
66 2 0.014 0.091 1.501
66 3 0.023 0.435 1.507
66 4 0.055 0.587 1.462
66 5 -0.146 0.339 1.495
66 6 -0.327 0.286 1.442
66 7 -0.225 0.428 1.336
66 8 -0.197 0.478 1.308
66 9 0.212 0.329 1.507
66 10 0.399 0.256 1.445
66 11 0.312 0.411 1.353
66 12 0.276 0.468 1.333
66 13 -0.067 -0.044 1.431
66 14 -0.110 -0.442 1.545
66 15 -0.108 -0.687 1.629
66 16 -0.101 -0.729 1.542
66 17 0.093 -0.047 1.445
66 18 0.126 -0.420 1.453
66 19 0.165 -0.720 1.447
66 20 0.169 -0.755 1.362
67 1 0.027 0.041 1.441
67 2 0.026 0.099 1.493
67 3 0.036 0.437 1.499
67 4 0.062 0.589 1.455
67 5 -0.133 0.343 1.486
67 6 -0.327 0.342 1.409
67 7 -0.216 0.491 1.341
67 8 -0.176 0.538 1.321
67 9 0.257 0.332 1.498
67 10 0.459 0.330 1.414
67 11 0.340 0.481 1.353
67 12 0.298 0.537 1.339
67 13 -0.059 -0.038 1.423
67 14 -0.099 -0.437 1.533
67 15 -0.093 -0.682 1.608
67 16 -0.088 -0.722 1.524
67 17 0.108 -0.041 1.433
67 18 0.132 -0.414 1.447
67 19 0.174 -0.716 1.435
67 20 0.179 -0.751 1.350
68 1 0.040 0.050 1.431
68 2 0.039 0.107 1.482
68 3 0.056 0.443 1.488
68 4 0.074 0.593 1.437
68 5 -0.109 0.350 1.470
68 6 -0.317 0.399 1.381
68 7 -0.215 0.560 1.333
68 8 -0.164 0.579 1.325
68 9 0.275 0.335 1.494
68 10 0.472 0.399 1.403
68 11 0.370 0.557 1.337
68 12 0.322 0.601 1.322
68 13 -0.048 -0.030 1.412
68 14 -0.090 -0.432 1.522
68 15 -0.085 -0.676 1.592
68 16 -0.080 -0.714 1.509
68 17 0.121 -0.035 1.423
68 18 0.138 -0.408 1.440
68 19 0.183 -0.712 1.425
68 20 0.189 -0.746 1.339
69 1 0.050 0.058 1.423
69 2 0.050 0.115 1.474
69 3 0.074 0.449 1.478
69 4 0.086 0.595 1.424
69 5 -0.096 0.354 1.460
69 6 -0.307 0.442 1.365
69 7 -0.222 0.604 1.325
69 8 -0.165 0.623 1.324
69 9 0.290 0.342 1.489
69 10 0.476 0.445 1.400
69 11 0.412 0.633 1.313
69 12 0.372 0.684 1.291
69 13 -0.039 -0.022 1.403
69 14 -0.082 -0.429 1.512
69 15 -0.079 -0.670 1.579
69 16 -0.074 -0.707 1.496
69 17 0.130 -0.030 1.416
69 18 0.144 -0.403 1.435
69 19 0.189 -0.707 1.417
69 20 0.196 -0.742 1.332
70 1 0.061 0.068 1.415
70 2 0.062 0.125 1.466
70 3 0.091 0.455 1.468
70 4 0.097 0.597 1.412
70 5 -0.087 0.358 1.453
70 6 -0.293 0.472 1.356
70 7 -0.227 0.637 1.315
70 8 -0.168 0.659 1.317
70 9 0.301 0.357 1.483
70 10 0.476 0.483 1.397
70 11 0.604 0.623 1.323
70 12 0.654 0.644 1.307
70 13 -0.030 -0.014 1.396
70 14 -0.075 -0.426 1.503
70 15 -0.075 -0.664 1.568
70 16 -0.070 -0.699 1.484
70 17 0.139 -0.022 1.408
70 18 0.149 -0.397 1.429
70 19 0.193 -0.702 1.412
70 20 0.199 -0.737 1.326
71 1 0.072 0.078 1.408
71 2 0.076 0.135 1.458
71 3 0.134 0.456 1.454
71 4 0.103 0.598 1.405
71 5 -0.082 0.364 1.446
71 6 -0.264 0.506 1.354
71 7 -0.229 0.667 1.303
71 8 -0.169 0.693 1.305
71 9 0.307 0.369 1.478
71 10 0.471 0.509 1.396
71 11 0.686 0.651 1.326
71 12 0.745 0.686 1.307
71 13 -0.023 -0.005 1.390
71 14 -0.065 -0.421 1.489
71 15 -0.071 -0.657 1.556
71 16 -0.065 -0.691 1.472
71 17 0.148 -0.014 1.399
71 18 0.156 -0.391 1.423
71 19 0.195 -0.696 1.407
71 20 0.202 -0.731 1.322
72 1 0.087 0.090 1.399
72 2 0.093 0.145 1.449
72 3 0.155 0.457 1.447
72 4 0.109 0.598 1.398
72 5 -0.076 0.374 1.438
72 6 -0.238 0.523 1.357
72 7 -0.223 0.685 1.296
72 8 -0.163 0.714 1.298
72 9 0.316 0.389 1.469
72 10 0.473 0.535 1.390
72 11 0.718 0.665 1.324
72 12 0.772 0.699 1.305
72 13 -0.013 0.006 1.383
72 14 -0.056 -0.416 1.478
72 15 -0.062 -0.650 1.538
72 16 -0.056 -0.681 1.452
72 17 0.161 -0.002 1.389
72 18 0.162 -0.386 1.418
72 19 0.197 -0.688 1.403
72 20 0.204 -0.724 1.318
73 1 0.098 0.097 1.393
73 2 0.104 0.151 1.442
73 3 0.169 0.458 1.441
73 4 0.115 0.598 1.390
73 5 -0.066 0.381 1.429
73 6 -0.214 0.530 1.360
73 7 -0.212 0.698 1.289
73 8 -0.154 0.728 1.292
73 9 0.321 0.398 1.464
73 10 0.471 0.546 1.388
73 11 0.723 0.673 1.321
73 12 0.777 0.707 1.302
73 13 -0.003 0.014 1.376
73 14 -0.048 -0.411 1.465
73 15 -0.057 -0.644 1.525
73 16 -0.051 -0.674 1.438
73 17 0.170 0.005 1.382
73 18 0.168 -0.382 1.414
73 19 0.198 -0.682 1.401
73 20 0.205 -0.717 1.316
74 1 0.105 0.100 1.387
74 2 0.112 0.154 1.437
74 3 0.176 0.459 1.437
74 4 0.121 0.598 1.382
74 5 -0.055 0.385 1.421
74 6 -0.201 0.531 1.361
74 7 -0.204 0.704 1.285
74 8 -0.147 0.735 1.288
74 9 0.326 0.403 1.460
74 10 0.475 0.533 1.383
74 11 0.741 0.666 1.316
74 12 0.803 0.693 1.297
74 13 0.005 0.019 1.370
74 14 -0.040 -0.407 1.453
74 15 -0.053 -0.640 1.510
74 16 -0.046 -0.670 1.424
74 17 0.177 0.008 1.376
74 18 0.174 -0.379 1.411
74 19 0.198 -0.678 1.399
74 20 0.206 -0.713 1.314
75 1 0.114 0.099 1.379
75 2 0.119 0.153 1.430
75 3 0.181 0.459 1.432
75 4 0.130 0.598 1.373
75 5 -0.039 0.384 1.411
75 6 -0.195 0.518 1.360
75 7 -0.195 0.701 1.279
75 8 -0.140 0.734 1.282
75 9 0.330 0.402 1.453
75 10 0.491 0.496 1.381
75 11 0.744 0.610 1.318
75 12 0.816 0.638 1.303
75 13 0.017 0.019 1.360
75 14 -0.030 -0.404 1.441
75 15 -0.049 -0.638 1.498
75 16 -0.042 -0.668 1.412
75 17 0.184 0.009 1.369
75 18 0.179 -0.377 1.408
75 19 0.199 -0.675 1.398
75 20 0.206 -0.711 1.313
76 1 0.122 0.093 1.370
76 2 0.126 0.149 1.421
76 3 0.182 0.459 1.426
76 4 0.138 0.598 1.364
76 5 -0.027 0.381 1.403
76 6 -0.194 0.496 1.356
76 7 -0.332 0.623 1.303
76 8 -0.386 0.646 1.301
76 9 0.338 0.389 1.441
76 10 0.507 0.461 1.378
76 11 0.746 0.576 1.322
76 12 0.816 0.602 1.309
76 13 0.027 0.016 1.350
76 14 -0.021 -0.401 1.431
76 15 -0.046 -0.637 1.487
76 16 -0.038 -0.669 1.401
76 17 0.191 0.006 1.362
76 18 0.184 -0.377 1.405
76 19 0.199 -0.674 1.397
76 20 0.207 -0.709 1.312
77 1 0.128 0.086 1.362
77 2 0.131 0.143 1.413
77 3 0.183 0.458 1.419
77 4 0.146 0.598 1.356
77 5 -0.016 0.376 1.395
77 6 -0.194 0.479 1.353
77 7 -0.397 0.575 1.316
77 8 -0.463 0.609 1.309
77 9 0.343 0.378 1.432
77 10 0.521 0.440 1.376
77 11 0.750 0.547 1.326
77 12 0.818 0.572 1.316
77 13 0.035 0.012 1.343
77 14 -0.015 -0.400 1.424
77 15 -0.043 -0.639 1.477
77 16 -0.035 -0.671 1.391
77 17 0.198 0.001 1.355
77 18 0.188 -0.377 1.403
77 19 0.200 -0.673 1.397
77 20 0.207 -0.708 1.312
78 1 0.133 0.080 1.355
78 2 0.136 0.137 1.407
78 3 0.183 0.458 1.412
78 4 0.153 0.599 1.349
78 5 -0.009 0.373 1.390
78 6 -0.193 0.468 1.351
78 7 -0.426 0.553 1.322
78 8 -0.512 0.584 1.315
78 9 0.347 0.369 1.424
78 10 0.528 0.430 1.374
78 11 0.752 0.531 1.329
78 12 0.820 0.555 1.320
78 13 0.041 0.008 1.337
78 14 -0.009 -0.398 1.417
78 15 -0.035 -0.642 1.466
78 16 -0.027 -0.676 1.381
78 17 0.203 -0.005 1.348
78 18 0.193 -0.379 1.400
78 19 0.200 -0.673 1.397
78 20 0.207 -0.708 1.313
79 1 0.138 0.077 1.350
79 2 0.141 0.134 1.401
79 3 0.185 0.457 1.406
79 4 0.162 0.598 1.342
79 5 -0.004 0.371 1.386
79 6 -0.191 0.462 1.349
79 7 -0.443 0.542 1.325
79 8 -0.528 0.576 1.316
79 9 0.367 0.367 1.419
79 10 0.546 0.428 1.369
79 11 0.760 0.522 1.326
79 12 0.826 0.546 1.317
79 13 0.046 0.006 1.333
79 14 -0.004 -0.397 1.412
79 15 -0.029 -0.645 1.458
79 16 -0.021 -0.679 1.373
79 17 0.211 -0.008 1.342
79 18 0.197 -0.380 1.398
79 19 0.200 -0.673 1.398
79 20 0.208 -0.708 1.313
80 1 0.143 0.076 1.346
80 2 0.146 0.133 1.397
80 3 0.190 0.455 1.400
80 4 0.176 0.597 1.333
80 5 -0.000 0.370 1.384
80 6 -0.187 0.461 1.346
80 7 -0.435 0.547 1.319
80 8 -0.506 0.589 1.307
80 9 0.379 0.367 1.416
80 10 0.556 0.429 1.364
80 11 0.766 0.519 1.319
80 12 0.832 0.544 1.309
80 13 0.049 0.005 1.330
80 14 -0.000 -0.397 1.407
80 15 -0.023 -0.647 1.450
80 16 -0.015 -0.682 1.365
80 17 0.217 -0.010 1.337
80 18 0.200 -0.381 1.396
80 19 0.200 -0.672 1.398
80 20 0.208 -0.708 1.313
81 1 0.150 0.079 1.343
81 2 0.153 0.135 1.393
81 3 0.198 0.454 1.394
81 4 0.185 0.595 1.327
81 5 0.002 0.369 1.382
81 6 -0.171 0.467 1.339
81 7 -0.396 0.584 1.303
81 8 -0.468 0.624 1.291
81 9 0.387 0.367 1.415
81 10 0.563 0.435 1.358
81 11 0.771 0.525 1.308
81 12 0.835 0.552 1.295
81 13 0.053 0.005 1.328
81 14 0.003 -0.396 1.403
81 15 -0.019 -0.648 1.443
81 16 -0.011 -0.683 1.359
81 17 0.224 -0.010 1.334
81 18 0.204 -0.381 1.394
81 19 0.200 -0.672 1.399
81 20 0.208 -0.707 1.314
82 1 0.157 0.085 1.341
82 2 0.160 0.139 1.391
82 3 0.203 0.453 1.390
82 4 0.192 0.594 1.322
82 5 0.006 0.376 1.379
82 6 -0.148 0.491 1.329
82 7 -0.357 0.629 1.284
82 8 -0.417 0.673 1.272
82 9 0.399 0.374 1.412
82 10 0.569 0.463 1.342
82 11 0.770 0.564 1.277
82 12 0.829 0.601 1.256
82 13 0.056 0.007 1.326
82 14 0.006 -0.395 1.400
82 15 -0.015 -0.647 1.438
82 16 -0.007 -0.683 1.353
82 17 0.232 -0.006 1.331
82 18 0.207 -0.381 1.392
82 19 0.200 -0.671 1.399
82 20 0.208 -0.706 1.315
83 1 0.164 0.093 1.339
83 2 0.167 0.146 1.389
83 3 0.211 0.453 1.385
83 4 0.199 0.594 1.318
83 5 0.010 0.389 1.376
83 6 -0.147 0.513 1.321
83 7 -0.336 0.655 1.273
83 8 -0.391 0.701 1.261
83 9 0.408 0.382 1.409
83 10 0.571 0.483 1.331
83 11 0.768 0.593 1.256
83 12 0.824 0.632 1.233
83 13 0.061 0.012 1.325
83 14 0.008 -0.395 1.397
83 15 -0.012 -0.645 1.433
83 16 -0.004 -0.681 1.348
83 17 0.239 0.000 1.328
83 18 0.210 -0.380 1.390
83 19 0.200 -0.668 1.400
83 20 0.208 -0.703 1.315
84 1 0.170 0.104 1.339
84 2 0.174 0.154 1.387
84 3 0.217 0.454 1.381
84 4 0.204 0.594 1.314
84 5 0.014 0.399 1.374
84 6 -0.145 0.529 1.315
84 7 -0.322 0.671 1.265
84 8 -0.375 0.718 1.251
84 9 0.414 0.394 1.404
84 10 0.569 0.502 1.318
84 11 0.762 0.619 1.234
84 12 0.817 0.658 1.210
84 13 0.066 0.022 1.326
84 14 0.010 -0.393 1.395
84 15 -0.009 -0.642 1.428
84 16 -0.002 -0.677 1.343
84 17 0.245 0.011 1.327
84 18 0.213 -0.379 1.388
84 19 0.201 -0.662 1.400
84 20 0.208 -0.698 1.315
85 1 0.173 0.111 1.338
85 2 0.178 0.160 1.387
85 3 0.220 0.454 1.379
85 4 0.207 0.594 1.312
85 5 0.017 0.406 1.373
85 6 -0.144 0.539 1.309
85 7 -0.314 0.681 1.257
85 8 -0.364 0.727 1.243
85 9 0.417 0.402 1.401
85 10 0.567 0.513 1.309
85 11 0.756 0.637 1.217
85 12 0.809 0.677 1.191
85 13 0.070 0.029 1.327
85 14 0.012 -0.392 1.393
85 15 -0.007 -0.638 1.424
85 16 -0.000 -0.673 1.339
85 17 0.248 0.018 1.326
85 18 0.216 -0.378 1.386
85 19 0.201 -0.656 1.399
85 20 0.208 -0.692 1.315
86 1 0.176 0.115 1.338
86 2 0.182 0.165 1.386
86 3 0.255 0.454 1.372
86 4 0.228 0.593 1.306
86 5 0.019 0.410 1.371
86 6 -0.144 0.545 1.305
86 7 -0.308 0.687 1.252
86 8 -0.358 0.732 1.237
86 9 0.419 0.406 1.398
86 10 0.570 0.523 1.299
86 11 0.751 0.647 1.203
86 12 0.803 0.687 1.176
86 13 0.073 0.033 1.327
86 14 0.014 -0.391 1.391
86 15 -0.005 -0.635 1.420
86 16 0.001 -0.670 1.335
86 17 0.251 0.023 1.325
86 18 0.218 -0.377 1.384
86 19 0.201 -0.652 1.399
86 20 0.207 -0.688 1.315
87 1 0.179 0.117 1.338
87 2 0.186 0.167 1.386
87 3 0.269 0.454 1.369
87 4 0.241 0.592 1.302
87 5 0.020 0.413 1.371
87 6 -0.144 0.549 1.303
87 7 -0.305 0.688 1.246
87 8 -0.355 0.732 1.230
87 9 0.420 0.408 1.396
87 10 0.569 0.522 1.292
87 11 0.749 0.648 1.192
87 12 0.800 0.687 1.163
87 13 0.075 0.036 1.327
87 14 0.016 -0.390 1.388
87 15 -0.004 -0.632 1.417
87 16 0.003 -0.667 1.333
87 17 0.252 0.025 1.325
87 18 0.220 -0.376 1.383
87 19 0.201 -0.649 1.399
87 20 0.207 -0.685 1.315
88 1 0.181 0.119 1.338
88 2 0.190 0.169 1.385
88 3 0.277 0.453 1.367
88 4 0.249 0.592 1.299
88 5 0.021 0.415 1.370
88 6 -0.145 0.549 1.300
88 7 -0.309 0.678 1.239
88 8 -0.362 0.717 1.222
88 9 0.421 0.408 1.393
88 10 0.569 0.513 1.287
88 11 0.749 0.643 1.184
88 12 0.801 0.680 1.154
88 13 0.077 0.037 1.327
88 14 0.018 -0.389 1.387
88 15 -0.002 -0.631 1.415
88 16 0.004 -0.666 1.330
88 17 0.254 0.027 1.324
88 18 0.222 -0.375 1.382
88 19 0.201 -0.647 1.399
88 20 0.207 -0.683 1.315
89 1 0.185 0.117 1.337
89 2 0.194 0.168 1.384
89 3 0.281 0.453 1.366
89 4 0.255 0.592 1.298
89 5 0.038 0.395 1.370
89 6 -0.121 0.511 1.307
89 7 -0.305 0.654 1.246
89 8 -0.360 0.691 1.231
89 9 0.423 0.403 1.389
89 10 0.577 0.483 1.289
89 11 0.768 0.605 1.188
89 12 0.827 0.631 1.163
89 13 0.079 0.037 1.327
89 14 0.019 -0.388 1.385
89 15 -0.001 -0.630 1.413
89 16 0.005 -0.665 1.329
89 17 0.255 0.026 1.324
89 18 0.224 -0.375 1.381
89 19 0.201 -0.646 1.399
89 20 0.206 -0.682 1.315
90 1 0.187 0.114 1.336
90 2 0.198 0.166 1.383
90 3 0.284 0.453 1.365
90 4 0.258 0.591 1.296
90 5 0.044 0.388 1.369
90 6 -0.112 0.488 1.313
90 7 -0.308 0.633 1.254
90 8 -0.365 0.666 1.242
90 9 0.423 0.397 1.386
90 10 0.584 0.463 1.292
90 11 0.786 0.570 1.195
90 12 0.848 0.591 1.172
90 13 0.082 0.035 1.326
90 14 0.021 -0.388 1.383
90 15 0.001 -0.630 1.411
90 16 0.006 -0.665 1.327
90 17 0.257 0.024 1.324
90 18 0.226 -0.374 1.381
90 19 0.200 -0.645 1.399
90 20 0.206 -0.682 1.315
91 1 0.190 0.109 1.335
91 2 0.201 0.163 1.382
91 3 0.284 0.453 1.364
91 4 0.260 0.591 1.295
91 5 0.048 0.383 1.368
91 6 -0.108 0.474 1.318
91 7 -0.313 0.610 1.266
91 8 -0.373 0.642 1.257
91 9 0.424 0.391 1.383
91 10 0.589 0.449 1.294
91 11 0.799 0.545 1.202
91 12 0.862 0.565 1.181
91 13 0.085 0.032 1.325
91 14 0.023 -0.387 1.382
91 15 0.003 -0.630 1.410
91 16 0.007 -0.666 1.325
91 17 0.259 0.020 1.325
91 18 0.227 -0.375 1.380
91 19 0.200 -0.645 1.400
91 20 0.205 -0.682 1.315
92 1 0.192 0.104 1.335
92 2 0.203 0.159 1.381
92 3 0.282 0.452 1.363
92 4 0.262 0.591 1.295
92 5 0.051 0.381 1.368
92 6 -0.106 0.465 1.320
92 7 -0.319 0.592 1.274
92 8 -0.381 0.622 1.267
92 9 0.424 0.384 1.380
92 10 0.593 0.438 1.296
92 11 0.808 0.525 1.207
92 12 0.873 0.545 1.187
92 13 0.088 0.028 1.324
92 14 0.024 -0.387 1.380
92 15 0.005 -0.631 1.408
92 16 0.009 -0.667 1.324
92 17 0.260 0.016 1.325
92 18 0.229 -0.375 1.380
92 19 0.199 -0.646 1.400
92 20 0.204 -0.682 1.316
93 1 0.193 0.101 1.334
93 2 0.204 0.157 1.381
93 3 0.279 0.452 1.363
93 4 0.263 0.591 1.294
93 5 0.052 0.379 1.368
93 6 -0.107 0.458 1.322
93 7 -0.326 0.578 1.279
93 8 -0.388 0.606 1.272
93 9 0.424 0.379 1.378
93 10 0.596 0.426 1.297
93 11 0.818 0.500 1.212
93 12 0.884 0.517 1.192
93 13 0.090 0.025 1.324
93 14 0.026 -0.388 1.379
93 15 0.006 -0.632 1.407
93 16 0.010 -0.668 1.323
93 17 0.261 0.012 1.325
93 18 0.230 -0.375 1.380
93 19 0.199 -0.647 1.401
93 20 0.203 -0.684 1.317
94 1 0.194 0.093 1.333
94 2 0.205 0.151 1.380
94 3 0.276 0.451 1.363
94 4 0.263 0.590 1.293
94 5 0.061 0.372 1.364
94 6 -0.110 0.448 1.323
94 7 -0.062 0.566 1.315
94 8 -0.010 0.600 1.315
94 9 0.424 0.375 1.376
94 10 0.601 0.409 1.297
94 11 0.830 0.462 1.217
94 12 0.897 0.472 1.198
94 13 0.093 0.020 1.323
94 14 0.027 -0.388 1.378
94 15 0.008 -0.635 1.406
94 16 0.012 -0.671 1.322
94 17 0.262 0.007 1.324
94 18 0.232 -0.376 1.380
94 19 0.197 -0.649 1.402
94 20 0.201 -0.686 1.318
95 1 0.195 0.085 1.332
95 2 0.205 0.145 1.379
95 3 0.273 0.451 1.363
95 4 0.263 0.590 1.293
95 5 0.068 0.367 1.362
95 6 -0.116 0.426 1.325
95 7 -0.045 0.569 1.251
95 8 -0.026 0.621 1.214
95 9 0.423 0.371 1.375
95 10 0.604 0.384 1.298
95 11 0.840 0.406 1.222
95 12 0.909 0.406 1.205
95 13 0.095 0.015 1.322
95 14 0.028 -0.388 1.378
95 15 0.010 -0.638 1.406
95 16 0.014 -0.674 1.321
95 17 0.263 0.002 1.324
95 18 0.233 -0.377 1.380
95 19 0.196 -0.652 1.403
95 20 0.200 -0.689 1.319
96 1 0.195 0.074 1.331
96 2 0.205 0.135 1.378
96 3 0.270 0.450 1.363
96 4 0.263 0.590 1.293
96 5 0.072 0.364 1.360
96 6 -0.121 0.405 1.327
96 7 0.013 0.554 1.230
96 8 0.077 0.601 1.193
96 9 0.408 0.355 1.367
96 10 0.595 0.343 1.306
96 11 0.836 0.331 1.249
96 12 0.906 0.324 1.237
96 13 0.098 0.009 1.321
96 14 0.029 -0.388 1.377
96 15 0.012 -0.642 1.406
96 16 0.016 -0.678 1.322
96 17 0.262 -0.005 1.324
96 18 0.234 -0.378 1.380
96 19 0.194 -0.657 1.405
96 20 0.197 -0.693 1.321
97 1 0.194 0.066 1.331
97 2 0.204 0.128 1.378
97 3 0.266 0.449 1.363
97 4 0.262 0.589 1.293
97 5 0.071 0.362 1.360
97 6 -0.131 0.365 1.334
97 7 0.010 0.505 1.233
97 8 0.094 0.554 1.210
97 9 0.397 0.344 1.362
97 10 0.584 0.304 1.317
97 11 0.673 0.428 1.216
97 12 0.708 0.448 1.189
97 13 0.099 0.004 1.320
97 14 0.030 -0.389 1.377
97 15 0.015 -0.646 1.407
97 16 0.017 -0.682 1.322
97 17 0.261 -0.010 1.324
97 18 0.235 -0.380 1.381
97 19 0.192 -0.661 1.407
97 20 0.195 -0.698 1.323
98 1 0.193 0.061 1.330
98 2 0.203 0.122 1.377
98 3 0.262 0.446 1.365
98 4 0.260 0.588 1.294
98 5 0.071 0.360 1.360
98 6 -0.137 0.325 1.345
98 7 0.034 0.458 1.234
98 8 0.122 0.503 1.218
98 9 0.360 0.327 1.351
98 10 0.572 0.264 1.331
98 11 0.595 0.396 1.212
98 12 0.570 0.446 1.181
98 13 0.100 -0.000 1.320
98 14 0.031 -0.388 1.377
98 15 0.016 -0.650 1.407
98 16 0.018 -0.686 1.323
98 17 0.259 -0.015 1.323
98 18 0.236 -0.382 1.381
98 19 0.191 -0.665 1.409
98 20 0.193 -0.701 1.325
99 1 0.190 0.058 1.330
99 2 0.200 0.118 1.378
99 3 0.221 0.439 1.375
99 4 0.236 0.586 1.304
99 5 0.038 0.360 1.367
99 6 -0.150 0.255 1.369
99 7 0.028 0.416 1.236
99 8 0.110 0.457 1.230
99 9 0.350 0.317 1.347
99 10 0.567 0.245 1.336
99 11 0.498 0.394 1.196
99 12 0.453 0.448 1.166
99 13 0.098 -0.003 1.320
99 14 0.032 -0.388 1.377
99 15 0.018 -0.653 1.408
99 16 0.018 -0.689 1.323
99 17 0.257 -0.018 1.323
99 18 0.237 -0.383 1.382
99 19 0.190 -0.667 1.411
99 20 0.191 -0.704 1.327
100 1 0.188 0.055 1.330
100 2 0.196 0.115 1.378
100 3 0.214 0.438 1.377
100 4 0.231 0.586 1.308
100 5 0.053 0.345 1.363
100 6 -0.117 0.237 1.379
100 7 0.030 0.372 1.219
100 8 0.103 0.419 1.224
100 9 0.381 0.310 1.360
100 10 0.569 0.223 1.331
100 11 0.454 0.368 1.187
100 12 0.437 0.417 1.153
100 13 0.096 -0.006 1.321
100 14 0.033 -0.388 1.378
100 15 0.020 -0.657 1.410
100 16 0.021 -0.692 1.325
100 17 0.256 -0.021 1.322
100 18 0.238 -0.386 1.384
100 19 0.189 -0.671 1.413
100 20 0.190 -0.707 1.328
101 1 0.184 0.047 1.330
101 2 0.191 0.108 1.379
101 3 0.209 0.437 1.378
101 4 0.227 0.585 1.310
101 5 0.073 0.334 1.359
101 6 -0.086 0.211 1.388
101 7 0.023 0.323 1.193
101 8 0.089 0.368 1.202
101 9 0.399 0.309 1.368
101 10 0.546 0.176 1.365
101 11 0.438 0.314 1.184
101 12 0.423 0.357 1.142
101 13 0.094 -0.011 1.321
101 14 0.035 -0.389 1.379
101 15 0.023 -0.663 1.413
101 16 0.024 -0.698 1.329
101 17 0.252 -0.030 1.321
101 18 0.238 -0.390 1.386
101 19 0.187 -0.677 1.415
101 20 0.188 -0.713 1.330
102 1 0.181 0.040 1.331
102 2 0.188 0.104 1.380
102 3 0.209 0.437 1.379
102 4 0.225 0.585 1.311
102 5 0.079 0.331 1.359
102 6 -0.052 0.186 1.413
102 7 0.013 0.261 1.172
102 8 0.070 0.300 1.178
102 9 0.404 0.307 1.371
102 10 0.519 0.146 1.389
102 11 0.433 0.255 1.190
102 12 0.412 0.292 1.143
102 13 0.092 -0.016 1.322
102 14 0.036 -0.393 1.384
102 15 0.027 -0.669 1.418
102 16 0.030 -0.705 1.334
102 17 0.249 -0.036 1.321
102 18 0.239 -0.396 1.390
102 19 0.185 -0.683 1.417
102 20 0.187 -0.719 1.332
103 1 0.178 0.035 1.331
103 2 0.186 0.099 1.380
103 3 0.210 0.437 1.380
103 4 0.224 0.585 1.313
103 5 0.082 0.329 1.360
103 6 -0.038 0.176 1.422
103 7 -0.003 0.195 1.165
103 8 0.051 0.235 1.169
103 9 0.404 0.306 1.374
103 10 0.475 0.126 1.415
103 11 0.426 0.190 1.202
103 12 0.418 0.223 1.149
103 13 0.091 -0.021 1.323
103 14 0.037 -0.398 1.388
103 15 0.031 -0.674 1.425
103 16 0.034 -0.710 1.340
103 17 0.246 -0.042 1.321
103 18 0.239 -0.401 1.393
103 19 0.183 -0.688 1.419
103 20 0.185 -0.723 1.334
104 1 0.177 0.031 1.332
104 2 0.184 0.095 1.382
104 3 0.213 0.437 1.381
104 4 0.226 0.585 1.315
104 5 0.082 0.329 1.365
104 6 -0.030 0.172 1.429
104 7 -0.013 0.131 1.177
104 8 0.039 0.176 1.174
104 9 0.398 0.307 1.377
104 10 0.443 0.123 1.435
104 11 0.428 0.138 1.218
104 12 0.426 0.154 1.154
104 13 0.090 -0.025 1.324
104 14 0.038 -0.402 1.392
104 15 0.033 -0.679 1.432
104 16 0.036 -0.715 1.347
104 17 0.244 -0.046 1.321
104 18 0.239 -0.404 1.396
104 19 0.182 -0.692 1.421
104 20 0.184 -0.728 1.336
105 1 0.175 0.026 1.336
105 2 0.182 0.091 1.385
105 3 0.216 0.438 1.385
105 4 0.238 0.584 1.321
105 5 0.075 0.332 1.378
105 6 -0.029 0.179 1.443
105 7 -0.010 0.086 1.213
105 8 0.038 0.128 1.199
105 9 0.386 0.310 1.383
105 10 0.420 0.129 1.453
105 11 0.415 0.083 1.234
105 12 0.441 0.082 1.173
105 13 0.089 -0.031 1.328
105 14 0.039 -0.408 1.401
105 15 0.034 -0.684 1.443
105 16 0.036 -0.719 1.358
105 17 0.242 -0.051 1.325
105 18 0.239 -0.407 1.399
105 19 0.180 -0.697 1.423
105 20 0.181 -0.733 1.339
106 1 0.173 0.022 1.341
106 2 0.181 0.087 1.390
106 3 0.217 0.439 1.390
106 4 0.249 0.582 1.328
106 5 0.066 0.335 1.392
106 6 -0.033 0.186 1.455
106 7 -0.004 0.082 1.229
106 8 0.039 0.107 1.210
106 9 0.376 0.312 1.389
106 10 0.410 0.132 1.462
106 11 0.409 0.064 1.239
106 12 0.445 0.054 1.178
106 13 0.088 -0.035 1.332
106 14 0.040 -0.413 1.409
106 15 0.037 -0.687 1.455
106 16 0.038 -0.723 1.370
106 17 0.240 -0.055 1.330
106 18 0.238 -0.411 1.403
106 19 0.178 -0.701 1.426
106 20 0.179 -0.737 1.342
107 1 0.171 0.020 1.348
107 2 0.179 0.085 1.398
107 3 0.218 0.440 1.398
107 4 0.258 0.580 1.334
107 5 0.056 0.339 1.407
107 6 -0.041 0.192 1.465
107 7 -0.001 0.083 1.240
107 8 0.041 0.100 1.221
107 9 0.366 0.315 1.398
107 10 0.403 0.135 1.468
107 11 0.400 0.064 1.241
107 12 0.446 0.036 1.183
107 13 0.087 -0.039 1.339
107 14 0.041 -0.417 1.418
107 15 0.040 -0.690 1.466
107 16 0.041 -0.726 1.381
107 17 0.238 -0.057 1.337
107 18 0.237 -0.413 1.407
107 19 0.177 -0.704 1.430
107 20 0.178 -0.740 1.345
108 1 0.169 0.019 1.358
108 2 0.177 0.083 1.409
108 3 0.217 0.442 1.410
108 4 0.262 0.579 1.342
108 5 0.048 0.341 1.418
108 6 -0.061 0.202 1.479
108 7 0.001 0.097 1.247
108 8 0.045 0.110 1.231
108 9 0.358 0.317 1.408
108 10 0.400 0.138 1.472
108 11 0.388 0.079 1.242
108 12 0.440 0.042 1.187
108 13 0.086 -0.041 1.348
108 14 0.040 -0.421 1.427
108 15 0.044 -0.692 1.477
108 16 0.044 -0.728 1.392
108 17 0.236 -0.057 1.348
108 18 0.236 -0.416 1.412
108 19 0.177 -0.707 1.433
108 20 0.178 -0.743 1.348
109 1 0.165 0.018 1.370
109 2 0.173 0.082 1.421
109 3 0.211 0.444 1.428
109 4 0.264 0.579 1.353
109 5 0.041 0.343 1.428
109 6 -0.076 0.203 1.485
109 7 -0.008 0.149 1.250
109 8 0.040 0.168 1.241
109 9 0.352 0.321 1.420
109 10 0.398 0.139 1.475
109 11 0.382 0.130 1.243
109 12 0.393 0.141 1.173
109 13 0.083 -0.043 1.359
109 14 0.038 -0.425 1.438
109 15 0.046 -0.694 1.487
109 16 0.046 -0.729 1.402
109 17 0.233 -0.057 1.360
109 18 0.234 -0.417 1.417
109 19 0.177 -0.710 1.436
109 20 0.178 -0.745 1.351
110 1 0.161 0.019 1.384
110 2 0.168 0.082 1.436
110 3 0.204 0.444 1.445
110 4 0.255 0.583 1.375
110 5 0.035 0.344 1.437
110 6 -0.088 0.202 1.488
110 7 -0.031 0.217 1.265
110 8 -0.002 0.229 1.227
110 9 0.347 0.322 1.433
110 10 0.403 0.141 1.477
110 11 0.385 0.201 1.252
110 12 0.383 0.215 1.183
110 13 0.079 -0.045 1.371
110 14 0.036 -0.429 1.449
110 15 0.046 -0.695 1.498
110 16 0.046 -0.730 1.412
110 17 0.229 -0.057 1.372
110 18 0.232 -0.419 1.423
110 19 0.178 -0.712 1.439
110 20 0.178 -0.747 1.354
111 1 0.156 0.019 1.398
111 2 0.161 0.082 1.450
111 3 0.195 0.445 1.462
111 4 0.235 0.588 1.407
111 5 0.030 0.344 1.446
111 6 -0.113 0.201 1.487
111 7 -0.053 0.304 1.267
111 8 -0.031 0.322 1.215
111 9 0.342 0.324 1.449
111 10 0.434 0.160 1.473
111 11 0.389 0.281 1.280
111 12 0.374 0.309 1.218
111 13 0.075 -0.045 1.384
111 14 0.034 -0.432 1.462
111 15 0.044 -0.695 1.512
111 16 0.045 -0.730 1.426
111 17 0.224 -0.057 1.386
111 18 0.229 -0.421 1.430
111 19 0.179 -0.714 1.442
111 20 0.180 -0.750 1.358
112 1 0.148 0.027 1.417
112 2 0.153 0.089 1.469
112 3 0.187 0.446 1.479
112 4 0.213 0.594 1.432
112 5 0.021 0.345 1.462
112 6 -0.148 0.214 1.483
112 7 -0.074 0.386 1.298
112 8 -0.060 0.421 1.248
112 9 0.345 0.331 1.481
112 10 0.475 0.190 1.466
112 11 0.394 0.366 1.315
112 12 0.365 0.413 1.268
112 13 0.066 -0.040 1.402
112 14 0.031 -0.433 1.475
112 15 0.042 -0.693 1.523
112 16 0.043 -0.728 1.437
112 17 0.220 -0.052 1.400
112 18 0.227 -0.421 1.436
112 19 0.182 -0.715 1.446
112 20 0.183 -0.751 1.361
113 1 0.141 0.037 1.433
113 2 0.146 0.096 1.484
113 3 0.181 0.447 1.495
113 4 0.189 0.599 1.455
113 5 0.005 0.351 1.488
113 6 -0.180 0.259 1.463
113 7 -0.091 0.454 1.338
113 8 -0.074 0.501 1.298
113 9 0.345 0.335 1.498
113 10 0.510 0.226 1.464
113 11 0.406 0.427 1.356
113 12 0.367 0.480 1.331
113 13 0.056 -0.032 1.418
113 14 0.028 -0.431 1.491
113 15 0.036 -0.689 1.536
113 16 0.038 -0.724 1.450
113 17 0.215 -0.046 1.415
113 18 0.220 -0.415 1.447
113 19 0.188 -0.715 1.448
113 20 0.190 -0.750 1.363
114 1 0.135 0.045 1.448
114 2 0.140 0.103 1.499
114 3 0.172 0.446 1.514
114 4 0.173 0.600 1.473
114 5 -0.011 0.354 1.508
114 6 -0.208 0.306 1.447
114 7 -0.105 0.502 1.378
114 8 -0.083 0.554 1.354
114 9 0.349 0.338 1.515
114 10 0.546 0.290 1.448
114 11 0.418 0.477 1.384
114 12 0.373 0.535 1.370
114 13 0.047 -0.026 1.431
114 14 0.025 -0.428 1.508
114 15 0.029 -0.683 1.553
114 16 0.031 -0.718 1.468
114 17 0.212 -0.041 1.427
114 18 0.214 -0.410 1.455
114 19 0.194 -0.714 1.450
114 20 0.196 -0.749 1.366
115 1 0.130 0.052 1.461
115 2 0.134 0.108 1.513
115 3 0.162 0.446 1.533
115 4 0.161 0.601 1.486
115 5 -0.022 0.356 1.523
115 6 -0.227 0.367 1.436
115 7 -0.122 0.555 1.394
115 8 -0.083 0.599 1.379
115 9 0.351 0.339 1.528
115 10 0.561 0.359 1.440
115 11 0.422 0.518 1.393
115 12 0.386 0.546 1.378
115 13 0.039 -0.023 1.443
115 14 0.021 -0.427 1.529
115 15 0.024 -0.679 1.569
115 16 0.027 -0.714 1.484
115 17 0.209 -0.037 1.440
115 18 0.209 -0.406 1.463
115 19 0.199 -0.714 1.454
115 20 0.201 -0.748 1.369
116 1 0.124 0.058 1.475
116 2 0.127 0.114 1.529
116 3 0.149 0.448 1.553
116 4 0.153 0.603 1.502
116 5 -0.032 0.357 1.536
116 6 -0.241 0.410 1.433
116 7 -0.175 0.598 1.393
116 8 -0.116 0.647 1.395
116 9 0.349 0.347 1.548
116 10 0.547 0.425 1.447
116 11 0.424 0.578 1.395
116 12 0.377 0.633 1.390
116 13 0.032 -0.019 1.454
116 14 0.018 -0.430 1.551
116 15 0.021 -0.673 1.593
116 16 0.024 -0.707 1.507
116 17 0.204 -0.032 1.456
116 18 0.204 -0.405 1.471
116 19 0.202 -0.712 1.457
116 20 0.205 -0.747 1.372
117 1 0.118 0.064 1.491
117 2 0.120 0.119 1.544
117 3 0.140 0.449 1.569
117 4 0.146 0.604 1.516
117 5 -0.044 0.359 1.551
117 6 -0.249 0.442 1.439
117 7 -0.210 0.631 1.394
117 8 -0.155 0.673 1.393
117 9 0.345 0.357 1.565
117 10 0.522 0.472 1.463
117 11 0.426 0.625 1.389
117 12 0.383 0.684 1.375
117 13 0.026 -0.016 1.467
117 14 0.016 -0.437 1.572
117 15 0.027 -0.665 1.638
117 16 0.012 -0.647 1.571
117 17 0.199 -0.027 1.473
117 18 0.199 -0.406 1.479
117 19 0.204 -0.710 1.461
117 20 0.207 -0.744 1.376
118 1 0.110 0.070 1.507
118 2 0.112 0.124 1.561
118 3 0.127 0.451 1.588
118 4 0.141 0.604 1.533
118 5 -0.055 0.361 1.565
118 6 -0.250 0.466 1.454
118 7 -0.233 0.654 1.385
118 8 -0.213 0.713 1.357
118 9 0.336 0.371 1.583
118 10 0.492 0.513 1.485
118 11 0.424 0.673 1.394
118 12 0.386 0.732 1.375
118 13 0.018 -0.012 1.483
118 14 0.015 -0.441 1.588
118 15 0.028 -0.664 1.657
118 16 -0.004 -0.609 1.620
118 17 0.193 -0.021 1.489
118 18 0.194 -0.406 1.489
118 19 0.206 -0.707 1.465
118 20 0.209 -0.741 1.380
119 1 0.102 0.076 1.523
119 2 0.104 0.128 1.577
119 3 0.119 0.452 1.600
119 4 0.135 0.606 1.549
119 5 -0.067 0.366 1.581
119 6 -0.249 0.483 1.472
119 7 -0.251 0.669 1.378
119 8 -0.249 0.733 1.339
119 9 0.326 0.382 1.597
119 10 0.458 0.540 1.508
119 11 0.556 0.693 1.414
119 12 0.603 0.732 1.393
119 13 0.011 -0.008 1.500
119 14 0.014 -0.444 1.601
119 15 0.029 -0.663 1.675
119 16 -0.009 -0.597 1.639
119 17 0.184 -0.014 1.507
119 18 0.188 -0.406 1.499
119 19 0.206 -0.701 1.472
119 20 0.209 -0.736 1.387
120 1 0.095 0.079 1.537
120 2 0.097 0.132 1.590
120 3 0.112 0.453 1.611
120 4 0.127 0.609 1.566
120 5 -0.076 0.371 1.594
120 6 -0.251 0.490 1.488
120 7 -0.261 0.679 1.377
120 8 -0.265 0.744 1.334
120 9 0.316 0.390 1.609
120 10 0.443 0.545 1.522
120 11 0.631 0.695 1.432
120 12 0.685 0.739 1.407
120 13 0.004 -0.005 1.515
120 14 0.012 -0.444 1.616
120 15 0.028 -0.662 1.686
120 16 -0.015 -0.590 1.652
120 17 0.177 -0.009 1.521
120 18 0.183 -0.407 1.510
120 19 0.205 -0.696 1.479
120 20 0.208 -0.730 1.394
121 1 0.089 0.081 1.550
121 2 0.091 0.133 1.603
121 3 0.103 0.453 1.622
121 4 0.119 0.610 1.582
121 5 -0.085 0.373 1.607
121 6 -0.256 0.482 1.509
121 7 -0.262 0.679 1.384
121 8 -0.261 0.743 1.344
121 9 0.307 0.393 1.621
121 10 0.439 0.523 1.552
121 11 0.512 0.668 1.442
121 12 0.494 0.709 1.410
121 13 -0.001 -0.003 1.527
121 14 0.008 -0.443 1.633
121 15 0.028 -0.662 1.696
121 16 -0.023 -0.597 1.662
121 17 0.171 -0.006 1.535
121 18 0.180 -0.408 1.520
121 19 0.203 -0.692 1.486
121 20 0.206 -0.726 1.401
122 1 0.083 0.081 1.562
122 2 0.084 0.133 1.615
122 3 0.094 0.452 1.633
122 4 0.110 0.610 1.596
122 5 -0.095 0.373 1.619
122 6 -0.269 0.455 1.537
122 7 -0.232 0.628 1.444
122 8 -0.214 0.691 1.421
122 9 0.297 0.389 1.635
122 10 0.436 0.497 1.575
122 11 0.455 0.657 1.477
122 12 0.432 0.699 1.458
122 13 -0.005 -0.004 1.538
122 14 0.004 -0.443 1.648
122 15 0.027 -0.663 1.704
122 16 -0.028 -0.603 1.670
122 17 0.165 -0.006 1.549
122 18 0.174 -0.411 1.533
122 19 0.202 -0.689 1.491
122 20 0.204 -0.724 1.406
123 1 0.078 0.081 1.574
123 2 0.078 0.133 1.626
123 3 0.086 0.450 1.642
123 4 0.101 0.608 1.609
123 5 -0.110 0.366 1.636
123 6 -0.277 0.438 1.553
123 7 -0.173 0.582 1.514
123 8 -0.126 0.622 1.520
123 9 0.288 0.379 1.650
123 10 0.435 0.474 1.591
123 11 0.345 0.617 1.525
123 12 0.308 0.660 1.508
123 13 -0.010 -0.005 1.550
123 14 -0.003 -0.442 1.664
123 15 0.026 -0.665 1.710
123 16 -0.036 -0.624 1.674
123 17 0.161 -0.006 1.560
123 18 0.160 -0.398 1.555
123 19 0.202 -0.686 1.496
123 20 0.205 -0.721 1.411
124 1 0.066 0.114 1.602
124 2 0.065 0.161 1.653
124 3 0.075 0.448 1.652
124 4 0.095 0.607 1.618
124 5 -0.118 0.363 1.644
124 6 -0.299 0.407 1.579
124 7 -0.145 0.524 1.566
124 8 -0.102 0.558 1.577
124 9 0.283 0.371 1.661
124 10 0.431 0.469 1.602
124 11 0.249 0.576 1.570
124 12 0.197 0.617 1.556
124 13 -0.028 0.022 1.576
124 14 -0.012 -0.417 1.674
124 15 0.021 -0.650 1.712
124 16 -0.031 -0.666 1.685
124 17 0.162 0.024 1.588
124 18 0.150 -0.375 1.573
124 19 0.197 -0.662 1.508
124 20 0.200 -0.697 1.423
125 1 0.061 0.127 1.614
125 2 0.058 0.171 1.664
125 3 0.067 0.448 1.660
125 4 0.089 0.607 1.625
125 5 -0.133 0.392 1.659
125 6 -0.315 0.370 1.599
125 7 -0.114 0.470 1.612
125 8 -0.069 0.510 1.621
125 9 0.280 0.367 1.669
125 10 0.450 0.421 1.635
125 11 0.246 0.527 1.600
125 12 0.164 0.578 1.587
125 13 -0.035 0.034 1.588
125 14 -0.016 -0.407 1.679
125 15 0.018 -0.642 1.714
125 16 -0.026 -0.702 1.698
125 17 0.160 0.035 1.600
125 18 0.146 -0.365 1.581
125 19 0.194 -0.650 1.516
125 20 0.197 -0.684 1.431
126 1 0.057 0.133 1.622
126 2 0.054 0.176 1.672
126 3 0.058 0.448 1.668
126 4 0.083 0.607 1.633
126 5 -0.139 0.404 1.666
126 6 -0.322 0.358 1.609
126 7 -0.156 0.483 1.603
126 8 -0.112 0.527 1.604
126 9 0.276 0.365 1.678
126 10 0.458 0.397 1.652
126 11 0.248 0.515 1.610
126 12 0.164 0.560 1.600
126 13 -0.038 0.039 1.595
126 14 -0.018 -0.402 1.683
126 15 0.016 -0.639 1.716
126 16 -0.025 -0.715 1.703
126 17 0.157 0.040 1.609
126 18 0.144 -0.360 1.586
126 19 0.192 -0.643 1.522
126 20 0.195 -0.678 1.437
127 1 0.055 0.136 1.628
127 2 0.052 0.179 1.677
127 3 0.052 0.448 1.675
127 4 0.078 0.608 1.640
127 5 -0.152 0.388 1.689
127 6 -0.321 0.406 1.615
127 7 -0.150 0.524 1.601
127 8 -0.100 0.563 1.606
127 9 0.273 0.363 1.687
127 10 0.439 0.444 1.657
127 11 0.232 0.533 1.617
127 12 0.151 0.561 1.610
127 13 -0.041 0.042 1.601
127 14 -0.019 -0.400 1.685
127 15 0.015 -0.637 1.717
127 16 -0.024 -0.724 1.707
127 17 0.156 0.042 1.616
127 18 0.143 -0.357 1.591
127 19 0.190 -0.639 1.526
127 20 0.194 -0.674 1.441
128 1 0.054 0.119 1.640
128 2 0.051 0.170 1.687
128 3 0.049 0.448 1.683
128 4 0.070 0.608 1.650
128 5 -0.158 0.380 1.699
128 6 -0.321 0.431 1.624
128 7 -0.186 0.570 1.587
128 8 -0.138 0.612 1.583
128 9 0.269 0.363 1.696
128 10 0.429 0.454 1.667
128 11 0.268 0.581 1.613
128 12 0.212 0.617 1.602
128 13 -0.040 0.029 1.613
128 14 -0.019 -0.407 1.690
128 15 0.014 -0.643 1.720
128 16 -0.034 -0.719 1.697
128 17 0.152 0.029 1.627
128 18 0.149 -0.366 1.598
128 19 0.189 -0.639 1.529
128 20 0.192 -0.674 1.444
129 1 0.054 0.107 1.647
129 2 0.051 0.160 1.696
129 3 0.046 0.448 1.693
129 4 0.063 0.608 1.661
129 5 -0.160 0.376 1.706
129 6 -0.319 0.449 1.630
129 7 -0.252 0.620 1.572
129 8 -0.209 0.664 1.563
129 9 0.264 0.365 1.704
129 10 0.422 0.464 1.670
129 11 0.331 0.626 1.604
129 12 0.275 0.661 1.595
129 13 -0.037 0.016 1.622
129 14 -0.016 -0.420 1.696
129 15 0.014 -0.656 1.723
129 16 -0.041 -0.691 1.682
129 17 0.150 0.019 1.634
129 18 0.159 -0.388 1.604
129 19 0.189 -0.642 1.533
129 20 0.192 -0.677 1.447
130 1 0.054 0.099 1.653
130 2 0.051 0.152 1.702
130 3 0.043 0.448 1.703
130 4 0.057 0.609 1.671
130 5 -0.161 0.374 1.711
130 6 -0.317 0.466 1.635
130 7 -0.310 0.663 1.554
130 8 -0.306 0.716 1.537
130 9 0.260 0.370 1.714
130 10 0.414 0.484 1.672
130 11 0.378 0.671 1.590
130 12 0.362 0.722 1.573
130 13 -0.034 0.008 1.629
130 14 -0.014 -0.429 1.700
130 15 0.014 -0.665 1.726
130 16 -0.043 -0.678 1.675
130 17 0.148 0.012 1.640
130 18 0.165 -0.400 1.606
130 19 0.191 -0.646 1.537
130 20 0.194 -0.681 1.451
131 1 0.055 0.094 1.658
131 2 0.052 0.148 1.708
131 3 0.043 0.449 1.712
131 4 0.053 0.611 1.679
131 5 -0.160 0.373 1.715
131 6 -0.314 0.482 1.640
131 7 -0.339 0.682 1.545
131 8 -0.346 0.740 1.523
131 9 0.257 0.378 1.724
131 10 0.403 0.522 1.669
131 11 0.399 0.718 1.563
131 12 0.395 0.785 1.530
131 13 -0.031 0.003 1.635
131 14 -0.013 -0.434 1.703
131 15 0.014 -0.670 1.727
131 16 -0.044 -0.673 1.672
131 17 0.148 0.008 1.644
131 18 0.169 -0.406 1.608
131 19 0.196 -0.650 1.542
131 20 0.198 -0.685 1.456
132 1 0.056 0.092 1.662
132 2 0.053 0.145 1.713
132 3 0.043 0.450 1.719
132 4 0.051 0.612 1.687
132 5 -0.158 0.374 1.719
132 6 -0.311 0.493 1.642
132 7 -0.357 0.693 1.540
132 8 -0.367 0.754 1.516
132 9 0.254 0.388 1.732
132 10 0.395 0.545 1.666
132 11 0.415 0.745 1.547
132 12 0.420 0.815 1.508
132 13 -0.028 0.001 1.642
132 14 -0.013 -0.437 1.704
132 15 0.014 -0.672 1.728
132 16 -0.045 -0.672 1.670
132 17 0.148 0.006 1.648
132 18 0.172 -0.410 1.609
132 19 0.205 -0.653 1.549
132 20 0.207 -0.688 1.464
133 1 0.057 0.091 1.667
133 2 0.054 0.144 1.718
133 3 0.043 0.451 1.726
133 4 0.049 0.614 1.693
133 5 -0.155 0.377 1.724
133 6 -0.310 0.500 1.644
133 7 -0.369 0.700 1.537
133 8 -0.380 0.761 1.513
133 9 0.251 0.395 1.737
133 10 0.387 0.560 1.664
133 11 0.428 0.761 1.538
133 12 0.438 0.833 1.496
133 13 -0.025 0.002 1.649
133 14 -0.012 -0.438 1.706
133 15 0.014 -0.674 1.729
133 16 -0.044 -0.676 1.670
133 17 0.148 0.005 1.651
133 18 0.175 -0.412 1.611
133 19 0.216 -0.655 1.559
133 20 0.217 -0.690 1.473
134 1 0.058 0.091 1.672
134 2 0.056 0.144 1.723
134 3 0.044 0.452 1.733
134 4 0.048 0.615 1.699
134 5 -0.153 0.379 1.729
134 6 -0.309 0.504 1.646
134 7 -0.376 0.698 1.538
134 8 -0.382 0.757 1.517
134 9 0.250 0.400 1.741
134 10 0.383 0.569 1.662
134 11 0.502 0.754 1.557
134 12 0.540 0.815 1.526
134 13 -0.023 0.002 1.655
134 14 -0.011 -0.439 1.707
134 15 0.014 -0.675 1.729
134 16 -0.041 -0.685 1.670
134 17 0.148 0.005 1.655
134 18 0.180 -0.412 1.614
134 19 0.230 -0.656 1.572
134 20 0.230 -0.690 1.486
135 1 0.060 0.091 1.676
135 2 0.058 0.144 1.728
135 3 0.046 0.453 1.738
135 4 0.047 0.617 1.704
135 5 -0.150 0.380 1.733
135 6 -0.309 0.497 1.655
135 7 -0.368 0.669 1.555
135 8 -0.371 0.737 1.532
135 9 0.249 0.403 1.743
135 10 0.380 0.574 1.661
135 11 0.534 0.748 1.565
135 12 0.591 0.799 1.544
135 13 -0.021 0.003 1.660
135 14 -0.011 -0.440 1.708
135 15 0.014 -0.676 1.730
135 16 -0.038 -0.689 1.669
135 17 0.149 0.006 1.659
135 18 0.185 -0.412 1.619
135 19 0.254 -0.646 1.597
135 20 0.202 -0.643 1.563
136 1 0.062 0.092 1.681
136 2 0.060 0.144 1.732
136 3 0.048 0.455 1.743
136 4 0.048 0.618 1.709
136 5 -0.147 0.381 1.739
136 6 -0.310 0.484 1.668
136 7 -0.357 0.644 1.575
136 8 -0.360 0.718 1.547
136 9 0.249 0.405 1.745
136 10 0.380 0.574 1.659
136 11 0.501 0.750 1.555
136 12 0.518 0.804 1.526
136 13 -0.019 0.004 1.664
136 14 -0.010 -0.440 1.709
136 15 0.014 -0.677 1.730
136 16 -0.036 -0.692 1.670
136 17 0.150 0.006 1.663
136 18 0.193 -0.412 1.625
136 19 0.267 -0.643 1.612
136 20 0.195 -0.620 1.606
137 1 0.064 0.092 1.685
137 2 0.063 0.144 1.737
137 3 0.051 0.455 1.747
137 4 0.049 0.619 1.713
137 5 -0.144 0.381 1.746
137 6 -0.312 0.473 1.679
137 7 -0.349 0.631 1.589
137 8 -0.350 0.704 1.561
137 9 0.249 0.407 1.746
137 10 0.388 0.564 1.657
137 11 0.475 0.747 1.551
137 12 0.481 0.803 1.522
137 13 -0.017 0.004 1.669
137 14 -0.009 -0.441 1.710
137 15 0.014 -0.677 1.731
137 16 -0.034 -0.693 1.670
137 17 0.152 0.006 1.667
137 18 0.200 -0.412 1.633
137 19 0.277 -0.642 1.627
137 20 0.192 -0.613 1.632
138 1 0.068 0.093 1.689
138 2 0.067 0.144 1.741
138 3 0.054 0.456 1.751
138 4 0.052 0.621 1.719
138 5 -0.140 0.380 1.752
138 6 -0.312 0.465 1.690
138 7 -0.342 0.624 1.600
138 8 -0.341 0.694 1.572
138 9 0.251 0.407 1.747
138 10 0.405 0.547 1.655
138 11 0.458 0.741 1.549
138 12 0.454 0.798 1.518
138 13 -0.014 0.004 1.673
138 14 -0.008 -0.441 1.711
138 15 0.014 -0.678 1.731
138 16 -0.033 -0.693 1.670
138 17 0.156 0.007 1.671
138 18 0.207 -0.414 1.642
138 19 0.284 -0.643 1.642
138 20 0.192 -0.617 1.649
139 1 0.072 0.092 1.693
139 2 0.072 0.145 1.745
139 3 0.059 0.457 1.754
139 4 0.055 0.623 1.723
139 5 -0.136 0.380 1.760
139 6 -0.311 0.459 1.701
139 7 -0.333 0.619 1.610
139 8 -0.333 0.687 1.581
139 9 0.256 0.405 1.748
139 10 0.421 0.532 1.655
139 11 0.448 0.734 1.547
139 12 0.440 0.793 1.516
139 13 -0.010 0.003 1.677
139 14 -0.006 -0.441 1.713
139 15 0.015 -0.678 1.732
139 16 -0.032 -0.691 1.671
139 17 0.160 0.006 1.674
139 18 0.217 -0.420 1.655
139 19 0.289 -0.650 1.663
139 20 0.196 -0.629 1.672
140 1 0.077 0.092 1.697
140 2 0.078 0.144 1.749
140 3 0.065 0.458 1.758
140 4 0.059 0.625 1.728
140 5 -0.130 0.379 1.767
140 6 -0.308 0.453 1.710
140 7 -0.323 0.615 1.619
140 8 -0.322 0.680 1.589
140 9 0.265 0.401 1.750
140 10 0.443 0.509 1.656
140 11 0.438 0.721 1.548
140 12 0.428 0.782 1.516
140 13 -0.005 0.003 1.682
140 14 -0.003 -0.441 1.716
140 15 0.016 -0.678 1.732
140 16 -0.031 -0.687 1.673
140 17 0.164 0.006 1.678
140 18 0.225 -0.427 1.667
140 19 0.292 -0.659 1.684
140 20 0.201 -0.638 1.685
141 1 0.083 0.092 1.700
141 2 0.084 0.144 1.752
141 3 0.071 0.458 1.761
141 4 0.065 0.626 1.733
141 5 -0.123 0.378 1.775
141 6 -0.305 0.449 1.717
141 7 -0.307 0.613 1.626
141 8 -0.285 0.668 1.600
141 9 0.275 0.395 1.753
141 10 0.460 0.489 1.657
141 11 0.440 0.687 1.551
141 12 0.430 0.745 1.525
141 13 0.001 0.001 1.686
141 14 0.001 -0.442 1.718
141 15 0.016 -0.679 1.734
141 16 -0.028 -0.678 1.675
141 17 0.170 0.005 1.680
141 18 0.232 -0.434 1.679
141 19 0.293 -0.667 1.708
141 20 0.208 -0.656 1.697
142 1 0.090 0.090 1.703
142 2 0.092 0.142 1.755
142 3 0.081 0.458 1.766
142 4 0.072 0.627 1.739
142 5 -0.114 0.376 1.782
142 6 -0.296 0.440 1.726
142 7 -0.273 0.602 1.633
142 8 -0.242 0.649 1.606
142 9 0.287 0.387 1.754
142 10 0.480 0.452 1.662
142 11 0.455 0.629 1.557
142 12 0.438 0.694 1.537
142 13 0.008 -0.000 1.690
142 14 0.006 -0.443 1.722
142 15 0.018 -0.680 1.735
142 16 -0.018 -0.661 1.679
142 17 0.176 0.004 1.682
142 18 0.239 -0.441 1.694
142 19 0.292 -0.675 1.725
142 20 0.211 -0.665 1.704
143 1 0.100 0.086 1.707
143 2 0.103 0.139 1.759
143 3 0.094 0.458 1.771
143 4 0.082 0.629 1.744
143 5 -0.102 0.372 1.789
143 6 -0.282 0.404 1.740
143 7 -0.239 0.574 1.641
143 8 -0.202 0.617 1.616
143 9 0.298 0.379 1.756
143 10 0.498 0.405 1.669
143 11 0.466 0.571 1.569
143 12 0.446 0.631 1.549
143 13 0.017 -0.004 1.694
143 14 0.013 -0.445 1.726
143 15 0.021 -0.683 1.737
143 16 -0.015 -0.653 1.683
143 17 0.185 -0.000 1.684
143 18 0.246 -0.448 1.708
143 19 0.290 -0.681 1.738
143 20 0.213 -0.674 1.711
144 1 0.111 0.080 1.709
144 2 0.115 0.134 1.762
144 3 0.107 0.458 1.775
144 4 0.090 0.629 1.749
144 5 -0.088 0.367 1.794
144 6 -0.267 0.365 1.749
144 7 -0.199 0.544 1.641
144 8 -0.163 0.589 1.619
144 9 0.309 0.369 1.756
144 10 0.508 0.369 1.674
144 11 0.467 0.523 1.574
144 12 0.436 0.573 1.550
144 13 0.027 -0.009 1.696
144 14 0.020 -0.448 1.730
144 15 0.025 -0.686 1.740
144 16 -0.011 -0.647 1.688
144 17 0.196 -0.005 1.686
144 18 0.252 -0.454 1.721
144 19 0.290 -0.687 1.749
144 20 0.215 -0.678 1.716
145 1 0.122 0.075 1.711
145 2 0.126 0.129 1.764
145 3 0.122 0.457 1.780
145 4 0.106 0.630 1.756
145 5 -0.079 0.362 1.797
145 6 -0.252 0.307 1.756
145 7 -0.155 0.504 1.637
145 8 -0.122 0.551 1.616
145 9 0.327 0.354 1.755
145 10 0.523 0.322 1.678
145 11 0.453 0.480 1.570
145 12 0.423 0.543 1.543
145 13 0.036 -0.013 1.699
145 14 0.029 -0.451 1.735
145 15 0.029 -0.689 1.743
145 16 -0.006 -0.643 1.693
145 17 0.209 -0.012 1.687
145 18 0.259 -0.459 1.733
145 19 0.291 -0.692 1.757
145 20 0.219 -0.681 1.720
146 1 0.133 0.070 1.713
146 2 0.138 0.125 1.766
146 3 0.136 0.456 1.783
146 4 0.118 0.631 1.760
146 5 -0.063 0.355 1.799
146 6 -0.223 0.249 1.767
146 7 -0.118 0.443 1.637
146 8 -0.093 0.493 1.613
146 9 0.341 0.343 1.754
146 10 0.532 0.287 1.679
146 11 0.434 0.428 1.566
146 12 0.401 0.488 1.536
146 13 0.045 -0.018 1.701
146 14 0.036 -0.454 1.738
146 15 0.033 -0.692 1.745
146 16 -0.003 -0.641 1.696
146 17 0.219 -0.017 1.688
146 18 0.266 -0.464 1.743
146 19 0.293 -0.697 1.765
146 20 0.224 -0.683 1.725
147 1 0.145 0.064 1.715
147 2 0.150 0.120 1.767
147 3 0.147 0.455 1.785
147 4 0.133 0.631 1.763
147 5 -0.045 0.348 1.800
147 6 -0.182 0.196 1.783
147 7 -0.090 0.381 1.625
147 8 -0.075 0.434 1.599
147 9 0.350 0.338 1.754
147 10 0.526 0.231 1.695
147 11 0.417 0.365 1.562
147 12 0.386 0.417 1.530
147 13 0.059 -0.024 1.703
147 14 0.045 -0.456 1.742
147 15 0.037 -0.694 1.747
147 16 0.025 -0.639 1.697
147 17 0.231 -0.023 1.689
147 18 0.273 -0.466 1.752
147 19 0.295 -0.700 1.771
147 20 0.230 -0.684 1.728
148 1 0.159 0.057 1.716
148 2 0.163 0.115 1.769
148 3 0.158 0.455 1.786
148 4 0.146 0.632 1.765
148 5 -0.026 0.340 1.800
148 6 -0.133 0.157 1.792
148 7 -0.076 0.307 1.613
148 8 -0.061 0.358 1.582
148 9 0.356 0.334 1.754
148 10 0.513 0.180 1.720
148 11 0.402 0.314 1.540
148 12 0.376 0.372 1.514
148 13 0.074 -0.030 1.706
148 14 0.054 -0.459 1.745
148 15 0.040 -0.697 1.748
148 16 0.038 -0.638 1.698
148 17 0.241 -0.028 1.691
148 18 0.279 -0.467 1.759
148 19 0.298 -0.702 1.776
148 20 0.236 -0.690 1.732
149 1 0.173 0.049 1.718
149 2 0.177 0.108 1.770
149 3 0.170 0.454 1.786
149 4 0.158 0.631 1.766
149 5 -0.003 0.335 1.800
149 6 -0.077 0.122 1.814
149 7 -0.070 0.214 1.615
149 8 -0.061 0.255 1.571
149 9 0.360 0.332 1.754
149 10 0.495 0.140 1.745
149 11 0.406 0.234 1.531
149 12 0.382 0.286 1.502
149 13 0.091 -0.036 1.708
149 14 0.063 -0.460 1.747
149 15 0.042 -0.698 1.749
149 16 0.050 -0.638 1.699
149 17 0.251 -0.032 1.693
149 18 0.286 -0.466 1.765
149 19 0.301 -0.702 1.781
149 20 0.264 -0.700 1.723
150 1 0.183 0.042 1.719
150 2 0.187 0.103 1.771
150 3 0.180 0.453 1.786
150 4 0.170 0.631 1.766
150 5 0.014 0.333 1.800
150 6 -0.019 0.107 1.838
150 7 -0.049 0.127 1.593
150 8 -0.044 0.161 1.541
150 9 0.363 0.330 1.754
150 10 0.467 0.104 1.777
150 11 0.405 0.157 1.529
150 12 0.381 0.208 1.499
150 13 0.104 -0.040 1.710
150 14 0.072 -0.461 1.749
150 15 0.045 -0.699 1.749
150 16 0.055 -0.638 1.699
150 17 0.259 -0.036 1.695
150 18 0.295 -0.466 1.771
150 19 0.308 -0.703 1.787
150 20 0.341 -0.711 1.729
151 1 0.193 0.037 1.721
151 2 0.197 0.099 1.773
151 3 0.189 0.452 1.786
151 4 0.181 0.629 1.766
151 5 0.028 0.333 1.801
151 6 -0.007 0.153 1.868
151 7 -0.017 0.055 1.601
151 8 -0.016 0.088 1.542
151 9 0.365 0.329 1.754
151 10 0.438 0.083 1.797
151 11 0.403 0.095 1.543
151 12 0.379 0.154 1.507
151 13 0.116 -0.043 1.713
151 14 0.079 -0.462 1.751
151 15 0.048 -0.700 1.750
151 16 0.086 -0.644 1.704
151 17 0.266 -0.040 1.698
151 18 0.303 -0.465 1.775
151 19 0.313 -0.703 1.791
151 20 0.367 -0.721 1.727
152 1 0.201 0.033 1.723
152 2 0.206 0.095 1.774
152 3 0.199 0.451 1.785
152 4 0.191 0.628 1.766
152 5 0.038 0.333 1.802
152 6 0.031 0.134 1.855
152 7 0.018 0.016 1.624
152 8 0.013 0.041 1.555
152 9 0.368 0.328 1.756
152 10 0.447 0.146 1.822
152 11 0.400 0.075 1.557
152 12 0.377 0.123 1.514
152 13 0.127 -0.046 1.716
152 14 0.087 -0.463 1.753
152 15 0.053 -0.701 1.750
152 16 0.099 -0.646 1.707
152 17 0.274 -0.042 1.701
152 18 0.310 -0.465 1.779
152 19 0.316 -0.704 1.794
152 20 0.379 -0.725 1.727
153 1 0.209 0.030 1.725
153 2 0.214 0.093 1.776
153 3 0.208 0.450 1.785
153 4 0.201 0.626 1.765
153 5 0.046 0.334 1.803
153 6 0.041 0.134 1.850
153 7 0.039 0.006 1.641
153 8 0.036 0.018 1.569
153 9 0.374 0.327 1.759
153 10 0.447 0.153 1.837
153 11 0.396 0.056 1.572
153 12 0.374 0.103 1.525
153 13 0.136 -0.047 1.719
153 14 0.095 -0.464 1.755
153 15 0.057 -0.702 1.751
153 16 0.112 -0.649 1.711
153 17 0.283 -0.044 1.705
153 18 0.315 -0.465 1.782
153 19 0.320 -0.704 1.796
153 20 0.379 -0.723 1.724
154 1 0.216 0.029 1.728
154 2 0.221 0.092 1.778
154 3 0.216 0.448 1.785
154 4 0.210 0.625 1.765
154 5 0.053 0.336 1.805
154 6 0.048 0.135 1.849
154 7 0.063 0.004 1.656
154 8 0.059 0.014 1.587
154 9 0.383 0.328 1.766
154 10 0.459 0.158 1.836
154 11 0.390 0.032 1.590
154 12 0.359 0.081 1.562
154 13 0.143 -0.047 1.722
154 14 0.104 -0.464 1.757
154 15 0.061 -0.703 1.752
154 16 0.132 -0.658 1.720
154 17 0.290 -0.045 1.709
154 18 0.320 -0.464 1.784
154 19 0.322 -0.704 1.798
154 20 0.372 -0.718 1.721
155 1 0.224 0.029 1.731
155 2 0.228 0.092 1.781
155 3 0.223 0.447 1.786
155 4 0.217 0.625 1.764
155 5 0.058 0.337 1.807
155 6 0.045 0.138 1.846
155 7 0.087 0.003 1.668
155 8 0.081 0.020 1.603
155 9 0.395 0.330 1.774
155 10 0.470 0.159 1.831
155 11 0.387 0.029 1.602
155 12 0.352 0.074 1.577
155 13 0.150 -0.046 1.725
155 14 0.111 -0.464 1.760
155 15 0.066 -0.703 1.753
155 16 0.141 -0.661 1.724
155 17 0.300 -0.044 1.714
155 18 0.324 -0.464 1.785
155 19 0.325 -0.704 1.799
155 20 0.360 -0.707 1.720
156 1 0.230 0.031 1.735
156 2 0.234 0.093 1.784
156 3 0.230 0.446 1.787
156 4 0.224 0.624 1.764
156 5 0.063 0.338 1.810
156 6 0.041 0.140 1.846
156 7 0.097 0.004 1.675
156 8 0.095 0.030 1.614
156 9 0.404 0.332 1.779
156 10 0.480 0.157 1.826
156 11 0.386 0.033 1.614
156 12 0.349 0.067 1.584
156 13 0.155 -0.045 1.728
156 14 0.117 -0.464 1.762
156 15 0.069 -0.702 1.754
156 16 0.146 -0.664 1.726
156 17 0.306 -0.044 1.718
156 18 0.327 -0.464 1.786
156 19 0.327 -0.704 1.800
156 20 0.332 -0.700 1.720
157 1 0.235 0.032 1.738
157 2 0.239 0.094 1.787
157 3 0.237 0.446 1.788
157 4 0.231 0.624 1.764
157 5 0.068 0.340 1.813
157 6 0.037 0.142 1.847
157 7 0.101 0.018 1.678
157 8 0.104 0.040 1.621
157 9 0.411 0.332 1.784
157 10 0.489 0.155 1.821
157 11 0.387 0.040 1.620
157 12 0.347 0.067 1.588
157 13 0.160 -0.043 1.731
157 14 0.121 -0.464 1.764
157 15 0.072 -0.702 1.755
157 16 0.150 -0.665 1.727
157 17 0.311 -0.043 1.722
157 18 0.331 -0.465 1.787
157 19 0.330 -0.705 1.800
157 20 0.307 -0.696 1.725
158 1 0.240 0.033 1.741
158 2 0.244 0.095 1.790
158 3 0.242 0.445 1.790
158 4 0.237 0.624 1.765
158 5 0.072 0.341 1.816
158 6 0.036 0.143 1.847
158 7 0.102 0.029 1.679
158 8 0.109 0.050 1.625
158 9 0.418 0.333 1.788
158 10 0.495 0.152 1.816
158 11 0.388 0.046 1.624
158 12 0.350 0.075 1.590
158 13 0.164 -0.042 1.734
158 14 0.124 -0.464 1.765
158 15 0.074 -0.702 1.756
158 16 0.152 -0.667 1.728
158 17 0.316 -0.042 1.725
158 18 0.333 -0.465 1.788
158 19 0.332 -0.705 1.800
158 20 0.300 -0.693 1.725
159 1 0.244 0.034 1.743
159 2 0.248 0.096 1.793
159 3 0.248 0.445 1.792
159 4 0.242 0.624 1.766
159 5 0.076 0.342 1.819
159 6 0.035 0.144 1.848
159 7 0.103 0.036 1.677
159 8 0.112 0.057 1.627
159 9 0.423 0.333 1.791
159 10 0.500 0.148 1.814
159 11 0.390 0.053 1.625
159 12 0.359 0.090 1.587
159 13 0.168 -0.041 1.737
159 14 0.127 -0.464 1.766
159 15 0.076 -0.702 1.757
159 16 0.153 -0.670 1.729
159 17 0.320 -0.042 1.727
159 18 0.336 -0.465 1.788
159 19 0.334 -0.706 1.801
159 20 0.298 -0.690 1.726
