1 1 0.201 0.004 2.041
1 2 0.197 0.051 2.072
1 3 0.189 0.302 2.060
1 4 0.203 0.519 2.056
1 5 0.039 0.303 2.065
1 6 -0.013 0.108 2.168
1 7 -0.018 -0.061 2.173
1 8 -0.016 -0.112 2.183
1 9 0.328 0.302 2.081
1 10 0.378 0.097 2.156
1 11 0.396 -0.112 2.096
1 12 0.412 -0.164 2.086
1 13 0.140 -0.060 2.026
1 14 0.114 -0.467 2.016
1 15 0.124 -0.744 2.012
1 16 0.129 -0.776 1.935
1 17 0.266 -0.061 2.042
1 18 0.323 -0.496 2.015
1 19 0.348 -0.769 2.045
1 20 0.295 -0.817 2.059
2 1 0.202 0.003 2.040
2 2 0.198 0.050 2.072
2 3 0.189 0.302 2.060
2 4 0.202 0.519 2.056
2 5 0.041 0.301 2.067
2 6 -0.011 0.105 2.166
2 7 -0.016 -0.066 2.157
2 8 -0.013 -0.118 2.167
2 9 0.328 0.300 2.080
2 10 0.378 0.094 2.151
2 11 0.408 -0.116 2.107
2 12 0.412 -0.167 2.084
2 13 0.142 -0.061 2.025
2 14 0.114 -0.468 2.016
2 15 0.126 -0.745 2.013
2 16 0.130 -0.777 1.937
2 17 0.267 -0.061 2.041
2 18 0.325 -0.498 2.018
2 19 0.348 -0.770 2.048
2 20 0.294 -0.817 2.062
3 1 0.204 0.002 2.039
3 2 0.200 0.049 2.071
3 3 0.190 0.302 2.060
3 4 0.203 0.518 2.056
3 5 0.043 0.300 2.068
3 6 -0.010 0.102 2.163
3 7 -0.015 -0.090 2.130
3 8 -0.009 -0.155 2.118
3 9 0.328 0.300 2.080
3 10 0.380 0.092 2.149
3 11 0.417 -0.120 2.110
3 12 0.417 -0.172 2.081
3 13 0.144 -0.062 2.025
3 14 0.115 -0.468 2.016
3 15 0.128 -0.745 2.014
3 16 0.132 -0.777 1.938
3 17 0.269 -0.061 2.040
3 18 0.326 -0.498 2.021
3 19 0.348 -0.771 2.050
3 20 0.294 -0.817 2.063
4 1 0.207 0.001 2.038
4 2 0.204 0.047 2.071
4 3 0.192 0.301 2.060
4 4 0.204 0.518 2.057
4 5 0.047 0.299 2.069
4 6 -0.010 0.099 2.157
4 7 -0.019 -0.109 2.111
4 8 -0.014 -0.185 2.082
4 9 0.329 0.298 2.079
4 10 0.383 0.091 2.148
4 11 0.426 -0.123 2.111
4 12 0.431 -0.176 2.078
4 13 0.149 -0.063 2.024
4 14 0.117 -0.469 2.017
4 15 0.130 -0.746 2.014
4 16 0.133 -0.778 1.938
4 17 0.272 -0.062 2.039
4 18 0.327 -0.499 2.023
4 19 0.350 -0.771 2.051
4 20 0.297 -0.817 2.061
5 1 0.215 -0.001 2.038
5 2 0.211 0.046 2.071
5 3 0.197 0.301 2.061
5 4 0.210 0.518 2.060
5 5 0.051 0.297 2.070
5 6 -0.009 0.088 2.125
5 7 -0.035 -0.137 2.086
5 8 -0.033 -0.216 2.052
5 9 0.330 0.297 2.079
5 10 0.389 0.090 2.148
5 11 0.436 -0.126 2.110
5 12 0.449 -0.178 2.078
5 13 0.158 -0.065 2.023
5 14 0.119 -0.469 2.017
5 15 0.133 -0.746 2.015
5 16 0.135 -0.778 1.939
5 17 0.279 -0.063 2.038
5 18 0.329 -0.499 2.024
5 19 0.351 -0.772 2.051
5 20 0.302 -0.818 2.055
6 1 0.222 -0.002 2.037
6 2 0.218 0.044 2.071
6 3 0.202 0.301 2.062
6 4 0.216 0.518 2.063
6 5 0.056 0.297 2.070
6 6 -0.008 0.083 2.108
6 7 -0.048 -0.151 2.066
6 8 -0.049 -0.230 2.036
6 9 0.333 0.295 2.079
6 10 0.396 0.089 2.149
6 11 0.445 -0.127 2.110
6 12 0.468 -0.180 2.079
6 13 0.166 -0.066 2.022
6 14 0.122 -0.470 2.017
6 15 0.136 -0.747 2.015
6 16 0.138 -0.779 1.939
6 17 0.286 -0.064 2.038
6 18 0.331 -0.499 2.025
6 19 0.353 -0.772 2.049
6 20 0.308 -0.820 2.048
7 1 0.228 -0.003 2.037
7 2 0.224 0.043 2.072
7 3 0.208 0.300 2.063
7 4 0.222 0.518 2.065
7 5 0.061 0.296 2.071
7 6 -0.005 0.079 2.088
7 7 -0.061 -0.156 2.046
7 8 -0.073 -0.234 2.020
7 9 0.337 0.294 2.079
7 10 0.404 0.089 2.149
7 11 0.456 -0.125 2.111
7 12 0.482 -0.180 2.081
7 13 0.172 -0.067 2.021
7 14 0.125 -0.471 2.017
7 15 0.138 -0.748 2.015
7 16 0.140 -0.780 1.940
7 17 0.293 -0.064 2.037
7 18 0.333 -0.499 2.026
7 19 0.355 -0.772 2.047
7 20 0.313 -0.822 2.041
8 1 0.234 -0.004 2.037
8 2 0.229 0.043 2.072
8 3 0.213 0.301 2.064
8 4 0.228 0.518 2.067
8 5 0.067 0.296 2.071
8 6 -0.002 0.076 2.072
8 7 -0.073 -0.152 2.010
8 8 -0.094 -0.227 1.996
8 9 0.342 0.292 2.080
8 10 0.412 0.089 2.151
8 11 0.465 -0.122 2.112
8 12 0.496 -0.178 2.084
8 13 0.178 -0.067 2.021
8 14 0.128 -0.472 2.017
8 15 0.141 -0.749 2.016
8 16 0.143 -0.781 1.940
8 17 0.298 -0.065 2.037
8 18 0.336 -0.498 2.026
8 19 0.357 -0.771 2.044
8 20 0.316 -0.824 2.036
9 1 0.240 -0.004 2.037
9 2 0.235 0.043 2.073
9 3 0.220 0.301 2.066
9 4 0.235 0.519 2.070
9 5 0.073 0.296 2.072
9 6 0.001 0.075 2.059
9 7 -0.076 -0.140 1.972
9 8 -0.104 -0.206 1.958
9 9 0.348 0.292 2.082
9 10 0.420 0.090 2.152
9 11 0.473 -0.122 2.112
9 12 0.505 -0.177 2.086
9 13 0.185 -0.067 2.020
9 14 0.132 -0.473 2.018
9 15 0.143 -0.749 2.016
9 16 0.146 -0.781 1.941
9 17 0.305 -0.064 2.038
9 18 0.339 -0.497 2.026
9 19 0.359 -0.770 2.041
9 20 0.319 -0.825 2.033
10 1 0.246 -0.003 2.038
10 2 0.241 0.043 2.075
10 3 0.226 0.302 2.068
10 4 0.241 0.519 2.072
10 5 0.078 0.296 2.073
10 6 0.006 0.075 2.048
10 7 -0.072 -0.123 1.942
10 8 -0.097 -0.180 1.913
10 9 0.356 0.291 2.085
10 10 0.428 0.090 2.154
10 11 0.479 -0.123 2.113
10 12 0.511 -0.177 2.088
10 13 0.190 -0.067 2.020
10 14 0.136 -0.475 2.019
10 15 0.148 -0.751 2.019
10 16 0.151 -0.783 1.944
10 17 0.312 -0.064 2.038
10 18 0.344 -0.495 2.026
10 19 0.360 -0.770 2.039
10 20 0.323 -0.826 2.030
11 1 0.252 -0.003 2.038
11 2 0.247 0.043 2.076
11 3 0.233 0.302 2.070
11 4 0.246 0.520 2.073
11 5 0.083 0.297 2.074
11 6 0.010 0.075 2.041
11 7 -0.055 -0.098 1.914
11 8 -0.080 -0.152 1.874
11 9 0.364 0.291 2.087
11 10 0.435 0.090 2.154
11 11 0.484 -0.124 2.113
11 12 0.516 -0.177 2.089
11 13 0.195 -0.067 2.020
11 14 0.140 -0.476 2.021
11 15 0.152 -0.752 2.022
11 16 0.156 -0.784 1.946
11 17 0.317 -0.064 2.038
11 18 0.348 -0.494 2.026
11 19 0.362 -0.769 2.036
11 20 0.329 -0.827 2.027
12 1 0.256 -0.002 2.038
12 2 0.251 0.043 2.077
12 3 0.238 0.303 2.072
12 4 0.250 0.520 2.075
12 5 0.087 0.297 2.075
12 6 0.013 0.075 2.035
12 7 -0.038 -0.080 1.895
12 8 -0.053 -0.128 1.841
12 9 0.372 0.290 2.089
12 10 0.442 0.089 2.155
12 11 0.489 -0.126 2.112
12 12 0.518 -0.177 2.090
12 13 0.199 -0.066 2.020
12 14 0.144 -0.478 2.022
12 15 0.155 -0.754 2.025
12 16 0.159 -0.786 1.949
12 17 0.322 -0.063 2.039
12 18 0.352 -0.492 2.025
12 19 0.364 -0.768 2.034
12 20 0.359 -0.808 1.979
13 1 0.261 -0.002 2.039
13 2 0.256 0.043 2.078
13 3 0.245 0.303 2.074
13 4 0.257 0.521 2.077
13 5 0.092 0.297 2.077
13 6 0.015 0.076 2.032
13 7 -0.011 -0.059 1.879
13 8 -0.021 -0.110 1.811
13 9 0.378 0.290 2.091
13 10 0.449 0.088 2.155
13 11 0.493 -0.129 2.111
13 12 0.520 -0.182 2.090
13 13 0.203 -0.066 2.020
13 14 0.148 -0.480 2.024
13 15 0.158 -0.756 2.028
13 16 0.162 -0.787 1.953
13 17 0.327 -0.063 2.039
13 18 0.356 -0.490 2.024
13 19 0.365 -0.766 2.032
13 20 0.378 -0.795 1.949
14 1 0.265 -0.002 2.039
14 2 0.261 0.043 2.079
14 3 0.250 0.303 2.075
14 4 0.262 0.521 2.079
14 5 0.098 0.297 2.079
14 6 0.019 0.077 2.029
14 7 0.011 -0.044 1.870
14 8 0.013 -0.097 1.792
14 9 0.383 0.289 2.092
14 10 0.455 0.088 2.155
14 11 0.496 -0.131 2.110
14 12 0.521 -0.187 2.090
14 13 0.207 -0.066 2.020
14 14 0.152 -0.482 2.026
14 15 0.159 -0.758 2.031
14 16 0.163 -0.789 1.956
14 17 0.331 -0.063 2.039
14 18 0.361 -0.488 2.024
14 19 0.368 -0.765 2.030
14 20 0.385 -0.789 1.938
15 1 0.270 -0.001 2.040
15 2 0.265 0.044 2.081
15 3 0.255 0.303 2.076
15 4 0.267 0.521 2.081
15 5 0.102 0.297 2.081
15 6 0.027 0.080 2.026
15 7 0.028 -0.036 1.866
15 8 0.039 -0.090 1.783
15 9 0.392 0.291 2.096
15 10 0.461 0.087 2.155
15 11 0.499 -0.134 2.109
15 12 0.520 -0.192 2.088
15 13 0.211 -0.066 2.021
15 14 0.155 -0.483 2.028
15 15 0.161 -0.759 2.035
15 16 0.164 -0.790 1.959
15 17 0.335 -0.063 2.039
15 18 0.366 -0.486 2.024
15 19 0.371 -0.763 2.029
15 20 0.390 -0.786 1.931
16 1 0.274 -0.000 2.040
16 2 0.270 0.044 2.082
16 3 0.260 0.302 2.078
16 4 0.273 0.520 2.082
16 5 0.107 0.297 2.083
16 6 0.039 0.083 2.024
16 7 0.047 -0.031 1.865
16 8 0.063 -0.087 1.783
16 9 0.401 0.292 2.099
16 10 0.466 0.086 2.154
16 11 0.500 -0.134 2.108
16 12 0.518 -0.196 2.085
16 13 0.215 -0.065 2.022
16 14 0.158 -0.485 2.029
16 15 0.162 -0.761 2.037
16 16 0.166 -0.792 1.961
16 17 0.339 -0.062 2.039
16 18 0.370 -0.484 2.023
16 19 0.374 -0.761 2.028
16 20 0.394 -0.784 1.928
17 1 0.279 0.000 2.041
17 2 0.275 0.044 2.083
17 3 0.266 0.301 2.079
17 4 0.279 0.520 2.084
17 5 0.112 0.296 2.085
17 6 0.055 0.083 2.022
17 7 0.068 -0.031 1.871
17 8 0.093 -0.090 1.793
17 9 0.408 0.293 2.101
17 10 0.470 0.084 2.152
17 11 0.501 -0.134 2.107
17 12 0.517 -0.198 2.084
17 13 0.220 -0.065 2.023
17 14 0.160 -0.487 2.031
17 15 0.163 -0.762 2.039
17 16 0.167 -0.794 1.964
17 17 0.345 -0.062 2.039
17 18 0.374 -0.482 2.023
17 19 0.377 -0.759 2.026
17 20 0.396 -0.782 1.927
18 1 0.286 0.001 2.042
18 2 0.281 0.045 2.085
18 3 0.272 0.302 2.080
18 4 0.285 0.520 2.086
18 5 0.118 0.297 2.086
18 6 0.069 0.081 2.021
18 7 0.099 -0.040 1.881
18 8 0.134 -0.103 1.810
18 9 0.415 0.294 2.104
18 10 0.474 0.083 2.151
18 11 0.502 -0.133 2.106
18 12 0.516 -0.198 2.083
18 13 0.226 -0.065 2.024
18 14 0.164 -0.488 2.032
18 15 0.165 -0.764 2.041
18 16 0.169 -0.795 1.965
18 17 0.351 -0.061 2.039
18 18 0.378 -0.481 2.023
18 19 0.379 -0.758 2.025
18 20 0.398 -0.782 1.928
19 1 0.292 0.002 2.043
19 2 0.287 0.045 2.086
19 3 0.278 0.302 2.082
19 4 0.291 0.521 2.087
19 5 0.126 0.297 2.087
19 6 0.087 0.078 2.021
19 7 0.125 -0.050 1.897
19 8 0.170 -0.118 1.832
19 9 0.420 0.294 2.106
19 10 0.477 0.082 2.149
19 11 0.503 -0.132 2.105
19 12 0.515 -0.198 2.081
19 13 0.232 -0.065 2.025
19 14 0.167 -0.490 2.032
19 15 0.168 -0.765 2.040
19 16 0.168 -0.819 1.996
19 17 0.358 -0.060 2.039
19 18 0.381 -0.480 2.023
19 19 0.382 -0.757 2.024
19 20 0.399 -0.781 1.930
20 1 0.297 0.002 2.043
20 2 0.292 0.046 2.087
20 3 0.283 0.303 2.083
20 4 0.296 0.522 2.089
20 5 0.133 0.297 2.088
20 6 0.100 0.076 2.022
20 7 0.149 -0.063 1.916
20 8 0.197 -0.126 1.873
20 9 0.424 0.295 2.107
20 10 0.479 0.081 2.147
20 11 0.504 -0.128 2.104
20 12 0.513 -0.194 2.079
20 13 0.237 -0.065 2.025
20 14 0.171 -0.490 2.032
20 15 0.175 -0.766 2.037
20 16 0.169 -0.824 2.001
20 17 0.362 -0.060 2.039
20 18 0.383 -0.479 2.023
20 19 0.383 -0.756 2.023
20 20 0.399 -0.782 1.933
21 1 0.300 0.002 2.043
21 2 0.295 0.046 2.087
21 3 0.288 0.304 2.084
21 4 0.300 0.524 2.092
21 5 0.139 0.297 2.089
21 6 0.109 0.074 2.023
21 7 0.189 -0.104 1.923
21 8 0.224 -0.151 1.892
21 9 0.427 0.295 2.108
21 10 0.481 0.080 2.146
21 11 0.504 -0.122 2.103
21 12 0.511 -0.188 2.077
21 13 0.241 -0.065 2.025
21 14 0.175 -0.490 2.031
21 15 0.180 -0.766 2.033
21 16 0.170 -0.827 2.003
21 17 0.366 -0.059 2.039
21 18 0.385 -0.478 2.024
21 19 0.385 -0.756 2.023
21 20 0.398 -0.782 1.935
22 1 0.303 0.003 2.043
22 2 0.298 0.046 2.087
22 3 0.291 0.306 2.085
22 4 0.304 0.525 2.093
22 5 0.144 0.297 2.088
22 6 0.115 0.073 2.023
22 7 0.207 -0.125 1.927
22 8 0.237 -0.162 1.903
22 9 0.429 0.296 2.108
22 10 0.483 0.079 2.145
22 11 0.504 -0.118 2.101
22 12 0.510 -0.185 2.076
22 13 0.244 -0.065 2.025
22 14 0.178 -0.490 2.030
22 15 0.184 -0.766 2.031
22 16 0.170 -0.829 2.005
22 17 0.368 -0.059 2.039
22 18 0.386 -0.478 2.024
22 19 0.386 -0.755 2.022
22 20 0.398 -0.783 1.938
23 1 0.305 0.003 2.043
23 2 0.300 0.046 2.088
23 3 0.294 0.306 2.086
23 4 0.308 0.526 2.095
23 5 0.148 0.297 2.088
23 6 0.119 0.072 2.024
23 7 0.215 -0.134 1.930
23 8 0.242 -0.170 1.910
23 9 0.431 0.296 2.109
23 10 0.484 0.079 2.144
23 11 0.505 -0.115 2.101
23 12 0.510 -0.183 2.076
23 13 0.247 -0.064 2.025
23 14 0.180 -0.490 2.029
23 15 0.187 -0.766 2.029
23 16 0.171 -0.831 2.007
23 17 0.370 -0.059 2.039
23 18 0.387 -0.477 2.024
23 19 0.386 -0.755 2.022
23 20 0.398 -0.783 1.939
24 1 0.307 0.003 2.044
24 2 0.302 0.046 2.088
24 3 0.296 0.307 2.086
24 4 0.312 0.527 2.097
24 5 0.152 0.297 2.087
24 6 0.122 0.072 2.024
24 7 0.215 -0.140 1.931
24 8 0.238 -0.177 1.916
24 9 0.433 0.296 2.109
24 10 0.485 0.078 2.144
24 11 0.506 -0.117 2.100
24 12 0.510 -0.189 2.073
24 13 0.249 -0.064 2.025
24 14 0.182 -0.490 2.029
24 15 0.189 -0.766 2.028
24 16 0.172 -0.832 2.007
24 17 0.372 -0.059 2.039
24 18 0.388 -0.477 2.024
24 19 0.387 -0.755 2.022
24 20 0.397 -0.783 1.941
25 1 0.309 0.003 2.044
25 2 0.303 0.046 2.088
25 3 0.298 0.308 2.087
25 4 0.314 0.528 2.099
25 5 0.155 0.297 2.086
25 6 0.124 0.072 2.024
25 7 0.204 -0.142 1.931
25 8 0.220 -0.184 1.919
25 9 0.435 0.296 2.110
25 10 0.486 0.078 2.143
25 11 0.508 -0.117 2.102
25 12 0.511 -0.190 2.074
25 13 0.250 -0.064 2.025
25 14 0.183 -0.490 2.028
25 15 0.190 -0.766 2.027
25 16 0.172 -0.832 2.007
25 17 0.373 -0.059 2.039
25 18 0.389 -0.477 2.025
25 19 0.387 -0.754 2.021
25 20 0.397 -0.783 1.942
26 1 0.310 0.003 2.043
26 2 0.304 0.046 2.088
26 3 0.299 0.308 2.087
26 4 0.317 0.529 2.101
26 5 0.157 0.297 2.085
26 6 0.125 0.071 2.025
26 7 0.186 -0.143 1.932
26 8 0.191 -0.190 1.919
26 9 0.436 0.296 2.110
26 10 0.487 0.078 2.144
26 11 0.509 -0.116 2.105
26 12 0.511 -0.188 2.076
26 13 0.252 -0.064 2.024
26 14 0.184 -0.489 2.028
26 15 0.191 -0.766 2.026
26 16 0.173 -0.832 2.006
26 17 0.374 -0.059 2.040
26 18 0.390 -0.477 2.025
26 19 0.388 -0.754 2.021
26 20 0.397 -0.784 1.943
27 1 0.311 0.003 2.043
27 2 0.305 0.046 2.088
27 3 0.300 0.309 2.088
27 4 0.320 0.530 2.103
27 5 0.160 0.297 2.084
27 6 0.126 0.071 2.025
27 7 0.165 -0.139 1.935
27 8 0.169 -0.189 1.919
27 9 0.438 0.296 2.111
27 10 0.488 0.078 2.145
27 11 0.510 -0.115 2.108
27 12 0.512 -0.187 2.078
27 13 0.254 -0.064 2.023
27 14 0.185 -0.489 2.027
27 15 0.191 -0.766 2.026
27 16 0.173 -0.832 2.005
27 17 0.375 -0.059 2.040
27 18 0.390 -0.477 2.025
27 19 0.388 -0.754 2.021
27 20 0.398 -0.784 1.944
28 1 0.312 0.003 2.043
28 2 0.306 0.046 2.088
28 3 0.301 0.309 2.088
28 4 0.322 0.530 2.104
28 5 0.161 0.297 2.083
28 6 0.126 0.071 2.026
28 7 0.148 -0.136 1.939
28 8 0.151 -0.190 1.919
28 9 0.439 0.296 2.112
28 10 0.489 0.078 2.146
28 11 0.512 -0.114 2.111
28 12 0.512 -0.186 2.081
28 13 0.255 -0.063 2.023
28 14 0.185 -0.489 2.027
28 15 0.192 -0.766 2.025
28 16 0.174 -0.831 2.004
28 17 0.376 -0.059 2.040
28 18 0.391 -0.477 2.025
28 19 0.389 -0.754 2.021
28 20 0.398 -0.784 1.944
29 1 0.313 0.003 2.043
29 2 0.306 0.046 2.088
29 3 0.302 0.309 2.088
29 4 0.324 0.531 2.105
29 5 0.163 0.297 2.083
29 6 0.126 0.071 2.027
29 7 0.133 -0.135 1.942
29 8 0.136 -0.191 1.920
29 9 0.441 0.296 2.113
29 10 0.490 0.077 2.150
29 11 0.513 -0.113 2.115
29 12 0.513 -0.183 2.087
29 13 0.255 -0.063 2.023
29 14 0.186 -0.489 2.027
29 15 0.192 -0.766 2.025
29 16 0.174 -0.830 2.002
29 17 0.377 -0.059 2.040
29 18 0.391 -0.477 2.025
29 19 0.389 -0.754 2.021
29 20 0.399 -0.785 1.945
30 1 0.314 0.003 2.043
30 2 0.307 0.046 2.088
30 3 0.302 0.310 2.088
30 4 0.325 0.531 2.106
30 5 0.163 0.297 2.082
30 6 0.125 0.071 2.028
30 7 0.121 -0.136 1.946
30 8 0.124 -0.193 1.922
30 9 0.443 0.296 2.115
30 10 0.491 0.077 2.153
30 11 0.513 -0.112 2.119
30 12 0.513 -0.181 2.091
30 13 0.256 -0.063 2.022
30 14 0.186 -0.489 2.027
30 15 0.193 -0.766 2.025
30 16 0.174 -0.829 2.001
30 17 0.377 -0.059 2.040
30 18 0.392 -0.477 2.026
30 19 0.390 -0.755 2.021
30 20 0.400 -0.785 1.945
31 1 0.314 0.003 2.043
31 2 0.307 0.046 2.089
31 3 0.303 0.310 2.089
31 4 0.326 0.531 2.107
31 5 0.164 0.297 2.082
31 6 0.123 0.071 2.032
31 7 0.112 -0.137 1.951
31 8 0.114 -0.195 1.927
31 9 0.444 0.296 2.116
31 10 0.492 0.077 2.155
31 11 0.514 -0.111 2.122
31 12 0.513 -0.180 2.095
31 13 0.256 -0.063 2.022
31 14 0.187 -0.489 2.027
31 15 0.193 -0.766 2.025
31 16 0.174 -0.829 1.999
31 17 0.378 -0.059 2.041
31 18 0.392 -0.477 2.026
31 19 0.390 -0.755 2.021
31 20 0.401 -0.785 1.945
32 1 0.314 0.003 2.043
32 2 0.307 0.046 2.089
32 3 0.303 0.310 2.089
32 4 0.327 0.532 2.108
32 5 0.165 0.297 2.081
32 6 0.119 0.071 2.038
32 7 0.105 -0.138 1.956
32 8 0.107 -0.196 1.931
32 9 0.445 0.296 2.117
32 10 0.493 0.077 2.158
32 11 0.494 -0.123 2.083
32 12 0.509 -0.189 2.085
32 13 0.257 -0.063 2.022
32 14 0.187 -0.489 2.027
32 15 0.193 -0.766 2.025
32 16 0.174 -0.828 1.998
32 17 0.378 -0.059 2.041
32 18 0.392 -0.477 2.026
32 19 0.391 -0.755 2.021
32 20 0.401 -0.785 1.945
33 1 0.314 0.003 2.043
33 2 0.307 0.046 2.089
33 3 0.303 0.310 2.089
33 4 0.328 0.532 2.109
33 5 0.165 0.297 2.081
33 6 0.115 0.072 2.049
33 7 0.099 -0.137 1.961
33 8 0.102 -0.190 1.933
33 9 0.446 0.296 2.118
33 10 0.493 0.077 2.159
33 11 0.494 -0.132 2.066
33 12 0.519 -0.193 2.051
33 13 0.257 -0.063 2.022
33 14 0.187 -0.489 2.027
33 15 0.193 -0.766 2.024
33 16 0.174 -0.828 1.998
33 17 0.378 -0.059 2.041
33 18 0.392 -0.477 2.026
33 19 0.391 -0.755 2.021
33 20 0.402 -0.786 1.945
34 1 0.315 0.002 2.043
34 2 0.307 0.046 2.089
34 3 0.304 0.311 2.089
34 4 0.328 0.532 2.109
34 5 0.165 0.297 2.081
34 6 0.105 0.074 2.065
34 7 0.089 -0.090 1.965
34 8 0.088 -0.131 1.908
34 9 0.446 0.295 2.118
34 10 0.493 0.077 2.159
34 11 0.506 -0.109 2.051
34 12 0.541 -0.152 2.008
34 13 0.257 -0.063 2.022
34 14 0.187 -0.489 2.027
34 15 0.193 -0.766 2.024
34 16 0.174 -0.827 1.997
34 17 0.378 -0.060 2.041
34 18 0.392 -0.477 2.026
34 19 0.391 -0.755 2.020
34 20 0.402 -0.786 1.945
35 1 0.315 0.002 2.043
35 2 0.307 0.046 2.089
35 3 0.304 0.311 2.089
35 4 0.328 0.532 2.110
35 5 0.165 0.297 2.081
35 6 0.076 0.088 2.094
35 7 0.079 -0.008 1.906
35 8 0.085 -0.056 1.889
35 9 0.447 0.295 2.119
35 10 0.493 0.077 2.160
35 11 0.530 -0.062 2.026
35 12 0.564 -0.084 1.974
35 13 0.257 -0.063 2.022
35 14 0.187 -0.489 2.027
35 15 0.193 -0.766 2.024
35 16 0.174 -0.827 1.996
35 17 0.378 -0.060 2.041
35 18 0.392 -0.477 2.026
35 19 0.392 -0.755 2.020
35 20 0.402 -0.786 1.945
36 1 0.314 0.002 2.043
36 2 0.307 0.046 2.089
36 3 0.304 0.311 2.090
36 4 0.328 0.532 2.110
36 5 0.165 0.297 2.081
36 6 0.069 0.102 2.104
36 7 0.063 0.091 1.862
36 8 0.072 0.113 1.836
36 9 0.447 0.295 2.120
36 10 0.495 0.076 2.160
36 11 0.567 0.025 1.992
36 12 0.603 0.037 1.924
36 13 0.257 -0.063 2.021
36 14 0.188 -0.489 2.026
36 15 0.193 -0.766 2.024
36 16 0.174 -0.827 1.996
36 17 0.378 -0.060 2.041
36 18 0.392 -0.477 2.026
36 19 0.392 -0.754 2.019
36 20 0.402 -0.785 1.944
37 1 0.314 0.002 2.043
37 2 0.307 0.046 2.089
37 3 0.303 0.311 2.091
37 4 0.328 0.532 2.111
37 5 0.165 0.297 2.083
37 6 0.032 0.116 2.068
37 7 0.045 0.223 1.842
37 8 0.054 0.277 1.823
37 9 0.447 0.294 2.122
37 10 0.534 0.092 2.137
37 11 0.606 0.146 1.951
37 12 0.623 0.197 1.900
37 13 0.255 -0.062 2.021
37 14 0.188 -0.489 2.026
37 15 0.191 -0.765 2.023
37 16 0.174 -0.827 1.995
37 17 0.376 -0.061 2.041
37 18 0.392 -0.477 2.026
37 19 0.392 -0.754 2.019
37 20 0.402 -0.785 1.944
38 1 0.312 0.003 2.044
38 2 0.305 0.046 2.090
38 3 0.303 0.311 2.093
38 4 0.327 0.532 2.112
38 5 0.159 0.299 2.092
38 6 -0.007 0.167 2.031
38 7 0.031 0.337 1.865
38 8 0.046 0.395 1.862
38 9 0.447 0.293 2.125
38 10 0.582 0.139 2.112
38 11 0.625 0.279 1.939
38 12 0.621 0.354 1.908
38 13 0.252 -0.061 2.021
38 14 0.187 -0.488 2.026
38 15 0.190 -0.765 2.023
38 16 0.175 -0.827 1.994
38 17 0.375 -0.061 2.041
38 18 0.392 -0.477 2.025
38 19 0.392 -0.754 2.019
38 20 0.402 -0.785 1.944
39 1 0.308 0.004 2.044
39 2 0.303 0.047 2.091
39 3 0.301 0.312 2.097
39 4 0.325 0.533 2.114
39 5 0.153 0.302 2.101
39 6 -0.041 0.242 1.989
39 7 0.030 0.437 1.900
39 8 0.060 0.509 1.909
39 9 0.448 0.292 2.127
39 10 0.622 0.201 2.096
39 11 0.619 0.377 1.965
39 12 0.597 0.453 1.952
39 13 0.246 -0.059 2.022
39 14 0.187 -0.488 2.026
39 15 0.188 -0.765 2.022
39 16 0.175 -0.826 1.993
39 17 0.372 -0.061 2.040
39 18 0.390 -0.476 2.024
39 19 0.392 -0.754 2.019
39 20 0.378 -0.805 1.983
40 1 0.304 0.008 2.045
40 2 0.300 0.049 2.092
40 3 0.299 0.314 2.102
40 4 0.319 0.535 2.119
40 5 0.147 0.305 2.108
40 6 -0.059 0.327 1.965
40 7 0.041 0.512 1.946
40 8 0.068 0.563 1.965
40 9 0.448 0.291 2.130
40 10 0.657 0.272 2.077
40 11 0.604 0.455 1.989
40 12 0.571 0.529 1.986
40 13 0.238 -0.056 2.023
40 14 0.186 -0.486 2.025
40 15 0.186 -0.763 2.021
40 16 0.182 -0.800 1.960
40 17 0.369 -0.060 2.039
40 18 0.389 -0.476 2.023
40 19 0.392 -0.754 2.018
40 20 0.364 -0.816 2.006
41 1 0.298 0.012 2.046
41 2 0.295 0.052 2.094
41 3 0.297 0.317 2.108
41 4 0.311 0.539 2.126
41 5 0.142 0.307 2.112
41 6 -0.058 0.388 1.968
41 7 0.050 0.549 1.977
41 8 0.089 0.608 2.005
41 9 0.450 0.293 2.132
41 10 0.674 0.327 2.069
41 11 0.579 0.526 2.012
41 12 0.543 0.576 2.023
41 13 0.230 -0.051 2.024
41 14 0.183 -0.481 2.024
41 15 0.183 -0.758 2.019
41 16 0.185 -0.781 1.941
41 17 0.365 -0.058 2.038
41 18 0.386 -0.476 2.021
41 19 0.392 -0.754 2.018
41 20 0.359 -0.820 2.014
42 1 0.293 0.017 2.047
42 2 0.292 0.056 2.095
42 3 0.294 0.321 2.114
42 4 0.303 0.544 2.132
42 5 0.138 0.308 2.115
42 6 -0.046 0.450 1.984
42 7 0.076 0.595 2.000
42 8 0.089 0.601 2.021
42 9 0.451 0.296 2.133
42 10 0.675 0.392 2.064
42 11 0.562 0.554 2.028
42 12 0.526 0.597 2.043
42 13 0.223 -0.048 2.025
42 14 0.179 -0.472 2.022
42 15 0.182 -0.750 2.016
42 16 0.187 -0.769 1.931
42 17 0.362 -0.055 2.036
42 18 0.384 -0.475 2.018
42 19 0.391 -0.753 2.018
42 20 0.356 -0.822 2.020
43 1 0.289 0.021 2.047
43 2 0.288 0.060 2.097
43 3 0.292 0.326 2.118
43 4 0.299 0.549 2.138
43 5 0.135 0.309 2.116
43 6 -0.037 0.470 2.000
43 7 0.077 0.611 2.021
43 8 0.108 0.646 2.044
43 9 0.452 0.305 2.134
43 10 0.659 0.434 2.065
43 11 0.538 0.597 2.043
43 12 0.502 0.641 2.063
43 13 0.218 -0.045 2.025
43 14 0.175 -0.462 2.020
43 15 0.180 -0.740 2.013
43 16 0.188 -0.760 1.925
43 17 0.357 -0.051 2.033
43 18 0.381 -0.474 2.016
43 19 0.391 -0.753 2.017
43 20 0.376 -0.795 1.972
44 1 0.284 0.027 2.047
44 2 0.284 0.065 2.097
44 3 0.290 0.330 2.122
44 4 0.294 0.554 2.143
44 5 0.131 0.312 2.118
44 6 -0.036 0.493 2.013
44 7 0.084 0.623 2.029
44 8 0.113 0.661 2.056
44 9 0.452 0.313 2.133
44 10 0.635 0.485 2.064
44 11 0.515 0.629 2.049
44 12 0.488 0.672 2.068
44 13 0.213 -0.041 2.025
44 14 0.173 -0.455 2.019
44 15 0.177 -0.733 2.010
44 16 0.186 -0.753 1.921
44 17 0.353 -0.046 2.031
44 18 0.379 -0.473 2.014
44 19 0.391 -0.752 2.017
44 20 0.386 -0.780 1.946
45 1 0.281 0.031 2.047
45 2 0.281 0.068 2.098
45 3 0.288 0.333 2.124
45 4 0.288 0.559 2.150
45 5 0.129 0.313 2.118
45 6 -0.035 0.512 2.024
45 7 0.085 0.641 2.042
45 8 0.116 0.677 2.070
45 9 0.452 0.319 2.132
45 10 0.624 0.496 2.065
45 11 0.509 0.632 2.048
45 12 0.491 0.662 2.057
45 13 0.209 -0.038 2.025
45 14 0.171 -0.450 2.018
45 15 0.173 -0.728 2.007
45 16 0.183 -0.749 1.918
45 17 0.350 -0.042 2.029
45 18 0.377 -0.472 2.012
45 19 0.390 -0.751 2.017
45 20 0.390 -0.774 1.935
46 1 0.279 0.034 2.047
46 2 0.279 0.072 2.098
46 3 0.287 0.336 2.126
46 4 0.284 0.562 2.156
46 5 0.127 0.315 2.119
46 6 -0.032 0.516 2.039
46 7 0.084 0.649 2.048
46 8 0.113 0.682 2.071
46 9 0.453 0.327 2.133
46 10 0.620 0.517 2.064
46 11 0.507 0.651 2.049
46 12 0.485 0.683 2.054
46 13 0.207 -0.036 2.025
46 14 0.169 -0.447 2.018
46 15 0.171 -0.724 2.006
46 16 0.179 -0.747 1.918
46 17 0.347 -0.039 2.027
46 18 0.375 -0.472 2.011
46 19 0.389 -0.751 2.016
46 20 0.374 -0.794 1.976
47 1 0.277 0.037 2.047
47 2 0.277 0.074 2.099
47 3 0.286 0.338 2.127
47 4 0.281 0.564 2.162
47 5 0.125 0.318 2.119
47 6 -0.031 0.518 2.050
47 7 0.065 0.655 2.045
47 8 0.094 0.694 2.058
47 9 0.452 0.335 2.133
47 10 0.615 0.523 2.066
47 11 0.530 0.670 2.035
47 12 0.512 0.711 2.028
47 13 0.204 -0.033 2.025
47 14 0.169 -0.446 2.017
47 15 0.169 -0.723 2.005
47 16 0.176 -0.747 1.918
47 17 0.344 -0.035 2.026
47 18 0.374 -0.471 2.010
47 19 0.389 -0.750 2.016
47 20 0.363 -0.805 1.999
48 1 0.275 0.039 2.047
48 2 0.276 0.076 2.099
48 3 0.284 0.339 2.129
48 4 0.279 0.565 2.167
48 5 0.124 0.322 2.121
48 6 -0.029 0.520 2.059
48 7 0.031 0.688 2.032
48 8 0.056 0.736 2.033
48 9 0.451 0.342 2.133
48 10 0.598 0.539 2.072
48 11 0.565 0.712 2.008
48 12 0.554 0.762 1.992
48 13 0.203 -0.031 2.026
48 14 0.168 -0.444 2.017
48 15 0.168 -0.721 2.004
48 16 0.172 -0.747 1.919
48 17 0.342 -0.032 2.025
48 18 0.372 -0.471 2.009
48 19 0.388 -0.750 2.016
48 20 0.356 -0.810 2.011
49 1 0.274 0.041 2.047
49 2 0.275 0.078 2.099
49 3 0.283 0.341 2.130
49 4 0.278 0.567 2.172
49 5 0.121 0.332 2.125
49 6 -0.017 0.533 2.070
49 7 -0.017 0.721 2.014
49 8 -0.010 0.777 2.003
49 9 0.442 0.350 2.132
49 10 0.565 0.554 2.076
49 11 0.603 0.732 1.990
49 12 0.618 0.783 1.969
49 13 0.202 -0.029 2.026
49 14 0.167 -0.443 2.016
49 15 0.167 -0.721 2.003
49 16 0.169 -0.749 1.921
49 17 0.339 -0.029 2.024
49 18 0.370 -0.468 2.007
49 19 0.386 -0.746 2.015
49 20 0.367 -0.784 1.970
50 1 0.271 0.045 2.048
50 2 0.273 0.081 2.100
50 3 0.281 0.343 2.132
50 4 0.278 0.569 2.176
50 5 0.119 0.359 2.133
50 6 -0.003 0.552 2.073
50 7 -0.049 0.737 2.002
50 8 -0.072 0.793 1.985
50 9 0.432 0.363 2.132
50 10 0.548 0.567 2.076
50 11 0.619 0.741 1.984
50 12 0.651 0.791 1.961
50 13 0.200 -0.023 2.027
50 14 0.167 -0.443 2.016
50 15 0.165 -0.720 2.003
50 16 0.166 -0.749 1.921
50 17 0.335 -0.022 2.024
50 18 0.367 -0.464 2.005
50 19 0.384 -0.742 2.014
50 20 0.374 -0.766 1.946
51 1 0.269 0.049 2.048
51 2 0.271 0.085 2.100
51 3 0.280 0.347 2.133
51 4 0.278 0.572 2.181
51 5 0.119 0.375 2.136
51 6 0.007 0.567 2.070
51 7 -0.065 0.745 1.997
51 8 -0.103 0.799 1.980
51 9 0.427 0.371 2.132
51 10 0.540 0.573 2.075
51 11 0.629 0.744 1.981
51 12 0.663 0.789 1.964
51 13 0.199 -0.017 2.029
51 14 0.166 -0.442 2.016
51 15 0.164 -0.719 2.002
51 16 0.164 -0.749 1.922
51 17 0.331 -0.016 2.024
51 18 0.365 -0.458 2.003
51 19 0.382 -0.735 2.013
51 20 0.377 -0.755 1.934
52 1 0.268 0.052 2.049
52 2 0.270 0.088 2.101
52 3 0.278 0.350 2.134
52 4 0.279 0.574 2.185
52 5 0.119 0.382 2.136
52 6 0.011 0.574 2.067
52 7 -0.075 0.748 1.995
52 8 -0.113 0.794 1.984
52 9 0.424 0.375 2.132
52 10 0.535 0.577 2.074
52 11 0.633 0.740 1.983
52 12 0.668 0.785 1.969
52 13 0.199 -0.013 2.030
52 14 0.166 -0.441 2.016
52 15 0.163 -0.719 2.002
52 16 0.163 -0.748 1.923
52 17 0.329 -0.012 2.025
52 18 0.363 -0.454 2.002
52 19 0.380 -0.731 2.013
52 20 0.379 -0.750 1.928
53 1 0.267 0.054 2.049
53 2 0.269 0.090 2.101
53 3 0.277 0.352 2.134
53 4 0.279 0.576 2.187
53 5 0.119 0.386 2.136
53 6 0.013 0.578 2.063
53 7 -0.081 0.747 1.995
53 8 -0.124 0.790 1.986
53 9 0.422 0.378 2.132
53 10 0.533 0.578 2.072
53 11 0.633 0.733 1.987
53 12 0.667 0.778 1.975
53 13 0.198 -0.010 2.030
53 14 0.166 -0.441 2.015
53 15 0.163 -0.718 2.002
53 16 0.162 -0.748 1.923
53 17 0.327 -0.010 2.025
53 18 0.362 -0.452 2.002
53 19 0.379 -0.728 2.012
53 20 0.380 -0.746 1.924
54 1 0.266 0.055 2.050
54 2 0.268 0.092 2.102
54 3 0.276 0.354 2.135
54 4 0.279 0.577 2.189
54 5 0.120 0.388 2.134
54 6 0.013 0.579 2.059
54 7 -0.086 0.742 1.996
54 8 -0.130 0.785 1.990
54 9 0.420 0.379 2.132
54 10 0.534 0.574 2.070
54 11 0.632 0.726 1.990
54 12 0.662 0.771 1.982
54 13 0.198 -0.008 2.031
54 14 0.165 -0.441 2.015
54 15 0.162 -0.718 2.002
54 16 0.161 -0.749 1.924
54 17 0.326 -0.008 2.026
54 18 0.361 -0.450 2.001
54 19 0.378 -0.726 2.012
54 20 0.381 -0.744 1.922
55 1 0.266 0.056 2.050
55 2 0.267 0.093 2.102
55 3 0.276 0.355 2.135
55 4 0.279 0.578 2.190
55 5 0.121 0.386 2.131
55 6 0.012 0.576 2.054
55 7 -0.089 0.737 1.997
55 8 -0.130 0.779 1.994
55 9 0.420 0.379 2.132
55 10 0.537 0.571 2.068
55 11 0.630 0.720 1.992
55 12 0.657 0.767 1.985
55 13 0.198 -0.007 2.031
55 14 0.165 -0.440 2.015
55 15 0.161 -0.718 2.003
55 16 0.160 -0.749 1.925
55 17 0.326 -0.007 2.026
55 18 0.360 -0.448 2.001
55 19 0.378 -0.724 2.012
55 20 0.382 -0.744 1.922
56 1 0.266 0.056 2.050
56 2 0.267 0.093 2.102
56 3 0.275 0.356 2.135
56 4 0.279 0.579 2.190
56 5 0.123 0.384 2.128
56 6 0.010 0.572 2.050
56 7 -0.090 0.732 1.998
56 8 -0.128 0.774 1.997
56 9 0.419 0.379 2.132
56 10 0.540 0.568 2.066
56 11 0.627 0.715 1.992
56 12 0.652 0.761 1.986
56 13 0.198 -0.006 2.032
56 14 0.165 -0.441 2.015
56 15 0.160 -0.719 2.003
56 16 0.160 -0.750 1.925
56 17 0.325 -0.007 2.026
56 18 0.360 -0.447 2.001
56 19 0.378 -0.723 2.012
56 20 0.382 -0.744 1.923
57 1 0.265 0.057 2.050
57 2 0.266 0.094 2.102
57 3 0.275 0.357 2.135
57 4 0.279 0.579 2.190
57 5 0.124 0.380 2.125
57 6 0.008 0.568 2.046
57 7 -0.089 0.727 1.998
57 8 -0.125 0.769 1.997
57 9 0.419 0.376 2.132
57 10 0.541 0.562 2.064
57 11 0.623 0.708 1.991
57 12 0.646 0.756 1.985
57 13 0.198 -0.006 2.032
57 14 0.164 -0.441 2.015
57 15 0.159 -0.719 2.003
57 16 0.159 -0.750 1.926
57 17 0.325 -0.006 2.027
57 18 0.359 -0.447 2.002
57 19 0.377 -0.723 2.012
57 20 0.382 -0.746 1.926
58 1 0.265 0.057 2.050
58 2 0.266 0.094 2.102
58 3 0.275 0.357 2.135
58 4 0.280 0.580 2.189
58 5 0.125 0.378 2.124
58 6 0.007 0.565 2.044
58 7 -0.088 0.723 1.997
58 8 -0.121 0.765 1.996
58 9 0.418 0.371 2.131
58 10 0.542 0.558 2.062
58 11 0.620 0.704 1.990
58 12 0.642 0.752 1.983
58 13 0.198 -0.005 2.032
58 14 0.164 -0.441 2.016
58 15 0.159 -0.720 2.004
58 16 0.159 -0.751 1.927
58 17 0.325 -0.007 2.027
58 18 0.359 -0.446 2.002
58 19 0.377 -0.722 2.012
58 20 0.382 -0.748 1.928
59 1 0.265 0.057 2.050
59 2 0.266 0.094 2.102
59 3 0.275 0.357 2.135
59 4 0.280 0.580 2.187
59 5 0.125 0.376 2.122
59 6 0.005 0.563 2.042
59 7 -0.087 0.719 1.996
59 8 -0.118 0.762 1.995
59 9 0.417 0.368 2.130
59 10 0.543 0.554 2.061
59 11 0.616 0.700 1.987
59 12 0.638 0.749 1.980
59 13 0.198 -0.005 2.032
59 14 0.164 -0.442 2.016
59 15 0.158 -0.720 2.004
59 16 0.159 -0.751 1.927
59 17 0.324 -0.007 2.028
59 18 0.359 -0.446 2.003
59 19 0.377 -0.722 2.012
59 20 0.381 -0.749 1.930
60 1 0.265 0.057 2.050
60 2 0.266 0.094 2.102
60 3 0.274 0.358 2.135
60 4 0.280 0.581 2.184
60 5 0.126 0.375 2.122
60 6 0.004 0.561 2.041
60 7 -0.085 0.716 1.995
60 8 -0.116 0.760 1.994
60 9 0.417 0.365 2.130
60 10 0.543 0.552 2.059
60 11 0.614 0.697 1.985
60 12 0.635 0.747 1.977
60 13 0.198 -0.005 2.032
60 14 0.164 -0.442 2.016
60 15 0.158 -0.721 2.004
60 16 0.159 -0.751 1.927
60 17 0.324 -0.007 2.029
60 18 0.359 -0.446 2.003
60 19 0.377 -0.722 2.012
60 20 0.381 -0.750 1.932
61 1 0.265 0.056 2.050
61 2 0.266 0.094 2.102
61 3 0.274 0.358 2.135
61 4 0.281 0.582 2.180
61 5 0.126 0.373 2.121
61 6 0.003 0.559 2.040
61 7 -0.084 0.714 1.994
61 8 -0.113 0.758 1.992
61 9 0.419 0.366 2.131
61 10 0.544 0.551 2.058
61 11 0.612 0.696 1.983
61 12 0.633 0.746 1.974
61 13 0.198 -0.005 2.032
61 14 0.163 -0.442 2.016
61 15 0.157 -0.721 2.004
61 16 0.159 -0.752 1.928
61 17 0.324 -0.008 2.029
61 18 0.359 -0.446 2.004
61 19 0.376 -0.722 2.012
61 20 0.381 -0.751 1.934
62 1 0.265 0.056 2.051
62 2 0.266 0.094 2.103
62 3 0.274 0.359 2.135
62 4 0.282 0.582 2.177
62 5 0.126 0.372 2.120
62 6 0.003 0.558 2.039
62 7 -0.082 0.713 1.993
62 8 -0.111 0.757 1.991
62 9 0.421 0.366 2.133
62 10 0.545 0.551 2.057
62 11 0.612 0.696 1.980
62 12 0.632 0.746 1.971
62 13 0.198 -0.005 2.032
62 14 0.163 -0.443 2.016
62 15 0.157 -0.722 2.004
62 16 0.159 -0.752 1.928
62 17 0.324 -0.009 2.030
62 18 0.359 -0.446 2.004
62 19 0.376 -0.722 2.013
62 20 0.380 -0.752 1.935
63 1 0.265 0.056 2.051
63 2 0.265 0.094 2.103
63 3 0.274 0.359 2.135
63 4 0.283 0.583 2.173
63 5 0.126 0.372 2.120
63 6 0.002 0.557 2.038
63 7 -0.081 0.711 1.993
63 8 -0.110 0.757 1.990
63 9 0.424 0.368 2.135
63 10 0.546 0.551 2.055
63 11 0.611 0.695 1.979
63 12 0.632 0.746 1.969
63 13 0.198 -0.006 2.032
63 14 0.163 -0.443 2.016
63 15 0.157 -0.722 2.005
63 16 0.159 -0.752 1.928
63 17 0.325 -0.009 2.030
63 18 0.358 -0.446 2.005
63 19 0.376 -0.722 2.013
63 20 0.380 -0.753 1.936
64 1 0.265 0.056 2.051
64 2 0.265 0.095 2.103
64 3 0.274 0.359 2.134
64 4 0.285 0.583 2.170
64 5 0.126 0.371 2.119
64 6 0.002 0.557 2.038
64 7 -0.080 0.710 1.992
64 8 -0.109 0.756 1.989
64 9 0.426 0.370 2.137
64 10 0.546 0.551 2.055
64 11 0.611 0.695 1.978
64 12 0.632 0.746 1.968
64 13 0.199 -0.006 2.032
64 14 0.163 -0.443 2.016
64 15 0.157 -0.722 2.005
64 16 0.159 -0.753 1.928
64 17 0.325 -0.009 2.031
64 18 0.358 -0.446 2.005
64 19 0.376 -0.722 2.013
64 20 0.380 -0.753 1.937
65 1 0.265 0.056 2.051
65 2 0.265 0.095 2.102
65 3 0.274 0.360 2.134
65 4 0.287 0.584 2.166
65 5 0.127 0.367 2.116
65 6 0.001 0.555 2.038
65 7 -0.079 0.710 1.991
65 8 -0.107 0.756 1.988
65 9 0.428 0.371 2.138
65 10 0.547 0.551 2.054
65 11 0.611 0.696 1.977
65 12 0.632 0.747 1.967
65 13 0.199 -0.006 2.031
65 14 0.162 -0.444 2.016
65 15 0.156 -0.723 2.005
65 16 0.159 -0.753 1.928
65 17 0.325 -0.010 2.031
65 18 0.358 -0.446 2.005
65 19 0.376 -0.723 2.013
65 20 0.380 -0.754 1.938
66 1 0.265 0.056 2.050
66 2 0.265 0.095 2.102
66 3 0.274 0.360 2.133
66 4 0.288 0.584 2.163
66 5 0.127 0.365 2.114
66 6 0.001 0.554 2.037
66 7 -0.077 0.709 1.990
66 8 -0.106 0.755 1.987
66 9 0.429 0.371 2.139
66 10 0.547 0.552 2.053
66 11 0.612 0.697 1.977
66 12 0.633 0.748 1.967
66 13 0.199 -0.006 2.030
66 14 0.162 -0.444 2.015
66 15 0.156 -0.723 2.005
66 16 0.159 -0.754 1.928
66 17 0.325 -0.010 2.031
66 18 0.358 -0.446 2.006
66 19 0.375 -0.723 2.014
66 20 0.380 -0.754 1.938
67 1 0.265 0.056 2.050
67 2 0.265 0.095 2.102
67 3 0.274 0.360 2.132
67 4 0.289 0.584 2.161
67 5 0.126 0.364 2.112
67 6 0.001 0.554 2.037
67 7 -0.076 0.708 1.989
67 8 -0.104 0.755 1.985
67 9 0.430 0.372 2.140
67 10 0.548 0.552 2.053
67 11 0.614 0.699 1.977
67 12 0.636 0.750 1.968
67 13 0.200 -0.007 2.029
67 14 0.162 -0.445 2.015
67 15 0.156 -0.723 2.005
67 16 0.160 -0.754 1.929
67 17 0.326 -0.010 2.031
67 18 0.358 -0.446 2.006
67 19 0.375 -0.723 2.014
67 20 0.380 -0.754 1.938
68 1 0.266 0.056 2.049
68 2 0.265 0.095 2.101
68 3 0.274 0.361 2.132
68 4 0.289 0.584 2.158
68 5 0.126 0.363 2.111
68 6 0.001 0.553 2.036
68 7 -0.073 0.707 1.988
68 8 -0.101 0.754 1.983
68 9 0.431 0.373 2.140
68 10 0.547 0.551 2.056
68 11 0.617 0.701 1.980
68 12 0.639 0.753 1.972
68 13 0.201 -0.007 2.027
68 14 0.162 -0.445 2.014
68 15 0.156 -0.724 2.005
68 16 0.160 -0.754 1.929
68 17 0.327 -0.011 2.031
68 18 0.358 -0.446 2.006
68 19 0.375 -0.723 2.014
68 20 0.380 -0.755 1.938
69 1 0.266 0.056 2.048
69 2 0.265 0.095 2.100
69 3 0.274 0.361 2.130
69 4 0.290 0.584 2.156
69 5 0.126 0.362 2.109
69 6 0.001 0.552 2.035
69 7 -0.071 0.707 1.986
69 8 -0.098 0.754 1.980
69 9 0.432 0.374 2.141
69 10 0.548 0.551 2.058
69 11 0.620 0.704 1.984
69 12 0.642 0.756 1.978
69 13 0.202 -0.007 2.024
69 14 0.162 -0.445 2.013
69 15 0.156 -0.724 2.005
69 16 0.160 -0.755 1.928
69 17 0.328 -0.011 2.030
69 18 0.358 -0.446 2.006
69 19 0.375 -0.723 2.014
69 20 0.380 -0.755 1.938
70 1 0.267 0.057 2.047
70 2 0.265 0.095 2.099
70 3 0.274 0.361 2.129
70 4 0.290 0.585 2.154
70 5 0.125 0.361 2.108
70 6 0.001 0.552 2.033
70 7 -0.069 0.706 1.984
70 8 -0.095 0.754 1.977
70 9 0.432 0.375 2.142
70 10 0.548 0.551 2.060
70 11 0.623 0.706 1.988
70 12 0.645 0.759 1.983
70 13 0.203 -0.007 2.022
70 14 0.162 -0.446 2.012
70 15 0.156 -0.724 2.005
70 16 0.161 -0.755 1.928
70 17 0.329 -0.011 2.029
70 18 0.359 -0.446 2.005
70 19 0.375 -0.723 2.013
70 20 0.381 -0.755 1.938
71 1 0.268 0.057 2.045
71 2 0.265 0.096 2.097
71 3 0.274 0.362 2.128
71 4 0.290 0.585 2.152
71 5 0.124 0.360 2.106
71 6 0.002 0.552 2.032
71 7 -0.066 0.706 1.981
71 8 -0.092 0.754 1.975
71 9 0.433 0.375 2.142
71 10 0.548 0.551 2.062
71 11 0.626 0.708 1.991
71 12 0.648 0.760 1.987
71 13 0.204 -0.007 2.019
71 14 0.162 -0.446 2.011
71 15 0.156 -0.724 2.004
71 16 0.162 -0.755 1.928
71 17 0.330 -0.011 2.028
71 18 0.359 -0.446 2.004
71 19 0.375 -0.723 2.012
71 20 0.382 -0.754 1.937
72 1 0.269 0.058 2.043
72 2 0.266 0.096 2.096
72 3 0.273 0.362 2.127
72 4 0.289 0.585 2.151
72 5 0.124 0.359 2.105
72 6 0.002 0.551 2.030
72 7 -0.064 0.705 1.979
72 8 -0.090 0.754 1.972
72 9 0.433 0.376 2.143
72 10 0.549 0.551 2.063
72 11 0.627 0.710 1.993
72 12 0.649 0.762 1.991
72 13 0.205 -0.007 2.017
72 14 0.163 -0.446 2.009
72 15 0.157 -0.725 2.004
72 16 0.163 -0.755 1.928
72 17 0.332 -0.011 2.026
72 18 0.360 -0.445 2.003
72 19 0.376 -0.723 2.011
72 20 0.382 -0.754 1.935
73 1 0.269 0.058 2.041
73 2 0.266 0.096 2.094
73 3 0.273 0.362 2.125
73 4 0.289 0.585 2.149
73 5 0.123 0.359 2.104
73 6 0.003 0.551 2.029
73 7 -0.063 0.705 1.978
73 8 -0.088 0.754 1.971
73 9 0.433 0.376 2.143
73 10 0.549 0.552 2.064
73 11 0.628 0.710 1.995
73 12 0.651 0.763 1.993
73 13 0.206 -0.008 2.014
73 14 0.163 -0.447 2.008
73 15 0.158 -0.725 2.004
73 16 0.165 -0.756 1.927
73 17 0.333 -0.010 2.024
73 18 0.360 -0.445 2.002
73 19 0.376 -0.722 2.010
73 20 0.383 -0.753 1.934
74 1 0.270 0.058 2.039
74 2 0.266 0.096 2.092
74 3 0.273 0.363 2.124
74 4 0.288 0.585 2.148
74 5 0.123 0.358 2.103
74 6 0.003 0.551 2.028
74 7 -0.062 0.705 1.977
74 8 -0.086 0.754 1.969
74 9 0.434 0.376 2.143
74 10 0.550 0.552 2.065
74 11 0.629 0.711 1.997
74 12 0.651 0.763 1.994
74 13 0.206 -0.008 2.012
74 14 0.164 -0.447 2.006
74 15 0.159 -0.725 2.003
74 16 0.167 -0.756 1.927
74 17 0.334 -0.010 2.022
74 18 0.361 -0.444 2.000
74 19 0.376 -0.722 2.009
74 20 0.384 -0.753 1.933
75 1 0.270 0.058 2.037
75 2 0.266 0.096 2.089
75 3 0.272 0.363 2.122
75 4 0.286 0.584 2.145
75 5 0.122 0.358 2.102
75 6 0.003 0.550 2.027
75 7 -0.061 0.704 1.976
75 8 -0.085 0.754 1.969
75 9 0.434 0.377 2.143
75 10 0.550 0.552 2.066
75 11 0.630 0.711 1.998
75 12 0.652 0.763 1.995
75 13 0.207 -0.008 2.011
75 14 0.164 -0.447 2.005
75 15 0.161 -0.725 2.003
75 16 0.169 -0.756 1.926
75 17 0.335 -0.011 2.020
75 18 0.361 -0.444 1.998
75 19 0.376 -0.722 2.008
75 20 0.384 -0.752 1.932
76 1 0.271 0.058 2.035
76 2 0.266 0.096 2.087
76 3 0.271 0.364 2.120
76 4 0.285 0.583 2.142
76 5 0.122 0.358 2.102
76 6 0.004 0.550 2.026
76 7 -0.060 0.704 1.975
76 8 -0.083 0.754 1.968
76 9 0.433 0.376 2.142
76 10 0.550 0.552 2.066
76 11 0.630 0.711 1.998
76 12 0.651 0.763 1.994
76 13 0.207 -0.008 2.009
76 14 0.165 -0.447 2.003
76 15 0.162 -0.725 2.002
76 16 0.171 -0.756 1.926
76 17 0.336 -0.011 2.018
76 18 0.362 -0.444 1.997
76 19 0.377 -0.721 2.007
76 20 0.385 -0.752 1.931
77 1 0.271 0.057 2.033
77 2 0.266 0.096 2.086
77 3 0.271 0.364 2.119
77 4 0.284 0.583 2.140
77 5 0.122 0.357 2.102
77 6 0.003 0.549 2.027
77 7 -0.059 0.704 1.975
77 8 -0.081 0.754 1.969
77 9 0.433 0.376 2.140
77 10 0.551 0.552 2.065
77 11 0.629 0.710 1.996
77 12 0.648 0.761 1.990
77 13 0.207 -0.008 2.008
77 14 0.165 -0.447 2.002
77 15 0.163 -0.726 2.001
77 16 0.172 -0.756 1.925
77 17 0.336 -0.011 2.016
77 18 0.362 -0.443 1.996
77 19 0.377 -0.721 2.007
77 20 0.385 -0.752 1.930
78 1 0.271 0.056 2.031
78 2 0.267 0.095 2.083
78 3 0.270 0.365 2.117
78 4 0.283 0.582 2.138
78 5 0.122 0.357 2.101
78 6 0.000 0.546 2.030
78 7 -0.058 0.703 1.976
78 8 -0.077 0.754 1.970
78 9 0.424 0.356 2.115
78 10 0.552 0.546 2.063
78 11 0.626 0.708 1.992
78 12 0.641 0.758 1.982
78 13 0.207 -0.009 2.007
78 14 0.165 -0.447 2.001
78 15 0.165 -0.726 2.001
78 16 0.172 -0.756 1.925
78 17 0.336 -0.012 2.012
78 18 0.363 -0.443 1.994
78 19 0.377 -0.721 2.006
78 20 0.384 -0.752 1.930
79 1 0.270 0.053 2.028
79 2 0.267 0.094 2.081
79 3 0.270 0.384 2.117
79 4 0.281 0.582 2.136
79 5 0.121 0.356 2.102
79 6 -0.015 0.534 2.043
79 7 -0.055 0.702 1.979
79 8 -0.069 0.755 1.975
79 9 0.420 0.348 2.104
79 10 0.564 0.530 2.057
79 11 0.622 0.703 1.988
79 12 0.627 0.753 1.974
79 13 0.207 -0.011 2.006
79 14 0.166 -0.447 2.001
79 15 0.166 -0.726 2.000
79 16 0.172 -0.757 1.924
79 17 0.335 -0.014 2.009
79 18 0.364 -0.445 1.993
79 19 0.377 -0.722 2.006
79 20 0.384 -0.753 1.929
80 1 0.269 0.051 2.025
80 2 0.268 0.093 2.080
80 3 0.271 0.395 2.118
80 4 0.280 0.581 2.134
80 5 0.121 0.355 2.102
80 6 -0.031 0.522 2.055
80 7 -0.037 0.710 1.993
80 8 -0.022 0.763 1.995
80 9 0.418 0.344 2.098
80 10 0.583 0.505 2.052
80 11 0.611 0.695 1.986
80 12 0.589 0.754 1.976
80 13 0.206 -0.012 2.005
80 14 0.166 -0.448 2.000
80 15 0.167 -0.727 2.000
80 16 0.172 -0.757 1.924
80 17 0.334 -0.016 2.005
80 18 0.364 -0.447 1.991
80 19 0.378 -0.724 2.005
80 20 0.383 -0.755 1.928
81 1 0.269 0.049 2.023
81 2 0.268 0.092 2.078
81 3 0.270 0.395 2.114
81 4 0.279 0.582 2.132
81 5 0.121 0.354 2.103
81 6 -0.048 0.508 2.066
81 7 -0.010 0.684 2.019
81 8 0.028 0.741 2.023
81 9 0.417 0.341 2.094
81 10 0.597 0.489 2.048
81 11 0.580 0.676 2.000
81 12 0.546 0.745 1.999
81 13 0.205 -0.014 2.004
81 14 0.166 -0.448 2.000
81 15 0.169 -0.727 1.999
81 16 0.173 -0.757 1.924
81 17 0.333 -0.018 2.002
81 18 0.365 -0.450 1.990
81 19 0.378 -0.726 2.005
81 20 0.381 -0.757 1.928
82 1 0.268 0.048 2.022
82 2 0.268 0.092 2.077
82 3 0.271 0.398 2.113
82 4 0.278 0.582 2.130
82 5 0.120 0.352 2.104
82 6 -0.061 0.495 2.074
82 7 0.029 0.645 2.045
82 8 0.083 0.706 2.054
82 9 0.417 0.339 2.091
82 10 0.610 0.473 2.046
82 11 0.554 0.647 2.024
82 12 0.509 0.717 2.035
82 13 0.204 -0.016 2.003
82 14 0.166 -0.448 1.999
82 15 0.172 -0.728 1.999
82 16 0.173 -0.758 1.923
82 17 0.332 -0.020 2.000
82 18 0.366 -0.453 1.989
82 19 0.379 -0.730 2.005
82 20 0.380 -0.760 1.928
83 1 0.268 0.047 2.021
83 2 0.269 0.091 2.076
83 3 0.275 0.399 2.111
83 4 0.278 0.583 2.123
83 5 0.119 0.347 2.105
83 6 -0.070 0.462 2.085
83 7 0.069 0.584 2.063
83 8 0.126 0.649 2.074
83 9 0.419 0.337 2.089
83 10 0.616 0.464 2.044
83 11 0.521 0.612 2.057
83 12 0.479 0.689 2.067
83 13 0.203 -0.017 2.002
83 14 0.167 -0.448 1.999
83 15 0.174 -0.727 1.999
83 16 0.174 -0.757 1.923
83 17 0.332 -0.021 1.998
83 18 0.366 -0.455 1.988
83 19 0.379 -0.731 2.005
83 20 0.379 -0.762 1.928
84 1 0.268 0.046 2.020
84 2 0.269 0.091 2.075
84 3 0.276 0.400 2.110
84 4 0.279 0.585 2.119
84 5 0.119 0.343 2.107
84 6 -0.084 0.407 2.094
84 7 0.087 0.522 2.079
84 8 0.143 0.566 2.099
84 9 0.421 0.334 2.086
84 10 0.615 0.438 2.046
84 11 0.483 0.564 2.094
84 12 0.442 0.639 2.106
84 13 0.203 -0.018 2.002
84 14 0.167 -0.447 1.999
84 15 0.176 -0.726 1.999
84 16 0.174 -0.756 1.923
84 17 0.331 -0.022 1.996
84 18 0.365 -0.455 1.987
84 19 0.379 -0.732 2.004
84 20 0.378 -0.762 1.928
85 1 0.267 0.045 2.019
85 2 0.269 0.091 2.074
85 3 0.277 0.401 2.109
85 4 0.280 0.586 2.115
85 5 0.118 0.347 2.115
85 6 -0.086 0.374 2.098
85 7 0.100 0.455 2.094
85 8 0.151 0.491 2.117
85 9 0.424 0.331 2.085
85 10 0.611 0.386 2.048
85 11 0.467 0.498 2.111
85 12 0.428 0.572 2.125
85 13 0.201 -0.019 2.001
85 14 0.167 -0.446 1.998
85 15 0.178 -0.725 1.999
85 16 0.175 -0.756 1.923
85 17 0.331 -0.022 1.994
85 18 0.365 -0.455 1.987
85 19 0.379 -0.732 2.004
85 20 0.377 -0.762 1.928
86 1 0.267 0.045 2.018
86 2 0.269 0.091 2.074
86 3 0.278 0.402 2.108
86 4 0.280 0.587 2.113
86 5 0.117 0.349 2.120
86 6 -0.086 0.347 2.102
86 7 0.091 0.428 2.098
86 8 0.149 0.458 2.124
86 9 0.433 0.338 2.089
86 10 0.613 0.344 2.047
86 11 0.460 0.447 2.114
86 12 0.421 0.531 2.130
86 13 0.200 -0.020 2.001
86 14 0.167 -0.446 1.998
86 15 0.179 -0.724 1.999
86 16 0.175 -0.755 1.923
86 17 0.330 -0.023 1.993
86 18 0.364 -0.455 1.986
86 19 0.379 -0.732 2.004
86 20 0.376 -0.762 1.928
87 1 0.267 0.045 2.018
87 2 0.269 0.091 2.073
87 3 0.278 0.402 2.108
87 4 0.280 0.587 2.111
87 5 0.117 0.349 2.122
87 6 -0.087 0.327 2.105
87 7 0.076 0.416 2.098
87 8 0.115 0.451 2.117
87 9 0.438 0.342 2.093
87 10 0.629 0.307 2.043
87 11 0.470 0.432 2.102
87 12 0.422 0.506 2.129
87 13 0.199 -0.020 2.001
87 14 0.167 -0.446 1.998
87 15 0.179 -0.724 1.999
87 16 0.174 -0.755 1.923
87 17 0.330 -0.023 1.992
87 18 0.364 -0.455 1.986
87 19 0.379 -0.732 2.004
87 20 0.376 -0.762 1.928
88 1 0.266 0.044 2.018
88 2 0.269 0.090 2.073
88 3 0.279 0.403 2.108
88 4 0.280 0.588 2.110
88 5 0.116 0.348 2.125
88 6 -0.087 0.317 2.107
88 7 0.070 0.410 2.099
88 8 0.099 0.452 2.114
88 9 0.428 0.327 2.091
88 10 0.633 0.293 2.041
88 11 0.479 0.426 2.092
88 12 0.437 0.467 2.123
88 13 0.198 -0.021 2.001
88 14 0.167 -0.446 1.998
88 15 0.178 -0.724 1.999
88 16 0.171 -0.755 1.923
88 17 0.329 -0.024 1.991
88 18 0.364 -0.455 1.986
88 19 0.379 -0.732 2.004
88 20 0.375 -0.762 1.928
89 1 0.265 0.043 2.017
89 2 0.269 0.090 2.072
89 3 0.279 0.403 2.108
89 4 0.280 0.588 2.110
89 5 0.116 0.346 2.126
89 6 -0.083 0.317 2.108
89 7 0.058 0.429 2.094
89 8 0.086 0.473 2.101
89 9 0.421 0.318 2.090
89 10 0.620 0.301 2.043
89 11 0.490 0.433 2.077
89 12 0.446 0.458 2.113
89 13 0.197 -0.022 2.001
89 14 0.167 -0.446 1.998
89 15 0.177 -0.725 1.999
89 16 0.170 -0.756 1.923
89 17 0.328 -0.025 1.990
89 18 0.363 -0.455 1.985
89 19 0.379 -0.732 2.004
89 20 0.375 -0.762 1.928
90 1 0.264 0.041 2.017
90 2 0.269 0.089 2.072
90 3 0.279 0.402 2.109
90 4 0.280 0.588 2.109
90 5 0.116 0.344 2.128
90 6 -0.080 0.344 2.106
90 7 0.038 0.473 2.081
90 8 0.074 0.508 2.084
90 9 0.418 0.313 2.089
90 10 0.612 0.311 2.044
90 11 0.505 0.458 2.062
90 12 0.465 0.481 2.092
90 13 0.196 -0.023 2.001
90 14 0.167 -0.446 1.998
90 15 0.176 -0.725 1.998
90 16 0.167 -0.756 1.922
90 17 0.326 -0.026 1.989
90 18 0.363 -0.455 1.985
90 19 0.379 -0.733 2.004
90 20 0.374 -0.762 1.928
91 1 0.263 0.040 2.016
91 2 0.269 0.088 2.072
91 3 0.279 0.402 2.109
91 4 0.280 0.588 2.109
91 5 0.116 0.340 2.129
91 6 -0.078 0.366 2.103
91 7 0.019 0.513 2.070
91 8 0.052 0.544 2.071
91 9 0.416 0.310 2.089
91 10 0.608 0.327 2.044
91 11 0.520 0.482 2.051
91 12 0.489 0.511 2.074
91 13 0.194 -0.025 2.002
91 14 0.167 -0.446 1.998
91 15 0.174 -0.726 1.998
91 16 0.165 -0.757 1.922
91 17 0.325 -0.028 1.989
91 18 0.363 -0.455 1.985
91 19 0.379 -0.733 2.004
91 20 0.374 -0.762 1.928
92 1 0.262 0.039 2.016
92 2 0.268 0.087 2.071
92 3 0.279 0.401 2.111
92 4 0.280 0.588 2.110
92 5 0.116 0.336 2.130
92 6 -0.078 0.396 2.095
92 7 -0.003 0.557 2.054
92 8 0.038 0.603 2.057
92 9 0.415 0.307 2.089
92 10 0.610 0.343 2.042
92 11 0.546 0.511 2.035
92 12 0.524 0.542 2.053
92 13 0.194 -0.026 2.002
92 14 0.167 -0.446 1.998
92 15 0.172 -0.726 1.998
92 16 0.163 -0.757 1.922
92 17 0.324 -0.029 1.988
92 18 0.362 -0.456 1.985
92 19 0.379 -0.733 2.004
92 20 0.373 -0.763 1.928
93 1 0.261 0.037 2.016
93 2 0.268 0.086 2.071
93 3 0.279 0.400 2.112
93 4 0.280 0.587 2.111
93 5 0.116 0.332 2.131
93 6 -0.078 0.415 2.089
93 7 -0.034 0.593 2.037
93 8 0.001 0.647 2.040
93 9 0.414 0.306 2.089
93 10 0.613 0.353 2.041
93 11 0.570 0.531 2.023
93 12 0.552 0.586 2.039
93 13 0.193 -0.027 2.002
93 14 0.167 -0.446 1.998
93 15 0.170 -0.727 1.998
93 16 0.161 -0.758 1.922
93 17 0.323 -0.030 1.988
93 18 0.362 -0.457 1.985
93 19 0.379 -0.734 2.004
93 20 0.373 -0.764 1.928
94 1 0.261 0.035 2.016
94 2 0.268 0.084 2.071
94 3 0.279 0.399 2.114
94 4 0.280 0.586 2.113
94 5 0.116 0.330 2.131
94 6 -0.078 0.428 2.084
94 7 -0.073 0.623 2.016
94 8 -0.046 0.683 2.019
94 9 0.414 0.305 2.089
94 10 0.616 0.362 2.039
94 11 0.604 0.558 1.999
94 12 0.587 0.624 2.012
94 13 0.193 -0.028 2.002
94 14 0.166 -0.447 1.998
94 15 0.168 -0.728 1.998
94 16 0.159 -0.759 1.922
94 17 0.322 -0.032 1.989
94 18 0.361 -0.458 1.985
94 19 0.379 -0.735 2.004
94 20 0.361 -0.793 1.975
95 1 0.260 0.033 2.017
95 2 0.268 0.083 2.072
95 3 0.279 0.398 2.117
95 4 0.280 0.585 2.114
95 5 0.116 0.328 2.131
95 6 -0.077 0.447 2.070
95 7 -0.113 0.656 1.990
95 8 -0.100 0.723 1.989
95 9 0.414 0.304 2.089
95 10 0.621 0.372 2.037
95 11 0.647 0.580 1.971
95 12 0.636 0.655 1.971
95 13 0.192 -0.030 2.003
95 14 0.166 -0.448 1.998
95 15 0.167 -0.730 1.999
95 16 0.158 -0.760 1.923
95 17 0.321 -0.035 1.990
95 18 0.361 -0.460 1.986
95 19 0.379 -0.737 2.005
95 20 0.354 -0.812 2.004
96 1 0.260 0.032 2.018
96 2 0.267 0.081 2.073
96 3 0.276 0.377 2.121
96 4 0.280 0.584 2.116
96 5 0.116 0.327 2.131
96 6 -0.071 0.465 2.056
96 7 -0.156 0.686 1.961
96 8 -0.163 0.755 1.958
96 9 0.414 0.304 2.091
96 10 0.625 0.396 2.032
96 11 0.692 0.608 1.939
96 12 0.696 0.685 1.928
96 13 0.192 -0.031 2.003
96 14 0.165 -0.450 1.999
96 15 0.165 -0.731 1.999
96 16 0.157 -0.761 1.923
96 17 0.322 -0.037 1.993
96 18 0.361 -0.463 1.986
96 19 0.379 -0.740 2.005
96 20 0.351 -0.819 2.015
97 1 0.260 0.031 2.019
97 2 0.267 0.079 2.074
97 3 0.274 0.380 2.126
97 4 0.280 0.583 2.118
97 5 0.116 0.326 2.130
97 6 -0.060 0.482 2.041
97 7 -0.186 0.695 1.946
97 8 -0.227 0.774 1.935
97 9 0.416 0.306 2.095
97 10 0.623 0.423 2.028
97 11 0.736 0.629 1.912
97 12 0.759 0.711 1.887
97 13 0.192 -0.032 2.003
97 14 0.165 -0.452 1.999
97 15 0.164 -0.733 1.999
97 16 0.157 -0.763 1.923
97 17 0.322 -0.039 1.997
97 18 0.361 -0.465 1.987
97 19 0.379 -0.742 2.005
97 20 0.349 -0.823 2.021
98 1 0.261 0.030 2.020
98 2 0.267 0.078 2.076
98 3 0.272 0.383 2.131
98 4 0.280 0.583 2.119
98 5 0.117 0.327 2.128
98 6 -0.048 0.495 2.030
98 7 -0.203 0.691 1.944
98 8 -0.281 0.771 1.932
98 9 0.419 0.310 2.101
98 10 0.613 0.452 2.025
98 11 0.763 0.634 1.898
98 12 0.816 0.699 1.862
98 13 0.193 -0.032 2.004
98 14 0.164 -0.453 2.000
98 15 0.163 -0.734 1.999
98 16 0.157 -0.764 1.923
98 17 0.323 -0.040 2.000
98 18 0.361 -0.466 1.988
98 19 0.379 -0.743 2.006
98 20 0.348 -0.826 2.025
99 1 0.261 0.029 2.022
99 2 0.267 0.077 2.077
99 3 0.271 0.387 2.134
99 4 0.280 0.582 2.121
99 5 0.118 0.328 2.125
99 6 -0.043 0.501 2.025
99 7 -0.214 0.684 1.943
99 8 -0.272 0.734 1.948
99 9 0.420 0.314 2.106
99 10 0.606 0.468 2.023
99 11 0.780 0.626 1.897
99 12 0.842 0.664 1.872
99 13 0.193 -0.033 2.005
99 14 0.164 -0.455 2.000
99 15 0.162 -0.735 2.000
99 16 0.157 -0.765 1.923
99 17 0.324 -0.041 2.004
99 18 0.361 -0.468 1.989
99 19 0.379 -0.745 2.006
99 20 0.348 -0.826 2.024
100 1 0.262 0.029 2.024
100 2 0.266 0.077 2.079
100 3 0.271 0.391 2.136
100 4 0.280 0.582 2.122
100 5 0.119 0.330 2.122
100 6 -0.039 0.505 2.021
100 7 -0.194 0.644 1.945
100 8 -0.248 0.693 1.948
100 9 0.421 0.318 2.109
100 10 0.603 0.476 2.021
100 11 0.791 0.617 1.899
100 12 0.854 0.650 1.878
100 13 0.194 -0.033 2.006
100 14 0.164 -0.456 2.001
100 15 0.162 -0.736 2.000
100 16 0.157 -0.766 1.924
100 17 0.325 -0.040 2.007
100 18 0.361 -0.468 1.990
100 19 0.379 -0.745 2.006
100 20 0.350 -0.825 2.021
101 1 0.262 0.029 2.026
101 2 0.266 0.077 2.080
101 3 0.270 0.394 2.137
101 4 0.280 0.582 2.124
101 5 0.120 0.332 2.119
101 6 -0.037 0.507 2.018
101 7 -0.200 0.645 1.948
101 8 -0.253 0.691 1.966
101 9 0.421 0.320 2.111
101 10 0.601 0.481 2.021
101 11 0.794 0.607 1.906
101 12 0.859 0.640 1.887
101 13 0.195 -0.033 2.007
101 14 0.163 -0.457 2.002
101 15 0.161 -0.737 2.000
101 16 0.157 -0.767 1.924
101 17 0.326 -0.040 2.011
101 18 0.361 -0.469 1.992
101 19 0.379 -0.746 2.006
101 20 0.369 -0.796 1.966
102 1 0.263 0.029 2.028
102 2 0.266 0.077 2.082
102 3 0.270 0.396 2.137
102 4 0.281 0.583 2.125
102 5 0.121 0.333 2.117
102 6 -0.036 0.507 2.016
102 7 -0.181 0.627 1.954
102 8 -0.230 0.675 1.966
102 9 0.422 0.322 2.112
102 10 0.600 0.480 2.022
102 11 0.792 0.598 1.913
102 12 0.855 0.633 1.896
102 13 0.196 -0.033 2.008
102 14 0.163 -0.458 2.003
102 15 0.161 -0.738 2.001
102 16 0.158 -0.768 1.925
102 17 0.326 -0.039 2.014
102 18 0.361 -0.469 1.994
102 19 0.379 -0.746 2.007
102 20 0.369 -0.797 1.969
103 1 0.264 0.029 2.030
103 2 0.266 0.078 2.084
103 3 0.270 0.398 2.137
103 4 0.281 0.583 2.125
103 5 0.121 0.335 2.115
103 6 -0.035 0.507 2.016
103 7 -0.179 0.639 1.957
103 8 -0.229 0.686 1.965
103 9 0.424 0.327 2.116
103 10 0.601 0.478 2.024
103 11 0.788 0.593 1.921
103 12 0.845 0.631 1.905
103 13 0.197 -0.033 2.009
103 14 0.163 -0.460 2.005
103 15 0.161 -0.740 2.003
103 16 0.160 -0.770 1.927
103 17 0.328 -0.038 2.017
103 18 0.361 -0.470 1.996
103 19 0.379 -0.747 2.007
103 20 0.381 -0.781 1.939
104 1 0.265 0.030 2.032
104 2 0.266 0.079 2.086
104 3 0.270 0.400 2.137
104 4 0.281 0.583 2.126
104 5 0.122 0.336 2.113
104 6 -0.035 0.506 2.015
104 7 -0.178 0.650 1.958
104 8 -0.227 0.704 1.961
104 9 0.425 0.330 2.118
104 10 0.603 0.476 2.026
104 11 0.782 0.590 1.927
104 12 0.834 0.633 1.912
104 13 0.198 -0.033 2.010
104 14 0.163 -0.461 2.007
104 15 0.161 -0.741 2.004
104 16 0.164 -0.797 1.963
104 17 0.329 -0.037 2.020
104 18 0.361 -0.470 1.998
104 19 0.380 -0.747 2.007
104 20 0.385 -0.776 1.929
105 1 0.265 0.031 2.034
105 2 0.266 0.080 2.087
105 3 0.270 0.401 2.137
105 4 0.281 0.583 2.126
105 5 0.122 0.337 2.111
105 6 -0.034 0.506 2.015
105 7 -0.175 0.662 1.957
105 8 -0.221 0.724 1.953
105 9 0.425 0.332 2.120
105 10 0.605 0.473 2.028
105 11 0.777 0.590 1.933
105 12 0.824 0.638 1.918
105 13 0.199 -0.033 2.012
105 14 0.163 -0.463 2.008
105 15 0.162 -0.743 2.005
105 16 0.166 -0.810 1.981
105 17 0.330 -0.036 2.023
105 18 0.361 -0.470 1.999
105 19 0.380 -0.747 2.007
105 20 0.370 -0.797 1.971
106 1 0.266 0.031 2.036
106 2 0.266 0.081 2.089
106 3 0.270 0.402 2.137
106 4 0.282 0.584 2.126
106 5 0.122 0.338 2.110
106 6 -0.034 0.506 2.015
106 7 -0.159 0.678 1.954
106 8 -0.204 0.740 1.945
106 9 0.426 0.333 2.121
106 10 0.606 0.472 2.030
106 11 0.770 0.593 1.937
106 12 0.814 0.648 1.923
106 13 0.199 -0.032 2.013
106 14 0.163 -0.464 2.009
106 15 0.163 -0.744 2.007
106 16 0.167 -0.816 1.989
106 17 0.330 -0.035 2.025
106 18 0.361 -0.470 2.001
106 19 0.380 -0.748 2.008
106 20 0.376 -0.788 1.956
107 1 0.267 0.032 2.038
107 2 0.266 0.082 2.090
107 3 0.271 0.403 2.136
107 4 0.282 0.584 2.126
107 5 0.122 0.340 2.109
107 6 -0.032 0.507 2.015
107 7 -0.146 0.686 1.952
107 8 -0.167 0.746 1.933
107 9 0.426 0.335 2.122
107 10 0.606 0.471 2.031
107 11 0.763 0.602 1.941
107 12 0.803 0.662 1.926
107 13 0.200 -0.031 2.015
107 14 0.163 -0.464 2.010
107 15 0.163 -0.745 2.008
107 16 0.167 -0.820 1.994
107 17 0.331 -0.035 2.027
107 18 0.362 -0.470 2.002
107 19 0.380 -0.748 2.008
107 20 0.379 -0.784 1.949
108 1 0.267 0.033 2.039
108 2 0.266 0.082 2.092
108 3 0.271 0.404 2.136
108 4 0.282 0.585 2.125
108 5 0.122 0.342 2.108
108 6 -0.030 0.510 2.015
108 7 -0.135 0.692 1.949
108 8 -0.151 0.748 1.929
108 9 0.426 0.335 2.123
108 10 0.607 0.471 2.033
108 11 0.755 0.616 1.944
108 12 0.793 0.675 1.928
108 13 0.201 -0.031 2.016
108 14 0.163 -0.465 2.011
108 15 0.164 -0.745 2.008
108 16 0.171 -0.798 1.964
108 17 0.331 -0.034 2.028
108 18 0.362 -0.469 2.003
108 19 0.380 -0.748 2.008
108 20 0.382 -0.781 1.944
109 1 0.267 0.034 2.040
109 2 0.266 0.083 2.093
109 3 0.271 0.404 2.136
109 4 0.282 0.585 2.124
109 5 0.122 0.343 2.107
109 6 -0.027 0.513 2.016
109 7 -0.125 0.695 1.947
109 8 -0.141 0.749 1.926
109 9 0.426 0.336 2.123
109 10 0.606 0.471 2.034
109 11 0.748 0.627 1.945
109 12 0.785 0.685 1.928
109 13 0.201 -0.030 2.018
109 14 0.163 -0.465 2.012
109 15 0.164 -0.746 2.009
109 16 0.173 -0.784 1.946
109 17 0.332 -0.033 2.029
109 18 0.362 -0.469 2.004
109 19 0.380 -0.747 2.009
109 20 0.383 -0.779 1.941
110 1 0.267 0.034 2.041
110 2 0.266 0.084 2.093
110 3 0.271 0.405 2.135
110 4 0.283 0.585 2.123
110 5 0.122 0.345 2.106
110 6 -0.024 0.517 2.015
110 7 -0.117 0.696 1.945
110 8 -0.133 0.748 1.925
110 9 0.426 0.336 2.123
110 10 0.606 0.471 2.035
110 11 0.743 0.635 1.945
110 12 0.778 0.691 1.928
110 13 0.202 -0.030 2.019
110 14 0.163 -0.465 2.013
110 15 0.165 -0.746 2.010
110 16 0.174 -0.778 1.938
110 17 0.332 -0.033 2.030
110 18 0.362 -0.468 2.005
110 19 0.380 -0.747 2.009
110 20 0.384 -0.778 1.939
111 1 0.268 0.035 2.042
111 2 0.266 0.084 2.094
111 3 0.271 0.405 2.135
111 4 0.283 0.586 2.121
111 5 0.122 0.346 2.106
111 6 -0.021 0.520 2.015
111 7 -0.110 0.697 1.944
111 8 -0.128 0.748 1.924
111 9 0.426 0.337 2.124
111 10 0.605 0.472 2.036
111 11 0.739 0.641 1.944
111 12 0.770 0.695 1.928
111 13 0.202 -0.029 2.020
111 14 0.163 -0.466 2.013
111 15 0.165 -0.746 2.010
111 16 0.175 -0.775 1.934
111 17 0.332 -0.032 2.031
111 18 0.362 -0.468 2.006
111 19 0.380 -0.747 2.010
111 20 0.385 -0.777 1.938
112 1 0.268 0.035 2.042
112 2 0.266 0.085 2.095
112 3 0.271 0.406 2.134
112 4 0.283 0.586 2.120
112 5 0.122 0.347 2.105
112 6 -0.019 0.523 2.014
112 7 -0.103 0.697 1.942
112 8 -0.123 0.747 1.924
112 9 0.426 0.337 2.124
112 10 0.605 0.472 2.037
112 11 0.736 0.645 1.943
112 12 0.765 0.698 1.928
112 13 0.202 -0.029 2.020
112 14 0.163 -0.466 2.013
112 15 0.165 -0.746 2.010
112 16 0.175 -0.773 1.931
112 17 0.332 -0.032 2.032
112 18 0.362 -0.467 2.007
112 19 0.380 -0.747 2.010
112 20 0.385 -0.776 1.937
113 1 0.268 0.036 2.043
113 2 0.266 0.086 2.095
113 3 0.271 0.406 2.133
113 4 0.283 0.587 2.119
113 5 0.122 0.348 2.105
113 6 -0.017 0.525 2.013
113 7 -0.098 0.696 1.941
113 8 -0.120 0.745 1.923
113 9 0.426 0.337 2.124
113 10 0.604 0.474 2.038
113 11 0.734 0.648 1.942
113 12 0.761 0.700 1.927
113 13 0.203 -0.028 2.021
113 14 0.163 -0.466 2.014
113 15 0.166 -0.746 2.011
113 16 0.175 -0.771 1.929
113 17 0.332 -0.032 2.032
113 18 0.362 -0.467 2.008
113 19 0.380 -0.746 2.011
113 20 0.386 -0.775 1.936
114 1 0.268 0.036 2.044
114 2 0.266 0.086 2.096
114 3 0.270 0.406 2.133
114 4 0.283 0.588 2.118
114 5 0.122 0.349 2.104
114 6 -0.015 0.527 2.013
114 7 -0.095 0.696 1.940
114 8 -0.117 0.744 1.923
114 9 0.426 0.338 2.124
114 10 0.604 0.475 2.038
114 11 0.733 0.651 1.940
114 12 0.759 0.701 1.926
114 13 0.203 -0.028 2.022
114 14 0.164 -0.466 2.014
114 15 0.166 -0.746 2.011
114 16 0.176 -0.770 1.928
114 17 0.333 -0.031 2.032
114 18 0.362 -0.467 2.008
114 19 0.380 -0.746 2.011
114 20 0.386 -0.775 1.936
115 1 0.268 0.037 2.044
115 2 0.266 0.087 2.096
115 3 0.270 0.406 2.132
115 4 0.283 0.589 2.117
115 5 0.122 0.350 2.104
115 6 -0.013 0.529 2.012
115 7 -0.092 0.695 1.940
115 8 -0.115 0.743 1.923
115 9 0.427 0.339 2.124
115 10 0.604 0.476 2.038
115 11 0.732 0.653 1.938
115 12 0.757 0.703 1.925
115 13 0.203 -0.028 2.022
115 14 0.164 -0.466 2.014
115 15 0.166 -0.746 2.011
115 16 0.176 -0.770 1.927
115 17 0.333 -0.031 2.033
115 18 0.362 -0.466 2.009
115 19 0.380 -0.746 2.012
115 20 0.386 -0.775 1.936
116 1 0.269 0.037 2.044
116 2 0.266 0.088 2.096
116 3 0.270 0.406 2.131
116 4 0.283 0.590 2.117
116 5 0.122 0.350 2.104
116 6 -0.012 0.530 2.012
116 7 -0.090 0.695 1.939
116 8 -0.114 0.742 1.924
116 9 0.427 0.339 2.123
116 10 0.604 0.477 2.038
116 11 0.731 0.654 1.937
116 12 0.756 0.703 1.923
116 13 0.203 -0.027 2.022
116 14 0.164 -0.466 2.014
116 15 0.166 -0.746 2.011
116 16 0.176 -0.770 1.927
116 17 0.333 -0.030 2.033
116 18 0.362 -0.466 2.009
116 19 0.380 -0.746 2.012
116 20 0.386 -0.774 1.935
117 1 0.269 0.038 2.044
117 2 0.266 0.088 2.096
117 3 0.270 0.407 2.131
117 4 0.282 0.590 2.117
117 5 0.122 0.351 2.104
117 6 -0.011 0.531 2.012
117 7 -0.088 0.695 1.939
117 8 -0.114 0.741 1.925
117 9 0.427 0.339 2.123
117 10 0.604 0.478 2.037
117 11 0.730 0.654 1.934
117 12 0.755 0.704 1.921
117 13 0.204 -0.027 2.022
117 14 0.164 -0.466 2.014
117 15 0.167 -0.746 2.012
117 16 0.175 -0.770 1.928
117 17 0.333 -0.030 2.033
117 18 0.362 -0.466 2.009
117 19 0.380 -0.746 2.012
117 20 0.386 -0.774 1.935
118 1 0.269 0.038 2.044
118 2 0.266 0.088 2.096
118 3 0.270 0.407 2.130
118 4 0.282 0.591 2.117
118 5 0.122 0.352 2.104
118 6 -0.011 0.532 2.012
118 7 -0.088 0.694 1.940
118 8 -0.114 0.740 1.927
118 9 0.427 0.340 2.122
118 10 0.604 0.478 2.037
118 11 0.730 0.654 1.932
118 12 0.755 0.703 1.919
118 13 0.204 -0.027 2.023
118 14 0.164 -0.465 2.015
118 15 0.167 -0.746 2.012
118 16 0.175 -0.770 1.928
118 17 0.333 -0.030 2.033
118 18 0.362 -0.466 2.010
118 19 0.380 -0.745 2.013
118 20 0.386 -0.774 1.935
119 1 0.269 0.038 2.044
119 2 0.266 0.089 2.096
119 3 0.270 0.407 2.129
119 4 0.282 0.591 2.117
119 5 0.122 0.352 2.104
119 6 -0.010 0.533 2.012
119 7 -0.088 0.694 1.943
119 8 -0.116 0.740 1.931
119 9 0.427 0.340 2.122
119 10 0.604 0.478 2.036
119 11 0.730 0.653 1.930
119 12 0.754 0.703 1.916
119 13 0.204 -0.027 2.023
119 14 0.164 -0.465 2.015
119 15 0.167 -0.746 2.012
119 16 0.175 -0.770 1.929
119 17 0.333 -0.030 2.033
119 18 0.362 -0.466 2.010
119 19 0.380 -0.745 2.013
119 20 0.386 -0.774 1.935
120 1 0.269 0.039 2.044
120 2 0.266 0.089 2.096
120 3 0.271 0.407 2.129
120 4 0.281 0.591 2.117
120 5 0.122 0.352 2.104
120 6 -0.010 0.534 2.013
120 7 -0.091 0.694 1.948
120 8 -0.119 0.741 1.938
120 9 0.426 0.339 2.119
120 10 0.604 0.477 2.035
120 11 0.730 0.652 1.928
120 12 0.754 0.703 1.914
120 13 0.204 -0.026 2.023
120 14 0.164 -0.465 2.015
120 15 0.167 -0.746 2.012
120 16 0.175 -0.771 1.930
120 17 0.333 -0.029 2.032
120 18 0.362 -0.466 2.010
120 19 0.380 -0.745 2.013
120 20 0.386 -0.774 1.936
121 1 0.269 0.039 2.044
121 2 0.266 0.089 2.096
121 3 0.271 0.407 2.128
121 4 0.281 0.592 2.117
121 5 0.122 0.353 2.104
121 6 -0.010 0.535 2.016
121 7 -0.095 0.696 1.957
121 8 -0.123 0.743 1.947
121 9 0.425 0.338 2.116
121 10 0.603 0.476 2.033
121 11 0.729 0.650 1.926
121 12 0.754 0.704 1.911
121 13 0.204 -0.026 2.023
121 14 0.165 -0.465 2.015
121 15 0.168 -0.745 2.012
121 16 0.174 -0.771 1.930
121 17 0.333 -0.029 2.031
121 18 0.362 -0.465 2.009
121 19 0.380 -0.745 2.013
121 20 0.386 -0.774 1.936
122 1 0.269 0.039 2.043
122 2 0.267 0.089 2.096
122 3 0.271 0.407 2.128
122 4 0.281 0.592 2.118
122 5 0.122 0.353 2.105
122 6 -0.010 0.536 2.021
122 7 -0.099 0.700 1.967
122 8 -0.128 0.747 1.958
122 9 0.425 0.336 2.112
122 10 0.603 0.475 2.031
122 11 0.728 0.649 1.924
122 12 0.753 0.704 1.908
122 13 0.204 -0.026 2.023
122 14 0.165 -0.465 2.014
122 15 0.167 -0.745 2.011
122 16 0.173 -0.771 1.930
122 17 0.332 -0.029 2.029
122 18 0.363 -0.465 2.009
122 19 0.380 -0.745 2.013
122 20 0.386 -0.774 1.936
123 1 0.268 0.039 2.043
123 2 0.267 0.089 2.095
123 3 0.272 0.408 2.127
123 4 0.280 0.592 2.118
123 5 0.122 0.353 2.105
123 6 -0.011 0.538 2.028
123 7 -0.103 0.704 1.979
123 8 -0.132 0.751 1.970
123 9 0.424 0.335 2.109
123 10 0.603 0.474 2.028
123 11 0.726 0.647 1.920
123 12 0.750 0.704 1.904
123 13 0.204 -0.026 2.023
123 14 0.165 -0.464 2.014
123 15 0.167 -0.745 2.010
123 16 0.171 -0.772 1.929
123 17 0.331 -0.029 2.027
123 18 0.362 -0.465 2.008
123 19 0.380 -0.745 2.013
123 20 0.385 -0.774 1.936
124 1 0.268 0.039 2.042
124 2 0.267 0.090 2.095
124 3 0.272 0.408 2.126
124 4 0.280 0.592 2.119
124 5 0.123 0.354 2.107
124 6 -0.010 0.539 2.036
124 7 -0.106 0.708 1.989
124 8 -0.134 0.756 1.982
124 9 0.424 0.334 2.106
124 10 0.603 0.472 2.024
124 11 0.723 0.644 1.917
124 12 0.745 0.705 1.900
124 13 0.203 -0.026 2.022
124 14 0.165 -0.464 2.013
124 15 0.166 -0.744 2.008
124 16 0.168 -0.772 1.928
124 17 0.330 -0.029 2.024
124 18 0.362 -0.465 2.006
124 19 0.380 -0.745 2.013
124 20 0.384 -0.774 1.936
125 1 0.268 0.039 2.041
125 2 0.267 0.090 2.094
125 3 0.273 0.408 2.126
125 4 0.280 0.593 2.120
125 5 0.124 0.354 2.109
125 6 -0.009 0.541 2.045
125 7 -0.107 0.712 2.001
125 8 -0.135 0.761 1.995
125 9 0.424 0.332 2.102
125 10 0.603 0.471 2.019
125 11 0.718 0.642 1.912
125 12 0.739 0.706 1.895
125 13 0.203 -0.026 2.022
125 14 0.165 -0.463 2.012
125 15 0.165 -0.743 2.005
125 16 0.165 -0.772 1.926
125 17 0.328 -0.029 2.020
125 18 0.362 -0.465 2.003
125 19 0.380 -0.745 2.013
125 20 0.367 -0.796 1.980
126 1 0.267 0.039 2.040
126 2 0.268 0.089 2.093
126 3 0.275 0.408 2.125
126 4 0.280 0.593 2.121
126 5 0.125 0.355 2.113
126 6 -0.008 0.543 2.057
126 7 -0.105 0.720 2.022
126 8 -0.133 0.767 2.011
126 9 0.424 0.331 2.098
126 10 0.602 0.470 2.015
126 11 0.711 0.640 1.907
126 12 0.731 0.708 1.890
126 13 0.203 -0.026 2.022
126 14 0.164 -0.462 2.011
126 15 0.163 -0.742 2.001
126 16 0.161 -0.771 1.923
126 17 0.326 -0.029 2.016
126 18 0.361 -0.465 2.000
126 19 0.380 -0.745 2.013
126 20 0.357 -0.808 2.004
127 1 0.266 0.039 2.038
127 2 0.268 0.089 2.092
127 3 0.277 0.408 2.124
127 4 0.280 0.593 2.122
127 5 0.127 0.355 2.117
127 6 -0.005 0.545 2.069
127 7 -0.102 0.725 2.036
127 8 -0.127 0.775 2.033
127 9 0.425 0.330 2.095
127 10 0.602 0.469 2.008
127 11 0.704 0.640 1.902
127 12 0.723 0.709 1.885
127 13 0.202 -0.025 2.022
127 14 0.164 -0.461 2.009
127 15 0.161 -0.741 1.996
127 16 0.157 -0.771 1.919
127 17 0.324 -0.030 2.013
127 18 0.360 -0.466 1.997
127 19 0.380 -0.745 2.013
127 20 0.352 -0.813 2.014
128 1 0.266 0.039 2.037
128 2 0.269 0.089 2.091
128 3 0.279 0.408 2.123
128 4 0.281 0.593 2.123
128 5 0.129 0.356 2.121
128 6 -0.002 0.547 2.087
128 7 -0.096 0.732 2.055
128 8 -0.113 0.786 2.056
128 9 0.426 0.329 2.090
128 10 0.602 0.469 2.001
128 11 0.688 0.649 1.895
128 12 0.706 0.713 1.882
128 13 0.201 -0.025 2.021
128 14 0.163 -0.460 2.006
128 15 0.159 -0.740 1.990
128 16 0.152 -0.770 1.913
128 17 0.322 -0.030 2.008
128 18 0.359 -0.467 1.993
128 19 0.380 -0.745 2.012
128 20 0.348 -0.816 2.020
129 1 0.265 0.039 2.035
129 2 0.269 0.089 2.089
129 3 0.282 0.408 2.122
129 4 0.281 0.593 2.124
129 5 0.131 0.356 2.128
129 6 -0.000 0.548 2.108
129 7 -0.080 0.745 2.085
129 8 -0.087 0.806 2.089
129 9 0.427 0.327 2.083
129 10 0.601 0.468 1.994
129 11 0.670 0.658 1.891
129 12 0.670 0.719 1.884
129 13 0.200 -0.025 2.021
129 14 0.162 -0.458 2.003
129 15 0.157 -0.739 1.983
129 16 0.146 -0.769 1.906
129 17 0.319 -0.030 2.004
129 18 0.357 -0.468 1.990
129 19 0.380 -0.746 2.011
129 20 0.345 -0.818 2.023
130 1 0.263 0.038 2.034
130 2 0.270 0.089 2.088
130 3 0.284 0.407 2.121
130 4 0.281 0.593 2.125
130 5 0.134 0.357 2.138
130 6 -0.001 0.547 2.135
130 7 -0.062 0.755 2.108
130 8 -0.062 0.817 2.110
130 9 0.426 0.325 2.073
130 10 0.601 0.466 1.985
130 11 0.640 0.657 1.894
130 12 0.630 0.723 1.893
130 13 0.198 -0.025 2.021
130 14 0.161 -0.457 2.000
130 15 0.155 -0.737 1.977
130 16 0.140 -0.768 1.901
130 17 0.316 -0.030 1.999
130 18 0.355 -0.470 1.985
130 19 0.379 -0.747 2.009
130 20 0.342 -0.820 2.022
131 1 0.262 0.038 2.033
131 2 0.272 0.088 2.086
131 3 0.288 0.407 2.121
131 4 0.282 0.593 2.125
131 5 0.140 0.361 2.160
131 6 -0.006 0.541 2.181
131 7 -0.015 0.763 2.138
131 8 -0.000 0.822 2.136
131 9 0.425 0.322 2.063
131 10 0.600 0.463 1.975
131 11 0.598 0.655 1.907
131 12 0.577 0.726 1.919
131 13 0.196 -0.025 2.022
131 14 0.160 -0.456 1.997
131 15 0.153 -0.736 1.973
131 16 0.133 -0.766 1.897
131 17 0.313 -0.030 1.995
131 18 0.354 -0.473 1.982
131 19 0.379 -0.749 2.008
131 20 0.340 -0.820 2.019
132 1 0.261 0.038 2.031
132 2 0.274 0.088 2.084
132 3 0.291 0.407 2.120
132 4 0.282 0.593 2.125
132 5 0.145 0.365 2.183
132 6 -0.007 0.536 2.210
132 7 0.031 0.728 2.165
132 8 0.068 0.790 2.158
132 9 0.424 0.320 2.055
132 10 0.597 0.460 1.959
132 11 0.557 0.661 1.925
132 12 0.534 0.721 1.946
132 13 0.194 -0.026 2.022
132 14 0.159 -0.455 1.995
132 15 0.152 -0.735 1.971
132 16 0.127 -0.765 1.895
132 17 0.310 -0.030 1.992
132 18 0.352 -0.475 1.979
132 19 0.380 -0.750 2.006
132 20 0.338 -0.818 2.015
133 1 0.260 0.038 2.030
133 2 0.276 0.088 2.082
133 3 0.299 0.407 2.119
133 4 0.282 0.593 2.126
133 5 0.150 0.365 2.201
133 6 0.007 0.524 2.240
133 7 0.083 0.689 2.186
133 8 0.125 0.744 2.173
133 9 0.426 0.321 2.047
133 10 0.594 0.463 1.931
133 11 0.525 0.647 1.932
133 12 0.496 0.706 1.966
133 13 0.192 -0.025 2.024
133 14 0.158 -0.453 1.993
133 15 0.151 -0.734 1.969
133 16 0.122 -0.764 1.895
133 17 0.308 -0.030 1.989
133 18 0.351 -0.474 1.973
133 19 0.383 -0.749 2.002
133 20 0.340 -0.816 2.012
134 1 0.258 0.043 2.031
134 2 0.280 0.091 2.081
134 3 0.308 0.407 2.117
134 4 0.282 0.593 2.126
134 5 0.156 0.363 2.224
134 6 0.027 0.512 2.263
134 7 0.135 0.650 2.196
134 8 0.160 0.678 2.190
134 9 0.429 0.323 2.040
134 10 0.585 0.468 1.904
134 11 0.506 0.638 1.937
134 12 0.461 0.683 1.985
134 13 0.189 -0.022 2.037
134 14 0.157 -0.450 1.992
134 15 0.150 -0.732 1.967
134 16 0.116 -0.760 1.896
134 17 0.304 -0.026 1.986
134 18 0.349 -0.471 1.968
134 19 0.386 -0.745 1.998
134 20 0.344 -0.812 2.008
135 1 0.257 0.052 2.034
135 2 0.283 0.094 2.080
135 3 0.318 0.382 2.108
135 4 0.282 0.591 2.126
135 5 0.156 0.349 2.236
135 6 0.058 0.493 2.284
135 7 0.192 0.606 2.209
135 8 0.219 0.636 2.195
135 9 0.431 0.323 2.034
135 10 0.566 0.476 1.876
135 11 0.478 0.628 1.937
135 12 0.431 0.668 1.994
135 13 0.185 -0.021 2.055
135 14 0.155 -0.446 1.992
135 15 0.149 -0.728 1.966
135 16 0.110 -0.756 1.897
135 17 0.298 -0.019 1.981
135 18 0.348 -0.468 1.962
135 19 0.391 -0.740 1.993
135 20 0.350 -0.807 2.004
136 1 0.253 0.083 2.052
136 2 0.289 0.108 2.084
136 3 0.322 0.371 2.104
136 4 0.282 0.590 2.125
136 5 0.175 0.363 2.277
136 6 0.072 0.489 2.300
136 7 0.246 0.544 2.228
136 8 0.290 0.560 2.208
136 9 0.429 0.321 2.023
136 10 0.549 0.477 1.858
136 11 0.460 0.618 1.938
136 12 0.415 0.651 1.987
136 13 0.182 -0.010 2.098
136 14 0.154 -0.441 1.993
136 15 0.149 -0.724 1.965
136 16 0.102 -0.751 1.902
136 17 0.287 -0.008 1.976
136 18 0.346 -0.462 1.957
136 19 0.399 -0.731 1.986
136 20 0.359 -0.802 1.998
137 1 0.252 0.097 2.060
137 2 0.294 0.118 2.088
137 3 0.325 0.365 2.102
137 4 0.282 0.588 2.124
137 5 0.188 0.374 2.304
137 6 0.081 0.486 2.323
137 7 0.248 0.527 2.236
137 8 0.312 0.535 2.214
137 9 0.424 0.315 2.013
137 10 0.530 0.476 1.844
137 11 0.449 0.613 1.933
137 12 0.409 0.645 1.981
137 13 0.182 -0.005 2.118
137 14 0.153 -0.438 1.994
137 15 0.148 -0.721 1.965
137 16 0.094 -0.747 1.907
137 17 0.280 -0.002 1.974
137 18 0.345 -0.457 1.954
137 19 0.406 -0.724 1.982
137 20 0.367 -0.797 1.994
138 1 0.252 0.105 2.065
138 2 0.297 0.125 2.090
138 3 0.327 0.361 2.101
138 4 0.281 0.584 2.122
138 5 0.194 0.378 2.316
138 6 0.094 0.489 2.353
138 7 0.259 0.512 2.244
138 8 0.325 0.517 2.217
138 9 0.421 0.308 2.002
138 10 0.507 0.473 1.829
138 11 0.437 0.608 1.922
138 12 0.404 0.642 1.968
138 13 0.182 -0.003 2.128
138 14 0.152 -0.437 1.996
138 15 0.147 -0.720 1.964
138 16 0.089 -0.746 1.911
138 17 0.277 0.002 1.973
138 18 0.344 -0.454 1.951
138 19 0.410 -0.720 1.979
138 20 0.374 -0.794 1.990
139 1 0.258 0.118 2.070
139 2 0.311 0.152 2.096
139 3 0.347 0.399 2.104
139 4 0.281 0.582 2.121
139 5 0.214 0.424 2.327
139 6 0.090 0.453 2.387
139 7 0.226 0.510 2.282
139 8 0.269 0.532 2.265
139 9 0.419 0.305 1.995
139 10 0.493 0.472 1.820
139 11 0.427 0.605 1.911
139 12 0.400 0.641 1.955
139 13 0.185 0.003 2.136
139 14 0.153 -0.435 2.001
139 15 0.145 -0.718 1.966
139 16 0.084 -0.745 1.916
139 17 0.276 0.009 1.972
139 18 0.344 -0.447 1.950
139 19 0.413 -0.714 1.976
139 20 0.379 -0.792 1.988
140 1 0.264 0.125 2.070
140 2 0.317 0.162 2.097
140 3 0.357 0.420 2.106
140 4 0.280 0.579 2.120
140 5 0.222 0.443 2.332
140 6 0.095 0.441 2.414
140 7 0.222 0.507 2.304
140 8 0.249 0.546 2.291
140 9 0.418 0.303 1.991
140 10 0.479 0.470 1.811
140 11 0.411 0.614 1.858
140 12 0.392 0.655 1.891
140 13 0.201 0.022 2.125
140 14 0.156 -0.428 2.010
140 15 0.143 -0.711 1.971
140 16 0.080 -0.740 1.924
140 17 0.290 0.022 1.969
140 18 0.344 -0.439 1.949
140 19 0.415 -0.707 1.975
140 20 0.382 -0.791 1.986
141 1 0.272 0.133 2.069
141 2 0.324 0.171 2.097
141 3 0.365 0.436 2.107
141 4 0.279 0.578 2.122
141 5 0.230 0.459 2.334
141 6 0.101 0.434 2.427
141 7 0.212 0.518 2.316
141 8 0.236 0.560 2.306
141 9 0.417 0.301 1.988
141 10 0.469 0.468 1.804
141 11 0.408 0.626 1.806
141 12 0.393 0.667 1.843
141 13 0.210 0.033 2.120
141 14 0.160 -0.420 2.019
141 15 0.141 -0.703 1.980
141 16 0.078 -0.733 1.933
141 17 0.299 0.032 1.969
141 18 0.344 -0.430 1.949
141 19 0.417 -0.699 1.974
141 20 0.385 -0.789 1.984
142 1 0.294 0.160 2.067
142 2 0.339 0.193 2.096
142 3 0.372 0.447 2.107
142 4 0.278 0.577 2.124
142 5 0.236 0.471 2.332
142 6 0.110 0.437 2.434
142 7 0.211 0.522 2.320
142 8 0.229 0.565 2.316
142 9 0.419 0.301 1.986
142 10 0.459 0.468 1.799
142 11 0.399 0.636 1.760
142 12 0.387 0.676 1.804
142 13 0.219 0.049 2.123
142 14 0.169 -0.402 2.033
142 15 0.143 -0.684 1.994
142 16 0.081 -0.716 1.947
142 17 0.315 0.049 1.964
142 18 0.345 -0.414 1.951
142 19 0.418 -0.685 1.975
142 20 0.389 -0.783 1.983
143 1 0.312 0.197 2.070
143 2 0.354 0.228 2.098
143 3 0.379 0.460 2.104
143 4 0.305 0.600 2.116
143 5 0.242 0.484 2.327
143 6 0.122 0.442 2.429
143 7 0.190 0.590 2.315
143 8 0.214 0.645 2.306
143 9 0.422 0.303 1.983
143 10 0.448 0.470 1.796
143 11 0.384 0.638 1.744
143 12 0.370 0.682 1.784
143 13 0.229 0.073 2.148
143 14 0.179 -0.377 2.048
143 15 0.151 -0.658 2.012
143 16 0.091 -0.690 1.965
143 17 0.323 0.062 1.959
143 18 0.347 -0.399 1.952
143 19 0.418 -0.671 1.975
143 20 0.372 -0.724 1.948
144 1 0.316 0.176 2.067
144 2 0.361 0.216 2.093
144 3 0.382 0.465 2.103
144 4 0.315 0.607 2.114
144 5 0.272 0.432 2.312
144 6 0.151 0.471 2.390
144 7 0.161 0.680 2.311
144 8 0.179 0.740 2.303
144 9 0.429 0.307 1.983
144 10 0.434 0.475 1.798
144 11 0.365 0.639 1.730
144 12 0.339 0.687 1.736
144 13 0.238 0.063 2.147
144 14 0.186 -0.385 2.052
144 15 0.155 -0.664 2.017
144 16 0.093 -0.697 1.973
144 17 0.326 0.067 1.958
144 18 0.348 -0.394 1.953
144 19 0.419 -0.666 1.975
144 20 0.364 -0.705 1.938
145 1 0.319 0.166 2.065
145 2 0.364 0.207 2.091
145 3 0.385 0.468 2.102
145 4 0.320 0.610 2.113
145 5 0.289 0.413 2.301
145 6 0.157 0.537 2.343
145 7 0.101 0.761 2.316
145 8 0.099 0.821 2.315
145 9 0.438 0.311 1.984
145 10 0.427 0.468 1.839
145 11 0.355 0.637 1.724
145 12 0.325 0.684 1.714
145 13 0.244 0.054 2.145
145 14 0.192 -0.393 2.055
145 15 0.159 -0.673 2.020
145 16 0.096 -0.705 1.978
145 17 0.329 0.070 1.957
145 18 0.350 -0.390 1.954
145 19 0.419 -0.663 1.976
145 20 0.361 -0.695 1.932
146 1 0.319 0.157 2.063
146 2 0.364 0.199 2.090
146 3 0.386 0.469 2.101
146 4 0.323 0.613 2.112
146 5 0.296 0.415 2.289
146 6 0.158 0.581 2.311
146 7 0.044 0.772 2.338
146 8 0.028 0.823 2.351
146 9 0.445 0.314 1.986
146 10 0.424 0.465 1.860
146 11 0.346 0.634 1.721
146 12 0.317 0.682 1.700
146 13 0.248 0.048 2.142
146 14 0.197 -0.400 2.057
146 15 0.172 -0.685 2.026
146 16 0.110 -0.717 1.983
146 17 0.332 0.069 1.957
146 18 0.352 -0.390 1.955
146 19 0.420 -0.662 1.977
146 20 0.380 -0.725 1.956
147 1 0.317 0.135 2.059
147 2 0.362 0.183 2.087
147 3 0.387 0.468 2.100
147 4 0.325 0.614 2.112
147 5 0.297 0.419 2.280
147 6 0.159 0.598 2.297
147 7 0.033 0.765 2.346
147 8 0.013 0.819 2.364
147 9 0.450 0.316 1.987
147 10 0.423 0.463 1.868
147 11 0.342 0.631 1.718
147 12 0.314 0.680 1.691
147 13 0.249 0.040 2.132
147 14 0.203 -0.408 2.058
147 15 0.182 -0.694 2.030
147 16 0.120 -0.726 1.986
147 17 0.337 0.060 1.962
147 18 0.357 -0.397 1.958
147 19 0.422 -0.669 1.980
147 20 0.391 -0.749 1.972
148 1 0.318 0.121 2.053
148 2 0.363 0.172 2.082
148 3 0.388 0.468 2.097
148 4 0.329 0.615 2.110
148 5 0.299 0.418 2.274
148 6 0.158 0.606 2.290
148 7 0.034 0.768 2.349
148 8 0.021 0.818 2.368
148 9 0.457 0.321 1.988
148 10 0.433 0.476 1.832
148 11 0.353 0.628 1.708
148 12 0.321 0.677 1.684
148 13 0.252 0.035 2.119
148 14 0.208 -0.414 2.059
148 15 0.192 -0.700 2.036
148 16 0.131 -0.732 1.991
148 17 0.344 0.051 1.963
148 18 0.362 -0.405 1.960
148 19 0.423 -0.677 1.982
148 20 0.396 -0.765 1.981
149 1 0.320 0.113 2.047
149 2 0.365 0.164 2.077
149 3 0.393 0.468 2.092
149 4 0.334 0.617 2.106
149 5 0.299 0.418 2.270
149 6 0.157 0.603 2.293
149 7 0.080 0.765 2.334
149 8 0.077 0.817 2.345
149 9 0.463 0.324 1.987
149 10 0.450 0.482 1.799
149 11 0.378 0.626 1.702
149 12 0.357 0.678 1.689
149 13 0.256 0.033 2.103
149 14 0.213 -0.417 2.060
149 15 0.205 -0.704 2.045
149 16 0.144 -0.735 1.999
149 17 0.349 0.046 1.963
149 18 0.367 -0.410 1.962
149 19 0.425 -0.682 1.983
149 20 0.400 -0.774 1.986
150 1 0.322 0.107 2.042
150 2 0.367 0.159 2.072
150 3 0.399 0.469 2.085
150 4 0.338 0.619 2.102
150 5 0.300 0.417 2.268
150 6 0.161 0.593 2.307
150 7 0.131 0.757 2.314
150 8 0.141 0.808 2.312
150 9 0.468 0.327 1.985
150 10 0.472 0.483 1.773
150 11 0.418 0.634 1.709
150 12 0.412 0.686 1.719
150 13 0.258 0.033 2.093
150 14 0.220 -0.419 2.062
150 15 0.214 -0.706 2.052
150 16 0.153 -0.737 2.006
150 17 0.353 0.042 1.963
150 18 0.372 -0.414 1.964
150 19 0.426 -0.687 1.984
150 20 0.403 -0.780 1.989
151 1 0.322 0.104 2.041
151 2 0.368 0.156 2.070
151 3 0.398 0.456 2.079
151 4 0.342 0.611 2.096
151 5 0.291 0.402 2.270
151 6 0.166 0.583 2.318
151 7 0.205 0.734 2.272
151 8 0.215 0.789 2.266
151 9 0.472 0.329 1.984
151 10 0.488 0.480 1.760
151 11 0.465 0.677 1.787
151 12 0.468 0.724 1.820
151 13 0.259 0.032 2.089
151 14 0.226 -0.422 2.065
151 15 0.221 -0.707 2.058
151 16 0.160 -0.739 2.012
151 17 0.355 0.040 1.963
151 18 0.376 -0.417 1.966
151 19 0.427 -0.689 1.985
151 20 0.404 -0.784 1.992
152 1 0.322 0.100 2.039
152 2 0.368 0.152 2.068
152 3 0.398 0.450 2.076
152 4 0.344 0.606 2.092
152 5 0.288 0.395 2.271
152 6 0.177 0.560 2.321
152 7 0.269 0.692 2.229
152 8 0.283 0.747 2.219
152 9 0.474 0.331 1.982
152 10 0.504 0.473 1.751
152 11 0.503 0.657 1.802
152 12 0.501 0.710 1.840
152 13 0.260 0.031 2.086
152 14 0.232 -0.426 2.067
152 15 0.227 -0.710 2.064
152 16 0.166 -0.741 2.018
152 17 0.356 0.037 1.965
152 18 0.380 -0.420 1.968
152 19 0.429 -0.694 1.985
152 20 0.405 -0.788 1.993
153 1 0.322 0.097 2.038
153 2 0.369 0.148 2.066
153 3 0.399 0.446 2.073
153 4 0.346 0.602 2.088
153 5 0.286 0.390 2.272
153 6 0.181 0.528 2.308
153 7 0.321 0.630 2.191
153 8 0.337 0.685 2.180
153 9 0.475 0.330 1.981
153 10 0.513 0.467 1.748
153 11 0.526 0.628 1.855
153 12 0.528 0.677 1.897
153 13 0.260 0.028 2.084
153 14 0.236 -0.430 2.070
153 15 0.233 -0.715 2.071
153 16 0.172 -0.746 2.026
153 17 0.356 0.034 1.967
153 18 0.384 -0.423 1.969
153 19 0.430 -0.698 1.986
153 20 0.406 -0.791 1.994
154 1 0.323 0.094 2.037
154 2 0.370 0.145 2.065
154 3 0.401 0.443 2.072
154 4 0.348 0.597 2.082
154 5 0.285 0.386 2.273
154 6 0.174 0.495 2.271
154 7 0.297 0.619 2.187
154 8 0.344 0.668 2.167
154 9 0.477 0.328 1.980
154 10 0.518 0.459 1.748
154 11 0.524 0.612 1.853
154 12 0.537 0.665 1.910
154 13 0.261 0.025 2.083
154 14 0.239 -0.434 2.071
154 15 0.238 -0.718 2.076
154 16 0.177 -0.750 2.031
154 17 0.357 0.031 1.968
154 18 0.386 -0.426 1.970
154 19 0.431 -0.701 1.986
154 20 0.407 -0.793 1.995
155 1 0.323 0.091 2.038
155 2 0.371 0.140 2.066
155 3 0.405 0.439 2.072
155 4 0.352 0.591 2.076
155 5 0.286 0.383 2.274
155 6 0.160 0.479 2.231
155 7 0.236 0.634 2.154
155 8 0.279 0.694 2.153
155 9 0.486 0.316 1.982
155 10 0.520 0.447 1.756
155 11 0.500 0.649 1.822
155 12 0.487 0.726 1.834
155 13 0.261 0.022 2.083
155 14 0.240 -0.437 2.073
155 15 0.241 -0.721 2.080
155 16 0.179 -0.752 2.035
155 17 0.357 0.026 1.972
155 18 0.388 -0.430 1.971
155 19 0.432 -0.706 1.987
155 20 0.407 -0.794 1.996
156 1 0.326 0.086 2.038
156 2 0.372 0.134 2.068
156 3 0.414 0.433 2.075
156 4 0.355 0.586 2.073
156 5 0.290 0.378 2.235
156 6 0.138 0.473 2.187
156 7 0.192 0.641 2.124
156 8 0.213 0.713 2.119
156 9 0.495 0.306 1.985
156 10 0.520 0.437 1.765
156 11 0.475 0.613 1.754
156 12 0.469 0.683 1.766
156 13 0.262 0.018 2.082
156 14 0.240 -0.441 2.074
156 15 0.242 -0.723 2.083
156 16 0.183 -0.755 2.035
156 17 0.364 0.018 1.975
156 18 0.391 -0.437 1.973
156 19 0.433 -0.714 1.988
156 20 0.407 -0.796 1.996
157 1 0.330 0.083 2.038
157 2 0.374 0.130 2.070
157 3 0.421 0.428 2.078
157 4 0.359 0.582 2.071
157 5 0.284 0.383 2.216
157 6 0.116 0.497 2.142
157 7 0.102 0.683 2.071
157 8 0.102 0.748 2.061
157 9 0.506 0.301 1.993
157 10 0.522 0.435 1.778
157 11 0.460 0.598 1.702
157 12 0.439 0.656 1.672
157 13 0.262 0.016 2.080
157 14 0.240 -0.443 2.075
157 15 0.243 -0.725 2.084
157 16 0.186 -0.757 2.032
157 17 0.373 0.012 1.978
157 18 0.393 -0.442 1.973
157 19 0.433 -0.719 1.989
157 20 0.407 -0.796 1.996
158 1 0.334 0.081 2.038
158 2 0.376 0.128 2.071
158 3 0.426 0.426 2.080
158 4 0.363 0.579 2.070
158 5 0.281 0.387 2.205
158 6 0.110 0.531 2.110
158 7 0.013 0.714 2.026
158 8 -0.003 0.768 2.014
158 9 0.516 0.301 2.002
158 10 0.524 0.438 1.791
158 11 0.451 0.587 1.667
158 12 0.428 0.642 1.629
158 13 0.264 0.015 2.078
158 14 0.238 -0.443 2.075
158 15 0.238 -0.725 2.081
158 16 0.186 -0.757 2.023
158 17 0.381 0.009 1.981
158 18 0.394 -0.444 1.974
158 19 0.433 -0.723 1.990
158 20 0.406 -0.797 1.997
159 1 0.337 0.079 2.038
159 2 0.378 0.126 2.073
159 3 0.429 0.423 2.082
159 4 0.366 0.577 2.069
159 5 0.278 0.392 2.198
159 6 0.107 0.547 2.096
159 7 -0.007 0.724 2.013
159 8 -0.029 0.774 2.001
159 9 0.521 0.301 2.007
159 10 0.528 0.439 1.800
159 11 0.455 0.584 1.658
159 12 0.425 0.635 1.609
159 13 0.265 0.014 2.076
159 14 0.236 -0.444 2.073
159 15 0.229 -0.725 2.072
159 16 0.233 -0.783 2.049
159 17 0.387 0.006 1.982
159 18 0.396 -0.447 1.974
159 19 0.432 -0.726 1.991
159 20 0.404 -0.797 1.997
160 1 0.340 0.076 2.038
160 2 0.378 0.122 2.075
160 3 0.429 0.418 2.085
160 4 0.368 0.575 2.069
160 5 0.270 0.392 2.190
160 6 0.104 0.553 2.088
160 7 0.035 0.723 2.010
160 8 0.029 0.780 1.995
160 9 0.524 0.301 2.012
160 10 0.549 0.439 1.809
160 11 0.493 0.585 1.696
160 12 0.461 0.633 1.644
160 13 0.266 0.010 2.073
160 14 0.231 -0.448 2.069
160 15 0.214 -0.733 2.056
160 16 0.255 -0.804 2.056
160 17 0.390 0.002 1.985
160 18 0.399 -0.449 1.976
160 19 0.432 -0.728 1.992
160 20 0.404 -0.798 1.997
161 1 0.343 0.069 2.039
161 2 0.378 0.116 2.078
161 3 0.428 0.414 2.088
161 4 0.370 0.574 2.068
161 5 0.264 0.392 2.184
161 6 0.102 0.553 2.090
161 7 0.091 0.735 2.020
161 8 0.102 0.788 2.011
161 9 0.525 0.302 2.015
161 10 0.583 0.438 1.819
161 11 0.525 0.592 1.745
161 12 0.503 0.642 1.718
161 13 0.268 0.003 2.068
161 14 0.226 -0.455 2.063
161 15 0.202 -0.742 2.041
161 16 0.264 -0.813 2.058
161 17 0.393 -0.002 1.988
161 18 0.405 -0.451 1.978
161 19 0.434 -0.730 1.995
161 20 0.405 -0.775 1.959
162 1 0.344 0.065 2.039
162 2 0.377 0.111 2.080
162 3 0.424 0.410 2.090
162 4 0.372 0.573 2.065
162 5 0.257 0.387 2.178
162 6 0.102 0.549 2.099
162 7 0.134 0.714 2.042
162 8 0.169 0.770 2.034
162 9 0.525 0.306 2.020
162 10 0.607 0.439 1.828
162 11 0.562 0.600 1.810
162 12 0.544 0.654 1.807
162 13 0.269 -0.003 2.064
162 14 0.223 -0.460 2.057
162 15 0.193 -0.747 2.030
162 16 0.186 -0.790 1.981
162 17 0.394 -0.006 1.991
162 18 0.412 -0.454 1.982
162 19 0.437 -0.733 1.998
162 20 0.408 -0.766 1.941
163 1 0.344 0.062 2.039
163 2 0.377 0.109 2.081
163 3 0.418 0.405 2.091
163 4 0.371 0.572 2.060
163 5 0.250 0.383 2.172
163 6 0.101 0.545 2.108
163 7 0.186 0.695 2.069
163 8 0.231 0.757 2.058
163 9 0.525 0.314 2.025
163 10 0.634 0.443 1.841
163 11 0.592 0.608 1.874
163 12 0.576 0.661 1.888
163 13 0.270 -0.007 2.058
163 14 0.221 -0.461 2.051
163 15 0.188 -0.747 2.022
163 16 0.169 -0.780 1.955
163 17 0.394 -0.008 1.992
163 18 0.418 -0.455 1.985
163 19 0.441 -0.734 2.001
163 20 0.411 -0.761 1.931
164 1 0.345 0.060 2.039
164 2 0.375 0.107 2.082
164 3 0.407 0.403 2.090
164 4 0.369 0.573 2.051
164 5 0.243 0.381 2.167
164 6 0.100 0.542 2.114
164 7 0.226 0.675 2.095
164 8 0.269 0.745 2.076
164 9 0.525 0.320 2.028
164 10 0.654 0.445 1.858
164 11 0.606 0.605 1.947
164 12 0.588 0.657 1.978
164 13 0.269 -0.009 2.053
164 14 0.219 -0.452 2.037
164 15 0.185 -0.738 2.014
164 16 0.150 -0.759 1.928
164 17 0.395 -0.009 1.994
164 18 0.423 -0.455 1.987
164 19 0.445 -0.734 2.002
164 20 0.415 -0.757 1.925
165 1 0.344 0.058 2.038
165 2 0.373 0.106 2.081
165 3 0.398 0.401 2.089
165 4 0.367 0.574 2.043
165 5 0.236 0.379 2.162
165 6 0.100 0.540 2.118
165 7 0.245 0.664 2.107
165 8 0.291 0.736 2.087
165 9 0.525 0.324 2.030
165 10 0.669 0.445 1.880
165 11 0.610 0.595 1.989
165 12 0.593 0.650 2.019
165 13 0.269 -0.011 2.047
165 14 0.218 -0.445 2.027
165 15 0.185 -0.731 2.007
165 16 0.143 -0.750 1.916
165 17 0.395 -0.011 1.994
165 18 0.426 -0.454 1.988
165 19 0.448 -0.733 2.002
165 20 0.418 -0.754 1.920
166 1 0.343 0.056 2.035
166 2 0.369 0.104 2.079
166 3 0.391 0.399 2.087
166 4 0.365 0.576 2.038
166 5 0.228 0.376 2.154
166 6 0.100 0.538 2.120
166 7 0.255 0.656 2.114
166 8 0.304 0.729 2.095
166 9 0.523 0.327 2.031
166 10 0.678 0.444 1.897
166 11 0.609 0.585 2.004
166 12 0.595 0.642 2.044
166 13 0.267 -0.012 2.040
166 14 0.217 -0.439 2.018
166 15 0.185 -0.724 2.002
166 16 0.141 -0.743 1.909
166 17 0.395 -0.012 1.994
166 18 0.428 -0.452 1.988
166 19 0.451 -0.731 2.001
166 20 0.422 -0.752 1.917
167 1 0.340 0.054 2.030
167 2 0.364 0.102 2.075
167 3 0.385 0.398 2.086
167 4 0.364 0.578 2.034
167 5 0.221 0.373 2.147
167 6 0.099 0.536 2.118
167 7 0.258 0.648 2.119
167 8 0.309 0.721 2.101
167 9 0.518 0.327 2.032
167 10 0.681 0.441 1.915
167 11 0.604 0.579 2.010
167 12 0.591 0.635 2.054
167 13 0.265 -0.014 2.032
167 14 0.217 -0.434 2.011
167 15 0.186 -0.719 1.998
167 16 0.145 -0.737 1.907
167 17 0.394 -0.013 1.993
167 18 0.430 -0.449 1.988
167 19 0.453 -0.728 1.999
167 20 0.424 -0.750 1.914
168 1 0.337 0.051 2.023
168 2 0.358 0.099 2.070
168 3 0.378 0.397 2.084
168 4 0.357 0.589 2.038
168 5 0.215 0.371 2.141
168 6 0.093 0.530 2.104
168 7 0.238 0.641 2.093
168 8 0.296 0.711 2.088
168 9 0.510 0.325 2.032
168 10 0.676 0.445 1.939
168 11 0.581 0.563 2.040
168 12 0.563 0.613 2.073
168 13 0.261 -0.016 2.022
168 14 0.216 -0.431 2.005
168 15 0.187 -0.715 1.996
168 16 0.151 -0.735 1.908
168 17 0.393 -0.014 1.990
168 18 0.431 -0.446 1.986
168 19 0.455 -0.726 1.996
168 20 0.426 -0.748 1.912
169 1 0.334 0.050 2.018
169 2 0.352 0.097 2.065
169 3 0.373 0.396 2.082
169 4 0.352 0.595 2.040
169 5 0.207 0.367 2.132
169 6 0.084 0.523 2.085
169 7 0.225 0.632 2.080
169 8 0.284 0.701 2.079
169 9 0.507 0.326 2.036
169 10 0.671 0.447 1.952
169 11 0.552 0.551 2.053
169 12 0.531 0.595 2.087
169 13 0.258 -0.017 2.014
169 14 0.215 -0.429 2.000
169 15 0.188 -0.713 1.994
169 16 0.161 -0.735 1.908
169 17 0.392 -0.015 1.988
169 18 0.431 -0.443 1.984
169 19 0.455 -0.723 1.993
169 20 0.429 -0.747 1.910
170 1 0.330 0.048 2.012
170 2 0.346 0.096 2.061
170 3 0.367 0.395 2.081
170 4 0.347 0.595 2.042
170 5 0.193 0.362 2.121
170 6 0.069 0.518 2.060
170 7 0.200 0.630 2.055
170 8 0.255 0.670 2.066
170 9 0.498 0.321 2.039
170 10 0.666 0.448 1.963
170 11 0.542 0.550 2.054
170 12 0.518 0.590 2.088
170 13 0.253 -0.019 2.004
170 14 0.215 -0.428 1.994
170 15 0.189 -0.712 1.992
170 16 0.168 -0.736 1.908
170 17 0.390 -0.017 1.985
170 18 0.431 -0.441 1.981
170 19 0.456 -0.721 1.990
170 20 0.432 -0.746 1.908
171 1 0.327 0.047 2.008
171 2 0.340 0.095 2.057
171 3 0.358 0.396 2.080
171 4 0.343 0.594 2.045
171 5 0.180 0.356 2.110
171 6 0.045 0.514 2.030
171 7 0.181 0.622 2.042
171 8 0.239 0.652 2.060
171 9 0.491 0.319 2.042
171 10 0.661 0.439 1.974
171 11 0.542 0.548 2.043
171 12 0.513 0.587 2.078
171 13 0.250 -0.019 1.997
171 14 0.213 -0.429 1.988
171 15 0.190 -0.711 1.989
171 16 0.184 -0.763 1.937
171 17 0.389 -0.018 1.983
171 18 0.431 -0.439 1.979
171 19 0.456 -0.719 1.988
171 20 0.434 -0.746 1.907
172 1 0.324 0.047 2.005
172 2 0.334 0.094 2.054
172 3 0.349 0.397 2.080
172 4 0.336 0.591 2.053
172 5 0.168 0.351 2.101
172 6 0.025 0.510 2.008
172 7 0.145 0.628 2.012
172 8 0.210 0.645 2.042
172 9 0.485 0.323 2.052
172 10 0.658 0.435 1.980
172 11 0.546 0.555 2.026
172 12 0.513 0.593 2.058
172 13 0.246 -0.020 1.992
172 14 0.211 -0.430 1.983
172 15 0.190 -0.712 1.987
172 16 0.189 -0.764 1.932
172 17 0.387 -0.019 1.981
172 18 0.429 -0.439 1.976
172 19 0.456 -0.719 1.985
172 20 0.435 -0.774 1.943
173 1 0.320 0.047 2.001
173 2 0.326 0.095 2.052
173 3 0.340 0.400 2.080
173 4 0.329 0.588 2.059
173 5 0.157 0.346 2.090
173 6 0.005 0.507 1.987
173 7 0.110 0.637 1.984
173 8 0.138 0.652 2.002
173 9 0.481 0.327 2.060
173 10 0.655 0.431 1.985
173 11 0.561 0.566 2.003
173 12 0.525 0.606 2.029
173 13 0.241 -0.020 1.986
173 14 0.209 -0.432 1.979
173 15 0.190 -0.713 1.985
173 16 0.195 -0.779 1.946
173 17 0.385 -0.020 1.980
173 18 0.427 -0.440 1.974
173 19 0.455 -0.720 1.983
173 20 0.434 -0.790 1.961
174 1 0.315 0.047 1.999
174 2 0.318 0.095 2.050
174 3 0.324 0.403 2.081
174 4 0.324 0.586 2.063
174 5 0.149 0.342 2.082
174 6 -0.005 0.505 1.975
174 7 0.066 0.655 1.944
174 8 0.098 0.690 1.962
174 9 0.478 0.331 2.068
174 10 0.653 0.427 1.988
174 11 0.600 0.584 1.962
174 12 0.577 0.634 1.967
174 13 0.238 -0.021 1.982
174 14 0.203 -0.437 1.974
174 15 0.190 -0.716 1.983
174 16 0.196 -0.788 1.952
174 17 0.382 -0.021 1.979
174 18 0.424 -0.442 1.971
174 19 0.454 -0.722 1.981
174 20 0.433 -0.797 1.969
175 1 0.308 0.046 1.997
175 2 0.306 0.095 2.049
175 3 0.299 0.407 2.085
175 4 0.319 0.585 2.066
175 5 0.141 0.340 2.075
175 6 -0.012 0.505 1.964
175 7 0.022 0.676 1.899
175 8 0.044 0.723 1.906
175 9 0.471 0.334 2.075
175 10 0.649 0.425 1.989
175 11 0.648 0.606 1.922
175 12 0.645 0.666 1.907
175 13 0.234 -0.022 1.978
175 14 0.196 -0.443 1.970
175 15 0.188 -0.721 1.981
175 16 0.194 -0.795 1.955
175 17 0.376 -0.023 1.978
175 18 0.419 -0.445 1.968
175 19 0.453 -0.723 1.979
175 20 0.432 -0.801 1.973
176 1 0.300 0.046 1.996
176 2 0.295 0.095 2.049
176 3 0.286 0.409 2.087
176 4 0.312 0.585 2.069
176 5 0.132 0.342 2.068
176 6 -0.015 0.510 1.952
176 7 -0.021 0.686 1.851
176 8 -0.018 0.742 1.842
176 9 0.459 0.338 2.082
176 10 0.634 0.437 1.988
176 11 0.706 0.640 1.879
176 12 0.721 0.704 1.862
176 13 0.229 -0.022 1.975
176 14 0.188 -0.448 1.967
176 15 0.185 -0.726 1.980
176 16 0.192 -0.800 1.957
176 17 0.368 -0.024 1.979
176 18 0.413 -0.448 1.965
176 19 0.451 -0.725 1.978
176 20 0.430 -0.804 1.975
177 1 0.287 0.050 1.997
177 2 0.280 0.098 2.050
177 3 0.276 0.411 2.089
177 4 0.303 0.585 2.072
177 5 0.123 0.347 2.061
177 6 -0.004 0.528 1.932
177 7 -0.042 0.696 1.826
177 8 -0.059 0.753 1.796
177 9 0.439 0.360 2.099
177 10 0.614 0.472 1.985
177 11 0.750 0.653 1.853
177 12 0.793 0.715 1.825
177 13 0.221 -0.019 1.973
177 14 0.181 -0.451 1.965
177 15 0.181 -0.729 1.978
177 16 0.185 -0.781 1.923
177 17 0.355 -0.021 1.984
177 18 0.404 -0.449 1.963
177 19 0.446 -0.726 1.975
177 20 0.426 -0.804 1.973
178 1 0.272 0.057 2.000
178 2 0.264 0.104 2.053
178 3 0.268 0.412 2.090
178 4 0.292 0.586 2.075
178 5 0.114 0.353 2.054
178 6 0.008 0.544 1.917
178 7 -0.054 0.701 1.811
178 8 -0.075 0.755 1.779
178 9 0.425 0.376 2.106
178 10 0.598 0.495 1.981
178 11 0.766 0.640 1.854
178 12 0.824 0.680 1.832
178 13 0.207 -0.011 1.972
178 14 0.172 -0.450 1.963
178 15 0.176 -0.730 1.975
178 16 0.178 -0.765 1.900
178 17 0.337 -0.014 1.990
178 18 0.392 -0.447 1.962
178 19 0.439 -0.725 1.973
178 20 0.420 -0.801 1.970
179 1 0.258 0.063 2.002
179 2 0.250 0.109 2.055
179 3 0.257 0.415 2.091
179 4 0.274 0.589 2.077
179 5 0.107 0.358 2.049
179 6 0.012 0.551 1.907
179 7 -0.063 0.703 1.799
179 8 -0.095 0.747 1.759
179 9 0.410 0.384 2.109
179 10 0.588 0.503 1.981
179 11 0.770 0.626 1.859
179 12 0.829 0.666 1.840
179 13 0.194 -0.004 1.972
179 14 0.161 -0.447 1.961
179 15 0.168 -0.728 1.971
179 16 0.172 -0.755 1.888
179 17 0.322 -0.008 1.994
179 18 0.380 -0.444 1.962
179 19 0.430 -0.723 1.970
179 20 0.400 -0.789 1.961
180 1 0.250 0.066 2.003
180 2 0.240 0.113 2.056
180 3 0.245 0.418 2.090
180 4 0.260 0.592 2.079
180 5 0.100 0.362 2.043
180 6 0.011 0.553 1.898
180 7 -0.073 0.695 1.785
180 8 -0.107 0.741 1.747
180 9 0.401 0.389 2.111
180 10 0.582 0.508 1.981
180 11 0.769 0.616 1.866
180 12 0.823 0.657 1.854
180 13 0.187 -0.000 1.972
180 14 0.153 -0.443 1.960
180 15 0.159 -0.725 1.967
180 16 0.168 -0.749 1.880
180 17 0.313 -0.005 1.997
180 18 0.368 -0.441 1.965
180 19 0.416 -0.720 1.969
180 20 0.387 -0.784 1.957
181 1 0.242 0.068 2.005
181 2 0.232 0.115 2.057
181 3 0.234 0.420 2.089
181 4 0.251 0.595 2.079
181 5 0.091 0.364 2.037
181 6 -0.001 0.549 1.888
181 7 -0.080 0.689 1.777
181 8 -0.116 0.734 1.740
181 9 0.395 0.392 2.112
181 10 0.577 0.507 1.983
181 11 0.756 0.606 1.881
181 12 0.814 0.650 1.869
181 13 0.180 0.002 1.973
181 14 0.146 -0.440 1.960
181 15 0.149 -0.722 1.963
181 16 0.163 -0.745 1.876
181 17 0.306 -0.003 2.000
181 18 0.358 -0.439 1.968
181 19 0.402 -0.719 1.971
181 20 0.375 -0.781 1.956
182 1 0.236 0.069 2.006
182 2 0.225 0.117 2.058
182 3 0.226 0.422 2.087
182 4 0.243 0.596 2.078
182 5 0.083 0.365 2.032
182 6 -0.012 0.545 1.882
182 7 -0.088 0.682 1.771
182 8 -0.124 0.723 1.739
182 9 0.389 0.392 2.112
182 10 0.568 0.501 1.990
182 11 0.718 0.588 1.910
182 12 0.773 0.635 1.894
182 13 0.174 0.003 1.973
182 14 0.140 -0.437 1.959
182 15 0.141 -0.719 1.960
182 16 0.158 -0.742 1.874
182 17 0.301 -0.002 2.002
182 18 0.348 -0.439 1.973
182 19 0.389 -0.720 1.976
182 20 0.364 -0.782 1.960
183 1 0.230 0.069 2.007
183 2 0.218 0.117 2.058
183 3 0.219 0.422 2.086
183 4 0.236 0.597 2.077
183 5 0.076 0.365 2.029
183 6 -0.023 0.540 1.878
183 7 -0.093 0.676 1.769
183 8 -0.128 0.715 1.739
183 9 0.382 0.391 2.113
183 10 0.562 0.495 1.996
183 11 0.697 0.580 1.925
183 12 0.749 0.629 1.908
183 13 0.167 0.003 1.974
183 14 0.135 -0.435 1.959
183 15 0.134 -0.717 1.959
183 16 0.153 -0.740 1.873
183 17 0.295 -0.003 2.004
183 18 0.338 -0.442 1.980
183 19 0.370 -0.724 1.985
183 20 0.346 -0.786 1.972
184 1 0.222 0.067 2.008
184 2 0.210 0.116 2.059
184 3 0.211 0.422 2.085
184 4 0.231 0.597 2.076
184 5 0.070 0.363 2.025
184 6 -0.032 0.536 1.877
184 7 -0.098 0.671 1.767
184 8 -0.131 0.709 1.740
184 9 0.376 0.388 2.113
184 10 0.557 0.491 2.001
184 11 0.687 0.577 1.932
184 12 0.738 0.628 1.916
184 13 0.160 0.001 1.974
184 14 0.131 -0.433 1.960
184 15 0.129 -0.716 1.958
184 16 0.149 -0.740 1.875
184 17 0.288 -0.005 2.006
184 18 0.329 -0.447 1.987
184 19 0.358 -0.729 1.994
184 20 0.331 -0.794 1.987
185 1 0.216 0.066 2.009
185 2 0.204 0.115 2.059
185 3 0.204 0.421 2.084
185 4 0.225 0.597 2.074
185 5 0.064 0.360 2.022
185 6 -0.041 0.530 1.876
185 7 -0.102 0.665 1.768
185 8 -0.133 0.704 1.742
185 9 0.370 0.386 2.113
185 10 0.551 0.488 2.007
185 11 0.680 0.576 1.937
185 12 0.729 0.628 1.921
185 13 0.154 -0.001 1.975
185 14 0.127 -0.433 1.960
185 15 0.125 -0.715 1.958
185 16 0.145 -0.741 1.877
185 17 0.282 -0.007 2.009
185 18 0.321 -0.454 1.995
185 19 0.348 -0.736 2.005
185 20 0.322 -0.798 1.996
186 1 0.211 0.064 2.010
186 2 0.198 0.113 2.060
186 3 0.197 0.419 2.084
186 4 0.218 0.595 2.072
186 5 0.058 0.356 2.020
186 6 -0.049 0.526 1.876
186 7 -0.106 0.660 1.769
186 8 -0.135 0.701 1.743
186 9 0.364 0.383 2.113
186 10 0.545 0.485 2.012
186 11 0.675 0.576 1.941
186 12 0.723 0.631 1.924
186 13 0.149 -0.003 1.975
186 14 0.123 -0.432 1.961
186 15 0.122 -0.715 1.958
186 16 0.142 -0.742 1.880
186 17 0.278 -0.009 2.011
186 18 0.315 -0.459 2.000
186 19 0.342 -0.741 2.012
186 20 0.312 -0.805 2.015
187 1 0.207 0.062 2.011
187 2 0.193 0.112 2.061
187 3 0.191 0.418 2.083
187 4 0.212 0.592 2.070
187 5 0.053 0.353 2.019
187 6 -0.057 0.521 1.878
187 7 -0.110 0.656 1.770
187 8 -0.137 0.698 1.745
187 9 0.358 0.382 2.114
187 10 0.540 0.484 2.017
187 11 0.671 0.579 1.943
187 12 0.719 0.635 1.926
187 13 0.145 -0.005 1.976
187 14 0.120 -0.432 1.962
187 15 0.120 -0.715 1.959
187 16 0.140 -0.744 1.882
187 17 0.273 -0.011 2.014
187 18 0.311 -0.463 2.004
187 19 0.338 -0.745 2.018
187 20 0.302 -0.809 2.029
188 1 0.203 0.060 2.013
188 2 0.189 0.110 2.062
188 3 0.185 0.417 2.083
188 4 0.205 0.590 2.069
188 5 0.049 0.349 2.019
188 6 -0.063 0.517 1.879
188 7 -0.115 0.652 1.771
188 8 -0.139 0.695 1.746
188 9 0.353 0.380 2.115
188 10 0.537 0.483 2.020
188 11 0.669 0.582 1.944
188 12 0.715 0.640 1.927
188 13 0.141 -0.007 1.978
188 14 0.116 -0.432 1.964
188 15 0.118 -0.715 1.959
188 16 0.138 -0.744 1.884
188 17 0.270 -0.012 2.016
188 18 0.308 -0.466 2.008
188 19 0.336 -0.748 2.022
188 20 0.298 -0.811 2.034
189 1 0.199 0.059 2.015
189 2 0.184 0.109 2.064
189 3 0.177 0.416 2.082
189 4 0.201 0.588 2.068
189 5 0.045 0.347 2.019
189 6 -0.068 0.514 1.880
189 7 -0.120 0.647 1.772
189 8 -0.141 0.692 1.747
189 9 0.348 0.379 2.116
189 10 0.534 0.482 2.024
189 11 0.668 0.585 1.945
189 12 0.713 0.643 1.927
189 13 0.138 -0.009 1.981
189 14 0.113 -0.431 1.967
189 15 0.116 -0.715 1.961
189 16 0.136 -0.744 1.886
189 17 0.266 -0.014 2.019
189 18 0.306 -0.468 2.010
189 19 0.334 -0.750 2.024
189 20 0.294 -0.813 2.038
190 1 0.195 0.057 2.018
190 2 0.180 0.107 2.066
190 3 0.172 0.415 2.082
190 4 0.198 0.586 2.067
190 5 0.042 0.344 2.019
190 6 -0.074 0.508 1.880
190 7 -0.127 0.639 1.771
190 8 -0.146 0.685 1.746
190 9 0.344 0.377 2.117
190 10 0.530 0.477 2.029
190 11 0.666 0.587 1.945
190 12 0.711 0.645 1.927
190 13 0.134 -0.011 1.984
190 14 0.109 -0.431 1.970
190 15 0.115 -0.715 1.963
190 16 0.135 -0.745 1.889
190 17 0.263 -0.015 2.022
190 18 0.304 -0.470 2.012
190 19 0.334 -0.751 2.026
190 20 0.292 -0.813 2.041
191 1 0.191 0.054 2.021
191 2 0.176 0.105 2.069
191 3 0.166 0.413 2.082
191 4 0.195 0.585 2.067
191 5 0.038 0.340 2.021
191 6 -0.083 0.497 1.878
191 7 -0.140 0.622 1.762
191 8 -0.154 0.672 1.739
191 9 0.339 0.374 2.120
191 10 0.526 0.458 2.038
191 11 0.664 0.582 1.945
191 12 0.706 0.640 1.924
191 13 0.131 -0.014 1.988
191 14 0.106 -0.432 1.976
191 15 0.114 -0.716 1.968
191 16 0.135 -0.747 1.896
191 17 0.259 -0.018 2.027
191 18 0.303 -0.471 2.014
191 19 0.334 -0.752 2.027
191 20 0.291 -0.814 2.043
192 1 0.187 0.050 2.026
192 2 0.171 0.102 2.073
192 3 0.160 0.411 2.084
192 4 0.192 0.583 2.067
192 5 0.033 0.334 2.025
192 6 -0.092 0.477 1.872
192 7 -0.160 0.595 1.732
192 8 -0.172 0.642 1.704
192 9 0.332 0.364 2.124
192 10 0.527 0.420 2.047
192 11 0.661 0.551 1.938
192 12 0.699 0.605 1.907
192 13 0.127 -0.019 1.993
192 14 0.102 -0.435 1.983
192 15 0.113 -0.720 1.978
192 16 0.134 -0.751 1.905
192 17 0.255 -0.022 2.033
192 18 0.302 -0.472 2.015
192 19 0.334 -0.753 2.028
192 20 0.290 -0.814 2.044
193 1 0.183 0.044 2.032
193 2 0.166 0.097 2.078
193 3 0.155 0.409 2.086
193 4 0.189 0.580 2.068
193 5 0.029 0.327 2.029
193 6 -0.102 0.442 1.858
193 7 -0.182 0.568 1.685
193 8 -0.191 0.612 1.651
193 9 0.327 0.353 2.128
193 10 0.529 0.375 2.053
193 11 0.664 0.500 1.924
193 12 0.696 0.551 1.887
193 13 0.124 -0.025 1.999
193 14 0.097 -0.441 1.992
193 15 0.112 -0.725 1.987
193 16 0.134 -0.756 1.915
193 17 0.252 -0.028 2.040
193 18 0.300 -0.473 2.017
193 19 0.335 -0.754 2.028
193 20 0.290 -0.814 2.044
194 1 0.179 0.038 2.036
194 2 0.163 0.092 2.082
194 3 0.151 0.407 2.088
194 4 0.186 0.577 2.068
194 5 0.025 0.321 2.033
194 6 -0.113 0.396 1.843
194 7 -0.193 0.520 1.641
194 8 -0.205 0.569 1.588
194 9 0.324 0.342 2.133
194 10 0.530 0.315 2.058
194 11 0.661 0.427 1.916
194 12 0.692 0.475 1.870
194 13 0.121 -0.031 2.003
194 14 0.093 -0.447 1.999
194 15 0.110 -0.731 1.996
194 16 0.132 -0.763 1.923
194 17 0.249 -0.034 2.046
194 18 0.298 -0.475 2.019
194 19 0.335 -0.755 2.028
194 20 0.289 -0.814 2.041
