1 1 0.242 0.026 2.512
1 2 0.267 0.076 2.573
1 3 0.224 0.416 2.674
1 4 0.177 0.618 2.717
1 5 0.117 0.269 2.738
1 6 0.139 0.025 2.862
1 7 0.149 -0.155 2.977
1 8 0.151 -0.216 3.017
1 9 0.354 0.308 2.572
1 10 0.505 0.053 2.497
1 11 0.549 -0.154 2.368
1 12 0.554 -0.218 2.318
1 13 0.195 -0.066 2.521
1 14 0.027 -0.425 2.249
1 15 -0.153 -0.714 2.029
1 16 -0.205 -0.751 1.959
1 17 0.296 -0.013 2.440
1 18 0.326 -0.394 2.221
1 19 0.325 -0.766 2.175
1 20 0.270 -0.804 2.106
2 1 0.242 0.026 2.511
2 2 0.267 0.076 2.572
2 3 0.227 0.399 2.666
2 4 0.177 0.617 2.715
2 5 0.117 0.269 2.738
2 6 0.138 0.027 2.861
2 7 0.150 -0.153 2.977
2 8 0.152 -0.215 3.018
2 9 0.354 0.308 2.571
2 10 0.505 0.054 2.494
2 11 0.547 -0.152 2.364
2 12 0.552 -0.216 2.314
2 13 0.194 -0.067 2.520
2 14 0.027 -0.426 2.249
2 15 -0.153 -0.715 2.029
2 16 -0.205 -0.752 1.959
2 17 0.296 -0.013 2.440
2 18 0.326 -0.395 2.221
2 19 0.324 -0.767 2.175
2 20 0.270 -0.804 2.106
3 1 0.242 0.026 2.511
3 2 0.267 0.076 2.572
3 3 0.227 0.404 2.668
3 4 0.177 0.617 2.714
3 5 0.116 0.269 2.738
3 6 0.137 0.029 2.859
3 7 0.152 -0.150 2.976
3 8 0.153 -0.213 3.018
3 9 0.354 0.307 2.571
3 10 0.505 0.054 2.492
3 11 0.546 -0.151 2.362
3 12 0.551 -0.214 2.313
3 13 0.194 -0.067 2.519
3 14 0.027 -0.427 2.249
3 15 -0.153 -0.715 2.029
3 16 -0.205 -0.752 1.958
3 17 0.295 -0.014 2.440
3 18 0.325 -0.395 2.220
3 19 0.324 -0.767 2.175
3 20 0.270 -0.804 2.106
4 1 0.242 0.026 2.511
4 2 0.267 0.075 2.572
4 3 0.229 0.394 2.663
4 4 0.177 0.616 2.712
4 5 0.116 0.269 2.737
4 6 0.136 0.030 2.858
4 7 0.152 -0.148 2.975
4 8 0.154 -0.211 3.018
4 9 0.353 0.307 2.571
4 10 0.505 0.054 2.490
4 11 0.546 -0.150 2.361
4 12 0.550 -0.213 2.313
4 13 0.194 -0.067 2.519
4 14 0.027 -0.427 2.248
4 15 -0.153 -0.716 2.029
4 16 -0.205 -0.753 1.958
4 17 0.295 -0.014 2.439
4 18 0.325 -0.395 2.220
4 19 0.324 -0.767 2.175
4 20 0.270 -0.804 2.106
5 1 0.242 0.026 2.510
5 2 0.267 0.075 2.571
5 3 0.229 0.405 2.670
5 4 0.177 0.616 2.712
5 5 0.116 0.269 2.737
5 6 0.136 0.031 2.857
5 7 0.152 -0.147 2.975
5 8 0.155 -0.210 3.018
5 9 0.353 0.307 2.571
5 10 0.505 0.054 2.489
5 11 0.545 -0.149 2.361
5 12 0.552 -0.212 2.317
5 13 0.194 -0.067 2.518
5 14 0.027 -0.427 2.248
5 15 -0.154 -0.716 2.029
5 16 -0.205 -0.753 1.958
5 17 0.295 -0.014 2.439
5 18 0.325 -0.395 2.220
5 19 0.324 -0.767 2.175
5 20 0.270 -0.804 2.106
6 1 0.242 0.026 2.509
6 2 0.267 0.075 2.571
6 3 0.230 0.412 2.674
6 4 0.177 0.616 2.711
6 5 0.115 0.269 2.736
6 6 0.136 0.031 2.856
6 7 0.153 -0.147 2.975
6 8 0.156 -0.209 3.018
6 9 0.353 0.307 2.571
6 10 0.505 0.054 2.488
6 11 0.547 -0.149 2.364
6 12 0.558 -0.214 2.328
6 13 0.194 -0.067 2.517
6 14 0.026 -0.428 2.248
6 15 -0.154 -0.717 2.029
6 16 -0.205 -0.754 1.958
6 17 0.295 -0.014 2.438
6 18 0.325 -0.395 2.220
6 19 0.324 -0.767 2.175
6 20 0.271 -0.804 2.105
7 1 0.242 0.026 2.509
7 2 0.267 0.075 2.570
7 3 0.230 0.416 2.677
7 4 0.177 0.616 2.711
7 5 0.115 0.269 2.736
7 6 0.136 0.031 2.856
7 7 0.153 -0.146 2.975
7 8 0.156 -0.209 3.019
7 9 0.353 0.307 2.570
7 10 0.505 0.054 2.488
7 11 0.550 -0.152 2.374
7 12 0.563 -0.217 2.340
7 13 0.194 -0.067 2.515
7 14 0.026 -0.428 2.247
7 15 -0.154 -0.717 2.029
7 16 -0.205 -0.754 1.958
7 17 0.295 -0.014 2.438
7 18 0.327 -0.383 2.221
7 19 0.324 -0.757 2.175
7 20 0.272 -0.794 2.105
8 1 0.242 0.026 2.508
8 2 0.267 0.074 2.570
8 3 0.231 0.419 2.679
8 4 0.177 0.616 2.710
8 5 0.115 0.269 2.735
8 6 0.136 0.032 2.856
8 7 0.153 -0.146 2.975
8 8 0.156 -0.208 3.019
8 9 0.353 0.306 2.570
8 10 0.506 0.053 2.490
8 11 0.554 -0.155 2.385
8 12 0.568 -0.220 2.350
8 13 0.194 -0.067 2.515
8 14 0.028 -0.425 2.248
8 15 -0.147 -0.707 2.036
8 16 -0.198 -0.744 1.965
8 17 0.296 -0.014 2.437
8 18 0.329 -0.376 2.221
8 19 0.324 -0.750 2.176
8 20 0.273 -0.787 2.105
9 1 0.243 0.029 2.509
9 2 0.267 0.076 2.571
9 3 0.231 0.421 2.680
9 4 0.177 0.616 2.710
9 5 0.115 0.269 2.735
9 6 0.135 0.032 2.855
9 7 0.153 -0.145 2.975
9 8 0.156 -0.208 3.019
9 9 0.353 0.306 2.571
9 10 0.507 0.052 2.494
9 11 0.559 -0.159 2.398
9 12 0.574 -0.226 2.365
9 13 0.194 -0.066 2.516
9 14 0.029 -0.424 2.248
9 15 -0.147 -0.707 2.036
9 16 -0.197 -0.744 1.965
9 17 0.297 -0.014 2.437
9 18 0.330 -0.374 2.221
9 19 0.324 -0.748 2.176
9 20 0.273 -0.785 2.105
10 1 0.244 0.031 2.510
10 2 0.268 0.078 2.572
10 3 0.232 0.422 2.681
10 4 0.178 0.616 2.710
10 5 0.115 0.269 2.735
10 6 0.135 0.032 2.855
10 7 0.150 -0.147 2.972
10 8 0.155 -0.209 3.017
10 9 0.353 0.306 2.571
10 10 0.510 0.051 2.499
10 11 0.563 -0.164 2.412
10 12 0.579 -0.232 2.379
10 13 0.194 -0.065 2.517
10 14 0.030 -0.424 2.248
10 15 -0.147 -0.708 2.036
10 16 -0.197 -0.745 1.965
10 17 0.299 -0.013 2.436
10 18 0.330 -0.372 2.221
10 19 0.324 -0.747 2.176
10 20 0.273 -0.784 2.105
11 1 0.245 0.034 2.511
11 2 0.269 0.080 2.573
11 3 0.232 0.423 2.681
11 4 0.179 0.617 2.710
11 5 0.115 0.269 2.735
11 6 0.136 0.032 2.855
11 7 0.149 -0.148 2.971
11 8 0.154 -0.209 3.016
11 9 0.354 0.305 2.571
11 10 0.511 0.050 2.505
11 11 0.567 -0.169 2.426
11 12 0.584 -0.238 2.394
11 13 0.193 -0.064 2.519
11 14 0.030 -0.423 2.248
11 15 -0.147 -0.709 2.035
11 16 -0.197 -0.746 1.964
11 17 0.300 -0.012 2.435
11 18 0.330 -0.372 2.221
11 19 0.324 -0.746 2.176
11 20 0.274 -0.784 2.105
12 1 0.245 0.035 2.511
12 2 0.269 0.080 2.573
12 3 0.232 0.424 2.682
12 4 0.180 0.618 2.710
12 5 0.115 0.269 2.735
12 6 0.136 0.032 2.855
12 7 0.148 -0.149 2.970
12 8 0.153 -0.209 3.015
12 9 0.355 0.304 2.572
12 10 0.513 0.048 2.509
12 11 0.571 -0.174 2.437
12 12 0.588 -0.243 2.410
12 13 0.193 -0.064 2.520
12 14 0.030 -0.423 2.248
12 15 -0.148 -0.710 2.035
12 16 -0.197 -0.747 1.963
12 17 0.300 -0.011 2.435
12 18 0.331 -0.373 2.222
12 19 0.324 -0.747 2.176
12 20 0.274 -0.785 2.104
13 1 0.246 0.035 2.511
13 2 0.270 0.081 2.573
13 3 0.233 0.425 2.682
13 4 0.181 0.618 2.711
13 5 0.115 0.269 2.734
13 6 0.136 0.032 2.855
13 7 0.148 -0.149 2.970
13 8 0.152 -0.209 3.015
13 9 0.356 0.304 2.573
13 10 0.514 0.047 2.513
13 11 0.573 -0.177 2.445
13 12 0.591 -0.247 2.419
13 13 0.193 -0.063 2.520
13 14 0.031 -0.423 2.248
13 15 -0.147 -0.709 2.035
13 16 -0.195 -0.746 1.964
13 17 0.301 -0.012 2.435
13 18 0.331 -0.375 2.222
13 19 0.324 -0.749 2.176
13 20 0.275 -0.786 2.104
14 1 0.246 0.035 2.512
14 2 0.270 0.081 2.574
14 3 0.234 0.425 2.683
14 4 0.183 0.620 2.711
14 5 0.115 0.269 2.734
14 6 0.136 0.032 2.855
14 7 0.147 -0.149 2.970
14 8 0.152 -0.209 3.015
14 9 0.358 0.303 2.575
14 10 0.515 0.046 2.517
14 11 0.575 -0.179 2.451
14 12 0.593 -0.249 2.425
14 13 0.194 -0.063 2.520
14 14 0.031 -0.422 2.248
14 15 -0.145 -0.707 2.036
14 16 -0.194 -0.744 1.964
14 17 0.303 -0.012 2.436
14 18 0.331 -0.377 2.222
14 19 0.324 -0.751 2.176
14 20 0.275 -0.788 2.104
15 1 0.248 0.034 2.512
15 2 0.271 0.081 2.574
15 3 0.235 0.425 2.683
15 4 0.185 0.621 2.712
15 5 0.115 0.269 2.734
15 6 0.136 0.032 2.855
15 7 0.147 -0.149 2.970
15 8 0.152 -0.209 3.015
15 9 0.359 0.302 2.576
15 10 0.516 0.044 2.520
15 11 0.575 -0.180 2.455
15 12 0.594 -0.250 2.430
15 13 0.194 -0.063 2.520
15 14 0.031 -0.422 2.248
15 15 -0.144 -0.706 2.037
15 16 -0.192 -0.743 1.965
15 17 0.304 -0.013 2.437
15 18 0.331 -0.379 2.222
15 19 0.324 -0.753 2.176
15 20 0.276 -0.790 2.103
16 1 0.248 0.034 2.513
16 2 0.272 0.081 2.576
16 3 0.237 0.426 2.684
16 4 0.187 0.622 2.713
16 5 0.115 0.269 2.734
16 6 0.136 0.032 2.855
16 7 0.146 -0.149 2.970
16 8 0.151 -0.210 3.014
16 9 0.361 0.301 2.578
16 10 0.516 0.043 2.524
16 11 0.576 -0.182 2.459
16 12 0.594 -0.252 2.433
16 13 0.194 -0.063 2.522
16 14 0.032 -0.422 2.248
16 15 -0.143 -0.704 2.039
16 16 -0.190 -0.741 1.966
16 17 0.305 -0.014 2.439
16 18 0.331 -0.381 2.223
16 19 0.324 -0.755 2.176
16 20 0.276 -0.792 2.103
17 1 0.249 0.033 2.515
17 2 0.273 0.081 2.577
17 3 0.238 0.426 2.684
17 4 0.189 0.623 2.714
17 5 0.116 0.269 2.735
17 6 0.137 0.032 2.855
17 7 0.146 -0.149 2.970
17 8 0.151 -0.210 3.015
17 9 0.363 0.301 2.579
17 10 0.517 0.042 2.526
17 11 0.576 -0.183 2.461
17 12 0.594 -0.253 2.435
17 13 0.195 -0.063 2.523
17 14 0.032 -0.421 2.248
17 15 -0.142 -0.703 2.040
17 16 -0.189 -0.740 1.967
17 17 0.307 -0.015 2.441
17 18 0.331 -0.382 2.223
17 19 0.324 -0.756 2.176
17 20 0.276 -0.794 2.103
18 1 0.251 0.034 2.519
18 2 0.274 0.082 2.580
18 3 0.239 0.426 2.685
18 4 0.191 0.623 2.714
18 5 0.117 0.268 2.736
18 6 0.137 0.031 2.855
18 7 0.146 -0.149 2.971
18 8 0.150 -0.209 3.015
18 9 0.365 0.300 2.581
18 10 0.517 0.041 2.529
18 11 0.575 -0.183 2.463
18 12 0.594 -0.253 2.437
18 13 0.195 -0.062 2.531
18 14 0.034 -0.420 2.249
18 15 -0.140 -0.700 2.042
18 16 -0.187 -0.737 1.969
18 17 0.308 -0.015 2.443
18 18 0.331 -0.384 2.224
18 19 0.324 -0.758 2.176
18 20 0.276 -0.795 2.103
19 1 0.251 0.036 2.523
19 2 0.276 0.083 2.583
19 3 0.241 0.426 2.685
19 4 0.193 0.624 2.715
19 5 0.118 0.268 2.737
19 6 0.137 0.031 2.855
19 7 0.146 -0.149 2.971
19 8 0.150 -0.209 3.015
19 9 0.366 0.299 2.582
19 10 0.517 0.040 2.531
19 11 0.575 -0.183 2.465
19 12 0.594 -0.254 2.438
19 13 0.195 -0.062 2.536
19 14 0.035 -0.419 2.251
19 15 -0.138 -0.698 2.044
19 16 -0.185 -0.735 1.971
19 17 0.309 -0.014 2.446
19 18 0.332 -0.385 2.225
19 19 0.324 -0.759 2.176
19 20 0.277 -0.796 2.103
20 1 0.252 0.035 2.524
20 2 0.277 0.081 2.585
20 3 0.251 0.389 2.675
20 4 0.196 0.620 2.715
20 5 0.119 0.267 2.739
20 6 0.138 0.031 2.855
20 7 0.146 -0.149 2.972
20 8 0.150 -0.209 3.015
20 9 0.368 0.299 2.583
20 10 0.518 0.039 2.532
20 11 0.574 -0.184 2.466
20 12 0.592 -0.253 2.436
20 13 0.196 -0.062 2.538
20 14 0.035 -0.418 2.251
20 15 -0.137 -0.697 2.045
20 16 -0.184 -0.734 1.972
20 17 0.310 -0.015 2.448
20 18 0.332 -0.386 2.226
20 19 0.324 -0.760 2.176
20 20 0.277 -0.797 2.103
21 1 0.253 0.034 2.526
21 2 0.279 0.079 2.586
21 3 0.256 0.396 2.681
21 4 0.199 0.619 2.716
21 5 0.120 0.267 2.742
21 6 0.138 0.031 2.855
21 7 0.146 -0.149 2.973
21 8 0.150 -0.209 3.016
21 9 0.369 0.298 2.584
21 10 0.518 0.038 2.534
21 11 0.572 -0.182 2.464
21 12 0.586 -0.241 2.417
21 13 0.197 -0.062 2.539
21 14 0.036 -0.418 2.251
21 15 -0.137 -0.696 2.045
21 16 -0.184 -0.733 1.973
21 17 0.310 -0.015 2.450
21 18 0.332 -0.387 2.227
21 19 0.324 -0.761 2.176
21 20 0.277 -0.798 2.103
22 1 0.254 0.033 2.527
22 2 0.280 0.078 2.587
22 3 0.259 0.403 2.687
22 4 0.201 0.619 2.717
22 5 0.122 0.266 2.746
22 6 0.138 0.031 2.856
22 7 0.146 -0.149 2.973
22 8 0.149 -0.209 3.016
22 9 0.370 0.298 2.586
22 10 0.518 0.037 2.535
22 11 0.564 -0.174 2.450
22 12 0.575 -0.224 2.386
22 13 0.198 -0.062 2.540
22 14 0.036 -0.418 2.252
22 15 -0.137 -0.696 2.046
22 16 -0.184 -0.733 1.973
22 17 0.311 -0.016 2.453
22 18 0.332 -0.388 2.228
22 19 0.324 -0.762 2.176
22 20 0.277 -0.799 2.104
23 1 0.255 0.032 2.528
23 2 0.281 0.076 2.588
23 3 0.261 0.409 2.691
23 4 0.203 0.619 2.719
23 5 0.123 0.266 2.750
23 6 0.138 0.031 2.856
23 7 0.145 -0.149 2.973
23 8 0.149 -0.209 3.016
23 9 0.372 0.297 2.587
23 10 0.518 0.036 2.536
23 11 0.552 -0.161 2.422
23 12 0.562 -0.200 2.355
23 13 0.198 -0.063 2.541
23 14 0.036 -0.417 2.252
23 15 -0.140 -0.704 2.040
23 16 -0.188 -0.741 1.968
23 17 0.311 -0.017 2.455
23 18 0.332 -0.389 2.228
23 19 0.324 -0.762 2.176
23 20 0.277 -0.800 2.104
24 1 0.255 0.031 2.529
24 2 0.281 0.075 2.589
24 3 0.262 0.414 2.693
24 4 0.205 0.619 2.720
24 5 0.124 0.266 2.753
24 6 0.139 0.031 2.856
24 7 0.145 -0.149 2.973
24 8 0.148 -0.209 3.016
24 9 0.373 0.297 2.588
24 10 0.518 0.036 2.536
24 11 0.538 -0.145 2.391
24 12 0.546 -0.183 2.309
24 13 0.198 -0.063 2.541
24 14 0.036 -0.417 2.252
24 15 -0.141 -0.705 2.040
24 16 -0.189 -0.742 1.968
24 17 0.312 -0.018 2.457
24 18 0.332 -0.389 2.229
24 19 0.324 -0.763 2.177
24 20 0.277 -0.800 2.104
25 1 0.255 0.029 2.530
25 2 0.282 0.074 2.590
25 3 0.263 0.417 2.695
25 4 0.208 0.619 2.722
25 5 0.125 0.266 2.758
25 6 0.139 0.031 2.856
25 7 0.145 -0.149 2.973
25 8 0.148 -0.209 3.016
25 9 0.374 0.296 2.590
25 10 0.517 0.035 2.536
25 11 0.525 -0.121 2.357
25 12 0.524 -0.147 2.267
25 13 0.199 -0.063 2.542
25 14 0.036 -0.417 2.252
25 15 -0.140 -0.705 2.040
25 16 -0.188 -0.742 1.968
25 17 0.312 -0.019 2.459
25 18 0.332 -0.390 2.230
25 19 0.324 -0.763 2.177
25 20 0.277 -0.801 2.105
26 1 0.256 0.028 2.530
26 2 0.283 0.074 2.590
26 3 0.264 0.419 2.696
26 4 0.211 0.620 2.724
26 5 0.127 0.268 2.763
26 6 0.139 0.031 2.856
26 7 0.145 -0.149 2.974
26 8 0.148 -0.209 3.016
26 9 0.376 0.295 2.591
26 10 0.516 0.038 2.533
26 11 0.521 -0.092 2.327
26 12 0.501 -0.114 2.222
26 13 0.199 -0.063 2.542
26 14 0.036 -0.417 2.252
26 15 -0.139 -0.706 2.041
26 16 -0.188 -0.743 1.969
26 17 0.312 -0.021 2.461
26 18 0.332 -0.390 2.231
26 19 0.324 -0.764 2.177
26 20 0.276 -0.801 2.105
27 1 0.256 0.027 2.531
27 2 0.283 0.073 2.591
27 3 0.265 0.421 2.698
27 4 0.216 0.621 2.726
27 5 0.128 0.269 2.766
27 6 0.139 0.031 2.857
27 7 0.145 -0.149 2.974
27 8 0.147 -0.209 3.017
27 9 0.377 0.295 2.592
27 10 0.513 0.041 2.528
27 11 0.514 -0.057 2.298
27 12 0.477 -0.075 2.193
27 13 0.199 -0.064 2.542
27 14 0.035 -0.416 2.252
27 15 -0.137 -0.706 2.042
27 16 -0.186 -0.744 1.970
27 17 0.312 -0.021 2.463
27 18 0.332 -0.390 2.231
27 19 0.324 -0.764 2.177
27 20 0.276 -0.801 2.105
28 1 0.256 0.026 2.532
28 2 0.283 0.073 2.591
28 3 0.266 0.422 2.699
28 4 0.221 0.621 2.729
28 5 0.129 0.270 2.769
28 6 0.139 0.031 2.857
28 7 0.144 -0.149 2.974
28 8 0.147 -0.209 3.017
28 9 0.378 0.294 2.593
28 10 0.509 0.050 2.517
28 11 0.520 -0.044 2.286
28 12 0.450 -0.032 2.182
28 13 0.198 -0.064 2.542
28 14 0.034 -0.415 2.251
28 15 -0.134 -0.708 2.044
28 16 -0.183 -0.745 1.972
28 17 0.311 -0.022 2.466
28 18 0.332 -0.391 2.232
28 19 0.324 -0.764 2.177
28 20 0.276 -0.802 2.105
29 1 0.255 0.025 2.532
29 2 0.283 0.072 2.592
29 3 0.267 0.424 2.700
29 4 0.226 0.621 2.731
29 5 0.130 0.271 2.770
29 6 0.139 0.032 2.857
29 7 0.144 -0.148 2.975
29 8 0.147 -0.209 3.017
29 9 0.379 0.293 2.594
29 10 0.506 0.095 2.509
29 11 0.490 -0.007 2.272
29 12 0.425 0.021 2.179
29 13 0.198 -0.064 2.542
29 14 0.032 -0.414 2.250
29 15 -0.131 -0.710 2.047
29 16 -0.180 -0.747 1.976
29 17 0.310 -0.023 2.468
29 18 0.332 -0.391 2.233
29 19 0.324 -0.764 2.177
29 20 0.276 -0.802 2.105
30 1 0.255 0.024 2.533
30 2 0.283 0.072 2.593
30 3 0.268 0.424 2.700
30 4 0.232 0.621 2.733
30 5 0.136 0.281 2.768
30 6 0.139 0.032 2.858
30 7 0.144 -0.148 2.975
30 8 0.147 -0.209 3.017
30 9 0.381 0.292 2.595
30 10 0.511 0.124 2.487
30 11 0.454 0.038 2.261
30 12 0.394 0.086 2.172
30 13 0.197 -0.065 2.542
30 14 0.029 -0.412 2.249
30 15 -0.129 -0.712 2.050
30 16 -0.177 -0.749 1.979
30 17 0.309 -0.024 2.469
30 18 0.332 -0.391 2.233
30 19 0.325 -0.765 2.177
30 20 0.277 -0.803 2.106
31 1 0.254 0.023 2.534
31 2 0.282 0.071 2.593
31 3 0.271 0.426 2.703
31 4 0.239 0.621 2.736
31 5 0.140 0.288 2.767
31 6 0.139 0.032 2.858
31 7 0.144 -0.148 2.975
31 8 0.147 -0.209 3.017
31 9 0.382 0.292 2.596
31 10 0.511 0.141 2.467
31 11 0.413 0.085 2.238
31 12 0.365 0.154 2.169
31 13 0.196 -0.065 2.542
31 14 0.024 -0.409 2.246
31 15 -0.127 -0.713 2.053
31 16 -0.174 -0.751 1.981
31 17 0.307 -0.025 2.471
31 18 0.332 -0.392 2.234
31 19 0.325 -0.766 2.177
31 20 0.277 -0.804 2.106
32 1 0.253 0.022 2.534
32 2 0.282 0.070 2.594
32 3 0.273 0.427 2.705
32 4 0.246 0.621 2.739
32 5 0.142 0.293 2.766
32 6 0.139 0.032 2.859
32 7 0.144 -0.148 2.975
32 8 0.147 -0.209 3.017
32 9 0.383 0.291 2.596
32 10 0.501 0.121 2.409
32 11 0.358 0.171 2.200
32 12 0.326 0.242 2.156
32 13 0.195 -0.065 2.542
32 14 0.020 -0.406 2.244
32 15 -0.126 -0.717 2.054
32 16 -0.173 -0.755 1.982
32 17 0.305 -0.026 2.472
32 18 0.330 -0.395 2.234
32 19 0.325 -0.769 2.178
32 20 0.277 -0.807 2.105
33 1 0.252 0.021 2.535
33 2 0.282 0.069 2.595
33 3 0.276 0.428 2.707
33 4 0.251 0.620 2.741
33 5 0.144 0.296 2.765
33 6 0.139 0.033 2.859
33 7 0.144 -0.148 2.975
33 8 0.147 -0.209 3.017
33 9 0.387 0.288 2.595
33 10 0.489 0.105 2.380
33 11 0.315 0.273 2.181
33 12 0.301 0.351 2.169
33 13 0.193 -0.065 2.542
33 14 0.016 -0.403 2.243
33 15 -0.125 -0.719 2.055
33 16 -0.171 -0.757 1.983
33 17 0.304 -0.028 2.473
33 18 0.329 -0.397 2.234
33 19 0.325 -0.772 2.178
33 20 0.278 -0.810 2.105
34 1 0.252 0.020 2.535
34 2 0.281 0.069 2.596
34 3 0.283 0.434 2.709
34 4 0.255 0.621 2.744
34 5 0.146 0.298 2.765
34 6 0.139 0.033 2.860
34 7 0.144 -0.148 2.975
34 8 0.147 -0.209 3.018
34 9 0.411 0.284 2.581
34 10 0.474 0.104 2.363
34 11 0.300 0.346 2.196
34 12 0.284 0.420 2.191
34 13 0.190 -0.065 2.543
34 14 0.013 -0.401 2.241
34 15 -0.124 -0.721 2.055
34 16 -0.170 -0.760 1.983
34 17 0.303 -0.029 2.473
34 18 0.327 -0.399 2.234
34 19 0.324 -0.774 2.178
34 20 0.278 -0.812 2.105
35 1 0.251 0.020 2.535
35 2 0.281 0.069 2.596
35 3 0.285 0.421 2.705
35 4 0.260 0.619 2.747
35 5 0.148 0.299 2.763
35 6 0.139 0.033 2.860
35 7 0.144 -0.148 2.975
35 8 0.147 -0.209 3.018
35 9 0.435 0.281 2.571
35 10 0.447 0.128 2.340
35 11 0.298 0.377 2.225
35 12 0.285 0.448 2.240
35 13 0.187 -0.065 2.543
35 14 0.010 -0.399 2.240
35 15 -0.123 -0.722 2.055
35 16 -0.168 -0.761 1.983
35 17 0.302 -0.030 2.472
35 18 0.325 -0.401 2.234
35 19 0.324 -0.776 2.178
35 20 0.279 -0.815 2.105
36 1 0.251 0.019 2.535
36 2 0.280 0.068 2.597
36 3 0.285 0.413 2.702
36 4 0.283 0.621 2.757
36 5 0.150 0.299 2.761
36 6 0.139 0.034 2.860
36 7 0.144 -0.148 2.975
36 8 0.146 -0.208 3.017
36 9 0.446 0.280 2.565
36 10 0.408 0.170 2.317
36 11 0.289 0.414 2.254
36 12 0.280 0.506 2.286
36 13 0.184 -0.065 2.543
36 14 0.008 -0.398 2.239
36 15 -0.122 -0.724 2.055
36 16 -0.167 -0.763 1.983
36 17 0.302 -0.031 2.471
36 18 0.323 -0.404 2.234
36 19 0.324 -0.779 2.177
36 20 0.279 -0.818 2.104
37 1 0.250 0.019 2.535
37 2 0.280 0.068 2.597
37 3 0.286 0.408 2.701
37 4 0.292 0.620 2.761
37 5 0.153 0.299 2.758
37 6 0.139 0.035 2.860
37 7 0.143 -0.147 2.975
37 8 0.146 -0.208 3.017
37 9 0.436 0.272 2.553
37 10 0.392 0.189 2.304
37 11 0.290 0.419 2.280
37 12 0.287 0.482 2.318
37 13 0.182 -0.064 2.543
37 14 0.006 -0.397 2.238
37 15 -0.122 -0.725 2.055
37 16 -0.167 -0.764 1.983
37 17 0.301 -0.034 2.468
37 18 0.321 -0.407 2.233
37 19 0.324 -0.782 2.177
37 20 0.278 -0.821 2.105
38 1 0.248 0.022 2.536
38 2 0.280 0.068 2.597
38 3 0.286 0.406 2.701
38 4 0.297 0.619 2.763
38 5 0.155 0.299 2.756
38 6 0.139 0.036 2.860
38 7 0.143 -0.147 2.974
38 8 0.145 -0.208 3.016
38 9 0.432 0.269 2.548
38 10 0.381 0.203 2.296
38 11 0.285 0.438 2.297
38 12 0.280 0.518 2.340
38 13 0.178 -0.063 2.545
38 14 0.005 -0.395 2.238
38 15 -0.121 -0.725 2.055
38 16 -0.167 -0.764 1.982
38 17 0.300 -0.032 2.461
38 18 0.318 -0.410 2.231
38 19 0.324 -0.785 2.177
38 20 0.277 -0.824 2.105
39 1 0.245 0.034 2.539
39 2 0.278 0.074 2.599
39 3 0.286 0.404 2.701
39 4 0.301 0.618 2.764
39 5 0.157 0.300 2.755
39 6 0.138 0.037 2.860
39 7 0.142 -0.146 2.973
39 8 0.145 -0.208 3.016
39 9 0.448 0.290 2.538
39 10 0.370 0.222 2.299
39 11 0.282 0.448 2.305
39 12 0.279 0.523 2.349
39 13 0.175 -0.060 2.549
39 14 0.004 -0.392 2.239
39 15 -0.118 -0.722 2.057
39 16 -0.164 -0.761 1.985
39 17 0.299 -0.028 2.453
39 18 0.314 -0.414 2.228
39 19 0.324 -0.788 2.177
39 20 0.277 -0.828 2.105
40 1 0.243 0.041 2.540
40 2 0.277 0.079 2.600
40 3 0.284 0.406 2.705
40 4 0.303 0.618 2.764
40 5 0.158 0.300 2.753
40 6 0.137 0.039 2.861
40 7 0.141 -0.146 2.973
40 8 0.144 -0.207 3.015
40 9 0.443 0.298 2.535
40 10 0.348 0.259 2.301
40 11 0.276 0.459 2.312
40 12 0.272 0.532 2.353
40 13 0.172 -0.058 2.551
40 14 0.003 -0.390 2.240
40 15 -0.115 -0.718 2.060
40 16 -0.163 -0.758 1.989
40 17 0.299 -0.023 2.448
40 18 0.311 -0.417 2.225
40 19 0.323 -0.791 2.176
40 20 0.276 -0.831 2.105
41 1 0.236 0.020 2.523
41 2 0.270 0.067 2.591
41 3 0.282 0.409 2.708
41 4 0.310 0.616 2.763
41 5 0.169 0.293 2.728
41 6 0.135 0.043 2.861
41 7 0.138 -0.143 2.970
41 8 0.141 -0.206 3.013
41 9 0.432 0.284 2.532
41 10 0.338 0.278 2.299
41 11 0.269 0.468 2.317
41 12 0.265 0.540 2.355
41 13 0.167 -0.059 2.541
41 14 0.001 -0.390 2.239
41 15 -0.114 -0.718 2.059
41 16 -0.162 -0.758 1.988
41 17 0.298 -0.028 2.443
41 18 0.307 -0.420 2.222
41 19 0.323 -0.793 2.176
41 20 0.275 -0.834 2.105
42 1 0.233 0.010 2.515
42 2 0.268 0.060 2.585
42 3 0.280 0.411 2.712
42 4 0.318 0.613 2.763
42 5 0.154 0.290 2.769
42 6 0.129 0.066 2.858
42 7 0.134 -0.134 2.965
42 8 0.136 -0.197 3.005
42 9 0.425 0.275 2.532
42 10 0.322 0.310 2.306
42 11 0.253 0.490 2.321
42 12 0.248 0.559 2.352
42 13 0.152 -0.056 2.511
42 14 -0.001 -0.391 2.238
42 15 -0.114 -0.718 2.059
42 16 -0.163 -0.759 1.989
42 17 0.299 -0.041 2.446
42 18 0.302 -0.422 2.219
42 19 0.323 -0.796 2.176
42 20 0.273 -0.837 2.106
43 1 0.231 0.005 2.511
43 2 0.267 0.055 2.581
43 3 0.277 0.414 2.716
43 4 0.327 0.611 2.765
43 5 0.148 0.290 2.785
43 6 0.127 0.077 2.857
43 7 0.131 -0.127 2.960
43 8 0.133 -0.190 3.000
43 9 0.421 0.269 2.531
43 10 0.316 0.322 2.307
43 11 0.244 0.502 2.323
43 12 0.238 0.570 2.350
43 13 0.146 -0.055 2.499
43 14 -0.003 -0.392 2.237
43 15 -0.114 -0.719 2.058
43 16 -0.164 -0.760 1.989
43 17 0.300 -0.049 2.449
43 18 0.298 -0.425 2.216
43 19 0.322 -0.798 2.175
43 20 0.272 -0.839 2.106
44 1 0.229 0.002 2.508
44 2 0.266 0.053 2.579
44 3 0.272 0.419 2.723
44 4 0.334 0.609 2.767
44 5 0.143 0.291 2.799
44 6 0.125 0.083 2.856
44 7 0.129 -0.121 2.958
44 8 0.130 -0.185 2.996
44 9 0.418 0.266 2.531
44 10 0.311 0.329 2.308
44 11 0.237 0.510 2.323
44 12 0.231 0.577 2.347
44 13 0.142 -0.054 2.493
44 14 -0.005 -0.392 2.236
44 15 -0.114 -0.720 2.058
44 16 -0.165 -0.761 1.989
44 17 0.300 -0.054 2.451
44 18 0.293 -0.429 2.212
44 19 0.322 -0.802 2.174
44 20 0.270 -0.844 2.107
45 1 0.231 0.001 2.506
45 2 0.267 0.053 2.576
45 3 0.267 0.425 2.729
45 4 0.341 0.609 2.770
45 5 0.139 0.294 2.808
45 6 0.124 0.087 2.855
45 7 0.127 -0.115 2.955
45 8 0.127 -0.179 2.993
45 9 0.405 0.296 2.527
45 10 0.306 0.328 2.306
45 11 0.233 0.514 2.324
45 12 0.226 0.581 2.346
45 13 0.146 -0.051 2.486
45 14 -0.007 -0.393 2.235
45 15 -0.114 -0.721 2.057
45 16 -0.169 -0.762 1.991
45 17 0.310 -0.052 2.455
45 18 0.290 -0.431 2.209
45 19 0.321 -0.804 2.174
45 20 0.266 -0.846 2.108
46 1 0.239 -0.008 2.492
46 2 0.283 0.039 2.549
46 3 0.313 0.422 2.680
46 4 0.347 0.608 2.773
46 5 0.166 0.285 2.715
46 6 0.152 0.080 2.766
46 7 0.152 -0.116 2.864
46 8 0.152 -0.180 2.900
46 9 0.399 0.310 2.526
46 10 0.301 0.327 2.305
46 11 0.228 0.518 2.323
46 12 0.221 0.584 2.344
46 13 0.159 -0.055 2.477
46 14 -0.009 -0.394 2.234
46 15 -0.114 -0.721 2.057
46 16 -0.169 -0.763 1.991
46 17 0.309 -0.055 2.451
46 18 0.286 -0.434 2.207
46 19 0.321 -0.807 2.173
46 20 0.266 -0.848 2.107
47 1 0.242 -0.013 2.485
47 2 0.288 0.034 2.539
47 3 0.369 0.445 2.646
47 4 0.352 0.608 2.776
47 5 0.177 0.283 2.679
47 6 0.169 0.076 2.714
47 7 0.168 -0.117 2.811
47 8 0.168 -0.181 2.848
47 9 0.393 0.309 2.521
47 10 0.294 0.330 2.303
47 11 0.221 0.523 2.323
47 12 0.213 0.589 2.342
47 13 0.162 -0.057 2.474
47 14 -0.011 -0.395 2.233
47 15 -0.115 -0.722 2.057
47 16 -0.169 -0.763 1.990
47 17 0.307 -0.059 2.447
47 18 0.283 -0.437 2.205
47 19 0.320 -0.810 2.172
47 20 0.265 -0.852 2.106
48 1 0.243 -0.016 2.481
48 2 0.291 0.032 2.534
48 3 0.400 0.466 2.681
48 4 0.395 0.630 2.789
48 5 0.184 0.287 2.680
48 6 0.177 0.079 2.710
48 7 0.176 -0.113 2.808
48 8 0.176 -0.177 2.844
48 9 0.390 0.307 2.518
48 10 0.287 0.336 2.303
48 11 0.197 0.539 2.301
48 12 0.189 0.605 2.320
48 13 0.164 -0.058 2.472
48 14 -0.014 -0.395 2.233
48 15 -0.115 -0.723 2.057
48 16 -0.171 -0.766 1.992
48 17 0.303 -0.062 2.445
48 18 0.280 -0.441 2.202
48 19 0.319 -0.815 2.171
48 20 0.264 -0.858 2.107
49 1 0.244 -0.017 2.479
49 2 0.293 0.032 2.533
49 3 0.412 0.477 2.693
49 4 0.435 0.638 2.807
49 5 0.186 0.291 2.687
49 6 0.180 0.083 2.717
49 7 0.180 -0.108 2.815
49 8 0.179 -0.172 2.852
49 9 0.388 0.305 2.516
49 10 0.269 0.347 2.304
49 11 0.174 0.548 2.285
49 12 0.167 0.614 2.304
49 13 0.165 -0.059 2.472
49 14 -0.016 -0.396 2.232
49 15 -0.116 -0.724 2.057
49 16 -0.173 -0.768 1.994
49 17 0.300 -0.062 2.443
49 18 0.277 -0.443 2.201
49 19 0.319 -0.818 2.170
49 20 0.263 -0.863 2.107
50 1 0.243 -0.015 2.479
50 2 0.293 0.037 2.536
50 3 0.381 0.466 2.689
50 4 0.447 0.625 2.807
50 5 0.177 0.289 2.688
50 6 0.171 0.079 2.718
50 7 0.170 -0.111 2.815
50 8 0.170 -0.175 2.852
50 9 0.386 0.303 2.513
50 10 0.251 0.357 2.306
50 11 0.156 0.555 2.276
50 12 0.157 0.616 2.318
50 13 0.165 -0.060 2.475
50 14 -0.018 -0.396 2.232
50 15 -0.117 -0.725 2.057
50 16 -0.173 -0.769 1.994
50 17 0.295 -0.058 2.441
50 18 0.276 -0.445 2.199
50 19 0.318 -0.821 2.170
50 20 0.262 -0.865 2.107
51 1 0.232 0.008 2.495
51 2 0.285 0.058 2.550
51 3 0.366 0.464 2.688
51 4 0.453 0.621 2.807
51 5 0.167 0.289 2.690
51 6 0.160 0.078 2.721
51 7 0.160 -0.112 2.818
51 8 0.160 -0.177 2.855
51 9 0.379 0.310 2.498
51 10 0.214 0.381 2.305
51 11 0.124 0.572 2.267
51 12 0.140 0.635 2.324
51 13 0.154 -0.053 2.503
51 14 -0.020 -0.396 2.232
51 15 -0.117 -0.726 2.058
51 16 -0.175 -0.770 1.996
51 17 0.282 -0.043 2.440
51 18 0.275 -0.446 2.199
51 19 0.318 -0.822 2.169
51 20 0.261 -0.867 2.107
52 1 0.220 0.045 2.521
52 2 0.277 0.101 2.579
52 3 0.361 0.508 2.707
52 4 0.458 0.662 2.812
52 5 0.161 0.334 2.719
52 6 0.154 0.121 2.753
52 7 0.154 -0.070 2.851
52 8 0.154 -0.133 2.888
52 9 0.374 0.315 2.488
52 10 0.205 0.388 2.305
52 11 0.126 0.589 2.283
52 12 0.163 0.654 2.355
52 13 0.142 -0.028 2.547
52 14 -0.017 -0.381 2.247
52 15 -0.118 -0.727 2.059
52 16 -0.176 -0.771 1.998
52 17 0.263 -0.011 2.446
52 18 0.272 -0.438 2.204
52 19 0.316 -0.814 2.174
52 20 0.258 -0.857 2.114
53 1 0.217 0.052 2.527
53 2 0.274 0.108 2.584
53 3 0.350 0.498 2.704
53 4 0.435 0.651 2.799
53 5 0.155 0.334 2.723
53 6 0.147 0.121 2.758
53 7 0.147 -0.070 2.856
53 8 0.147 -0.134 2.893
53 9 0.370 0.317 2.483
53 10 0.195 0.442 2.302
53 11 0.140 0.657 2.303
53 12 0.186 0.721 2.377
53 13 0.139 -0.024 2.556
53 14 -0.017 -0.379 2.249
53 15 -0.119 -0.727 2.060
53 16 -0.178 -0.772 2.000
53 17 0.256 -0.001 2.448
53 18 0.271 -0.434 2.206
53 19 0.315 -0.811 2.175
53 20 0.255 -0.853 2.117
54 1 0.215 0.058 2.531
54 2 0.272 0.113 2.588
54 3 0.344 0.488 2.701
54 4 0.420 0.642 2.790
54 5 0.149 0.331 2.725
54 6 0.142 0.118 2.760
54 7 0.113 -0.053 2.586
54 8 0.103 -0.102 2.509
54 9 0.368 0.319 2.480
54 10 0.193 0.465 2.300
54 11 0.142 0.683 2.307
54 12 0.178 0.769 2.358
54 13 0.137 -0.023 2.561
54 14 -0.017 -0.378 2.251
54 15 -0.119 -0.728 2.060
54 16 -0.179 -0.772 2.001
54 17 0.252 0.005 2.448
54 18 0.270 -0.431 2.208
54 19 0.314 -0.808 2.176
54 20 0.254 -0.850 2.118
55 1 0.214 0.061 2.533
55 2 0.271 0.116 2.589
55 3 0.351 0.500 2.706
55 4 0.415 0.653 2.790
55 5 0.149 0.336 2.729
55 6 0.142 0.123 2.765
55 7 0.100 -0.036 2.510
55 8 0.082 -0.029 2.439
55 9 0.366 0.320 2.478
55 10 0.193 0.476 2.299
55 11 0.163 0.701 2.329
55 12 0.198 0.790 2.361
55 13 0.137 -0.022 2.564
55 14 -0.017 -0.378 2.252
55 15 -0.120 -0.728 2.061
55 16 -0.180 -0.773 2.002
55 17 0.249 0.009 2.448
55 18 0.269 -0.429 2.209
55 19 0.313 -0.807 2.177
55 20 0.252 -0.849 2.120
56 1 0.216 0.048 2.516
56 2 0.271 0.089 2.564
56 3 0.335 0.434 2.669
56 4 0.373 0.605 2.757
56 5 0.132 0.274 2.698
56 6 0.125 0.061 2.735
56 7 0.067 -0.099 2.408
56 8 0.041 -0.067 2.327
56 9 0.365 0.321 2.476
56 10 0.197 0.478 2.297
56 11 0.159 0.693 2.318
56 12 0.199 0.793 2.350
56 13 0.145 -0.044 2.531
56 14 -0.019 -0.386 2.250
56 15 -0.120 -0.728 2.061
56 16 -0.181 -0.773 2.003
56 17 0.249 0.006 2.442
56 18 0.269 -0.429 2.209
56 19 0.312 -0.812 2.175
56 20 0.251 -0.854 2.118
57 1 0.219 0.039 2.505
57 2 0.271 0.074 2.550
57 3 0.327 0.401 2.651
57 4 0.365 0.600 2.751
57 5 0.124 0.246 2.683
57 6 0.117 0.032 2.720
57 7 0.054 -0.133 2.380
57 8 0.030 -0.090 2.314
57 9 0.364 0.322 2.474
57 10 0.204 0.472 2.295
57 11 0.180 0.685 2.330
57 12 0.212 0.788 2.350
57 13 0.150 -0.059 2.511
57 14 -0.021 -0.393 2.249
57 15 -0.120 -0.729 2.061
57 16 -0.181 -0.773 2.004
57 17 0.252 -0.003 2.431
57 18 0.268 -0.434 2.206
57 19 0.311 -0.815 2.173
57 20 0.250 -0.857 2.116
58 1 0.227 0.012 2.485
58 2 0.273 0.054 2.537
58 3 0.320 0.377 2.635
58 4 0.359 0.595 2.747
58 5 0.118 0.224 2.671
58 6 0.110 0.011 2.708
58 7 0.045 -0.159 2.367
58 8 0.019 -0.113 2.300
58 9 0.364 0.322 2.474
58 10 0.211 0.416 2.284
58 11 0.191 0.634 2.326
58 12 0.226 0.724 2.343
58 13 0.158 -0.078 2.487
58 14 -0.021 -0.398 2.247
58 15 -0.121 -0.729 2.062
58 16 -0.182 -0.773 2.004
58 17 0.262 -0.024 2.421
58 18 0.268 -0.438 2.204
58 19 0.311 -0.818 2.172
58 20 0.250 -0.860 2.114
59 1 0.230 0.000 2.476
59 2 0.274 0.044 2.531
59 3 0.317 0.366 2.630
59 4 0.360 0.595 2.749
59 5 0.114 0.213 2.665
59 6 0.107 0.000 2.702
59 7 0.060 -0.129 2.392
59 8 0.042 -0.124 2.308
59 9 0.365 0.321 2.474
59 10 0.219 0.400 2.286
59 11 0.198 0.622 2.328
59 12 0.234 0.709 2.344
59 13 0.161 -0.086 2.478
59 14 -0.022 -0.401 2.247
59 15 -0.121 -0.729 2.062
59 16 -0.182 -0.773 2.004
59 17 0.269 -0.039 2.413
59 18 0.268 -0.442 2.202
59 19 0.311 -0.820 2.171
59 20 0.250 -0.863 2.112
60 1 0.234 -0.010 2.469
60 2 0.276 0.034 2.525
60 3 0.315 0.359 2.625
60 4 0.362 0.593 2.751
60 5 0.113 0.205 2.660
60 6 0.105 -0.009 2.697
60 7 0.066 -0.127 2.398
60 8 0.055 -0.143 2.318
60 9 0.369 0.315 2.478
60 10 0.245 0.343 2.280
60 11 0.232 0.559 2.335
60 12 0.270 0.642 2.354
60 13 0.164 -0.092 2.472
60 14 -0.022 -0.403 2.246
60 15 -0.122 -0.730 2.062
60 16 -0.182 -0.773 2.004
60 17 0.276 -0.053 2.407
60 18 0.268 -0.445 2.200
60 19 0.310 -0.823 2.170
60 20 0.251 -0.866 2.109
61 1 0.236 -0.019 2.464
61 2 0.278 0.025 2.522
61 3 0.315 0.354 2.623
61 4 0.351 0.592 2.757
61 5 0.112 0.198 2.657
61 6 0.104 -0.015 2.694
61 7 0.073 -0.123 2.411
61 8 0.065 -0.155 2.333
61 9 0.380 0.293 2.486
61 10 0.275 0.281 2.271
61 11 0.271 0.490 2.341
61 12 0.309 0.571 2.362
61 13 0.166 -0.099 2.467
61 14 -0.022 -0.405 2.246
61 15 -0.122 -0.730 2.062
61 16 -0.182 -0.774 2.003
61 17 0.280 -0.066 2.401
61 18 0.268 -0.447 2.198
61 19 0.310 -0.824 2.169
61 20 0.252 -0.868 2.107
62 1 0.227 -0.048 2.454
62 2 0.268 -0.029 2.498
62 3 0.319 0.166 2.500
62 4 0.316 0.388 2.645
62 5 0.144 0.228 2.643
62 6 0.130 0.008 2.682
62 7 0.106 -0.086 2.421
62 8 0.097 -0.132 2.342
62 9 0.382 0.109 2.378
62 10 0.304 0.246 2.285
62 11 0.283 0.467 2.342
62 12 0.322 0.547 2.364
62 13 0.142 -0.101 2.449
62 14 -0.022 -0.406 2.246
62 15 -0.122 -0.730 2.062
62 16 -0.181 -0.773 2.002
62 17 0.259 -0.126 2.421
62 18 0.268 -0.450 2.197
62 19 0.310 -0.825 2.168
62 20 0.253 -0.869 2.105
63 1 0.225 -0.054 2.453
63 2 0.254 -0.017 2.517
63 3 0.251 0.324 2.650
63 4 0.299 0.556 2.733
63 5 0.182 0.313 2.682
63 6 0.169 0.087 2.713
63 7 0.145 -0.003 2.468
63 8 0.136 -0.052 2.389
63 9 0.409 0.263 2.481
63 10 0.313 0.228 2.286
63 11 0.291 0.450 2.341
63 12 0.330 0.530 2.364
63 13 0.143 -0.098 2.446
63 14 -0.022 -0.407 2.245
63 15 -0.122 -0.730 2.062
63 16 -0.180 -0.773 2.000
63 17 0.262 -0.111 2.431
63 18 0.268 -0.452 2.196
63 19 0.310 -0.826 2.168
63 20 0.255 -0.870 2.103
64 1 0.222 -0.056 2.454
64 2 0.248 -0.011 2.526
64 3 0.242 0.317 2.648
64 4 0.289 0.554 2.731
64 5 0.199 0.352 2.699
64 6 0.185 0.126 2.730
64 7 0.160 0.033 2.490
64 8 0.153 -0.013 2.413
64 9 0.415 0.262 2.484
64 10 0.339 0.170 2.301
64 11 0.310 0.397 2.343
64 12 0.349 0.479 2.368
64 13 0.146 -0.094 2.445
64 14 -0.022 -0.407 2.245
64 15 -0.123 -0.730 2.062
64 16 -0.179 -0.773 1.999
64 17 0.262 -0.105 2.435
64 18 0.268 -0.454 2.195
64 19 0.310 -0.827 2.167
64 20 0.256 -0.870 2.102
65 1 0.218 -0.030 2.470
65 2 0.245 0.005 2.536
65 3 0.232 0.335 2.661
65 4 0.283 0.574 2.739
65 5 0.191 0.346 2.704
65 6 0.191 0.138 2.736
65 7 0.127 0.007 2.506
65 8 0.136 -0.016 2.431
65 9 0.422 0.284 2.502
65 10 0.373 0.116 2.325
65 11 0.340 0.343 2.358
65 12 0.378 0.426 2.383
65 13 0.153 -0.085 2.459
65 14 -0.022 -0.407 2.245
65 15 -0.123 -0.730 2.062
65 16 -0.141 -0.784 2.004
65 17 0.263 -0.085 2.434
65 18 0.269 -0.455 2.194
65 19 0.310 -0.827 2.167
65 20 0.257 -0.871 2.100
66 1 0.218 0.005 2.489
66 2 0.248 0.037 2.549
66 3 0.232 0.349 2.666
66 4 0.282 0.586 2.744
66 5 0.188 0.350 2.714
66 6 0.191 0.143 2.742
66 7 0.131 0.023 2.522
66 8 0.121 -0.020 2.446
66 9 0.422 0.304 2.515
66 10 0.400 0.058 2.361
66 11 0.367 0.281 2.390
66 12 0.405 0.364 2.415
66 13 0.160 -0.071 2.483
66 14 -0.022 -0.407 2.245
66 15 -0.123 -0.730 2.062
66 16 -0.122 -0.789 2.007
66 17 0.262 -0.053 2.429
66 18 0.269 -0.457 2.194
66 19 0.310 -0.828 2.167
66 20 0.257 -0.871 2.100
67 1 0.218 0.020 2.497
67 2 0.250 0.051 2.555
67 3 0.240 0.359 2.666
67 4 0.275 0.599 2.740
67 5 0.181 0.344 2.719
67 6 0.186 0.141 2.747
67 7 0.114 -0.015 2.523
67 8 0.102 -0.056 2.449
67 9 0.384 0.316 2.542
67 10 0.425 0.014 2.390
67 11 0.389 0.241 2.412
67 12 0.427 0.324 2.437
67 13 0.164 -0.065 2.497
67 14 -0.021 -0.407 2.245
67 15 -0.123 -0.730 2.062
67 16 -0.114 -0.791 2.009
67 17 0.259 -0.035 2.425
67 18 0.269 -0.457 2.194
67 19 0.310 -0.828 2.167
67 20 0.258 -0.871 2.099
68 1 0.218 0.027 2.501
68 2 0.251 0.059 2.558
68 3 0.265 0.419 2.688
68 4 0.267 0.645 2.744
68 5 0.169 0.332 2.728
68 6 0.176 0.134 2.757
68 7 0.107 -0.029 2.528
68 8 0.091 -0.077 2.453
68 9 0.364 0.319 2.553
68 10 0.429 0.011 2.395
68 11 0.399 0.223 2.421
68 12 0.437 0.306 2.446
68 13 0.166 -0.062 2.504
68 14 -0.020 -0.412 2.242
68 15 -0.123 -0.730 2.062
68 16 -0.108 -0.793 2.009
68 17 0.258 -0.027 2.424
68 18 0.270 -0.458 2.193
68 19 0.310 -0.828 2.167
68 20 0.258 -0.871 2.099
69 1 0.218 0.031 2.504
69 2 0.252 0.063 2.560
69 3 0.280 0.451 2.699
69 4 0.264 0.663 2.745
69 5 0.162 0.326 2.734
69 6 0.168 0.127 2.764
69 7 0.102 -0.037 2.531
69 8 0.084 -0.088 2.457
69 9 0.354 0.320 2.559
69 10 0.444 0.038 2.408
69 11 0.372 0.046 2.258
69 12 0.338 0.009 2.161
69 13 0.167 -0.060 2.508
69 14 -0.019 -0.415 2.240
69 15 -0.123 -0.730 2.062
69 16 -0.105 -0.794 2.010
69 17 0.257 -0.022 2.424
69 18 0.270 -0.458 2.193
69 19 0.310 -0.828 2.167
69 20 0.258 -0.871 2.099
70 1 0.217 0.032 2.505
70 2 0.252 0.067 2.562
70 3 0.285 0.463 2.703
70 4 0.262 0.672 2.746
70 5 0.158 0.323 2.737
70 6 0.162 0.122 2.769
70 7 0.099 -0.043 2.533
70 8 0.080 -0.095 2.458
70 9 0.347 0.318 2.562
70 10 0.452 0.048 2.415
70 11 0.406 0.223 2.394
70 12 0.398 0.329 2.429
70 13 0.167 -0.058 2.511
70 14 -0.018 -0.416 2.239
70 15 -0.123 -0.730 2.062
70 16 -0.104 -0.794 2.010
70 17 0.256 -0.019 2.424
70 18 0.270 -0.458 2.193
70 19 0.310 -0.829 2.167
70 20 0.258 -0.871 2.099
71 1 0.217 0.035 2.506
71 2 0.253 0.072 2.564
71 3 0.288 0.470 2.704
71 4 0.261 0.678 2.746
71 5 0.155 0.320 2.740
71 6 0.156 0.117 2.773
71 7 0.096 -0.047 2.535
71 8 0.077 -0.100 2.460
71 9 0.344 0.314 2.562
71 10 0.454 0.055 2.415
71 11 0.416 0.219 2.399
71 12 0.400 0.318 2.427
71 13 0.167 -0.057 2.514
71 14 -0.017 -0.417 2.239
71 15 -0.123 -0.730 2.062
71 16 -0.104 -0.794 2.010
71 17 0.255 -0.016 2.424
71 18 0.271 -0.457 2.194
71 19 0.310 -0.829 2.167
71 20 0.258 -0.871 2.099
72 1 0.217 0.036 2.507
72 2 0.254 0.075 2.565
72 3 0.288 0.467 2.701
72 4 0.260 0.679 2.744
72 5 0.152 0.317 2.742
72 6 0.151 0.112 2.776
72 7 0.094 -0.051 2.536
72 8 0.075 -0.104 2.461
72 9 0.343 0.310 2.560
72 10 0.456 0.056 2.413
72 11 0.425 0.246 2.423
72 12 0.405 0.322 2.442
72 13 0.166 -0.055 2.517
72 14 -0.016 -0.417 2.238
72 15 -0.123 -0.730 2.062
72 16 -0.106 -0.793 2.009
72 17 0.255 -0.015 2.424
72 18 0.271 -0.456 2.195
72 19 0.311 -0.829 2.167
72 20 0.258 -0.871 2.099
73 1 0.217 0.037 2.508
73 2 0.255 0.077 2.566
73 3 0.286 0.460 2.696
73 4 0.259 0.676 2.741
73 5 0.150 0.315 2.744
73 6 0.157 0.080 2.737
73 7 0.106 -0.087 2.494
73 8 0.088 -0.143 2.417
73 9 0.343 0.306 2.558
73 10 0.458 0.054 2.415
73 11 0.430 0.259 2.440
73 12 0.415 0.346 2.476
73 13 0.166 -0.055 2.519
73 14 -0.015 -0.418 2.238
73 15 -0.123 -0.730 2.061
73 16 -0.150 -0.777 1.997
73 17 0.256 -0.014 2.425
73 18 0.272 -0.455 2.195
73 19 0.311 -0.829 2.167
73 20 0.258 -0.871 2.099
74 1 0.219 0.034 2.508
74 2 0.256 0.078 2.567
74 3 0.284 0.453 2.691
74 4 0.259 0.672 2.737
74 5 0.148 0.313 2.745
74 6 0.160 0.065 2.720
74 7 0.111 -0.102 2.476
74 8 0.093 -0.159 2.399
74 9 0.344 0.302 2.556
74 10 0.464 0.036 2.442
74 11 0.441 0.262 2.472
74 12 0.434 0.344 2.517
74 13 0.166 -0.055 2.520
74 14 -0.015 -0.418 2.238
74 15 -0.122 -0.729 2.060
74 16 -0.172 -0.766 1.990
74 17 0.258 -0.017 2.427
74 18 0.273 -0.453 2.196
74 19 0.311 -0.829 2.167
74 20 0.258 -0.870 2.100
75 1 0.220 0.034 2.510
75 2 0.258 0.080 2.568
75 3 0.282 0.449 2.688
75 4 0.259 0.668 2.734
75 5 0.147 0.312 2.746
75 6 0.162 0.057 2.709
75 7 0.114 -0.111 2.465
75 8 0.096 -0.168 2.389
75 9 0.346 0.299 2.555
75 10 0.476 0.024 2.479
75 11 0.455 0.259 2.510
75 12 0.455 0.335 2.557
75 13 0.166 -0.054 2.523
75 14 -0.012 -0.416 2.239
75 15 -0.121 -0.728 2.059
75 16 -0.180 -0.762 1.987
75 17 0.261 -0.018 2.430
75 18 0.274 -0.452 2.196
75 19 0.311 -0.828 2.167
75 20 0.258 -0.869 2.100
76 1 0.222 0.035 2.512
76 2 0.259 0.081 2.570
76 3 0.281 0.445 2.685
76 4 0.258 0.665 2.731
76 5 0.146 0.311 2.747
76 6 0.163 0.055 2.700
76 7 0.116 -0.113 2.457
76 8 0.098 -0.170 2.380
76 9 0.348 0.297 2.554
76 10 0.485 0.018 2.510
76 11 0.466 0.254 2.542
76 12 0.468 0.326 2.586
76 13 0.166 -0.054 2.526
76 14 -0.010 -0.414 2.240
76 15 -0.120 -0.727 2.058
76 16 -0.186 -0.759 1.985
76 17 0.263 -0.018 2.432
76 18 0.275 -0.450 2.197
76 19 0.312 -0.827 2.167
76 20 0.258 -0.867 2.101
77 1 0.223 0.035 2.513
77 2 0.260 0.083 2.571
77 3 0.280 0.443 2.683
77 4 0.258 0.663 2.728
77 5 0.145 0.311 2.748
77 6 0.131 0.089 2.800
77 7 0.089 -0.087 2.535
77 8 0.072 -0.143 2.459
77 9 0.350 0.296 2.554
77 10 0.490 0.015 2.528
77 11 0.518 -0.127 2.527
77 12 0.533 -0.246 2.523
77 13 0.166 -0.054 2.528
77 14 -0.008 -0.412 2.241
77 15 -0.119 -0.726 2.057
77 16 -0.188 -0.757 1.984
77 17 0.264 -0.018 2.434
77 18 0.276 -0.448 2.198
77 19 0.312 -0.826 2.168
77 20 0.258 -0.866 2.101
78 1 0.224 0.034 2.514
78 2 0.261 0.083 2.572
78 3 0.279 0.441 2.682
78 4 0.257 0.661 2.726
78 5 0.144 0.310 2.748
78 6 0.120 0.098 2.829
78 7 0.074 -0.071 2.579
78 8 0.057 -0.127 2.504
78 9 0.352 0.295 2.554
78 10 0.493 0.014 2.544
78 11 0.539 -0.221 2.547
78 12 0.553 -0.305 2.549
78 13 0.167 -0.054 2.529
78 14 -0.007 -0.411 2.241
78 15 -0.118 -0.725 2.056
78 16 -0.186 -0.756 1.983
78 17 0.266 -0.019 2.436
78 18 0.276 -0.447 2.198
78 19 0.312 -0.826 2.168
78 20 0.258 -0.865 2.102
79 1 0.225 0.032 2.515
79 2 0.262 0.083 2.573
79 3 0.278 0.439 2.681
79 4 0.256 0.659 2.725
79 5 0.144 0.310 2.748
79 6 0.113 0.106 2.850
79 7 0.068 -0.064 2.598
79 8 0.051 -0.120 2.523
79 9 0.354 0.294 2.555
79 10 0.494 0.014 2.554
79 11 0.537 -0.236 2.551
79 12 0.551 -0.328 2.561
79 13 0.166 -0.054 2.530
79 14 -0.006 -0.411 2.241
79 15 -0.116 -0.725 2.056
79 16 -0.182 -0.756 1.984
79 17 0.268 -0.021 2.437
79 18 0.276 -0.446 2.198
79 19 0.312 -0.825 2.168
79 20 0.259 -0.864 2.102
80 1 0.226 0.031 2.515
80 2 0.262 0.082 2.573
80 3 0.277 0.438 2.681
80 4 0.255 0.658 2.723
80 5 0.143 0.309 2.748
80 6 0.110 0.110 2.860
80 7 0.064 -0.060 2.609
80 8 0.047 -0.115 2.533
80 9 0.356 0.294 2.555
80 10 0.495 0.015 2.560
80 11 0.537 -0.237 2.553
80 12 0.551 -0.329 2.564
80 13 0.166 -0.055 2.531
80 14 -0.005 -0.410 2.241
80 15 -0.115 -0.724 2.056
80 16 -0.177 -0.757 1.984
80 17 0.269 -0.022 2.439
80 18 0.277 -0.443 2.199
80 19 0.312 -0.823 2.169
80 20 0.259 -0.862 2.102
81 1 0.226 0.029 2.515
81 2 0.262 0.081 2.574
81 3 0.276 0.437 2.680
81 4 0.254 0.657 2.722
81 5 0.143 0.309 2.748
81 6 0.108 0.110 2.865
81 7 0.061 -0.058 2.616
81 8 0.045 -0.113 2.541
81 9 0.357 0.293 2.556
81 10 0.495 0.015 2.564
81 11 0.536 -0.238 2.553
81 12 0.551 -0.330 2.562
81 13 0.166 -0.055 2.531
81 14 -0.005 -0.410 2.241
81 15 -0.114 -0.724 2.056
81 16 -0.173 -0.758 1.985
81 17 0.270 -0.022 2.440
81 18 0.278 -0.440 2.200
81 19 0.313 -0.821 2.169
81 20 0.259 -0.859 2.101
82 1 0.226 0.028 2.515
82 2 0.262 0.080 2.574
82 3 0.275 0.437 2.680
82 4 0.253 0.656 2.721
82 5 0.142 0.309 2.748
82 6 0.108 0.104 2.865
82 7 0.060 -0.059 2.621
82 8 0.043 -0.114 2.545
82 9 0.358 0.293 2.557
82 10 0.494 0.017 2.565
82 11 0.534 -0.234 2.539
82 12 0.548 -0.326 2.524
82 13 0.165 -0.055 2.531
82 14 -0.004 -0.410 2.240
82 15 -0.113 -0.724 2.056
82 16 -0.170 -0.759 1.986
82 17 0.270 -0.023 2.441
82 18 0.279 -0.437 2.200
82 19 0.312 -0.818 2.169
82 20 0.259 -0.856 2.101
83 1 0.226 0.026 2.515
83 2 0.262 0.079 2.574
83 3 0.274 0.436 2.679
83 4 0.252 0.656 2.720
83 5 0.141 0.308 2.747
83 6 0.110 0.097 2.861
83 7 0.059 -0.061 2.622
83 8 0.043 -0.116 2.547
83 9 0.359 0.294 2.558
83 10 0.492 0.019 2.561
83 11 0.529 -0.224 2.522
83 12 0.544 -0.321 2.502
83 13 0.165 -0.056 2.530
83 14 -0.004 -0.410 2.240
83 15 -0.113 -0.724 2.056
83 16 -0.167 -0.760 1.986
83 17 0.271 -0.024 2.443
83 18 0.280 -0.435 2.201
83 19 0.312 -0.816 2.169
83 20 0.260 -0.854 2.101
84 1 0.225 0.025 2.514
84 2 0.261 0.077 2.574
84 3 0.273 0.436 2.679
84 4 0.251 0.656 2.720
84 5 0.140 0.308 2.747
84 6 0.111 0.091 2.857
84 7 0.059 -0.065 2.622
84 8 0.043 -0.120 2.546
84 9 0.359 0.294 2.559
84 10 0.490 0.021 2.553
84 11 0.518 -0.199 2.477
84 12 0.535 -0.288 2.449
84 13 0.165 -0.056 2.529
84 14 -0.004 -0.410 2.239
84 15 -0.112 -0.724 2.056
84 16 -0.165 -0.760 1.987
84 17 0.271 -0.025 2.443
84 18 0.280 -0.434 2.201
84 19 0.312 -0.814 2.169
84 20 0.260 -0.852 2.101
85 1 0.225 0.024 2.514
85 2 0.261 0.076 2.574
85 3 0.272 0.436 2.679
85 4 0.250 0.655 2.720
85 5 0.138 0.308 2.748
85 6 0.112 0.086 2.854
85 7 0.060 -0.069 2.620
85 8 0.043 -0.124 2.545
85 9 0.360 0.294 2.560
85 10 0.487 0.023 2.537
85 11 0.512 -0.182 2.441
85 12 0.522 -0.258 2.396
85 13 0.164 -0.057 2.528
85 14 -0.004 -0.410 2.239
85 15 -0.111 -0.724 2.056
85 16 -0.163 -0.761 1.987
85 17 0.272 -0.026 2.444
85 18 0.281 -0.433 2.202
85 19 0.312 -0.813 2.169
85 20 0.260 -0.851 2.101
86 1 0.225 0.023 2.514
86 2 0.261 0.075 2.574
86 3 0.272 0.435 2.679
86 4 0.249 0.655 2.719
86 5 0.136 0.308 2.749
86 6 0.112 0.083 2.852
86 7 0.060 -0.073 2.619
86 8 0.043 -0.128 2.544
86 9 0.360 0.294 2.560
86 10 0.484 0.024 2.520
86 11 0.504 -0.169 2.398
86 12 0.509 -0.235 2.347
86 13 0.164 -0.057 2.527
86 14 -0.004 -0.410 2.238
86 15 -0.111 -0.724 2.056
86 16 -0.162 -0.761 1.987
86 17 0.272 -0.026 2.445
86 18 0.281 -0.432 2.202
86 19 0.312 -0.813 2.169
86 20 0.260 -0.851 2.101
87 1 0.225 0.022 2.514
87 2 0.260 0.074 2.574
87 3 0.271 0.435 2.679
87 4 0.224 0.639 2.701
87 5 0.134 0.307 2.750
87 6 0.113 0.079 2.852
87 7 0.060 -0.078 2.618
87 8 0.043 -0.133 2.543
87 9 0.360 0.294 2.561
87 10 0.482 0.024 2.503
87 11 0.494 -0.159 2.361
87 12 0.497 -0.218 2.311
87 13 0.164 -0.058 2.526
87 14 -0.004 -0.411 2.237
87 15 -0.111 -0.723 2.056
87 16 -0.161 -0.761 1.987
87 17 0.272 -0.027 2.445
87 18 0.281 -0.432 2.202
87 19 0.312 -0.812 2.169
87 20 0.260 -0.850 2.101
88 1 0.225 0.021 2.513
88 2 0.260 0.074 2.574
88 3 0.270 0.435 2.679
88 4 0.214 0.633 2.694
88 5 0.132 0.306 2.751
88 6 0.113 0.077 2.851
88 7 0.060 -0.081 2.618
88 8 0.043 -0.136 2.542
88 9 0.360 0.294 2.562
88 10 0.480 0.025 2.489
88 11 0.484 -0.151 2.334
88 12 0.480 -0.200 2.279
88 13 0.163 -0.058 2.525
88 14 -0.004 -0.411 2.237
88 15 -0.110 -0.723 2.056
88 16 -0.161 -0.761 1.987
88 17 0.272 -0.027 2.446
88 18 0.281 -0.431 2.202
88 19 0.312 -0.812 2.169
88 20 0.260 -0.850 2.101
89 1 0.225 0.020 2.513
89 2 0.260 0.073 2.574
89 3 0.269 0.434 2.679
89 4 0.209 0.629 2.690
89 5 0.130 0.306 2.752
89 6 0.113 0.075 2.851
89 7 0.060 -0.084 2.617
89 8 0.044 -0.139 2.542
89 9 0.360 0.294 2.563
89 10 0.478 0.028 2.477
89 11 0.476 -0.143 2.312
89 12 0.469 -0.187 2.260
89 13 0.163 -0.058 2.524
89 14 -0.004 -0.412 2.236
89 15 -0.110 -0.723 2.056
89 16 -0.160 -0.761 1.988
89 17 0.272 -0.028 2.446
89 18 0.281 -0.431 2.203
89 19 0.312 -0.811 2.170
89 20 0.260 -0.849 2.101
90 1 0.224 0.020 2.513
90 2 0.259 0.072 2.573
90 3 0.268 0.434 2.679
90 4 0.206 0.627 2.687
90 5 0.128 0.305 2.753
90 6 0.113 0.074 2.852
90 7 0.060 -0.086 2.618
90 8 0.044 -0.141 2.542
90 9 0.360 0.294 2.563
90 10 0.476 0.031 2.468
90 11 0.470 -0.134 2.296
90 12 0.459 -0.176 2.243
90 13 0.162 -0.059 2.524
90 14 -0.004 -0.412 2.236
90 15 -0.110 -0.723 2.056
90 16 -0.160 -0.762 1.988
90 17 0.272 -0.028 2.446
90 18 0.281 -0.431 2.203
90 19 0.312 -0.811 2.170
90 20 0.260 -0.849 2.101
91 1 0.224 0.020 2.513
91 2 0.259 0.072 2.573
91 3 0.267 0.434 2.679
91 4 0.203 0.626 2.686
91 5 0.127 0.304 2.754
91 6 0.113 0.073 2.853
91 7 0.061 -0.088 2.618
91 8 0.044 -0.143 2.542
91 9 0.360 0.294 2.564
91 10 0.475 0.033 2.461
91 11 0.464 -0.128 2.285
91 12 0.451 -0.168 2.230
91 13 0.162 -0.059 2.523
91 14 -0.004 -0.413 2.235
91 15 -0.110 -0.723 2.056
91 16 -0.160 -0.762 1.988
91 17 0.272 -0.028 2.446
91 18 0.282 -0.431 2.203
91 19 0.312 -0.811 2.170
91 20 0.260 -0.849 2.101
92 1 0.224 0.019 2.512
92 2 0.259 0.071 2.573
92 3 0.267 0.434 2.680
92 4 0.202 0.625 2.685
92 5 0.125 0.303 2.755
92 6 0.113 0.072 2.853
92 7 0.061 -0.090 2.618
92 8 0.044 -0.145 2.542
92 9 0.360 0.294 2.564
92 10 0.473 0.035 2.455
92 11 0.459 -0.122 2.276
92 12 0.441 -0.164 2.212
92 13 0.161 -0.059 2.522
92 14 -0.004 -0.413 2.235
92 15 -0.110 -0.723 2.056
92 16 -0.160 -0.762 1.988
92 17 0.272 -0.028 2.446
92 18 0.282 -0.431 2.203
92 19 0.312 -0.811 2.170
92 20 0.260 -0.849 2.101
93 1 0.223 0.019 2.512
93 2 0.258 0.071 2.573
93 3 0.266 0.433 2.680
93 4 0.201 0.624 2.684
93 5 0.124 0.302 2.757
93 6 0.113 0.071 2.853
93 7 0.061 -0.091 2.618
93 8 0.044 -0.146 2.542
93 9 0.360 0.294 2.564
93 10 0.471 0.039 2.449
93 11 0.455 -0.115 2.269
93 12 0.436 -0.162 2.203
93 13 0.161 -0.060 2.521
93 14 -0.004 -0.413 2.235
93 15 -0.109 -0.723 2.056
93 16 -0.160 -0.762 1.988
93 17 0.272 -0.028 2.446
93 18 0.282 -0.431 2.203
93 19 0.312 -0.811 2.169
93 20 0.260 -0.850 2.101
94 1 0.222 0.020 2.512
94 2 0.258 0.071 2.572
94 3 0.265 0.433 2.680
94 4 0.200 0.624 2.685
94 5 0.123 0.301 2.759
94 6 0.113 0.071 2.853
94 7 0.061 -0.092 2.618
94 8 0.045 -0.147 2.542
94 9 0.359 0.294 2.564
94 10 0.468 0.045 2.445
94 11 0.452 -0.107 2.265
94 12 0.432 -0.159 2.197
94 13 0.160 -0.060 2.521
94 14 -0.004 -0.413 2.235
94 15 -0.109 -0.723 2.056
94 16 -0.160 -0.762 1.988
94 17 0.271 -0.028 2.445
94 18 0.282 -0.431 2.203
94 19 0.312 -0.811 2.169
94 20 0.260 -0.850 2.101
95 1 0.222 0.020 2.511
95 2 0.257 0.071 2.572
95 3 0.265 0.433 2.680
95 4 0.200 0.624 2.685
95 5 0.122 0.300 2.759
95 6 0.113 0.070 2.854
95 7 0.062 -0.093 2.617
95 8 0.045 -0.148 2.542
95 9 0.359 0.294 2.564
95 10 0.466 0.049 2.441
95 11 0.449 -0.103 2.261
95 12 0.429 -0.158 2.192
95 13 0.160 -0.060 2.521
95 14 -0.004 -0.414 2.235
95 15 -0.109 -0.723 2.056
95 16 -0.160 -0.762 1.988
95 17 0.270 -0.027 2.444
95 18 0.282 -0.431 2.203
95 19 0.312 -0.812 2.169
95 20 0.260 -0.850 2.101
