1 1 0.144 -0.451 2.362
1 2 0.140 -0.397 2.354
1 3 0.122 -0.129 2.320
1 4 0.138 0.037 2.306
1 5 -0.007 -0.210 2.282
1 6 -0.042 -0.412 2.223
1 7 -0.040 -0.568 2.105
1 8 -0.038 -0.620 2.070
1 9 0.268 -0.206 2.375
1 10 0.309 -0.423 2.368
1 11 0.294 -0.584 2.164
1 12 0.305 -0.605 2.100
1 13 0.077 -0.522 2.341
1 14 0.001 -0.606 1.980
1 15 -0.034 -0.838 1.937
1 16 -0.007 -0.782 1.975
1 17 0.219 -0.510 2.396
1 18 0.372 -0.605 2.064
1 19 0.360 -0.838 2.034
1 20 0.390 -0.777 2.010
2 1 0.144 -0.451 2.362
2 2 0.140 -0.397 2.354
2 3 0.123 -0.129 2.320
2 4 0.138 0.036 2.306
2 5 -0.007 -0.210 2.282
2 6 -0.042 -0.412 2.223
2 7 -0.040 -0.568 2.105
2 8 -0.039 -0.620 2.070
2 9 0.268 -0.206 2.375
2 10 0.309 -0.423 2.369
2 11 0.292 -0.586 2.163
2 12 0.290 -0.639 2.105
2 13 0.077 -0.522 2.341
2 14 0.001 -0.606 1.980
2 15 -0.034 -0.838 1.937
2 16 -0.008 -0.779 1.971
2 17 0.220 -0.511 2.396
2 18 0.372 -0.605 2.064
2 19 0.359 -0.838 2.034
2 20 0.390 -0.777 2.010
3 1 0.144 -0.451 2.362
3 2 0.141 -0.398 2.354
3 3 0.123 -0.130 2.320
3 4 0.138 0.036 2.306
3 5 -0.006 -0.210 2.282
3 6 -0.042 -0.412 2.222
3 7 -0.040 -0.569 2.105
3 8 -0.039 -0.620 2.070
3 9 0.268 -0.207 2.375
3 10 0.309 -0.423 2.369
3 11 0.291 -0.586 2.162
3 12 0.322 -0.557 2.088
3 13 0.077 -0.522 2.341
3 14 0.001 -0.606 1.981
3 15 -0.034 -0.838 1.937
3 16 -0.007 -0.778 1.970
3 17 0.220 -0.511 2.396
3 18 0.372 -0.605 2.064
3 19 0.359 -0.838 2.034
3 20 0.390 -0.777 2.010
4 1 0.144 -0.452 2.362
4 2 0.141 -0.398 2.354
4 3 0.123 -0.130 2.320
4 4 0.138 0.036 2.306
4 5 -0.006 -0.210 2.281
4 6 -0.042 -0.412 2.222
4 7 -0.040 -0.569 2.105
4 8 -0.039 -0.620 2.070
4 9 0.269 -0.207 2.376
4 10 0.309 -0.422 2.369
4 11 0.290 -0.587 2.161
4 12 0.340 -0.511 2.079
4 13 0.078 -0.522 2.341
4 14 0.000 -0.606 1.981
4 15 -0.034 -0.838 1.937
4 16 -0.007 -0.778 1.970
4 17 0.220 -0.512 2.396
4 18 0.371 -0.605 2.064
4 19 0.359 -0.838 2.034
4 20 0.389 -0.776 2.010
5 1 0.144 -0.452 2.363
5 2 0.141 -0.398 2.354
5 3 0.124 -0.130 2.321
5 4 0.138 0.036 2.306
5 5 -0.005 -0.211 2.281
5 6 -0.042 -0.412 2.222
5 7 -0.040 -0.569 2.105
5 8 -0.039 -0.620 2.070
5 9 0.269 -0.208 2.376
5 10 0.309 -0.422 2.370
5 11 0.289 -0.587 2.161
5 12 0.353 -0.477 2.074
5 13 0.078 -0.523 2.341
5 14 0.000 -0.606 1.981
5 15 -0.034 -0.838 1.937
5 16 -0.007 -0.778 1.970
5 17 0.220 -0.512 2.396
5 18 0.371 -0.605 2.064
5 19 0.359 -0.838 2.034
5 20 0.389 -0.776 2.010
6 1 0.145 -0.452 2.363
6 2 0.141 -0.399 2.354
6 3 0.124 -0.130 2.321
6 4 0.139 0.036 2.307
6 5 -0.005 -0.211 2.281
6 6 -0.041 -0.412 2.222
6 7 -0.040 -0.569 2.106
6 8 -0.039 -0.620 2.071
6 9 0.269 -0.208 2.376
6 10 0.309 -0.423 2.370
6 11 0.290 -0.587 2.161
6 12 0.359 -0.465 2.066
6 13 0.078 -0.523 2.341
6 14 0.000 -0.606 1.981
6 15 -0.034 -0.838 1.937
6 16 -0.007 -0.777 1.970
6 17 0.220 -0.513 2.396
6 18 0.371 -0.605 2.064
6 19 0.359 -0.838 2.034
6 20 0.389 -0.776 2.010
7 1 0.145 -0.453 2.363
7 2 0.141 -0.399 2.354
7 3 0.124 -0.131 2.321
7 4 0.139 0.036 2.307
7 5 -0.004 -0.211 2.281
7 6 -0.041 -0.411 2.222
7 7 -0.040 -0.569 2.106
7 8 -0.039 -0.620 2.071
7 9 0.269 -0.209 2.376
7 10 0.309 -0.423 2.370
7 11 0.334 -0.549 2.194
7 12 0.368 -0.481 2.047
7 13 0.078 -0.523 2.341
7 14 0.000 -0.606 1.981
7 15 -0.034 -0.837 1.937
7 16 -0.006 -0.777 1.970
7 17 0.220 -0.513 2.397
7 18 0.371 -0.605 2.064
7 19 0.358 -0.838 2.034
7 20 0.389 -0.776 2.010
8 1 0.145 -0.453 2.363
8 2 0.141 -0.399 2.354
8 3 0.124 -0.131 2.321
8 4 0.139 0.037 2.307
8 5 -0.004 -0.211 2.281
8 6 -0.041 -0.411 2.222
8 7 -0.040 -0.568 2.106
8 8 -0.039 -0.620 2.071
8 9 0.269 -0.209 2.376
8 10 0.309 -0.423 2.371
8 11 0.322 -0.560 2.184
8 12 0.366 -0.482 2.042
8 13 0.078 -0.523 2.341
8 14 0.001 -0.606 1.981
8 15 -0.034 -0.837 1.937
8 16 -0.005 -0.777 1.971
8 17 0.220 -0.513 2.397
8 18 0.371 -0.605 2.064
8 19 0.358 -0.838 2.034
8 20 0.388 -0.776 2.011
9 1 0.145 -0.453 2.363
9 2 0.141 -0.399 2.354
9 3 0.125 -0.131 2.321
9 4 0.139 0.038 2.307
9 5 -0.004 -0.211 2.281
9 6 -0.041 -0.411 2.222
9 7 -0.040 -0.568 2.107
9 8 -0.039 -0.620 2.072
9 9 0.269 -0.209 2.377
9 10 0.309 -0.423 2.371
9 11 0.320 -0.562 2.182
9 12 0.360 -0.485 2.045
9 13 0.078 -0.523 2.341
9 14 0.001 -0.606 1.981
9 15 -0.034 -0.837 1.937
9 16 -0.005 -0.777 1.971
9 17 0.220 -0.513 2.397
9 18 0.370 -0.605 2.064
9 19 0.358 -0.838 2.033
9 20 0.388 -0.775 2.011
10 1 0.145 -0.453 2.363
10 2 0.142 -0.399 2.354
10 3 0.125 -0.131 2.321
10 4 0.139 0.038 2.307
10 5 -0.003 -0.211 2.281
10 6 -0.041 -0.411 2.222
10 7 -0.040 -0.568 2.107
10 8 -0.039 -0.620 2.072
10 9 0.269 -0.209 2.377
10 10 0.309 -0.423 2.371
10 11 0.316 -0.565 2.179
10 12 0.355 -0.488 2.050
10 13 0.078 -0.523 2.341
10 14 0.001 -0.606 1.981
10 15 -0.034 -0.837 1.937
10 16 -0.005 -0.777 1.972
10 17 0.220 -0.514 2.397
10 18 0.370 -0.605 2.064
10 19 0.358 -0.838 2.033
10 20 0.387 -0.775 2.011
11 1 0.145 -0.454 2.363
11 2 0.142 -0.400 2.354
11 3 0.125 -0.131 2.322
11 4 0.139 0.038 2.307
11 5 -0.003 -0.211 2.281
11 6 -0.041 -0.411 2.222
11 7 -0.040 -0.568 2.107
11 8 -0.039 -0.620 2.072
11 9 0.269 -0.209 2.377
11 10 0.309 -0.423 2.372
11 11 0.312 -0.568 2.176
11 12 0.353 -0.490 2.050
11 13 0.078 -0.523 2.341
11 14 0.001 -0.606 1.981
11 15 -0.034 -0.837 1.938
11 16 -0.004 -0.777 1.972
11 17 0.220 -0.514 2.397
11 18 0.370 -0.605 2.064
11 19 0.358 -0.838 2.032
11 20 0.387 -0.774 2.012
12 1 0.145 -0.454 2.363
12 2 0.142 -0.400 2.354
12 3 0.125 -0.131 2.322
12 4 0.139 0.038 2.308
12 5 -0.003 -0.211 2.281
12 6 -0.041 -0.411 2.222
12 7 -0.040 -0.568 2.107
12 8 -0.039 -0.620 2.072
12 9 0.270 -0.210 2.377
12 10 0.309 -0.423 2.372
12 11 0.306 -0.573 2.171
12 12 0.351 -0.491 2.054
12 13 0.078 -0.523 2.341
12 14 0.001 -0.605 1.981
12 15 -0.034 -0.836 1.938
12 16 -0.004 -0.777 1.972
12 17 0.220 -0.514 2.397
12 18 0.370 -0.605 2.064
12 19 0.358 -0.838 2.031
12 20 0.387 -0.773 2.013
13 1 0.145 -0.454 2.363
13 2 0.142 -0.400 2.354
13 3 0.126 -0.131 2.322
13 4 0.139 0.039 2.308
13 5 -0.003 -0.211 2.281
13 6 -0.041 -0.410 2.222
13 7 -0.040 -0.568 2.107
13 8 -0.039 -0.620 2.072
13 9 0.270 -0.210 2.377
13 10 0.309 -0.423 2.372
13 11 0.337 -0.548 2.197
13 12 0.349 -0.492 2.057
13 13 0.079 -0.524 2.341
13 14 0.001 -0.605 1.981
13 15 -0.034 -0.836 1.938
13 16 -0.004 -0.777 1.972
13 17 0.220 -0.514 2.397
13 18 0.370 -0.605 2.064
13 19 0.358 -0.838 2.031
13 20 0.386 -0.773 2.013
14 1 0.145 -0.454 2.363
14 2 0.142 -0.400 2.354
14 3 0.126 -0.131 2.322
14 4 0.140 0.039 2.309
14 5 -0.002 -0.212 2.280
14 6 -0.040 -0.410 2.222
14 7 -0.040 -0.568 2.107
14 8 -0.039 -0.620 2.072
14 9 0.270 -0.210 2.377
14 10 0.309 -0.423 2.372
14 11 0.348 -0.539 2.207
14 12 0.348 -0.492 2.059
14 13 0.079 -0.524 2.341
14 14 0.002 -0.605 1.981
14 15 -0.034 -0.836 1.938
14 16 -0.004 -0.777 1.972
14 17 0.220 -0.514 2.397
14 18 0.369 -0.605 2.064
14 19 0.358 -0.838 2.031
14 20 0.386 -0.773 2.013
15 1 0.146 -0.454 2.363
15 2 0.142 -0.400 2.354
15 3 0.126 -0.131 2.322
15 4 0.140 0.039 2.309
15 5 -0.002 -0.212 2.280
15 6 -0.040 -0.410 2.222
15 7 -0.040 -0.568 2.107
15 8 -0.039 -0.620 2.072
15 9 0.270 -0.210 2.377
15 10 0.309 -0.423 2.372
15 11 0.355 -0.534 2.212
15 12 0.347 -0.492 2.062
15 13 0.079 -0.524 2.341
15 14 0.002 -0.605 1.982
15 15 -0.034 -0.836 1.938
15 16 -0.004 -0.777 1.972
15 17 0.220 -0.514 2.397
15 18 0.369 -0.605 2.064
15 19 0.358 -0.838 2.030
15 20 0.386 -0.772 2.014
16 1 0.146 -0.454 2.363
16 2 0.142 -0.400 2.354
16 3 0.126 -0.131 2.322
16 4 0.141 0.039 2.309
16 5 -0.002 -0.212 2.280
16 6 -0.040 -0.410 2.222
16 7 -0.040 -0.568 2.107
16 8 -0.039 -0.620 2.072
16 9 0.270 -0.210 2.377
16 10 0.309 -0.423 2.373
16 11 0.321 -0.563 2.188
16 12 0.346 -0.491 2.065
16 13 0.079 -0.524 2.341
16 14 0.002 -0.605 1.982
16 15 -0.034 -0.836 1.938
16 16 -0.003 -0.777 1.973
16 17 0.220 -0.514 2.397
16 18 0.369 -0.605 2.064
16 19 0.358 -0.838 2.030
16 20 0.385 -0.772 2.015
17 1 0.146 -0.454 2.363
17 2 0.142 -0.400 2.354
17 3 0.126 -0.131 2.322
17 4 0.141 0.039 2.310
17 5 -0.002 -0.212 2.280
17 6 -0.040 -0.410 2.222
17 7 -0.040 -0.568 2.107
17 8 -0.039 -0.620 2.072
17 9 0.270 -0.210 2.377
17 10 0.309 -0.423 2.373
17 11 0.301 -0.580 2.173
17 12 0.346 -0.491 2.068
17 13 0.079 -0.524 2.341
17 14 0.002 -0.605 1.982
17 15 -0.034 -0.836 1.938
17 16 -0.003 -0.777 1.973
17 17 0.220 -0.515 2.397
17 18 0.369 -0.605 2.064
17 19 0.358 -0.837 2.030
17 20 0.385 -0.772 2.015
18 1 0.146 -0.454 2.363
18 2 0.143 -0.400 2.354
18 3 0.127 -0.131 2.322
18 4 0.142 0.039 2.310
18 5 -0.001 -0.212 2.280
18 6 -0.040 -0.410 2.222
18 7 -0.040 -0.568 2.107
18 8 -0.039 -0.620 2.072
18 9 0.270 -0.210 2.377
18 10 0.309 -0.423 2.373
18 11 0.293 -0.587 2.166
18 12 0.345 -0.490 2.067
18 13 0.079 -0.524 2.341
18 14 0.002 -0.605 1.982
18 15 -0.034 -0.836 1.938
18 16 -0.003 -0.778 1.973
18 17 0.220 -0.515 2.397
18 18 0.369 -0.605 2.064
18 19 0.358 -0.837 2.029
18 20 0.385 -0.771 2.015
19 1 0.146 -0.454 2.363
19 2 0.143 -0.400 2.354
19 3 0.127 -0.131 2.323
19 4 0.143 0.039 2.311
19 5 -0.001 -0.212 2.280
19 6 -0.040 -0.410 2.222
19 7 -0.040 -0.568 2.107
19 8 -0.039 -0.620 2.072
19 9 0.270 -0.210 2.377
19 10 0.309 -0.423 2.373
19 11 0.288 -0.591 2.163
19 12 0.345 -0.488 2.064
19 13 0.079 -0.524 2.341
19 14 0.003 -0.605 1.982
19 15 -0.034 -0.836 1.938
19 16 -0.003 -0.778 1.973
19 17 0.220 -0.515 2.397
19 18 0.368 -0.605 2.064
19 19 0.358 -0.837 2.029
19 20 0.385 -0.771 2.015
20 1 0.146 -0.455 2.363
20 2 0.143 -0.401 2.354
20 3 0.127 -0.131 2.323
20 4 0.143 0.039 2.311
20 5 -0.001 -0.212 2.280
20 6 -0.040 -0.410 2.222
20 7 -0.039 -0.568 2.107
20 8 -0.039 -0.620 2.072
20 9 0.270 -0.210 2.378
20 10 0.309 -0.423 2.373
20 11 0.285 -0.594 2.161
20 12 0.344 -0.488 2.064
20 13 0.079 -0.524 2.341
20 14 0.003 -0.605 1.982
20 15 -0.034 -0.836 1.938
20 16 -0.003 -0.778 1.973
20 17 0.220 -0.515 2.397
20 18 0.368 -0.605 2.064
20 19 0.358 -0.837 2.029
20 20 0.385 -0.771 2.016
21 1 0.146 -0.455 2.363
21 2 0.143 -0.401 2.354
21 3 0.127 -0.131 2.323
21 4 0.144 0.039 2.312
21 5 -0.001 -0.212 2.280
21 6 -0.040 -0.410 2.222
21 7 -0.039 -0.568 2.107
21 8 -0.039 -0.620 2.072
21 9 0.270 -0.210 2.378
21 10 0.309 -0.423 2.373
21 11 0.283 -0.595 2.159
21 12 0.344 -0.488 2.064
21 13 0.080 -0.524 2.341
21 14 0.003 -0.606 1.982
21 15 -0.034 -0.836 1.938
21 16 -0.003 -0.778 1.973
21 17 0.220 -0.515 2.397
21 18 0.368 -0.605 2.064
21 19 0.358 -0.837 2.029
21 20 0.385 -0.771 2.016
22 1 0.146 -0.455 2.363
22 2 0.143 -0.401 2.354
22 3 0.127 -0.131 2.323
22 4 0.144 0.038 2.312
22 5 -0.001 -0.212 2.280
22 6 -0.040 -0.410 2.222
22 7 -0.039 -0.568 2.107
22 8 -0.039 -0.620 2.073
22 9 0.270 -0.211 2.378
22 10 0.309 -0.423 2.374
22 11 0.283 -0.595 2.159
22 12 0.344 -0.487 2.063
22 13 0.080 -0.524 2.341
22 14 0.003 -0.606 1.982
22 15 -0.034 -0.836 1.938
22 16 -0.003 -0.778 1.973
22 17 0.220 -0.515 2.397
22 18 0.368 -0.605 2.064
22 19 0.358 -0.837 2.029
22 20 0.385 -0.771 2.016
23 1 0.146 -0.455 2.363
23 2 0.143 -0.401 2.354
23 3 0.127 -0.131 2.323
23 4 0.144 0.038 2.312
23 5 -0.001 -0.212 2.280
23 6 -0.039 -0.410 2.222
23 7 -0.039 -0.568 2.107
23 8 -0.039 -0.620 2.073
23 9 0.270 -0.211 2.378
23 10 0.309 -0.423 2.374
23 11 0.334 -0.551 2.196
23 12 0.345 -0.487 2.061
23 13 0.080 -0.524 2.341
23 14 0.003 -0.606 1.982
23 15 -0.034 -0.836 1.938
23 16 -0.003 -0.778 1.973
23 17 0.220 -0.515 2.397
23 18 0.368 -0.605 2.064
23 19 0.358 -0.837 2.029
23 20 0.385 -0.771 2.016
24 1 0.146 -0.455 2.363
24 2 0.143 -0.401 2.354
24 3 0.127 -0.131 2.323
24 4 0.145 0.038 2.313
24 5 -0.001 -0.212 2.280
24 6 -0.039 -0.410 2.222
24 7 -0.039 -0.568 2.107
24 8 -0.039 -0.620 2.072
24 9 0.270 -0.211 2.378
24 10 0.309 -0.423 2.374
24 11 0.369 -0.528 2.219
24 12 0.345 -0.486 2.059
24 13 0.080 -0.524 2.341
24 14 0.003 -0.606 1.982
24 15 -0.034 -0.836 1.938
24 16 -0.003 -0.778 1.973
24 17 0.220 -0.515 2.397
24 18 0.368 -0.605 2.064
24 19 0.358 -0.837 2.029
24 20 0.385 -0.771 2.016
25 1 0.146 -0.455 2.363
25 2 0.143 -0.401 2.354
25 3 0.127 -0.131 2.323
25 4 0.145 0.038 2.313
25 5 -0.001 -0.212 2.280
25 6 -0.039 -0.410 2.222
25 7 -0.039 -0.568 2.107
25 8 -0.039 -0.620 2.072
25 9 0.270 -0.211 2.378
25 10 0.309 -0.423 2.374
25 11 0.385 -0.517 2.229
25 12 0.345 -0.487 2.059
25 13 0.080 -0.524 2.341
25 14 0.003 -0.606 1.982
25 15 -0.034 -0.836 1.938
25 16 -0.003 -0.778 1.974
25 17 0.221 -0.515 2.397
25 18 0.367 -0.605 2.064
25 19 0.357 -0.838 2.029
25 20 0.384 -0.772 2.015
26 1 0.146 -0.455 2.363
26 2 0.143 -0.401 2.354
26 3 0.127 -0.131 2.323
26 4 0.145 0.038 2.313
26 5 -0.001 -0.212 2.280
26 6 -0.039 -0.410 2.222
26 7 -0.039 -0.568 2.107
26 8 -0.039 -0.620 2.072
26 9 0.270 -0.211 2.378
26 10 0.309 -0.423 2.374
26 11 0.394 -0.511 2.235
26 12 0.345 -0.490 2.063
26 13 0.080 -0.524 2.341
26 14 0.003 -0.606 1.982
26 15 -0.034 -0.836 1.939
26 16 -0.003 -0.778 1.974
26 17 0.220 -0.515 2.397
26 18 0.367 -0.605 2.064
26 19 0.357 -0.838 2.030
26 20 0.384 -0.772 2.015
27 1 0.146 -0.455 2.363
27 2 0.143 -0.401 2.354
27 3 0.127 -0.131 2.323
27 4 0.145 0.038 2.313
27 5 -0.000 -0.212 2.280
27 6 -0.039 -0.410 2.222
27 7 -0.039 -0.568 2.107
27 8 -0.039 -0.620 2.072
27 9 0.270 -0.211 2.378
27 10 0.310 -0.422 2.374
27 11 0.328 -0.557 2.185
27 12 0.345 -0.492 2.065
27 13 0.079 -0.524 2.340
27 14 0.003 -0.606 1.982
27 15 -0.034 -0.836 1.939
27 16 -0.003 -0.778 1.974
27 17 0.220 -0.515 2.397
27 18 0.367 -0.605 2.064
27 19 0.357 -0.838 2.031
27 20 0.384 -0.773 2.014
28 1 0.146 -0.455 2.363
28 2 0.143 -0.401 2.354
28 3 0.127 -0.131 2.323
28 4 0.145 0.038 2.313
28 5 -0.000 -0.212 2.280
28 6 -0.039 -0.410 2.222
28 7 -0.039 -0.568 2.107
28 8 -0.039 -0.620 2.072
28 9 0.270 -0.211 2.378
28 10 0.311 -0.421 2.374
28 11 0.349 -0.539 2.200
28 12 0.345 -0.492 2.064
28 13 0.078 -0.524 2.340
28 14 0.003 -0.606 1.982
28 15 -0.034 -0.836 1.939
28 16 -0.003 -0.778 1.974
28 17 0.220 -0.515 2.396
28 18 0.366 -0.606 2.064
28 19 0.356 -0.838 2.031
28 20 0.384 -0.774 2.014
29 1 0.146 -0.455 2.363
29 2 0.143 -0.401 2.354
29 3 0.128 -0.131 2.323
29 4 0.145 0.038 2.313
29 5 -0.000 -0.212 2.280
29 6 -0.039 -0.410 2.222
29 7 -0.039 -0.568 2.107
29 8 -0.039 -0.620 2.072
29 9 0.270 -0.211 2.378
29 10 0.313 -0.420 2.374
29 11 0.351 -0.537 2.200
29 12 0.345 -0.493 2.061
29 13 0.078 -0.524 2.340
29 14 0.003 -0.606 1.982
29 15 -0.034 -0.836 1.939
29 16 -0.003 -0.779 1.974
29 17 0.219 -0.515 2.396
29 18 0.366 -0.606 2.064
29 19 0.356 -0.839 2.032
29 20 0.384 -0.774 2.014
30 1 0.145 -0.455 2.362
30 2 0.143 -0.401 2.354
30 3 0.128 -0.132 2.323
30 4 0.145 0.038 2.313
30 5 -0.000 -0.212 2.280
30 6 -0.039 -0.410 2.222
30 7 -0.039 -0.567 2.107
30 8 -0.039 -0.620 2.072
30 9 0.271 -0.211 2.378
30 10 0.315 -0.419 2.374
30 11 0.354 -0.531 2.202
30 12 0.346 -0.495 2.073
30 13 0.077 -0.524 2.339
30 14 0.004 -0.606 1.982
30 15 -0.034 -0.836 1.939
30 16 -0.003 -0.779 1.974
30 17 0.218 -0.516 2.396
30 18 0.366 -0.606 2.064
30 19 0.356 -0.839 2.033
30 20 0.384 -0.775 2.014
31 1 0.145 -0.455 2.362
31 2 0.142 -0.401 2.354
31 3 0.128 -0.132 2.323
31 4 0.145 0.038 2.313
31 5 -0.000 -0.212 2.280
31 6 -0.039 -0.410 2.222
31 7 -0.039 -0.567 2.107
31 8 -0.039 -0.620 2.072
31 9 0.271 -0.211 2.378
31 10 0.319 -0.417 2.374
31 11 0.361 -0.523 2.204
31 12 0.347 -0.497 2.080
31 13 0.076 -0.523 2.339
31 14 0.004 -0.606 1.982
31 15 -0.034 -0.836 1.938
31 16 -0.003 -0.779 1.974
31 17 0.218 -0.516 2.395
31 18 0.366 -0.606 2.064
31 19 0.356 -0.839 2.033
31 20 0.383 -0.775 2.013
32 1 0.144 -0.455 2.362
32 2 0.142 -0.401 2.354
32 3 0.128 -0.132 2.323
32 4 0.145 0.038 2.313
32 5 -0.000 -0.212 2.280
32 6 -0.038 -0.410 2.222
32 7 -0.039 -0.567 2.107
32 8 -0.039 -0.620 2.072
32 9 0.271 -0.211 2.378
32 10 0.331 -0.413 2.371
32 11 0.370 -0.516 2.204
32 12 0.347 -0.498 2.086
32 13 0.076 -0.523 2.339
32 14 0.004 -0.606 1.982
32 15 -0.034 -0.836 1.938
32 16 -0.003 -0.779 1.974
32 17 0.217 -0.516 2.395
32 18 0.366 -0.606 2.064
32 19 0.356 -0.839 2.033
32 20 0.383 -0.775 2.013
33 1 0.144 -0.455 2.362
33 2 0.142 -0.401 2.353
33 3 0.128 -0.132 2.323
33 4 0.145 0.037 2.313
33 5 -0.000 -0.212 2.280
33 6 -0.038 -0.410 2.222
33 7 -0.039 -0.567 2.107
33 8 -0.039 -0.620 2.072
33 9 0.271 -0.211 2.378
33 10 0.345 -0.404 2.370
33 11 0.362 -0.485 2.181
33 12 0.382 -0.501 2.145
33 13 0.075 -0.523 2.338
33 14 0.004 -0.606 1.982
33 15 -0.034 -0.836 1.938
33 16 -0.003 -0.779 1.974
33 17 0.217 -0.517 2.394
33 18 0.366 -0.606 2.064
33 19 0.356 -0.839 2.033
33 20 0.383 -0.775 2.013
34 1 0.144 -0.455 2.362
34 2 0.142 -0.401 2.353
34 3 0.128 -0.132 2.323
34 4 0.145 0.037 2.313
34 5 -0.000 -0.212 2.280
34 6 -0.038 -0.410 2.222
34 7 -0.039 -0.567 2.106
34 8 -0.039 -0.620 2.072
34 9 0.271 -0.211 2.378
34 10 0.370 -0.381 2.367
34 11 0.368 -0.471 2.181
34 12 0.388 -0.502 2.157
34 13 0.074 -0.523 2.338
34 14 0.004 -0.606 1.981
34 15 -0.034 -0.836 1.938
34 16 -0.003 -0.780 1.974
34 17 0.216 -0.517 2.394
34 18 0.366 -0.606 2.064
34 19 0.356 -0.839 2.033
34 20 0.383 -0.775 2.013
35 1 0.143 -0.455 2.361
35 2 0.142 -0.401 2.353
35 3 0.128 -0.132 2.323
35 4 0.145 0.037 2.313
35 5 -0.000 -0.212 2.280
35 6 -0.038 -0.410 2.222
35 7 -0.039 -0.567 2.106
35 8 -0.039 -0.620 2.072
35 9 0.271 -0.212 2.378
35 10 0.384 -0.369 2.365
35 11 0.367 -0.463 2.179
35 12 0.377 -0.501 2.155
35 13 0.074 -0.523 2.338
35 14 0.004 -0.606 1.981
35 15 -0.034 -0.835 1.938
35 16 -0.003 -0.780 1.974
35 17 0.215 -0.517 2.394
35 18 0.366 -0.606 2.064
35 19 0.356 -0.839 2.034
35 20 0.383 -0.775 2.013
36 1 0.143 -0.455 2.361
36 2 0.141 -0.401 2.353
36 3 0.128 -0.132 2.324
36 4 0.145 0.038 2.313
36 5 -0.000 -0.212 2.280
36 6 -0.038 -0.410 2.222
36 7 -0.039 -0.567 2.106
36 8 -0.039 -0.620 2.072
36 9 0.272 -0.212 2.379
36 10 0.396 -0.359 2.362
36 11 0.367 -0.456 2.179
36 12 0.370 -0.497 2.156
36 13 0.073 -0.523 2.338
36 14 0.004 -0.606 1.981
36 15 -0.034 -0.835 1.938
36 16 -0.005 -0.778 1.972
36 17 0.215 -0.518 2.393
36 18 0.366 -0.606 2.064
36 19 0.356 -0.839 2.034
36 20 0.383 -0.775 2.014
37 1 0.143 -0.455 2.361
37 2 0.141 -0.401 2.353
37 3 0.128 -0.132 2.324
37 4 0.145 0.038 2.313
37 5 0.000 -0.212 2.280
37 6 -0.038 -0.410 2.222
37 7 -0.039 -0.567 2.106
37 8 -0.039 -0.620 2.072
37 9 0.272 -0.212 2.379
37 10 0.407 -0.348 2.356
37 11 0.367 -0.450 2.179
37 12 0.363 -0.493 2.154
37 13 0.073 -0.523 2.338
37 14 0.004 -0.606 1.981
37 15 -0.034 -0.835 1.938
37 16 -0.008 -0.775 1.968
37 17 0.215 -0.518 2.393
37 18 0.366 -0.606 2.064
37 19 0.356 -0.839 2.034
37 20 0.383 -0.775 2.014
38 1 0.142 -0.455 2.361
38 2 0.141 -0.401 2.353
38 3 0.128 -0.132 2.324
38 4 0.145 0.038 2.313
38 5 0.000 -0.212 2.280
38 6 -0.038 -0.410 2.221
38 7 -0.039 -0.567 2.106
38 8 -0.039 -0.620 2.072
38 9 0.273 -0.212 2.379
38 10 0.419 -0.338 2.350
38 11 0.369 -0.446 2.180
38 12 0.349 -0.478 2.153
38 13 0.073 -0.523 2.337
38 14 0.005 -0.607 1.981
38 15 -0.034 -0.835 1.938
38 16 -0.008 -0.775 1.967
38 17 0.214 -0.518 2.393
38 18 0.365 -0.606 2.064
38 19 0.356 -0.839 2.033
38 20 0.383 -0.775 2.014
39 1 0.142 -0.455 2.361
39 2 0.141 -0.401 2.353
39 3 0.129 -0.132 2.324
39 4 0.145 0.038 2.312
39 5 0.000 -0.212 2.280
39 6 -0.038 -0.411 2.221
39 7 -0.038 -0.567 2.106
39 8 -0.039 -0.620 2.071
39 9 0.275 -0.212 2.379
39 10 0.428 -0.329 2.344
39 11 0.373 -0.439 2.180
39 12 0.342 -0.469 2.151
39 13 0.072 -0.523 2.337
39 14 0.005 -0.607 1.981
39 15 -0.034 -0.835 1.938
39 16 -0.009 -0.775 1.967
39 17 0.214 -0.519 2.392
39 18 0.365 -0.607 2.064
39 19 0.356 -0.839 2.033
39 20 0.383 -0.775 2.014
40 1 0.142 -0.455 2.360
40 2 0.141 -0.401 2.353
40 3 0.129 -0.131 2.324
40 4 0.145 0.038 2.312
40 5 0.000 -0.212 2.280
40 6 -0.037 -0.411 2.221
40 7 -0.038 -0.567 2.105
40 8 -0.039 -0.620 2.071
40 9 0.276 -0.211 2.380
40 10 0.436 -0.321 2.336
40 11 0.375 -0.432 2.177
40 12 0.338 -0.464 2.152
40 13 0.072 -0.523 2.337
40 14 0.005 -0.607 1.981
40 15 -0.034 -0.835 1.938
40 16 -0.010 -0.773 1.964
40 17 0.214 -0.519 2.392
40 18 0.365 -0.608 2.063
40 19 0.357 -0.840 2.032
40 20 0.383 -0.775 2.015
41 1 0.142 -0.455 2.360
41 2 0.141 -0.401 2.352
41 3 0.129 -0.131 2.324
41 4 0.146 0.038 2.312
41 5 0.001 -0.212 2.280
41 6 -0.037 -0.411 2.221
41 7 -0.038 -0.567 2.105
41 8 -0.039 -0.620 2.071
41 9 0.278 -0.210 2.380
41 10 0.450 -0.301 2.332
41 11 0.381 -0.413 2.180
41 12 0.335 -0.428 2.156
41 13 0.072 -0.523 2.337
41 14 0.005 -0.607 1.980
41 15 -0.034 -0.835 1.938
41 16 -0.011 -0.772 1.961
41 17 0.214 -0.519 2.391
41 18 0.365 -0.612 2.063
41 19 0.357 -0.842 2.033
41 20 0.381 -0.778 2.016
42 1 0.142 -0.455 2.360
42 2 0.141 -0.401 2.352
42 3 0.129 -0.131 2.324
42 4 0.146 0.037 2.312
42 5 0.001 -0.212 2.279
42 6 -0.037 -0.412 2.221
42 7 -0.038 -0.567 2.104
42 8 -0.039 -0.620 2.070
42 9 0.281 -0.208 2.380
42 10 0.456 -0.291 2.329
42 11 0.390 -0.391 2.175
42 12 0.335 -0.413 2.159
42 13 0.072 -0.523 2.337
42 14 0.005 -0.607 1.980
42 15 -0.034 -0.835 1.938
42 16 -0.011 -0.771 1.961
42 17 0.214 -0.519 2.390
42 18 0.365 -0.617 2.063
42 19 0.356 -0.845 2.034
42 20 0.379 -0.783 2.017
43 1 0.142 -0.455 2.360
43 2 0.141 -0.401 2.352
43 3 0.130 -0.131 2.324
43 4 0.147 0.037 2.311
43 5 0.002 -0.213 2.279
43 6 -0.036 -0.412 2.221
43 7 -0.038 -0.567 2.104
43 8 -0.038 -0.619 2.070
43 9 0.282 -0.207 2.380
43 10 0.459 -0.285 2.327
43 11 0.391 -0.373 2.156
43 12 0.333 -0.401 2.156
43 13 0.072 -0.523 2.337
43 14 0.006 -0.607 1.980
43 15 -0.034 -0.835 1.938
43 16 -0.010 -0.771 1.961
43 17 0.215 -0.519 2.390
43 18 0.365 -0.621 2.064
43 19 0.324 -0.842 2.090
43 20 0.365 -0.799 2.035
44 1 0.142 -0.454 2.359
44 2 0.141 -0.401 2.352
44 3 0.131 -0.131 2.324
44 4 0.148 0.037 2.311
44 5 0.003 -0.212 2.278
44 6 -0.036 -0.412 2.221
44 7 -0.037 -0.567 2.103
44 8 -0.038 -0.619 2.069
44 9 0.284 -0.205 2.379
44 10 0.462 -0.280 2.326
44 11 0.398 -0.350 2.108
44 12 0.341 -0.379 2.109
44 13 0.072 -0.523 2.337
44 14 0.006 -0.606 1.980
44 15 -0.034 -0.835 1.938
44 16 -0.010 -0.770 1.961
44 17 0.215 -0.519 2.389
44 18 0.365 -0.625 2.064
44 19 0.318 -0.846 2.100
44 20 0.363 -0.803 2.036
45 1 0.142 -0.454 2.359
45 2 0.141 -0.400 2.351
45 3 0.132 -0.131 2.324
45 4 0.150 0.037 2.311
45 5 0.004 -0.212 2.277
45 6 -0.035 -0.412 2.220
45 7 -0.035 -0.567 2.102
45 8 -0.036 -0.619 2.068
45 9 0.286 -0.204 2.379
45 10 0.464 -0.276 2.324
45 11 0.425 -0.317 2.063
45 12 0.400 -0.338 2.010
45 13 0.072 -0.522 2.337
45 14 0.006 -0.606 1.980
45 15 -0.034 -0.834 1.938
45 16 -0.011 -0.769 1.960
45 17 0.215 -0.518 2.389
45 18 0.365 -0.630 2.065
45 19 0.314 -0.850 2.105
45 20 0.362 -0.805 2.037
46 1 0.142 -0.454 2.359
46 2 0.141 -0.400 2.351
46 3 0.134 -0.131 2.324
46 4 0.152 0.037 2.311
46 5 0.005 -0.212 2.277
46 6 -0.035 -0.412 2.220
46 7 -0.032 -0.566 2.101
46 8 -0.034 -0.618 2.067
46 9 0.287 -0.203 2.378
46 10 0.465 -0.273 2.322
46 11 0.460 -0.268 2.059
46 12 0.469 -0.278 1.964
46 13 0.072 -0.522 2.337
46 14 0.007 -0.606 1.980
46 15 -0.034 -0.834 1.938
46 16 -0.012 -0.767 1.959
46 17 0.216 -0.518 2.388
46 18 0.365 -0.633 2.066
46 19 0.312 -0.854 2.106
46 20 0.362 -0.807 2.036
47 1 0.143 -0.454 2.358
47 2 0.142 -0.400 2.351
47 3 0.136 -0.130 2.324
47 4 0.155 0.037 2.310
47 5 0.007 -0.212 2.276
47 6 -0.034 -0.413 2.220
47 7 -0.030 -0.566 2.099
47 8 -0.032 -0.618 2.066
47 9 0.289 -0.202 2.378
47 10 0.464 -0.270 2.313
47 11 0.522 -0.237 2.055
47 12 0.558 -0.222 1.919
47 13 0.072 -0.522 2.337
47 14 0.007 -0.606 1.980
47 15 -0.034 -0.834 1.938
47 16 -0.013 -0.766 1.957
47 17 0.216 -0.518 2.388
47 18 0.365 -0.636 2.067
47 19 0.326 -0.863 2.089
47 20 0.364 -0.808 2.032
48 1 0.143 -0.453 2.358
48 2 0.142 -0.400 2.351
48 3 0.138 -0.130 2.323
48 4 0.158 0.038 2.310
48 5 0.009 -0.212 2.275
48 6 -0.033 -0.413 2.220
48 7 -0.028 -0.565 2.098
48 8 -0.030 -0.617 2.064
48 9 0.290 -0.201 2.377
48 10 0.459 -0.265 2.277
48 11 0.576 -0.217 2.067
48 12 0.623 -0.204 1.995
48 13 0.072 -0.522 2.337
48 14 0.008 -0.605 1.980
48 15 -0.035 -0.833 1.938
48 16 -0.014 -0.764 1.956
48 17 0.216 -0.518 2.388
48 18 0.365 -0.638 2.068
48 19 0.326 -0.866 2.088
48 20 0.365 -0.809 2.031
49 1 0.143 -0.453 2.358
49 2 0.142 -0.399 2.350
49 3 0.141 -0.129 2.323
49 4 0.161 0.038 2.310
49 5 0.010 -0.212 2.274
49 6 -0.032 -0.413 2.220
49 7 -0.026 -0.565 2.097
49 8 -0.028 -0.616 2.063
49 9 0.291 -0.200 2.376
49 10 0.457 -0.262 2.256
49 11 0.600 -0.214 2.080
49 12 0.683 -0.175 2.003
49 13 0.073 -0.522 2.337
49 14 0.008 -0.605 1.980
49 15 -0.035 -0.833 1.938
49 16 -0.015 -0.763 1.955
49 17 0.216 -0.517 2.387
49 18 0.365 -0.640 2.069
49 19 0.335 -0.870 2.076
49 20 0.367 -0.809 2.027
50 1 0.144 -0.453 2.358
50 2 0.143 -0.399 2.350
50 3 0.142 -0.129 2.323
50 4 0.163 0.039 2.310
50 5 0.012 -0.212 2.274
50 6 -0.031 -0.413 2.219
50 7 -0.023 -0.564 2.096
50 8 -0.025 -0.615 2.061
50 9 0.292 -0.199 2.375
50 10 0.457 -0.261 2.244
50 11 0.614 -0.219 2.090
50 12 0.708 -0.185 2.023
50 13 0.073 -0.521 2.337
50 14 0.009 -0.605 1.981
50 15 -0.035 -0.832 1.938
50 16 -0.016 -0.762 1.954
50 17 0.217 -0.517 2.387
50 18 0.365 -0.641 2.069
50 19 0.339 -0.873 2.069
50 20 0.369 -0.808 2.025
51 1 0.144 -0.452 2.358
51 2 0.144 -0.398 2.350
51 3 0.144 -0.128 2.323
51 4 0.166 0.039 2.310
51 5 0.013 -0.212 2.273
51 6 -0.030 -0.413 2.219
51 7 -0.022 -0.563 2.095
51 8 -0.023 -0.614 2.060
51 9 0.293 -0.198 2.374
51 10 0.457 -0.260 2.238
51 11 0.624 -0.227 2.100
51 12 0.736 -0.210 2.026
51 13 0.074 -0.521 2.337
51 14 0.009 -0.604 1.981
51 15 -0.035 -0.832 1.938
51 16 -0.015 -0.762 1.956
51 17 0.217 -0.516 2.387
51 18 0.365 -0.642 2.070
51 19 0.342 -0.875 2.065
51 20 0.370 -0.808 2.022
52 1 0.145 -0.452 2.358
52 2 0.145 -0.398 2.350
52 3 0.146 -0.128 2.322
52 4 0.168 0.040 2.310
52 5 0.014 -0.212 2.273
52 6 -0.029 -0.413 2.219
52 7 -0.021 -0.563 2.094
52 8 -0.022 -0.614 2.059
52 9 0.294 -0.198 2.373
52 10 0.458 -0.260 2.234
52 11 0.652 -0.262 2.078
52 12 0.725 -0.258 2.027
52 13 0.075 -0.520 2.337
52 14 0.010 -0.604 1.981
52 15 -0.035 -0.832 1.938
52 16 -0.015 -0.762 1.955
52 17 0.218 -0.515 2.386
52 18 0.365 -0.643 2.070
52 19 0.344 -0.876 2.062
52 20 0.371 -0.808 2.021
53 1 0.146 -0.451 2.357
53 2 0.146 -0.398 2.349
53 3 0.147 -0.128 2.322
53 4 0.169 0.040 2.310
53 5 0.015 -0.211 2.272
53 6 -0.029 -0.413 2.219
53 7 -0.020 -0.562 2.094
53 8 -0.021 -0.613 2.058
53 9 0.295 -0.197 2.372
53 10 0.460 -0.266 2.243
53 11 0.636 -0.300 2.093
53 12 0.711 -0.307 2.026
53 13 0.075 -0.520 2.337
53 14 0.010 -0.604 1.981
53 15 -0.035 -0.831 1.938
53 16 -0.015 -0.762 1.955
53 17 0.218 -0.515 2.386
53 18 0.365 -0.643 2.070
53 19 0.345 -0.877 2.060
53 20 0.372 -0.808 2.019
54 1 0.146 -0.451 2.357
54 2 0.146 -0.397 2.349
54 3 0.148 -0.127 2.322
54 4 0.170 0.040 2.310
54 5 0.016 -0.211 2.272
54 6 -0.028 -0.413 2.219
54 7 -0.019 -0.562 2.093
54 8 -0.020 -0.613 2.057
54 9 0.296 -0.197 2.371
54 10 0.460 -0.282 2.268
54 11 0.618 -0.333 2.105
54 12 0.668 -0.362 2.034
54 13 0.076 -0.520 2.337
54 14 0.010 -0.604 1.981
54 15 -0.036 -0.831 1.938
54 16 -0.014 -0.762 1.956
54 17 0.219 -0.514 2.386
54 18 0.365 -0.644 2.071
54 19 0.325 -0.882 2.101
54 20 0.346 -0.880 2.049
55 1 0.147 -0.451 2.357
55 2 0.147 -0.397 2.349
55 3 0.149 -0.127 2.322
55 4 0.171 0.041 2.311
55 5 0.017 -0.211 2.271
55 6 -0.027 -0.413 2.219
55 7 -0.019 -0.562 2.093
55 8 -0.019 -0.612 2.057
55 9 0.296 -0.197 2.370
55 10 0.454 -0.301 2.298
55 11 0.585 -0.367 2.132
55 12 0.615 -0.402 2.058
55 13 0.076 -0.519 2.337
55 14 0.011 -0.604 1.981
55 15 -0.036 -0.830 1.938
55 16 -0.014 -0.762 1.956
55 17 0.219 -0.514 2.386
55 18 0.365 -0.645 2.071
55 19 0.314 -0.885 2.122
55 20 0.333 -0.916 2.064
56 1 0.148 -0.450 2.357
56 2 0.148 -0.397 2.349
56 3 0.150 -0.127 2.322
56 4 0.172 0.041 2.310
56 5 0.018 -0.211 2.271
56 6 -0.026 -0.414 2.219
56 7 -0.019 -0.562 2.092
56 8 -0.019 -0.612 2.056
56 9 0.297 -0.197 2.370
56 10 0.449 -0.315 2.319
56 11 0.553 -0.397 2.162
56 12 0.565 -0.434 2.090
56 13 0.077 -0.519 2.337
56 14 0.011 -0.603 1.981
56 15 -0.036 -0.830 1.938
56 16 -0.012 -0.764 1.959
56 17 0.219 -0.513 2.386
56 18 0.365 -0.645 2.071
56 19 0.308 -0.887 2.133
56 20 0.327 -0.933 2.071
57 1 0.148 -0.450 2.357
57 2 0.148 -0.396 2.349
57 3 0.151 -0.127 2.322
57 4 0.173 0.041 2.310
57 5 0.018 -0.210 2.271
57 6 -0.026 -0.414 2.218
57 7 -0.018 -0.562 2.092
57 8 -0.018 -0.612 2.055
57 9 0.298 -0.198 2.369
57 10 0.444 -0.329 2.337
57 11 0.535 -0.417 2.173
57 12 0.537 -0.455 2.105
57 13 0.077 -0.519 2.337
57 14 0.011 -0.603 1.981
57 15 -0.036 -0.830 1.938
57 16 -0.009 -0.768 1.963
57 17 0.220 -0.513 2.386
57 18 0.365 -0.646 2.071
57 19 0.304 -0.888 2.140
57 20 0.323 -0.942 2.075
58 1 0.148 -0.450 2.356
58 2 0.149 -0.396 2.348
58 3 0.151 -0.127 2.322
58 4 0.173 0.041 2.310
58 5 0.019 -0.210 2.270
58 6 -0.025 -0.414 2.218
58 7 -0.018 -0.561 2.091
58 8 -0.018 -0.611 2.055
58 9 0.299 -0.199 2.369
58 10 0.439 -0.340 2.350
58 11 0.516 -0.440 2.175
58 12 0.515 -0.476 2.116
58 13 0.078 -0.519 2.337
58 14 0.012 -0.603 1.981
58 15 -0.037 -0.829 1.938
58 16 -0.006 -0.771 1.967
58 17 0.220 -0.513 2.385
58 18 0.365 -0.646 2.071
58 19 0.302 -0.888 2.144
58 20 0.321 -0.949 2.078
59 1 0.149 -0.450 2.356
59 2 0.149 -0.396 2.348
59 3 0.152 -0.127 2.322
59 4 0.174 0.040 2.310
59 5 0.019 -0.210 2.270
59 6 -0.025 -0.414 2.218
59 7 -0.017 -0.561 2.091
59 8 -0.017 -0.611 2.054
59 9 0.300 -0.201 2.370
59 10 0.432 -0.350 2.361
59 11 0.487 -0.463 2.198
59 12 0.500 -0.490 2.127
59 13 0.078 -0.519 2.336
59 14 0.012 -0.603 1.981
59 15 -0.037 -0.829 1.938
59 16 -0.004 -0.773 1.970
59 17 0.220 -0.513 2.385
59 18 0.365 -0.646 2.071
59 19 0.330 -0.881 2.093
59 20 0.365 -0.834 2.031
60 1 0.149 -0.450 2.356
60 2 0.149 -0.396 2.348
60 3 0.152 -0.127 2.321
60 4 0.174 0.040 2.309
60 5 0.020 -0.210 2.270
60 6 -0.024 -0.414 2.217
60 7 -0.017 -0.561 2.090
60 8 -0.017 -0.611 2.054
60 9 0.301 -0.203 2.370
60 10 0.422 -0.360 2.373
60 11 0.469 -0.490 2.231
60 12 0.484 -0.504 2.149
60 13 0.078 -0.519 2.336
60 14 0.013 -0.603 1.981
60 15 -0.037 -0.828 1.937
60 16 -0.003 -0.775 1.972
60 17 0.221 -0.514 2.385
60 18 0.366 -0.646 2.071
60 19 0.344 -0.878 2.067
60 20 0.376 -0.806 2.020
61 1 0.149 -0.450 2.356
61 2 0.150 -0.396 2.348
61 3 0.152 -0.127 2.321
61 4 0.175 0.040 2.309
61 5 0.020 -0.210 2.269
61 6 -0.024 -0.414 2.217
61 7 -0.017 -0.561 2.090
61 8 -0.016 -0.611 2.053
61 9 0.302 -0.204 2.371
61 10 0.414 -0.368 2.384
61 11 0.451 -0.501 2.244
61 12 0.468 -0.512 2.176
61 13 0.078 -0.519 2.336
61 14 0.013 -0.602 1.981
61 15 -0.037 -0.828 1.937
61 16 -0.002 -0.776 1.973
61 17 0.221 -0.514 2.385
61 18 0.367 -0.646 2.071
61 19 0.352 -0.875 2.052
61 20 0.384 -0.782 2.014
62 1 0.150 -0.450 2.356
62 2 0.150 -0.396 2.348
62 3 0.153 -0.127 2.321
62 4 0.175 0.040 2.308
62 5 0.020 -0.210 2.269
62 6 -0.023 -0.414 2.217
62 7 -0.016 -0.561 2.090
62 8 -0.016 -0.611 2.053
62 9 0.302 -0.206 2.371
62 10 0.405 -0.382 2.393
62 11 0.435 -0.516 2.253
62 12 0.455 -0.531 2.186
62 13 0.078 -0.519 2.336
62 14 0.013 -0.602 1.980
62 15 -0.038 -0.828 1.937
62 16 -0.001 -0.777 1.974
62 17 0.221 -0.515 2.384
62 18 0.372 -0.643 2.072
62 19 0.358 -0.872 2.040
62 20 0.389 -0.770 2.010
63 1 0.150 -0.450 2.355
63 2 0.150 -0.396 2.347
63 3 0.153 -0.127 2.321
63 4 0.176 0.040 2.308
63 5 0.021 -0.210 2.269
63 6 -0.023 -0.414 2.216
63 7 -0.016 -0.561 2.089
63 8 -0.015 -0.611 2.052
63 9 0.303 -0.208 2.372
63 10 0.394 -0.393 2.405
63 11 0.426 -0.521 2.258
63 12 0.444 -0.539 2.192
63 13 0.079 -0.519 2.335
63 14 0.014 -0.602 1.980
63 15 -0.038 -0.827 1.937
63 16 -0.000 -0.778 1.975
63 17 0.222 -0.515 2.384
63 18 0.375 -0.641 2.072
63 19 0.362 -0.870 2.034
63 20 0.391 -0.764 2.010
64 1 0.150 -0.450 2.355
64 2 0.151 -0.397 2.347
64 3 0.153 -0.127 2.321
64 4 0.176 0.040 2.308
64 5 0.021 -0.211 2.269
64 6 -0.022 -0.414 2.216
64 7 -0.016 -0.561 2.089
64 8 -0.015 -0.611 2.052
64 9 0.303 -0.210 2.374
64 10 0.385 -0.403 2.415
64 11 0.417 -0.522 2.262
64 12 0.416 -0.531 2.220
64 13 0.079 -0.519 2.335
64 14 0.014 -0.602 1.980
64 15 -0.038 -0.827 1.937
64 16 0.000 -0.778 1.975
64 17 0.222 -0.515 2.384
64 18 0.379 -0.638 2.072
64 19 0.365 -0.868 2.029
64 20 0.390 -0.762 2.012
65 1 0.151 -0.451 2.355
65 2 0.151 -0.397 2.347
65 3 0.154 -0.127 2.321
65 4 0.176 0.040 2.307
65 5 0.021 -0.211 2.268
65 6 -0.022 -0.414 2.216
65 7 -0.016 -0.561 2.089
65 8 -0.015 -0.611 2.052
65 9 0.303 -0.211 2.376
65 10 0.370 -0.412 2.432
65 11 0.403 -0.520 2.269
65 12 0.393 -0.525 2.244
65 13 0.080 -0.519 2.335
65 14 0.014 -0.602 1.980
65 15 -0.038 -0.827 1.937
65 16 0.000 -0.779 1.976
65 17 0.222 -0.516 2.384
65 18 0.381 -0.636 2.072
65 19 0.366 -0.866 2.026
65 20 0.388 -0.767 2.016
66 1 0.151 -0.451 2.355
66 2 0.151 -0.397 2.347
66 3 0.154 -0.127 2.321
66 4 0.177 0.039 2.307
66 5 0.022 -0.211 2.268
66 6 -0.021 -0.413 2.216
66 7 -0.016 -0.561 2.089
66 8 -0.015 -0.611 2.052
66 9 0.303 -0.213 2.377
66 10 0.361 -0.417 2.441
66 11 0.384 -0.524 2.278
66 12 0.380 -0.535 2.251
66 13 0.080 -0.519 2.334
66 14 0.015 -0.601 1.979
66 15 -0.038 -0.826 1.937
66 16 0.001 -0.779 1.976
66 17 0.223 -0.516 2.384
66 18 0.382 -0.635 2.072
66 19 0.368 -0.865 2.024
66 20 0.385 -0.775 2.020
67 1 0.152 -0.451 2.355
67 2 0.152 -0.397 2.347
67 3 0.154 -0.128 2.321
67 4 0.178 0.039 2.307
67 5 0.022 -0.210 2.268
67 6 -0.021 -0.413 2.216
67 7 -0.015 -0.561 2.089
67 8 -0.015 -0.610 2.052
67 9 0.303 -0.214 2.379
67 10 0.353 -0.422 2.446
67 11 0.365 -0.524 2.279
67 12 0.370 -0.537 2.251
67 13 0.081 -0.519 2.334
67 14 0.015 -0.601 1.979
67 15 -0.038 -0.826 1.937
67 16 0.001 -0.779 1.976
67 17 0.224 -0.516 2.385
67 18 0.382 -0.634 2.073
67 19 0.368 -0.864 2.024
67 20 0.383 -0.781 2.023
68 1 0.153 -0.451 2.355
68 2 0.153 -0.397 2.347
68 3 0.155 -0.128 2.321
68 4 0.179 0.039 2.306
68 5 0.023 -0.210 2.268
68 6 -0.021 -0.413 2.215
68 7 -0.015 -0.561 2.089
68 8 -0.015 -0.610 2.052
68 9 0.303 -0.215 2.380
68 10 0.347 -0.425 2.449
68 11 0.356 -0.524 2.279
68 12 0.355 -0.543 2.228
68 13 0.083 -0.519 2.334
68 14 0.015 -0.601 1.979
68 15 -0.039 -0.826 1.937
68 16 0.001 -0.779 1.976
68 17 0.225 -0.516 2.388
68 18 0.380 -0.633 2.074
68 19 0.366 -0.863 2.027
68 20 0.381 -0.786 2.025
69 1 0.154 -0.451 2.357
69 2 0.154 -0.397 2.348
69 3 0.155 -0.128 2.321
69 4 0.179 0.039 2.306
69 5 0.023 -0.210 2.268
69 6 -0.020 -0.413 2.215
69 7 -0.015 -0.561 2.089
69 8 -0.014 -0.610 2.052
69 9 0.302 -0.215 2.381
69 10 0.342 -0.429 2.451
69 11 0.334 -0.534 2.231
69 12 0.339 -0.547 2.178
69 13 0.085 -0.519 2.334
69 14 0.016 -0.601 1.980
69 15 -0.039 -0.825 1.937
69 16 0.001 -0.779 1.976
69 17 0.227 -0.515 2.392
69 18 0.377 -0.632 2.076
69 19 0.335 -0.873 2.089
69 20 0.358 -0.871 2.047
70 1 0.156 -0.451 2.358
70 2 0.155 -0.397 2.349
70 3 0.155 -0.129 2.321
70 4 0.180 0.038 2.306
70 5 0.023 -0.210 2.268
70 6 -0.020 -0.413 2.215
70 7 -0.015 -0.561 2.089
70 8 -0.014 -0.610 2.052
70 9 0.302 -0.215 2.383
70 10 0.338 -0.432 2.451
70 11 0.320 -0.544 2.206
70 12 0.325 -0.568 2.131
70 13 0.087 -0.519 2.334
70 14 0.016 -0.601 1.980
70 15 -0.039 -0.825 1.938
70 16 0.002 -0.779 1.976
70 17 0.229 -0.514 2.395
70 18 0.375 -0.631 2.077
70 19 0.321 -0.877 2.116
70 20 0.346 -0.914 2.059
71 1 0.157 -0.451 2.359
71 2 0.156 -0.397 2.350
71 3 0.155 -0.129 2.321
71 4 0.180 0.038 2.306
71 5 0.023 -0.210 2.268
71 6 -0.020 -0.413 2.215
71 7 -0.015 -0.561 2.089
71 8 -0.014 -0.610 2.052
71 9 0.301 -0.215 2.385
71 10 0.335 -0.433 2.452
71 11 0.314 -0.547 2.197
71 12 0.319 -0.576 2.111
71 13 0.089 -0.519 2.335
71 14 0.016 -0.600 1.981
71 15 -0.039 -0.824 1.938
71 16 0.002 -0.779 1.976
71 17 0.231 -0.513 2.398
71 18 0.372 -0.631 2.079
71 19 0.314 -0.880 2.130
71 20 0.341 -0.933 2.063
72 1 0.159 -0.450 2.360
72 2 0.157 -0.397 2.351
72 3 0.155 -0.130 2.322
72 4 0.181 0.037 2.305
72 5 0.024 -0.210 2.268
72 6 -0.020 -0.412 2.215
72 7 -0.015 -0.561 2.090
72 8 -0.014 -0.610 2.052
72 9 0.300 -0.215 2.386
72 10 0.334 -0.435 2.452
72 11 0.311 -0.549 2.192
72 12 0.316 -0.581 2.099
72 13 0.091 -0.519 2.336
72 14 0.017 -0.600 1.981
72 15 -0.039 -0.824 1.938
72 16 0.001 -0.772 1.968
72 17 0.232 -0.513 2.401
72 18 0.370 -0.630 2.080
72 19 0.310 -0.881 2.138
72 20 0.338 -0.945 2.067
73 1 0.160 -0.450 2.362
73 2 0.158 -0.397 2.352
73 3 0.154 -0.131 2.323
73 4 0.181 0.036 2.305
73 5 0.024 -0.210 2.269
73 6 -0.020 -0.412 2.215
73 7 -0.015 -0.561 2.090
73 8 -0.014 -0.610 2.052
73 9 0.298 -0.215 2.388
73 10 0.332 -0.435 2.452
73 11 0.317 -0.546 2.189
73 12 0.318 -0.582 2.091
73 13 0.092 -0.520 2.336
73 14 0.017 -0.600 1.982
73 15 -0.039 -0.824 1.939
73 16 0.001 -0.770 1.966
73 17 0.233 -0.512 2.403
73 18 0.368 -0.630 2.081
73 19 0.307 -0.882 2.144
73 20 0.336 -0.952 2.068
74 1 0.161 -0.450 2.363
74 2 0.159 -0.398 2.353
74 3 0.154 -0.131 2.323
74 4 0.181 0.036 2.304
74 5 0.024 -0.210 2.269
74 6 -0.020 -0.412 2.215
74 7 -0.015 -0.561 2.091
74 8 -0.014 -0.610 2.053
74 9 0.297 -0.214 2.389
74 10 0.332 -0.434 2.451
74 11 0.319 -0.545 2.190
74 12 0.317 -0.584 2.085
74 13 0.094 -0.520 2.337
74 14 0.017 -0.599 1.983
74 15 -0.039 -0.823 1.939
74 16 0.001 -0.769 1.965
74 17 0.234 -0.512 2.404
74 18 0.367 -0.629 2.081
74 19 0.306 -0.883 2.147
74 20 0.336 -0.954 2.069
75 1 0.162 -0.451 2.364
75 2 0.159 -0.398 2.354
75 3 0.153 -0.132 2.324
75 4 0.180 0.036 2.304
75 5 0.024 -0.211 2.270
75 6 -0.020 -0.412 2.216
75 7 -0.016 -0.561 2.091
75 8 -0.015 -0.610 2.053
75 9 0.297 -0.214 2.391
75 10 0.332 -0.431 2.450
75 11 0.321 -0.543 2.194
75 12 0.318 -0.585 2.082
75 13 0.095 -0.520 2.337
75 14 0.017 -0.599 1.984
75 15 -0.039 -0.823 1.940
75 16 0.001 -0.768 1.965
75 17 0.235 -0.512 2.405
75 18 0.366 -0.629 2.082
75 19 0.306 -0.884 2.148
75 20 0.337 -0.953 2.067
76 1 0.162 -0.451 2.364
76 2 0.160 -0.398 2.355
76 3 0.153 -0.133 2.325
76 4 0.180 0.036 2.304
76 5 0.023 -0.211 2.270
76 6 -0.020 -0.412 2.216
76 7 -0.016 -0.561 2.092
76 8 -0.015 -0.610 2.053
76 9 0.296 -0.213 2.392
76 10 0.332 -0.429 2.446
76 11 0.323 -0.543 2.194
76 12 0.320 -0.586 2.083
76 13 0.096 -0.520 2.338
76 14 0.017 -0.599 1.984
76 15 -0.039 -0.822 1.940
76 16 0.002 -0.768 1.965
76 17 0.235 -0.512 2.406
76 18 0.366 -0.629 2.082
76 19 0.306 -0.884 2.146
76 20 0.339 -0.949 2.065
77 1 0.163 -0.451 2.365
77 2 0.160 -0.398 2.355
77 3 0.152 -0.133 2.326
77 4 0.180 0.035 2.303
77 5 0.023 -0.211 2.271
77 6 -0.021 -0.412 2.216
77 7 -0.016 -0.561 2.092
77 8 -0.015 -0.610 2.054
77 9 0.295 -0.213 2.393
77 10 0.333 -0.426 2.442
77 11 0.323 -0.543 2.194
77 12 0.321 -0.587 2.085
77 13 0.096 -0.521 2.338
77 14 0.017 -0.598 1.985
77 15 -0.039 -0.822 1.941
77 16 0.001 -0.766 1.964
77 17 0.236 -0.512 2.407
77 18 0.365 -0.629 2.082
77 19 0.308 -0.884 2.144
77 20 0.341 -0.944 2.063
78 1 0.163 -0.451 2.365
78 2 0.161 -0.398 2.355
78 3 0.151 -0.134 2.327
78 4 0.179 0.035 2.303
78 5 0.023 -0.211 2.272
78 6 -0.022 -0.412 2.217
78 7 -0.018 -0.561 2.094
78 8 -0.016 -0.610 2.055
78 9 0.295 -0.212 2.393
78 10 0.333 -0.425 2.439
78 11 0.324 -0.543 2.195
78 12 0.323 -0.587 2.086
78 13 0.097 -0.521 2.338
78 14 0.017 -0.598 1.986
78 15 -0.039 -0.822 1.941
78 16 0.001 -0.765 1.964
78 17 0.236 -0.512 2.407
78 18 0.364 -0.629 2.082
78 19 0.309 -0.884 2.141
78 20 0.342 -0.939 2.061
79 1 0.163 -0.451 2.365
79 2 0.161 -0.398 2.356
79 3 0.150 -0.134 2.327
79 4 0.179 0.035 2.302
79 5 0.022 -0.212 2.273
79 6 -0.023 -0.411 2.218
79 7 -0.020 -0.561 2.096
79 8 -0.017 -0.611 2.056
79 9 0.294 -0.212 2.394
79 10 0.332 -0.424 2.434
79 11 0.325 -0.543 2.194
79 12 0.325 -0.587 2.088
79 13 0.097 -0.521 2.339
79 14 0.017 -0.598 1.986
79 15 -0.039 -0.822 1.942
79 16 0.001 -0.765 1.964
79 17 0.237 -0.512 2.407
79 18 0.364 -0.629 2.082
79 19 0.311 -0.883 2.138
79 20 0.344 -0.935 2.059
80 1 0.164 -0.451 2.366
80 2 0.161 -0.398 2.356
80 3 0.149 -0.135 2.328
80 4 0.178 0.035 2.302
80 5 0.021 -0.212 2.275
80 6 -0.024 -0.411 2.219
80 7 -0.023 -0.561 2.098
80 8 -0.020 -0.611 2.058
80 9 0.294 -0.212 2.394
80 10 0.331 -0.423 2.429
80 11 0.326 -0.544 2.193
80 12 0.326 -0.586 2.090
80 13 0.098 -0.522 2.339
80 14 0.017 -0.598 1.987
80 15 -0.039 -0.821 1.942
80 16 0.001 -0.763 1.963
80 17 0.237 -0.512 2.407
80 18 0.364 -0.629 2.082
80 19 0.312 -0.883 2.136
80 20 0.345 -0.931 2.058
81 1 0.164 -0.451 2.366
81 2 0.161 -0.399 2.356
81 3 0.148 -0.135 2.328
81 4 0.177 0.035 2.301
81 5 0.020 -0.212 2.276
81 6 -0.025 -0.411 2.220
81 7 -0.026 -0.562 2.100
81 8 -0.023 -0.612 2.060
81 9 0.293 -0.212 2.394
81 10 0.330 -0.423 2.424
81 11 0.328 -0.543 2.190
81 12 0.330 -0.583 2.092
81 13 0.098 -0.522 2.339
81 14 0.016 -0.598 1.987
81 15 -0.038 -0.821 1.943
81 16 0.001 -0.763 1.964
81 17 0.238 -0.513 2.407
81 18 0.363 -0.629 2.081
81 19 0.313 -0.882 2.133
81 20 0.345 -0.928 2.057
82 1 0.164 -0.452 2.366
82 2 0.161 -0.399 2.357
82 3 0.147 -0.136 2.328
82 4 0.177 0.034 2.301
82 5 0.019 -0.212 2.278
82 6 -0.026 -0.411 2.221
82 7 -0.029 -0.562 2.101
82 8 -0.025 -0.612 2.061
82 9 0.292 -0.212 2.393
82 10 0.325 -0.424 2.416
82 11 0.329 -0.541 2.185
82 12 0.332 -0.578 2.092
82 13 0.098 -0.522 2.339
82 14 0.016 -0.597 1.988
82 15 -0.038 -0.821 1.943
82 16 0.001 -0.763 1.965
82 17 0.238 -0.514 2.406
82 18 0.363 -0.629 2.080
82 19 0.314 -0.882 2.131
82 20 0.346 -0.925 2.056
83 1 0.164 -0.452 2.366
83 2 0.161 -0.399 2.357
83 3 0.146 -0.136 2.329
83 4 0.176 0.033 2.299
83 5 0.018 -0.212 2.279
83 6 -0.026 -0.411 2.221
83 7 -0.030 -0.563 2.102
83 8 -0.027 -0.613 2.063
83 9 0.291 -0.213 2.393
83 10 0.322 -0.424 2.411
83 11 0.331 -0.538 2.178
83 12 0.334 -0.573 2.093
83 13 0.098 -0.523 2.340
83 14 0.015 -0.597 1.988
83 15 -0.038 -0.821 1.944
83 16 0.002 -0.764 1.967
83 17 0.238 -0.514 2.406
83 18 0.362 -0.628 2.079
83 19 0.315 -0.881 2.129
83 20 0.346 -0.923 2.055
84 1 0.164 -0.453 2.366
84 2 0.161 -0.400 2.357
84 3 0.145 -0.137 2.329
84 4 0.176 0.032 2.298
84 5 0.018 -0.212 2.280
84 6 -0.027 -0.412 2.222
84 7 -0.032 -0.563 2.103
84 8 -0.029 -0.613 2.064
84 9 0.290 -0.214 2.392
84 10 0.321 -0.424 2.407
84 11 0.332 -0.537 2.174
84 12 0.336 -0.570 2.093
84 13 0.098 -0.523 2.340
84 14 0.014 -0.597 1.988
84 15 -0.038 -0.821 1.944
84 16 0.002 -0.764 1.969
84 17 0.239 -0.515 2.405
84 18 0.362 -0.628 2.077
84 19 0.316 -0.881 2.128
84 20 0.346 -0.922 2.054
85 1 0.164 -0.453 2.366
85 2 0.161 -0.400 2.357
85 3 0.144 -0.137 2.329
85 4 0.175 0.032 2.296
85 5 0.017 -0.213 2.281
85 6 -0.028 -0.412 2.222
85 7 -0.033 -0.563 2.104
85 8 -0.030 -0.613 2.065
85 9 0.289 -0.214 2.391
85 10 0.319 -0.424 2.405
85 11 0.328 -0.541 2.173
85 12 0.335 -0.570 2.095
85 13 0.098 -0.523 2.340
85 14 0.014 -0.597 1.989
85 15 -0.037 -0.821 1.944
85 16 0.003 -0.765 1.971
85 17 0.239 -0.516 2.405
85 18 0.361 -0.628 2.076
85 19 0.316 -0.880 2.127
85 20 0.346 -0.920 2.053
86 1 0.164 -0.454 2.366
86 2 0.161 -0.401 2.357
86 3 0.143 -0.138 2.328
86 4 0.175 0.030 2.293
86 5 0.016 -0.213 2.281
86 6 -0.028 -0.412 2.222
86 7 -0.034 -0.564 2.104
86 8 -0.032 -0.614 2.065
86 9 0.289 -0.215 2.391
86 10 0.318 -0.424 2.404
86 11 0.327 -0.543 2.172
86 12 0.287 -0.575 2.120
86 13 0.098 -0.524 2.340
86 14 0.013 -0.597 1.989
86 15 -0.037 -0.821 1.945
86 16 0.003 -0.766 1.973
86 17 0.239 -0.517 2.404
86 18 0.361 -0.628 2.076
86 19 0.317 -0.880 2.126
86 20 0.346 -0.919 2.053
87 1 0.164 -0.455 2.366
87 2 0.161 -0.401 2.357
87 3 0.143 -0.138 2.328
87 4 0.175 0.028 2.289
87 5 0.016 -0.213 2.282
87 6 -0.029 -0.412 2.223
87 7 -0.035 -0.564 2.104
87 8 -0.033 -0.614 2.066
87 9 0.288 -0.216 2.390
87 10 0.318 -0.425 2.403
87 11 0.325 -0.545 2.172
87 12 0.259 -0.580 2.136
87 13 0.098 -0.524 2.340
87 14 0.012 -0.597 1.990
87 15 -0.036 -0.821 1.946
87 16 0.001 -0.764 1.971
87 17 0.239 -0.517 2.404
87 18 0.360 -0.628 2.075
87 19 0.317 -0.879 2.125
87 20 0.346 -0.918 2.053
88 1 0.164 -0.455 2.366
88 2 0.160 -0.402 2.357
88 3 0.142 -0.139 2.328
88 4 0.175 0.026 2.287
88 5 0.016 -0.213 2.282
88 6 -0.030 -0.412 2.223
88 7 -0.036 -0.564 2.105
88 8 -0.034 -0.614 2.067
88 9 0.287 -0.218 2.389
88 10 0.317 -0.425 2.402
88 11 0.324 -0.547 2.172
88 12 0.248 -0.581 2.141
88 13 0.098 -0.525 2.340
88 14 0.011 -0.597 1.990
88 15 -0.036 -0.821 1.946
88 16 0.000 -0.763 1.971
88 17 0.239 -0.518 2.403
88 18 0.360 -0.628 2.074
88 19 0.336 -0.865 2.078
88 20 0.367 -0.834 2.031
89 1 0.163 -0.456 2.366
89 2 0.160 -0.403 2.357
89 3 0.142 -0.139 2.327
89 4 0.177 0.024 2.284
89 5 0.015 -0.213 2.282
89 6 -0.030 -0.412 2.222
89 7 -0.036 -0.565 2.105
89 8 -0.035 -0.615 2.067
89 9 0.287 -0.219 2.389
89 10 0.317 -0.425 2.402
89 11 0.322 -0.550 2.173
89 12 0.241 -0.582 2.145
89 13 0.097 -0.525 2.340
89 14 0.011 -0.597 1.990
89 15 -0.020 -0.836 2.007
89 16 0.009 -0.837 1.972
89 17 0.239 -0.519 2.403
89 18 0.360 -0.628 2.074
89 19 0.347 -0.857 2.052
89 20 0.377 -0.791 2.020
90 1 0.163 -0.456 2.366
90 2 0.160 -0.403 2.356
90 3 0.142 -0.139 2.326
90 4 0.178 0.024 2.282
90 5 0.015 -0.213 2.283
90 6 -0.031 -0.412 2.222
90 7 -0.036 -0.565 2.105
90 8 -0.036 -0.616 2.068
90 9 0.287 -0.221 2.388
90 10 0.316 -0.425 2.401
90 11 0.321 -0.552 2.173
90 12 0.237 -0.583 2.147
90 13 0.097 -0.525 2.340
90 14 0.010 -0.597 1.990
90 15 -0.014 -0.841 2.031
90 16 0.013 -0.871 1.973
90 17 0.239 -0.519 2.402
90 18 0.360 -0.628 2.074
90 19 0.351 -0.854 2.041
90 20 0.382 -0.774 2.016
91 1 0.163 -0.457 2.366
91 2 0.160 -0.403 2.356
91 3 0.141 -0.140 2.325
91 4 0.179 0.022 2.280
91 5 0.015 -0.213 2.283
91 6 -0.031 -0.412 2.221
91 7 -0.037 -0.566 2.105
91 8 -0.036 -0.617 2.069
91 9 0.288 -0.222 2.388
91 10 0.316 -0.426 2.401
91 11 0.324 -0.551 2.172
91 12 0.248 -0.580 2.141
91 13 0.097 -0.526 2.340
91 14 0.010 -0.597 1.990
91 15 -0.010 -0.844 2.043
91 16 0.015 -0.887 1.973
91 17 0.239 -0.520 2.402
91 18 0.360 -0.628 2.073
91 19 0.354 -0.852 2.034
91 20 0.384 -0.763 2.013
92 1 0.163 -0.457 2.365
92 2 0.160 -0.404 2.356
92 3 0.141 -0.140 2.324
92 4 0.180 0.020 2.278
92 5 0.015 -0.213 2.283
92 6 -0.032 -0.412 2.220
92 7 -0.037 -0.567 2.105
92 8 -0.036 -0.617 2.069
92 9 0.288 -0.223 2.387
92 10 0.316 -0.427 2.401
92 11 0.326 -0.550 2.171
92 12 0.260 -0.577 2.136
92 13 0.097 -0.526 2.341
92 14 0.009 -0.596 1.991
92 15 -0.008 -0.846 2.051
92 16 0.016 -0.897 1.973
92 17 0.239 -0.520 2.402
92 18 0.360 -0.628 2.073
92 19 0.356 -0.851 2.030
92 20 0.385 -0.760 2.013
93 1 0.163 -0.457 2.365
93 2 0.160 -0.404 2.356
93 3 0.142 -0.141 2.322
93 4 0.182 0.019 2.275
93 5 0.015 -0.213 2.282
93 6 -0.032 -0.413 2.219
93 7 -0.037 -0.568 2.105
93 8 -0.037 -0.618 2.069
93 9 0.288 -0.224 2.387
93 10 0.316 -0.428 2.401
93 11 0.329 -0.548 2.169
93 12 0.267 -0.574 2.133
93 13 0.097 -0.526 2.341
93 14 0.009 -0.596 1.991
93 15 -0.007 -0.847 2.057
93 16 0.017 -0.904 1.973
93 17 0.239 -0.520 2.402
93 18 0.360 -0.628 2.073
93 19 0.356 -0.851 2.028
93 20 0.383 -0.765 2.013
94 1 0.163 -0.457 2.365
94 2 0.160 -0.404 2.356
94 3 0.142 -0.141 2.321
94 4 0.183 0.018 2.273
94 5 0.015 -0.213 2.282
94 6 -0.033 -0.413 2.219
94 7 -0.037 -0.568 2.105
94 8 -0.037 -0.618 2.069
94 9 0.288 -0.225 2.387
94 10 0.316 -0.428 2.402
94 11 0.331 -0.547 2.169
94 12 0.271 -0.573 2.131
94 13 0.097 -0.526 2.341
94 14 0.009 -0.596 1.991
94 15 -0.019 -0.833 2.000
94 16 0.001 -0.794 1.960
94 17 0.239 -0.521 2.402
94 18 0.360 -0.628 2.073
94 19 0.356 -0.851 2.029
94 20 0.382 -0.771 2.015
95 1 0.163 -0.458 2.365
95 2 0.160 -0.404 2.356
95 3 0.142 -0.142 2.319
95 4 0.186 0.018 2.270
95 5 0.015 -0.213 2.281
95 6 -0.033 -0.413 2.218
95 7 -0.037 -0.568 2.105
95 8 -0.037 -0.619 2.069
95 9 0.289 -0.226 2.386
95 10 0.321 -0.430 2.408
95 11 0.332 -0.546 2.171
95 12 0.273 -0.572 2.132
95 13 0.097 -0.526 2.341
95 14 0.009 -0.596 1.991
95 15 -0.024 -0.826 1.974
95 16 -0.001 -0.764 1.959
95 17 0.239 -0.521 2.401
95 18 0.360 -0.628 2.073
95 19 0.355 -0.852 2.031
95 20 0.380 -0.778 2.016
96 1 0.163 -0.458 2.365
96 2 0.160 -0.405 2.355
96 3 0.143 -0.142 2.317
96 4 0.190 0.017 2.266
96 5 0.016 -0.213 2.281
96 6 -0.033 -0.413 2.218
96 7 -0.037 -0.569 2.104
96 8 -0.037 -0.619 2.069
96 9 0.291 -0.228 2.386
96 10 0.324 -0.432 2.412
96 11 0.333 -0.546 2.172
96 12 0.273 -0.571 2.134
96 13 0.097 -0.526 2.341
96 14 0.009 -0.596 1.991
96 15 -0.029 -0.821 1.955
96 16 -0.001 -0.744 1.961
96 17 0.239 -0.521 2.401
96 18 0.360 -0.628 2.073
96 19 0.354 -0.853 2.034
96 20 0.379 -0.782 2.018
97 1 0.164 -0.458 2.365
97 2 0.161 -0.405 2.355
97 3 0.145 -0.142 2.315
97 4 0.198 0.018 2.260
97 5 0.016 -0.213 2.280
97 6 -0.033 -0.413 2.218
97 7 -0.037 -0.569 2.104
97 8 -0.037 -0.619 2.069
97 9 0.293 -0.229 2.385
97 10 0.326 -0.434 2.414
97 11 0.334 -0.545 2.172
97 12 0.274 -0.571 2.134
97 13 0.097 -0.526 2.341
97 14 0.009 -0.596 1.991
97 15 -0.023 -0.829 1.985
97 16 0.006 -0.810 1.967
97 17 0.240 -0.522 2.401
97 18 0.360 -0.628 2.072
97 19 0.353 -0.854 2.035
97 20 0.378 -0.786 2.019
98 1 0.165 -0.458 2.364
98 2 0.161 -0.405 2.354
98 3 0.146 -0.143 2.312
98 4 0.204 0.016 2.255
98 5 0.017 -0.213 2.279
98 6 -0.033 -0.414 2.217
98 7 -0.036 -0.569 2.102
98 8 -0.035 -0.619 2.067
98 9 0.295 -0.231 2.385
98 10 0.328 -0.435 2.416
98 11 0.334 -0.544 2.173
98 12 0.275 -0.570 2.135
98 13 0.097 -0.526 2.341
98 14 0.008 -0.596 1.991
98 15 -0.019 -0.834 2.004
98 16 0.011 -0.850 1.970
98 17 0.241 -0.522 2.401
98 18 0.360 -0.628 2.072
98 19 0.353 -0.855 2.037
98 20 0.377 -0.789 2.019
99 1 0.165 -0.458 2.364
99 2 0.162 -0.405 2.354
99 3 0.148 -0.144 2.310
99 4 0.209 0.012 2.251
99 5 0.019 -0.213 2.277
99 6 -0.033 -0.414 2.216
99 7 -0.031 -0.569 2.099
99 8 -0.032 -0.620 2.065
99 9 0.298 -0.233 2.384
99 10 0.329 -0.438 2.415
99 11 0.335 -0.543 2.172
99 12 0.276 -0.570 2.134
99 13 0.097 -0.526 2.340
99 14 0.008 -0.596 1.991
99 15 -0.017 -0.837 2.017
99 16 0.013 -0.870 1.971
99 17 0.241 -0.522 2.401
99 18 0.360 -0.628 2.072
99 19 0.352 -0.856 2.039
99 20 0.377 -0.791 2.020
100 1 0.166 -0.458 2.364
100 2 0.163 -0.405 2.353
100 3 0.150 -0.146 2.308
100 4 0.213 0.009 2.248
100 5 0.020 -0.213 2.275
100 6 -0.033 -0.415 2.215
100 7 -0.028 -0.569 2.097
100 8 -0.029 -0.620 2.064
100 9 0.300 -0.234 2.383
100 10 0.329 -0.440 2.414
100 11 0.335 -0.543 2.170
100 12 0.276 -0.570 2.132
100 13 0.098 -0.527 2.340
100 14 0.008 -0.596 1.991
100 15 -0.015 -0.839 2.025
100 16 0.015 -0.881 1.972
100 17 0.242 -0.523 2.401
100 18 0.360 -0.628 2.072
100 19 0.351 -0.856 2.041
100 20 0.377 -0.792 2.020
101 1 0.166 -0.458 2.363
101 2 0.163 -0.406 2.352
101 3 0.151 -0.147 2.306
101 4 0.216 0.005 2.245
101 5 0.023 -0.214 2.273
101 6 -0.032 -0.415 2.214
101 7 -0.026 -0.570 2.095
101 8 -0.028 -0.620 2.062
101 9 0.302 -0.236 2.382
101 10 0.329 -0.442 2.412
101 11 0.336 -0.541 2.169
101 12 0.276 -0.570 2.131
101 13 0.098 -0.527 2.340
101 14 0.008 -0.596 1.991
101 15 -0.013 -0.841 2.030
101 16 0.016 -0.888 1.972
101 17 0.243 -0.523 2.401
101 18 0.360 -0.628 2.072
101 19 0.351 -0.857 2.043
101 20 0.376 -0.793 2.021
102 1 0.167 -0.459 2.362
102 2 0.164 -0.406 2.351
102 3 0.153 -0.148 2.304
102 4 0.218 0.002 2.242
102 5 0.025 -0.215 2.271
102 6 -0.032 -0.416 2.214
102 7 -0.025 -0.570 2.094
102 8 -0.027 -0.620 2.061
102 9 0.303 -0.237 2.381
102 10 0.328 -0.439 2.405
102 11 0.335 -0.534 2.159
102 12 0.275 -0.567 2.124
102 13 0.098 -0.527 2.340
102 14 0.008 -0.596 1.991
102 15 -0.012 -0.842 2.033
102 16 0.016 -0.892 1.972
102 17 0.243 -0.524 2.401
102 18 0.360 -0.628 2.072
102 19 0.350 -0.857 2.044
102 20 0.376 -0.794 2.021
103 1 0.168 -0.459 2.362
103 2 0.166 -0.407 2.350
103 3 0.154 -0.149 2.302
103 4 0.221 -0.000 2.239
103 5 0.028 -0.215 2.269
103 6 -0.031 -0.416 2.213
103 7 -0.024 -0.570 2.093
103 8 -0.025 -0.621 2.060
103 9 0.305 -0.237 2.380
103 10 0.327 -0.435 2.399
103 11 0.335 -0.529 2.154
103 12 0.275 -0.564 2.121
103 13 0.100 -0.527 2.339
103 14 0.008 -0.595 1.991
103 15 -0.012 -0.842 2.036
103 16 0.017 -0.896 1.972
103 17 0.244 -0.524 2.401
103 18 0.361 -0.628 2.071
103 19 0.350 -0.857 2.045
103 20 0.376 -0.795 2.021
104 1 0.169 -0.460 2.361
104 2 0.167 -0.408 2.349
104 3 0.156 -0.150 2.299
104 4 0.223 -0.002 2.236
104 5 0.030 -0.215 2.268
104 6 -0.031 -0.417 2.212
104 7 -0.023 -0.570 2.092
104 8 -0.024 -0.621 2.059
104 9 0.306 -0.238 2.379
104 10 0.327 -0.434 2.396
104 11 0.335 -0.526 2.150
104 12 0.275 -0.563 2.119
104 13 0.101 -0.528 2.339
104 14 0.008 -0.595 1.991
104 15 -0.011 -0.843 2.038
104 16 0.017 -0.898 1.972
104 17 0.245 -0.525 2.401
104 18 0.361 -0.628 2.071
104 19 0.350 -0.857 2.045
104 20 0.376 -0.795 2.021
105 1 0.171 -0.460 2.360
105 2 0.169 -0.409 2.348
105 3 0.158 -0.151 2.296
105 4 0.224 -0.002 2.233
105 5 0.033 -0.216 2.265
105 6 -0.030 -0.417 2.211
105 7 -0.023 -0.571 2.092
105 8 -0.023 -0.621 2.059
105 9 0.308 -0.238 2.376
105 10 0.327 -0.433 2.394
105 11 0.336 -0.524 2.147
105 12 0.275 -0.562 2.117
105 13 0.102 -0.528 2.338
105 14 0.008 -0.595 1.991
105 15 -0.011 -0.843 2.039
105 16 0.018 -0.899 1.972
105 17 0.246 -0.525 2.401
105 18 0.361 -0.628 2.071
105 19 0.350 -0.857 2.045
105 20 0.376 -0.795 2.021
106 1 0.172 -0.461 2.359
106 2 0.170 -0.409 2.346
106 3 0.160 -0.152 2.291
106 4 0.225 -0.002 2.229
106 5 0.035 -0.216 2.263
106 6 -0.029 -0.417 2.210
106 7 -0.023 -0.571 2.092
106 8 -0.023 -0.622 2.058
106 9 0.310 -0.238 2.374
106 10 0.327 -0.433 2.392
106 11 0.336 -0.522 2.145
106 12 0.275 -0.562 2.116
106 13 0.103 -0.529 2.337
106 14 0.008 -0.595 1.991
106 15 -0.010 -0.843 2.040
106 16 0.018 -0.899 1.972
106 17 0.247 -0.525 2.401
106 18 0.362 -0.628 2.070
106 19 0.350 -0.858 2.046
106 20 0.376 -0.796 2.021
107 1 0.174 -0.461 2.358
107 2 0.172 -0.409 2.344
107 3 0.162 -0.152 2.288
107 4 0.226 -0.001 2.226
107 5 0.038 -0.216 2.261
107 6 -0.027 -0.418 2.208
107 7 -0.023 -0.572 2.092
107 8 -0.024 -0.623 2.058
107 9 0.311 -0.238 2.371
107 10 0.286 -0.417 2.280
107 11 0.305 -0.539 2.114
107 12 0.246 -0.589 2.078
107 13 0.105 -0.529 2.337
107 14 0.009 -0.595 1.990
107 15 -0.010 -0.844 2.040
107 16 0.018 -0.899 1.971
107 17 0.248 -0.525 2.400
107 18 0.362 -0.628 2.070
107 19 0.350 -0.858 2.046
107 20 0.376 -0.796 2.021
108 1 0.175 -0.461 2.357
108 2 0.173 -0.410 2.343
108 3 0.163 -0.153 2.284
108 4 0.227 0.000 2.223
108 5 0.040 -0.216 2.259
108 6 -0.026 -0.418 2.206
108 7 0.001 -0.566 2.082
108 8 -0.003 -0.618 2.050
108 9 0.313 -0.238 2.369
108 10 0.262 -0.407 2.211
108 11 0.291 -0.547 2.099
108 12 0.230 -0.605 2.056
108 13 0.106 -0.529 2.336
108 14 0.009 -0.595 1.990
108 15 -0.010 -0.844 2.041
108 16 0.018 -0.898 1.971
108 17 0.250 -0.526 2.400
108 18 0.362 -0.628 2.069
108 19 0.350 -0.858 2.046
108 20 0.376 -0.796 2.021
109 1 0.176 -0.461 2.356
109 2 0.175 -0.410 2.341
109 3 0.165 -0.153 2.281
109 4 0.228 0.001 2.220
109 5 0.042 -0.216 2.258
109 6 -0.024 -0.418 2.205
109 7 0.045 -0.544 2.068
109 8 0.059 -0.588 2.031
109 9 0.314 -0.238 2.367
109 10 0.291 -0.448 2.291
109 11 0.292 -0.553 2.096
109 12 0.236 -0.605 2.065
109 13 0.107 -0.529 2.335
109 14 0.009 -0.595 1.990
109 15 -0.009 -0.844 2.041
109 16 0.018 -0.898 1.971
109 17 0.251 -0.526 2.399
109 18 0.363 -0.629 2.069
109 19 0.350 -0.858 2.046
109 20 0.376 -0.796 2.021
110 1 0.178 -0.462 2.354
110 2 0.176 -0.410 2.340
110 3 0.166 -0.153 2.278
110 4 0.230 0.002 2.217
110 5 0.044 -0.216 2.256
110 6 -0.022 -0.418 2.203
110 7 0.059 -0.539 2.063
110 8 0.077 -0.581 2.024
110 9 0.316 -0.238 2.365
110 10 0.302 -0.466 2.319
110 11 0.297 -0.557 2.095
110 12 0.242 -0.605 2.072
110 13 0.108 -0.529 2.334
110 14 0.009 -0.595 1.989
110 15 -0.009 -0.844 2.041
110 16 0.019 -0.897 1.971
110 17 0.252 -0.526 2.399
110 18 0.364 -0.629 2.068
110 19 0.350 -0.858 2.046
110 20 0.376 -0.796 2.021
111 1 0.178 -0.462 2.353
111 2 0.177 -0.410 2.339
111 3 0.167 -0.154 2.276
111 4 0.231 0.003 2.214
111 5 0.045 -0.216 2.254
111 6 -0.021 -0.419 2.201
111 7 0.066 -0.536 2.060
111 8 0.087 -0.577 2.021
111 9 0.317 -0.238 2.364
111 10 0.306 -0.460 2.321
111 11 0.295 -0.560 2.093
111 12 0.240 -0.606 2.070
111 13 0.109 -0.529 2.334
111 14 0.010 -0.595 1.989
111 15 -0.009 -0.844 2.041
111 16 0.019 -0.896 1.970
111 17 0.252 -0.526 2.398
111 18 0.364 -0.629 2.068
111 19 0.350 -0.858 2.046
111 20 0.377 -0.797 2.021
112 1 0.179 -0.462 2.352
112 2 0.177 -0.411 2.337
112 3 0.168 -0.154 2.274
112 4 0.233 0.004 2.211
112 5 0.047 -0.216 2.252
112 6 -0.020 -0.419 2.200
112 7 0.071 -0.535 2.058
112 8 0.094 -0.574 2.018
112 9 0.318 -0.238 2.362
112 10 0.285 -0.434 2.258
112 11 0.293 -0.562 2.091
112 12 0.239 -0.609 2.067
112 13 0.110 -0.529 2.333
112 14 0.010 -0.595 1.988
112 15 -0.009 -0.844 2.041
112 16 0.019 -0.895 1.970
112 17 0.253 -0.526 2.398
112 18 0.365 -0.629 2.067
112 19 0.350 -0.858 2.046
112 20 0.377 -0.797 2.021
113 1 0.180 -0.462 2.351
113 2 0.178 -0.411 2.336
113 3 0.169 -0.154 2.272
113 4 0.234 0.004 2.208
113 5 0.048 -0.216 2.251
113 6 -0.018 -0.419 2.198
113 7 0.071 -0.536 2.057
113 8 0.098 -0.574 2.017
113 9 0.319 -0.238 2.360
113 10 0.274 -0.420 2.225
113 11 0.292 -0.563 2.090
113 12 0.238 -0.610 2.064
113 13 0.111 -0.529 2.332
113 14 0.010 -0.596 1.987
113 15 -0.008 -0.844 2.040
113 16 0.019 -0.895 1.970
113 17 0.254 -0.526 2.397
113 18 0.366 -0.630 2.066
113 19 0.351 -0.858 2.046
113 20 0.377 -0.797 2.021
114 1 0.180 -0.462 2.350
114 2 0.179 -0.411 2.335
114 3 0.169 -0.155 2.271
114 4 0.235 0.004 2.206
114 5 0.049 -0.216 2.250
114 6 -0.017 -0.419 2.196
114 7 0.075 -0.535 2.056
114 8 0.102 -0.572 2.015
114 9 0.320 -0.238 2.359
114 10 0.269 -0.414 2.209
114 11 0.291 -0.564 2.089
114 12 0.238 -0.612 2.062
114 13 0.111 -0.529 2.331
114 14 0.011 -0.596 1.986
114 15 -0.008 -0.845 2.040
114 16 0.019 -0.894 1.970
114 17 0.254 -0.526 2.396
114 18 0.367 -0.630 2.065
114 19 0.351 -0.859 2.045
114 20 0.377 -0.797 2.021
115 1 0.181 -0.462 2.349
115 2 0.179 -0.411 2.334
115 3 0.170 -0.155 2.270
115 4 0.236 0.004 2.205
115 5 0.049 -0.216 2.249
115 6 -0.016 -0.420 2.195
115 7 0.077 -0.534 2.055
115 8 0.105 -0.571 2.014
115 9 0.321 -0.238 2.357
115 10 0.267 -0.410 2.200
115 11 0.291 -0.565 2.088
115 12 0.237 -0.613 2.060
115 13 0.112 -0.529 2.330
115 14 0.011 -0.596 1.986
115 15 -0.008 -0.845 2.039
115 16 0.019 -0.894 1.970
115 17 0.255 -0.526 2.395
115 18 0.367 -0.630 2.064
115 19 0.351 -0.859 2.045
115 20 0.378 -0.797 2.021
116 1 0.181 -0.463 2.348
116 2 0.180 -0.411 2.333
116 3 0.170 -0.155 2.269
116 4 0.236 0.004 2.204
116 5 0.050 -0.216 2.248
116 6 -0.015 -0.420 2.194
116 7 0.120 -0.558 2.051
116 8 0.146 -0.604 2.029
116 9 0.321 -0.237 2.356
116 10 0.265 -0.407 2.194
116 11 0.242 -0.582 2.083
116 12 0.211 -0.633 2.038
116 13 0.113 -0.529 2.329
116 14 0.011 -0.597 1.985
116 15 -0.007 -0.845 2.039
116 16 0.019 -0.893 1.969
116 17 0.255 -0.526 2.394
116 18 0.368 -0.631 2.064
116 19 0.352 -0.859 2.044
116 20 0.378 -0.798 2.021
117 1 0.182 -0.463 2.347
117 2 0.180 -0.411 2.332
117 3 0.170 -0.155 2.269
117 4 0.237 0.004 2.204
117 5 0.050 -0.215 2.247
117 6 -0.014 -0.420 2.193
117 7 0.103 -0.551 2.051
117 8 0.151 -0.606 2.034
117 9 0.322 -0.237 2.355
117 10 0.264 -0.405 2.189
117 11 0.230 -0.581 2.085
117 12 0.198 -0.643 2.027
117 13 0.114 -0.529 2.329
117 14 0.012 -0.597 1.985
117 15 -0.007 -0.846 2.038
117 16 0.020 -0.893 1.969
117 17 0.257 -0.526 2.394
117 18 0.368 -0.631 2.063
117 19 0.352 -0.859 2.044
117 20 0.378 -0.798 2.020
118 1 0.183 -0.463 2.347
118 2 0.181 -0.411 2.332
118 3 0.170 -0.155 2.268
118 4 0.237 0.005 2.204
118 5 0.051 -0.215 2.246
118 6 -0.013 -0.420 2.192
118 7 0.098 -0.549 2.051
118 8 0.150 -0.604 2.039
118 9 0.322 -0.236 2.354
118 10 0.263 -0.404 2.187
118 11 0.222 -0.581 2.086
118 12 0.192 -0.648 2.022
118 13 0.115 -0.529 2.328
118 14 0.012 -0.597 1.985
118 15 -0.006 -0.846 2.037
118 16 0.020 -0.893 1.969
118 17 0.258 -0.526 2.393
118 18 0.369 -0.631 2.062
118 19 0.352 -0.860 2.043
118 20 0.378 -0.798 2.020
119 1 0.183 -0.462 2.346
119 2 0.181 -0.411 2.331
119 3 0.170 -0.154 2.268
119 4 0.235 0.009 2.209
119 5 0.051 -0.215 2.246
119 6 -0.013 -0.420 2.192
119 7 0.078 -0.545 2.051
119 8 0.140 -0.600 2.039
119 9 0.323 -0.236 2.353
119 10 0.263 -0.402 2.186
119 11 0.216 -0.581 2.086
119 12 0.190 -0.643 2.025
119 13 0.115 -0.529 2.328
119 14 0.012 -0.597 1.985
119 15 -0.006 -0.846 2.036
119 16 0.020 -0.893 1.968
119 17 0.258 -0.526 2.392
119 18 0.369 -0.631 2.062
119 19 0.352 -0.860 2.043
119 20 0.378 -0.798 2.020
120 1 0.184 -0.462 2.346
120 2 0.181 -0.411 2.331
120 3 0.171 -0.154 2.267
120 4 0.233 0.014 2.215
120 5 0.051 -0.215 2.245
120 6 -0.012 -0.420 2.191
120 7 0.071 -0.544 2.051
120 8 0.132 -0.597 2.038
120 9 0.323 -0.235 2.353
120 10 0.263 -0.401 2.187
120 11 0.212 -0.576 2.088
120 12 0.187 -0.644 2.023
120 13 0.116 -0.529 2.327
120 14 0.012 -0.597 1.985
120 15 -0.006 -0.847 2.036
120 16 0.020 -0.893 1.968
120 17 0.259 -0.525 2.392
120 18 0.369 -0.632 2.062
120 19 0.352 -0.860 2.043
120 20 0.378 -0.798 2.020
