1 1 -0.067 -0.398 2.713
1 2 -0.044 -0.367 2.760
1 3 0.094 -0.160 2.779
1 4 0.096 0.039 2.767
1 5 -0.088 -0.271 2.742
1 6 -0.167 -0.440 2.688
1 7 -0.365 -0.404 2.792
1 8 -0.425 -0.385 2.834
1 9 0.242 -0.273 2.765
1 10 0.343 -0.434 2.709
1 11 0.280 -0.478 2.440
1 12 0.276 -0.460 2.336
1 13 -0.163 -0.416 2.677
1 14 -0.058 -0.578 2.246
1 15 0.013 -0.803 2.232
1 16 0.002 -0.814 2.138
1 17 -0.046 -0.502 2.706
1 18 0.232 -0.551 2.333
1 19 0.282 -0.818 2.124
1 20 0.312 -0.847 2.064
2 1 -0.065 -0.398 2.713
2 2 -0.043 -0.368 2.760
2 3 0.094 -0.160 2.779
2 4 0.095 0.038 2.766
2 5 -0.088 -0.271 2.742
2 6 -0.171 -0.439 2.690
2 7 -0.365 -0.396 2.806
2 8 -0.423 -0.381 2.842
2 9 0.242 -0.273 2.765
2 10 0.345 -0.435 2.713
2 11 0.283 -0.474 2.445
2 12 0.279 -0.451 2.340
2 13 -0.161 -0.417 2.676
2 14 -0.058 -0.579 2.245
2 15 0.014 -0.805 2.229
2 16 0.002 -0.816 2.133
2 17 -0.044 -0.502 2.705
2 18 0.233 -0.551 2.332
2 19 0.282 -0.818 2.124
2 20 0.311 -0.847 2.064
3 1 -0.064 -0.399 2.712
3 2 -0.042 -0.369 2.759
3 3 0.094 -0.160 2.779
3 4 0.095 0.037 2.764
3 5 -0.088 -0.271 2.742
3 6 -0.174 -0.438 2.691
3 7 -0.366 -0.392 2.815
3 8 -0.424 -0.375 2.854
3 9 0.241 -0.274 2.765
3 10 0.334 -0.439 2.702
3 11 0.284 -0.471 2.439
3 12 0.291 -0.431 2.367
3 13 -0.160 -0.418 2.676
3 14 -0.059 -0.580 2.245
3 15 0.014 -0.806 2.226
3 16 0.002 -0.817 2.129
3 17 -0.042 -0.502 2.705
3 18 0.234 -0.552 2.330
3 19 0.282 -0.818 2.124
3 20 0.311 -0.846 2.064
4 1 -0.063 -0.399 2.712
4 2 -0.041 -0.369 2.759
4 3 0.094 -0.160 2.779
4 4 0.095 0.035 2.760
4 5 -0.088 -0.271 2.742
4 6 -0.243 -0.443 2.697
4 7 -0.378 -0.393 2.836
4 8 -0.424 -0.374 2.874
4 9 0.241 -0.274 2.765
4 10 0.319 -0.443 2.685
4 11 0.284 -0.469 2.432
4 12 0.297 -0.420 2.381
4 13 -0.160 -0.419 2.675
4 14 -0.062 -0.581 2.243
4 15 0.002 -0.800 2.175
4 16 -0.016 -0.814 2.081
4 17 -0.041 -0.502 2.705
4 18 0.235 -0.552 2.330
4 19 0.281 -0.818 2.125
4 20 0.311 -0.846 2.064
5 1 -0.063 -0.399 2.711
5 2 -0.040 -0.369 2.758
5 3 0.093 -0.161 2.779
5 4 0.094 0.033 2.757
5 5 -0.088 -0.271 2.742
5 6 -0.291 -0.442 2.704
5 7 -0.385 -0.394 2.845
5 8 -0.427 -0.375 2.888
5 9 0.241 -0.275 2.765
5 10 0.315 -0.445 2.679
5 11 0.284 -0.468 2.426
5 12 0.301 -0.414 2.389
5 13 -0.159 -0.420 2.675
5 14 -0.056 -0.579 2.242
5 15 -0.011 -0.771 2.099
5 16 -0.017 -0.797 2.015
5 17 -0.041 -0.502 2.704
5 18 0.236 -0.552 2.329
5 19 0.281 -0.818 2.125
5 20 0.311 -0.846 2.065
6 1 -0.062 -0.399 2.711
6 2 -0.040 -0.370 2.758
6 3 0.093 -0.161 2.779
6 4 0.094 0.032 2.753
6 5 -0.088 -0.271 2.742
6 6 -0.308 -0.441 2.706
6 7 -0.393 -0.397 2.851
6 8 -0.433 -0.380 2.897
6 9 0.241 -0.275 2.765
6 10 0.312 -0.446 2.676
6 11 0.284 -0.467 2.421
6 12 0.303 -0.410 2.394
6 13 -0.159 -0.420 2.674
6 14 -0.023 -0.541 2.291
6 15 -0.013 -0.758 2.079
6 16 -0.013 -0.789 1.999
6 17 -0.040 -0.502 2.704
6 18 0.236 -0.552 2.328
6 19 0.281 -0.818 2.126
6 20 0.311 -0.846 2.065
7 1 -0.062 -0.400 2.710
7 2 -0.039 -0.370 2.757
7 3 0.093 -0.161 2.780
7 4 0.094 0.031 2.750
7 5 -0.088 -0.271 2.742
7 6 -0.319 -0.441 2.707
7 7 -0.404 -0.411 2.853
7 8 -0.439 -0.393 2.902
7 9 0.241 -0.276 2.765
7 10 0.309 -0.446 2.673
7 11 0.284 -0.466 2.417
7 12 0.305 -0.407 2.397
7 13 -0.158 -0.421 2.673
7 14 -0.003 -0.518 2.322
7 15 -0.012 -0.751 2.071
7 16 0.027 -0.825 2.083
7 17 -0.040 -0.502 2.704
7 18 0.236 -0.552 2.328
7 19 0.280 -0.819 2.126
7 20 0.311 -0.846 2.065
8 1 -0.061 -0.400 2.710
8 2 -0.039 -0.371 2.757
8 3 0.092 -0.162 2.780
8 4 0.094 0.030 2.747
8 5 -0.088 -0.271 2.742
8 6 -0.325 -0.440 2.708
8 7 -0.409 -0.417 2.853
8 8 -0.443 -0.401 2.905
8 9 0.241 -0.277 2.765
8 10 0.305 -0.448 2.670
8 11 0.282 -0.465 2.410
8 12 0.306 -0.404 2.400
8 13 -0.158 -0.421 2.673
8 14 0.005 -0.510 2.333
8 15 -0.009 -0.749 2.074
8 16 0.023 -0.827 2.082
8 17 -0.040 -0.502 2.704
8 18 0.237 -0.552 2.327
8 19 0.280 -0.819 2.126
8 20 0.310 -0.846 2.065
9 1 -0.061 -0.400 2.710
9 2 -0.039 -0.371 2.757
9 3 0.092 -0.163 2.780
9 4 0.094 0.029 2.744
9 5 -0.088 -0.272 2.742
9 6 -0.324 -0.436 2.713
9 7 -0.409 -0.462 2.858
9 8 -0.439 -0.479 2.911
9 9 0.241 -0.278 2.764
9 10 0.302 -0.448 2.668
9 11 0.282 -0.464 2.407
9 12 0.307 -0.403 2.401
9 13 -0.158 -0.421 2.673
9 14 0.009 -0.505 2.340
9 15 -0.011 -0.739 2.075
9 16 0.024 -0.831 2.090
9 17 -0.040 -0.502 2.703
9 18 0.237 -0.552 2.327
9 19 0.280 -0.819 2.126
9 20 0.310 -0.846 2.065
10 1 -0.061 -0.400 2.710
10 2 -0.039 -0.371 2.757
10 3 0.092 -0.163 2.780
10 4 0.095 0.028 2.740
10 5 -0.088 -0.272 2.742
10 6 -0.314 -0.437 2.710
10 7 -0.404 -0.439 2.852
10 8 -0.437 -0.458 2.907
10 9 0.240 -0.279 2.764
10 10 0.318 -0.445 2.681
10 11 0.284 -0.461 2.412
10 12 0.300 -0.411 2.376
10 13 -0.158 -0.421 2.673
10 14 0.010 -0.503 2.342
10 15 -0.005 -0.744 2.088
10 16 0.017 -0.812 2.061
10 17 -0.040 -0.502 2.703
10 18 0.237 -0.552 2.327
10 19 0.280 -0.819 2.126
10 20 0.310 -0.846 2.065
11 1 -0.061 -0.400 2.710
11 2 -0.039 -0.371 2.756
11 3 0.091 -0.164 2.779
11 4 0.095 0.027 2.737
11 5 -0.088 -0.272 2.742
11 6 -0.307 -0.436 2.708
11 7 -0.401 -0.434 2.852
11 8 -0.435 -0.451 2.908
11 9 0.240 -0.279 2.763
11 10 0.324 -0.444 2.686
11 11 0.283 -0.486 2.431
11 12 0.286 -0.454 2.356
11 13 -0.159 -0.421 2.673
11 14 0.008 -0.505 2.340
11 15 -0.000 -0.751 2.098
11 16 0.014 -0.803 2.046
11 17 -0.040 -0.502 2.703
11 18 0.237 -0.552 2.327
11 19 0.280 -0.819 2.127
11 20 0.310 -0.845 2.065
12 1 -0.061 -0.400 2.710
12 2 -0.039 -0.372 2.756
12 3 0.091 -0.165 2.779
12 4 0.095 0.027 2.734
12 5 -0.088 -0.272 2.742
12 6 -0.303 -0.436 2.707
12 7 -0.399 -0.430 2.853
12 8 -0.433 -0.444 2.909
12 9 0.239 -0.280 2.762
12 10 0.328 -0.443 2.690
12 11 0.283 -0.490 2.436
12 12 0.282 -0.465 2.347
12 13 -0.159 -0.421 2.673
12 14 0.005 -0.508 2.336
12 15 0.003 -0.756 2.105
12 16 0.012 -0.798 2.038
12 17 -0.040 -0.502 2.703
12 18 0.237 -0.552 2.327
12 19 0.280 -0.819 2.126
12 20 0.310 -0.845 2.065
13 1 -0.061 -0.400 2.710
13 2 -0.039 -0.372 2.756
13 3 0.091 -0.165 2.779
13 4 0.095 0.026 2.732
13 5 -0.088 -0.273 2.742
13 6 -0.302 -0.429 2.712
13 7 -0.400 -0.418 2.864
13 8 -0.433 -0.431 2.917
13 9 0.239 -0.281 2.762
13 10 0.332 -0.442 2.693
13 11 0.286 -0.486 2.440
13 12 0.281 -0.468 2.340
13 13 -0.159 -0.421 2.673
13 14 0.002 -0.511 2.332
13 15 0.004 -0.759 2.108
13 16 0.030 -0.823 2.088
13 17 -0.041 -0.502 2.703
13 18 0.237 -0.552 2.327
13 19 0.280 -0.819 2.126
13 20 0.311 -0.845 2.065
14 1 -0.061 -0.401 2.710
14 2 -0.039 -0.372 2.756
14 3 0.091 -0.166 2.779
14 4 0.095 0.026 2.730
14 5 -0.088 -0.273 2.742
14 6 -0.295 -0.433 2.709
14 7 -0.398 -0.415 2.863
14 8 -0.431 -0.424 2.916
14 9 0.238 -0.281 2.761
14 10 0.334 -0.442 2.696
14 11 0.288 -0.482 2.442
14 12 0.281 -0.467 2.335
14 13 -0.159 -0.421 2.673
14 14 -0.001 -0.513 2.329
14 15 0.005 -0.761 2.111
14 16 0.021 -0.811 2.062
14 17 -0.041 -0.503 2.703
14 18 0.237 -0.552 2.327
14 19 0.280 -0.820 2.126
14 20 0.311 -0.845 2.065
15 1 -0.061 -0.401 2.709
15 2 -0.039 -0.372 2.756
15 3 0.091 -0.166 2.779
15 4 0.095 0.025 2.728
15 5 -0.088 -0.273 2.742
15 6 -0.292 -0.434 2.707
15 7 -0.397 -0.413 2.863
15 8 -0.430 -0.418 2.915
15 9 0.238 -0.281 2.761
15 10 0.320 -0.445 2.678
15 11 0.286 -0.479 2.429
15 12 0.288 -0.449 2.351
15 13 -0.159 -0.421 2.673
15 14 -0.003 -0.515 2.325
15 15 0.006 -0.763 2.113
15 16 0.035 -0.827 2.104
15 17 -0.041 -0.503 2.703
15 18 0.237 -0.552 2.326
15 19 0.279 -0.820 2.126
15 20 0.311 -0.845 2.065
16 1 -0.061 -0.401 2.709
16 2 -0.039 -0.372 2.756
16 3 0.091 -0.167 2.779
16 4 0.094 0.025 2.727
16 5 -0.088 -0.273 2.742
16 6 -0.290 -0.434 2.706
16 7 -0.396 -0.412 2.861
16 8 -0.429 -0.415 2.914
16 9 0.238 -0.281 2.761
16 10 0.310 -0.446 2.669
16 11 0.287 -0.483 2.412
16 12 0.292 -0.452 2.342
16 13 -0.159 -0.421 2.673
16 14 -0.023 -0.546 2.270
16 15 0.025 -0.796 2.129
16 16 0.056 -0.858 2.141
16 17 -0.041 -0.503 2.703
16 18 0.237 -0.552 2.326
16 19 0.279 -0.821 2.126
16 20 0.311 -0.845 2.065
17 1 -0.061 -0.401 2.710
17 2 -0.039 -0.373 2.756
17 3 0.091 -0.167 2.779
17 4 0.094 0.025 2.726
17 5 -0.088 -0.274 2.742
17 6 -0.204 -0.443 2.687
17 7 -0.364 -0.439 2.722
17 8 -0.422 -0.433 2.768
17 9 0.238 -0.282 2.760
17 10 0.303 -0.447 2.662
17 11 0.287 -0.484 2.404
17 12 0.294 -0.454 2.335
17 13 -0.160 -0.421 2.674
17 14 -0.023 -0.537 2.287
17 15 0.024 -0.795 2.127
17 16 0.027 -0.820 2.063
17 17 -0.042 -0.503 2.704
17 18 0.237 -0.552 2.327
17 19 0.278 -0.822 2.126
17 20 0.311 -0.844 2.065
18 1 -0.062 -0.401 2.710
18 2 -0.039 -0.373 2.756
18 3 0.091 -0.168 2.778
18 4 0.094 0.025 2.726
18 5 -0.088 -0.274 2.742
18 6 -0.172 -0.446 2.680
18 7 -0.361 -0.433 2.738
18 8 -0.421 -0.432 2.754
18 9 0.237 -0.282 2.760
18 10 0.298 -0.448 2.658
18 11 0.287 -0.486 2.399
18 12 0.296 -0.456 2.329
18 13 -0.161 -0.421 2.675
18 14 -0.034 -0.560 2.256
18 15 0.029 -0.805 2.132
18 16 0.016 -0.831 2.076
18 17 -0.043 -0.503 2.704
18 18 0.237 -0.552 2.327
18 19 0.278 -0.822 2.126
18 20 0.311 -0.844 2.065
19 1 -0.062 -0.401 2.710
19 2 -0.039 -0.373 2.756
19 3 0.091 -0.168 2.778
19 4 0.094 0.025 2.725
19 5 -0.088 -0.274 2.742
19 6 -0.155 -0.448 2.676
19 7 -0.355 -0.432 2.739
19 8 -0.420 -0.429 2.749
19 9 0.237 -0.284 2.758
19 10 0.297 -0.449 2.656
19 11 0.284 -0.488 2.396
19 12 0.295 -0.457 2.327
19 13 -0.162 -0.421 2.676
19 14 -0.022 -0.542 2.287
19 15 0.031 -0.808 2.135
19 16 0.009 -0.830 2.071
19 17 -0.043 -0.503 2.704
19 18 0.237 -0.552 2.327
19 19 0.279 -0.822 2.126
19 20 0.312 -0.844 2.064
20 1 -0.062 -0.401 2.710
20 2 -0.039 -0.373 2.756
20 3 0.090 -0.169 2.778
20 4 0.094 0.025 2.724
20 5 -0.088 -0.274 2.742
20 6 -0.144 -0.449 2.673
20 7 -0.350 -0.431 2.740
20 8 -0.419 -0.426 2.757
20 9 0.236 -0.285 2.757
20 10 0.300 -0.450 2.660
20 11 0.281 -0.488 2.401
20 12 0.294 -0.458 2.326
20 13 -0.162 -0.420 2.676
20 14 -0.015 -0.532 2.304
20 15 0.018 -0.792 2.127
20 16 0.002 -0.813 2.046
20 17 -0.044 -0.503 2.704
20 18 0.237 -0.552 2.327
20 19 0.279 -0.823 2.126
20 20 0.312 -0.844 2.064
21 1 -0.062 -0.401 2.710
21 2 -0.039 -0.373 2.756
21 3 0.090 -0.169 2.778
21 4 0.093 0.025 2.724
21 5 -0.088 -0.275 2.742
21 6 -0.136 -0.450 2.671
21 7 -0.349 -0.429 2.751
21 8 -0.419 -0.422 2.769
21 9 0.236 -0.285 2.756
21 10 0.300 -0.451 2.661
21 11 0.280 -0.488 2.401
21 12 0.292 -0.458 2.326
21 13 -0.162 -0.420 2.676
21 14 -0.011 -0.526 2.314
21 15 0.019 -0.792 2.130
21 16 -0.002 -0.813 2.048
21 17 -0.044 -0.503 2.705
21 18 0.237 -0.552 2.327
21 19 0.279 -0.823 2.125
21 20 0.313 -0.844 2.063
22 1 -0.063 -0.401 2.710
22 2 -0.039 -0.373 2.756
22 3 0.090 -0.169 2.778
22 4 0.093 0.026 2.724
22 5 -0.088 -0.275 2.741
22 6 -0.239 -0.450 2.690
22 7 -0.379 -0.418 2.799
22 8 -0.433 -0.406 2.834
22 9 0.236 -0.286 2.756
22 10 0.299 -0.451 2.661
22 11 0.275 -0.492 2.401
22 12 0.274 -0.485 2.323
22 13 -0.162 -0.420 2.677
22 14 -0.023 -0.548 2.278
22 15 0.022 -0.796 2.132
22 16 -0.005 -0.815 2.051
22 17 -0.045 -0.503 2.705
22 18 0.236 -0.552 2.327
22 19 0.279 -0.823 2.124
22 20 0.313 -0.844 2.063
23 1 -0.063 -0.401 2.710
23 2 -0.039 -0.373 2.756
23 3 0.090 -0.169 2.778
23 4 0.093 0.026 2.723
23 5 -0.088 -0.275 2.741
23 6 -0.219 -0.444 2.696
23 7 -0.381 -0.416 2.805
23 8 -0.435 -0.405 2.843
23 9 0.236 -0.286 2.756
23 10 0.320 -0.445 2.680
23 11 0.274 -0.494 2.409
23 12 0.271 -0.489 2.327
23 13 -0.163 -0.420 2.677
23 14 -0.015 -0.536 2.297
23 15 0.013 -0.781 2.123
23 16 -0.015 -0.813 2.051
23 17 -0.045 -0.503 2.705
23 18 0.236 -0.552 2.327
23 19 0.280 -0.823 2.124
23 20 0.314 -0.844 2.062
24 1 -0.063 -0.401 2.710
24 2 -0.039 -0.373 2.756
24 3 0.090 -0.170 2.778
24 4 0.092 0.026 2.723
24 5 -0.088 -0.275 2.741
24 6 -0.221 -0.438 2.704
24 7 -0.383 -0.416 2.817
24 8 -0.437 -0.404 2.855
24 9 0.235 -0.286 2.756
24 10 0.324 -0.444 2.683
24 11 0.273 -0.495 2.414
24 12 0.269 -0.490 2.331
24 13 -0.163 -0.420 2.677
24 14 -0.030 -0.558 2.262
24 15 0.008 -0.780 2.123
24 16 -0.017 -0.814 2.054
24 17 -0.045 -0.503 2.705
24 18 0.236 -0.552 2.327
24 19 0.280 -0.823 2.123
24 20 0.314 -0.844 2.062
25 1 -0.063 -0.401 2.710
25 2 -0.039 -0.373 2.756
25 3 0.090 -0.170 2.777
25 4 0.092 0.027 2.723
25 5 -0.088 -0.275 2.741
25 6 -0.223 -0.436 2.708
25 7 -0.385 -0.415 2.826
25 8 -0.438 -0.405 2.864
25 9 0.235 -0.286 2.756
25 10 0.332 -0.442 2.694
25 11 0.280 -0.487 2.430
25 12 0.272 -0.482 2.335
25 13 -0.163 -0.420 2.677
25 14 -0.020 -0.540 2.288
25 15 0.005 -0.774 2.120
25 16 -0.014 -0.810 2.050
25 17 -0.045 -0.503 2.705
25 18 0.236 -0.552 2.327
25 19 0.280 -0.823 2.123
25 20 0.314 -0.844 2.062
26 1 -0.063 -0.401 2.710
26 2 -0.039 -0.373 2.756
26 3 0.090 -0.170 2.777
26 4 0.091 0.027 2.723
26 5 -0.088 -0.275 2.741
26 6 -0.224 -0.433 2.711
26 7 -0.382 -0.418 2.824
26 8 -0.437 -0.409 2.864
26 9 0.236 -0.285 2.756
26 10 0.336 -0.441 2.700
26 11 0.281 -0.486 2.438
26 12 0.272 -0.480 2.340
26 13 -0.163 -0.420 2.677
26 14 -0.018 -0.532 2.299
26 15 0.003 -0.770 2.118
26 16 -0.007 -0.804 2.044
26 17 -0.045 -0.503 2.705
26 18 0.236 -0.552 2.327
26 19 0.280 -0.823 2.123
26 20 0.314 -0.844 2.062
27 1 -0.063 -0.401 2.710
27 2 -0.039 -0.373 2.756
27 3 0.090 -0.170 2.777
27 4 0.091 0.028 2.723
27 5 -0.088 -0.275 2.741
27 6 -0.224 -0.430 2.713
27 7 -0.385 -0.416 2.791
27 8 -0.442 -0.411 2.832
27 9 0.236 -0.285 2.756
27 10 0.338 -0.441 2.703
27 11 0.292 -0.456 2.445
27 12 0.285 -0.438 2.335
27 13 -0.163 -0.420 2.677
27 14 -0.015 -0.524 2.310
27 15 0.001 -0.767 2.117
27 16 -0.003 -0.800 2.039
27 17 -0.045 -0.503 2.705
27 18 0.236 -0.552 2.327
27 19 0.280 -0.822 2.123
27 20 0.314 -0.844 2.062
28 1 -0.063 -0.401 2.710
28 2 -0.040 -0.373 2.756
28 3 0.090 -0.170 2.777
28 4 0.091 0.028 2.723
28 5 -0.088 -0.275 2.741
28 6 -0.214 -0.430 2.713
28 7 -0.381 -0.416 2.789
28 8 -0.440 -0.411 2.829
28 9 0.236 -0.284 2.757
28 10 0.340 -0.440 2.706
28 11 0.299 -0.434 2.446
28 12 0.295 -0.405 2.334
28 13 -0.163 -0.420 2.677
28 14 -0.014 -0.520 2.316
28 15 0.000 -0.766 2.116
28 16 0.000 -0.798 2.037
28 17 -0.046 -0.502 2.705
28 18 0.236 -0.552 2.327
28 19 0.281 -0.822 2.123
28 20 0.314 -0.844 2.062
29 1 -0.064 -0.401 2.710
29 2 -0.040 -0.373 2.756
29 3 0.090 -0.170 2.777
29 4 0.090 0.028 2.723
29 5 -0.088 -0.275 2.741
29 6 -0.155 -0.445 2.670
29 7 -0.355 -0.420 2.780
29 8 -0.434 -0.412 2.827
29 9 0.236 -0.284 2.757
29 10 0.285 -0.447 2.665
29 11 0.246 -0.493 2.457
29 12 0.247 -0.483 2.375
29 13 -0.164 -0.420 2.677
29 14 -0.013 -0.517 2.320
29 15 -0.000 -0.764 2.115
29 16 0.002 -0.796 2.035
29 17 -0.046 -0.502 2.705
29 18 0.236 -0.552 2.327
29 19 0.281 -0.822 2.122
29 20 0.314 -0.844 2.062
30 1 -0.064 -0.401 2.710
30 2 -0.040 -0.373 2.756
30 3 0.090 -0.170 2.777
30 4 0.090 0.028 2.724
30 5 -0.088 -0.275 2.741
30 6 -0.138 -0.448 2.659
30 7 -0.348 -0.421 2.778
30 8 -0.431 -0.412 2.826
30 9 0.236 -0.283 2.757
30 10 0.274 -0.447 2.658
30 11 0.226 -0.511 2.471
30 12 0.214 -0.531 2.410
30 13 -0.164 -0.420 2.677
30 14 -0.012 -0.515 2.322
30 15 0.007 -0.771 2.119
30 16 0.014 -0.803 2.039
30 17 -0.046 -0.502 2.705
30 18 0.236 -0.552 2.327
30 19 0.281 -0.822 2.122
30 20 0.314 -0.844 2.062
31 1 -0.064 -0.401 2.710
31 2 -0.040 -0.373 2.756
31 3 0.090 -0.170 2.777
31 4 0.090 0.029 2.724
31 5 -0.088 -0.275 2.741
31 6 -0.128 -0.450 2.653
31 7 -0.344 -0.421 2.777
31 8 -0.429 -0.412 2.825
31 9 0.236 -0.283 2.757
31 10 0.263 -0.447 2.650
31 11 0.213 -0.524 2.474
31 12 0.201 -0.549 2.421
31 13 -0.164 -0.420 2.678
31 14 -0.012 -0.514 2.324
31 15 -0.009 -0.767 2.107
31 16 0.012 -0.818 2.066
31 17 -0.046 -0.502 2.705
31 18 0.236 -0.552 2.327
31 19 0.281 -0.822 2.122
31 20 0.314 -0.844 2.062
32 1 -0.064 -0.401 2.710
32 2 -0.041 -0.373 2.756
32 3 0.090 -0.170 2.777
32 4 0.089 0.029 2.724
32 5 -0.088 -0.275 2.741
32 6 -0.118 -0.451 2.643
32 7 -0.339 -0.421 2.775
32 8 -0.424 -0.412 2.824
32 9 0.236 -0.283 2.758
32 10 0.255 -0.448 2.645
32 11 0.208 -0.530 2.475
32 12 0.196 -0.561 2.426
32 13 -0.164 -0.420 2.678
32 14 -0.011 -0.513 2.325
32 15 0.012 -0.783 2.127
32 16 0.011 -0.824 2.077
32 17 -0.047 -0.502 2.705
32 18 0.236 -0.552 2.327
32 19 0.281 -0.822 2.122
32 20 0.314 -0.844 2.061
33 1 -0.065 -0.401 2.710
33 2 -0.041 -0.373 2.756
33 3 0.090 -0.170 2.777
33 4 0.089 0.029 2.724
33 5 -0.088 -0.275 2.741
33 6 -0.112 -0.452 2.638
33 7 -0.337 -0.422 2.773
33 8 -0.421 -0.413 2.822
33 9 0.236 -0.282 2.758
33 10 0.250 -0.448 2.641
33 11 0.204 -0.535 2.476
33 12 0.193 -0.568 2.429
33 13 -0.165 -0.420 2.678
33 14 -0.011 -0.513 2.325
33 15 0.023 -0.791 2.137
33 16 0.011 -0.827 2.083
33 17 -0.047 -0.502 2.705
33 18 0.236 -0.552 2.327
33 19 0.281 -0.822 2.122
33 20 0.315 -0.844 2.061
34 1 -0.065 -0.401 2.711
34 2 -0.041 -0.373 2.756
34 3 0.090 -0.170 2.777
34 4 0.089 0.030 2.725
34 5 -0.088 -0.275 2.740
34 6 -0.108 -0.452 2.634
34 7 -0.334 -0.423 2.771
34 8 -0.418 -0.414 2.821
34 9 0.236 -0.282 2.758
34 10 0.247 -0.448 2.639
34 11 0.209 -0.536 2.472
34 12 0.261 -0.435 2.382
34 13 -0.165 -0.419 2.679
34 14 -0.011 -0.513 2.325
34 15 0.027 -0.794 2.140
34 16 0.010 -0.830 2.087
34 17 -0.047 -0.502 2.705
34 18 0.236 -0.552 2.327
34 19 0.281 -0.822 2.122
34 20 0.315 -0.844 2.061
35 1 -0.065 -0.401 2.711
35 2 -0.041 -0.373 2.756
35 3 0.090 -0.170 2.777
35 4 0.089 0.030 2.725
35 5 -0.087 -0.275 2.740
35 6 -0.139 -0.448 2.657
35 7 -0.338 -0.423 2.772
35 8 -0.417 -0.414 2.820
35 9 0.236 -0.282 2.758
35 10 0.244 -0.448 2.637
35 11 0.210 -0.538 2.470
35 12 0.247 -0.463 2.395
35 13 -0.165 -0.419 2.679
35 14 -0.010 -0.513 2.325
35 15 0.005 -0.757 2.121
35 16 0.010 -0.831 2.090
35 17 -0.047 -0.502 2.705
35 18 0.235 -0.552 2.326
35 19 0.281 -0.822 2.122
35 20 0.315 -0.843 2.061
36 1 -0.065 -0.401 2.710
36 2 -0.041 -0.373 2.756
36 3 0.090 -0.170 2.777
36 4 0.088 0.030 2.726
36 5 -0.087 -0.275 2.740
36 6 -0.149 -0.447 2.665
36 7 -0.357 -0.424 2.804
36 8 -0.423 -0.416 2.841
36 9 0.236 -0.282 2.758
36 10 0.242 -0.448 2.635
36 11 0.255 -0.439 2.451
36 12 0.276 -0.404 2.374
36 13 -0.165 -0.419 2.679
36 14 -0.010 -0.514 2.325
36 15 0.015 -0.770 2.129
36 16 0.009 -0.832 2.091
36 17 -0.047 -0.502 2.705
36 18 0.235 -0.552 2.326
36 19 0.281 -0.823 2.122
36 20 0.315 -0.843 2.061
37 1 -0.066 -0.401 2.711
37 2 -0.042 -0.373 2.756
37 3 0.090 -0.170 2.777
37 4 0.088 0.030 2.726
37 5 -0.087 -0.275 2.740
37 6 -0.156 -0.446 2.670
37 7 -0.360 -0.421 2.809
37 8 -0.423 -0.413 2.844
37 9 0.236 -0.281 2.758
37 10 0.241 -0.448 2.634
37 11 0.272 -0.403 2.443
37 12 0.291 -0.376 2.365
37 13 -0.165 -0.419 2.679
37 14 -0.009 -0.514 2.324
37 15 0.003 -0.756 2.113
37 16 0.009 -0.832 2.092
37 17 -0.048 -0.502 2.705
37 18 0.235 -0.553 2.326
37 19 0.281 -0.823 2.122
37 20 0.315 -0.843 2.061
38 1 -0.066 -0.401 2.711
38 2 -0.042 -0.373 2.756
38 3 0.090 -0.170 2.777
38 4 0.088 0.030 2.726
38 5 -0.087 -0.275 2.740
38 6 -0.160 -0.445 2.674
38 7 -0.367 -0.424 2.819
38 8 -0.428 -0.416 2.856
38 9 0.236 -0.281 2.758
38 10 0.240 -0.448 2.634
38 11 0.228 -0.483 2.452
38 12 0.260 -0.431 2.397
38 13 -0.165 -0.419 2.679
38 14 -0.009 -0.515 2.324
38 15 -0.004 -0.747 2.104
38 16 0.008 -0.832 2.093
38 17 -0.048 -0.502 2.705
38 18 0.234 -0.553 2.325
38 19 0.281 -0.823 2.122
38 20 0.315 -0.843 2.061
39 1 -0.066 -0.401 2.710
39 2 -0.042 -0.373 2.756
39 3 0.090 -0.170 2.777
39 4 0.087 0.030 2.727
39 5 -0.087 -0.275 2.740
39 6 -0.162 -0.444 2.675
39 7 -0.360 -0.434 2.782
39 8 -0.422 -0.428 2.824
39 9 0.236 -0.281 2.758
39 10 0.240 -0.448 2.634
39 11 0.185 -0.484 2.464
39 12 0.153 -0.501 2.418
39 13 -0.166 -0.419 2.679
39 14 -0.009 -0.515 2.324
39 15 -0.006 -0.745 2.102
39 16 0.002 -0.803 2.057
39 17 -0.048 -0.502 2.705
39 18 0.234 -0.554 2.325
39 19 0.281 -0.823 2.122
39 20 0.315 -0.843 2.061
40 1 -0.066 -0.401 2.710
40 2 -0.042 -0.373 2.756
40 3 0.089 -0.169 2.777
40 4 0.086 0.031 2.728
40 5 -0.087 -0.275 2.740
40 6 -0.164 -0.444 2.676
40 7 -0.361 -0.435 2.780
40 8 -0.423 -0.429 2.823
40 9 0.236 -0.280 2.758
40 10 0.271 -0.452 2.611
40 11 0.273 -0.398 2.422
40 12 0.277 -0.375 2.369
40 13 -0.166 -0.419 2.679
40 14 -0.008 -0.516 2.324
40 15 -0.010 -0.741 2.100
40 16 0.002 -0.806 2.060
40 17 -0.048 -0.502 2.705
40 18 0.233 -0.555 2.324
40 19 0.281 -0.824 2.121
40 20 0.315 -0.843 2.061
41 1 -0.066 -0.401 2.710
41 2 -0.043 -0.373 2.756
41 3 0.089 -0.169 2.777
41 4 0.085 0.031 2.730
41 5 -0.087 -0.275 2.740
41 6 -0.165 -0.444 2.676
41 7 -0.362 -0.435 2.779
41 8 -0.425 -0.429 2.823
41 9 0.236 -0.280 2.758
41 10 0.283 -0.452 2.604
41 11 0.292 -0.369 2.420
41 12 0.287 -0.354 2.375
41 13 -0.166 -0.419 2.678
41 14 -0.008 -0.516 2.324
41 15 -0.012 -0.738 2.098
41 16 0.002 -0.810 2.066
41 17 -0.048 -0.502 2.705
41 18 0.232 -0.556 2.324
41 19 0.281 -0.824 2.121
41 20 0.315 -0.842 2.061
42 1 -0.067 -0.401 2.710
42 2 -0.043 -0.373 2.756
42 3 0.089 -0.169 2.777
42 4 0.083 0.031 2.733
42 5 -0.088 -0.275 2.740
42 6 -0.165 -0.444 2.676
42 7 -0.364 -0.433 2.782
42 8 -0.427 -0.428 2.825
42 9 0.235 -0.280 2.758
42 10 0.309 -0.442 2.592
42 11 0.324 -0.324 2.415
42 12 0.328 -0.290 2.371
42 13 -0.166 -0.419 2.678
42 14 -0.008 -0.517 2.324
42 15 -0.013 -0.736 2.097
42 16 0.003 -0.814 2.071
42 17 -0.048 -0.502 2.705
42 18 0.232 -0.557 2.323
42 19 0.281 -0.824 2.121
42 20 0.316 -0.842 2.061
43 1 -0.067 -0.401 2.710
43 2 -0.043 -0.373 2.756
43 3 0.089 -0.169 2.777
43 4 0.081 0.031 2.736
43 5 -0.088 -0.275 2.740
43 6 -0.181 -0.439 2.692
43 7 -0.365 -0.432 2.784
43 8 -0.427 -0.429 2.825
43 9 0.235 -0.279 2.758
43 10 0.324 -0.431 2.591
43 11 0.282 -0.349 2.421
43 12 0.286 -0.310 2.398
43 13 -0.166 -0.419 2.678
43 14 -0.008 -0.517 2.324
43 15 -0.014 -0.735 2.097
43 16 0.004 -0.818 2.075
43 17 -0.048 -0.502 2.705
43 18 0.232 -0.558 2.322
43 19 0.281 -0.824 2.121
43 20 0.316 -0.842 2.061
44 1 -0.067 -0.401 2.710
44 2 -0.043 -0.373 2.756
44 3 0.088 -0.168 2.777
44 4 0.079 0.032 2.739
44 5 -0.089 -0.275 2.740
44 6 -0.247 -0.445 2.697
44 7 -0.383 -0.423 2.813
44 8 -0.429 -0.420 2.845
44 9 0.235 -0.279 2.758
44 10 0.332 -0.424 2.590
44 11 0.324 -0.292 2.447
44 12 0.341 -0.194 2.394
44 13 -0.166 -0.419 2.678
44 14 -0.008 -0.517 2.324
44 15 -0.016 -0.735 2.095
44 16 0.004 -0.820 2.078
44 17 -0.048 -0.502 2.704
44 18 0.231 -0.559 2.322
44 19 0.281 -0.824 2.121
44 20 0.316 -0.842 2.061
45 1 -0.067 -0.401 2.710
45 2 -0.043 -0.373 2.756
45 3 0.088 -0.168 2.777
45 4 0.077 0.032 2.742
45 5 -0.089 -0.275 2.740
45 6 -0.278 -0.453 2.698
45 7 -0.389 -0.419 2.821
45 8 -0.430 -0.415 2.854
45 9 0.235 -0.279 2.758
45 10 0.336 -0.411 2.603
45 11 0.359 -0.214 2.461
45 12 0.369 -0.117 2.416
45 13 -0.167 -0.419 2.678
45 14 -0.009 -0.517 2.325
45 15 -0.017 -0.747 2.100
45 16 -0.006 -0.807 2.050
45 17 -0.048 -0.502 2.704
45 18 0.231 -0.560 2.321
45 19 0.281 -0.824 2.121
45 20 0.316 -0.842 2.060
46 1 -0.067 -0.401 2.710
46 2 -0.043 -0.373 2.756
46 3 0.088 -0.167 2.777
46 4 0.076 0.033 2.744
46 5 -0.089 -0.275 2.740
46 6 -0.291 -0.456 2.699
46 7 -0.393 -0.415 2.826
46 8 -0.432 -0.407 2.860
46 9 0.234 -0.277 2.757
46 10 0.339 -0.397 2.615
46 11 0.378 -0.167 2.485
46 12 0.379 -0.084 2.448
46 13 -0.167 -0.419 2.678
46 14 -0.010 -0.518 2.326
46 15 0.011 -0.775 2.132
46 16 -0.005 -0.812 2.055
46 17 -0.048 -0.502 2.704
46 18 0.231 -0.560 2.320
46 19 0.281 -0.823 2.120
46 20 0.316 -0.842 2.060
47 1 -0.068 -0.401 2.710
47 2 -0.044 -0.373 2.756
47 3 0.087 -0.166 2.777
47 4 0.074 0.034 2.747
47 5 -0.090 -0.274 2.740
47 6 -0.300 -0.457 2.700
47 7 -0.393 -0.417 2.832
47 8 -0.430 -0.408 2.869
47 9 0.232 -0.275 2.756
47 10 0.343 -0.388 2.623
47 11 0.383 -0.153 2.511
47 12 0.381 -0.074 2.494
47 13 -0.167 -0.420 2.677
47 14 -0.010 -0.518 2.326
47 15 -0.005 -0.774 2.122
47 16 -0.003 -0.817 2.063
47 17 -0.048 -0.502 2.703
47 18 0.231 -0.561 2.319
47 19 0.282 -0.822 2.119
47 20 0.316 -0.843 2.060
48 1 -0.068 -0.401 2.710
48 2 -0.044 -0.373 2.756
48 3 0.086 -0.165 2.777
48 4 0.070 0.036 2.754
48 5 -0.091 -0.274 2.740
48 6 -0.270 -0.480 2.692
48 7 -0.394 -0.418 2.835
48 8 -0.431 -0.407 2.876
48 9 0.230 -0.274 2.755
48 10 0.361 -0.350 2.629
48 11 0.388 -0.135 2.529
48 12 0.381 -0.054 2.528
48 13 -0.166 -0.421 2.676
48 14 -0.011 -0.550 2.277
48 15 -0.022 -0.797 2.085
48 16 0.010 -0.830 2.081
48 17 -0.048 -0.502 2.702
48 18 0.231 -0.562 2.318
48 19 0.284 -0.820 2.118
48 20 0.306 -0.842 2.049
49 1 -0.068 -0.402 2.709
49 2 -0.044 -0.373 2.755
49 3 0.085 -0.164 2.777
49 4 0.067 0.037 2.759
49 5 -0.092 -0.274 2.740
49 6 -0.265 -0.485 2.689
49 7 -0.394 -0.421 2.838
49 8 -0.431 -0.407 2.881
49 9 0.229 -0.272 2.754
49 10 0.389 -0.306 2.618
49 11 0.378 -0.111 2.549
49 12 0.367 -0.030 2.559
49 13 -0.166 -0.422 2.676
49 14 -0.012 -0.572 2.241
49 15 0.013 -0.817 2.121
49 16 0.011 -0.832 2.084
49 17 -0.048 -0.503 2.701
49 18 0.232 -0.563 2.316
49 19 0.285 -0.817 2.117
49 20 0.299 -0.842 2.042
50 1 -0.068 -0.402 2.709
50 2 -0.044 -0.373 2.755
50 3 0.085 -0.163 2.777
50 4 0.065 0.038 2.762
50 5 -0.093 -0.275 2.740
50 6 -0.297 -0.432 2.724
50 7 -0.410 -0.436 2.870
50 8 -0.442 -0.433 2.913
50 9 0.227 -0.271 2.753
50 10 0.395 -0.296 2.624
50 11 0.376 -0.113 2.565
50 12 0.362 -0.036 2.584
50 13 -0.166 -0.423 2.675
50 14 -0.012 -0.579 2.229
50 15 0.024 -0.825 2.132
50 16 0.012 -0.834 2.087
50 17 -0.047 -0.503 2.700
50 18 0.232 -0.564 2.315
50 19 0.239 -0.800 2.181
50 20 0.273 -0.824 2.103
51 1 -0.068 -0.402 2.708
51 2 -0.044 -0.373 2.755
51 3 0.084 -0.162 2.777
51 4 0.062 0.039 2.765
51 5 -0.094 -0.275 2.740
51 6 -0.298 -0.433 2.725
51 7 -0.411 -0.436 2.877
51 8 -0.443 -0.435 2.921
51 9 0.226 -0.270 2.753
51 10 0.404 -0.283 2.622
51 11 0.362 -0.099 2.605
51 12 0.342 -0.024 2.629
51 13 -0.166 -0.423 2.675
51 14 -0.013 -0.584 2.221
51 15 0.034 -0.823 2.142
51 16 0.012 -0.834 2.088
51 17 -0.047 -0.503 2.699
51 18 0.232 -0.565 2.314
51 19 0.217 -0.793 2.211
51 20 0.258 -0.815 2.140
52 1 -0.069 -0.403 2.708
52 2 -0.044 -0.374 2.755
52 3 0.081 -0.161 2.779
52 4 0.060 0.039 2.767
52 5 -0.096 -0.275 2.740
52 6 -0.302 -0.417 2.728
52 7 -0.410 -0.431 2.881
52 8 -0.443 -0.435 2.927
52 9 0.225 -0.269 2.752
52 10 0.408 -0.275 2.623
52 11 0.354 -0.090 2.628
52 12 0.329 -0.018 2.657
52 13 -0.167 -0.424 2.675
52 14 -0.015 -0.587 2.218
52 15 0.039 -0.823 2.147
52 16 0.011 -0.834 2.089
52 17 -0.047 -0.503 2.698
52 18 0.232 -0.566 2.313
52 19 0.207 -0.789 2.225
52 20 0.252 -0.811 2.152
53 1 -0.069 -0.403 2.708
53 2 -0.045 -0.374 2.754
53 3 0.079 -0.160 2.779
53 4 0.059 0.040 2.769
53 5 -0.097 -0.275 2.740
53 6 -0.318 -0.405 2.746
53 7 -0.415 -0.419 2.903
53 8 -0.446 -0.428 2.945
53 9 0.225 -0.267 2.753
53 10 0.407 -0.234 2.629
53 11 0.338 -0.057 2.669
53 12 0.308 0.011 2.703
53 13 -0.167 -0.424 2.674
53 14 -0.018 -0.586 2.219
53 15 0.042 -0.824 2.150
53 16 0.011 -0.833 2.089
53 17 -0.046 -0.503 2.696
53 18 0.233 -0.567 2.311
53 19 0.201 -0.787 2.233
53 20 0.251 -0.809 2.159
54 1 -0.069 -0.403 2.707
54 2 -0.045 -0.374 2.754
54 3 0.077 -0.159 2.780
54 4 0.058 0.040 2.770
54 5 -0.098 -0.275 2.740
54 6 -0.322 -0.400 2.750
54 7 -0.415 -0.412 2.907
54 8 -0.445 -0.422 2.953
54 9 0.226 -0.265 2.753
54 10 0.407 -0.220 2.632
54 11 0.332 -0.046 2.684
54 12 0.299 0.020 2.722
54 13 -0.167 -0.425 2.674
54 14 -0.020 -0.584 2.223
54 15 -0.005 -0.807 2.090
54 16 0.012 -0.834 2.091
54 17 -0.046 -0.503 2.695
54 18 0.233 -0.567 2.310
54 19 0.197 -0.785 2.239
54 20 0.249 -0.809 2.163
55 1 -0.069 -0.403 2.707
55 2 -0.045 -0.374 2.754
55 3 0.075 -0.158 2.781
55 4 0.057 0.040 2.772
55 5 -0.098 -0.275 2.740
55 6 -0.325 -0.396 2.752
55 7 -0.415 -0.407 2.910
55 8 -0.445 -0.417 2.958
55 9 0.227 -0.263 2.755
55 10 0.407 -0.213 2.635
55 11 0.328 -0.041 2.695
55 12 0.293 0.019 2.739
55 13 -0.167 -0.425 2.674
55 14 -0.020 -0.582 2.226
55 15 -0.018 -0.803 2.074
55 16 0.013 -0.835 2.092
55 17 -0.046 -0.503 2.695
55 18 0.234 -0.568 2.310
55 19 0.195 -0.785 2.242
55 20 0.251 -0.809 2.162
56 1 -0.080 -0.408 2.705
56 2 -0.079 -0.359 2.730
56 3 0.073 -0.157 2.782
56 4 0.055 0.040 2.774
56 5 0.127 -0.345 2.672
56 6 -0.126 -0.383 2.705
56 7 -0.343 -0.398 2.828
56 8 -0.371 -0.417 2.834
56 9 0.228 -0.262 2.755
56 10 0.406 -0.210 2.640
56 11 0.324 -0.040 2.700
56 12 0.288 0.015 2.748
56 13 -0.131 -0.439 2.678
56 14 -0.020 -0.578 2.231
56 15 -0.032 -0.797 2.057
56 16 0.014 -0.835 2.093
56 17 -0.098 -0.463 2.700
56 18 0.199 -0.552 2.335
56 19 0.177 -0.778 2.255
56 20 0.237 -0.803 2.177
57 1 -0.087 -0.411 2.703
57 2 -0.097 -0.352 2.718
57 3 0.072 -0.156 2.783
57 4 0.054 0.041 2.776
57 5 0.171 -0.359 2.659
57 6 -0.082 -0.404 2.680
57 7 -0.308 -0.397 2.794
57 8 -0.331 -0.416 2.768
57 9 0.232 -0.255 2.762
57 10 0.405 -0.209 2.646
57 11 0.318 -0.042 2.703
57 12 0.282 0.010 2.754
57 13 -0.114 -0.445 2.679
57 14 -0.020 -0.576 2.232
57 15 -0.040 -0.784 2.049
57 16 0.013 -0.834 2.092
57 17 -0.131 -0.436 2.703
57 18 0.181 -0.544 2.348
57 19 0.167 -0.773 2.263
57 20 0.228 -0.799 2.186
58 1 -0.091 -0.413 2.702
58 2 -0.105 -0.348 2.713
58 3 0.071 -0.156 2.783
58 4 0.053 0.041 2.778
58 5 0.196 -0.366 2.651
58 6 -0.047 -0.423 2.660
58 7 -0.290 -0.399 2.769
58 8 -0.335 -0.409 2.762
58 9 0.233 -0.249 2.766
58 10 0.403 -0.210 2.651
58 11 0.310 -0.047 2.703
58 12 0.275 0.001 2.757
58 13 -0.106 -0.448 2.680
58 14 -0.020 -0.574 2.235
58 15 -0.044 -0.779 2.044
58 16 0.013 -0.834 2.092
58 17 -0.143 -0.427 2.705
58 18 0.174 -0.541 2.354
58 19 0.263 -0.806 2.147
58 20 0.318 -0.857 2.136
59 1 -0.094 -0.414 2.701
59 2 -0.109 -0.347 2.709
59 3 0.070 -0.156 2.784
59 4 0.052 0.041 2.780
59 5 0.230 -0.377 2.641
59 6 -0.024 -0.416 2.656
59 7 -0.293 -0.399 2.766
59 8 -0.353 -0.405 2.770
59 9 0.233 -0.245 2.768
59 10 0.402 -0.211 2.654
59 11 0.304 -0.052 2.702
59 12 0.269 -0.006 2.758
59 13 -0.100 -0.450 2.680
59 14 -0.025 -0.573 2.230
59 15 -0.047 -0.786 2.083
59 16 0.013 -0.834 2.091
59 17 -0.149 -0.422 2.705
59 18 0.169 -0.538 2.357
59 19 0.282 -0.813 2.122
59 20 0.345 -0.875 2.120
60 1 -0.096 -0.416 2.701
60 2 -0.112 -0.346 2.707
60 3 0.069 -0.155 2.784
60 4 0.050 0.042 2.781
60 5 0.229 -0.375 2.641
60 6 -0.029 -0.403 2.655
60 7 -0.295 -0.399 2.761
60 8 -0.371 -0.404 2.785
60 9 0.233 -0.243 2.769
60 10 0.401 -0.210 2.656
60 11 0.292 -0.061 2.696
60 12 0.263 -0.017 2.758
60 13 -0.096 -0.451 2.680
60 14 -0.025 -0.573 2.230
60 15 -0.044 -0.786 2.084
60 16 0.014 -0.834 2.091
60 17 -0.149 -0.422 2.704
60 18 0.168 -0.537 2.358
60 19 0.303 -0.821 2.097
60 20 0.345 -0.868 2.068
61 1 -0.097 -0.416 2.700
61 2 -0.113 -0.346 2.707
61 3 0.069 -0.155 2.784
61 4 0.050 0.042 2.783
61 5 0.194 -0.347 2.666
61 6 -0.054 -0.387 2.671
61 7 -0.299 -0.398 2.768
61 8 -0.382 -0.402 2.800
61 9 0.233 -0.242 2.770
61 10 0.400 -0.209 2.655
61 11 0.310 -0.045 2.677
61 12 0.275 -0.016 2.748
61 13 -0.094 -0.452 2.680
61 14 -0.025 -0.573 2.230
61 15 -0.037 -0.778 2.084
61 16 0.013 -0.834 2.091
61 17 -0.144 -0.426 2.703
61 18 0.169 -0.537 2.358
61 19 0.213 -0.787 2.199
61 20 0.248 -0.810 2.158
62 1 -0.099 -0.418 2.700
62 2 -0.113 -0.350 2.710
62 3 0.068 -0.155 2.785
62 4 0.046 0.042 2.786
62 5 0.180 -0.334 2.676
62 6 -0.062 -0.380 2.678
62 7 -0.313 -0.407 2.769
62 8 -0.394 -0.409 2.803
62 9 0.229 -0.244 2.766
62 10 0.396 -0.200 2.641
62 11 0.331 -0.019 2.628
62 12 0.290 0.019 2.684
62 13 -0.093 -0.452 2.680
62 14 -0.023 -0.573 2.231
62 15 -0.032 -0.772 2.083
62 16 0.013 -0.833 2.091
62 17 -0.138 -0.431 2.702
62 18 0.171 -0.538 2.356
62 19 0.184 -0.775 2.232
62 20 0.238 -0.803 2.160
63 1 -0.099 -0.419 2.699
63 2 -0.112 -0.355 2.714
63 3 0.068 -0.154 2.785
63 4 0.044 0.041 2.790
63 5 0.173 -0.328 2.683
63 6 -0.081 -0.367 2.701
63 7 -0.322 -0.409 2.773
63 8 -0.401 -0.412 2.806
63 9 0.226 -0.246 2.763
63 10 0.391 -0.186 2.622
63 11 0.353 0.006 2.577
63 12 0.308 0.048 2.625
63 13 -0.093 -0.452 2.679
63 14 -0.022 -0.573 2.232
63 15 -0.030 -0.777 2.076
63 16 0.013 -0.833 2.091
63 17 -0.132 -0.437 2.700
63 18 0.175 -0.540 2.353
63 19 0.166 -0.768 2.253
63 20 0.217 -0.790 2.179
64 1 -0.100 -0.421 2.698
64 2 -0.110 -0.358 2.716
64 3 0.068 -0.154 2.786
64 4 0.043 0.041 2.794
64 5 0.168 -0.323 2.687
64 6 -0.090 -0.360 2.722
64 7 -0.328 -0.410 2.777
64 8 -0.407 -0.414 2.808
64 9 0.224 -0.246 2.761
64 10 0.388 -0.173 2.610
64 11 0.382 0.025 2.532
64 12 0.328 0.068 2.584
64 13 -0.094 -0.452 2.679
64 14 -0.020 -0.572 2.235
64 15 0.011 -0.803 2.106
64 16 0.004 -0.830 2.081
64 17 -0.126 -0.441 2.699
64 18 0.179 -0.542 2.349
64 19 0.157 -0.764 2.263
64 20 0.208 -0.785 2.186
65 1 -0.100 -0.422 2.698
65 2 -0.109 -0.360 2.718
65 3 0.067 -0.154 2.786
65 4 0.042 0.041 2.796
65 5 0.164 -0.320 2.690
65 6 -0.094 -0.357 2.728
65 7 -0.332 -0.411 2.780
65 8 -0.411 -0.416 2.810
65 9 0.222 -0.246 2.760
65 10 0.383 -0.126 2.590
65 11 0.417 0.073 2.492
65 12 0.410 0.127 2.493
65 13 -0.094 -0.452 2.679
65 14 -0.019 -0.572 2.237
65 15 0.033 -0.818 2.121
65 16 -0.003 -0.829 2.073
65 17 -0.122 -0.444 2.698
65 18 0.182 -0.543 2.346
65 19 0.152 -0.762 2.269
65 20 0.207 -0.782 2.188
66 1 -0.100 -0.423 2.697
66 2 -0.107 -0.363 2.720
66 3 0.067 -0.154 2.787
66 4 0.042 0.041 2.799
66 5 0.161 -0.317 2.693
66 6 -0.097 -0.357 2.729
66 7 -0.332 -0.402 2.794
66 8 -0.412 -0.411 2.820
66 9 0.220 -0.245 2.758
66 10 0.382 -0.117 2.585
66 11 0.431 0.091 2.476
66 12 0.462 0.161 2.445
66 13 -0.095 -0.451 2.678
66 14 -0.045 -0.585 2.228
66 15 0.045 -0.820 2.172
66 16 -0.003 -0.827 2.076
66 17 -0.120 -0.446 2.696
66 18 0.185 -0.544 2.343
66 19 0.152 -0.760 2.270
66 20 0.214 -0.783 2.184
67 1 -0.100 -0.424 2.697
67 2 -0.106 -0.364 2.721
67 3 0.067 -0.153 2.788
67 4 0.042 0.041 2.801
67 5 0.159 -0.316 2.694
67 6 -0.099 -0.356 2.731
67 7 -0.325 -0.365 2.823
67 8 -0.403 -0.369 2.855
67 9 0.219 -0.243 2.757
67 10 0.381 -0.126 2.584
67 11 0.434 0.093 2.478
67 12 0.464 0.159 2.451
67 13 -0.096 -0.451 2.678
67 14 -0.056 -0.590 2.225
67 15 -0.000 -0.816 2.149
67 16 0.001 -0.828 2.074
67 17 -0.118 -0.448 2.695
67 18 0.187 -0.545 2.341
67 19 0.155 -0.760 2.267
67 20 0.221 -0.785 2.179
68 1 -0.100 -0.424 2.696
68 2 -0.106 -0.365 2.722
68 3 0.067 -0.153 2.788
68 4 0.042 0.042 2.803
68 5 0.158 -0.314 2.695
68 6 -0.100 -0.356 2.733
68 7 -0.326 -0.364 2.826
68 8 -0.404 -0.367 2.860
68 9 0.218 -0.242 2.756
68 10 0.381 -0.140 2.586
68 11 0.436 0.087 2.484
68 12 0.461 0.151 2.466
68 13 -0.096 -0.450 2.679
68 14 -0.058 -0.593 2.224
68 15 -0.025 -0.822 2.153
68 16 0.002 -0.827 2.074
68 17 -0.116 -0.449 2.695
68 18 0.188 -0.545 2.340
68 19 0.160 -0.760 2.262
68 20 0.227 -0.787 2.174
69 1 -0.100 -0.425 2.696
69 2 -0.105 -0.366 2.723
69 3 0.066 -0.152 2.788
69 4 0.042 0.042 2.804
69 5 0.157 -0.313 2.696
69 6 -0.101 -0.355 2.733
69 7 -0.327 -0.369 2.826
69 8 -0.405 -0.370 2.862
69 9 0.218 -0.241 2.756
69 10 0.383 -0.152 2.588
69 11 0.434 0.076 2.500
69 12 0.463 0.148 2.470
69 13 -0.097 -0.450 2.679
69 14 -0.058 -0.594 2.223
69 15 -0.039 -0.822 2.149
69 16 0.003 -0.827 2.074
69 17 -0.115 -0.449 2.694
69 18 0.189 -0.545 2.339
69 19 0.164 -0.761 2.258
69 20 0.232 -0.789 2.171
70 1 -0.100 -0.425 2.696
70 2 -0.105 -0.367 2.723
70 3 0.066 -0.152 2.789
70 4 0.042 0.042 2.805
70 5 0.156 -0.313 2.697
70 6 -0.100 -0.357 2.726
70 7 -0.325 -0.396 2.814
70 8 -0.369 -0.415 2.809
70 9 0.217 -0.241 2.755
70 10 0.384 -0.163 2.590
70 11 0.429 0.060 2.517
70 12 0.450 0.127 2.498
70 13 -0.098 -0.449 2.679
70 14 -0.057 -0.596 2.223
70 15 -0.046 -0.822 2.147
70 16 0.003 -0.827 2.074
70 17 -0.115 -0.450 2.694
70 18 0.190 -0.546 2.338
70 19 0.168 -0.761 2.254
70 20 0.234 -0.790 2.169
71 1 -0.100 -0.425 2.696
71 2 -0.104 -0.367 2.724
71 3 0.066 -0.151 2.789
71 4 0.043 0.043 2.805
71 5 0.155 -0.312 2.697
71 6 -0.087 -0.397 2.694
71 7 -0.316 -0.406 2.797
71 8 -0.338 -0.428 2.769
71 9 0.217 -0.241 2.755
71 10 0.386 -0.171 2.592
71 11 0.424 0.045 2.532
71 12 0.437 0.111 2.519
71 13 -0.099 -0.449 2.679
71 14 -0.054 -0.596 2.223
71 15 -0.050 -0.822 2.146
71 16 0.004 -0.826 2.075
71 17 -0.114 -0.450 2.694
71 18 0.190 -0.546 2.338
71 19 0.171 -0.761 2.250
71 20 0.236 -0.791 2.168
72 1 -0.099 -0.426 2.696
72 2 -0.104 -0.368 2.724
72 3 0.066 -0.151 2.789
72 4 0.043 0.043 2.805
72 5 0.155 -0.312 2.697
72 6 -0.080 -0.419 2.677
72 7 -0.312 -0.408 2.791
72 8 -0.343 -0.419 2.779
72 9 0.217 -0.241 2.755
72 10 0.388 -0.177 2.594
72 11 0.421 0.035 2.542
72 12 0.432 0.101 2.533
72 13 -0.100 -0.448 2.679
72 14 -0.052 -0.596 2.223
72 15 -0.053 -0.821 2.144
72 16 0.005 -0.826 2.076
72 17 -0.114 -0.450 2.694
72 18 0.190 -0.546 2.337
72 19 0.174 -0.762 2.248
72 20 0.238 -0.791 2.167
73 1 -0.099 -0.426 2.695
73 2 -0.104 -0.368 2.725
73 3 0.066 -0.151 2.789
73 4 0.045 0.043 2.805
73 5 0.154 -0.312 2.697
73 6 -0.078 -0.426 2.671
73 7 -0.309 -0.417 2.787
73 8 -0.339 -0.429 2.770
73 9 0.217 -0.241 2.755
73 10 0.389 -0.182 2.596
73 11 0.420 0.030 2.547
73 12 0.429 0.096 2.540
73 13 -0.101 -0.448 2.679
73 14 -0.051 -0.596 2.223
73 15 -0.052 -0.820 2.142
73 16 0.005 -0.826 2.076
73 17 -0.114 -0.450 2.694
73 18 0.190 -0.546 2.337
73 19 0.176 -0.762 2.246
73 20 0.239 -0.792 2.166
74 1 -0.099 -0.426 2.695
74 2 -0.103 -0.368 2.725
74 3 0.066 -0.151 2.790
74 4 0.047 0.042 2.803
74 5 0.154 -0.312 2.697
74 6 -0.077 -0.428 2.668
74 7 -0.308 -0.418 2.786
74 8 -0.335 -0.432 2.766
74 9 0.217 -0.241 2.755
74 10 0.390 -0.185 2.597
74 11 0.419 0.026 2.550
74 12 0.427 0.093 2.544
74 13 -0.101 -0.447 2.679
74 14 -0.050 -0.596 2.223
74 15 0.000 -0.815 2.192
74 16 0.010 -0.824 2.104
74 17 -0.114 -0.450 2.694
74 18 0.190 -0.546 2.337
74 19 0.177 -0.762 2.245
74 20 0.239 -0.792 2.166
75 1 -0.099 -0.426 2.695
75 2 -0.103 -0.369 2.726
75 3 0.066 -0.151 2.790
75 4 0.048 0.042 2.802
75 5 0.154 -0.312 2.697
75 6 -0.082 -0.396 2.703
75 7 -0.315 -0.410 2.798
75 8 -0.375 -0.417 2.811
75 9 0.218 -0.241 2.754
75 10 0.391 -0.187 2.598
75 11 0.419 0.024 2.553
75 12 0.426 0.090 2.548
75 13 -0.101 -0.447 2.679
75 14 -0.049 -0.596 2.223
75 15 0.029 -0.813 2.220
75 16 0.012 -0.823 2.116
75 17 -0.114 -0.450 2.695
75 18 0.190 -0.545 2.337
75 19 0.179 -0.762 2.244
75 20 0.240 -0.793 2.165
76 1 -0.099 -0.426 2.695
76 2 -0.103 -0.369 2.727
76 3 0.066 -0.151 2.790
76 4 0.050 0.042 2.800
76 5 0.154 -0.312 2.697
76 6 -0.083 -0.394 2.705
76 7 -0.315 -0.410 2.798
76 8 -0.370 -0.422 2.805
76 9 0.218 -0.241 2.754
76 10 0.392 -0.189 2.599
76 11 0.419 0.022 2.554
76 12 0.426 0.089 2.550
76 13 -0.102 -0.447 2.679
76 14 -0.047 -0.594 2.223
76 15 0.041 -0.810 2.233
76 16 0.013 -0.821 2.125
76 17 -0.114 -0.450 2.695
76 18 0.190 -0.545 2.338
76 19 0.180 -0.762 2.243
76 20 0.240 -0.793 2.165
77 1 -0.099 -0.426 2.696
77 2 -0.102 -0.369 2.727
77 3 0.066 -0.151 2.790
77 4 0.051 0.042 2.799
77 5 0.154 -0.313 2.697
77 6 -0.083 -0.392 2.707
77 7 -0.316 -0.411 2.799
77 8 -0.366 -0.429 2.798
77 9 0.219 -0.241 2.754
77 10 0.392 -0.190 2.600
77 11 0.418 0.021 2.555
77 12 0.425 0.087 2.551
77 13 -0.102 -0.447 2.679
77 14 -0.046 -0.592 2.223
77 15 0.048 -0.808 2.239
77 16 0.014 -0.821 2.128
77 17 -0.114 -0.449 2.696
77 18 0.190 -0.545 2.338
77 19 0.180 -0.762 2.242
77 20 0.241 -0.793 2.165
78 1 -0.099 -0.426 2.696
78 2 -0.102 -0.369 2.728
78 3 0.066 -0.151 2.790
78 4 0.053 0.043 2.798
78 5 0.155 -0.313 2.696
78 6 -0.084 -0.393 2.703
78 7 -0.315 -0.407 2.800
78 8 -0.357 -0.426 2.792
78 9 0.220 -0.242 2.754
78 10 0.393 -0.191 2.600
78 11 0.418 0.020 2.556
78 12 0.423 0.085 2.550
78 13 -0.102 -0.446 2.679
78 14 -0.042 -0.585 2.229
78 15 0.044 -0.809 2.168
78 16 0.004 -0.826 2.098
78 17 -0.115 -0.449 2.696
78 18 0.190 -0.545 2.338
78 19 0.181 -0.763 2.242
78 20 0.241 -0.793 2.165
79 1 -0.099 -0.426 2.696
79 2 -0.102 -0.369 2.728
79 3 0.066 -0.151 2.790
79 4 0.055 0.043 2.797
79 5 0.155 -0.313 2.696
79 6 -0.082 -0.404 2.692
79 7 -0.298 -0.375 2.802
79 8 -0.329 -0.393 2.784
79 9 0.221 -0.242 2.754
79 10 0.393 -0.192 2.601
79 11 0.417 0.019 2.556
79 12 0.419 0.082 2.547
79 13 -0.102 -0.446 2.679
79 14 -0.014 -0.540 2.296
79 15 0.043 -0.797 2.150
79 16 0.002 -0.827 2.092
79 17 -0.114 -0.449 2.697
79 18 0.189 -0.545 2.339
79 19 0.181 -0.763 2.242
79 20 0.241 -0.793 2.165
80 1 -0.099 -0.426 2.696
80 2 -0.101 -0.370 2.729
80 3 0.066 -0.151 2.790
80 4 0.057 0.042 2.796
80 5 0.155 -0.314 2.696
80 6 -0.082 -0.407 2.688
80 7 -0.298 -0.375 2.801
80 8 -0.324 -0.391 2.779
80 9 0.221 -0.243 2.754
80 10 0.393 -0.194 2.600
80 11 0.414 0.018 2.554
80 12 0.412 0.077 2.541
80 13 -0.102 -0.446 2.679
80 14 0.001 -0.516 2.332
80 15 0.041 -0.793 2.138
80 16 0.002 -0.827 2.088
80 17 -0.114 -0.450 2.697
80 18 0.189 -0.545 2.339
80 19 0.182 -0.763 2.241
80 20 0.241 -0.793 2.165
81 1 -0.099 -0.426 2.696
81 2 -0.101 -0.371 2.730
81 3 0.066 -0.151 2.790
81 4 0.058 0.042 2.795
81 5 0.155 -0.314 2.696
81 6 -0.082 -0.407 2.686
81 7 -0.300 -0.377 2.800
81 8 -0.320 -0.391 2.775
81 9 0.223 -0.245 2.754
81 10 0.393 -0.199 2.599
81 11 0.405 0.011 2.547
81 12 0.398 0.066 2.530
81 13 -0.103 -0.446 2.679
81 14 0.007 -0.507 2.345
81 15 0.003 -0.770 2.103
81 16 0.002 -0.828 2.086
81 17 -0.115 -0.450 2.697
81 18 0.189 -0.544 2.339
81 19 0.182 -0.763 2.241
81 20 0.241 -0.793 2.165
82 1 -0.099 -0.427 2.696
82 2 -0.100 -0.371 2.731
82 3 0.066 -0.152 2.791
82 4 0.059 0.042 2.794
82 5 0.155 -0.315 2.695
82 6 -0.083 -0.408 2.685
82 7 -0.311 -0.402 2.789
82 8 -0.323 -0.409 2.763
82 9 0.224 -0.246 2.754
82 10 0.393 -0.204 2.596
82 11 0.388 -0.003 2.533
82 12 0.379 0.050 2.515
82 13 -0.103 -0.446 2.679
82 14 0.011 -0.501 2.354
82 15 0.010 -0.774 2.112
82 16 0.001 -0.828 2.084
82 17 -0.115 -0.450 2.698
82 18 0.189 -0.544 2.339
82 19 0.182 -0.763 2.241
82 20 0.240 -0.793 2.166
83 1 -0.098 -0.427 2.696
83 2 -0.100 -0.372 2.732
83 3 0.067 -0.152 2.791
83 4 0.060 0.042 2.793
83 5 0.155 -0.315 2.695
83 6 -0.091 -0.379 2.691
83 7 -0.315 -0.405 2.789
83 8 -0.369 -0.412 2.803
83 9 0.225 -0.248 2.754
83 10 0.380 -0.256 2.595
83 11 0.368 -0.031 2.514
83 12 0.354 0.021 2.494
83 13 -0.103 -0.446 2.679
83 14 0.013 -0.497 2.357
83 15 -0.008 -0.763 2.097
83 16 0.001 -0.828 2.083
83 17 -0.115 -0.450 2.699
83 18 0.189 -0.545 2.340
83 19 0.182 -0.763 2.241
83 20 0.239 -0.794 2.167
84 1 -0.098 -0.427 2.697
84 2 -0.101 -0.370 2.729
84 3 0.067 -0.152 2.791
84 4 0.062 0.042 2.793
84 5 0.156 -0.350 2.676
84 6 -0.093 -0.374 2.691
84 7 -0.318 -0.406 2.789
84 8 -0.388 -0.410 2.822
84 9 0.226 -0.249 2.754
84 10 0.372 -0.286 2.595
84 11 0.354 -0.090 2.499
84 12 0.342 -0.024 2.478
84 13 -0.103 -0.446 2.680
84 14 0.015 -0.500 2.362
84 15 0.011 -0.768 2.121
84 16 0.001 -0.828 2.082
84 17 -0.115 -0.450 2.699
84 18 0.188 -0.545 2.341
84 19 0.181 -0.764 2.242
84 20 0.237 -0.794 2.169
85 1 -0.098 -0.427 2.697
85 2 -0.101 -0.368 2.726
85 3 0.067 -0.152 2.791
85 4 0.063 0.041 2.792
85 5 0.156 -0.360 2.670
85 6 -0.094 -0.373 2.697
85 7 -0.321 -0.410 2.793
85 8 -0.382 -0.423 2.812
85 9 0.227 -0.251 2.754
85 10 0.368 -0.300 2.595
85 11 0.340 -0.140 2.478
85 12 0.328 -0.068 2.448
85 13 -0.103 -0.446 2.680
85 14 0.011 -0.505 2.361
85 15 -0.006 -0.759 2.116
85 16 0.002 -0.828 2.082
85 17 -0.115 -0.450 2.700
85 18 0.188 -0.545 2.341
85 19 0.180 -0.764 2.243
85 20 0.235 -0.794 2.171
86 1 -0.098 -0.427 2.697
86 2 -0.101 -0.367 2.724
86 3 0.067 -0.153 2.791
86 4 0.064 0.041 2.792
86 5 0.156 -0.367 2.666
86 6 -0.094 -0.375 2.700
86 7 -0.323 -0.414 2.795
86 8 -0.376 -0.433 2.802
86 9 0.228 -0.252 2.754
86 10 0.360 -0.325 2.592
86 11 0.334 -0.177 2.470
86 12 0.320 -0.109 2.431
86 13 -0.104 -0.447 2.680
86 14 0.007 -0.509 2.356
86 15 0.010 -0.772 2.137
86 16 0.002 -0.828 2.082
86 17 -0.115 -0.450 2.700
86 18 0.188 -0.545 2.341
86 19 0.178 -0.765 2.244
86 20 0.233 -0.795 2.173
87 1 -0.098 -0.426 2.698
87 2 -0.102 -0.366 2.722
87 3 0.067 -0.153 2.791
87 4 0.064 0.041 2.791
87 5 0.156 -0.371 2.664
87 6 -0.095 -0.377 2.702
87 7 -0.324 -0.416 2.796
87 8 -0.369 -0.440 2.794
87 9 0.229 -0.253 2.754
87 10 0.334 -0.382 2.621
87 11 0.330 -0.226 2.462
87 12 0.313 -0.159 2.417
87 13 -0.104 -0.448 2.680
87 14 0.006 -0.512 2.354
87 15 0.015 -0.775 2.142
87 16 0.003 -0.828 2.082
87 17 -0.116 -0.449 2.701
87 18 0.187 -0.545 2.342
87 19 0.263 -0.804 2.144
87 20 0.319 -0.854 2.124
88 1 -0.098 -0.426 2.698
88 2 -0.102 -0.365 2.722
88 3 0.067 -0.153 2.791
88 4 0.065 0.040 2.791
88 5 0.156 -0.375 2.662
88 6 -0.094 -0.410 2.685
88 7 -0.323 -0.420 2.795
88 8 -0.362 -0.445 2.785
88 9 0.230 -0.255 2.754
88 10 0.324 -0.405 2.631
88 11 0.333 -0.300 2.459
88 12 0.318 -0.237 2.406
88 13 -0.104 -0.448 2.680
88 14 0.003 -0.515 2.350
88 15 -0.001 -0.763 2.121
88 16 0.003 -0.827 2.082
88 17 -0.116 -0.449 2.701
88 18 0.187 -0.545 2.342
88 19 0.290 -0.820 2.111
88 20 0.330 -0.859 2.072
89 1 -0.098 -0.426 2.698
89 2 -0.102 -0.364 2.721
89 3 0.067 -0.154 2.791
89 4 0.066 0.040 2.790
89 5 0.156 -0.377 2.661
89 6 -0.092 -0.430 2.674
89 7 -0.322 -0.424 2.793
89 8 -0.357 -0.449 2.778
89 9 0.230 -0.258 2.754
89 10 0.304 -0.434 2.645
89 11 0.337 -0.352 2.464
89 12 0.322 -0.298 2.403
89 13 -0.104 -0.449 2.680
89 14 0.002 -0.517 2.346
89 15 -0.008 -0.758 2.112
89 16 0.004 -0.827 2.083
89 17 -0.117 -0.449 2.701
89 18 0.187 -0.545 2.342
89 19 0.305 -0.829 2.093
89 20 0.339 -0.862 2.045
90 1 -0.098 -0.426 2.698
90 2 -0.102 -0.364 2.720
90 3 0.067 -0.154 2.791
90 4 0.067 0.040 2.790
90 5 0.156 -0.378 2.660
90 6 -0.092 -0.437 2.670
90 7 -0.321 -0.426 2.791
90 8 -0.354 -0.451 2.773
90 9 0.231 -0.261 2.754
90 10 0.282 -0.456 2.662
90 11 0.339 -0.406 2.474
90 12 0.325 -0.362 2.405
90 13 -0.104 -0.449 2.680
90 14 0.001 -0.519 2.342
90 15 -0.009 -0.757 2.109
90 16 0.043 -0.825 2.091
90 17 -0.117 -0.449 2.701
90 18 0.186 -0.545 2.343
90 19 0.308 -0.833 2.088
90 20 0.341 -0.861 2.033
91 1 -0.098 -0.426 2.698
91 2 -0.102 -0.364 2.720
91 3 0.067 -0.154 2.791
91 4 0.067 0.039 2.789
91 5 0.157 -0.379 2.659
91 6 -0.092 -0.442 2.667
91 7 -0.320 -0.428 2.790
91 8 -0.351 -0.452 2.770
91 9 0.232 -0.263 2.754
91 10 0.272 -0.465 2.669
91 11 0.337 -0.429 2.475
91 12 0.315 -0.378 2.403
91 13 -0.104 -0.449 2.680
91 14 -0.000 -0.520 2.340
91 15 0.016 -0.780 2.139
91 16 0.039 -0.825 2.092
91 17 -0.118 -0.448 2.701
91 18 0.186 -0.545 2.343
91 19 0.309 -0.835 2.088
91 20 0.339 -0.859 2.028
92 1 -0.098 -0.426 2.698
92 2 -0.102 -0.363 2.720
92 3 0.068 -0.154 2.791
92 4 0.068 0.039 2.788
92 5 0.157 -0.380 2.659
92 6 -0.092 -0.439 2.665
92 7 -0.319 -0.426 2.788
92 8 -0.347 -0.450 2.765
92 9 0.232 -0.265 2.755
92 10 0.265 -0.470 2.672
92 11 0.238 -0.511 2.485
92 12 0.260 -0.465 2.421
92 13 -0.104 -0.449 2.680
92 14 -0.001 -0.521 2.337
92 15 0.022 -0.785 2.143
92 16 0.031 -0.826 2.090
92 17 -0.119 -0.448 2.701
92 18 0.185 -0.545 2.344
92 19 0.306 -0.835 2.091
92 20 0.333 -0.854 2.029
93 1 -0.098 -0.425 2.699
93 2 -0.102 -0.362 2.719
93 3 0.069 -0.155 2.790
93 4 0.069 0.038 2.786
93 5 0.157 -0.380 2.658
93 6 -0.092 -0.440 2.664
93 7 -0.316 -0.425 2.787
93 8 -0.344 -0.447 2.763
93 9 0.232 -0.266 2.755
93 10 0.260 -0.472 2.673
93 11 0.125 -0.540 2.485
93 12 0.068 -0.525 2.428
93 13 -0.104 -0.449 2.679
93 14 -0.002 -0.522 2.336
93 15 0.021 -0.780 2.138
93 16 0.051 -0.824 2.102
93 17 -0.120 -0.447 2.702
93 18 0.185 -0.544 2.345
93 19 0.297 -0.829 2.102
93 20 0.325 -0.849 2.037
94 1 -0.098 -0.425 2.699
94 2 -0.102 -0.362 2.718
94 3 0.070 -0.155 2.790
94 4 0.071 0.038 2.784
94 5 0.157 -0.380 2.658
94 6 -0.091 -0.440 2.663
94 7 -0.313 -0.421 2.786
94 8 -0.341 -0.444 2.762
94 9 0.232 -0.267 2.755
94 10 0.259 -0.472 2.674
94 11 0.067 -0.523 2.490
94 12 0.010 -0.541 2.434
94 13 -0.104 -0.450 2.679
94 14 -0.002 -0.522 2.334
94 15 -0.006 -0.749 2.121
94 16 0.031 -0.821 2.098
94 17 -0.120 -0.446 2.703
94 18 0.184 -0.544 2.345
94 19 0.291 -0.826 2.109
94 20 0.320 -0.846 2.043
95 1 -0.098 -0.425 2.699
95 2 -0.102 -0.361 2.717
95 3 0.071 -0.156 2.789
95 4 0.072 0.038 2.782
95 5 0.158 -0.380 2.658
95 6 -0.090 -0.439 2.663
95 7 -0.311 -0.418 2.786
95 8 -0.339 -0.440 2.762
95 9 0.232 -0.268 2.756
95 10 0.288 -0.445 2.669
95 11 0.075 -0.504 2.504
95 12 0.013 -0.530 2.462
95 13 -0.104 -0.450 2.679
95 14 -0.002 -0.522 2.333
95 15 -0.007 -0.749 2.117
95 16 0.045 -0.825 2.105
95 17 -0.120 -0.446 2.703
95 18 0.184 -0.543 2.346
95 19 0.288 -0.824 2.113
95 20 0.316 -0.843 2.047
96 1 -0.098 -0.424 2.699
96 2 -0.101 -0.360 2.717
96 3 0.072 -0.156 2.788
96 4 0.074 0.037 2.780
96 5 0.158 -0.379 2.658
96 6 -0.089 -0.438 2.663
96 7 -0.310 -0.417 2.785
96 8 -0.338 -0.439 2.761
96 9 0.233 -0.268 2.756
96 10 0.301 -0.432 2.667
96 11 0.073 -0.498 2.504
96 12 -0.021 -0.547 2.464
96 13 -0.104 -0.450 2.679
96 14 -0.002 -0.523 2.332
96 15 -0.007 -0.751 2.114
96 16 0.054 -0.827 2.109
96 17 -0.120 -0.445 2.703
96 18 0.184 -0.543 2.346
96 19 0.285 -0.822 2.116
96 20 0.314 -0.842 2.051
97 1 -0.097 -0.424 2.699
97 2 -0.101 -0.360 2.716
97 3 0.073 -0.156 2.788
97 4 0.075 0.037 2.779
97 5 0.159 -0.379 2.658
97 6 -0.088 -0.433 2.664
97 7 -0.309 -0.417 2.785
97 8 -0.338 -0.438 2.761
97 9 0.233 -0.269 2.757
97 10 0.308 -0.425 2.666
97 11 0.072 -0.492 2.509
97 12 -0.022 -0.542 2.469
97 13 -0.104 -0.450 2.678
97 14 -0.003 -0.523 2.332
97 15 0.014 -0.774 2.130
97 16 0.028 -0.827 2.097
97 17 -0.121 -0.445 2.704
97 18 0.184 -0.543 2.346
97 19 0.284 -0.821 2.118
97 20 0.313 -0.841 2.053
98 1 -0.097 -0.424 2.699
98 2 -0.100 -0.359 2.715
98 3 0.074 -0.157 2.787
98 4 0.076 0.037 2.777
98 5 0.159 -0.378 2.657
98 6 -0.087 -0.430 2.665
98 7 -0.308 -0.416 2.785
98 8 -0.338 -0.437 2.762
98 9 0.233 -0.269 2.757
98 10 0.312 -0.422 2.666
98 11 0.087 -0.484 2.510
98 12 -0.001 -0.529 2.471
98 13 -0.104 -0.450 2.678
98 14 -0.003 -0.523 2.331
98 15 0.015 -0.777 2.131
98 16 0.041 -0.832 2.107
98 17 -0.121 -0.444 2.704
98 18 0.184 -0.542 2.347
98 19 0.283 -0.821 2.119
98 20 0.312 -0.840 2.054
99 1 -0.097 -0.423 2.699
99 2 -0.100 -0.358 2.714
99 3 0.076 -0.157 2.786
99 4 0.077 0.037 2.776
99 5 0.160 -0.378 2.657
99 6 -0.086 -0.426 2.666
99 7 -0.308 -0.415 2.785
99 8 -0.338 -0.435 2.763
99 9 0.233 -0.269 2.758
99 10 0.315 -0.420 2.667
99 11 0.097 -0.482 2.513
99 12 -0.000 -0.527 2.467
99 13 -0.103 -0.450 2.677
99 14 -0.003 -0.523 2.331
99 15 0.015 -0.778 2.130
99 16 0.049 -0.833 2.113
99 17 -0.121 -0.444 2.704
99 18 0.184 -0.541 2.347
99 19 0.282 -0.820 2.120
99 20 0.312 -0.840 2.055
100 1 -0.096 -0.423 2.699
100 2 -0.099 -0.358 2.714
100 3 0.077 -0.157 2.786
100 4 0.079 0.036 2.774
100 5 0.161 -0.377 2.657
100 6 -0.085 -0.424 2.666
100 7 -0.308 -0.416 2.784
100 8 -0.338 -0.435 2.762
100 9 0.233 -0.270 2.758
100 10 0.317 -0.420 2.669
100 11 0.102 -0.481 2.515
100 12 -0.001 -0.526 2.462
100 13 -0.103 -0.450 2.677
100 14 -0.003 -0.523 2.330
100 15 0.005 -0.766 2.117
100 16 0.025 -0.830 2.099
100 17 -0.121 -0.443 2.705
100 18 0.184 -0.541 2.348
100 19 0.281 -0.820 2.121
100 20 0.311 -0.839 2.056
101 1 -0.096 -0.423 2.699
101 2 -0.099 -0.358 2.713
101 3 0.077 -0.157 2.785
101 4 0.080 0.036 2.772
101 5 0.161 -0.377 2.657
101 6 -0.083 -0.414 2.677
101 7 -0.309 -0.416 2.783
101 8 -0.366 -0.428 2.786
101 9 0.233 -0.270 2.758
101 10 0.316 -0.422 2.672
101 11 0.105 -0.481 2.516
101 12 -0.001 -0.525 2.457
101 13 -0.103 -0.450 2.677
101 14 -0.003 -0.522 2.330
101 15 0.002 -0.762 2.113
101 16 0.033 -0.825 2.101
101 17 -0.121 -0.443 2.705
101 18 0.185 -0.540 2.348
101 19 0.280 -0.820 2.121
101 20 0.311 -0.839 2.057
102 1 -0.096 -0.422 2.699
102 2 -0.099 -0.357 2.713
102 3 0.078 -0.158 2.785
102 4 0.081 0.036 2.770
102 5 0.162 -0.376 2.657
102 6 -0.082 -0.410 2.680
102 7 -0.310 -0.412 2.785
102 8 -0.365 -0.424 2.786
102 9 0.233 -0.270 2.759
102 10 0.314 -0.425 2.673
102 11 0.108 -0.482 2.515
102 12 0.012 -0.521 2.456
102 13 -0.103 -0.450 2.677
102 14 -0.003 -0.522 2.330
102 15 -0.005 -0.751 2.106
102 16 0.022 -0.824 2.094
102 17 -0.121 -0.443 2.706
102 18 0.185 -0.540 2.349
102 19 0.280 -0.821 2.122
102 20 0.311 -0.839 2.058
103 1 -0.096 -0.422 2.699
103 2 -0.098 -0.357 2.712
103 3 0.079 -0.158 2.784
103 4 0.081 0.035 2.769
103 5 0.162 -0.376 2.657
103 6 -0.082 -0.409 2.680
103 7 -0.309 -0.411 2.785
103 8 -0.360 -0.422 2.783
103 9 0.233 -0.270 2.759
103 10 0.311 -0.427 2.674
103 11 0.220 -0.482 2.441
103 12 0.114 -0.518 2.370
103 13 -0.103 -0.450 2.676
103 14 -0.003 -0.522 2.330
103 15 -0.008 -0.744 2.103
103 16 0.015 -0.824 2.090
103 17 -0.121 -0.442 2.706
103 18 0.185 -0.539 2.349
103 19 0.279 -0.821 2.122
103 20 0.311 -0.838 2.059
104 1 -0.095 -0.422 2.700
104 2 -0.098 -0.357 2.712
104 3 0.079 -0.158 2.784
104 4 0.082 0.035 2.768
104 5 0.163 -0.376 2.656
104 6 -0.081 -0.414 2.677
104 7 -0.308 -0.413 2.784
104 8 -0.357 -0.425 2.781
104 9 0.233 -0.270 2.760
104 10 0.296 -0.430 2.668
104 11 0.255 -0.485 2.399
104 12 0.179 -0.516 2.315
104 13 -0.103 -0.450 2.676
104 14 -0.003 -0.522 2.329
104 15 -0.010 -0.742 2.101
104 16 0.032 -0.817 2.099
104 17 -0.121 -0.442 2.707
104 18 0.185 -0.538 2.349
104 19 0.279 -0.821 2.122
104 20 0.311 -0.838 2.059
105 1 -0.095 -0.422 2.700
105 2 -0.098 -0.356 2.712
105 3 0.080 -0.158 2.784
105 4 0.082 0.035 2.767
105 5 0.163 -0.376 2.656
105 6 -0.081 -0.416 2.675
105 7 -0.308 -0.413 2.784
105 8 -0.352 -0.426 2.776
105 9 0.233 -0.271 2.760
105 10 0.282 -0.433 2.659
105 11 0.275 -0.485 2.380
105 12 0.219 -0.519 2.363
105 13 -0.103 -0.450 2.676
105 14 -0.003 -0.522 2.329
105 15 -0.010 -0.741 2.101
105 16 0.042 -0.815 2.104
105 17 -0.121 -0.442 2.707
105 18 0.185 -0.538 2.350
105 19 0.279 -0.821 2.123
105 20 0.312 -0.838 2.060
106 1 -0.095 -0.421 2.700
106 2 -0.098 -0.356 2.712
106 3 0.080 -0.159 2.783
106 4 0.083 0.035 2.767
106 5 0.163 -0.375 2.656
106 6 -0.081 -0.415 2.676
106 7 -0.308 -0.413 2.784
106 8 -0.347 -0.428 2.770
106 9 0.233 -0.271 2.760
106 10 0.280 -0.435 2.659
106 11 0.279 -0.488 2.382
106 12 0.254 -0.524 2.352
106 13 -0.102 -0.450 2.676
106 14 -0.003 -0.522 2.329
106 15 -0.012 -0.739 2.101
106 16 0.041 -0.815 2.107
106 17 -0.120 -0.442 2.707
106 18 0.186 -0.538 2.350
106 19 0.278 -0.821 2.123
106 20 0.312 -0.838 2.060
107 1 -0.095 -0.421 2.700
107 2 -0.098 -0.356 2.712
107 3 0.080 -0.159 2.783
107 4 0.083 0.035 2.766
107 5 0.163 -0.375 2.656
107 6 -0.081 -0.416 2.674
107 7 -0.308 -0.415 2.783
107 8 -0.345 -0.431 2.767
107 9 0.233 -0.271 2.761
107 10 0.279 -0.436 2.659
107 11 0.281 -0.489 2.384
107 12 0.271 -0.520 2.342
107 13 -0.102 -0.450 2.676
107 14 -0.003 -0.522 2.329
107 15 -0.015 -0.737 2.101
107 16 0.042 -0.808 2.108
107 17 -0.120 -0.441 2.707
107 18 0.186 -0.537 2.350
107 19 0.278 -0.821 2.123
107 20 0.312 -0.838 2.060
108 1 -0.095 -0.421 2.700
108 2 -0.098 -0.356 2.712
108 3 0.080 -0.159 2.783
108 4 0.083 0.035 2.766
108 5 0.164 -0.375 2.656
108 6 -0.082 -0.418 2.673
108 7 -0.308 -0.417 2.782
108 8 -0.344 -0.433 2.765
108 9 0.233 -0.271 2.761
108 10 0.278 -0.438 2.658
108 11 0.280 -0.492 2.382
108 12 0.279 -0.517 2.334
108 13 -0.102 -0.450 2.676
108 14 -0.003 -0.522 2.328
108 15 -0.016 -0.735 2.101
108 16 0.024 -0.814 2.097
108 17 -0.120 -0.441 2.708
108 18 0.186 -0.537 2.350
108 19 0.278 -0.821 2.123
108 20 0.312 -0.838 2.061
109 1 -0.095 -0.421 2.700
109 2 -0.097 -0.356 2.712
109 3 0.080 -0.159 2.783
109 4 0.083 0.035 2.765
109 5 0.164 -0.375 2.656
109 6 -0.082 -0.419 2.672
109 7 -0.309 -0.420 2.778
109 8 -0.340 -0.436 2.757
109 9 0.234 -0.271 2.762
109 10 0.277 -0.439 2.658
109 11 0.273 -0.493 2.385
109 12 0.273 -0.512 2.320
109 13 -0.102 -0.450 2.676
109 14 -0.004 -0.522 2.327
109 15 -0.018 -0.733 2.101
109 16 0.015 -0.817 2.092
109 17 -0.120 -0.441 2.708
109 18 0.186 -0.537 2.351
109 19 0.278 -0.821 2.123
109 20 0.312 -0.838 2.061
110 1 -0.095 -0.421 2.700
110 2 -0.097 -0.356 2.712
110 3 0.080 -0.159 2.782
110 4 0.084 0.035 2.765
110 5 0.164 -0.375 2.656
110 6 -0.082 -0.419 2.671
110 7 -0.322 -0.431 2.748
110 8 -0.369 -0.440 2.754
110 9 0.234 -0.272 2.762
110 10 0.270 -0.443 2.647
110 11 0.268 -0.494 2.382
110 12 0.269 -0.510 2.305
110 13 -0.102 -0.450 2.676
110 14 0.004 -0.524 2.333
110 15 -0.014 -0.730 2.093
110 16 0.010 -0.818 2.089
110 17 -0.120 -0.441 2.708
110 18 0.186 -0.537 2.351
110 19 0.278 -0.821 2.123
110 20 0.312 -0.838 2.061
111 1 -0.094 -0.421 2.700
111 2 -0.097 -0.356 2.712
111 3 0.081 -0.159 2.782
111 4 0.084 0.034 2.765
111 5 0.164 -0.375 2.656
111 6 -0.083 -0.412 2.673
111 7 -0.325 -0.431 2.744
111 8 -0.386 -0.436 2.765
111 9 0.234 -0.273 2.762
111 10 0.267 -0.446 2.642
111 11 0.264 -0.495 2.378
111 12 0.259 -0.509 2.287
111 13 -0.102 -0.450 2.675
111 14 0.003 -0.523 2.331
111 15 -0.012 -0.732 2.095
111 16 0.007 -0.820 2.087
111 17 -0.120 -0.441 2.708
111 18 0.186 -0.537 2.351
111 19 0.278 -0.821 2.123
111 20 0.312 -0.838 2.061
112 1 -0.050 -0.413 2.688
112 2 -0.042 -0.373 2.723
112 3 0.081 -0.159 2.782
112 4 0.084 0.034 2.765
112 5 -0.063 -0.287 2.735
112 6 -0.259 -0.427 2.698
112 7 -0.377 -0.412 2.819
112 8 -0.420 -0.409 2.855
112 9 0.234 -0.274 2.762
112 10 0.263 -0.449 2.637
112 11 0.261 -0.496 2.376
112 12 0.257 -0.508 2.281
112 13 -0.107 -0.448 2.668
112 14 -0.017 -0.520 2.256
112 15 -0.012 -0.734 2.096
112 16 -0.007 -0.793 2.046
112 17 -0.012 -0.489 2.672
112 18 0.252 -0.557 2.285
112 19 0.278 -0.821 2.123
112 20 0.312 -0.838 2.061
113 1 -0.025 -0.409 2.682
113 2 -0.006 -0.383 2.731
113 3 0.081 -0.160 2.782
113 4 0.085 0.034 2.765
113 5 -0.107 -0.270 2.750
113 6 -0.305 -0.431 2.704
113 7 -0.403 -0.411 2.848
113 8 -0.438 -0.401 2.900
113 9 0.234 -0.275 2.762
113 10 0.262 -0.449 2.636
113 11 0.259 -0.496 2.375
113 12 0.255 -0.508 2.278
113 13 -0.111 -0.447 2.662
113 14 -0.015 -0.520 2.278
113 15 -0.009 -0.740 2.100
113 16 0.020 -0.821 2.089
113 17 0.031 -0.505 2.660
113 18 0.284 -0.567 2.254
113 19 0.278 -0.821 2.123
113 20 0.312 -0.838 2.062
114 1 -0.010 -0.408 2.679
114 2 0.010 -0.387 2.734
114 3 0.081 -0.160 2.782
114 4 0.086 0.034 2.765
114 5 -0.132 -0.260 2.759
114 6 -0.335 -0.434 2.708
114 7 -0.415 -0.406 2.861
114 8 -0.446 -0.395 2.918
114 9 0.234 -0.276 2.762
114 10 0.284 -0.447 2.655
114 11 0.257 -0.493 2.391
114 12 0.250 -0.506 2.290
114 13 -0.111 -0.447 2.656
114 14 -0.014 -0.520 2.281
114 15 -0.010 -0.740 2.102
114 16 0.001 -0.789 2.051
114 17 0.065 -0.516 2.654
114 18 0.300 -0.572 2.238
114 19 0.278 -0.821 2.123
114 20 0.313 -0.838 2.062
115 1 0.003 -0.408 2.678
115 2 0.021 -0.390 2.736
115 3 0.081 -0.160 2.782
115 4 0.087 0.033 2.765
115 5 -0.132 -0.260 2.759
115 6 -0.335 -0.436 2.708
115 7 -0.419 -0.405 2.870
115 8 -0.450 -0.393 2.930
115 9 0.234 -0.277 2.762
115 10 0.295 -0.446 2.665
115 11 0.256 -0.491 2.402
115 12 0.244 -0.504 2.313
115 13 -0.107 -0.450 2.649
115 14 -0.012 -0.521 2.284
115 15 -0.005 -0.749 2.108
115 16 -0.000 -0.786 2.043
115 17 0.085 -0.522 2.652
115 18 0.309 -0.575 2.229
115 19 0.278 -0.820 2.123
115 20 0.313 -0.838 2.062
116 1 0.010 -0.409 2.678
116 2 0.028 -0.392 2.737
116 3 0.081 -0.160 2.782
116 4 0.087 0.033 2.765
116 5 -0.132 -0.261 2.759
116 6 -0.225 -0.439 2.698
116 7 -0.406 -0.410 2.858
116 8 -0.454 -0.394 2.929
116 9 0.234 -0.277 2.762
116 10 0.299 -0.445 2.669
116 11 0.255 -0.492 2.409
116 12 0.242 -0.505 2.321
116 13 -0.102 -0.454 2.644
116 14 0.015 -0.531 2.301
116 15 0.017 -0.760 2.086
116 16 -0.002 -0.807 2.056
116 17 0.097 -0.524 2.651
116 18 0.314 -0.577 2.223
116 19 0.278 -0.820 2.123
116 20 0.313 -0.838 2.062
