1 1 0.026 -0.426 2.488
1 2 0.025 -0.378 2.542
1 3 0.051 -0.081 2.549
1 4 0.055 0.106 2.563
1 5 -0.111 -0.187 2.520
1 6 -0.150 -0.396 2.420
1 7 -0.010 -0.485 2.200
1 8 0.079 -0.533 2.100
1 9 0.219 -0.194 2.548
1 10 0.247 -0.406 2.433
1 11 0.167 -0.501 2.267
1 12 0.083 -0.527 2.161
1 13 -0.064 -0.490 2.469
1 14 -0.120 -0.602 2.149
1 15 -0.126 -0.904 2.151
1 16 -0.119 -0.939 2.062
1 17 0.105 -0.507 2.475
1 18 0.236 -0.603 2.171
1 19 0.247 -0.910 2.142
1 20 0.254 -0.945 2.053
2 1 0.026 -0.426 2.488
2 2 0.026 -0.378 2.542
2 3 0.051 -0.081 2.549
2 4 0.056 0.106 2.562
2 5 -0.111 -0.187 2.520
2 6 -0.150 -0.396 2.420
2 7 -0.010 -0.485 2.200
2 8 0.072 -0.533 2.103
2 9 0.219 -0.194 2.548
2 10 0.247 -0.406 2.433
2 11 0.165 -0.500 2.267
2 12 0.052 -0.525 2.131
2 13 -0.064 -0.490 2.469
2 14 -0.120 -0.601 2.149
2 15 -0.126 -0.903 2.151
2 16 -0.119 -0.939 2.062
2 17 0.106 -0.507 2.475
2 18 0.236 -0.603 2.171
2 19 0.247 -0.910 2.142
2 20 0.254 -0.946 2.053
3 1 0.026 -0.426 2.488
3 2 0.026 -0.379 2.542
3 3 0.052 -0.082 2.549
3 4 0.056 0.106 2.562
3 5 -0.111 -0.187 2.520
3 6 -0.150 -0.396 2.420
3 7 -0.009 -0.485 2.200
3 8 0.072 -0.534 2.102
3 9 0.219 -0.194 2.548
3 10 0.247 -0.407 2.433
3 11 0.164 -0.500 2.267
3 12 0.038 -0.524 2.118
3 13 -0.064 -0.490 2.469
3 14 -0.120 -0.601 2.149
3 15 -0.126 -0.903 2.151
3 16 -0.119 -0.939 2.062
3 17 0.106 -0.507 2.475
3 18 0.236 -0.602 2.171
3 19 0.247 -0.909 2.143
3 20 0.254 -0.944 2.054
4 1 0.026 -0.426 2.488
4 2 0.026 -0.379 2.542
4 3 0.052 -0.082 2.549
4 4 0.056 0.106 2.561
4 5 -0.111 -0.187 2.520
4 6 -0.150 -0.397 2.420
4 7 -0.009 -0.485 2.200
4 8 0.072 -0.535 2.100
4 9 0.220 -0.194 2.549
4 10 0.248 -0.407 2.433
4 11 0.164 -0.500 2.267
4 12 0.030 -0.523 2.110
4 13 -0.063 -0.490 2.469
4 14 -0.120 -0.601 2.149
4 15 -0.126 -0.903 2.150
4 16 -0.118 -0.939 2.062
4 17 0.106 -0.507 2.475
4 18 0.237 -0.598 2.170
4 19 0.247 -0.905 2.143
4 20 0.255 -0.941 2.054
5 1 0.026 -0.426 2.488
5 2 0.026 -0.379 2.542
5 3 0.052 -0.082 2.549
5 4 0.057 0.105 2.561
5 5 -0.111 -0.188 2.520
5 6 -0.150 -0.397 2.420
5 7 -0.008 -0.485 2.200
5 8 0.071 -0.535 2.101
5 9 0.220 -0.195 2.549
5 10 0.248 -0.407 2.433
5 11 0.164 -0.500 2.267
5 12 0.030 -0.524 2.107
5 13 -0.063 -0.490 2.469
5 14 -0.120 -0.602 2.149
5 15 -0.126 -0.903 2.150
5 16 -0.119 -0.939 2.062
5 17 0.106 -0.507 2.475
5 18 0.237 -0.594 2.169
5 19 0.264 -0.851 2.103
5 20 0.272 -0.887 2.015
6 1 0.026 -0.427 2.488
6 2 0.026 -0.379 2.542
6 3 0.053 -0.082 2.549
6 4 0.057 0.105 2.560
6 5 -0.111 -0.188 2.520
6 6 -0.150 -0.397 2.420
6 7 -0.007 -0.485 2.201
6 8 0.069 -0.535 2.101
6 9 0.220 -0.195 2.549
6 10 0.248 -0.407 2.433
6 11 0.164 -0.501 2.267
6 12 0.031 -0.527 2.104
6 13 -0.063 -0.490 2.469
6 14 -0.120 -0.602 2.149
6 15 -0.126 -0.904 2.150
6 16 -0.119 -0.939 2.062
6 17 0.106 -0.507 2.475
6 18 0.238 -0.591 2.169
6 19 0.275 -0.817 2.077
6 20 0.279 -0.865 1.998
7 1 0.026 -0.427 2.488
7 2 0.026 -0.379 2.542
7 3 0.053 -0.083 2.549
7 4 0.057 0.105 2.560
7 5 -0.110 -0.188 2.520
7 6 -0.150 -0.397 2.421
7 7 -0.006 -0.485 2.202
7 8 0.067 -0.535 2.101
7 9 0.220 -0.195 2.549
7 10 0.248 -0.407 2.433
7 11 0.161 -0.499 2.267
7 12 0.036 -0.529 2.106
7 13 -0.063 -0.490 2.469
7 14 -0.120 -0.602 2.149
7 15 -0.126 -0.904 2.150
7 16 -0.119 -0.939 2.062
7 17 0.106 -0.507 2.475
7 18 0.238 -0.588 2.168
7 19 0.279 -0.805 2.068
7 20 0.283 -0.853 1.989
8 1 0.026 -0.427 2.487
8 2 0.026 -0.379 2.542
8 3 0.053 -0.083 2.549
8 4 0.057 0.105 2.560
8 5 -0.110 -0.188 2.520
8 6 -0.150 -0.397 2.421
8 7 -0.005 -0.485 2.202
8 8 0.064 -0.534 2.102
8 9 0.220 -0.195 2.549
8 10 0.248 -0.408 2.433
8 11 0.160 -0.498 2.268
8 12 0.048 -0.524 2.119
8 13 -0.063 -0.490 2.469
8 14 -0.120 -0.602 2.149
8 15 -0.126 -0.904 2.150
8 16 -0.119 -0.940 2.061
8 17 0.106 -0.508 2.475
8 18 0.238 -0.587 2.168
8 19 0.281 -0.797 2.063
8 20 0.285 -0.846 1.984
9 1 0.026 -0.427 2.487
9 2 0.026 -0.379 2.542
9 3 0.053 -0.083 2.549
9 4 0.057 0.105 2.559
9 5 -0.110 -0.189 2.520
9 6 -0.150 -0.397 2.421
9 7 -0.004 -0.485 2.202
9 8 0.062 -0.533 2.104
9 9 0.220 -0.195 2.549
9 10 0.248 -0.408 2.433
9 11 0.126 -0.490 2.231
9 12 0.051 -0.528 2.121
9 13 -0.063 -0.491 2.469
9 14 -0.120 -0.602 2.149
9 15 -0.126 -0.904 2.150
9 16 -0.119 -0.940 2.061
9 17 0.106 -0.508 2.475
9 18 0.238 -0.586 2.168
9 19 0.282 -0.796 2.062
9 20 0.286 -0.841 1.980
10 1 0.027 -0.427 2.487
10 2 0.026 -0.379 2.542
10 3 0.054 -0.083 2.548
10 4 0.057 0.105 2.559
10 5 -0.110 -0.189 2.520
10 6 -0.150 -0.397 2.421
10 7 -0.034 -0.501 2.193
10 8 0.035 -0.526 2.126
10 9 0.220 -0.195 2.549
10 10 0.248 -0.408 2.433
10 11 0.107 -0.486 2.211
10 12 0.053 -0.532 2.121
10 13 -0.063 -0.491 2.469
10 14 -0.120 -0.603 2.149
10 15 -0.126 -0.904 2.150
10 16 -0.119 -0.940 2.061
10 17 0.106 -0.508 2.475
10 18 0.238 -0.585 2.168
10 19 0.263 -0.844 2.104
10 20 0.270 -0.884 2.019
11 1 0.027 -0.427 2.487
11 2 0.026 -0.379 2.542
11 3 0.054 -0.083 2.548
11 4 0.057 0.105 2.559
11 5 -0.110 -0.189 2.520
11 6 -0.150 -0.397 2.421
11 7 -0.071 -0.505 2.228
11 8 0.033 -0.525 2.128
11 9 0.220 -0.196 2.549
11 10 0.248 -0.408 2.433
11 11 0.099 -0.484 2.203
11 12 0.054 -0.533 2.121
11 13 -0.063 -0.491 2.469
11 14 -0.120 -0.603 2.149
11 15 -0.126 -0.904 2.150
11 16 -0.119 -0.940 2.061
11 17 0.106 -0.508 2.475
11 18 0.238 -0.584 2.168
11 19 0.264 -0.842 2.101
11 20 0.271 -0.882 2.017
12 1 0.027 -0.427 2.487
12 2 0.026 -0.379 2.542
12 3 0.054 -0.083 2.548
12 4 0.057 0.105 2.558
12 5 -0.110 -0.189 2.520
12 6 -0.150 -0.397 2.421
12 7 -0.050 -0.498 2.215
12 8 0.035 -0.524 2.127
12 9 0.221 -0.196 2.549
12 10 0.248 -0.408 2.433
12 11 0.094 -0.483 2.198
12 12 0.054 -0.536 2.121
12 13 -0.063 -0.491 2.469
12 14 -0.120 -0.603 2.149
12 15 -0.126 -0.904 2.150
12 16 -0.119 -0.940 2.061
12 17 0.106 -0.508 2.475
12 18 0.238 -0.583 2.167
12 19 0.266 -0.837 2.094
12 20 0.272 -0.878 2.012
13 1 0.027 -0.427 2.487
13 2 0.026 -0.380 2.542
13 3 0.054 -0.083 2.548
13 4 0.057 0.105 2.558
13 5 -0.110 -0.189 2.520
13 6 -0.150 -0.397 2.421
13 7 -0.053 -0.500 2.211
13 8 0.038 -0.524 2.125
13 9 0.221 -0.196 2.549
13 10 0.248 -0.408 2.433
13 11 0.091 -0.482 2.195
13 12 0.053 -0.538 2.120
13 13 -0.063 -0.491 2.468
13 14 -0.119 -0.603 2.149
13 15 -0.126 -0.904 2.150
13 16 -0.119 -0.940 2.061
13 17 0.106 -0.508 2.475
13 18 0.237 -0.592 2.170
13 19 0.256 -0.886 2.125
13 20 0.264 -0.920 2.037
14 1 0.027 -0.427 2.487
14 2 0.027 -0.380 2.542
14 3 0.054 -0.083 2.548
14 4 0.057 0.105 2.557
14 5 -0.110 -0.189 2.520
14 6 -0.150 -0.397 2.421
14 7 -0.069 -0.495 2.234
14 8 0.042 -0.525 2.123
14 9 0.221 -0.196 2.549
14 10 0.248 -0.408 2.433
14 11 0.091 -0.482 2.194
14 12 0.052 -0.541 2.118
14 13 -0.063 -0.491 2.468
14 14 -0.119 -0.603 2.149
14 15 -0.126 -0.904 2.150
14 16 -0.119 -0.940 2.061
14 17 0.106 -0.508 2.475
14 18 0.235 -0.602 2.172
14 19 0.252 -0.911 2.139
14 20 0.260 -0.944 2.050
15 1 0.027 -0.427 2.487
15 2 0.027 -0.380 2.542
15 3 0.054 -0.083 2.548
15 4 0.057 0.105 2.557
15 5 -0.110 -0.189 2.520
15 6 -0.149 -0.397 2.421
15 7 -0.064 -0.501 2.210
15 8 0.037 -0.522 2.129
15 9 0.221 -0.196 2.549
15 10 0.248 -0.408 2.433
15 11 0.092 -0.482 2.196
15 12 0.051 -0.543 2.116
15 13 -0.063 -0.491 2.468
15 14 -0.119 -0.603 2.149
15 15 -0.126 -0.904 2.150
15 16 -0.119 -0.940 2.061
15 17 0.106 -0.508 2.475
15 18 0.234 -0.608 2.174
15 19 0.249 -0.923 2.147
15 20 0.258 -0.956 2.057
16 1 0.027 -0.427 2.487
16 2 0.027 -0.380 2.542
16 3 0.054 -0.084 2.548
16 4 0.057 0.105 2.556
16 5 -0.109 -0.189 2.520
16 6 -0.149 -0.397 2.421
16 7 -0.021 -0.491 2.206
16 8 0.040 -0.522 2.126
16 9 0.221 -0.196 2.549
16 10 0.248 -0.407 2.433
16 11 0.094 -0.483 2.198
16 12 0.049 -0.544 2.114
16 13 -0.063 -0.491 2.468
16 14 -0.119 -0.603 2.149
16 15 -0.126 -0.904 2.150
16 16 -0.119 -0.940 2.061
16 17 0.106 -0.508 2.475
16 18 0.234 -0.606 2.173
16 19 0.248 -0.927 2.151
16 20 0.256 -0.959 2.061
17 1 0.027 -0.427 2.487
17 2 0.027 -0.380 2.542
17 3 0.055 -0.084 2.548
17 4 0.057 0.105 2.555
17 5 -0.109 -0.190 2.520
17 6 -0.149 -0.397 2.421
17 7 -0.012 -0.489 2.202
17 8 0.044 -0.523 2.124
17 9 0.221 -0.196 2.549
17 10 0.248 -0.407 2.433
17 11 0.097 -0.484 2.200
17 12 0.050 -0.544 2.114
17 13 -0.063 -0.491 2.468
17 14 -0.119 -0.603 2.149
17 15 -0.126 -0.904 2.150
17 16 -0.119 -0.940 2.061
17 17 0.106 -0.508 2.475
17 18 0.235 -0.604 2.172
17 19 0.246 -0.925 2.154
17 20 0.255 -0.959 2.063
18 1 0.027 -0.427 2.487
18 2 0.027 -0.380 2.542
18 3 0.055 -0.084 2.548
18 4 0.057 0.105 2.555
18 5 -0.109 -0.190 2.520
18 6 -0.149 -0.397 2.421
18 7 -0.004 -0.486 2.199
18 8 0.060 -0.525 2.112
18 9 0.221 -0.196 2.549
18 10 0.248 -0.407 2.433
18 11 0.098 -0.484 2.202
18 12 0.050 -0.543 2.115
18 13 -0.063 -0.491 2.468
18 14 -0.119 -0.603 2.149
18 15 -0.126 -0.904 2.150
18 16 -0.119 -0.940 2.061
18 17 0.106 -0.508 2.475
18 18 0.236 -0.601 2.172
18 19 0.245 -0.921 2.155
18 20 0.254 -0.955 2.064
19 1 0.027 -0.428 2.487
19 2 0.027 -0.380 2.542
19 3 0.055 -0.084 2.548
19 4 0.057 0.105 2.554
19 5 -0.109 -0.190 2.520
19 6 -0.149 -0.397 2.421
19 7 -0.000 -0.485 2.198
19 8 0.063 -0.525 2.110
19 9 0.221 -0.196 2.549
19 10 0.248 -0.407 2.434
19 11 0.100 -0.485 2.203
19 12 0.051 -0.542 2.116
19 13 -0.063 -0.491 2.468
19 14 -0.119 -0.604 2.149
19 15 -0.126 -0.904 2.149
19 16 -0.119 -0.940 2.061
19 17 0.106 -0.508 2.475
19 18 0.235 -0.606 2.173
19 19 0.245 -0.923 2.156
19 20 0.254 -0.957 2.066
20 1 0.027 -0.428 2.487
20 2 0.027 -0.380 2.542
20 3 0.055 -0.084 2.548
20 4 0.056 0.105 2.554
20 5 -0.109 -0.190 2.520
20 6 -0.149 -0.397 2.421
20 7 0.002 -0.484 2.196
20 8 0.064 -0.526 2.109
20 9 0.221 -0.196 2.549
20 10 0.248 -0.407 2.434
20 11 0.101 -0.485 2.204
20 12 0.053 -0.539 2.118
20 13 -0.063 -0.491 2.468
20 14 -0.119 -0.604 2.149
20 15 -0.126 -0.905 2.149
20 16 -0.119 -0.940 2.061
20 17 0.106 -0.508 2.475
20 18 0.234 -0.611 2.174
20 19 0.245 -0.924 2.156
20 20 0.254 -0.959 2.066
21 1 0.027 -0.428 2.487
21 2 0.027 -0.380 2.542
21 3 0.055 -0.084 2.548
21 4 0.056 0.105 2.553
21 5 -0.109 -0.190 2.520
21 6 -0.149 -0.397 2.421
21 7 0.001 -0.484 2.195
21 8 0.053 -0.507 2.141
21 9 0.221 -0.196 2.549
21 10 0.247 -0.407 2.434
21 11 0.102 -0.485 2.205
21 12 0.057 -0.526 2.126
21 13 -0.063 -0.491 2.468
21 14 -0.119 -0.604 2.149
21 15 -0.126 -0.905 2.149
21 16 -0.118 -0.940 2.061
21 17 0.106 -0.508 2.475
21 18 0.234 -0.610 2.174
21 19 0.245 -0.921 2.155
21 20 0.254 -0.956 2.065
22 1 0.027 -0.428 2.487
22 2 0.027 -0.380 2.542
22 3 0.055 -0.084 2.548
22 4 0.056 0.105 2.553
22 5 -0.109 -0.190 2.520
22 6 -0.149 -0.397 2.421
22 7 0.000 -0.484 2.194
22 8 0.049 -0.488 2.172
22 9 0.221 -0.196 2.549
22 10 0.247 -0.407 2.434
22 11 0.103 -0.485 2.206
22 12 0.059 -0.519 2.130
22 13 -0.063 -0.492 2.468
22 14 -0.119 -0.604 2.149
22 15 -0.126 -0.905 2.149
22 16 -0.118 -0.940 2.061
22 17 0.106 -0.509 2.474
22 18 0.234 -0.610 2.174
22 19 0.245 -0.920 2.155
22 20 0.254 -0.955 2.065
23 1 0.027 -0.428 2.487
23 2 0.027 -0.380 2.542
23 3 0.055 -0.084 2.548
23 4 0.056 0.105 2.553
23 5 -0.109 -0.190 2.520
23 6 -0.149 -0.397 2.421
23 7 -0.002 -0.484 2.193
23 8 0.047 -0.482 2.181
23 9 0.221 -0.196 2.549
23 10 0.247 -0.407 2.434
23 11 0.194 -0.533 2.198
23 12 0.189 -0.580 2.123
23 13 -0.063 -0.492 2.468
23 14 -0.119 -0.604 2.149
23 15 -0.126 -0.905 2.149
23 16 -0.118 -0.940 2.060
23 17 0.106 -0.509 2.474
23 18 0.234 -0.611 2.174
23 19 0.245 -0.919 2.154
23 20 0.254 -0.955 2.065
24 1 0.027 -0.428 2.487
24 2 0.027 -0.380 2.542
24 3 0.055 -0.084 2.548
24 4 0.056 0.105 2.552
24 5 -0.109 -0.190 2.520
24 6 -0.149 -0.397 2.421
24 7 -0.003 -0.483 2.193
24 8 0.046 -0.478 2.186
24 9 0.221 -0.196 2.549
24 10 0.247 -0.407 2.433
24 11 0.195 -0.520 2.239
24 12 0.090 -0.514 2.134
24 13 -0.063 -0.492 2.468
24 14 -0.119 -0.604 2.149
24 15 -0.126 -0.905 2.149
24 16 -0.118 -0.940 2.060
24 17 0.106 -0.509 2.474
24 18 0.235 -0.608 2.173
24 19 0.246 -0.916 2.152
24 20 0.254 -0.952 2.063
25 1 0.027 -0.428 2.487
25 2 0.027 -0.380 2.542
25 3 0.055 -0.084 2.548
25 4 0.056 0.105 2.552
25 5 -0.109 -0.190 2.520
25 6 -0.149 -0.397 2.421
25 7 -0.005 -0.483 2.193
25 8 0.045 -0.476 2.188
25 9 0.221 -0.196 2.549
25 10 0.247 -0.407 2.433
25 11 0.199 -0.515 2.258
25 12 0.088 -0.506 2.138
25 13 -0.063 -0.492 2.468
25 14 -0.120 -0.604 2.149
25 15 -0.126 -0.905 2.149
25 16 -0.118 -0.940 2.060
25 17 0.106 -0.509 2.474
25 18 0.235 -0.609 2.173
25 19 0.246 -0.916 2.151
25 20 0.254 -0.952 2.062
26 1 0.027 -0.428 2.487
26 2 0.027 -0.380 2.542
26 3 0.055 -0.084 2.548
26 4 0.057 0.105 2.553
26 5 -0.109 -0.190 2.520
26 6 -0.148 -0.397 2.422
26 7 -0.007 -0.483 2.193
26 8 0.044 -0.474 2.186
26 9 0.221 -0.196 2.549
26 10 0.247 -0.407 2.433
26 11 0.198 -0.512 2.269
26 12 0.065 -0.493 2.141
26 13 -0.062 -0.492 2.468
26 14 -0.120 -0.603 2.149
26 15 -0.126 -0.905 2.149
26 16 -0.118 -0.940 2.060
26 17 0.106 -0.509 2.474
26 18 0.235 -0.610 2.174
26 19 0.246 -0.916 2.150
26 20 0.254 -0.952 2.062
27 1 0.027 -0.428 2.487
27 2 0.027 -0.380 2.542
27 3 0.055 -0.084 2.548
27 4 0.057 0.106 2.554
27 5 -0.109 -0.190 2.520
27 6 -0.148 -0.397 2.422
27 7 -0.008 -0.483 2.193
27 8 0.043 -0.474 2.183
27 9 0.221 -0.196 2.549
27 10 0.247 -0.407 2.433
27 11 0.195 -0.509 2.276
27 12 0.056 -0.487 2.142
27 13 -0.062 -0.492 2.468
27 14 -0.120 -0.603 2.149
27 15 -0.126 -0.905 2.148
27 16 -0.118 -0.940 2.060
27 17 0.106 -0.509 2.474
27 18 0.235 -0.608 2.173
27 19 0.246 -0.914 2.149
27 20 0.255 -0.950 2.060
28 1 0.027 -0.428 2.487
28 2 0.027 -0.380 2.542
28 3 0.055 -0.084 2.548
28 4 0.057 0.106 2.556
28 5 -0.109 -0.190 2.520
28 6 -0.148 -0.397 2.422
28 7 -0.009 -0.483 2.193
28 8 0.042 -0.476 2.178
28 9 0.221 -0.196 2.549
28 10 0.247 -0.407 2.433
28 11 0.191 -0.507 2.279
28 12 0.050 -0.484 2.142
28 13 -0.062 -0.492 2.468
28 14 -0.120 -0.603 2.150
28 15 -0.126 -0.905 2.148
28 16 -0.118 -0.940 2.060
28 17 0.106 -0.509 2.474
28 18 0.235 -0.608 2.173
28 19 0.247 -0.914 2.149
28 20 0.255 -0.950 2.060
29 1 0.027 -0.428 2.487
29 2 0.027 -0.380 2.542
29 3 0.055 -0.084 2.548
29 4 0.057 0.107 2.557
29 5 -0.109 -0.190 2.520
29 6 -0.148 -0.397 2.422
29 7 -0.010 -0.482 2.193
29 8 0.047 -0.495 2.140
29 9 0.221 -0.196 2.549
29 10 0.247 -0.407 2.433
29 11 0.187 -0.504 2.279
29 12 0.046 -0.482 2.142
29 13 -0.062 -0.492 2.468
29 14 -0.120 -0.603 2.150
29 15 -0.126 -0.905 2.148
29 16 -0.118 -0.940 2.060
29 17 0.106 -0.509 2.474
29 18 0.235 -0.607 2.173
29 19 0.247 -0.912 2.148
29 20 0.255 -0.948 2.059
30 1 0.027 -0.428 2.487
30 2 0.027 -0.380 2.542
30 3 0.055 -0.084 2.548
30 4 0.057 0.107 2.559
30 5 -0.109 -0.190 2.520
30 6 -0.148 -0.397 2.422
30 7 -0.011 -0.482 2.193
30 8 0.050 -0.505 2.121
30 9 0.221 -0.196 2.549
30 10 0.247 -0.407 2.433
30 11 0.183 -0.502 2.278
30 12 0.044 -0.483 2.142
30 13 -0.062 -0.492 2.468
30 14 -0.120 -0.603 2.150
30 15 -0.126 -0.905 2.148
30 16 -0.118 -0.940 2.060
30 17 0.106 -0.509 2.474
30 18 0.236 -0.605 2.173
30 19 0.246 -0.910 2.147
30 20 0.254 -0.946 2.058
31 1 0.028 -0.428 2.487
31 2 0.028 -0.380 2.542
31 3 0.055 -0.084 2.548
31 4 0.057 0.108 2.561
31 5 -0.109 -0.190 2.521
31 6 -0.148 -0.397 2.423
31 7 -0.011 -0.482 2.194
31 8 0.051 -0.509 2.113
31 9 0.221 -0.196 2.549
31 10 0.247 -0.407 2.433
31 11 0.180 -0.502 2.277
31 12 0.044 -0.484 2.141
31 13 -0.062 -0.492 2.469
31 14 -0.120 -0.603 2.150
31 15 -0.126 -0.904 2.148
31 16 -0.118 -0.940 2.059
31 17 0.107 -0.509 2.474
31 18 0.235 -0.607 2.173
31 19 0.247 -0.912 2.146
31 20 0.255 -0.948 2.057
32 1 0.028 -0.428 2.487
32 2 0.028 -0.380 2.542
32 3 0.055 -0.084 2.548
32 4 0.057 0.108 2.563
32 5 -0.109 -0.190 2.521
32 6 -0.147 -0.397 2.423
32 7 -0.012 -0.481 2.194
32 8 0.052 -0.511 2.107
32 9 0.221 -0.196 2.549
32 10 0.247 -0.407 2.433
32 11 0.178 -0.501 2.276
32 12 0.044 -0.486 2.140
32 13 -0.061 -0.491 2.469
32 14 -0.120 -0.603 2.151
32 15 -0.126 -0.904 2.148
32 16 -0.118 -0.940 2.059
32 17 0.107 -0.508 2.474
32 18 0.237 -0.596 2.171
32 19 0.250 -0.840 2.131
32 20 0.257 -0.876 2.042
33 1 0.028 -0.428 2.487
33 2 0.028 -0.380 2.543
33 3 0.056 -0.083 2.549
33 4 0.057 0.108 2.565
33 5 -0.109 -0.190 2.521
33 6 -0.147 -0.397 2.423
33 7 -0.012 -0.480 2.194
33 8 0.053 -0.511 2.103
33 9 0.221 -0.196 2.549
33 10 0.247 -0.407 2.433
33 11 0.175 -0.500 2.271
33 12 0.110 -0.516 2.187
33 13 -0.061 -0.491 2.469
33 14 -0.120 -0.602 2.151
33 15 -0.126 -0.904 2.147
33 16 -0.118 -0.940 2.059
33 17 0.107 -0.508 2.474
33 18 0.238 -0.593 2.171
33 19 0.249 -0.841 2.129
33 20 0.256 -0.877 2.041
34 1 0.028 -0.427 2.487
34 2 0.028 -0.380 2.543
34 3 0.056 -0.083 2.549
34 4 0.058 0.109 2.567
34 5 -0.109 -0.190 2.522
34 6 -0.147 -0.396 2.424
34 7 -0.009 -0.468 2.194
34 8 0.072 -0.493 2.091
34 9 0.221 -0.196 2.549
34 10 0.247 -0.407 2.431
34 11 0.169 -0.499 2.264
34 12 0.137 -0.534 2.210
34 13 -0.061 -0.491 2.469
34 14 -0.120 -0.602 2.152
34 15 -0.126 -0.904 2.147
34 16 -0.118 -0.940 2.059
34 17 0.107 -0.508 2.474
34 18 0.238 -0.592 2.171
34 19 0.248 -0.850 2.129
34 20 0.255 -0.886 2.040
35 1 0.028 -0.427 2.488
35 2 0.029 -0.380 2.543
35 3 0.056 -0.082 2.550
35 4 0.059 0.109 2.569
35 5 -0.108 -0.190 2.523
35 6 -0.147 -0.396 2.424
35 7 -0.007 -0.458 2.194
35 8 0.084 -0.480 2.084
35 9 0.221 -0.195 2.549
35 10 0.246 -0.407 2.427
35 11 0.163 -0.497 2.257
35 12 0.148 -0.541 2.219
35 13 -0.061 -0.491 2.470
35 14 -0.120 -0.602 2.152
35 15 -0.126 -0.904 2.147
35 16 -0.119 -0.940 2.058
35 17 0.107 -0.508 2.474
35 18 0.238 -0.591 2.171
35 19 0.247 -0.857 2.129
35 20 0.253 -0.893 2.041
36 1 0.028 -0.427 2.488
36 2 0.029 -0.380 2.543
36 3 0.057 -0.082 2.551
36 4 0.059 0.109 2.571
36 5 -0.108 -0.190 2.524
36 6 -0.146 -0.396 2.424
36 7 -0.005 -0.447 2.194
36 8 0.094 -0.467 2.078
36 9 0.221 -0.195 2.549
36 10 0.245 -0.406 2.421
36 11 0.158 -0.494 2.249
36 12 0.156 -0.546 2.224
36 13 -0.062 -0.490 2.472
36 14 -0.120 -0.601 2.154
36 15 -0.126 -0.904 2.146
36 16 -0.119 -0.940 2.058
36 17 0.106 -0.507 2.474
36 18 0.238 -0.590 2.171
36 19 0.246 -0.864 2.130
36 20 0.252 -0.899 2.041
37 1 0.027 -0.426 2.489
37 2 0.029 -0.379 2.544
37 3 0.058 -0.080 2.553
37 4 0.060 0.109 2.573
37 5 -0.108 -0.189 2.526
37 6 -0.146 -0.395 2.425
37 7 -0.004 -0.424 2.192
37 8 0.105 -0.440 2.066
37 9 0.220 -0.195 2.548
37 10 0.245 -0.406 2.416
37 11 0.154 -0.484 2.238
37 12 0.156 -0.543 2.221
37 13 -0.063 -0.489 2.474
37 14 -0.120 -0.600 2.155
37 15 -0.127 -0.904 2.146
37 16 -0.120 -0.940 2.057
37 17 0.105 -0.507 2.474
37 18 0.238 -0.589 2.171
37 19 0.245 -0.869 2.130
37 20 0.250 -0.905 2.041
38 1 0.027 -0.426 2.490
38 2 0.029 -0.379 2.545
38 3 0.058 -0.079 2.554
38 4 0.061 0.110 2.576
38 5 -0.108 -0.189 2.528
38 6 -0.146 -0.394 2.426
38 7 -0.004 -0.404 2.190
38 8 0.113 -0.414 2.055
38 9 0.219 -0.194 2.546
38 10 0.245 -0.398 2.394
38 11 0.151 -0.480 2.230
38 12 0.153 -0.541 2.216
38 13 -0.065 -0.487 2.476
38 14 -0.119 -0.599 2.158
38 15 -0.127 -0.904 2.145
38 16 -0.121 -0.939 2.056
38 17 0.104 -0.506 2.475
38 18 0.238 -0.589 2.172
38 19 0.245 -0.877 2.132
38 20 0.248 -0.913 2.043
39 1 0.026 -0.426 2.491
39 2 0.029 -0.379 2.546
39 3 0.059 -0.078 2.556
39 4 0.062 0.110 2.578
39 5 -0.108 -0.188 2.531
39 6 -0.147 -0.392 2.427
39 7 0.040 -0.393 2.235
39 8 0.170 -0.393 2.130
39 9 0.217 -0.194 2.540
39 10 0.245 -0.381 2.377
39 11 0.156 -0.421 2.195
39 12 0.150 -0.483 2.178
39 13 -0.066 -0.486 2.478
39 14 -0.119 -0.599 2.159
39 15 -0.127 -0.904 2.145
39 16 -0.123 -0.939 2.056
39 17 0.101 -0.507 2.475
39 18 0.237 -0.590 2.173
39 19 0.244 -0.883 2.134
39 20 0.246 -0.919 2.045
40 1 0.025 -0.427 2.492
40 2 0.029 -0.379 2.547
40 3 0.059 -0.077 2.558
40 4 0.064 0.110 2.582
40 5 -0.107 -0.187 2.535
40 6 -0.149 -0.389 2.428
40 7 0.069 -0.379 2.269
40 8 0.129 -0.365 2.289
40 9 0.214 -0.194 2.535
40 10 0.244 -0.365 2.363
40 11 0.152 -0.367 2.171
40 12 0.140 -0.434 2.154
40 13 -0.065 -0.487 2.480
40 14 -0.118 -0.599 2.162
40 15 -0.127 -0.904 2.145
40 16 -0.124 -0.939 2.055
40 17 0.098 -0.508 2.475
40 18 0.237 -0.590 2.174
40 19 0.244 -0.888 2.135
40 20 0.244 -0.924 2.046
41 1 0.025 -0.427 2.493
41 2 0.031 -0.379 2.549
41 3 0.060 -0.075 2.560
41 4 0.066 0.111 2.585
41 5 -0.107 -0.185 2.539
41 6 -0.153 -0.386 2.429
41 7 0.068 -0.354 2.273
41 8 0.118 -0.335 2.229
41 9 0.212 -0.194 2.530
41 10 0.240 -0.341 2.332
41 11 0.134 -0.318 2.145
41 12 0.120 -0.388 2.127
41 13 -0.060 -0.487 2.485
41 14 -0.118 -0.598 2.166
41 15 -0.127 -0.904 2.144
41 16 -0.126 -0.940 2.054
41 17 0.097 -0.508 2.475
41 18 0.236 -0.592 2.176
41 19 0.243 -0.892 2.136
41 20 0.242 -0.928 2.047
42 1 0.027 -0.426 2.496
42 2 0.034 -0.378 2.552
42 3 0.061 -0.074 2.562
42 4 0.069 0.112 2.591
42 5 -0.107 -0.184 2.544
42 6 -0.156 -0.384 2.430
42 7 0.018 -0.303 2.242
42 8 0.054 -0.270 2.187
42 9 0.210 -0.193 2.526
42 10 0.240 -0.327 2.318
42 11 0.104 -0.230 2.110
42 12 0.085 -0.293 2.087
42 13 -0.053 -0.486 2.492
42 14 -0.117 -0.598 2.174
42 15 -0.128 -0.904 2.143
42 16 -0.128 -0.940 2.053
42 17 0.096 -0.507 2.476
42 18 0.236 -0.593 2.177
42 19 0.243 -0.895 2.136
42 20 0.240 -0.931 2.048
43 1 0.028 -0.426 2.499
43 2 0.037 -0.377 2.555
43 3 0.064 -0.069 2.568
43 4 0.072 0.113 2.595
43 5 -0.107 -0.182 2.548
43 6 -0.159 -0.384 2.431
43 7 -0.001 -0.275 2.235
43 8 0.037 -0.237 2.190
43 9 0.209 -0.191 2.521
43 10 0.242 -0.307 2.309
43 11 0.078 -0.182 2.098
43 12 0.065 -0.249 2.071
43 13 -0.049 -0.486 2.497
43 14 -0.116 -0.597 2.179
43 15 -0.128 -0.904 2.142
43 16 -0.130 -0.940 2.051
43 17 0.096 -0.506 2.477
43 18 0.236 -0.593 2.179
43 19 0.243 -0.897 2.136
43 20 0.239 -0.933 2.048
44 1 0.030 -0.425 2.502
44 2 0.041 -0.376 2.559
44 3 0.072 -0.058 2.576
44 4 0.081 0.117 2.607
44 5 -0.107 -0.181 2.551
44 6 -0.161 -0.384 2.432
44 7 -0.015 -0.253 2.236
44 8 0.022 -0.207 2.183
44 9 0.208 -0.187 2.516
44 10 0.242 -0.295 2.301
44 11 0.076 -0.115 2.115
44 12 0.038 -0.106 2.070
44 13 -0.046 -0.486 2.500
44 14 -0.116 -0.596 2.184
44 15 -0.128 -0.904 2.140
44 16 -0.132 -0.940 2.050
44 17 0.097 -0.505 2.477
44 18 0.236 -0.594 2.180
44 19 0.243 -0.899 2.137
44 20 0.238 -0.936 2.048
45 1 0.032 -0.425 2.504
45 2 0.044 -0.376 2.561
45 3 0.075 -0.055 2.581
45 4 0.087 0.119 2.614
45 5 -0.109 -0.181 2.554
45 6 -0.163 -0.384 2.433
45 7 0.030 -0.279 2.284
45 8 0.103 -0.258 2.247
45 9 0.209 -0.181 2.510
45 10 0.238 -0.280 2.291
45 11 0.072 -0.063 2.132
45 12 0.020 -0.001 2.083
45 13 -0.044 -0.487 2.503
45 14 -0.115 -0.596 2.186
45 15 -0.128 -0.904 2.139
45 16 -0.134 -0.940 2.048
45 17 0.098 -0.505 2.479
45 18 0.235 -0.595 2.182
45 19 0.243 -0.901 2.136
45 20 0.236 -0.937 2.048
46 1 0.033 -0.425 2.506
46 2 0.047 -0.376 2.564
46 3 0.077 -0.055 2.585
46 4 0.091 0.121 2.619
46 5 -0.110 -0.180 2.557
46 6 -0.165 -0.385 2.434
46 7 -0.040 -0.222 2.267
46 8 0.040 -0.218 2.249
46 9 0.213 -0.172 2.505
46 10 0.212 -0.250 2.270
46 11 0.078 -0.072 2.146
46 12 0.026 0.009 2.097
46 13 -0.045 -0.488 2.506
46 14 -0.115 -0.596 2.188
46 15 -0.129 -0.905 2.137
46 16 -0.137 -0.940 2.046
46 17 0.099 -0.504 2.480
46 18 0.236 -0.595 2.183
46 19 0.243 -0.901 2.136
46 20 0.234 -0.938 2.048
47 1 0.034 -0.424 2.510
47 2 0.049 -0.375 2.567
47 3 0.077 -0.057 2.589
47 4 0.094 0.123 2.627
47 5 -0.117 -0.176 2.565
47 6 -0.167 -0.379 2.433
47 7 -0.073 -0.189 2.262
47 8 -0.037 -0.152 2.257
47 9 0.219 -0.158 2.504
47 10 0.181 -0.199 2.244
47 11 0.074 -0.009 2.168
47 12 0.025 0.072 2.123
47 13 -0.046 -0.489 2.510
47 14 -0.115 -0.596 2.190
47 15 -0.129 -0.905 2.136
47 16 -0.139 -0.940 2.045
47 17 0.101 -0.503 2.482
47 18 0.237 -0.595 2.184
47 19 0.242 -0.901 2.136
47 20 0.233 -0.938 2.047
48 1 0.035 -0.423 2.513
48 2 0.049 -0.375 2.569
48 3 0.076 -0.059 2.593
48 4 0.098 0.125 2.634
48 5 -0.121 -0.174 2.570
48 6 -0.170 -0.371 2.432
48 7 -0.096 -0.145 2.272
48 8 -0.080 -0.095 2.263
48 9 0.228 -0.140 2.516
48 10 0.167 -0.170 2.234
48 11 0.074 0.041 2.202
48 12 0.032 0.127 2.178
48 13 -0.049 -0.490 2.513
48 14 -0.115 -0.596 2.191
48 15 -0.130 -0.905 2.134
48 16 -0.141 -0.940 2.043
48 17 0.104 -0.502 2.483
48 18 0.239 -0.593 2.185
48 19 0.242 -0.901 2.136
48 20 0.232 -0.937 2.047
49 1 0.035 -0.421 2.516
49 2 0.050 -0.374 2.572
49 3 0.073 -0.060 2.597
49 4 0.098 0.126 2.642
49 5 -0.123 -0.172 2.574
49 6 -0.178 -0.349 2.432
49 7 -0.104 -0.124 2.274
49 8 -0.107 -0.050 2.273
49 9 0.231 -0.132 2.521
49 10 0.164 -0.153 2.238
49 11 0.081 0.032 2.210
49 12 0.042 0.126 2.196
49 13 -0.051 -0.491 2.517
49 14 -0.115 -0.596 2.191
49 15 -0.130 -0.904 2.132
49 16 -0.142 -0.940 2.042
49 17 0.106 -0.501 2.485
49 18 0.240 -0.592 2.185
49 19 0.242 -0.901 2.135
49 20 0.231 -0.936 2.047
50 1 0.036 -0.421 2.519
50 2 0.050 -0.374 2.575
50 3 0.067 -0.061 2.600
50 4 0.096 0.126 2.647
50 5 -0.124 -0.172 2.575
50 6 -0.182 -0.336 2.432
50 7 -0.107 -0.108 2.283
50 8 -0.111 -0.035 2.282
50 9 0.232 -0.127 2.523
50 10 0.167 -0.144 2.254
50 11 0.092 0.047 2.241
50 12 0.057 0.127 2.227
50 13 -0.052 -0.492 2.520
50 14 -0.115 -0.596 2.192
50 15 -0.131 -0.904 2.130
50 16 -0.143 -0.939 2.041
50 17 0.109 -0.499 2.486
50 18 0.240 -0.591 2.186
50 19 0.243 -0.900 2.134
50 20 0.231 -0.935 2.046
51 1 0.035 -0.419 2.521
51 2 0.049 -0.372 2.577
51 3 0.062 -0.061 2.603
51 4 0.071 0.122 2.570
51 5 -0.125 -0.171 2.577
51 6 -0.187 -0.324 2.432
51 7 -0.111 -0.100 2.310
51 8 -0.104 -0.038 2.296
51 9 0.232 -0.124 2.526
51 10 0.173 -0.140 2.271
51 11 0.102 0.046 2.253
51 12 0.070 0.122 2.242
51 13 -0.054 -0.492 2.523
51 14 -0.115 -0.596 2.192
51 15 -0.131 -0.903 2.129
51 16 -0.145 -0.939 2.040
51 17 0.110 -0.497 2.488
51 18 0.241 -0.589 2.187
51 19 0.243 -0.898 2.133
51 20 0.230 -0.934 2.044
52 1 0.035 -0.417 2.524
52 2 0.048 -0.370 2.580
52 3 0.058 -0.061 2.605
52 4 0.059 0.120 2.537
52 5 -0.124 -0.170 2.579
52 6 -0.199 -0.282 2.422
52 7 -0.114 -0.096 2.320
52 8 -0.106 -0.029 2.312
52 9 0.231 -0.121 2.528
52 10 0.179 -0.137 2.287
52 11 0.107 0.046 2.262
52 12 0.078 0.118 2.253
52 13 -0.056 -0.491 2.526
52 14 -0.114 -0.596 2.193
52 15 -0.132 -0.903 2.128
52 16 -0.146 -0.938 2.039
52 17 0.111 -0.493 2.490
52 18 0.242 -0.587 2.189
52 19 0.243 -0.897 2.132
52 20 0.230 -0.933 2.043
53 1 0.034 -0.415 2.526
53 2 0.048 -0.369 2.583
53 3 0.056 -0.060 2.607
53 4 0.055 0.120 2.525
53 5 -0.086 -0.160 2.590
53 6 -0.206 -0.263 2.429
53 7 -0.107 -0.062 2.340
53 8 -0.081 -0.003 2.336
53 9 0.230 -0.119 2.530
53 10 0.184 -0.128 2.299
53 11 0.109 0.049 2.267
53 12 0.081 0.119 2.260
53 13 -0.057 -0.488 2.530
53 14 -0.114 -0.596 2.193
53 15 -0.133 -0.902 2.126
53 16 -0.148 -0.937 2.037
53 17 0.111 -0.489 2.491
53 18 0.242 -0.586 2.191
53 19 0.243 -0.896 2.130
53 20 0.230 -0.932 2.042
54 1 0.033 -0.413 2.528
54 2 0.047 -0.367 2.585
54 3 0.055 -0.058 2.610
54 4 0.055 0.120 2.528
54 5 -0.070 -0.155 2.595
54 6 -0.212 -0.254 2.437
54 7 -0.129 -0.075 2.360
54 8 -0.082 -0.004 2.345
54 9 0.230 -0.118 2.532
54 10 0.187 -0.120 2.308
54 11 0.109 0.053 2.274
54 12 0.082 0.120 2.267
54 13 -0.057 -0.485 2.534
54 14 -0.114 -0.596 2.193
54 15 -0.134 -0.901 2.125
54 16 -0.149 -0.936 2.036
54 17 0.109 -0.485 2.491
54 18 0.242 -0.585 2.193
54 19 0.243 -0.896 2.130
54 20 0.229 -0.931 2.042
55 1 0.032 -0.411 2.530
55 2 0.046 -0.365 2.586
55 3 0.054 -0.056 2.612
55 4 0.068 0.128 2.546
55 5 -0.062 -0.152 2.598
55 6 -0.216 -0.237 2.443
55 7 -0.133 -0.070 2.372
55 8 -0.081 -0.007 2.364
55 9 0.229 -0.117 2.534
55 10 0.189 -0.112 2.318
55 11 0.108 0.061 2.285
55 12 0.083 0.122 2.274
55 13 -0.058 -0.482 2.537
55 14 -0.114 -0.596 2.193
55 15 -0.134 -0.900 2.123
55 16 -0.150 -0.935 2.034
55 17 0.107 -0.482 2.491
55 18 0.242 -0.584 2.194
55 19 0.243 -0.895 2.129
55 20 0.228 -0.930 2.041
56 1 0.031 -0.410 2.531
56 2 0.045 -0.364 2.588
56 3 0.054 -0.054 2.616
56 4 0.085 0.136 2.578
56 5 -0.057 -0.150 2.601
56 6 -0.218 -0.227 2.446
56 7 -0.116 -0.038 2.400
56 8 -0.074 0.021 2.388
56 9 0.228 -0.116 2.537
56 10 0.190 -0.106 2.325
56 11 0.106 0.067 2.295
56 12 0.082 0.124 2.282
56 13 -0.058 -0.479 2.539
56 14 -0.114 -0.596 2.193
56 15 -0.134 -0.899 2.121
56 16 -0.150 -0.934 2.033
56 17 0.105 -0.478 2.492
56 18 0.242 -0.583 2.196
56 19 0.243 -0.894 2.128
56 20 0.228 -0.930 2.040
57 1 0.031 -0.408 2.533
57 2 0.045 -0.362 2.590
57 3 0.055 -0.051 2.621
57 4 0.092 0.136 2.630
57 5 -0.056 -0.149 2.603
57 6 -0.218 -0.215 2.449
57 7 -0.115 -0.030 2.411
57 8 -0.071 0.033 2.401
57 9 0.228 -0.116 2.541
57 10 0.191 -0.101 2.331
57 11 0.104 0.072 2.304
57 12 0.080 0.127 2.291
57 13 -0.058 -0.476 2.541
57 14 -0.114 -0.596 2.193
57 15 -0.133 -0.897 2.119
57 16 -0.150 -0.933 2.031
57 17 0.104 -0.476 2.492
57 18 0.242 -0.583 2.197
57 19 0.243 -0.894 2.128
57 20 0.227 -0.929 2.040
58 1 0.030 -0.406 2.534
58 2 0.044 -0.361 2.592
58 3 0.056 -0.049 2.627
58 4 0.098 0.135 2.650
58 5 -0.058 -0.148 2.606
58 6 -0.218 -0.207 2.451
58 7 -0.108 -0.014 2.429
58 8 -0.069 0.039 2.408
58 9 0.227 -0.115 2.545
58 10 0.192 -0.098 2.336
58 11 0.111 0.078 2.356
58 12 0.087 0.132 2.362
58 13 -0.059 -0.474 2.543
58 14 -0.114 -0.596 2.193
58 15 -0.132 -0.896 2.117
58 16 -0.149 -0.932 2.030
58 17 0.103 -0.474 2.492
58 18 0.241 -0.582 2.198
58 19 0.243 -0.894 2.128
58 20 0.227 -0.929 2.040
59 1 0.029 -0.403 2.536
59 2 0.043 -0.358 2.594
59 3 0.059 -0.043 2.637
59 4 0.100 0.132 2.669
59 5 -0.065 -0.149 2.609
59 6 -0.220 -0.202 2.453
59 7 -0.104 -0.007 2.439
59 8 -0.067 0.046 2.443
59 9 0.227 -0.113 2.553
59 10 0.193 -0.096 2.339
59 11 0.115 0.079 2.382
59 12 0.090 0.134 2.390
59 13 -0.059 -0.472 2.544
59 14 -0.114 -0.596 2.193
59 15 -0.131 -0.895 2.116
59 16 -0.148 -0.930 2.028
59 17 0.102 -0.471 2.492
59 18 0.241 -0.582 2.200
59 19 0.243 -0.893 2.128
59 20 0.227 -0.929 2.040
60 1 0.029 -0.400 2.538
60 2 0.042 -0.356 2.597
60 3 0.060 -0.040 2.644
60 4 0.101 0.130 2.680
60 5 -0.071 -0.150 2.611
60 6 -0.222 -0.198 2.455
60 7 -0.102 -0.003 2.445
60 8 -0.068 0.049 2.459
60 9 0.227 -0.112 2.560
60 10 0.194 -0.095 2.343
60 11 0.116 0.080 2.393
60 12 0.091 0.135 2.405
60 13 -0.059 -0.470 2.545
60 14 -0.114 -0.596 2.193
60 15 -0.130 -0.894 2.114
60 16 -0.146 -0.929 2.027
60 17 0.102 -0.469 2.492
60 18 0.239 -0.582 2.201
60 19 0.243 -0.893 2.127
60 20 0.227 -0.929 2.040
61 1 0.028 -0.398 2.540
61 2 0.042 -0.354 2.599
61 3 0.061 -0.039 2.649
61 4 0.102 0.129 2.686
61 5 -0.076 -0.151 2.612
61 6 -0.225 -0.195 2.458
61 7 -0.101 -0.002 2.451
61 8 -0.070 0.050 2.471
61 9 0.227 -0.111 2.565
61 10 0.195 -0.095 2.347
61 11 0.117 0.081 2.401
61 12 0.092 0.136 2.415
61 13 -0.059 -0.469 2.546
61 14 -0.114 -0.596 2.193
61 15 -0.129 -0.893 2.113
61 16 -0.145 -0.928 2.025
61 17 0.102 -0.466 2.493
61 18 0.238 -0.583 2.203
61 19 0.243 -0.894 2.127
61 20 0.227 -0.929 2.040
62 1 0.028 -0.397 2.541
62 2 0.041 -0.353 2.600
62 3 0.061 -0.038 2.653
62 4 0.103 0.125 2.686
62 5 -0.080 -0.151 2.614
62 6 -0.228 -0.192 2.460
62 7 -0.102 -0.004 2.457
62 8 -0.073 0.050 2.478
62 9 0.227 -0.111 2.570
62 10 0.196 -0.094 2.352
62 11 0.117 0.082 2.406
62 12 0.092 0.136 2.421
62 13 -0.060 -0.467 2.546
62 14 -0.114 -0.596 2.193
62 15 -0.128 -0.892 2.112
62 16 -0.143 -0.927 2.024
62 17 0.101 -0.465 2.493
62 18 0.237 -0.583 2.204
62 19 0.244 -0.894 2.128
62 20 0.228 -0.929 2.040
63 1 0.027 -0.394 2.542
63 2 0.040 -0.351 2.602
63 3 0.062 -0.036 2.657
63 4 0.100 0.127 2.670
63 5 -0.082 -0.150 2.615
63 6 -0.231 -0.191 2.464
63 7 -0.102 -0.006 2.463
63 8 -0.076 0.049 2.482
63 9 0.227 -0.109 2.575
63 10 0.198 -0.091 2.359
63 11 0.113 0.085 2.392
63 12 0.087 0.140 2.410
63 13 -0.060 -0.465 2.547
63 14 -0.114 -0.596 2.193
63 15 -0.127 -0.891 2.111
63 16 -0.141 -0.926 2.023
63 17 0.101 -0.463 2.493
63 18 0.237 -0.584 2.205
63 19 0.245 -0.894 2.129
63 20 0.230 -0.930 2.041
64 1 0.027 -0.393 2.543
64 2 0.041 -0.350 2.604
64 3 0.065 -0.025 2.665
64 4 0.097 0.169 2.650
64 5 -0.084 -0.149 2.615
64 6 -0.233 -0.194 2.469
64 7 -0.102 -0.009 2.468
64 8 -0.077 0.049 2.485
64 9 0.197 -0.130 2.540
64 10 0.187 -0.025 2.364
64 11 0.105 0.155 2.372
64 12 0.079 0.212 2.384
64 13 -0.060 -0.463 2.548
64 14 -0.114 -0.596 2.194
64 15 -0.126 -0.890 2.110
64 16 -0.141 -0.926 2.023
64 17 0.101 -0.462 2.494
64 18 0.236 -0.584 2.207
64 19 0.246 -0.895 2.129
64 20 0.230 -0.931 2.042
65 1 0.028 -0.388 2.546
65 2 0.047 -0.342 2.607
65 3 0.068 -0.007 2.673
65 4 0.093 0.211 2.639
65 5 -0.085 -0.148 2.615
65 6 -0.237 -0.198 2.477
65 7 -0.097 -0.015 2.483
65 8 -0.082 0.046 2.483
65 9 0.189 -0.106 2.507
65 10 0.169 0.056 2.366
65 11 0.097 0.244 2.366
65 12 0.073 0.307 2.375
65 13 -0.057 -0.453 2.549
65 14 -0.114 -0.595 2.195
65 15 -0.125 -0.889 2.109
65 16 -0.143 -0.924 2.022
65 17 0.102 -0.451 2.500
65 18 0.233 -0.583 2.213
65 19 0.248 -0.895 2.129
65 20 0.230 -0.931 2.043
66 1 0.029 -0.381 2.548
66 2 0.050 -0.336 2.609
66 3 0.069 -0.002 2.676
66 4 0.089 0.224 2.631
66 5 -0.086 -0.148 2.616
66 6 -0.271 -0.211 2.489
66 7 -0.098 -0.020 2.489
66 8 -0.084 0.042 2.483
66 9 0.186 -0.096 2.501
66 10 0.145 0.141 2.374
66 11 0.089 0.371 2.363
66 12 0.070 0.448 2.366
66 13 -0.056 -0.445 2.550
66 14 -0.114 -0.595 2.197
66 15 -0.124 -0.888 2.107
66 16 -0.144 -0.923 2.021
66 17 0.103 -0.440 2.502
66 18 0.230 -0.582 2.218
66 19 0.250 -0.895 2.129
66 20 0.230 -0.931 2.043
67 1 0.030 -0.366 2.550
67 2 0.054 -0.323 2.610
67 3 0.068 0.003 2.678
67 4 0.087 0.232 2.627
67 5 -0.088 -0.147 2.616
67 6 -0.286 -0.217 2.494
67 7 -0.098 -0.023 2.493
67 8 -0.081 0.035 2.491
67 9 0.191 -0.039 2.502
67 10 0.135 0.180 2.378
67 11 0.084 0.428 2.340
67 12 0.067 0.515 2.340
67 13 -0.055 -0.439 2.551
67 14 -0.114 -0.594 2.199
67 15 -0.124 -0.886 2.106
67 16 -0.146 -0.921 2.021
67 17 0.106 -0.421 2.502
67 18 0.228 -0.581 2.222
67 19 0.252 -0.895 2.128
67 20 0.230 -0.931 2.043
68 1 0.031 -0.357 2.551
68 2 0.055 -0.317 2.612
68 3 0.067 0.006 2.680
68 4 0.081 0.230 2.618
68 5 -0.077 -0.100 2.618
68 6 -0.291 -0.219 2.497
68 7 -0.098 -0.024 2.496
68 8 -0.075 0.032 2.499
68 9 0.192 -0.030 2.507
68 10 0.149 0.141 2.391
68 11 0.090 0.397 2.334
68 12 0.067 0.522 2.327
68 13 -0.051 -0.426 2.549
68 14 -0.113 -0.594 2.200
68 15 -0.123 -0.885 2.105
68 16 -0.147 -0.920 2.020
68 17 0.106 -0.413 2.503
68 18 0.227 -0.580 2.225
68 19 0.253 -0.895 2.128
68 20 0.230 -0.931 2.043
69 1 0.032 -0.353 2.552
69 2 0.056 -0.313 2.612
69 3 0.066 0.008 2.681
69 4 0.055 0.184 2.719
69 5 -0.073 -0.084 2.620
69 6 -0.228 -0.206 2.503
69 7 -0.097 -0.024 2.499
69 8 -0.071 0.032 2.504
69 9 0.193 -0.032 2.515
69 10 0.159 0.129 2.392
69 11 0.092 0.384 2.330
69 12 0.067 0.508 2.317
69 13 -0.048 -0.418 2.547
69 14 -0.113 -0.593 2.202
69 15 -0.123 -0.884 2.104
69 16 -0.148 -0.919 2.020
69 17 0.106 -0.408 2.503
69 18 0.226 -0.580 2.227
69 19 0.255 -0.894 2.127
69 20 0.231 -0.931 2.043
70 1 0.032 -0.351 2.552
70 2 0.056 -0.311 2.613
70 3 0.065 0.010 2.682
70 4 0.048 0.175 2.743
70 5 -0.071 -0.073 2.621
70 6 -0.197 -0.200 2.505
70 7 -0.096 -0.025 2.500
70 8 -0.068 0.031 2.506
70 9 0.194 -0.049 2.523
70 10 0.169 0.106 2.393
70 11 0.094 0.371 2.327
70 12 0.068 0.479 2.312
70 13 -0.046 -0.414 2.546
70 14 -0.113 -0.593 2.203
70 15 -0.123 -0.883 2.104
70 16 -0.148 -0.918 2.019
70 17 0.105 -0.406 2.504
70 18 0.225 -0.579 2.229
70 19 0.256 -0.894 2.127
70 20 0.231 -0.930 2.043
71 1 0.032 -0.349 2.552
71 2 0.056 -0.309 2.613
71 3 0.065 0.012 2.683
71 4 0.047 0.168 2.774
71 5 -0.069 -0.067 2.622
71 6 -0.179 -0.198 2.507
71 7 -0.096 -0.025 2.501
71 8 -0.067 0.030 2.508
71 9 0.192 -0.068 2.530
71 10 0.177 0.075 2.390
71 11 0.097 0.335 2.326
71 12 0.069 0.442 2.309
71 13 -0.045 -0.411 2.546
71 14 -0.113 -0.592 2.203
71 15 -0.123 -0.882 2.103
71 16 -0.149 -0.918 2.019
71 17 0.103 -0.407 2.506
71 18 0.224 -0.579 2.229
71 19 0.258 -0.893 2.127
71 20 0.231 -0.930 2.043
72 1 0.032 -0.348 2.553
72 2 0.056 -0.308 2.613
72 3 0.065 0.013 2.684
72 4 0.046 0.164 2.787
72 5 -0.068 -0.062 2.622
72 6 -0.170 -0.196 2.508
72 7 -0.095 -0.025 2.502
72 8 -0.066 0.030 2.510
72 9 0.194 -0.078 2.531
72 10 0.182 0.057 2.381
72 11 0.093 0.306 2.315
72 12 0.065 0.411 2.300
72 13 -0.044 -0.409 2.545
72 14 -0.112 -0.592 2.204
72 15 -0.122 -0.881 2.103
72 16 -0.149 -0.917 2.019
72 17 0.102 -0.410 2.507
72 18 0.224 -0.579 2.230
72 19 0.259 -0.893 2.127
72 20 0.232 -0.930 2.043
73 1 0.032 -0.350 2.552
73 2 0.056 -0.308 2.614
73 3 0.065 0.015 2.685
73 4 0.047 0.164 2.794
73 5 -0.067 -0.059 2.623
73 6 -0.163 -0.195 2.508
73 7 -0.093 -0.024 2.497
73 8 -0.064 0.031 2.509
73 9 0.193 -0.093 2.533
73 10 0.184 0.045 2.373
73 11 0.085 0.265 2.291
73 12 0.053 0.353 2.271
73 13 -0.044 -0.407 2.545
73 14 -0.112 -0.592 2.204
73 15 -0.122 -0.881 2.103
73 16 -0.149 -0.917 2.019
73 17 0.099 -0.417 2.510
73 18 0.224 -0.579 2.231
73 19 0.260 -0.892 2.126
73 20 0.233 -0.929 2.043
74 1 0.032 -0.353 2.553
74 2 0.056 -0.309 2.614
74 3 0.066 0.016 2.687
74 4 0.047 0.165 2.798
74 5 -0.067 -0.057 2.624
74 6 -0.158 -0.194 2.506
74 7 -0.089 -0.022 2.491
74 8 -0.062 0.033 2.506
74 9 0.194 -0.098 2.533
74 10 0.185 0.037 2.365
74 11 0.089 0.210 2.270
74 12 0.058 0.274 2.247
74 13 -0.043 -0.406 2.545
74 14 -0.112 -0.592 2.204
74 15 -0.122 -0.880 2.103
74 16 -0.150 -0.916 2.019
74 17 0.099 -0.422 2.513
74 18 0.224 -0.578 2.231
74 19 0.261 -0.891 2.126
74 20 0.233 -0.929 2.043
75 1 0.033 -0.356 2.553
75 2 0.055 -0.310 2.615
75 3 0.066 0.018 2.688
75 4 0.047 0.168 2.798
75 5 -0.067 -0.055 2.624
75 6 -0.156 -0.193 2.498
75 7 -0.083 -0.021 2.487
75 8 -0.062 0.035 2.503
75 9 0.195 -0.103 2.532
75 10 0.185 0.032 2.355
75 11 0.090 0.186 2.259
75 12 0.059 0.243 2.235
75 13 -0.043 -0.406 2.545
75 14 -0.112 -0.592 2.204
75 15 -0.122 -0.880 2.103
75 16 -0.150 -0.916 2.019
75 17 0.099 -0.428 2.516
75 18 0.224 -0.578 2.231
75 19 0.261 -0.891 2.126
75 20 0.233 -0.928 2.043
76 1 0.033 -0.358 2.554
76 2 0.055 -0.311 2.615
76 3 0.067 0.021 2.689
76 4 0.047 0.172 2.795
76 5 -0.066 -0.054 2.625
76 6 -0.158 -0.193 2.486
76 7 -0.078 -0.023 2.484
76 8 -0.065 0.036 2.495
76 9 0.197 -0.110 2.530
76 10 0.183 0.029 2.345
76 11 0.089 0.173 2.250
76 12 0.055 0.225 2.221
76 13 -0.043 -0.406 2.545
76 14 -0.112 -0.592 2.204
76 15 -0.123 -0.879 2.103
76 16 -0.150 -0.915 2.020
76 17 0.099 -0.434 2.519
76 18 0.224 -0.578 2.231
76 19 0.262 -0.890 2.126
76 20 0.234 -0.927 2.043
77 1 0.033 -0.362 2.554
77 2 0.050 -0.314 2.617
77 3 0.068 0.026 2.690
77 4 0.048 0.179 2.790
77 5 -0.055 -0.042 2.576
77 6 -0.161 -0.194 2.475
77 7 -0.074 -0.023 2.481
77 8 -0.069 0.037 2.482
77 9 0.197 -0.116 2.530
77 10 0.182 0.027 2.337
77 11 0.088 0.166 2.242
77 12 0.052 0.220 2.212
77 13 -0.042 -0.407 2.544
77 14 -0.112 -0.592 2.204
77 15 -0.123 -0.879 2.104
77 16 -0.145 -0.915 2.020
77 17 0.099 -0.441 2.523
77 18 0.224 -0.579 2.230
77 19 0.263 -0.889 2.126
77 20 0.245 -0.925 2.042
78 1 0.033 -0.366 2.554
78 2 0.047 -0.316 2.618
78 3 0.068 0.031 2.690
78 4 0.048 0.186 2.785
78 5 -0.039 -0.011 2.561
78 6 -0.164 -0.195 2.465
78 7 -0.070 -0.023 2.479
78 8 -0.073 0.038 2.468
78 9 0.197 -0.120 2.530
78 10 0.182 0.026 2.331
78 11 0.086 0.165 2.234
78 12 0.050 0.217 2.204
78 13 -0.042 -0.407 2.544
78 14 -0.112 -0.592 2.204
78 15 -0.123 -0.879 2.104
78 16 -0.142 -0.914 2.021
78 17 0.098 -0.445 2.525
78 18 0.224 -0.579 2.230
78 19 0.264 -0.889 2.127
78 20 0.252 -0.923 2.043
79 1 0.033 -0.367 2.554
79 2 0.046 -0.316 2.618
79 3 0.069 0.036 2.689
79 4 0.047 0.192 2.779
79 5 -0.016 0.038 2.598
79 6 -0.150 -0.165 2.471
79 7 -0.048 0.005 2.468
79 8 -0.066 0.065 2.446
79 9 0.197 -0.123 2.530
79 10 0.183 0.024 2.324
79 11 0.085 0.166 2.228
79 12 0.049 0.216 2.200
79 13 -0.036 -0.400 2.536
79 14 -0.112 -0.592 2.204
79 15 -0.123 -0.879 2.105
79 16 -0.141 -0.914 2.021
79 17 0.097 -0.448 2.530
79 18 0.224 -0.579 2.229
79 19 0.263 -0.841 2.131
79 20 0.240 -0.870 2.056
80 1 0.033 -0.368 2.554
80 2 0.046 -0.317 2.618
80 3 0.070 0.040 2.686
80 4 0.048 0.197 2.772
80 5 -0.020 0.016 2.623
80 6 -0.154 -0.167 2.459
80 7 -0.049 0.003 2.460
80 8 -0.076 0.058 2.426
80 9 0.197 -0.125 2.530
80 10 0.186 0.022 2.317
80 11 0.085 0.168 2.224
80 12 0.051 0.218 2.198
80 13 -0.031 -0.397 2.531
80 14 -0.112 -0.592 2.204
80 15 -0.124 -0.879 2.106
80 16 -0.142 -0.914 2.022
80 17 0.096 -0.450 2.533
80 18 0.224 -0.579 2.227
80 19 0.262 -0.818 2.133
80 20 0.233 -0.833 2.062
81 1 0.035 -0.369 2.553
81 2 0.048 -0.318 2.617
81 3 0.072 0.043 2.678
81 4 0.049 0.201 2.762
81 5 -0.046 -0.068 2.619
81 6 -0.166 -0.183 2.438
81 7 -0.051 0.007 2.448
81 8 -0.057 0.070 2.418
81 9 0.196 -0.127 2.530
81 10 0.217 -0.012 2.327
81 11 0.101 0.160 2.225
81 12 0.066 0.217 2.207
81 13 -0.027 -0.400 2.530
81 14 -0.112 -0.592 2.203
81 15 -0.125 -0.879 2.107
81 16 -0.142 -0.914 2.023
81 17 0.096 -0.451 2.533
81 18 0.225 -0.579 2.225
81 19 0.263 -0.827 2.131
81 20 0.235 -0.853 2.055
82 1 0.036 -0.372 2.552
82 2 0.051 -0.319 2.614
82 3 0.074 0.041 2.663
82 4 0.048 0.202 2.742
82 5 -0.054 -0.103 2.621
82 6 -0.171 -0.194 2.426
82 7 -0.059 0.010 2.430
82 8 -0.050 0.076 2.406
82 9 0.194 -0.131 2.531
82 10 0.237 -0.037 2.338
82 11 0.117 0.152 2.226
82 12 0.091 0.209 2.215
82 13 -0.023 -0.405 2.530
82 14 -0.112 -0.592 2.203
82 15 -0.125 -0.879 2.108
82 16 -0.143 -0.915 2.024
82 17 0.097 -0.451 2.532
82 18 0.225 -0.579 2.224
82 19 0.263 -0.840 2.128
82 20 0.236 -0.873 2.048
83 1 0.038 -0.374 2.549
83 2 0.054 -0.321 2.611
83 3 0.078 0.035 2.646
83 4 0.049 0.199 2.725
83 5 -0.061 -0.127 2.619
83 6 -0.173 -0.202 2.418
83 7 -0.080 -0.018 2.375
83 8 -0.058 0.045 2.376
83 9 0.193 -0.135 2.531
83 10 0.249 -0.051 2.339
83 11 0.127 0.148 2.224
83 12 0.104 0.206 2.217
83 13 -0.021 -0.409 2.529
83 14 -0.111 -0.593 2.203
83 15 -0.126 -0.879 2.110
83 16 -0.145 -0.915 2.026
83 17 0.098 -0.451 2.531
83 18 0.225 -0.579 2.223
83 19 0.263 -0.851 2.126
83 20 0.237 -0.888 2.044
84 1 0.039 -0.375 2.548
84 2 0.054 -0.322 2.608
84 3 0.076 0.017 2.624
84 4 0.031 0.175 2.654
84 5 -0.041 -0.075 2.599
84 6 -0.171 -0.209 2.410
84 7 -0.094 -0.036 2.331
84 8 -0.068 0.026 2.342
84 9 0.193 -0.139 2.531
84 10 0.258 -0.063 2.336
84 11 0.158 0.115 2.212
84 12 0.130 0.182 2.206
84 13 -0.021 -0.411 2.529
84 14 -0.111 -0.593 2.203
84 15 -0.127 -0.880 2.111
84 16 -0.145 -0.915 2.026
84 17 0.098 -0.452 2.529
84 18 0.225 -0.580 2.222
84 19 0.263 -0.860 2.125
84 20 0.239 -0.898 2.041
85 1 0.039 -0.377 2.546
85 2 0.055 -0.325 2.605
85 3 0.075 0.001 2.607
85 4 0.023 0.152 2.603
85 5 -0.040 -0.077 2.593
85 6 -0.162 -0.233 2.420
85 7 -0.107 -0.072 2.303
85 8 -0.079 -0.012 2.306
85 9 0.194 -0.144 2.529
85 10 0.266 -0.076 2.327
85 11 0.173 0.097 2.202
85 12 0.144 0.166 2.191
85 13 -0.022 -0.414 2.528
85 14 -0.111 -0.593 2.203
85 15 -0.128 -0.881 2.112
85 16 -0.145 -0.916 2.027
85 17 0.097 -0.453 2.528
85 18 0.226 -0.580 2.222
85 19 0.263 -0.866 2.124
85 20 0.241 -0.905 2.038
86 1 0.039 -0.381 2.542
86 2 0.053 -0.329 2.599
86 3 0.074 -0.013 2.594
86 4 0.019 0.135 2.574
86 5 -0.036 -0.070 2.585
86 6 -0.159 -0.248 2.422
86 7 -0.112 -0.114 2.272
86 8 -0.088 -0.053 2.275
86 9 0.194 -0.146 2.528
86 10 0.281 -0.120 2.321
86 11 0.184 0.071 2.179
86 12 0.158 0.133 2.161
86 13 -0.023 -0.416 2.528
86 14 -0.111 -0.593 2.202
86 15 -0.128 -0.882 2.114
86 16 -0.145 -0.917 2.028
86 17 0.097 -0.456 2.526
86 18 0.226 -0.580 2.220
86 19 0.262 -0.870 2.124
86 20 0.243 -0.910 2.037
87 1 0.039 -0.390 2.535
87 2 0.050 -0.339 2.589
87 3 0.070 -0.035 2.578
87 4 0.019 0.124 2.553
87 5 -0.033 -0.069 2.576
87 6 -0.159 -0.264 2.413
87 7 -0.112 -0.119 2.266
87 8 -0.089 -0.064 2.259
87 9 0.194 -0.148 2.528
87 10 0.287 -0.140 2.318
87 11 0.189 0.053 2.161
87 12 0.163 0.110 2.140
87 13 -0.025 -0.424 2.522
87 14 -0.111 -0.593 2.202
87 15 -0.128 -0.885 2.117
87 16 -0.143 -0.920 2.031
87 17 0.096 -0.460 2.523
87 18 0.227 -0.580 2.219
87 19 0.262 -0.874 2.123
87 20 0.244 -0.914 2.036
88 1 0.039 -0.397 2.528
88 2 0.049 -0.348 2.581
88 3 0.068 -0.053 2.569
88 4 0.018 0.119 2.541
88 5 -0.066 -0.140 2.550
88 6 -0.174 -0.299 2.390
88 7 -0.116 -0.132 2.252
88 8 -0.090 -0.073 2.238
88 9 0.194 -0.149 2.528
88 10 0.289 -0.157 2.309
88 11 0.190 0.024 2.139
88 12 0.165 0.077 2.114
88 13 -0.027 -0.446 2.512
88 14 -0.111 -0.594 2.201
88 15 -0.128 -0.889 2.121
88 16 -0.140 -0.924 2.035
88 17 0.098 -0.464 2.518
88 18 0.227 -0.580 2.218
88 19 0.262 -0.878 2.124
88 20 0.246 -0.918 2.036
89 1 0.040 -0.403 2.523
89 2 0.049 -0.354 2.576
89 3 0.067 -0.065 2.563
89 4 0.019 0.116 2.531
89 5 -0.086 -0.181 2.530
89 6 -0.182 -0.316 2.381
89 7 -0.116 -0.140 2.243
89 8 -0.092 -0.081 2.231
89 9 0.193 -0.149 2.528
89 10 0.289 -0.173 2.282
89 11 0.188 0.007 2.125
89 12 0.163 0.057 2.097
89 13 -0.028 -0.460 2.507
89 14 -0.111 -0.595 2.200
89 15 -0.126 -0.893 2.126
89 16 -0.137 -0.929 2.040
89 17 0.101 -0.469 2.514
89 18 0.228 -0.581 2.216
89 19 0.262 -0.882 2.126
89 20 0.248 -0.921 2.037
90 1 0.042 -0.409 2.519
90 2 0.049 -0.359 2.571
90 3 0.066 -0.070 2.558
90 4 0.019 0.115 2.523
90 5 -0.097 -0.202 2.520
90 6 -0.186 -0.326 2.377
90 7 -0.117 -0.144 2.237
90 8 -0.094 -0.085 2.225
90 9 0.191 -0.152 2.523
90 10 0.288 -0.185 2.246
90 11 0.184 -0.040 2.109
90 12 0.162 0.012 2.082
90 13 -0.029 -0.471 2.503
90 14 -0.111 -0.595 2.199
90 15 -0.126 -0.896 2.130
90 16 -0.135 -0.932 2.044
90 17 0.106 -0.474 2.508
90 18 0.230 -0.583 2.213
90 19 0.262 -0.885 2.128
90 20 0.250 -0.924 2.039
91 1 0.043 -0.419 2.513
91 2 0.049 -0.367 2.566
91 3 0.065 -0.073 2.552
91 4 0.020 0.115 2.516
91 5 -0.103 -0.213 2.515
91 6 -0.190 -0.333 2.374
91 7 -0.116 -0.146 2.231
91 8 -0.086 -0.080 2.197
91 9 0.182 -0.171 2.509
91 10 0.292 -0.212 2.237
91 11 0.180 -0.071 2.100
91 12 0.160 -0.016 2.073
91 13 -0.030 -0.481 2.501
91 14 -0.111 -0.596 2.197
91 15 -0.125 -0.899 2.133
91 16 -0.133 -0.935 2.046
91 17 0.110 -0.485 2.501
91 18 0.232 -0.586 2.206
91 19 0.262 -0.888 2.130
91 20 0.251 -0.927 2.041
92 1 0.043 -0.428 2.509
92 2 0.049 -0.373 2.561
92 3 0.061 -0.075 2.546
92 4 0.020 0.115 2.510
92 5 -0.108 -0.221 2.509
92 6 -0.193 -0.339 2.370
92 7 -0.116 -0.149 2.228
92 8 -0.088 -0.089 2.188
92 9 0.178 -0.180 2.502
92 10 0.296 -0.231 2.242
92 11 0.179 -0.131 2.097
92 12 0.160 -0.073 2.065
92 13 -0.032 -0.493 2.500
92 14 -0.111 -0.598 2.195
92 15 -0.124 -0.901 2.135
92 16 -0.131 -0.937 2.048
92 17 0.113 -0.495 2.496
92 18 0.233 -0.589 2.199
92 19 0.261 -0.890 2.132
92 20 0.252 -0.929 2.043
93 1 0.043 -0.432 2.506
93 2 0.048 -0.377 2.559
93 3 0.059 -0.077 2.542
93 4 0.021 0.115 2.505
93 5 -0.112 -0.225 2.505
93 6 -0.195 -0.343 2.368
93 7 -0.113 -0.148 2.222
93 8 -0.082 -0.084 2.172
93 9 0.197 -0.183 2.491
93 10 0.312 -0.269 2.272
93 11 0.176 -0.158 2.095
93 12 0.150 -0.127 2.050
93 13 -0.034 -0.500 2.499
93 14 -0.111 -0.599 2.194
93 15 -0.123 -0.902 2.137
93 16 -0.130 -0.939 2.050
93 17 0.116 -0.501 2.493
93 18 0.234 -0.591 2.194
93 19 0.261 -0.892 2.134
93 20 0.253 -0.930 2.045
94 1 0.043 -0.435 2.505
94 2 0.048 -0.379 2.557
94 3 0.057 -0.077 2.539
94 4 0.021 0.115 2.502
94 5 -0.117 -0.221 2.503
94 6 -0.197 -0.345 2.367
94 7 -0.114 -0.154 2.220
94 8 -0.086 -0.101 2.171
94 9 0.210 -0.182 2.487
94 10 0.312 -0.283 2.282
94 11 0.172 -0.204 2.094
94 12 0.149 -0.160 2.052
94 13 -0.035 -0.504 2.499
94 14 -0.111 -0.600 2.193
94 15 -0.122 -0.903 2.138
94 16 -0.129 -0.940 2.051
94 17 0.118 -0.504 2.490
94 18 0.235 -0.593 2.189
94 19 0.261 -0.893 2.136
94 20 0.254 -0.931 2.048
95 1 0.044 -0.436 2.503
95 2 0.048 -0.380 2.556
95 3 0.056 -0.078 2.537
95 4 0.022 0.116 2.500
95 5 -0.122 -0.210 2.505
95 6 -0.198 -0.348 2.366
95 7 -0.110 -0.164 2.214
95 8 -0.084 -0.109 2.165
95 9 0.217 -0.181 2.484
95 10 0.311 -0.293 2.293
95 11 0.177 -0.252 2.106
95 12 0.148 -0.197 2.058
95 13 -0.036 -0.507 2.499
95 14 -0.112 -0.600 2.191
95 15 -0.122 -0.904 2.138
95 16 -0.128 -0.941 2.051
95 17 0.120 -0.506 2.488
95 18 0.235 -0.595 2.186
95 19 0.262 -0.894 2.141
95 20 0.256 -0.933 2.053
96 1 0.044 -0.436 2.502
96 2 0.048 -0.381 2.554
96 3 0.055 -0.078 2.535
96 4 0.023 0.116 2.497
96 5 -0.126 -0.200 2.507
96 6 -0.198 -0.349 2.365
96 7 -0.112 -0.207 2.216
96 8 -0.097 -0.161 2.184
96 9 0.221 -0.179 2.482
96 10 0.306 -0.305 2.300
96 11 0.175 -0.257 2.107
96 12 0.145 -0.216 2.057
96 13 -0.037 -0.508 2.499
96 14 -0.112 -0.601 2.190
96 15 -0.122 -0.904 2.139
96 16 -0.127 -0.942 2.052
96 17 0.121 -0.507 2.487
96 18 0.234 -0.596 2.183
96 19 0.264 -0.895 2.145
96 20 0.258 -0.933 2.057
97 1 0.044 -0.435 2.502
97 2 0.048 -0.381 2.553
97 3 0.054 -0.079 2.534
97 4 0.023 0.116 2.495
97 5 -0.128 -0.193 2.509
97 6 -0.198 -0.351 2.365
97 7 -0.107 -0.214 2.209
97 8 -0.082 -0.166 2.163
97 9 0.224 -0.178 2.482
97 10 0.300 -0.313 2.304
97 11 0.154 -0.268 2.088
97 12 0.118 -0.233 2.031
97 13 -0.038 -0.508 2.498
97 14 -0.112 -0.602 2.189
97 15 -0.121 -0.905 2.139
97 16 -0.127 -0.942 2.052
97 17 0.122 -0.508 2.486
97 18 0.234 -0.597 2.182
97 19 0.265 -0.896 2.149
97 20 0.259 -0.934 2.061
98 1 0.042 -0.433 2.501
98 2 0.047 -0.380 2.552
98 3 0.054 -0.079 2.533
98 4 0.024 0.116 2.493
98 5 -0.131 -0.182 2.514
98 6 -0.197 -0.353 2.366
98 7 -0.104 -0.217 2.205
98 8 -0.074 -0.166 2.151
98 9 0.226 -0.177 2.481
98 10 0.293 -0.320 2.306
98 11 0.143 -0.269 2.079
98 12 0.095 -0.241 2.008
98 13 -0.044 -0.504 2.499
98 14 -0.112 -0.602 2.188
98 15 -0.121 -0.905 2.139
98 16 -0.126 -0.943 2.052
98 17 0.121 -0.508 2.486
98 18 0.234 -0.598 2.181
98 19 0.265 -0.896 2.151
98 20 0.260 -0.934 2.064
99 1 0.041 -0.431 2.501
99 2 0.047 -0.378 2.551
99 3 0.053 -0.079 2.532
99 4 0.024 0.116 2.492
99 5 -0.133 -0.176 2.516
99 6 -0.196 -0.356 2.368
99 7 -0.106 -0.240 2.213
99 8 -0.089 -0.190 2.172
99 9 0.227 -0.176 2.482
99 10 0.279 -0.326 2.324
99 11 0.159 -0.312 2.117
99 12 0.119 -0.277 2.053
99 13 -0.047 -0.502 2.498
99 14 -0.112 -0.603 2.187
99 15 -0.121 -0.906 2.139
99 16 -0.126 -0.943 2.052
99 17 0.120 -0.508 2.486
99 18 0.234 -0.598 2.180
99 19 0.266 -0.897 2.152
99 20 0.260 -0.934 2.065
100 1 0.039 -0.429 2.500
100 2 0.046 -0.377 2.550
100 3 0.053 -0.079 2.531
100 4 0.025 0.116 2.490
100 5 -0.134 -0.172 2.518
100 6 -0.194 -0.363 2.373
100 7 -0.098 -0.234 2.200
100 8 -0.088 -0.192 2.168
100 9 0.227 -0.176 2.483
100 10 0.272 -0.329 2.333
100 11 0.169 -0.347 2.148
100 12 0.121 -0.300 2.065
100 13 -0.050 -0.499 2.497
100 14 -0.113 -0.603 2.186
100 15 -0.121 -0.906 2.140
100 16 -0.126 -0.943 2.052
100 17 0.119 -0.508 2.486
100 18 0.233 -0.599 2.180
100 19 0.266 -0.897 2.153
100 20 0.260 -0.934 2.066
101 1 0.038 -0.427 2.500
101 2 0.045 -0.376 2.550
101 3 0.053 -0.079 2.531
101 4 0.025 0.116 2.490
101 5 -0.135 -0.170 2.519
101 6 -0.191 -0.369 2.378
101 7 -0.094 -0.231 2.193
101 8 -0.087 -0.191 2.163
101 9 0.226 -0.176 2.484
101 10 0.267 -0.331 2.343
101 11 0.174 -0.366 2.166
101 12 0.130 -0.339 2.089
101 13 -0.051 -0.497 2.496
101 14 -0.113 -0.604 2.185
101 15 -0.120 -0.907 2.140
101 16 -0.126 -0.944 2.053
101 17 0.118 -0.508 2.485
101 18 0.233 -0.599 2.179
101 19 0.266 -0.897 2.154
101 20 0.261 -0.935 2.067
102 1 0.037 -0.426 2.500
102 2 0.045 -0.375 2.549
102 3 0.053 -0.079 2.531
102 4 0.025 0.116 2.489
102 5 -0.135 -0.168 2.520
102 6 -0.188 -0.375 2.385
102 7 -0.092 -0.231 2.190
102 8 -0.087 -0.191 2.160
102 9 0.224 -0.176 2.487
102 10 0.264 -0.333 2.352
102 11 0.178 -0.397 2.187
102 12 0.136 -0.381 2.111
102 13 -0.052 -0.496 2.496
102 14 -0.113 -0.605 2.184
102 15 -0.120 -0.907 2.141
102 16 -0.125 -0.944 2.053
102 17 0.117 -0.507 2.485
102 18 0.232 -0.599 2.179
102 19 0.267 -0.897 2.154
102 20 0.261 -0.935 2.067
103 1 0.037 -0.425 2.500
103 2 0.044 -0.374 2.548
103 3 0.053 -0.079 2.530
103 4 0.025 0.116 2.488
103 5 -0.135 -0.167 2.521
103 6 -0.185 -0.381 2.394
103 7 -0.108 -0.264 2.215
103 8 -0.091 -0.214 2.165
103 9 0.223 -0.176 2.490
103 10 0.261 -0.337 2.362
103 11 0.169 -0.374 2.190
103 12 0.125 -0.370 2.101
103 13 -0.053 -0.495 2.495
103 14 -0.114 -0.605 2.183
103 15 -0.119 -0.907 2.141
103 16 -0.125 -0.945 2.054
103 17 0.116 -0.507 2.485
103 18 0.232 -0.600 2.179
103 19 0.267 -0.898 2.155
103 20 0.261 -0.935 2.067
104 1 0.036 -0.424 2.499
104 2 0.044 -0.374 2.548
104 3 0.053 -0.080 2.530
104 4 0.026 0.115 2.488
104 5 -0.135 -0.166 2.522
104 6 -0.183 -0.386 2.400
104 7 -0.116 -0.285 2.231
104 8 -0.093 -0.227 2.168
104 9 0.222 -0.177 2.494
104 10 0.260 -0.348 2.385
104 11 0.178 -0.388 2.204
104 12 0.129 -0.389 2.112
104 13 -0.054 -0.494 2.494
104 14 -0.114 -0.606 2.182
104 15 -0.119 -0.908 2.142
104 16 -0.124 -0.945 2.055
104 17 0.115 -0.507 2.485
104 18 0.231 -0.600 2.179
104 19 0.267 -0.898 2.155
104 20 0.262 -0.935 2.068
105 1 0.036 -0.423 2.499
105 2 0.043 -0.373 2.548
105 3 0.053 -0.080 2.531
105 4 0.026 0.115 2.488
105 5 -0.134 -0.167 2.522
105 6 -0.182 -0.388 2.404
105 7 -0.120 -0.293 2.237
105 8 -0.097 -0.237 2.176
105 9 0.221 -0.178 2.498
105 10 0.259 -0.352 2.394
105 11 0.176 -0.389 2.204
105 12 0.126 -0.391 2.112
105 13 -0.054 -0.493 2.493
105 14 -0.114 -0.606 2.181
105 15 -0.119 -0.908 2.143
105 16 -0.124 -0.945 2.055
105 17 0.114 -0.506 2.485
105 18 0.231 -0.600 2.179
105 19 0.267 -0.898 2.155
105 20 0.262 -0.935 2.068
106 1 0.033 -0.421 2.499
106 2 0.041 -0.372 2.547
106 3 0.053 -0.081 2.531
106 4 0.026 0.114 2.488
106 5 -0.134 -0.167 2.523
106 6 -0.181 -0.391 2.408
106 7 -0.118 -0.307 2.242
106 8 -0.094 -0.251 2.176
106 9 0.221 -0.180 2.502
106 10 0.258 -0.354 2.400
106 11 0.177 -0.393 2.209
106 12 0.124 -0.391 2.112
106 13 -0.063 -0.487 2.489
106 14 -0.114 -0.607 2.179
106 15 -0.118 -0.909 2.144
106 16 -0.124 -0.946 2.056
106 17 0.111 -0.505 2.485
106 18 0.230 -0.600 2.180
106 19 0.268 -0.898 2.155
106 20 0.263 -0.935 2.067
107 1 0.030 -0.419 2.498
107 2 0.039 -0.371 2.547
107 3 0.053 -0.081 2.531
107 4 0.027 0.114 2.489
107 5 -0.132 -0.169 2.523
107 6 -0.180 -0.392 2.411
107 7 -0.116 -0.297 2.235
107 8 -0.094 -0.254 2.176
107 9 0.221 -0.180 2.506
107 10 0.258 -0.356 2.404
107 11 0.180 -0.399 2.213
107 12 0.121 -0.392 2.111
107 13 -0.068 -0.483 2.486
107 14 -0.115 -0.608 2.178
107 15 -0.118 -0.909 2.145
107 16 -0.123 -0.946 2.058
107 17 0.108 -0.504 2.485
107 18 0.228 -0.597 2.179
107 19 0.272 -0.848 2.126
107 20 0.217 -0.844 2.125
108 1 0.028 -0.418 2.498
108 2 0.037 -0.370 2.547
108 3 0.053 -0.082 2.532
108 4 0.028 0.113 2.490
108 5 -0.131 -0.171 2.524
108 6 -0.180 -0.393 2.413
108 7 -0.115 -0.295 2.233
108 8 -0.093 -0.256 2.175
108 9 0.221 -0.181 2.510
108 10 0.258 -0.357 2.407
108 11 0.183 -0.407 2.217
108 12 0.120 -0.394 2.112
108 13 -0.072 -0.481 2.484
108 14 -0.115 -0.608 2.177
108 15 -0.118 -0.910 2.146
108 16 -0.123 -0.947 2.059
108 17 0.106 -0.503 2.484
108 18 0.227 -0.596 2.180
108 19 0.272 -0.847 2.124
108 20 0.238 -0.874 2.096
109 1 0.027 -0.417 2.497
109 2 0.035 -0.369 2.547
109 3 0.054 -0.082 2.533
109 4 0.030 0.113 2.492
109 5 -0.130 -0.173 2.524
109 6 -0.180 -0.394 2.415
109 7 -0.114 -0.294 2.230
109 8 -0.092 -0.258 2.173
109 9 0.221 -0.182 2.514
109 10 0.258 -0.358 2.409
109 11 0.184 -0.412 2.220
109 12 0.118 -0.395 2.112
109 13 -0.074 -0.479 2.483
109 14 -0.115 -0.609 2.176
109 15 -0.119 -0.910 2.148
109 16 -0.123 -0.947 2.060
109 17 0.104 -0.502 2.484
109 18 0.227 -0.592 2.180
109 19 0.277 -0.816 2.102
109 20 0.260 -0.849 2.044
110 1 0.025 -0.416 2.497
110 2 0.034 -0.369 2.547
110 3 0.054 -0.083 2.534
110 4 0.032 0.112 2.494
110 5 -0.128 -0.175 2.525
110 6 -0.180 -0.394 2.417
110 7 -0.113 -0.294 2.228
110 8 -0.090 -0.261 2.171
110 9 0.222 -0.182 2.517
110 10 0.258 -0.359 2.410
110 11 0.185 -0.415 2.222
110 12 0.111 -0.424 2.133
110 13 -0.076 -0.478 2.483
110 14 -0.115 -0.609 2.176
110 15 -0.119 -0.911 2.149
110 16 -0.123 -0.947 2.061
110 17 0.103 -0.502 2.484
110 18 0.227 -0.586 2.179
110 19 0.270 -0.794 2.107
110 20 0.229 -0.846 2.085
111 1 0.024 -0.415 2.497
111 2 0.032 -0.369 2.547
111 3 0.054 -0.084 2.535
111 4 0.033 0.111 2.495
111 5 -0.127 -0.176 2.525
111 6 -0.180 -0.395 2.418
111 7 -0.111 -0.294 2.226
111 8 -0.087 -0.264 2.168
111 9 0.222 -0.183 2.520
111 10 0.259 -0.362 2.413
111 11 0.185 -0.421 2.226
111 12 0.110 -0.438 2.145
111 13 -0.077 -0.477 2.482
111 14 -0.115 -0.609 2.175
111 15 -0.119 -0.911 2.149
111 16 -0.123 -0.948 2.061
111 17 0.101 -0.502 2.484
111 18 0.227 -0.580 2.179
111 19 0.266 -0.783 2.111
111 20 0.215 -0.845 2.104
112 1 0.023 -0.415 2.497
112 2 0.031 -0.368 2.547
112 3 0.055 -0.084 2.536
112 4 0.034 0.111 2.497
112 5 -0.126 -0.178 2.526
112 6 -0.180 -0.395 2.419
112 7 -0.108 -0.296 2.222
112 8 -0.081 -0.273 2.162
112 9 0.223 -0.183 2.523
112 10 0.260 -0.366 2.415
112 11 0.184 -0.426 2.231
112 12 0.110 -0.446 2.151
112 13 -0.077 -0.477 2.482
112 14 -0.115 -0.609 2.175
112 15 -0.119 -0.911 2.150
112 16 -0.123 -0.948 2.062
112 17 0.100 -0.501 2.484
112 18 0.227 -0.576 2.179
112 19 0.263 -0.778 2.115
112 20 0.208 -0.846 2.115
113 1 0.023 -0.415 2.497
113 2 0.030 -0.369 2.548
113 3 0.055 -0.085 2.537
113 4 0.035 0.110 2.498
113 5 -0.124 -0.180 2.526
113 6 -0.180 -0.395 2.420
113 7 -0.105 -0.301 2.219
113 8 -0.075 -0.285 2.157
113 9 0.223 -0.184 2.525
113 10 0.260 -0.369 2.418
113 11 0.184 -0.433 2.235
113 12 0.112 -0.451 2.155
113 13 -0.077 -0.477 2.482
113 14 -0.115 -0.610 2.175
113 15 -0.120 -0.911 2.150
113 16 -0.122 -0.948 2.062
113 17 0.099 -0.502 2.484
113 18 0.227 -0.574 2.180
113 19 0.260 -0.777 2.119
113 20 0.204 -0.847 2.121
114 1 0.022 -0.415 2.497
114 2 0.029 -0.369 2.548
114 3 0.055 -0.086 2.538
114 4 0.036 0.110 2.499
114 5 -0.123 -0.182 2.526
114 6 -0.179 -0.394 2.421
114 7 -0.102 -0.305 2.216
114 8 -0.071 -0.293 2.154
114 9 0.223 -0.185 2.527
114 10 0.261 -0.371 2.419
114 11 0.184 -0.439 2.239
114 12 0.111 -0.456 2.155
114 13 -0.077 -0.478 2.483
114 14 -0.115 -0.610 2.175
114 15 -0.120 -0.911 2.151
114 16 -0.122 -0.948 2.063
114 17 0.098 -0.502 2.484
114 18 0.227 -0.572 2.180
114 19 0.258 -0.778 2.124
114 20 0.202 -0.849 2.124
115 1 0.021 -0.416 2.498
115 2 0.028 -0.369 2.548
115 3 0.056 -0.086 2.539
115 4 0.037 0.110 2.500
115 5 -0.122 -0.183 2.526
115 6 -0.180 -0.394 2.422
115 7 -0.098 -0.309 2.214
115 8 -0.067 -0.300 2.153
115 9 0.223 -0.185 2.528
115 10 0.261 -0.373 2.420
115 11 0.185 -0.444 2.242
115 12 0.111 -0.460 2.154
115 13 -0.077 -0.479 2.483
115 14 -0.115 -0.610 2.175
115 15 -0.120 -0.911 2.152
115 16 -0.122 -0.948 2.063
115 17 0.097 -0.502 2.484
115 18 0.226 -0.570 2.179
115 19 0.257 -0.780 2.127
115 20 0.202 -0.851 2.125
116 1 0.021 -0.416 2.498
116 2 0.028 -0.369 2.549
116 3 0.056 -0.086 2.540
116 4 0.037 0.110 2.501
116 5 -0.122 -0.185 2.527
116 6 -0.180 -0.393 2.423
116 7 -0.096 -0.313 2.213
116 8 -0.064 -0.305 2.152
116 9 0.224 -0.185 2.529
116 10 0.261 -0.374 2.421
116 11 0.186 -0.448 2.243
116 12 0.112 -0.463 2.154
116 13 -0.076 -0.480 2.483
116 14 -0.115 -0.610 2.174
116 15 -0.120 -0.912 2.152
116 16 -0.122 -0.948 2.064
116 17 0.096 -0.503 2.484
116 18 0.226 -0.568 2.179
116 19 0.256 -0.782 2.130
116 20 0.202 -0.853 2.127
117 1 0.021 -0.417 2.498
117 2 0.027 -0.370 2.549
117 3 0.056 -0.087 2.541
117 4 0.037 0.110 2.502
117 5 -0.121 -0.186 2.527
117 6 -0.179 -0.393 2.424
117 7 -0.093 -0.316 2.212
117 8 -0.062 -0.308 2.152
117 9 0.224 -0.185 2.530
117 10 0.261 -0.374 2.422
117 11 0.187 -0.451 2.244
117 12 0.080 -0.450 2.146
117 13 -0.074 -0.482 2.483
117 14 -0.115 -0.610 2.174
117 15 -0.121 -0.912 2.152
117 16 -0.122 -0.948 2.064
117 17 0.096 -0.503 2.484
117 18 0.226 -0.566 2.178
117 19 0.256 -0.784 2.131
117 20 0.204 -0.855 2.128
118 1 0.021 -0.417 2.497
118 2 0.027 -0.370 2.549
118 3 0.056 -0.087 2.541
118 4 0.038 0.110 2.503
118 5 -0.120 -0.187 2.527
118 6 -0.179 -0.392 2.424
118 7 -0.091 -0.319 2.211
118 8 -0.061 -0.310 2.152
118 9 0.224 -0.186 2.530
118 10 0.261 -0.375 2.422
118 11 0.187 -0.454 2.245
118 12 0.065 -0.444 2.142
118 13 -0.072 -0.484 2.483
118 14 -0.116 -0.610 2.174
118 15 -0.121 -0.912 2.153
118 16 -0.122 -0.948 2.064
118 17 0.096 -0.503 2.484
118 18 0.226 -0.566 2.177
118 19 0.256 -0.786 2.133
118 20 0.206 -0.857 2.126
119 1 0.021 -0.418 2.497
119 2 0.027 -0.371 2.549
119 3 0.056 -0.087 2.542
119 4 0.038 0.110 2.504
119 5 -0.120 -0.187 2.527
119 6 -0.179 -0.392 2.425
119 7 -0.090 -0.321 2.211
119 8 -0.060 -0.313 2.152
119 9 0.224 -0.186 2.531
119 10 0.261 -0.375 2.422
119 11 0.188 -0.456 2.246
119 12 0.058 -0.440 2.140
119 13 -0.070 -0.485 2.483
119 14 -0.116 -0.610 2.173
119 15 -0.121 -0.911 2.153
119 16 -0.122 -0.948 2.065
119 17 0.096 -0.504 2.483
119 18 0.226 -0.566 2.177
119 19 0.265 -0.796 2.115
119 20 0.255 -0.846 2.044
120 1 0.021 -0.418 2.497
120 2 0.027 -0.371 2.549
120 3 0.056 -0.087 2.542
120 4 0.038 0.110 2.505
120 5 -0.119 -0.188 2.527
120 6 -0.179 -0.392 2.425
120 7 -0.089 -0.324 2.211
120 8 -0.059 -0.315 2.152
120 9 0.224 -0.186 2.531
120 10 0.261 -0.375 2.422
120 11 0.188 -0.457 2.246
120 12 0.053 -0.438 2.139
120 13 -0.069 -0.486 2.483
120 14 -0.116 -0.610 2.173
120 15 -0.121 -0.911 2.153
120 16 -0.122 -0.948 2.065
120 17 0.096 -0.504 2.483
120 18 0.226 -0.566 2.176
120 19 0.269 -0.802 2.107
120 20 0.277 -0.842 2.008
121 1 0.022 -0.419 2.497
121 2 0.027 -0.372 2.549
121 3 0.056 -0.087 2.542
121 4 0.038 0.110 2.506
121 5 -0.119 -0.189 2.527
121 6 -0.180 -0.391 2.426
121 7 -0.087 -0.326 2.211
121 8 -0.058 -0.317 2.153
121 9 0.224 -0.186 2.531
121 10 0.260 -0.375 2.422
121 11 0.189 -0.459 2.246
121 12 0.050 -0.437 2.138
121 13 -0.068 -0.487 2.483
121 14 -0.116 -0.611 2.173
121 15 -0.121 -0.911 2.154
121 16 -0.122 -0.948 2.066
121 17 0.096 -0.505 2.482
121 18 0.226 -0.567 2.175
121 19 0.272 -0.805 2.102
121 20 0.287 -0.840 1.991
122 1 0.022 -0.420 2.496
122 2 0.027 -0.373 2.548
122 3 0.056 -0.087 2.542
122 4 0.037 0.110 2.506
122 5 -0.119 -0.189 2.526
122 6 -0.180 -0.391 2.427
122 7 -0.086 -0.329 2.211
122 8 -0.057 -0.320 2.154
122 9 0.224 -0.186 2.531
122 10 0.260 -0.375 2.421
122 11 0.189 -0.461 2.246
122 12 0.048 -0.435 2.137
122 13 -0.066 -0.488 2.482
122 14 -0.116 -0.611 2.172
122 15 -0.121 -0.911 2.154
122 16 -0.122 -0.948 2.066
122 17 0.096 -0.505 2.482
122 18 0.226 -0.567 2.175
122 19 0.274 -0.807 2.099
122 20 0.294 -0.839 1.981
