1 1 0.173 0.012 1.966
1 2 0.204 0.074 2.016
1 3 0.219 0.448 2.034
1 4 0.162 0.622 2.020
1 5 0.044 0.312 2.098
1 6 -0.001 0.061 2.104
1 7 -0.008 -0.100 1.963
1 8 -0.031 -0.139 1.912
1 9 0.338 0.306 1.939
1 10 0.404 0.070 1.864
1 11 0.268 -0.068 1.793
1 12 0.202 -0.126 1.765
1 13 0.100 -0.066 1.990
1 14 0.099 -0.489 2.024
1 15 0.081 -0.774 2.024
1 16 0.038 -0.812 1.947
1 17 0.232 -0.059 1.915
1 18 0.295 -0.482 1.959
1 19 0.311 -0.751 1.969
1 20 0.270 -0.828 1.992
2 1 0.172 0.011 1.966
2 2 0.203 0.074 2.016
2 3 0.218 0.449 2.034
2 4 0.160 0.622 2.021
2 5 0.043 0.311 2.099
2 6 -0.003 0.061 2.101
2 7 -0.009 -0.093 1.956
2 8 -0.032 -0.132 1.906
2 9 0.336 0.306 1.938
2 10 0.401 0.070 1.864
2 11 0.242 -0.084 1.784
2 12 0.188 -0.129 1.760
2 13 0.098 -0.066 1.990
2 14 0.098 -0.489 2.024
2 15 0.081 -0.774 2.024
2 16 0.038 -0.812 1.947
2 17 0.230 -0.060 1.915
2 18 0.294 -0.484 1.960
2 19 0.311 -0.751 1.969
2 20 0.269 -0.829 1.993
3 1 0.171 0.011 1.966
3 2 0.201 0.074 2.015
3 3 0.216 0.449 2.034
3 4 0.159 0.622 2.021
3 5 0.042 0.311 2.099
3 6 -0.005 0.061 2.099
3 7 -0.009 -0.085 1.946
3 8 -0.032 -0.124 1.897
3 9 0.334 0.306 1.938
3 10 0.400 0.070 1.863
3 11 0.239 -0.086 1.783
3 12 0.184 -0.127 1.758
3 13 0.097 -0.066 1.990
3 14 0.097 -0.489 2.024
3 15 0.081 -0.774 2.024
3 16 0.038 -0.812 1.947
3 17 0.229 -0.060 1.914
3 18 0.293 -0.485 1.960
3 19 0.311 -0.752 1.970
3 20 0.266 -0.827 1.991
4 1 0.170 0.011 1.965
4 2 0.200 0.074 2.015
4 3 0.215 0.449 2.034
4 4 0.158 0.622 2.022
4 5 0.041 0.311 2.100
4 6 -0.006 0.061 2.096
4 7 -0.008 -0.079 1.934
4 8 -0.032 -0.120 1.891
4 9 0.333 0.306 1.938
4 10 0.397 0.070 1.862
4 11 0.237 -0.085 1.783
4 12 0.179 -0.123 1.756
4 13 0.096 -0.067 1.989
4 14 0.096 -0.490 2.025
4 15 0.081 -0.774 2.024
4 16 0.038 -0.812 1.947
4 17 0.228 -0.060 1.914
4 18 0.292 -0.485 1.961
4 19 0.311 -0.752 1.970
4 20 0.264 -0.825 1.988
5 1 0.169 0.011 1.965
5 2 0.199 0.074 2.015
5 3 0.214 0.449 2.034
5 4 0.157 0.622 2.022
5 5 0.040 0.311 2.100
5 6 -0.007 0.062 2.094
5 7 -0.008 -0.074 1.925
5 8 -0.031 -0.113 1.878
5 9 0.332 0.306 1.938
5 10 0.394 0.070 1.860
5 11 0.237 -0.082 1.783
5 12 0.174 -0.114 1.753
5 13 0.095 -0.067 1.989
5 14 0.096 -0.490 2.025
5 15 0.081 -0.774 2.024
5 16 0.038 -0.812 1.947
5 17 0.226 -0.060 1.914
5 18 0.291 -0.486 1.961
5 19 0.311 -0.752 1.970
5 20 0.266 -0.825 1.982
6 1 0.168 0.011 1.965
6 2 0.199 0.074 2.015
6 3 0.213 0.450 2.035
6 4 0.156 0.622 2.022
6 5 0.039 0.311 2.101
6 6 -0.008 0.062 2.091
6 7 -0.007 -0.069 1.917
6 8 -0.029 -0.106 1.868
6 9 0.330 0.306 1.938
6 10 0.392 0.071 1.859
6 11 0.238 -0.074 1.783
6 12 0.170 -0.101 1.750
6 13 0.094 -0.067 1.989
6 14 0.095 -0.490 2.025
6 15 0.081 -0.774 2.024
6 16 0.038 -0.811 1.947
6 17 0.225 -0.060 1.914
6 18 0.291 -0.486 1.961
6 19 0.311 -0.752 1.970
6 20 0.268 -0.825 1.975
7 1 0.167 0.011 1.965
7 2 0.198 0.074 2.015
7 3 0.213 0.450 2.035
7 4 0.156 0.622 2.023
7 5 0.039 0.311 2.101
7 6 -0.009 0.063 2.088
7 7 -0.007 -0.064 1.911
7 8 -0.028 -0.102 1.862
7 9 0.329 0.306 1.937
7 10 0.388 0.072 1.857
7 11 0.238 -0.067 1.782
7 12 0.167 -0.093 1.747
7 13 0.094 -0.067 1.988
7 14 0.094 -0.491 2.025
7 15 0.081 -0.774 2.024
7 16 0.038 -0.811 1.947
7 17 0.224 -0.060 1.913
7 18 0.290 -0.486 1.961
7 19 0.311 -0.752 1.970
7 20 0.268 -0.824 1.970
8 1 0.166 0.010 1.965
8 2 0.197 0.074 2.015
8 3 0.212 0.450 2.035
8 4 0.155 0.623 2.023
8 5 0.038 0.311 2.101
8 6 -0.010 0.065 2.085
8 7 -0.007 -0.058 1.905
8 8 -0.030 -0.089 1.853
8 9 0.328 0.306 1.937
8 10 0.385 0.073 1.856
8 11 0.238 -0.062 1.782
8 12 0.164 -0.083 1.744
8 13 0.093 -0.067 1.988
8 14 0.094 -0.491 2.025
8 15 0.081 -0.774 2.024
8 16 0.038 -0.811 1.947
8 17 0.223 -0.060 1.913
8 18 0.290 -0.487 1.961
8 19 0.311 -0.752 1.970
8 20 0.268 -0.824 1.968
9 1 0.165 0.010 1.964
9 2 0.196 0.072 2.014
9 3 0.204 0.408 2.028
9 4 0.155 0.621 2.024
9 5 0.038 0.311 2.102
9 6 -0.010 0.066 2.083
9 7 -0.008 -0.050 1.897
9 8 -0.037 -0.065 1.837
9 9 0.326 0.306 1.936
9 10 0.381 0.074 1.853
9 11 0.224 -0.031 1.768
9 12 0.147 -0.054 1.730
9 13 0.093 -0.067 1.987
9 14 0.093 -0.491 2.025
9 15 0.081 -0.774 2.024
9 16 0.038 -0.811 1.947
9 17 0.222 -0.061 1.912
9 18 0.289 -0.487 1.962
9 19 0.311 -0.752 1.970
9 20 0.268 -0.823 1.966
10 1 0.165 0.010 1.964
10 2 0.195 0.071 2.013
10 3 0.200 0.388 2.025
10 4 0.155 0.619 2.025
10 5 0.037 0.311 2.103
10 6 -0.011 0.071 2.082
10 7 -0.021 -0.011 1.878
10 8 -0.037 -0.055 1.835
10 9 0.324 0.306 1.936
10 10 0.374 0.075 1.849
10 11 0.168 -0.008 1.729
10 12 0.082 -0.023 1.708
10 13 0.093 -0.067 1.987
10 14 0.093 -0.491 2.026
10 15 0.081 -0.774 2.024
10 16 0.038 -0.811 1.947
10 17 0.220 -0.061 1.912
10 18 0.289 -0.487 1.962
10 19 0.311 -0.752 1.970
10 20 0.268 -0.823 1.965
11 1 0.164 0.009 1.963
11 2 0.195 0.070 2.012
11 3 0.202 0.416 2.032
11 4 0.155 0.619 2.025
11 5 0.037 0.312 2.104
11 6 -0.014 0.080 2.084
11 7 -0.030 0.031 1.873
11 8 -0.043 -0.027 1.838
11 9 0.321 0.306 1.935
11 10 0.369 0.076 1.845
11 11 0.130 0.007 1.703
11 12 0.032 0.006 1.698
11 13 0.092 -0.068 1.986
11 14 0.092 -0.491 2.026
11 15 0.081 -0.774 2.024
11 16 0.038 -0.811 1.947
11 17 0.219 -0.061 1.911
11 18 0.288 -0.487 1.962
11 19 0.311 -0.752 1.970
11 20 0.267 -0.822 1.964
12 1 0.164 0.009 1.963
12 2 0.194 0.069 2.012
12 3 0.204 0.433 2.036
12 4 0.155 0.620 2.026
12 5 0.037 0.312 2.105
12 6 -0.022 0.114 2.104
12 7 -0.035 0.041 1.866
12 8 -0.046 -0.020 1.835
12 9 0.319 0.306 1.934
12 10 0.358 0.080 1.834
12 11 0.146 0.038 1.701
12 12 0.056 0.043 1.693
12 13 0.092 -0.068 1.986
12 14 0.092 -0.491 2.026
12 15 0.081 -0.774 2.024
12 16 0.038 -0.811 1.947
12 17 0.217 -0.061 1.911
12 18 0.288 -0.486 1.962
12 19 0.311 -0.752 1.970
12 20 0.267 -0.822 1.963
13 1 0.163 0.009 1.963
13 2 0.194 0.068 2.011
13 3 0.205 0.443 2.038
13 4 0.155 0.621 2.027
13 5 0.036 0.312 2.106
13 6 -0.024 0.124 2.109
13 7 -0.038 0.048 1.859
13 8 -0.048 -0.014 1.831
13 9 0.317 0.305 1.933
13 10 0.344 0.089 1.820
13 11 0.148 0.076 1.690
13 12 0.059 0.092 1.670
13 13 0.092 -0.068 1.986
13 14 0.091 -0.491 2.026
13 15 0.082 -0.774 2.024
13 16 0.038 -0.811 1.947
13 17 0.216 -0.062 1.911
13 18 0.288 -0.486 1.962
13 19 0.311 -0.752 1.970
13 20 0.266 -0.821 1.963
14 1 0.163 0.009 1.963
14 2 0.194 0.068 2.011
14 3 0.207 0.449 2.039
14 4 0.155 0.622 2.028
14 5 0.037 0.314 2.108
14 6 -0.025 0.114 2.111
14 7 -0.040 0.054 1.853
14 8 -0.052 -0.008 1.826
14 9 0.315 0.305 1.932
14 10 0.324 0.110 1.792
14 11 0.104 0.128 1.662
14 12 0.024 0.165 1.636
14 13 0.092 -0.068 1.986
14 14 0.091 -0.491 2.027
14 15 0.082 -0.774 2.024
14 16 0.037 -0.810 1.947
14 17 0.214 -0.061 1.910
14 18 0.287 -0.486 1.962
14 19 0.311 -0.752 1.970
14 20 0.266 -0.821 1.962
15 1 0.162 0.009 1.963
15 2 0.194 0.068 2.011
15 3 0.208 0.453 2.040
15 4 0.155 0.623 2.029
15 5 0.063 0.340 2.112
15 6 -0.012 0.109 2.098
15 7 -0.048 0.083 1.840
15 8 -0.059 0.015 1.828
15 9 0.313 0.305 1.931
15 10 0.312 0.123 1.778
15 11 0.079 0.178 1.642
15 12 0.010 0.235 1.617
15 13 0.092 -0.067 1.986
15 14 0.091 -0.491 2.027
15 15 0.082 -0.774 2.024
15 16 0.037 -0.810 1.948
15 17 0.212 -0.060 1.910
15 18 0.287 -0.486 1.962
15 19 0.311 -0.752 1.970
15 20 0.266 -0.820 1.962
16 1 0.162 0.010 1.962
16 2 0.194 0.069 2.011
16 3 0.208 0.456 2.041
16 4 0.157 0.624 2.030
16 5 0.070 0.348 2.114
16 6 -0.007 0.107 2.094
16 7 -0.053 0.106 1.835
16 8 -0.068 0.086 1.787
16 9 0.312 0.307 1.930
16 10 0.298 0.141 1.763
16 11 0.065 0.233 1.631
16 12 0.006 0.304 1.610
16 13 0.098 -0.057 1.981
16 14 0.091 -0.491 2.027
16 15 0.082 -0.774 2.024
16 16 0.036 -0.810 1.948
16 17 0.211 -0.055 1.912
16 18 0.287 -0.486 1.962
16 19 0.311 -0.752 1.970
16 20 0.265 -0.820 1.962
17 1 0.163 0.014 1.962
17 2 0.196 0.074 2.011
17 3 0.209 0.458 2.041
17 4 0.163 0.626 2.033
17 5 0.075 0.353 2.114
17 6 -0.006 0.108 2.089
17 7 -0.056 0.130 1.832
17 8 -0.100 0.124 1.813
17 9 0.313 0.310 1.929
17 10 0.286 0.160 1.751
17 11 0.060 0.309 1.636
17 12 0.029 0.382 1.626
17 13 0.103 -0.044 1.976
17 14 0.090 -0.489 2.028
17 15 0.082 -0.774 2.024
17 16 0.036 -0.810 1.948
17 17 0.212 -0.044 1.918
17 18 0.285 -0.481 1.961
17 19 0.311 -0.752 1.970
17 20 0.265 -0.820 1.961
18 1 0.164 0.026 1.964
18 2 0.198 0.086 2.012
18 3 0.209 0.462 2.042
18 4 0.184 0.637 2.038
18 5 0.078 0.359 2.115
18 6 -0.007 0.111 2.085
18 7 -0.056 0.149 1.832
18 8 -0.088 0.170 1.783
18 9 0.315 0.315 1.928
18 10 0.273 0.175 1.738
18 11 0.064 0.372 1.647
18 12 0.051 0.444 1.647
18 13 0.106 -0.030 1.974
18 14 0.089 -0.481 2.027
18 15 0.082 -0.774 2.024
18 16 0.035 -0.810 1.949
18 17 0.215 -0.030 1.925
18 18 0.280 -0.467 1.959
18 19 0.311 -0.752 1.970
18 20 0.264 -0.820 1.961
19 1 0.166 0.037 1.965
19 2 0.200 0.096 2.013
19 3 0.210 0.465 2.042
19 4 0.196 0.643 2.041
19 5 0.080 0.363 2.115
19 6 -0.008 0.114 2.081
19 7 -0.057 0.167 1.833
19 8 -0.079 0.201 1.768
19 9 0.318 0.321 1.925
19 10 0.266 0.185 1.730
19 11 0.077 0.379 1.658
19 12 0.059 0.462 1.664
19 13 0.107 -0.019 1.973
19 14 0.087 -0.472 2.027
19 15 0.082 -0.774 2.024
19 16 0.035 -0.809 1.949
19 17 0.216 -0.019 1.929
19 18 0.277 -0.459 1.958
19 19 0.311 -0.752 1.970
19 20 0.264 -0.820 1.961
20 1 0.166 0.040 1.965
20 2 0.201 0.100 2.013
20 3 0.211 0.467 2.042
20 4 0.204 0.646 2.042
20 5 0.082 0.366 2.115
20 6 -0.008 0.117 2.079
20 7 -0.056 0.187 1.845
20 8 -0.077 0.218 1.767
20 9 0.321 0.326 1.921
20 10 0.261 0.196 1.726
20 11 0.083 0.427 1.678
20 12 0.077 0.499 1.693
20 13 0.099 -0.026 1.986
20 14 0.086 -0.465 2.026
20 15 0.082 -0.774 2.024
20 16 0.035 -0.809 1.949
20 17 0.209 -0.028 1.909
20 18 0.275 -0.455 1.957
20 19 0.311 -0.752 1.970
20 20 0.265 -0.820 1.960
21 1 0.166 0.042 1.965
21 2 0.201 0.102 2.013
21 3 0.215 0.470 2.041
21 4 0.212 0.647 2.039
21 5 0.072 0.335 2.120
21 6 -0.014 0.102 2.080
21 7 -0.055 0.206 1.872
21 8 -0.066 0.248 1.802
21 9 0.325 0.329 1.917
21 10 0.259 0.209 1.726
21 11 0.087 0.443 1.688
21 12 0.084 0.521 1.712
21 13 0.092 -0.034 1.994
21 14 0.086 -0.461 2.026
21 15 0.082 -0.774 2.024
21 16 0.034 -0.809 1.950
21 17 0.206 -0.034 1.898
21 18 0.274 -0.453 1.956
21 19 0.310 -0.752 1.970
21 20 0.265 -0.820 1.960
22 1 0.164 0.038 1.963
22 2 0.202 0.101 2.012
22 3 0.220 0.473 2.039
22 4 0.222 0.648 2.035
22 5 0.069 0.323 2.124
22 6 -0.034 0.109 2.101
22 7 -0.053 0.219 1.915
22 8 -0.058 0.251 1.846
22 9 0.328 0.330 1.915
22 10 0.247 0.234 1.723
22 11 0.090 0.453 1.695
22 12 0.088 0.532 1.722
22 13 0.087 -0.045 1.998
22 14 0.086 -0.459 2.025
22 15 0.082 -0.774 2.024
22 16 0.033 -0.809 1.950
22 17 0.204 -0.041 1.891
22 18 0.274 -0.451 1.956
22 19 0.310 -0.752 1.970
22 20 0.265 -0.820 1.959
23 1 0.162 0.027 1.959
23 2 0.202 0.095 2.008
23 3 0.228 0.477 2.036
23 4 0.231 0.648 2.030
23 5 0.067 0.317 2.125
23 6 -0.044 0.113 2.111
23 7 -0.052 0.232 1.943
23 8 -0.054 0.262 1.861
23 9 0.334 0.329 1.914
23 10 0.243 0.245 1.723
23 11 0.097 0.454 1.702
23 12 0.097 0.521 1.732
23 13 0.083 -0.056 1.997
23 14 0.086 -0.461 2.026
23 15 0.082 -0.774 2.023
23 16 0.032 -0.809 1.950
23 17 0.205 -0.050 1.887
23 18 0.273 -0.451 1.955
23 19 0.310 -0.752 1.970
23 20 0.265 -0.820 1.958
24 1 0.161 0.019 1.956
24 2 0.203 0.089 2.005
24 3 0.236 0.480 2.034
24 4 0.236 0.649 2.026
24 5 0.066 0.314 2.127
24 6 -0.050 0.115 2.118
24 7 -0.051 0.241 1.956
24 8 -0.053 0.276 1.875
24 9 0.338 0.327 1.913
24 10 0.240 0.252 1.721
24 11 0.104 0.450 1.709
24 12 0.103 0.510 1.739
24 13 0.081 -0.064 1.995
24 14 0.086 -0.466 2.026
24 15 0.082 -0.774 2.023
24 16 0.032 -0.809 1.951
24 17 0.205 -0.057 1.885
24 18 0.273 -0.453 1.954
24 19 0.310 -0.752 1.970
24 20 0.266 -0.820 1.956
25 1 0.161 0.013 1.954
25 2 0.204 0.083 2.002
25 3 0.243 0.482 2.033
25 4 0.238 0.649 2.024
25 5 0.066 0.312 2.129
25 6 -0.051 0.120 2.120
25 7 -0.050 0.281 1.932
25 8 -0.051 0.329 1.856
25 9 0.342 0.325 1.912
25 10 0.234 0.260 1.717
25 11 0.111 0.444 1.713
25 12 0.106 0.506 1.744
25 13 0.080 -0.069 1.992
25 14 0.086 -0.472 2.027
25 15 0.082 -0.774 2.023
25 16 0.031 -0.809 1.951
25 17 0.206 -0.061 1.883
25 18 0.273 -0.456 1.954
25 19 0.310 -0.752 1.970
25 20 0.266 -0.820 1.955
26 1 0.161 0.008 1.952
26 2 0.205 0.078 2.000
26 3 0.249 0.483 2.032
26 4 0.240 0.650 2.025
26 5 0.067 0.311 2.130
26 6 -0.050 0.125 2.121
26 7 -0.049 0.294 1.950
26 8 -0.051 0.341 1.870
26 9 0.344 0.322 1.912
26 10 0.230 0.265 1.715
26 11 0.115 0.443 1.717
26 12 0.109 0.503 1.748
26 13 0.081 -0.073 1.989
26 14 0.087 -0.479 2.028
26 15 0.082 -0.774 2.023
26 16 0.031 -0.809 1.951
26 17 0.207 -0.065 1.883
26 18 0.273 -0.460 1.953
26 19 0.310 -0.752 1.970
26 20 0.266 -0.819 1.954
27 1 0.162 0.005 1.950
27 2 0.206 0.075 1.998
27 3 0.254 0.485 2.031
27 4 0.241 0.651 2.028
27 5 0.068 0.311 2.131
27 6 -0.040 0.139 2.120
27 7 -0.049 0.302 1.956
27 8 -0.051 0.350 1.877
27 9 0.346 0.321 1.911
27 10 0.228 0.269 1.713
27 11 0.118 0.442 1.720
27 12 0.112 0.501 1.750
27 13 0.081 -0.075 1.986
27 14 0.087 -0.486 2.029
27 15 0.082 -0.774 2.023
27 16 0.031 -0.809 1.951
27 17 0.208 -0.068 1.883
27 18 0.273 -0.480 1.953
27 19 0.309 -0.752 1.969
27 20 0.266 -0.819 1.953
28 1 0.162 0.002 1.949
28 2 0.208 0.072 1.996
28 3 0.259 0.486 2.031
28 4 0.242 0.654 2.041
28 5 0.070 0.314 2.132
28 6 -0.033 0.150 2.118
28 7 -0.049 0.307 1.960
28 8 -0.051 0.360 1.886
28 9 0.348 0.319 1.911
28 10 0.225 0.272 1.712
28 11 0.120 0.441 1.722
28 12 0.113 0.500 1.752
28 13 0.082 -0.077 1.983
28 14 0.087 -0.491 2.030
28 15 0.082 -0.774 2.023
28 16 0.030 -0.809 1.951
28 17 0.209 -0.070 1.883
28 18 0.274 -0.491 1.953
28 19 0.309 -0.751 1.969
28 20 0.266 -0.819 1.952
29 1 0.163 -0.000 1.947
29 2 0.209 0.069 1.995
29 3 0.263 0.486 2.030
29 4 0.243 0.655 2.049
29 5 0.072 0.314 2.132
29 6 -0.031 0.155 2.118
29 7 -0.049 0.311 1.965
29 8 -0.051 0.366 1.894
29 9 0.349 0.317 1.910
29 10 0.223 0.274 1.711
29 11 0.121 0.441 1.723
29 12 0.113 0.500 1.754
29 13 0.084 -0.078 1.979
29 14 0.087 -0.495 2.030
29 15 0.082 -0.774 2.023
29 16 0.030 -0.809 1.951
29 17 0.210 -0.071 1.883
29 18 0.274 -0.497 1.953
29 19 0.308 -0.751 1.968
29 20 0.266 -0.819 1.952
30 1 0.164 -0.002 1.945
30 2 0.210 0.067 1.993
30 3 0.266 0.487 2.030
30 4 0.248 0.657 2.060
30 5 0.074 0.315 2.132
30 6 -0.029 0.158 2.118
30 7 -0.049 0.313 1.969
30 8 -0.050 0.371 1.901
30 9 0.350 0.315 1.909
30 10 0.221 0.276 1.710
30 11 0.122 0.441 1.724
30 12 0.113 0.499 1.755
30 13 0.086 -0.078 1.975
30 14 0.087 -0.497 2.031
30 15 0.082 -0.773 2.023
30 16 0.029 -0.809 1.952
30 17 0.212 -0.072 1.883
30 18 0.274 -0.501 1.953
30 19 0.308 -0.751 1.967
30 20 0.266 -0.819 1.950
31 1 0.165 -0.004 1.944
31 2 0.212 0.065 1.991
31 3 0.268 0.487 2.030
31 4 0.248 0.654 2.043
31 5 0.075 0.312 2.130
31 6 -0.031 0.158 2.119
31 7 -0.038 0.313 1.986
31 8 -0.043 0.371 1.917
31 9 0.343 0.308 1.902
31 10 0.218 0.277 1.710
31 11 0.118 0.453 1.729
31 12 0.111 0.505 1.757
31 13 0.088 -0.079 1.972
31 14 0.087 -0.499 2.031
31 15 0.082 -0.773 2.023
31 16 0.028 -0.809 1.952
31 17 0.212 -0.073 1.883
31 18 0.274 -0.503 1.953
31 19 0.308 -0.751 1.966
31 20 0.266 -0.818 1.949
32 1 0.166 -0.005 1.943
32 2 0.212 0.064 1.990
32 3 0.269 0.488 2.030
32 4 0.254 0.657 2.043
32 5 0.076 0.310 2.129
32 6 -0.032 0.155 2.121
32 7 -0.031 0.312 1.999
32 8 -0.041 0.368 1.925
32 9 0.339 0.306 1.896
32 10 0.181 0.304 1.699
32 11 0.102 0.484 1.727
32 12 0.096 0.540 1.750
32 13 0.089 -0.079 1.970
32 14 0.088 -0.497 2.031
32 15 0.082 -0.773 2.023
32 16 0.028 -0.809 1.953
32 17 0.213 -0.073 1.883
32 18 0.274 -0.502 1.952
32 19 0.307 -0.750 1.965
32 20 0.265 -0.818 1.949
33 1 0.161 0.020 1.940
33 2 0.207 0.087 1.987
33 3 0.255 0.509 2.030
33 4 0.264 0.681 2.055
33 5 0.072 0.311 2.126
33 6 -0.032 0.154 2.122
33 7 -0.026 0.313 2.006
33 8 -0.040 0.365 1.931
33 9 0.335 0.307 1.889
33 10 0.150 0.329 1.691
33 11 0.080 0.536 1.712
33 12 0.080 0.590 1.733
33 13 0.087 -0.069 1.970
33 14 0.091 -0.487 2.030
33 15 0.082 -0.773 2.023
33 16 0.027 -0.808 1.953
33 17 0.213 -0.054 1.874
33 18 0.274 -0.482 1.945
33 19 0.307 -0.750 1.964
33 20 0.265 -0.818 1.948
34 1 0.161 0.025 1.938
34 2 0.207 0.092 1.985
34 3 0.255 0.514 2.031
34 4 0.267 0.687 2.059
34 5 0.071 0.311 2.125
34 6 -0.023 0.148 2.125
34 7 -0.027 0.309 2.015
34 8 -0.040 0.362 1.935
34 9 0.327 0.315 1.877
34 10 0.139 0.341 1.689
34 11 0.054 0.539 1.674
34 12 0.050 0.614 1.687
34 13 0.085 -0.063 1.970
34 14 0.093 -0.480 2.030
34 15 0.082 -0.773 2.023
34 16 0.026 -0.808 1.954
34 17 0.212 -0.045 1.870
34 18 0.274 -0.470 1.942
34 19 0.307 -0.749 1.963
34 20 0.265 -0.818 1.948
35 1 0.161 0.033 1.938
35 2 0.208 0.098 1.985
35 3 0.256 0.517 2.031
35 4 0.270 0.690 2.062
35 5 0.071 0.311 2.124
35 6 -0.016 0.144 2.127
35 7 -0.027 0.306 2.020
35 8 -0.039 0.360 1.937
35 9 0.324 0.318 1.872
35 10 0.120 0.379 1.677
35 11 0.025 0.576 1.638
35 12 0.009 0.648 1.636
35 13 0.086 -0.054 1.982
35 14 0.094 -0.475 2.029
35 15 0.082 -0.773 2.023
35 16 0.025 -0.808 1.955
35 17 0.211 -0.038 1.867
35 18 0.274 -0.463 1.939
35 19 0.306 -0.748 1.962
35 20 0.265 -0.817 1.947
36 1 0.162 0.038 1.939
36 2 0.209 0.102 1.984
36 3 0.259 0.519 2.031
36 4 0.271 0.693 2.064
36 5 0.072 0.311 2.123
36 6 -0.010 0.141 2.129
36 7 -0.028 0.304 2.023
36 8 -0.039 0.358 1.939
36 9 0.322 0.319 1.869
36 10 0.113 0.392 1.673
36 11 0.013 0.589 1.622
36 12 -0.023 0.653 1.600
36 13 0.087 -0.049 1.989
36 14 0.095 -0.471 2.029
36 15 0.082 -0.773 2.023
36 16 0.024 -0.808 1.956
36 17 0.210 -0.033 1.862
36 18 0.274 -0.459 1.938
36 19 0.306 -0.748 1.961
36 20 0.265 -0.817 1.947
37 1 0.163 0.043 1.940
37 2 0.211 0.106 1.985
37 3 0.263 0.520 2.031
37 4 0.272 0.695 2.065
37 5 0.072 0.311 2.121
37 6 -0.006 0.139 2.130
37 7 -0.029 0.303 2.025
37 8 -0.039 0.357 1.940
37 9 0.321 0.320 1.867
37 10 0.111 0.401 1.670
37 11 0.007 0.593 1.613
37 12 -0.027 0.644 1.593
37 13 0.088 -0.046 1.995
37 14 0.096 -0.469 2.029
37 15 0.082 -0.772 2.023
37 16 0.024 -0.807 1.957
37 17 0.209 -0.030 1.859
37 18 0.274 -0.456 1.937
37 19 0.306 -0.747 1.960
37 20 0.265 -0.817 1.947
38 1 0.164 0.045 1.940
38 2 0.212 0.108 1.985
38 3 0.266 0.520 2.031
38 4 0.272 0.695 2.066
38 5 0.073 0.311 2.121
38 6 -0.002 0.137 2.130
38 7 -0.030 0.301 2.026
38 8 -0.038 0.355 1.941
38 9 0.321 0.320 1.866
38 10 0.121 0.395 1.667
38 11 0.010 0.585 1.609
38 12 -0.023 0.633 1.591
38 13 0.088 -0.044 1.998
38 14 0.096 -0.468 2.029
38 15 0.083 -0.772 2.024
38 16 0.024 -0.807 1.958
38 17 0.209 -0.028 1.858
38 18 0.274 -0.454 1.936
38 19 0.306 -0.747 1.959
38 20 0.265 -0.817 1.947
39 1 0.164 0.047 1.940
39 2 0.213 0.110 1.985
39 3 0.268 0.520 2.031
39 4 0.272 0.695 2.067
39 5 0.074 0.311 2.120
39 6 -0.000 0.135 2.130
39 7 -0.030 0.300 2.026
39 8 -0.038 0.355 1.943
39 9 0.320 0.320 1.865
39 10 0.130 0.388 1.665
39 11 0.020 0.577 1.611
39 12 -0.007 0.630 1.596
39 13 0.089 -0.043 1.999
39 14 0.097 -0.467 2.028
39 15 0.083 -0.772 2.024
39 16 0.023 -0.807 1.958
39 17 0.209 -0.027 1.856
39 18 0.274 -0.453 1.936
39 19 0.306 -0.747 1.958
39 20 0.264 -0.816 1.947
40 1 0.165 0.048 1.941
40 2 0.214 0.111 1.985
40 3 0.269 0.520 2.031
40 4 0.272 0.695 2.067
40 5 0.074 0.311 2.118
40 6 0.001 0.135 2.130
40 7 -0.029 0.300 2.023
40 8 -0.037 0.355 1.944
40 9 0.327 0.323 1.867
40 10 0.137 0.386 1.666
40 11 0.038 0.562 1.619
40 12 0.026 0.607 1.612
40 13 0.089 -0.043 1.999
40 14 0.097 -0.466 2.028
40 15 0.083 -0.772 2.024
40 16 0.023 -0.807 1.959
40 17 0.209 -0.027 1.855
40 18 0.274 -0.452 1.936
40 19 0.306 -0.746 1.958
40 20 0.264 -0.816 1.947
41 1 0.166 0.048 1.941
41 2 0.215 0.111 1.985
41 3 0.269 0.519 2.029
41 4 0.272 0.695 2.067
41 5 0.074 0.311 2.117
41 6 0.002 0.134 2.130
41 7 -0.028 0.300 2.020
41 8 -0.036 0.355 1.944
41 9 0.333 0.325 1.870
41 10 0.150 0.365 1.665
41 11 0.060 0.537 1.630
41 12 0.048 0.592 1.624
41 13 0.090 -0.044 1.999
41 14 0.098 -0.465 2.028
41 15 0.083 -0.771 2.024
41 16 0.024 -0.806 1.959
41 17 0.210 -0.028 1.855
41 18 0.274 -0.452 1.936
41 19 0.306 -0.746 1.957
41 20 0.264 -0.816 1.947
42 1 0.167 0.048 1.941
42 2 0.215 0.112 1.985
42 3 0.268 0.519 2.027
42 4 0.271 0.695 2.067
42 5 0.073 0.312 2.115
42 6 0.001 0.134 2.128
42 7 -0.027 0.302 2.015
42 8 -0.034 0.357 1.943
42 9 0.338 0.326 1.872
42 10 0.157 0.354 1.664
42 11 0.069 0.526 1.634
42 12 0.057 0.586 1.629
42 13 0.090 -0.044 1.999
42 14 0.098 -0.465 2.028
42 15 0.083 -0.771 2.024
42 16 0.024 -0.806 1.959
42 17 0.211 -0.029 1.855
42 18 0.274 -0.453 1.936
42 19 0.306 -0.746 1.957
42 20 0.264 -0.816 1.947
43 1 0.167 0.048 1.941
43 2 0.215 0.112 1.986
43 3 0.266 0.519 2.024
43 4 0.270 0.694 2.066
43 5 0.072 0.312 2.112
43 6 0.000 0.134 2.127
43 7 -0.025 0.303 2.009
43 8 -0.032 0.359 1.940
43 9 0.342 0.327 1.873
43 10 0.159 0.356 1.667
43 11 0.071 0.524 1.635
43 12 0.060 0.587 1.630
43 13 0.090 -0.045 1.998
43 14 0.098 -0.464 2.028
43 15 0.084 -0.771 2.024
43 16 0.025 -0.806 1.958
43 17 0.213 -0.030 1.855
43 18 0.274 -0.454 1.936
43 19 0.306 -0.746 1.956
43 20 0.264 -0.815 1.947
44 1 0.168 0.048 1.941
44 2 0.215 0.112 1.986
44 3 0.263 0.519 2.021
44 4 0.269 0.694 2.065
44 5 0.072 0.312 2.111
44 6 0.000 0.134 2.126
44 7 -0.023 0.300 2.005
44 8 -0.031 0.357 1.939
44 9 0.344 0.328 1.874
44 10 0.170 0.334 1.666
44 11 0.072 0.524 1.634
44 12 0.063 0.587 1.630
44 13 0.090 -0.046 1.997
44 14 0.099 -0.464 2.028
44 15 0.084 -0.771 2.024
44 16 0.025 -0.806 1.958
44 17 0.214 -0.031 1.855
44 18 0.274 -0.454 1.936
44 19 0.306 -0.745 1.956
44 20 0.264 -0.815 1.947
45 1 0.168 0.048 1.941
45 2 0.216 0.112 1.986
45 3 0.261 0.518 2.018
45 4 0.267 0.692 2.063
45 5 0.072 0.311 2.111
45 6 0.001 0.133 2.126
45 7 -0.021 0.293 2.002
45 8 -0.029 0.348 1.935
45 9 0.347 0.329 1.875
45 10 0.168 0.346 1.671
45 11 0.065 0.524 1.627
45 12 0.042 0.586 1.614
45 13 0.090 -0.046 1.997
45 14 0.099 -0.464 2.028
45 15 0.084 -0.771 2.025
45 16 0.026 -0.806 1.958
45 17 0.215 -0.032 1.855
45 18 0.274 -0.453 1.936
45 19 0.306 -0.745 1.956
45 20 0.264 -0.815 1.947
46 1 0.169 0.048 1.941
46 2 0.216 0.113 1.986
46 3 0.258 0.516 2.015
46 4 0.266 0.690 2.060
46 5 0.073 0.309 2.111
46 6 0.001 0.131 2.127
46 7 -0.020 0.283 1.997
46 8 -0.027 0.335 1.929
46 9 0.348 0.329 1.875
46 10 0.171 0.319 1.664
46 11 0.063 0.485 1.619
46 12 0.042 0.551 1.610
46 13 0.091 -0.046 1.997
46 14 0.099 -0.463 2.028
46 15 0.084 -0.771 2.025
46 16 0.026 -0.806 1.958
46 17 0.216 -0.033 1.855
46 18 0.274 -0.449 1.936
46 19 0.306 -0.745 1.956
46 20 0.265 -0.815 1.947
47 1 0.170 0.048 1.941
47 2 0.217 0.112 1.985
47 3 0.254 0.509 2.012
47 4 0.262 0.682 2.055
47 5 0.074 0.303 2.113
47 6 0.003 0.124 2.132
47 7 -0.021 0.271 1.954
47 8 -0.030 0.324 1.886
47 9 0.349 0.329 1.875
47 10 0.208 0.263 1.671
47 11 0.065 0.455 1.615
47 12 0.034 0.510 1.598
47 13 0.092 -0.047 1.996
47 14 0.100 -0.462 2.027
47 15 0.084 -0.771 2.025
47 16 0.026 -0.806 1.959
47 17 0.218 -0.034 1.855
47 18 0.274 -0.446 1.935
47 19 0.306 -0.745 1.955
47 20 0.267 -0.816 1.947
48 1 0.171 0.048 1.941
48 2 0.217 0.112 1.985
48 3 0.250 0.502 2.009
48 4 0.238 0.667 2.038
48 5 0.075 0.296 2.114
48 6 0.002 0.129 2.176
48 7 -0.024 0.254 1.945
48 8 -0.031 0.301 1.886
48 9 0.350 0.329 1.876
48 10 0.235 0.226 1.677
48 11 0.059 0.423 1.606
48 12 0.028 0.479 1.589
48 13 0.094 -0.048 1.995
48 14 0.100 -0.462 2.027
48 15 0.084 -0.771 2.025
48 16 0.026 -0.806 1.959
48 17 0.220 -0.034 1.855
48 18 0.274 -0.442 1.935
48 19 0.307 -0.745 1.955
48 20 0.270 -0.817 1.947
49 1 0.173 0.047 1.941
49 2 0.218 0.111 1.985
49 3 0.247 0.495 2.008
49 4 0.227 0.659 2.031
49 5 0.075 0.289 2.116
49 6 0.004 0.120 2.181
49 7 -0.024 0.245 1.931
49 8 -0.031 0.290 1.865
49 9 0.350 0.330 1.876
49 10 0.249 0.203 1.681
49 11 0.050 0.379 1.589
49 12 0.020 0.433 1.567
49 13 0.095 -0.048 1.994
49 14 0.100 -0.461 2.026
49 15 0.085 -0.771 2.025
49 16 0.026 -0.806 1.959
49 17 0.222 -0.035 1.855
49 18 0.274 -0.440 1.935
49 19 0.307 -0.745 1.955
49 20 0.272 -0.818 1.947
50 1 0.175 0.040 1.939
50 2 0.219 0.105 1.983
50 3 0.244 0.488 2.008
50 4 0.217 0.652 2.026
50 5 0.075 0.281 2.118
50 6 -0.008 0.095 2.116
50 7 -0.026 0.237 1.924
50 8 -0.035 0.280 1.856
50 9 0.350 0.330 1.876
50 10 0.281 0.170 1.698
50 11 0.062 0.340 1.586
50 12 0.032 0.394 1.562
50 13 0.098 -0.052 1.990
50 14 0.101 -0.463 2.027
50 15 0.085 -0.770 2.025
50 16 0.026 -0.806 1.959
50 17 0.224 -0.039 1.855
50 18 0.281 -0.463 1.941
50 19 0.307 -0.745 1.955
50 20 0.258 -0.796 1.912
51 1 0.179 0.019 1.937
51 2 0.221 0.087 1.981
51 3 0.241 0.479 2.008
51 4 0.200 0.638 2.022
51 5 0.098 0.326 2.105
51 6 -0.005 0.102 2.089
51 7 -0.035 0.231 1.870
51 8 -0.048 0.273 1.784
51 9 0.348 0.330 1.877
51 10 0.294 0.156 1.705
51 11 0.091 0.231 1.585
51 12 0.038 0.277 1.550
51 13 0.105 -0.059 1.983
51 14 0.101 -0.468 2.027
51 15 0.085 -0.770 2.025
51 16 0.026 -0.806 1.959
51 17 0.226 -0.047 1.862
51 18 0.284 -0.473 1.943
51 19 0.307 -0.745 1.955
51 20 0.263 -0.799 1.915
52 1 0.179 0.015 1.937
52 2 0.221 0.081 1.981
52 3 0.239 0.473 2.009
52 4 0.191 0.632 2.020
52 5 0.100 0.334 2.103
52 6 -0.005 0.101 2.077
52 7 -0.038 0.228 1.852
52 8 -0.053 0.271 1.757
52 9 0.340 0.328 1.879
52 10 0.310 0.138 1.720
52 11 0.101 0.133 1.579
52 12 0.031 0.172 1.537
52 13 0.109 -0.061 1.979
52 14 0.102 -0.474 2.028
52 15 0.085 -0.770 2.025
52 16 0.026 -0.806 1.959
52 17 0.225 -0.049 1.869
52 18 0.286 -0.480 1.944
52 19 0.307 -0.745 1.955
52 20 0.269 -0.804 1.920
53 1 0.180 0.012 1.937
53 2 0.221 0.078 1.981
53 3 0.237 0.469 2.009
53 4 0.186 0.628 2.019
53 5 0.100 0.339 2.102
53 6 0.002 0.130 2.040
53 7 -0.037 0.205 1.828
53 8 -0.044 0.250 1.756
53 9 0.333 0.325 1.881
53 10 0.319 0.126 1.730
53 11 0.112 0.036 1.582
53 12 0.031 0.037 1.533
53 13 0.112 -0.062 1.977
53 14 0.102 -0.478 2.029
53 15 0.085 -0.770 2.025
53 16 0.026 -0.806 1.959
53 17 0.225 -0.051 1.874
53 18 0.288 -0.483 1.945
53 19 0.307 -0.745 1.955
53 20 0.274 -0.808 1.926
54 1 0.181 0.009 1.937
54 2 0.221 0.072 1.981
54 3 0.228 0.412 1.999
54 4 0.180 0.622 2.018
54 5 0.096 0.339 2.101
54 6 0.008 0.122 2.034
54 7 -0.035 0.195 1.821
54 8 -0.039 0.227 1.760
54 9 0.327 0.323 1.883
54 10 0.329 0.112 1.743
54 11 0.133 -0.056 1.597
54 12 0.049 -0.090 1.543
54 13 0.115 -0.064 1.974
54 14 0.103 -0.483 2.030
54 15 0.085 -0.770 2.025
54 16 0.026 -0.806 1.959
54 17 0.224 -0.053 1.878
54 18 0.289 -0.485 1.945
54 19 0.308 -0.745 1.955
54 20 0.277 -0.812 1.930
55 1 0.181 0.007 1.937
55 2 0.221 0.069 1.981
55 3 0.224 0.420 1.999
55 4 0.171 0.631 2.017
55 5 0.090 0.336 2.101
55 6 0.011 0.113 2.035
55 7 -0.027 0.166 1.833
55 8 -0.035 0.201 1.784
55 9 0.323 0.321 1.883
55 10 0.338 0.099 1.758
55 11 0.205 -0.087 1.663
55 12 0.150 -0.145 1.622
55 13 0.117 -0.065 1.972
55 14 0.103 -0.487 2.031
55 15 0.086 -0.770 2.025
55 16 0.027 -0.806 1.959
55 17 0.223 -0.054 1.881
55 18 0.289 -0.487 1.946
55 19 0.308 -0.745 1.955
55 20 0.280 -0.814 1.934
56 1 0.180 0.005 1.937
56 2 0.220 0.066 1.981
56 3 0.222 0.426 1.999
56 4 0.166 0.637 2.016
56 5 0.085 0.332 2.100
56 6 0.015 0.102 2.039
56 7 -0.023 0.147 1.837
56 8 -0.038 0.164 1.791
56 9 0.320 0.320 1.884
56 10 0.343 0.082 1.771
56 11 0.240 -0.183 1.691
56 12 0.201 -0.265 1.659
56 13 0.117 -0.066 1.971
56 14 0.103 -0.489 2.031
56 15 0.086 -0.770 2.025
56 16 0.027 -0.806 1.959
56 17 0.222 -0.056 1.883
56 18 0.290 -0.488 1.946
56 19 0.308 -0.745 1.955
56 20 0.282 -0.816 1.937
57 1 0.179 0.004 1.938
57 2 0.219 0.065 1.981
57 3 0.221 0.435 1.999
57 4 0.161 0.638 2.014
57 5 0.080 0.328 2.100
57 6 0.029 0.089 2.022
57 7 -0.021 0.135 1.831
57 8 -0.043 0.156 1.793
57 9 0.317 0.318 1.884
57 10 0.346 0.072 1.779
57 11 0.293 -0.209 1.734
57 12 0.285 -0.282 1.720
57 13 0.117 -0.067 1.970
57 14 0.103 -0.491 2.031
57 15 0.086 -0.770 2.025
57 16 0.027 -0.806 1.959
57 17 0.221 -0.057 1.884
57 18 0.290 -0.488 1.946
57 19 0.308 -0.745 1.955
57 20 0.284 -0.818 1.939
58 1 0.178 0.003 1.937
58 2 0.218 0.064 1.981
58 3 0.221 0.441 1.999
58 4 0.158 0.638 2.011
58 5 0.076 0.325 2.100
58 6 0.036 0.083 2.014
58 7 -0.020 0.119 1.823
58 8 -0.045 0.153 1.800
58 9 0.315 0.317 1.884
58 10 0.348 0.064 1.786
58 11 0.339 -0.192 1.777
58 12 0.359 -0.279 1.781
58 13 0.115 -0.068 1.969
58 14 0.104 -0.492 2.032
58 15 0.086 -0.770 2.025
58 16 0.027 -0.806 1.959
58 17 0.220 -0.059 1.885
58 18 0.290 -0.488 1.946
58 19 0.309 -0.745 1.956
58 20 0.285 -0.819 1.941
59 1 0.176 0.002 1.937
59 2 0.216 0.063 1.980
59 3 0.220 0.446 1.998
59 4 0.154 0.638 2.005
59 5 0.072 0.322 2.099
59 6 0.039 0.080 2.010
59 7 -0.018 0.109 1.816
59 8 -0.037 0.154 1.804
59 9 0.314 0.315 1.884
59 10 0.360 0.049 1.812
59 11 0.394 -0.203 1.818
59 12 0.425 -0.284 1.836
59 13 0.114 -0.069 1.969
59 14 0.104 -0.493 2.032
59 15 0.086 -0.770 2.025
59 16 0.027 -0.806 1.959
59 17 0.218 -0.060 1.885
59 18 0.293 -0.492 1.946
59 19 0.309 -0.745 1.956
59 20 0.267 -0.797 1.910
60 1 0.175 0.002 1.937
60 2 0.215 0.063 1.980
60 3 0.219 0.449 1.997
60 4 0.150 0.636 1.998
60 5 0.069 0.319 2.098
60 6 0.042 0.078 2.007
60 7 -0.017 0.102 1.813
60 8 -0.024 0.157 1.801
60 9 0.312 0.314 1.883
60 10 0.369 0.042 1.826
60 11 0.432 -0.192 1.848
60 12 0.468 -0.267 1.874
60 13 0.112 -0.069 1.968
60 14 0.104 -0.494 2.032
60 15 0.086 -0.770 2.025
60 16 0.028 -0.806 1.959
60 17 0.218 -0.062 1.884
60 18 0.294 -0.495 1.947
60 19 0.309 -0.745 1.956
60 20 0.258 -0.786 1.895
61 1 0.174 0.001 1.937
61 2 0.214 0.063 1.979
61 3 0.218 0.451 1.995
61 4 0.144 0.631 1.986
61 5 0.066 0.317 2.097
61 6 0.043 0.077 2.006
61 7 -0.016 0.098 1.810
61 8 -0.013 0.158 1.797
61 9 0.311 0.312 1.883
61 10 0.386 0.042 1.841
61 11 0.455 -0.183 1.868
61 12 0.489 -0.256 1.895
61 13 0.111 -0.070 1.968
61 14 0.104 -0.494 2.032
61 15 0.086 -0.770 2.026
61 16 0.028 -0.806 1.959
61 17 0.217 -0.063 1.884
61 18 0.295 -0.498 1.946
61 19 0.309 -0.745 1.956
61 20 0.253 -0.781 1.888
62 1 0.173 0.001 1.936
62 2 0.213 0.063 1.979
62 3 0.217 0.452 1.993
62 4 0.140 0.627 1.976
62 5 0.064 0.314 2.096
62 6 0.044 0.077 2.005
62 7 -0.015 0.095 1.808
62 8 -0.003 0.159 1.791
62 9 0.311 0.311 1.882
62 10 0.405 0.047 1.853
62 11 0.474 -0.177 1.885
62 12 0.501 -0.249 1.914
62 13 0.110 -0.070 1.967
62 14 0.104 -0.495 2.032
62 15 0.087 -0.769 2.026
62 16 0.028 -0.806 1.959
62 17 0.217 -0.064 1.883
62 18 0.296 -0.500 1.946
62 19 0.309 -0.746 1.956
62 20 0.251 -0.778 1.883
63 1 0.173 0.001 1.936
63 2 0.212 0.063 1.979
63 3 0.216 0.453 1.991
63 4 0.137 0.624 1.969
63 5 0.062 0.312 2.094
63 6 0.044 0.078 2.004
63 7 -0.013 0.093 1.807
63 8 0.002 0.158 1.783
63 9 0.310 0.310 1.881
63 10 0.422 0.054 1.862
63 11 0.481 -0.171 1.894
63 12 0.502 -0.242 1.922
63 13 0.109 -0.071 1.967
63 14 0.104 -0.495 2.032
63 15 0.087 -0.769 2.026
63 16 0.028 -0.805 1.959
63 17 0.217 -0.065 1.882
63 18 0.296 -0.502 1.946
63 19 0.309 -0.746 1.956
63 20 0.260 -0.795 1.908
64 1 0.172 0.001 1.936
64 2 0.211 0.064 1.978
64 3 0.215 0.453 1.988
64 4 0.135 0.622 1.963
64 5 0.059 0.309 2.092
64 6 0.044 0.080 2.004
64 7 -0.012 0.092 1.805
64 8 0.005 0.149 1.765
64 9 0.310 0.310 1.881
64 10 0.433 0.059 1.867
64 11 0.484 -0.165 1.898
64 12 0.501 -0.232 1.926
64 13 0.109 -0.071 1.967
64 14 0.104 -0.495 2.032
64 15 0.087 -0.769 2.026
64 16 0.029 -0.805 1.959
64 17 0.217 -0.066 1.882
64 18 0.296 -0.504 1.946
64 19 0.310 -0.746 1.956
64 20 0.267 -0.806 1.922
65 1 0.172 0.001 1.936
65 2 0.211 0.064 1.978
65 3 0.213 0.452 1.985
65 4 0.133 0.620 1.957
65 5 0.057 0.307 2.090
65 6 0.043 0.080 2.002
65 7 -0.012 0.094 1.801
65 8 0.003 0.143 1.747
65 9 0.310 0.309 1.880
65 10 0.439 0.062 1.870
65 11 0.481 -0.161 1.898
65 12 0.489 -0.225 1.919
65 13 0.109 -0.071 1.967
65 14 0.104 -0.495 2.032
65 15 0.087 -0.769 2.026
65 16 0.029 -0.805 1.959
65 17 0.218 -0.066 1.881
65 18 0.296 -0.505 1.946
65 19 0.310 -0.746 1.956
65 20 0.271 -0.812 1.931
66 1 0.172 0.001 1.935
66 2 0.210 0.064 1.978
66 3 0.212 0.451 1.983
66 4 0.132 0.618 1.952
66 5 0.055 0.305 2.087
66 6 0.042 0.080 2.001
66 7 -0.012 0.095 1.797
66 8 0.002 0.142 1.739
66 9 0.311 0.309 1.880
66 10 0.443 0.064 1.872
66 11 0.476 -0.158 1.896
66 12 0.479 -0.221 1.910
66 13 0.108 -0.071 1.967
66 14 0.104 -0.495 2.032
66 15 0.087 -0.769 2.026
66 16 0.030 -0.806 1.958
66 17 0.219 -0.067 1.881
66 18 0.296 -0.506 1.946
66 19 0.310 -0.746 1.956
66 20 0.274 -0.817 1.936
67 1 0.172 0.001 1.935
67 2 0.210 0.065 1.978
67 3 0.211 0.450 1.981
67 4 0.131 0.617 1.948
67 5 0.054 0.303 2.085
67 6 0.041 0.080 1.999
67 7 -0.012 0.096 1.793
67 8 0.002 0.140 1.734
67 9 0.311 0.308 1.879
67 10 0.446 0.066 1.873
67 11 0.469 -0.158 1.891
67 12 0.469 -0.220 1.893
67 13 0.108 -0.071 1.967
67 14 0.104 -0.495 2.032
67 15 0.087 -0.769 2.026
67 16 0.030 -0.806 1.958
67 17 0.221 -0.067 1.880
67 18 0.294 -0.504 1.947
67 19 0.310 -0.746 1.956
67 20 0.276 -0.819 1.940
68 1 0.172 0.001 1.935
68 2 0.209 0.066 1.977
68 3 0.210 0.449 1.979
68 4 0.131 0.616 1.944
68 5 0.052 0.302 2.082
68 6 0.040 0.080 1.997
68 7 -0.012 0.097 1.790
68 8 0.002 0.132 1.725
68 9 0.312 0.308 1.879
68 10 0.447 0.067 1.873
68 11 0.461 -0.158 1.882
68 12 0.416 -0.211 1.844
68 13 0.108 -0.072 1.967
68 14 0.104 -0.495 2.032
68 15 0.087 -0.769 2.026
68 16 0.031 -0.806 1.957
68 17 0.222 -0.068 1.880
68 18 0.294 -0.504 1.947
68 19 0.310 -0.746 1.956
68 20 0.278 -0.821 1.943
69 1 0.172 0.001 1.935
69 2 0.209 0.066 1.977
69 3 0.209 0.448 1.977
69 4 0.131 0.615 1.941
69 5 0.050 0.301 2.078
69 6 0.039 0.080 1.995
69 7 -0.012 0.098 1.787
69 8 0.004 0.115 1.716
69 9 0.313 0.308 1.879
69 10 0.446 0.068 1.871
69 11 0.450 -0.161 1.864
69 12 0.382 -0.209 1.811
69 13 0.108 -0.072 1.967
69 14 0.103 -0.495 2.032
69 15 0.087 -0.769 2.026
69 16 0.032 -0.806 1.957
69 17 0.223 -0.068 1.880
69 18 0.294 -0.504 1.947
69 19 0.310 -0.746 1.957
69 20 0.279 -0.823 1.945
70 1 0.172 0.002 1.934
70 2 0.209 0.067 1.977
70 3 0.209 0.447 1.976
70 4 0.131 0.614 1.938
70 5 0.048 0.301 2.074
70 6 0.037 0.080 1.993
70 7 -0.012 0.098 1.784
70 8 0.006 0.098 1.710
70 9 0.314 0.308 1.878
70 10 0.444 0.069 1.869
70 11 0.437 -0.165 1.845
70 12 0.368 -0.208 1.797
70 13 0.108 -0.072 1.966
70 14 0.103 -0.494 2.031
70 15 0.087 -0.769 2.026
70 16 0.033 -0.806 1.956
70 17 0.225 -0.068 1.879
70 18 0.294 -0.504 1.947
70 19 0.311 -0.747 1.957
70 20 0.280 -0.824 1.946
71 1 0.172 0.002 1.934
71 2 0.208 0.067 1.977
71 3 0.208 0.446 1.974
71 4 0.131 0.613 1.936
71 5 0.046 0.301 2.071
71 6 0.036 0.080 1.990
71 7 -0.012 0.099 1.781
71 8 0.012 0.084 1.709
71 9 0.315 0.308 1.878
71 10 0.441 0.068 1.867
71 11 0.399 -0.163 1.808
71 12 0.358 -0.210 1.786
71 13 0.107 -0.071 1.966
71 14 0.103 -0.493 2.030
71 15 0.087 -0.769 2.026
71 16 0.033 -0.807 1.955
71 17 0.226 -0.068 1.879
71 18 0.294 -0.503 1.946
71 19 0.311 -0.747 1.957
71 20 0.281 -0.825 1.947
72 1 0.172 0.003 1.933
72 2 0.208 0.068 1.976
72 3 0.207 0.444 1.972
72 4 0.131 0.612 1.934
72 5 0.044 0.301 2.067
72 6 0.034 0.080 1.988
72 7 -0.011 0.099 1.778
72 8 0.017 0.076 1.709
72 9 0.316 0.308 1.878
72 10 0.438 0.068 1.863
72 11 0.385 -0.162 1.793
72 12 0.352 -0.212 1.778
72 13 0.107 -0.071 1.965
72 14 0.103 -0.492 2.029
72 15 0.087 -0.769 2.026
72 16 0.034 -0.807 1.954
72 17 0.227 -0.068 1.879
72 18 0.294 -0.503 1.946
72 19 0.311 -0.747 1.957
72 20 0.281 -0.825 1.948
73 1 0.172 0.003 1.932
73 2 0.207 0.069 1.975
73 3 0.206 0.443 1.970
73 4 0.130 0.612 1.932
73 5 0.042 0.301 2.065
73 6 0.032 0.080 1.985
73 7 -0.011 0.099 1.775
73 8 0.024 0.073 1.711
73 9 0.317 0.308 1.878
73 10 0.434 0.067 1.860
73 11 0.377 -0.161 1.784
73 12 0.347 -0.212 1.772
73 13 0.106 -0.071 1.963
73 14 0.102 -0.491 2.028
73 15 0.087 -0.770 2.025
73 16 0.035 -0.807 1.954
73 17 0.227 -0.067 1.879
73 18 0.294 -0.503 1.946
73 19 0.311 -0.747 1.957
73 20 0.279 -0.823 1.949
74 1 0.172 0.004 1.931
74 2 0.206 0.070 1.974
74 3 0.205 0.442 1.968
74 4 0.130 0.611 1.930
74 5 0.041 0.302 2.062
74 6 0.030 0.081 1.983
74 7 -0.010 0.098 1.773
74 8 0.029 0.071 1.713
74 9 0.318 0.308 1.878
74 10 0.431 0.066 1.856
74 11 0.370 -0.159 1.778
74 12 0.344 -0.212 1.768
74 13 0.105 -0.070 1.961
74 14 0.101 -0.490 2.026
74 15 0.086 -0.770 2.025
74 16 0.035 -0.807 1.953
74 17 0.228 -0.067 1.879
74 18 0.294 -0.503 1.946
74 19 0.311 -0.747 1.957
74 20 0.275 -0.821 1.951
75 1 0.171 0.005 1.929
75 2 0.204 0.071 1.973
75 3 0.204 0.441 1.966
75 4 0.129 0.611 1.928
75 5 0.039 0.302 2.059
75 6 0.028 0.081 1.981
75 7 -0.009 0.097 1.770
75 8 0.015 0.108 1.717
75 9 0.319 0.308 1.878
75 10 0.428 0.065 1.852
75 11 0.366 -0.157 1.774
75 12 0.341 -0.212 1.765
75 13 0.103 -0.069 1.959
75 14 0.100 -0.489 2.024
75 15 0.086 -0.770 2.025
75 16 0.036 -0.808 1.952
75 17 0.228 -0.067 1.878
75 18 0.294 -0.503 1.946
75 19 0.311 -0.747 1.957
75 20 0.272 -0.818 1.952
76 1 0.170 0.007 1.927
76 2 0.202 0.072 1.971
76 3 0.202 0.440 1.964
76 4 0.128 0.611 1.925
76 5 0.037 0.303 2.057
76 6 0.025 0.081 1.979
76 7 -0.008 0.095 1.768
76 8 0.000 0.122 1.715
76 9 0.319 0.308 1.878
76 10 0.426 0.064 1.849
76 11 0.362 -0.155 1.772
76 12 0.339 -0.212 1.763
76 13 0.101 -0.068 1.957
76 14 0.098 -0.486 2.020
76 15 0.085 -0.770 2.024
76 16 0.036 -0.808 1.951
76 17 0.228 -0.066 1.878
76 18 0.291 -0.498 1.943
76 19 0.311 -0.747 1.957
76 20 0.268 -0.816 1.953
77 1 0.168 0.008 1.925
77 2 0.199 0.073 1.969
77 3 0.199 0.439 1.961
77 4 0.124 0.610 1.920
77 5 0.035 0.304 2.054
77 6 0.022 0.081 1.978
77 7 -0.008 0.092 1.766
77 8 -0.006 0.137 1.723
77 9 0.319 0.308 1.877
77 10 0.423 0.064 1.846
77 11 0.360 -0.153 1.770
77 12 0.338 -0.212 1.761
77 13 0.098 -0.068 1.954
77 14 0.093 -0.484 2.015
77 15 0.084 -0.770 2.023
77 16 0.035 -0.808 1.949
77 17 0.227 -0.065 1.877
77 18 0.289 -0.495 1.941
77 19 0.311 -0.747 1.957
77 20 0.265 -0.814 1.953
78 1 0.166 0.009 1.923
78 2 0.196 0.074 1.966
78 3 0.196 0.438 1.957
78 4 0.119 0.608 1.915
78 5 0.031 0.304 2.051
78 6 0.018 0.081 1.976
78 7 -0.008 0.090 1.765
78 8 -0.021 0.145 1.729
78 9 0.319 0.309 1.877
78 10 0.421 0.064 1.843
78 11 0.358 -0.150 1.769
78 12 0.336 -0.212 1.759
78 13 0.095 -0.067 1.952
78 14 0.086 -0.481 2.008
78 15 0.081 -0.770 2.022
78 16 0.034 -0.808 1.947
78 17 0.226 -0.065 1.876
78 18 0.285 -0.490 1.938
78 19 0.311 -0.747 1.957
78 20 0.263 -0.812 1.953
79 1 0.162 0.010 1.920
79 2 0.191 0.075 1.964
79 3 0.189 0.437 1.953
79 4 0.112 0.607 1.910
79 5 0.027 0.303 2.047
79 6 0.014 0.082 1.975
79 7 -0.011 0.087 1.764
79 8 -0.010 0.142 1.735
79 9 0.317 0.309 1.875
79 10 0.417 0.063 1.840
79 11 0.356 -0.148 1.768
79 12 0.334 -0.213 1.757
79 13 0.091 -0.067 1.949
79 14 0.076 -0.479 1.999
79 15 0.076 -0.770 2.018
79 16 0.030 -0.808 1.943
79 17 0.223 -0.064 1.874
79 18 0.281 -0.484 1.935
79 19 0.311 -0.747 1.957
79 20 0.260 -0.811 1.952
80 1 0.158 0.011 1.918
80 2 0.186 0.076 1.961
80 3 0.182 0.436 1.948
80 4 0.102 0.606 1.905
80 5 0.021 0.303 2.045
80 6 0.008 0.081 1.973
80 7 -0.019 0.082 1.761
80 8 -0.044 0.100 1.717
80 9 0.314 0.310 1.873
80 10 0.414 0.064 1.836
80 11 0.352 -0.146 1.767
80 12 0.332 -0.213 1.755
80 13 0.087 -0.067 1.947
80 14 0.066 -0.474 1.989
80 15 0.065 -0.769 2.011
80 16 0.020 -0.807 1.936
80 17 0.220 -0.063 1.872
80 18 0.276 -0.476 1.930
80 19 0.311 -0.747 1.957
80 20 0.259 -0.809 1.951
81 1 0.152 0.011 1.915
81 2 0.179 0.077 1.957
81 3 0.172 0.435 1.944
81 4 0.092 0.605 1.900
81 5 0.011 0.302 2.043
81 6 0.001 0.080 1.972
81 7 -0.027 0.078 1.760
81 8 -0.083 0.059 1.720
81 9 0.306 0.310 1.868
81 10 0.408 0.064 1.832
81 11 0.347 -0.144 1.766
81 12 0.328 -0.214 1.752
81 13 0.081 -0.067 1.945
81 14 0.057 -0.470 1.982
81 15 0.049 -0.767 2.003
81 16 0.004 -0.805 1.928
81 17 0.214 -0.062 1.870
81 18 0.272 -0.471 1.927
81 19 0.310 -0.746 1.956
81 20 0.257 -0.809 1.951
82 1 0.144 0.012 1.912
82 2 0.170 0.078 1.953
82 3 0.156 0.434 1.938
82 4 0.077 0.603 1.896
82 5 -0.002 0.303 2.041
82 6 -0.008 0.079 1.970
82 7 -0.041 0.074 1.758
82 8 -0.088 0.015 1.724
82 9 0.294 0.311 1.863
82 10 0.399 0.065 1.827
82 11 0.343 -0.143 1.764
82 12 0.325 -0.214 1.750
82 13 0.075 -0.067 1.942
82 14 0.050 -0.468 1.977
82 15 0.026 -0.763 1.993
82 16 -0.019 -0.801 1.918
82 17 0.208 -0.061 1.867
82 18 0.267 -0.466 1.924
82 19 0.309 -0.746 1.956
82 20 0.256 -0.808 1.951
83 1 0.136 0.013 1.908
83 2 0.161 0.079 1.949
83 3 0.141 0.433 1.934
83 4 0.052 0.601 1.893
83 5 -0.018 0.299 2.039
83 6 -0.019 0.077 1.967
83 7 -0.051 0.070 1.755
83 8 -0.096 0.001 1.723
83 9 0.280 0.312 1.859
83 10 0.389 0.067 1.821
83 11 0.337 -0.142 1.762
83 12 0.321 -0.214 1.747
83 13 0.068 -0.067 1.940
83 14 0.044 -0.466 1.973
83 15 0.007 -0.760 1.985
83 16 -0.038 -0.798 1.910
83 17 0.200 -0.060 1.863
83 18 0.263 -0.461 1.922
83 19 0.309 -0.746 1.955
83 20 0.255 -0.808 1.950
84 1 0.126 0.013 1.905
84 2 0.150 0.079 1.945
84 3 0.125 0.432 1.930
84 4 0.034 0.600 1.891
84 5 -0.035 0.294 2.036
84 6 -0.031 0.074 1.966
84 7 -0.070 0.064 1.757
84 8 -0.104 -0.005 1.720
84 9 0.266 0.313 1.854
84 10 0.379 0.070 1.817
84 11 0.330 -0.141 1.760
84 12 0.317 -0.214 1.744
84 13 0.060 -0.068 1.937
84 14 0.039 -0.464 1.970
84 15 -0.005 -0.757 1.980
84 16 -0.050 -0.796 1.904
84 17 0.192 -0.060 1.859
84 18 0.259 -0.458 1.920
84 19 0.307 -0.745 1.955
84 20 0.255 -0.807 1.950
85 1 0.114 0.013 1.901
85 2 0.136 0.079 1.941
85 3 0.105 0.431 1.927
85 4 0.013 0.598 1.891
85 5 -0.049 0.291 2.035
85 6 -0.038 0.072 1.966
85 7 -0.081 0.061 1.759
85 8 -0.111 -0.008 1.720
85 9 0.251 0.315 1.851
85 10 0.367 0.072 1.813
85 11 0.321 -0.139 1.756
85 12 0.312 -0.213 1.740
85 13 0.048 -0.070 1.934
85 14 0.034 -0.463 1.968
85 15 -0.012 -0.755 1.976
85 16 -0.057 -0.794 1.901
85 17 0.181 -0.060 1.854
85 18 0.254 -0.456 1.918
85 19 0.306 -0.745 1.954
85 20 0.254 -0.807 1.950
86 1 0.099 0.012 1.897
86 2 0.121 0.078 1.937
86 3 0.083 0.429 1.925
86 4 -0.020 0.589 1.891
86 5 -0.067 0.288 2.034
86 6 -0.047 0.068 1.967
86 7 -0.093 0.059 1.762
86 8 -0.116 -0.009 1.721
86 9 0.232 0.316 1.849
86 10 0.353 0.075 1.809
86 11 0.315 -0.139 1.754
86 12 0.306 -0.213 1.736
86 13 0.035 -0.073 1.931
86 14 0.028 -0.463 1.967
86 15 -0.017 -0.754 1.974
86 16 -0.062 -0.793 1.899
86 17 0.168 -0.061 1.849
86 18 0.248 -0.455 1.916
86 19 0.303 -0.744 1.952
86 20 0.253 -0.807 1.950
87 1 0.085 0.010 1.894
87 2 0.105 0.077 1.934
87 3 0.066 0.428 1.924
87 4 -0.039 0.585 1.891
87 5 -0.084 0.284 2.032
87 6 -0.057 0.065 1.969
87 7 -0.106 0.058 1.764
87 8 -0.118 -0.008 1.722
87 9 0.216 0.317 1.848
87 10 0.338 0.078 1.807
87 11 0.309 -0.138 1.751
87 12 0.299 -0.213 1.732
87 13 0.021 -0.075 1.927
87 14 0.020 -0.462 1.966
87 15 -0.020 -0.754 1.972
87 16 -0.065 -0.793 1.897
87 17 0.156 -0.062 1.845
87 18 0.240 -0.455 1.915
87 19 0.300 -0.743 1.951
87 20 0.253 -0.807 1.949
88 1 0.068 0.010 1.891
88 2 0.088 0.076 1.931
88 3 0.047 0.427 1.923
88 4 -0.054 0.584 1.891
88 5 -0.102 0.281 2.030
88 6 -0.070 0.062 1.970
88 7 -0.116 0.059 1.765
88 8 -0.122 -0.005 1.722
88 9 0.198 0.318 1.848
88 10 0.323 0.081 1.805
88 11 0.301 -0.138 1.748
88 12 0.292 -0.213 1.728
88 13 0.004 -0.077 1.924
88 14 0.010 -0.461 1.964
88 15 -0.023 -0.753 1.971
88 16 -0.068 -0.792 1.896
88 17 0.140 -0.062 1.841
88 18 0.218 -0.454 1.912
88 19 0.294 -0.741 1.948
88 20 0.253 -0.808 1.948
89 1 0.052 0.010 1.889
89 2 0.072 0.076 1.930
89 3 0.030 0.428 1.923
89 4 -0.071 0.584 1.890
89 5 -0.119 0.280 2.029
89 6 -0.085 0.060 1.969
89 7 -0.126 0.059 1.764
89 8 -0.128 -0.002 1.723
89 9 0.181 0.319 1.848
89 10 0.307 0.083 1.805
89 11 0.291 -0.139 1.745
89 12 0.283 -0.212 1.725
89 13 -0.011 -0.078 1.922
89 14 -0.001 -0.460 1.963
89 15 -0.024 -0.753 1.970
89 16 -0.070 -0.792 1.895
89 17 0.124 -0.062 1.838
89 18 0.205 -0.454 1.910
89 19 0.287 -0.739 1.946
89 20 0.253 -0.809 1.946
90 1 0.038 0.011 1.887
90 2 0.058 0.077 1.929
90 3 0.014 0.429 1.923
90 4 -0.084 0.585 1.891
90 5 -0.139 0.281 2.028
90 6 -0.103 0.060 1.969
90 7 -0.134 0.060 1.763
90 8 -0.147 0.004 1.724
90 9 0.166 0.320 1.848
90 10 0.292 0.084 1.805
90 11 0.279 -0.139 1.742
90 12 0.272 -0.212 1.723
90 13 -0.026 -0.078 1.919
90 14 -0.013 -0.459 1.961
90 15 -0.026 -0.752 1.969
90 16 -0.071 -0.792 1.894
90 17 0.111 -0.061 1.835
90 18 0.197 -0.454 1.909
90 19 0.280 -0.738 1.944
90 20 0.254 -0.810 1.943
91 1 0.022 0.014 1.885
91 2 0.042 0.080 1.928
91 3 0.001 0.430 1.924
91 4 -0.096 0.586 1.890
91 5 -0.153 0.283 2.026
91 6 -0.119 0.060 1.968
91 7 -0.141 0.060 1.761
91 8 -0.177 0.012 1.734
91 9 0.154 0.321 1.849
91 10 0.277 0.086 1.807
91 11 0.267 -0.139 1.741
91 12 0.257 -0.210 1.721
91 13 -0.042 -0.076 1.917
91 14 -0.023 -0.459 1.960
91 15 -0.027 -0.752 1.968
91 16 -0.072 -0.791 1.893
91 17 0.094 -0.057 1.833
91 18 0.189 -0.455 1.906
91 19 0.271 -0.737 1.940
91 20 0.231 -0.788 1.890
92 1 0.009 0.016 1.884
92 2 0.029 0.081 1.928
92 3 -0.012 0.432 1.926
92 4 -0.106 0.588 1.890
92 5 -0.169 0.283 2.024
92 6 -0.133 0.060 1.966
92 7 -0.146 0.061 1.758
92 8 -0.212 0.041 1.746
92 9 0.140 0.323 1.850
92 10 0.263 0.088 1.808
92 11 0.253 -0.135 1.742
92 12 0.241 -0.209 1.722
92 13 -0.055 -0.074 1.915
92 14 -0.031 -0.459 1.958
92 15 -0.028 -0.752 1.968
92 16 -0.073 -0.791 1.892
92 17 0.081 -0.055 1.831
92 18 0.181 -0.457 1.903
92 19 0.262 -0.735 1.936
92 20 0.210 -0.787 1.893
93 1 -0.004 0.018 1.882
93 2 0.015 0.083 1.927
93 3 -0.025 0.434 1.928
93 4 -0.118 0.590 1.889
93 5 -0.180 0.283 2.022
93 6 -0.147 0.061 1.963
93 7 -0.154 0.063 1.754
93 8 -0.190 0.068 1.706
93 9 0.129 0.325 1.851
93 10 0.249 0.089 1.811
93 11 0.237 -0.135 1.744
93 12 0.226 -0.208 1.724
93 13 -0.070 -0.072 1.912
93 14 -0.038 -0.459 1.958
93 15 -0.030 -0.752 1.967
93 16 -0.074 -0.791 1.892
93 17 0.068 -0.053 1.830
93 18 0.173 -0.461 1.898
93 19 0.254 -0.734 1.933
93 20 0.202 -0.787 1.894
94 1 -0.017 0.019 1.881
94 2 0.003 0.083 1.927
94 3 -0.036 0.435 1.930
94 4 -0.129 0.592 1.889
94 5 -0.192 0.283 2.020
94 6 -0.162 0.062 1.960
94 7 -0.163 0.066 1.750
94 8 -0.227 0.086 1.722
94 9 0.118 0.327 1.852
94 10 0.237 0.090 1.813
94 11 0.221 -0.135 1.745
94 12 0.209 -0.206 1.726
94 13 -0.083 -0.071 1.908
94 14 -0.045 -0.461 1.957
94 15 -0.031 -0.751 1.967
94 16 -0.075 -0.790 1.891
94 17 0.056 -0.051 1.829
94 18 0.164 -0.464 1.893
94 19 0.247 -0.733 1.929
94 20 0.195 -0.788 1.896
95 1 -0.027 0.019 1.878
95 2 -0.008 0.084 1.925
95 3 -0.046 0.437 1.931
95 4 -0.137 0.593 1.888
95 5 -0.203 0.283 2.018
95 6 -0.177 0.064 1.957
95 7 -0.172 0.069 1.746
95 8 -0.206 0.093 1.694
95 9 0.106 0.328 1.853
95 10 0.226 0.091 1.815
95 11 0.208 -0.131 1.748
95 12 0.196 -0.204 1.728
95 13 -0.094 -0.070 1.903
95 14 -0.051 -0.462 1.957
95 15 -0.032 -0.750 1.967
95 16 -0.076 -0.789 1.891
95 17 0.045 -0.050 1.827
95 18 0.154 -0.466 1.888
95 19 0.241 -0.731 1.926
95 20 0.189 -0.791 1.902
96 1 -0.036 0.020 1.876
96 2 -0.017 0.084 1.924
96 3 -0.053 0.438 1.932
96 4 -0.144 0.594 1.889
96 5 -0.212 0.282 2.015
96 6 -0.189 0.065 1.955
96 7 -0.182 0.073 1.743
96 8 -0.200 0.096 1.680
96 9 0.098 0.329 1.854
96 10 0.215 0.091 1.817
96 11 0.196 -0.131 1.749
96 12 0.183 -0.203 1.729
96 13 -0.103 -0.069 1.899
96 14 -0.058 -0.464 1.957
96 15 -0.034 -0.750 1.966
96 16 -0.077 -0.789 1.890
96 17 0.036 -0.048 1.825
96 18 0.146 -0.469 1.883
96 19 0.236 -0.730 1.922
96 20 0.186 -0.792 1.904
97 1 -0.044 0.020 1.873
97 2 -0.025 0.084 1.922
97 3 -0.060 0.438 1.933
97 4 -0.151 0.595 1.889
97 5 -0.221 0.282 2.012
97 6 -0.201 0.067 1.953
97 7 -0.191 0.076 1.740
97 8 -0.197 0.096 1.672
97 9 0.090 0.330 1.854
97 10 0.206 0.091 1.818
97 11 0.182 -0.130 1.749
97 12 0.170 -0.202 1.729
97 13 -0.110 -0.069 1.895
97 14 -0.064 -0.465 1.956
97 15 -0.035 -0.749 1.966
97 16 -0.078 -0.788 1.890
97 17 0.028 -0.047 1.823
97 18 0.140 -0.473 1.878
97 19 0.230 -0.729 1.919
97 20 0.183 -0.792 1.905
98 1 -0.051 0.021 1.870
98 2 -0.032 0.084 1.920
98 3 -0.068 0.439 1.933
98 4 -0.159 0.595 1.889
98 5 -0.231 0.282 2.009
98 6 -0.211 0.069 1.951
98 7 -0.201 0.078 1.737
98 8 -0.198 0.096 1.665
98 9 0.084 0.331 1.855
98 10 0.198 0.091 1.819
98 11 0.172 -0.127 1.750
98 12 0.161 -0.201 1.729
98 13 -0.118 -0.069 1.890
98 14 -0.070 -0.467 1.955
98 15 -0.037 -0.748 1.966
98 16 -0.079 -0.786 1.889
98 17 0.021 -0.046 1.820
98 18 0.135 -0.476 1.875
98 19 0.226 -0.728 1.916
98 20 0.181 -0.793 1.905
99 1 -0.058 0.021 1.867
99 2 -0.040 0.084 1.917
99 3 -0.076 0.440 1.933
99 4 -0.165 0.596 1.889
99 5 -0.240 0.282 2.007
99 6 -0.220 0.071 1.949
99 7 -0.217 0.082 1.721
99 8 -0.208 0.092 1.642
99 9 0.078 0.331 1.855
99 10 0.191 0.090 1.820
99 11 0.165 -0.126 1.750
99 12 0.153 -0.201 1.728
99 13 -0.125 -0.069 1.886
99 14 -0.076 -0.468 1.954
99 15 -0.040 -0.746 1.966
99 16 -0.081 -0.785 1.888
99 17 0.015 -0.045 1.818
99 18 0.130 -0.478 1.872
99 19 0.221 -0.727 1.912
99 20 0.171 -0.790 1.904
100 1 -0.064 0.022 1.864
100 2 -0.046 0.084 1.915
100 3 -0.082 0.440 1.933
100 4 -0.171 0.596 1.889
100 5 -0.247 0.281 2.004
100 6 -0.228 0.073 1.948
100 7 -0.225 0.086 1.720
100 8 -0.236 0.053 1.683
100 9 0.072 0.331 1.855
100 10 0.185 0.090 1.820
100 11 0.158 -0.126 1.749
100 12 0.145 -0.200 1.727
100 13 -0.131 -0.069 1.882
100 14 -0.082 -0.469 1.952
100 15 -0.042 -0.745 1.965
100 16 -0.082 -0.783 1.887
100 17 0.009 -0.044 1.815
100 18 0.126 -0.479 1.869
100 19 0.218 -0.726 1.910
100 20 0.163 -0.786 1.901
101 1 -0.070 0.022 1.861
101 2 -0.052 0.085 1.912
101 3 -0.089 0.441 1.932
101 4 -0.177 0.597 1.888
101 5 -0.256 0.281 2.002
101 6 -0.234 0.074 1.946
101 7 -0.231 0.089 1.720
101 8 -0.237 0.067 1.676
101 9 0.067 0.331 1.854
101 10 0.179 0.090 1.820
101 11 0.153 -0.127 1.748
101 12 0.140 -0.200 1.726
101 13 -0.137 -0.069 1.878
101 14 -0.087 -0.469 1.950
101 15 -0.045 -0.743 1.964
101 16 -0.084 -0.781 1.886
101 17 0.004 -0.043 1.812
101 18 0.118 -0.477 1.863
101 19 0.214 -0.725 1.907
101 20 0.158 -0.785 1.900
