1 1 0.086 -0.421 2.611
1 2 0.069 -0.392 2.657
1 3 0.027 -0.161 2.691
1 4 0.017 0.039 2.681
1 5 -0.148 -0.266 2.650
1 6 -0.210 -0.472 2.587
1 7 -0.118 -0.267 2.607
1 8 -0.080 -0.236 2.561
1 9 0.208 -0.224 2.701
1 10 0.382 -0.091 2.623
1 11 0.218 0.030 2.700
1 12 0.184 0.076 2.726
1 13 0.017 -0.503 2.566
1 14 -0.071 -0.606 2.177
1 15 -0.070 -0.802 2.035
1 16 -0.028 -0.829 2.014
1 17 0.209 -0.485 2.613
1 18 0.217 -0.610 2.175
1 19 0.245 -0.801 2.025
1 20 0.212 -0.781 1.982
2 1 0.085 -0.415 2.604
2 2 0.072 -0.389 2.654
2 3 0.027 -0.161 2.691
2 4 0.017 0.041 2.681
2 5 -0.147 -0.265 2.650
2 6 -0.209 -0.471 2.588
2 7 -0.114 -0.262 2.604
2 8 -0.078 -0.226 2.568
2 9 0.209 -0.222 2.698
2 10 0.382 -0.091 2.626
2 11 0.219 0.022 2.703
2 12 0.185 0.070 2.730
2 13 -0.000 -0.488 2.544
2 14 -0.071 -0.606 2.178
2 15 -0.102 -0.817 2.018
2 16 -0.084 -0.852 1.971
2 17 0.193 -0.478 2.588
2 18 0.217 -0.611 2.174
2 19 0.243 -0.802 2.025
2 20 0.225 -0.757 2.004
3 1 0.083 -0.410 2.597
3 2 0.072 -0.386 2.650
3 3 0.028 -0.160 2.689
3 4 0.017 0.045 2.679
3 5 -0.147 -0.265 2.650
3 6 -0.207 -0.471 2.588
3 7 -0.109 -0.274 2.583
3 8 -0.071 -0.229 2.551
3 9 0.210 -0.221 2.694
3 10 0.382 -0.093 2.628
3 11 0.231 0.001 2.690
3 12 0.192 0.055 2.724
3 13 -0.009 -0.481 2.534
3 14 -0.071 -0.606 2.178
3 15 -0.100 -0.830 2.015
3 16 -0.088 -0.867 1.959
3 17 0.184 -0.475 2.574
3 18 0.217 -0.612 2.173
3 19 0.241 -0.804 2.024
3 20 0.230 -0.746 2.013
4 1 0.085 -0.412 2.591
4 2 0.074 -0.386 2.645
4 3 0.029 -0.159 2.688
4 4 0.017 0.048 2.677
4 5 -0.145 -0.264 2.648
4 6 -0.206 -0.470 2.588
4 7 -0.140 -0.476 2.432
4 8 -0.166 -0.521 2.423
4 9 0.210 -0.220 2.690
4 10 0.382 -0.095 2.628
4 11 0.236 -0.007 2.688
4 12 0.196 0.045 2.722
4 13 0.001 -0.492 2.530
4 14 -0.071 -0.606 2.178
4 15 -0.098 -0.838 2.014
4 16 -0.090 -0.875 1.952
4 17 0.184 -0.478 2.570
4 18 0.218 -0.614 2.171
4 19 0.238 -0.806 2.020
4 20 0.236 -0.741 2.030
5 1 0.087 -0.414 2.588
5 2 0.077 -0.386 2.642
5 3 0.030 -0.158 2.685
5 4 0.016 0.052 2.674
5 5 -0.143 -0.263 2.647
5 6 -0.205 -0.470 2.588
5 7 -0.144 -0.511 2.402
5 8 -0.145 -0.545 2.361
5 9 0.210 -0.219 2.687
5 10 0.382 -0.097 2.629
5 11 0.237 -0.017 2.680
5 12 0.198 0.034 2.716
5 13 0.011 -0.499 2.529
5 14 -0.071 -0.606 2.178
5 15 -0.094 -0.844 2.014
5 16 -0.089 -0.880 1.947
5 17 0.187 -0.481 2.568
5 18 0.218 -0.616 2.169
5 19 0.235 -0.808 2.017
5 20 0.243 -0.740 2.037
6 1 0.088 -0.416 2.583
6 2 0.077 -0.387 2.638
6 3 0.032 -0.157 2.682
6 4 0.016 0.055 2.671
6 5 -0.140 -0.261 2.643
6 6 -0.204 -0.469 2.588
6 7 -0.262 -0.627 2.509
6 8 -0.296 -0.683 2.509
6 9 0.210 -0.219 2.684
6 10 0.382 -0.100 2.628
6 11 0.237 -0.023 2.676
6 12 0.200 0.026 2.711
6 13 0.012 -0.500 2.526
6 14 -0.071 -0.606 2.178
6 15 -0.089 -0.850 2.014
6 16 -0.086 -0.885 1.943
6 17 0.186 -0.485 2.566
6 18 0.218 -0.618 2.168
6 19 0.233 -0.809 2.015
6 20 0.247 -0.738 2.040
7 1 0.089 -0.418 2.581
7 2 0.078 -0.389 2.635
7 3 0.033 -0.156 2.679
7 4 0.016 0.057 2.669
7 5 -0.138 -0.259 2.639
7 6 -0.204 -0.469 2.589
7 7 -0.288 -0.692 2.516
7 8 -0.317 -0.758 2.510
7 9 0.210 -0.218 2.681
7 10 0.382 -0.102 2.627
7 11 0.238 -0.026 2.673
7 12 0.201 0.021 2.708
7 13 0.014 -0.502 2.525
7 14 -0.071 -0.606 2.177
7 15 -0.084 -0.853 2.013
7 16 -0.081 -0.888 1.939
7 17 0.188 -0.489 2.567
7 18 0.218 -0.619 2.167
7 19 0.232 -0.811 2.014
7 20 0.250 -0.738 2.042
8 1 0.088 -0.420 2.578
8 2 0.078 -0.389 2.632
8 3 0.034 -0.155 2.677
8 4 0.015 0.058 2.667
8 5 -0.136 -0.257 2.636
8 6 -0.203 -0.468 2.589
8 7 -0.297 -0.705 2.532
8 8 -0.319 -0.762 2.527
8 9 0.209 -0.218 2.679
8 10 0.383 -0.105 2.625
8 11 0.238 -0.029 2.670
8 12 0.202 0.017 2.704
8 13 0.010 -0.501 2.521
8 14 -0.071 -0.606 2.177
8 15 -0.080 -0.857 2.013
8 16 -0.077 -0.891 1.936
8 17 0.187 -0.491 2.567
8 18 0.218 -0.620 2.166
8 19 0.230 -0.812 2.012
8 20 0.252 -0.738 2.042
9 1 0.087 -0.420 2.576
9 2 0.077 -0.390 2.629
9 3 0.035 -0.154 2.674
9 4 0.015 0.059 2.665
9 5 -0.134 -0.256 2.634
9 6 -0.203 -0.468 2.589
9 7 -0.198 -0.582 2.436
9 8 -0.189 -0.610 2.384
9 9 0.209 -0.218 2.677
9 10 0.384 -0.108 2.623
9 11 0.238 -0.030 2.668
9 12 0.202 0.014 2.702
9 13 0.007 -0.500 2.518
9 14 -0.071 -0.606 2.177
9 15 -0.077 -0.860 2.013
9 16 -0.074 -0.894 1.935
9 17 0.187 -0.492 2.567
9 18 0.218 -0.621 2.165
9 19 0.230 -0.812 2.012
9 20 0.252 -0.740 2.039
10 1 0.086 -0.421 2.575
10 2 0.076 -0.391 2.627
10 3 0.036 -0.154 2.672
10 4 0.016 0.060 2.663
10 5 -0.133 -0.256 2.633
10 6 -0.203 -0.467 2.589
10 7 -0.182 -0.574 2.425
10 8 -0.167 -0.600 2.372
10 9 0.209 -0.218 2.676
10 10 0.384 -0.110 2.621
10 11 0.238 -0.032 2.667
10 12 0.203 0.012 2.700
10 13 0.005 -0.499 2.516
10 14 -0.071 -0.606 2.176
10 15 -0.075 -0.862 2.013
10 16 -0.071 -0.896 1.934
10 17 0.186 -0.493 2.567
10 18 0.218 -0.621 2.164
10 19 0.229 -0.813 2.011
10 20 0.251 -0.741 2.035
11 1 0.085 -0.422 2.573
11 2 0.075 -0.391 2.626
11 3 0.036 -0.153 2.671
11 4 0.016 0.060 2.661
11 5 -0.133 -0.255 2.632
11 6 -0.203 -0.467 2.589
11 7 -0.150 -0.532 2.401
11 8 -0.129 -0.552 2.339
11 9 0.209 -0.218 2.675
11 10 0.384 -0.112 2.619
11 11 0.238 -0.032 2.665
11 12 0.203 0.010 2.698
11 13 0.003 -0.499 2.515
11 14 -0.071 -0.607 2.176
11 15 -0.023 -0.870 2.051
11 16 -0.018 -0.902 1.972
11 17 0.185 -0.494 2.566
11 18 0.218 -0.621 2.164
11 19 0.229 -0.813 2.011
11 20 0.250 -0.742 2.031
12 1 0.084 -0.422 2.572
12 2 0.074 -0.391 2.624
12 3 0.037 -0.153 2.670
12 4 0.016 0.060 2.660
12 5 -0.132 -0.255 2.631
12 6 -0.203 -0.466 2.589
12 7 -0.128 -0.508 2.393
12 8 -0.146 -0.554 2.380
12 9 0.209 -0.218 2.674
12 10 0.384 -0.113 2.617
12 11 0.243 -0.021 2.658
12 12 0.206 0.014 2.693
12 13 0.001 -0.498 2.514
12 14 -0.072 -0.607 2.175
12 15 0.024 -0.840 2.105
12 16 -0.020 -0.842 2.034
12 17 0.185 -0.494 2.566
12 18 0.218 -0.622 2.164
12 19 0.228 -0.814 2.010
12 20 0.249 -0.743 2.028
13 1 0.084 -0.422 2.572
13 2 0.074 -0.392 2.624
13 3 0.037 -0.153 2.669
13 4 0.017 0.059 2.658
13 5 -0.132 -0.255 2.631
13 6 -0.204 -0.466 2.589
13 7 -0.120 -0.503 2.395
13 8 -0.146 -0.551 2.391
13 9 0.209 -0.218 2.674
13 10 0.385 -0.114 2.616
13 11 0.242 -0.024 2.658
13 12 0.206 0.012 2.692
13 13 0.005 -0.500 2.518
13 14 -0.072 -0.607 2.174
13 15 0.022 -0.842 2.094
13 16 -0.008 -0.854 2.019
13 17 0.188 -0.495 2.571
13 18 0.218 -0.622 2.163
13 19 0.228 -0.814 2.010
13 20 0.247 -0.744 2.025
14 1 0.084 -0.422 2.572
14 2 0.074 -0.392 2.623
14 3 0.037 -0.153 2.668
14 4 0.017 0.059 2.657
14 5 -0.131 -0.254 2.630
14 6 -0.204 -0.465 2.589
14 7 -0.117 -0.496 2.394
14 8 -0.121 -0.526 2.373
14 9 0.209 -0.218 2.673
14 10 0.385 -0.116 2.614
14 11 0.238 -0.024 2.659
14 12 0.204 0.012 2.691
14 13 0.005 -0.501 2.519
14 14 -0.072 -0.608 2.173
14 15 -0.009 -0.850 2.060
14 16 -0.020 -0.867 1.989
14 17 0.188 -0.495 2.572
14 18 0.218 -0.623 2.163
14 19 0.228 -0.815 2.010
14 20 0.246 -0.745 2.024
15 1 0.084 -0.423 2.572
15 2 0.074 -0.392 2.623
15 3 0.037 -0.153 2.667
15 4 0.017 0.059 2.656
15 5 -0.131 -0.254 2.630
15 6 -0.204 -0.465 2.588
15 7 -0.112 -0.491 2.393
15 8 -0.114 -0.521 2.369
15 9 0.209 -0.218 2.673
15 10 0.385 -0.116 2.613
15 11 0.236 -0.028 2.658
15 12 0.203 0.010 2.690
15 13 0.005 -0.501 2.519
15 14 -0.072 -0.608 2.173
15 15 -0.076 -0.847 2.015
15 16 -0.074 -0.873 1.941
15 17 0.187 -0.495 2.572
15 18 0.218 -0.623 2.163
15 19 0.229 -0.815 2.010
15 20 0.242 -0.746 2.023
16 1 0.083 -0.423 2.572
16 2 0.073 -0.392 2.622
16 3 0.038 -0.153 2.667
16 4 0.018 0.058 2.655
16 5 -0.131 -0.254 2.630
16 6 -0.204 -0.465 2.588
16 7 -0.114 -0.491 2.395
16 8 -0.110 -0.517 2.366
16 9 0.209 -0.218 2.672
16 10 0.385 -0.117 2.611
16 11 0.235 -0.030 2.657
16 12 0.202 0.009 2.689
16 13 0.004 -0.501 2.520
16 14 -0.072 -0.608 2.172
16 15 -0.109 -0.846 1.995
16 16 -0.100 -0.876 1.920
16 17 0.186 -0.495 2.571
16 18 0.218 -0.623 2.162
16 19 0.229 -0.815 2.010
16 20 0.241 -0.747 2.023
17 1 0.082 -0.422 2.572
17 2 0.073 -0.392 2.622
17 3 0.038 -0.153 2.666
17 4 0.018 0.058 2.654
17 5 -0.131 -0.254 2.630
17 6 -0.205 -0.464 2.588
17 7 -0.117 -0.493 2.398
17 8 -0.108 -0.515 2.363
17 9 0.214 -0.218 2.671
17 10 0.386 -0.117 2.607
17 11 0.233 -0.016 2.652
17 12 0.201 0.016 2.685
17 13 0.003 -0.501 2.520
17 14 -0.072 -0.608 2.172
17 15 -0.120 -0.846 1.987
17 16 -0.108 -0.878 1.912
17 17 0.185 -0.495 2.570
17 18 0.218 -0.623 2.162
17 19 0.230 -0.816 2.010
17 20 0.240 -0.747 2.023
18 1 0.081 -0.422 2.572
18 2 0.072 -0.392 2.622
18 3 0.037 -0.153 2.665
18 4 0.021 0.054 2.651
18 5 -0.132 -0.255 2.629
18 6 -0.205 -0.464 2.588
18 7 -0.122 -0.498 2.401
18 8 -0.109 -0.520 2.359
18 9 0.217 -0.218 2.671
18 10 0.388 -0.116 2.601
18 11 0.238 0.031 2.633
18 12 0.206 0.066 2.662
18 13 0.001 -0.501 2.521
18 14 -0.072 -0.608 2.171
18 15 -0.109 -0.848 1.986
18 16 -0.098 -0.881 1.909
18 17 0.184 -0.494 2.569
18 18 0.218 -0.623 2.162
18 19 0.231 -0.816 2.010
18 20 0.236 -0.747 2.023
19 1 0.080 -0.421 2.572
19 2 0.071 -0.391 2.622
19 3 0.036 -0.153 2.665
19 4 0.021 0.050 2.649
19 5 -0.133 -0.255 2.629
19 6 -0.205 -0.464 2.587
19 7 -0.131 -0.509 2.405
19 8 -0.113 -0.529 2.357
19 9 0.219 -0.218 2.670
19 10 0.399 -0.111 2.572
19 11 0.325 0.064 2.535
19 12 0.278 0.103 2.575
19 13 -0.001 -0.501 2.522
19 14 -0.072 -0.608 2.171
19 15 -0.113 -0.848 1.982
19 16 -0.101 -0.882 1.906
19 17 0.183 -0.494 2.568
19 18 0.216 -0.619 2.166
19 19 0.236 -0.809 2.014
19 20 0.206 -0.788 1.995
20 1 0.079 -0.421 2.572
20 2 0.070 -0.391 2.622
20 3 0.035 -0.153 2.664
20 4 0.021 0.048 2.648
20 5 -0.134 -0.256 2.629
20 6 -0.205 -0.465 2.587
20 7 -0.136 -0.517 2.408
20 8 -0.119 -0.542 2.356
20 9 0.220 -0.217 2.670
20 10 0.406 -0.109 2.551
20 11 0.378 0.114 2.478
20 12 0.344 0.153 2.504
20 13 -0.002 -0.502 2.523
20 14 -0.072 -0.608 2.171
20 15 -0.115 -0.846 1.979
20 16 -0.103 -0.880 1.902
20 17 0.183 -0.494 2.567
20 18 0.214 -0.616 2.169
20 19 0.241 -0.803 2.018
20 20 0.189 -0.813 1.982
21 1 0.079 -0.421 2.571
21 2 0.070 -0.391 2.622
21 3 0.035 -0.154 2.664
21 4 0.020 0.047 2.647
21 5 -0.135 -0.257 2.629
21 6 -0.205 -0.465 2.586
21 7 -0.139 -0.521 2.409
21 8 -0.120 -0.545 2.355
21 9 0.220 -0.217 2.670
21 10 0.411 -0.106 2.536
21 11 0.455 0.130 2.420
21 12 0.422 0.170 2.445
21 13 -0.002 -0.503 2.524
21 14 -0.072 -0.608 2.171
21 15 -0.121 -0.845 1.981
21 16 -0.110 -0.879 1.904
21 17 0.183 -0.494 2.564
21 18 0.213 -0.613 2.171
21 19 0.246 -0.798 2.019
21 20 0.183 -0.823 1.980
22 1 0.079 -0.422 2.571
22 2 0.069 -0.391 2.622
22 3 0.034 -0.154 2.663
22 4 0.019 0.046 2.647
22 5 -0.136 -0.257 2.629
22 6 -0.205 -0.466 2.586
22 7 -0.141 -0.523 2.410
22 8 -0.121 -0.547 2.355
22 9 0.221 -0.216 2.670
22 10 0.416 -0.138 2.531
22 11 0.464 0.069 2.419
22 12 0.479 0.145 2.395
22 13 -0.003 -0.505 2.525
22 14 -0.072 -0.608 2.171
22 15 -0.022 -0.824 2.069
22 16 -0.078 -0.823 2.000
22 17 0.184 -0.495 2.561
22 18 0.213 -0.612 2.172
22 19 0.250 -0.796 2.020
22 20 0.178 -0.826 1.984
23 1 0.078 -0.422 2.571
23 2 0.069 -0.391 2.621
23 3 0.034 -0.153 2.663
23 4 0.018 0.045 2.647
23 5 -0.137 -0.258 2.629
23 6 -0.205 -0.466 2.586
23 7 -0.142 -0.524 2.411
23 8 -0.121 -0.548 2.354
23 9 0.221 -0.215 2.669
23 10 0.418 -0.152 2.530
23 11 0.468 0.058 2.417
23 12 0.461 0.135 2.405
23 13 -0.003 -0.506 2.526
23 14 -0.072 -0.609 2.171
23 15 -0.033 -0.832 2.058
23 16 -0.065 -0.847 1.985
23 17 0.184 -0.495 2.559
23 18 0.212 -0.611 2.172
23 19 0.254 -0.794 2.020
23 20 0.177 -0.824 1.991
24 1 0.078 -0.422 2.571
24 2 0.069 -0.392 2.621
24 3 0.033 -0.153 2.662
24 4 0.016 0.045 2.647
24 5 -0.138 -0.259 2.629
24 6 -0.204 -0.466 2.585
24 7 -0.143 -0.526 2.411
24 8 -0.122 -0.549 2.353
24 9 0.221 -0.215 2.669
24 10 0.420 -0.164 2.530
24 11 0.434 0.033 2.446
24 12 0.418 0.113 2.434
24 13 -0.004 -0.508 2.528
24 14 -0.072 -0.609 2.170
24 15 -0.026 -0.837 2.060
24 16 -0.052 -0.861 1.983
24 17 0.184 -0.495 2.557
24 18 0.212 -0.611 2.172
24 19 0.258 -0.794 2.019
24 20 0.181 -0.819 1.998
25 1 0.077 -0.423 2.571
25 2 0.068 -0.392 2.621
25 3 0.032 -0.153 2.662
25 4 0.014 0.045 2.646
25 5 -0.139 -0.260 2.630
25 6 -0.204 -0.466 2.585
25 7 -0.143 -0.526 2.411
25 8 -0.122 -0.549 2.353
25 9 0.220 -0.215 2.667
25 10 0.421 -0.172 2.529
25 11 0.412 0.000 2.457
25 12 0.390 0.084 2.453
25 13 -0.005 -0.510 2.529
25 14 -0.072 -0.609 2.170
25 15 -0.016 -0.843 2.062
25 16 -0.028 -0.874 1.981
25 17 0.184 -0.496 2.556
25 18 0.212 -0.611 2.172
25 19 0.264 -0.794 2.018
25 20 0.188 -0.815 2.004
26 1 0.076 -0.425 2.570
26 2 0.067 -0.393 2.620
26 3 0.032 -0.153 2.661
26 4 0.013 0.045 2.646
26 5 -0.140 -0.260 2.630
26 6 -0.204 -0.467 2.584
26 7 -0.142 -0.526 2.411
26 8 -0.119 -0.547 2.354
26 9 0.218 -0.219 2.663
26 10 0.421 -0.179 2.528
26 11 0.358 -0.022 2.500
26 12 0.346 0.059 2.504
26 13 -0.007 -0.512 2.530
26 14 -0.072 -0.609 2.170
26 15 -0.027 -0.852 2.050
26 16 -0.030 -0.884 1.971
26 17 0.182 -0.498 2.553
26 18 0.212 -0.611 2.172
26 19 0.267 -0.794 2.018
26 20 0.192 -0.812 2.007
27 1 0.075 -0.427 2.569
27 2 0.066 -0.394 2.620
27 3 0.031 -0.153 2.659
27 4 0.011 0.045 2.646
27 5 -0.141 -0.261 2.630
27 6 -0.204 -0.467 2.584
27 7 -0.140 -0.524 2.412
27 8 -0.110 -0.536 2.356
27 9 0.216 -0.223 2.660
27 10 0.416 -0.190 2.530
27 11 0.307 -0.028 2.542
27 12 0.284 0.032 2.559
27 13 -0.009 -0.514 2.530
27 14 -0.072 -0.609 2.169
27 15 -0.096 -0.853 2.025
27 16 -0.091 -0.886 1.946
27 17 0.181 -0.500 2.552
27 18 0.212 -0.612 2.171
27 19 0.268 -0.803 2.012
27 20 0.239 -0.841 1.953
28 1 0.073 -0.429 2.568
28 2 0.065 -0.395 2.619
28 3 0.031 -0.153 2.658
28 4 0.011 0.045 2.646
28 5 -0.141 -0.261 2.630
28 6 -0.204 -0.467 2.584
28 7 -0.136 -0.519 2.412
28 8 -0.100 -0.521 2.359
28 9 0.215 -0.225 2.658
28 10 0.410 -0.209 2.533
28 11 0.286 -0.059 2.570
28 12 0.253 0.002 2.595
28 13 -0.010 -0.515 2.530
28 14 -0.072 -0.610 2.169
28 15 -0.123 -0.854 2.013
28 16 -0.114 -0.888 1.934
28 17 0.180 -0.501 2.551
28 18 0.212 -0.612 2.171
28 19 0.266 -0.812 2.006
28 20 0.258 -0.856 1.929
29 1 0.073 -0.430 2.567
29 2 0.065 -0.396 2.618
29 3 0.030 -0.153 2.657
29 4 0.011 0.045 2.645
29 5 -0.142 -0.261 2.630
29 6 -0.205 -0.468 2.584
29 7 -0.167 -0.563 2.430
29 8 -0.157 -0.601 2.387
29 9 0.214 -0.227 2.656
29 10 0.405 -0.218 2.536
29 11 0.278 -0.070 2.582
29 12 0.235 -0.020 2.620
29 13 -0.011 -0.516 2.530
29 14 -0.072 -0.610 2.169
29 15 -0.130 -0.855 2.007
29 16 -0.120 -0.889 1.929
29 17 0.179 -0.503 2.550
29 18 0.212 -0.613 2.170
29 19 0.266 -0.818 2.003
29 20 0.269 -0.863 1.916
30 1 0.072 -0.431 2.567
30 2 0.064 -0.397 2.618
30 3 0.030 -0.153 2.656
30 4 0.011 0.045 2.645
30 5 -0.142 -0.262 2.630
30 6 -0.205 -0.468 2.584
30 7 -0.180 -0.581 2.437
30 8 -0.179 -0.630 2.399
30 9 0.214 -0.225 2.656
30 10 0.400 -0.224 2.540
30 11 0.270 -0.077 2.591
30 12 0.224 -0.030 2.633
30 13 -0.012 -0.516 2.530
30 14 -0.072 -0.610 2.168
30 15 -0.137 -0.855 2.003
30 16 -0.126 -0.890 1.925
30 17 0.179 -0.503 2.549
30 18 0.213 -0.614 2.169
30 19 0.267 -0.821 2.001
30 20 0.277 -0.868 1.909
31 1 0.072 -0.432 2.566
31 2 0.064 -0.398 2.617
31 3 0.030 -0.153 2.655
31 4 0.011 0.045 2.644
31 5 -0.142 -0.262 2.629
31 6 -0.205 -0.468 2.583
31 7 -0.192 -0.593 2.442
31 8 -0.197 -0.647 2.404
31 9 0.214 -0.223 2.657
31 10 0.394 -0.227 2.546
31 11 0.254 -0.072 2.625
31 12 0.210 -0.030 2.655
31 13 -0.013 -0.516 2.530
31 14 -0.072 -0.610 2.168
31 15 -0.142 -0.856 2.000
31 16 -0.130 -0.890 1.922
31 17 0.178 -0.504 2.549
31 18 0.213 -0.615 2.168
31 19 0.265 -0.825 1.999
31 20 0.280 -0.871 1.904
32 1 0.072 -0.432 2.566
32 2 0.064 -0.398 2.617
32 3 0.031 -0.153 2.655
32 4 0.012 0.046 2.643
32 5 -0.142 -0.262 2.629
32 6 -0.205 -0.468 2.583
32 7 -0.197 -0.599 2.443
32 8 -0.204 -0.654 2.405
32 9 0.215 -0.222 2.657
32 10 0.389 -0.227 2.552
32 11 0.244 -0.088 2.629
32 12 0.201 -0.037 2.663
32 13 -0.013 -0.517 2.530
32 14 -0.072 -0.610 2.168
32 15 -0.144 -0.855 1.998
32 16 -0.132 -0.890 1.920
32 17 0.178 -0.504 2.548
32 18 0.214 -0.616 2.167
32 19 0.262 -0.829 1.997
32 20 0.279 -0.872 1.902
33 1 0.071 -0.432 2.566
33 2 0.064 -0.398 2.617
33 3 0.031 -0.153 2.654
33 4 0.013 0.046 2.643
33 5 -0.142 -0.262 2.629
33 6 -0.205 -0.468 2.583
33 7 -0.179 -0.553 2.419
33 8 -0.166 -0.571 2.361
33 9 0.215 -0.220 2.658
33 10 0.386 -0.227 2.556
33 11 0.239 -0.094 2.632
33 12 0.196 -0.042 2.668
33 13 -0.014 -0.517 2.530
33 14 -0.072 -0.610 2.168
33 15 -0.145 -0.854 1.997
33 16 -0.134 -0.889 1.918
33 17 0.178 -0.504 2.548
33 18 0.215 -0.617 2.166
33 19 0.261 -0.830 1.996
33 20 0.280 -0.873 1.900
34 1 0.071 -0.433 2.566
34 2 0.063 -0.398 2.617
34 3 0.031 -0.153 2.653
34 4 0.014 0.046 2.642
34 5 -0.141 -0.261 2.629
34 6 -0.205 -0.468 2.583
34 7 -0.156 -0.527 2.408
34 8 -0.142 -0.550 2.354
34 9 0.215 -0.219 2.658
34 10 0.384 -0.226 2.561
34 11 0.237 -0.098 2.632
34 12 0.193 -0.045 2.669
34 13 -0.014 -0.517 2.530
34 14 -0.072 -0.611 2.167
34 15 -0.145 -0.854 1.996
34 16 -0.135 -0.888 1.918
34 17 0.177 -0.504 2.549
34 18 0.215 -0.617 2.165
34 19 0.261 -0.831 1.995
34 20 0.281 -0.872 1.900
35 1 0.071 -0.433 2.566
35 2 0.063 -0.398 2.617
35 3 0.031 -0.153 2.653
35 4 0.015 0.046 2.641
35 5 -0.141 -0.261 2.628
35 6 -0.205 -0.467 2.583
35 7 -0.148 -0.518 2.404
35 8 -0.123 -0.530 2.346
35 9 0.215 -0.218 2.659
35 10 0.382 -0.224 2.565
35 11 0.243 -0.072 2.641
35 12 0.194 -0.031 2.674
35 13 -0.016 -0.516 2.530
35 14 -0.072 -0.611 2.167
35 15 -0.122 -0.856 2.001
35 16 -0.116 -0.889 1.922
35 17 0.176 -0.504 2.551
35 18 0.215 -0.618 2.165
35 19 0.238 -0.830 1.994
35 20 0.246 -0.865 1.905
36 1 0.070 -0.433 2.566
36 2 0.063 -0.399 2.617
36 3 0.032 -0.153 2.652
36 4 0.016 0.046 2.641
36 5 -0.140 -0.261 2.628
36 6 -0.205 -0.467 2.583
36 7 -0.144 -0.512 2.402
36 8 -0.115 -0.520 2.343
36 9 0.215 -0.217 2.659
36 10 0.382 -0.223 2.568
36 11 0.286 -0.055 2.623
36 12 0.234 -0.010 2.659
36 13 -0.018 -0.514 2.529
36 14 -0.072 -0.611 2.167
36 15 -0.119 -0.856 2.001
36 16 -0.113 -0.889 1.923
36 17 0.174 -0.504 2.551
36 18 0.216 -0.619 2.164
36 19 0.248 -0.818 2.001
36 20 0.207 -0.820 1.976
37 1 0.070 -0.433 2.566
37 2 0.063 -0.399 2.616
37 3 0.032 -0.153 2.652
37 4 0.017 0.046 2.640
37 5 -0.140 -0.260 2.628
37 6 -0.204 -0.466 2.583
37 7 -0.140 -0.508 2.400
37 8 -0.109 -0.515 2.341
37 9 0.216 -0.218 2.660
37 10 0.382 -0.222 2.570
37 11 0.310 -0.048 2.592
37 12 0.253 -0.001 2.639
37 13 -0.019 -0.513 2.528
37 14 -0.072 -0.611 2.167
37 15 -0.117 -0.856 2.002
37 16 -0.112 -0.889 1.923
37 17 0.173 -0.504 2.552
37 18 0.216 -0.619 2.164
37 19 0.224 -0.823 2.003
37 20 0.191 -0.828 1.970
38 1 0.070 -0.433 2.566
38 2 0.062 -0.399 2.616
38 3 0.033 -0.153 2.652
38 4 0.018 0.046 2.640
38 5 -0.139 -0.260 2.627
38 6 -0.204 -0.466 2.583
38 7 -0.139 -0.509 2.401
38 8 -0.115 -0.533 2.349
38 9 0.215 -0.219 2.661
38 10 0.383 -0.222 2.573
38 11 0.319 -0.046 2.579
38 12 0.268 0.005 2.619
38 13 -0.020 -0.512 2.527
38 14 -0.072 -0.611 2.167
38 15 -0.115 -0.856 2.002
38 16 -0.111 -0.888 1.923
38 17 0.172 -0.504 2.553
38 18 0.216 -0.620 2.163
38 19 0.247 -0.812 2.007
38 20 0.185 -0.805 2.006
39 1 0.069 -0.433 2.566
39 2 0.062 -0.399 2.617
39 3 0.034 -0.153 2.652
39 4 0.019 0.046 2.640
39 5 -0.138 -0.260 2.627
39 6 -0.204 -0.466 2.583
39 7 -0.139 -0.511 2.402
39 8 -0.117 -0.541 2.353
39 9 0.216 -0.220 2.663
39 10 0.384 -0.221 2.575
39 11 0.324 -0.045 2.571
39 12 0.275 0.008 2.609
39 13 -0.021 -0.512 2.527
39 14 -0.072 -0.611 2.167
39 15 -0.115 -0.856 2.003
39 16 -0.110 -0.888 1.924
39 17 0.171 -0.504 2.554
39 18 0.216 -0.620 2.163
39 19 0.249 -0.812 2.007
39 20 0.220 -0.829 1.967
40 1 0.069 -0.433 2.566
40 2 0.062 -0.399 2.617
40 3 0.035 -0.154 2.652
40 4 0.020 0.047 2.640
40 5 -0.138 -0.259 2.627
40 6 -0.204 -0.466 2.583
40 7 -0.138 -0.513 2.403
40 8 -0.118 -0.545 2.355
40 9 0.216 -0.221 2.665
40 10 0.385 -0.221 2.576
40 11 0.326 -0.046 2.565
40 12 0.279 0.009 2.603
40 13 -0.021 -0.512 2.527
40 14 -0.072 -0.611 2.167
40 15 -0.115 -0.856 2.003
40 16 -0.110 -0.888 1.924
40 17 0.171 -0.504 2.554
40 18 0.216 -0.621 2.163
40 19 0.249 -0.812 2.006
40 20 0.236 -0.842 1.944
41 1 0.069 -0.433 2.567
41 2 0.061 -0.399 2.617
41 3 0.036 -0.154 2.653
41 4 0.021 0.047 2.640
41 5 -0.137 -0.259 2.627
41 6 -0.204 -0.466 2.583
41 7 -0.138 -0.515 2.405
41 8 -0.118 -0.548 2.357
41 9 0.217 -0.222 2.667
41 10 0.386 -0.221 2.577
41 11 0.325 -0.048 2.562
41 12 0.280 0.009 2.598
41 13 -0.022 -0.511 2.527
41 14 -0.072 -0.611 2.167
41 15 -0.105 -0.857 2.006
41 16 -0.099 -0.889 1.927
41 17 0.170 -0.505 2.555
41 18 0.217 -0.621 2.162
41 19 0.255 -0.811 2.007
41 20 0.218 -0.817 1.979
42 1 0.072 -0.435 2.574
42 2 0.063 -0.400 2.621
42 3 0.036 -0.154 2.653
42 4 0.022 0.047 2.641
42 5 -0.137 -0.259 2.627
42 6 -0.204 -0.466 2.583
42 7 -0.138 -0.517 2.406
42 8 -0.119 -0.550 2.358
42 9 0.217 -0.223 2.668
42 10 0.386 -0.221 2.578
42 11 0.322 -0.051 2.560
42 12 0.279 0.008 2.595
42 13 -0.009 -0.516 2.539
42 14 -0.072 -0.611 2.167
42 15 -0.105 -0.853 2.006
42 16 -0.098 -0.885 1.928
42 17 0.181 -0.508 2.578
42 18 0.217 -0.622 2.162
42 19 0.253 -0.811 2.008
42 20 0.204 -0.775 2.006
43 1 0.073 -0.435 2.575
43 2 0.063 -0.400 2.622
43 3 0.037 -0.154 2.654
43 4 0.022 0.047 2.641
43 5 -0.136 -0.259 2.627
43 6 -0.204 -0.465 2.583
43 7 -0.140 -0.521 2.408
43 8 -0.122 -0.554 2.360
43 9 0.217 -0.223 2.670
43 10 0.387 -0.220 2.579
43 11 0.319 -0.053 2.560
43 12 0.276 0.006 2.594
43 13 -0.009 -0.514 2.538
43 14 -0.072 -0.611 2.167
43 15 -0.098 -0.854 2.008
43 16 -0.091 -0.886 1.930
43 17 0.181 -0.508 2.580
43 18 0.217 -0.622 2.162
43 19 0.254 -0.810 2.008
43 20 0.196 -0.770 2.016
44 1 0.073 -0.435 2.576
44 2 0.063 -0.400 2.623
44 3 0.037 -0.155 2.654
44 4 0.023 0.047 2.642
44 5 -0.136 -0.259 2.627
44 6 -0.204 -0.465 2.583
44 7 -0.141 -0.523 2.409
44 8 -0.123 -0.556 2.360
44 9 0.217 -0.224 2.671
44 10 0.388 -0.220 2.580
44 11 0.317 -0.055 2.560
44 12 0.274 0.004 2.594
44 13 -0.010 -0.512 2.536
44 14 -0.072 -0.612 2.167
44 15 -0.093 -0.856 2.009
44 16 -0.085 -0.887 1.931
44 17 0.180 -0.507 2.579
44 18 0.217 -0.622 2.162
44 19 0.241 -0.810 2.007
44 20 0.237 -0.758 2.035
45 1 0.073 -0.435 2.577
45 2 0.063 -0.400 2.624
45 3 0.037 -0.155 2.655
45 4 0.023 0.047 2.642
45 5 -0.136 -0.259 2.627
45 6 -0.204 -0.465 2.583
45 7 -0.141 -0.525 2.410
45 8 -0.124 -0.556 2.361
45 9 0.217 -0.225 2.672
45 10 0.388 -0.220 2.580
45 11 0.315 -0.056 2.561
45 12 0.272 0.002 2.594
45 13 -0.011 -0.510 2.534
45 14 -0.072 -0.612 2.167
45 15 -0.098 -0.855 2.009
45 16 -0.090 -0.886 1.932
45 17 0.179 -0.505 2.578
45 18 0.217 -0.622 2.162
45 19 0.233 -0.811 2.007
45 20 0.256 -0.750 2.039
46 1 0.073 -0.435 2.577
46 2 0.063 -0.400 2.625
46 3 0.038 -0.155 2.655
46 4 0.024 0.047 2.643
46 5 -0.135 -0.258 2.628
46 6 -0.204 -0.465 2.583
46 7 -0.183 -0.586 2.453
46 8 -0.178 -0.631 2.415
46 9 0.217 -0.225 2.672
46 10 0.389 -0.220 2.581
46 11 0.313 -0.057 2.561
46 12 0.270 0.001 2.594
46 13 -0.012 -0.509 2.532
46 14 -0.072 -0.612 2.167
46 15 -0.091 -0.858 2.013
46 16 -0.083 -0.889 1.935
46 17 0.176 -0.504 2.572
46 18 0.217 -0.622 2.162
46 19 0.229 -0.813 2.005
46 20 0.250 -0.811 1.970
47 1 0.072 -0.434 2.577
47 2 0.063 -0.400 2.625
47 3 0.038 -0.155 2.656
47 4 0.024 0.047 2.643
47 5 -0.135 -0.259 2.628
47 6 -0.203 -0.465 2.583
47 7 -0.200 -0.605 2.460
47 8 -0.195 -0.649 2.424
47 9 0.217 -0.225 2.675
47 10 0.389 -0.220 2.582
47 11 0.312 -0.058 2.561
47 12 0.269 0.000 2.594
47 13 -0.013 -0.507 2.530
47 14 -0.072 -0.612 2.168
47 15 -0.086 -0.859 2.015
47 16 -0.078 -0.890 1.937
47 17 0.173 -0.503 2.568
47 18 0.217 -0.622 2.162
47 19 0.226 -0.816 2.004
47 20 0.246 -0.848 1.928
48 1 0.071 -0.433 2.576
48 2 0.062 -0.400 2.625
48 3 0.038 -0.155 2.656
48 4 0.024 0.047 2.644
48 5 -0.135 -0.259 2.628
48 6 -0.203 -0.464 2.583
48 7 -0.207 -0.613 2.465
48 8 -0.223 -0.656 2.445
48 9 0.216 -0.225 2.676
48 10 0.390 -0.221 2.582
48 11 0.311 -0.058 2.561
48 12 0.268 -0.001 2.595
48 13 -0.016 -0.505 2.527
48 14 -0.072 -0.612 2.168
48 15 -0.095 -0.859 2.014
48 16 -0.087 -0.890 1.937
48 17 0.171 -0.502 2.565
48 18 0.217 -0.622 2.162
48 19 0.225 -0.818 2.002
48 20 0.245 -0.863 1.911
49 1 0.060 -0.432 2.573
49 2 0.056 -0.400 2.624
49 3 0.037 -0.155 2.657
49 4 0.024 0.047 2.645
49 5 -0.135 -0.259 2.629
49 6 -0.203 -0.464 2.583
49 7 -0.209 -0.613 2.461
49 8 -0.236 -0.660 2.455
49 9 0.216 -0.225 2.677
49 10 0.390 -0.221 2.583
49 11 0.310 -0.059 2.562
49 12 0.267 -0.001 2.595
49 13 -0.035 -0.504 2.524
49 14 -0.073 -0.612 2.168
49 15 -0.094 -0.860 2.015
49 16 -0.085 -0.891 1.937
49 17 0.149 -0.506 2.559
49 18 0.217 -0.622 2.162
49 19 0.243 -0.813 2.005
49 20 0.205 -0.823 1.981
50 1 0.056 -0.431 2.571
50 2 0.052 -0.400 2.622
50 3 0.037 -0.155 2.658
50 4 0.024 0.047 2.646
50 5 -0.135 -0.259 2.629
50 6 -0.202 -0.464 2.583
50 7 -0.195 -0.596 2.445
50 8 -0.241 -0.655 2.459
50 9 0.216 -0.225 2.678
50 10 0.390 -0.221 2.583
50 11 0.310 -0.059 2.562
50 12 0.266 -0.002 2.595
50 13 -0.039 -0.502 2.521
50 14 -0.073 -0.611 2.168
50 15 -0.095 -0.861 2.014
50 16 -0.087 -0.892 1.936
50 17 0.145 -0.506 2.556
50 18 0.217 -0.622 2.162
50 19 0.253 -0.810 2.006
50 20 0.193 -0.818 1.995
51 1 0.054 -0.431 2.569
51 2 0.050 -0.400 2.621
51 3 0.037 -0.155 2.658
51 4 0.023 0.047 2.647
51 5 -0.135 -0.259 2.630
51 6 -0.202 -0.464 2.583
51 7 -0.193 -0.594 2.441
51 8 -0.245 -0.652 2.463
51 9 0.215 -0.226 2.679
51 10 0.390 -0.221 2.584
51 11 0.309 -0.059 2.562
51 12 0.265 -0.003 2.595
51 13 -0.041 -0.502 2.520
51 14 -0.073 -0.611 2.168
51 15 -0.098 -0.861 2.012
51 16 -0.090 -0.892 1.935
51 17 0.144 -0.506 2.552
51 18 0.217 -0.622 2.162
51 19 0.260 -0.813 2.003
51 20 0.236 -0.838 1.954
52 1 0.052 -0.431 2.568
52 2 0.049 -0.400 2.621
52 3 0.037 -0.155 2.659
52 4 0.023 0.047 2.648
52 5 -0.135 -0.259 2.630
52 6 -0.203 -0.464 2.583
52 7 -0.184 -0.585 2.437
52 8 -0.241 -0.641 2.462
52 9 0.215 -0.226 2.679
52 10 0.390 -0.221 2.584
52 11 0.309 -0.059 2.562
52 12 0.264 -0.003 2.596
52 13 -0.042 -0.502 2.519
52 14 -0.073 -0.611 2.168
52 15 -0.105 -0.860 2.011
52 16 -0.097 -0.892 1.934
52 17 0.145 -0.507 2.549
52 18 0.217 -0.622 2.162
52 19 0.263 -0.816 2.001
52 20 0.251 -0.851 1.936
53 1 0.052 -0.431 2.567
53 2 0.048 -0.400 2.620
53 3 0.037 -0.155 2.659
53 4 0.023 0.047 2.648
53 5 -0.135 -0.259 2.631
53 6 -0.203 -0.464 2.583
53 7 -0.182 -0.582 2.434
53 8 -0.238 -0.634 2.458
53 9 0.214 -0.226 2.680
53 10 0.390 -0.221 2.585
53 11 0.308 -0.059 2.563
53 12 0.263 -0.003 2.596
53 13 -0.039 -0.502 2.519
53 14 -0.073 -0.611 2.168
53 15 -0.101 -0.861 2.011
53 16 -0.094 -0.893 1.934
53 17 0.148 -0.507 2.547
53 18 0.217 -0.622 2.162
53 19 0.262 -0.821 1.998
53 20 0.256 -0.859 1.926
54 1 0.052 -0.431 2.566
54 2 0.048 -0.400 2.619
54 3 0.036 -0.156 2.660
54 4 0.023 0.047 2.649
54 5 -0.135 -0.260 2.631
54 6 -0.203 -0.464 2.584
54 7 -0.180 -0.579 2.432
54 8 -0.234 -0.627 2.452
54 9 0.214 -0.226 2.680
54 10 0.390 -0.221 2.585
54 11 0.308 -0.060 2.563
54 12 0.263 -0.004 2.596
54 13 -0.037 -0.502 2.519
54 14 -0.073 -0.611 2.168
54 15 -0.097 -0.862 2.012
54 16 -0.090 -0.893 1.934
54 17 0.151 -0.507 2.545
54 18 0.217 -0.622 2.162
54 19 0.260 -0.825 1.997
54 20 0.259 -0.864 1.920
55 1 0.053 -0.431 2.566
55 2 0.048 -0.400 2.619
55 3 0.036 -0.156 2.660
55 4 0.022 0.047 2.650
55 5 -0.135 -0.260 2.631
55 6 -0.203 -0.464 2.584
55 7 -0.179 -0.576 2.430
55 8 -0.193 -0.608 2.406
55 9 0.213 -0.226 2.680
55 10 0.390 -0.221 2.585
55 11 0.308 -0.060 2.563
55 12 0.262 -0.004 2.596
55 13 -0.034 -0.503 2.519
55 14 -0.073 -0.611 2.168
55 15 -0.105 -0.859 2.010
55 16 -0.098 -0.891 1.932
55 17 0.154 -0.507 2.544
55 18 0.217 -0.622 2.162
55 19 0.258 -0.828 1.996
55 20 0.260 -0.867 1.916
56 1 0.054 -0.431 2.565
56 2 0.048 -0.400 2.618
56 3 0.036 -0.156 2.660
56 4 0.022 0.047 2.650
56 5 -0.135 -0.260 2.632
56 6 -0.203 -0.464 2.584
56 7 -0.178 -0.574 2.429
56 8 -0.165 -0.597 2.376
56 9 0.213 -0.227 2.680
56 10 0.390 -0.221 2.585
56 11 0.307 -0.060 2.563
56 12 0.261 -0.005 2.596
56 13 -0.031 -0.504 2.519
56 14 -0.073 -0.611 2.168
56 15 -0.108 -0.859 2.009
56 16 -0.101 -0.891 1.931
56 17 0.157 -0.507 2.544
56 18 0.217 -0.622 2.162
56 19 0.255 -0.830 1.995
56 20 0.261 -0.869 1.913
57 1 0.054 -0.432 2.565
57 2 0.048 -0.401 2.618
57 3 0.036 -0.156 2.660
57 4 0.022 0.047 2.651
57 5 -0.135 -0.260 2.632
57 6 -0.203 -0.464 2.584
57 7 -0.177 -0.572 2.428
57 8 -0.157 -0.592 2.366
57 9 0.213 -0.227 2.680
57 10 0.391 -0.221 2.586
57 11 0.307 -0.060 2.563
57 12 0.261 -0.005 2.596
57 13 -0.033 -0.504 2.520
57 14 -0.073 -0.611 2.168
57 15 -0.110 -0.858 2.007
57 16 -0.103 -0.890 1.930
57 17 0.154 -0.508 2.546
57 18 0.217 -0.622 2.162
57 19 0.254 -0.831 1.994
57 20 0.262 -0.870 1.911
