1 1 0.122 0.052 1.944
1 2 0.107 0.105 1.992
1 3 0.096 0.425 2.015
1 4 0.125 0.603 1.972
1 5 -0.044 0.310 1.975
1 6 -0.109 0.065 1.938
1 7 -0.102 -0.116 1.874
1 8 -0.085 -0.191 1.857
1 9 0.270 0.315 2.057
1 10 0.299 0.097 2.014
1 11 0.341 0.047 1.824
1 12 0.350 0.036 1.763
1 13 0.064 -0.018 1.912
1 14 -0.001 -0.458 1.935
1 15 -0.032 -0.738 1.962
1 16 -0.015 -0.769 1.886
1 17 0.190 -0.021 1.948
1 18 0.226 -0.446 1.975
1 19 0.242 -0.742 1.991
1 20 0.260 -0.774 1.916
2 1 0.122 0.052 1.944
2 2 0.107 0.105 1.992
2 3 0.096 0.425 2.015
2 4 0.120 0.606 1.976
2 5 -0.044 0.310 1.975
2 6 -0.109 0.064 1.938
2 7 -0.101 -0.116 1.875
2 8 -0.084 -0.191 1.858
2 9 0.270 0.316 2.057
2 10 0.300 0.098 2.014
2 11 0.338 0.044 1.823
2 12 0.343 0.023 1.762
2 13 0.064 -0.017 1.912
2 14 -0.001 -0.458 1.935
2 15 -0.032 -0.738 1.962
2 16 -0.015 -0.769 1.886
2 17 0.190 -0.021 1.948
2 18 0.226 -0.446 1.976
2 19 0.242 -0.742 1.991
2 20 0.260 -0.774 1.916
3 1 0.122 0.052 1.945
3 2 0.107 0.105 1.993
3 3 0.096 0.425 2.015
3 4 0.116 0.608 1.979
3 5 -0.044 0.310 1.975
3 6 -0.108 0.064 1.939
3 7 -0.101 -0.116 1.876
3 8 -0.084 -0.191 1.859
3 9 0.271 0.317 2.057
3 10 0.301 0.099 2.013
3 11 0.333 0.029 1.812
3 12 0.333 -0.010 1.756
3 13 0.064 -0.017 1.912
3 14 -0.001 -0.458 1.935
3 15 -0.032 -0.738 1.962
3 16 -0.015 -0.769 1.886
3 17 0.190 -0.020 1.948
3 18 0.226 -0.446 1.976
3 19 0.242 -0.743 1.991
3 20 0.260 -0.774 1.916
4 1 0.122 0.053 1.945
4 2 0.107 0.105 1.993
4 3 0.097 0.425 2.016
4 4 0.112 0.610 1.983
4 5 -0.044 0.310 1.975
4 6 -0.107 0.064 1.939
4 7 -0.100 -0.116 1.877
4 8 -0.083 -0.191 1.859
4 9 0.271 0.318 2.056
4 10 0.303 0.098 2.013
4 11 0.330 0.008 1.816
4 12 0.329 -0.051 1.761
4 13 0.064 -0.017 1.913
4 14 -0.001 -0.458 1.935
4 15 -0.032 -0.738 1.962
4 16 -0.014 -0.769 1.886
4 17 0.189 -0.020 1.947
4 18 0.226 -0.446 1.976
4 19 0.242 -0.743 1.991
4 20 0.260 -0.774 1.916
5 1 0.122 0.053 1.945
5 2 0.107 0.106 1.993
5 3 0.097 0.426 2.016
5 4 0.108 0.612 1.987
5 5 -0.044 0.310 1.976
5 6 -0.106 0.064 1.939
5 7 -0.100 -0.117 1.878
5 8 -0.117 -0.174 1.873
5 9 0.271 0.319 2.056
5 10 0.306 0.096 2.013
5 11 0.332 -0.019 1.835
5 12 0.330 -0.087 1.771
5 13 0.064 -0.017 1.913
5 14 -0.001 -0.458 1.935
5 15 -0.032 -0.738 1.962
5 16 -0.014 -0.769 1.886
5 17 0.189 -0.019 1.947
5 18 0.226 -0.446 1.976
5 19 0.242 -0.743 1.991
5 20 0.260 -0.774 1.916
6 1 0.122 0.053 1.945
6 2 0.108 0.106 1.993
6 3 0.097 0.426 2.016
6 4 0.105 0.614 1.990
6 5 -0.044 0.310 1.976
6 6 -0.105 0.064 1.940
6 7 -0.100 -0.117 1.878
6 8 -0.125 -0.170 1.876
6 9 0.271 0.319 2.055
6 10 0.310 0.093 2.012
6 11 0.338 -0.050 1.861
6 12 0.340 -0.128 1.791
6 13 0.063 -0.016 1.913
6 14 -0.000 -0.457 1.935
6 15 -0.032 -0.738 1.962
6 16 -0.014 -0.769 1.886
6 17 0.188 -0.019 1.946
6 18 0.226 -0.446 1.976
6 19 0.242 -0.743 1.991
6 20 0.260 -0.774 1.916
7 1 0.121 0.053 1.945
7 2 0.108 0.106 1.993
7 3 0.097 0.426 2.016
7 4 0.103 0.616 1.993
7 5 -0.044 0.310 1.976
7 6 -0.105 0.064 1.940
7 7 -0.100 -0.117 1.879
7 8 -0.130 -0.168 1.878
7 9 0.272 0.320 2.054
7 10 0.317 0.085 2.010
7 11 0.352 -0.093 1.883
7 12 0.354 -0.170 1.823
7 13 0.063 -0.016 1.914
7 14 -0.000 -0.457 1.935
7 15 -0.032 -0.738 1.962
7 16 -0.014 -0.769 1.886
7 17 0.188 -0.018 1.945
7 18 0.227 -0.446 1.976
7 19 0.242 -0.743 1.991
7 20 0.260 -0.774 1.916
8 1 0.121 0.053 1.945
8 2 0.108 0.106 1.993
8 3 0.097 0.427 2.016
8 4 0.101 0.617 1.996
8 5 -0.044 0.310 1.977
8 6 -0.104 0.064 1.940
8 7 -0.099 -0.117 1.880
8 8 -0.133 -0.166 1.879
8 9 0.272 0.320 2.053
8 10 0.322 0.079 2.007
8 11 0.364 -0.136 1.897
8 12 0.370 -0.215 1.859
8 13 0.062 -0.016 1.914
8 14 -0.000 -0.457 1.935
8 15 -0.032 -0.738 1.962
8 16 -0.014 -0.769 1.886
8 17 0.187 -0.018 1.944
8 18 0.227 -0.446 1.976
8 19 0.242 -0.743 1.991
8 20 0.260 -0.774 1.916
9 1 0.121 0.054 1.945
9 2 0.108 0.106 1.993
9 3 0.098 0.427 2.016
9 4 0.100 0.617 1.997
9 5 -0.044 0.310 1.978
9 6 -0.103 0.064 1.940
9 7 -0.099 -0.118 1.880
9 8 -0.135 -0.165 1.880
9 9 0.273 0.320 2.052
9 10 0.325 0.075 2.005
9 11 0.371 -0.160 1.909
9 12 0.384 -0.247 1.894
9 13 0.062 -0.016 1.914
9 14 -0.000 -0.457 1.935
9 15 -0.032 -0.738 1.962
9 16 -0.014 -0.769 1.886
9 17 0.186 -0.018 1.943
9 18 0.227 -0.446 1.976
9 19 0.242 -0.743 1.991
9 20 0.260 -0.774 1.916
10 1 0.121 0.054 1.945
10 2 0.108 0.107 1.993
10 3 0.098 0.428 2.016
10 4 0.099 0.618 1.999
10 5 -0.045 0.310 1.978
10 6 -0.103 0.063 1.941
10 7 -0.098 -0.118 1.881
10 8 -0.136 -0.164 1.881
10 9 0.273 0.319 2.050
10 10 0.328 0.071 2.003
10 11 0.375 -0.173 1.924
10 12 0.391 -0.260 1.922
10 13 0.061 -0.016 1.915
10 14 -0.000 -0.457 1.935
10 15 -0.032 -0.738 1.962
10 16 -0.015 -0.769 1.886
10 17 0.186 -0.017 1.942
10 18 0.227 -0.446 1.976
10 19 0.242 -0.743 1.991
10 20 0.260 -0.774 1.916
11 1 0.120 0.054 1.945
11 2 0.108 0.107 1.993
11 3 0.098 0.428 2.017
11 4 0.098 0.618 2.001
11 5 -0.045 0.310 1.979
11 6 -0.102 0.063 1.941
11 7 -0.098 -0.118 1.881
11 8 -0.136 -0.164 1.881
11 9 0.274 0.319 2.048
11 10 0.329 0.069 2.001
11 11 0.378 -0.180 1.938
11 12 0.395 -0.264 1.945
11 13 0.060 -0.016 1.915
11 14 -0.000 -0.457 1.935
11 15 -0.031 -0.738 1.962
11 16 -0.015 -0.769 1.886
11 17 0.185 -0.017 1.941
11 18 0.227 -0.446 1.976
11 19 0.242 -0.743 1.991
11 20 0.259 -0.774 1.916
12 1 0.120 0.054 1.945
12 2 0.108 0.107 1.993
12 3 0.098 0.429 2.017
12 4 0.097 0.618 2.002
12 5 -0.045 0.310 1.980
12 6 -0.101 0.063 1.942
12 7 -0.097 -0.118 1.881
12 8 -0.135 -0.164 1.881
12 9 0.274 0.318 2.046
12 10 0.331 0.068 2.000
12 11 0.379 -0.180 1.958
12 12 0.395 -0.263 1.965
12 13 0.060 -0.016 1.915
12 14 -0.000 -0.457 1.935
12 15 -0.031 -0.738 1.962
12 16 -0.015 -0.769 1.886
12 17 0.184 -0.018 1.940
12 18 0.228 -0.446 1.975
12 19 0.242 -0.743 1.991
12 20 0.259 -0.774 1.916
13 1 0.119 0.054 1.944
13 2 0.108 0.107 1.993
13 3 0.098 0.429 2.017
13 4 0.096 0.619 2.003
13 5 -0.046 0.310 1.982
13 6 -0.101 0.063 1.942
13 7 -0.097 -0.118 1.882
13 8 -0.134 -0.165 1.880
13 9 0.275 0.317 2.044
13 10 0.332 0.067 1.999
13 11 0.379 -0.178 1.973
13 12 0.393 -0.260 1.979
13 13 0.059 -0.016 1.916
13 14 0.000 -0.457 1.935
13 15 -0.031 -0.738 1.962
13 16 -0.015 -0.769 1.886
13 17 0.183 -0.018 1.938
13 18 0.228 -0.446 1.975
13 19 0.242 -0.743 1.991
13 20 0.259 -0.774 1.916
14 1 0.119 0.054 1.944
14 2 0.108 0.107 1.993
14 3 0.099 0.430 2.018
14 4 0.096 0.619 2.004
14 5 -0.046 0.310 1.983
14 6 -0.100 0.063 1.943
14 7 -0.097 -0.118 1.882
14 8 -0.133 -0.165 1.880
14 9 0.275 0.317 2.043
14 10 0.333 0.066 2.000
14 11 0.378 -0.176 1.985
14 12 0.389 -0.257 1.989
14 13 0.058 -0.016 1.916
14 14 0.000 -0.457 1.936
14 15 -0.031 -0.738 1.962
14 16 -0.015 -0.769 1.885
14 17 0.183 -0.018 1.937
14 18 0.228 -0.446 1.974
14 19 0.242 -0.743 1.991
14 20 0.258 -0.774 1.915
15 1 0.118 0.054 1.944
15 2 0.108 0.107 1.993
15 3 0.099 0.430 2.018
15 4 0.096 0.619 2.005
15 5 -0.046 0.310 1.984
15 6 -0.100 0.062 1.943
15 7 -0.097 -0.118 1.882
15 8 -0.133 -0.165 1.880
15 9 0.275 0.316 2.041
15 10 0.334 0.065 2.005
15 11 0.375 -0.172 1.996
15 12 0.385 -0.252 1.995
15 13 0.057 -0.016 1.916
15 14 0.000 -0.457 1.936
15 15 -0.031 -0.738 1.961
15 16 -0.015 -0.769 1.885
15 17 0.182 -0.018 1.936
15 18 0.228 -0.446 1.974
15 19 0.242 -0.743 1.991
15 20 0.257 -0.774 1.915
16 1 0.118 0.054 1.944
16 2 0.108 0.107 1.993
16 3 0.099 0.431 2.018
16 4 0.095 0.619 2.006
16 5 -0.046 0.310 1.985
16 6 -0.100 0.062 1.944
16 7 -0.096 -0.119 1.882
16 8 -0.131 -0.166 1.879
16 9 0.275 0.315 2.040
16 10 0.336 0.065 2.012
16 11 0.374 -0.170 2.003
16 12 0.381 -0.249 2.000
16 13 0.057 -0.016 1.916
16 14 0.000 -0.457 1.936
16 15 -0.031 -0.738 1.961
16 16 -0.016 -0.769 1.885
16 17 0.182 -0.019 1.935
16 18 0.228 -0.446 1.973
16 19 0.242 -0.743 1.991
16 20 0.257 -0.774 1.915
17 1 0.117 0.053 1.944
17 2 0.108 0.107 1.993
17 3 0.100 0.431 2.019
17 4 0.095 0.619 2.006
17 5 -0.046 0.310 1.985
17 6 -0.099 0.062 1.944
17 7 -0.096 -0.119 1.882
17 8 -0.130 -0.166 1.879
17 9 0.275 0.315 2.039
17 10 0.339 0.065 2.021
17 11 0.372 -0.168 2.008
17 12 0.378 -0.245 2.002
17 13 0.056 -0.016 1.917
17 14 0.000 -0.457 1.936
17 15 -0.031 -0.738 1.961
17 16 -0.016 -0.769 1.885
17 17 0.181 -0.019 1.934
17 18 0.229 -0.446 1.973
17 19 0.242 -0.743 1.991
17 20 0.257 -0.774 1.915
18 1 0.117 0.053 1.943
18 2 0.108 0.107 1.993
18 3 0.100 0.431 2.019
18 4 0.095 0.619 2.007
18 5 -0.047 0.310 1.986
18 6 -0.099 0.062 1.944
18 7 -0.096 -0.119 1.882
18 8 -0.129 -0.167 1.879
18 9 0.275 0.314 2.038
18 10 0.341 0.065 2.029
18 11 0.371 -0.166 2.011
18 12 0.375 -0.243 2.003
18 13 0.056 -0.017 1.917
18 14 0.000 -0.457 1.936
18 15 -0.031 -0.738 1.961
18 16 -0.016 -0.769 1.885
18 17 0.181 -0.019 1.934
18 18 0.229 -0.446 1.973
18 19 0.242 -0.743 1.991
18 20 0.256 -0.774 1.915
19 1 0.117 0.053 1.943
19 2 0.108 0.107 1.993
19 3 0.100 0.431 2.019
19 4 0.095 0.618 2.007
19 5 -0.047 0.310 1.987
19 6 -0.099 0.062 1.945
19 7 -0.096 -0.119 1.883
19 8 -0.129 -0.167 1.878
19 9 0.276 0.314 2.038
19 10 0.343 0.065 2.035
19 11 0.370 -0.165 2.013
19 12 0.373 -0.242 2.003
19 13 0.055 -0.017 1.917
19 14 0.000 -0.457 1.936
19 15 -0.031 -0.738 1.961
19 16 -0.016 -0.769 1.885
19 17 0.181 -0.020 1.933
19 18 0.229 -0.446 1.972
19 19 0.242 -0.743 1.991
19 20 0.256 -0.774 1.914
20 1 0.117 0.053 1.943
20 2 0.108 0.107 1.993
20 3 0.101 0.431 2.020
20 4 0.095 0.618 2.007
20 5 -0.047 0.310 1.987
20 6 -0.098 0.062 1.945
20 7 -0.096 -0.119 1.883
20 8 -0.128 -0.167 1.878
20 9 0.276 0.313 2.038
20 10 0.344 0.065 2.039
20 11 0.369 -0.164 2.015
20 12 0.371 -0.240 2.002
20 13 0.055 -0.017 1.917
20 14 0.000 -0.457 1.936
20 15 -0.031 -0.738 1.961
20 16 -0.016 -0.769 1.885
20 17 0.181 -0.020 1.933
20 18 0.229 -0.446 1.972
20 19 0.242 -0.743 1.991
20 20 0.256 -0.774 1.914
21 1 0.116 0.053 1.943
21 2 0.108 0.106 1.993
21 3 0.101 0.432 2.020
21 4 0.095 0.618 2.008
21 5 -0.047 0.310 1.988
21 6 -0.098 0.062 1.945
21 7 -0.095 -0.119 1.883
21 8 -0.127 -0.168 1.878
21 9 0.276 0.313 2.037
21 10 0.344 0.065 2.042
21 11 0.368 -0.163 2.015
21 12 0.370 -0.239 2.001
21 13 0.055 -0.017 1.917
21 14 0.000 -0.457 1.936
21 15 -0.031 -0.738 1.961
21 16 -0.017 -0.769 1.885
21 17 0.181 -0.020 1.933
21 18 0.229 -0.447 1.971
21 19 0.242 -0.743 1.991
21 20 0.255 -0.774 1.914
22 1 0.116 0.052 1.943
22 2 0.108 0.106 1.993
22 3 0.101 0.432 2.020
22 4 0.095 0.618 2.008
22 5 -0.047 0.310 1.988
22 6 -0.098 0.062 1.945
22 7 -0.095 -0.119 1.883
22 8 -0.126 -0.168 1.877
22 9 0.276 0.312 2.037
22 10 0.345 0.065 2.044
22 11 0.368 -0.162 2.014
22 12 0.369 -0.237 1.995
22 13 0.054 -0.018 1.917
22 14 0.000 -0.457 1.936
22 15 -0.031 -0.738 1.961
22 16 -0.017 -0.769 1.885
22 17 0.181 -0.021 1.933
22 18 0.229 -0.447 1.971
22 19 0.242 -0.743 1.991
22 20 0.255 -0.774 1.914
23 1 0.116 0.052 1.943
23 2 0.108 0.106 1.993
23 3 0.101 0.432 2.021
23 4 0.095 0.618 2.008
23 5 -0.047 0.310 1.988
23 6 -0.098 0.062 1.946
23 7 -0.095 -0.119 1.883
23 8 -0.125 -0.168 1.877
23 9 0.276 0.312 2.038
23 10 0.345 0.065 2.045
23 11 0.367 -0.160 2.010
23 12 0.371 -0.233 1.981
23 13 0.054 -0.018 1.917
23 14 0.000 -0.456 1.936
23 15 -0.030 -0.737 1.961
23 16 -0.017 -0.768 1.885
23 17 0.181 -0.021 1.933
23 18 0.230 -0.447 1.971
23 19 0.242 -0.743 1.991
23 20 0.255 -0.774 1.914
24 1 0.116 0.052 1.943
24 2 0.108 0.106 1.993
24 3 0.102 0.432 2.021
24 4 0.096 0.617 2.008
24 5 -0.047 0.310 1.988
24 6 -0.098 0.062 1.946
24 7 -0.094 -0.119 1.882
24 8 -0.125 -0.168 1.877
24 9 0.277 0.312 2.038
24 10 0.345 0.065 2.046
24 11 0.369 -0.155 1.999
24 12 0.382 -0.222 1.956
24 13 0.054 -0.018 1.917
24 14 0.001 -0.456 1.936
24 15 -0.030 -0.737 1.961
24 16 -0.017 -0.768 1.884
24 17 0.181 -0.021 1.933
24 18 0.230 -0.447 1.971
24 19 0.242 -0.743 1.991
24 20 0.255 -0.774 1.914
25 1 0.116 0.051 1.943
25 2 0.108 0.106 1.993
25 3 0.102 0.432 2.021
25 4 0.096 0.617 2.008
25 5 -0.047 0.310 1.988
25 6 -0.098 0.062 1.946
25 7 -0.094 -0.119 1.882
25 8 -0.124 -0.169 1.876
25 9 0.277 0.312 2.039
25 10 0.345 0.065 2.047
25 11 0.375 -0.140 1.983
25 12 0.394 -0.202 1.934
25 13 0.054 -0.019 1.917
25 14 0.001 -0.456 1.936
25 15 -0.030 -0.737 1.961
25 16 -0.017 -0.768 1.884
25 17 0.181 -0.022 1.932
25 18 0.230 -0.447 1.971
25 19 0.242 -0.743 1.991
25 20 0.255 -0.774 1.914
26 1 0.116 0.051 1.943
26 2 0.108 0.105 1.993
26 3 0.102 0.432 2.021
26 4 0.097 0.616 2.007
26 5 -0.046 0.310 1.988
26 6 -0.097 0.062 1.945
26 7 -0.093 -0.119 1.881
26 8 -0.123 -0.169 1.875
26 9 0.277 0.312 2.041
26 10 0.344 0.066 2.048
26 11 0.383 -0.125 1.971
26 12 0.412 -0.175 1.913
26 13 0.054 -0.019 1.917
26 14 0.001 -0.456 1.936
26 15 -0.030 -0.737 1.961
26 16 -0.017 -0.768 1.884
26 17 0.181 -0.022 1.933
26 18 0.230 -0.447 1.971
26 19 0.242 -0.743 1.991
26 20 0.255 -0.774 1.914
27 1 0.116 0.050 1.943
27 2 0.108 0.105 1.993
27 3 0.102 0.432 2.021
27 4 0.098 0.615 2.006
27 5 -0.046 0.310 1.988
27 6 -0.097 0.061 1.945
27 7 -0.093 -0.119 1.881
27 8 -0.122 -0.169 1.875
27 9 0.277 0.312 2.043
27 10 0.344 0.066 2.049
27 11 0.396 -0.103 1.960
27 12 0.438 -0.141 1.896
27 13 0.054 -0.019 1.917
27 14 0.001 -0.456 1.936
27 15 -0.030 -0.737 1.961
27 16 -0.017 -0.768 1.884
27 17 0.181 -0.023 1.933
27 18 0.230 -0.447 1.970
27 19 0.242 -0.743 1.991
27 20 0.255 -0.774 1.914
28 1 0.116 0.050 1.942
28 2 0.108 0.104 1.993
28 3 0.103 0.432 2.022
28 4 0.100 0.613 2.005
28 5 -0.046 0.309 1.988
28 6 -0.097 0.061 1.945
28 7 -0.092 -0.119 1.880
28 8 -0.094 -0.185 1.863
28 9 0.277 0.313 2.046
28 10 0.344 0.066 2.049
28 11 0.409 -0.085 1.952
28 12 0.456 -0.118 1.889
28 13 0.054 -0.020 1.917
28 14 0.001 -0.457 1.936
28 15 -0.030 -0.737 1.961
28 16 -0.016 -0.768 1.884
28 17 0.182 -0.023 1.933
28 18 0.230 -0.448 1.970
28 19 0.243 -0.743 1.991
28 20 0.255 -0.774 1.914
29 1 0.116 0.049 1.942
29 2 0.107 0.104 1.993
29 3 0.103 0.431 2.022
29 4 0.101 0.611 2.003
29 5 -0.045 0.309 1.987
29 6 -0.097 0.061 1.944
29 7 -0.092 -0.119 1.879
29 8 -0.082 -0.192 1.857
29 9 0.276 0.313 2.049
29 10 0.343 0.066 2.050
29 11 0.428 -0.065 1.946
29 12 0.483 -0.092 1.885
29 13 0.054 -0.020 1.916
29 14 0.001 -0.457 1.936
29 15 -0.030 -0.737 1.961
29 16 -0.016 -0.768 1.884
29 17 0.182 -0.024 1.933
29 18 0.230 -0.448 1.970
29 19 0.243 -0.743 1.991
29 20 0.256 -0.774 1.914
30 1 0.117 0.049 1.942
30 2 0.107 0.103 1.993
30 3 0.103 0.431 2.022
30 4 0.102 0.610 2.001
30 5 -0.044 0.309 1.987
30 6 -0.097 0.061 1.944
30 7 -0.091 -0.119 1.878
30 8 -0.076 -0.196 1.855
30 9 0.276 0.313 2.052
30 10 0.343 0.067 2.051
30 11 0.446 -0.051 1.944
30 12 0.508 -0.073 1.888
30 13 0.055 -0.020 1.916
30 14 0.001 -0.457 1.936
30 15 -0.030 -0.737 1.961
30 16 -0.016 -0.768 1.884
30 17 0.182 -0.024 1.933
30 18 0.230 -0.448 1.970
30 19 0.243 -0.743 1.991
30 20 0.256 -0.774 1.914
31 1 0.117 0.048 1.942
31 2 0.107 0.103 1.993
31 3 0.103 0.431 2.023
31 4 0.103 0.609 2.000
31 5 -0.044 0.309 1.987
31 6 -0.097 0.061 1.943
31 7 -0.091 -0.119 1.877
31 8 -0.072 -0.198 1.853
31 9 0.276 0.313 2.054
31 10 0.343 0.067 2.051
31 11 0.464 -0.041 1.945
31 12 0.532 -0.060 1.895
31 13 0.055 -0.021 1.916
31 14 0.001 -0.457 1.936
31 15 -0.030 -0.737 1.961
31 16 -0.016 -0.768 1.884
31 17 0.183 -0.025 1.933
31 18 0.230 -0.448 1.970
31 19 0.243 -0.743 1.991
31 20 0.257 -0.774 1.914
32 1 0.117 0.048 1.942
32 2 0.107 0.102 1.993
32 3 0.103 0.431 2.023
32 4 0.104 0.608 1.999
32 5 -0.044 0.309 1.987
32 6 -0.097 0.061 1.943
32 7 -0.091 -0.119 1.876
32 8 -0.069 -0.199 1.852
32 9 0.276 0.313 2.055
32 10 0.344 0.067 2.052
32 11 0.484 -0.033 1.950
32 12 0.552 -0.055 1.906
32 13 0.055 -0.021 1.916
32 14 0.001 -0.457 1.936
32 15 -0.030 -0.737 1.961
32 16 -0.015 -0.768 1.885
32 17 0.183 -0.025 1.934
32 18 0.230 -0.448 1.970
32 19 0.243 -0.743 1.991
32 20 0.257 -0.774 1.914
33 1 0.117 0.048 1.942
33 2 0.107 0.102 1.993
33 3 0.103 0.431 2.023
33 4 0.104 0.607 1.998
33 5 -0.043 0.309 1.986
33 6 -0.097 0.061 1.942
33 7 -0.091 -0.119 1.875
33 8 -0.068 -0.200 1.851
33 9 0.276 0.313 2.056
33 10 0.345 0.068 2.053
33 11 0.520 -0.035 1.957
33 12 0.575 -0.058 1.920
33 13 0.055 -0.021 1.916
33 14 0.001 -0.457 1.936
33 15 -0.030 -0.737 1.961
33 16 -0.015 -0.768 1.885
33 17 0.183 -0.025 1.934
33 18 0.230 -0.448 1.971
33 19 0.243 -0.743 1.991
33 20 0.257 -0.774 1.914
34 1 0.117 0.047 1.942
34 2 0.107 0.102 1.993
34 3 0.103 0.430 2.024
34 4 0.105 0.607 1.998
34 5 -0.043 0.309 1.986
34 6 -0.097 0.061 1.942
34 7 -0.091 -0.119 1.875
34 8 -0.067 -0.200 1.851
34 9 0.276 0.313 2.057
34 10 0.350 0.070 2.052
34 11 0.535 -0.036 1.960
34 12 0.590 -0.065 1.932
34 13 0.055 -0.022 1.916
34 14 0.001 -0.457 1.936
34 15 -0.030 -0.737 1.961
34 16 -0.015 -0.768 1.885
34 17 0.183 -0.026 1.934
34 18 0.230 -0.448 1.971
34 19 0.243 -0.743 1.991
34 20 0.257 -0.774 1.914
35 1 0.117 0.047 1.942
35 2 0.107 0.101 1.993
35 3 0.103 0.430 2.024
35 4 0.105 0.606 1.997
35 5 -0.043 0.309 1.986
35 6 -0.097 0.061 1.942
35 7 -0.091 -0.119 1.875
35 8 -0.068 -0.200 1.851
35 9 0.276 0.313 2.058
35 10 0.355 0.072 2.051
35 11 0.544 -0.038 1.962
35 12 0.598 -0.071 1.940
35 13 0.055 -0.022 1.916
35 14 0.001 -0.457 1.936
35 15 -0.030 -0.737 1.961
35 16 -0.015 -0.768 1.885
35 17 0.183 -0.026 1.934
35 18 0.230 -0.448 1.971
35 19 0.243 -0.743 1.991
35 20 0.257 -0.774 1.914
36 1 0.117 0.047 1.943
36 2 0.107 0.101 1.993
36 3 0.103 0.430 2.024
36 4 0.105 0.606 1.997
36 5 -0.043 0.309 1.986
36 6 -0.097 0.061 1.942
36 7 -0.091 -0.119 1.875
36 8 -0.069 -0.200 1.853
36 9 0.276 0.313 2.058
36 10 0.361 0.074 2.046
36 11 0.548 -0.042 1.962
36 12 0.602 -0.078 1.944
36 13 0.055 -0.022 1.916
36 14 0.001 -0.457 1.936
36 15 -0.030 -0.737 1.961
36 16 -0.015 -0.768 1.884
36 17 0.183 -0.026 1.935
36 18 0.230 -0.448 1.971
36 19 0.243 -0.743 1.991
36 20 0.258 -0.774 1.914
37 1 0.117 0.047 1.943
37 2 0.107 0.101 1.993
37 3 0.103 0.430 2.025
37 4 0.105 0.606 1.997
37 5 -0.044 0.309 1.987
37 6 -0.097 0.061 1.942
37 7 -0.091 -0.119 1.875
37 8 -0.071 -0.199 1.855
37 9 0.276 0.313 2.059
37 10 0.366 0.075 2.037
37 11 0.532 -0.053 1.937
37 12 0.586 -0.090 1.929
37 13 0.055 -0.022 1.916
37 14 0.001 -0.457 1.936
37 15 -0.030 -0.737 1.961
37 16 -0.015 -0.768 1.884
37 17 0.183 -0.026 1.935
37 18 0.230 -0.448 1.971
37 19 0.243 -0.743 1.991
37 20 0.258 -0.774 1.914
38 1 0.117 0.047 1.943
38 2 0.107 0.101 1.994
38 3 0.103 0.429 2.025
38 4 0.104 0.606 1.997
38 5 -0.044 0.309 1.989
38 6 -0.098 0.061 1.943
38 7 -0.092 -0.119 1.878
38 8 -0.073 -0.199 1.857
38 9 0.276 0.313 2.059
38 10 0.369 0.076 2.024
38 11 0.497 -0.052 1.899
38 12 0.556 -0.095 1.887
38 13 0.055 -0.022 1.916
38 14 0.001 -0.457 1.936
38 15 -0.030 -0.737 1.961
38 16 -0.015 -0.768 1.884
38 17 0.184 -0.026 1.935
38 18 0.230 -0.448 1.971
38 19 0.243 -0.743 1.991
38 20 0.258 -0.774 1.914
39 1 0.117 0.047 1.943
39 2 0.107 0.101 1.994
39 3 0.103 0.429 2.026
39 4 0.104 0.606 1.997
39 5 -0.045 0.309 1.991
39 6 -0.098 0.061 1.945
39 7 -0.093 -0.120 1.881
39 8 -0.075 -0.198 1.860
39 9 0.276 0.313 2.059
39 10 0.367 0.076 2.005
39 11 0.453 -0.045 1.850
39 12 0.511 -0.087 1.823
39 13 0.054 -0.022 1.916
39 14 0.001 -0.457 1.936
39 15 -0.030 -0.737 1.961
39 16 -0.015 -0.768 1.884
39 17 0.184 -0.026 1.935
39 18 0.230 -0.448 1.971
39 19 0.243 -0.743 1.991
39 20 0.258 -0.774 1.914
40 1 0.117 0.047 1.943
40 2 0.107 0.101 1.994
40 3 0.102 0.429 2.026
40 4 0.103 0.607 1.997
40 5 -0.046 0.309 1.992
40 6 -0.099 0.061 1.947
40 7 -0.094 -0.120 1.884
40 8 -0.077 -0.198 1.862
40 9 0.276 0.313 2.058
40 10 0.356 0.086 1.989
40 11 0.395 -0.017 1.804
40 12 0.443 -0.053 1.753
40 13 0.054 -0.023 1.917
40 14 0.001 -0.457 1.936
40 15 -0.030 -0.737 1.961
40 16 -0.016 -0.768 1.884
40 17 0.184 -0.027 1.935
40 18 0.230 -0.448 1.971
40 19 0.243 -0.743 1.990
40 20 0.257 -0.774 1.914
41 1 0.117 0.046 1.943
41 2 0.107 0.100 1.994
41 3 0.102 0.429 2.027
41 4 0.103 0.607 1.997
41 5 -0.047 0.309 1.994
41 6 -0.099 0.061 1.950
41 7 -0.094 -0.120 1.886
41 8 -0.079 -0.198 1.866
41 9 0.276 0.313 2.058
41 10 0.342 0.099 1.979
41 11 0.331 0.023 1.732
41 12 0.353 0.003 1.670
41 13 0.054 -0.023 1.918
41 14 0.001 -0.457 1.936
41 15 -0.030 -0.737 1.961
41 16 -0.016 -0.768 1.884
41 17 0.184 -0.027 1.935
41 18 0.230 -0.448 1.971
41 19 0.243 -0.743 1.990
41 20 0.257 -0.774 1.914
42 1 0.116 0.046 1.944
42 2 0.107 0.100 1.995
42 3 0.102 0.429 2.027
42 4 0.102 0.607 1.998
42 5 -0.048 0.309 1.996
42 6 -0.099 0.060 1.952
42 7 -0.095 -0.120 1.888
42 8 -0.121 -0.168 1.881
42 9 0.277 0.313 2.057
42 10 0.343 0.130 1.985
42 11 0.265 0.085 1.715
42 12 0.248 0.072 1.633
42 13 0.053 -0.023 1.918
42 14 0.001 -0.457 1.936
42 15 -0.030 -0.737 1.961
42 16 -0.016 -0.768 1.884
42 17 0.184 -0.027 1.935
42 18 0.230 -0.448 1.971
42 19 0.243 -0.743 1.990
42 20 0.257 -0.774 1.913
43 1 0.116 0.046 1.944
43 2 0.107 0.100 1.995
43 3 0.102 0.428 2.028
43 4 0.102 0.607 1.998
43 5 -0.048 0.309 1.997
43 6 -0.099 0.060 1.953
43 7 -0.095 -0.120 1.890
43 8 -0.135 -0.157 1.887
43 9 0.277 0.313 2.057
43 10 0.324 0.112 1.946
43 11 0.221 0.124 1.714
43 12 0.193 0.150 1.676
43 13 0.053 -0.023 1.919
43 14 0.001 -0.457 1.936
43 15 -0.030 -0.737 1.961
43 16 -0.016 -0.769 1.884
43 17 0.184 -0.027 1.935
43 18 0.230 -0.448 1.971
43 19 0.243 -0.743 1.991
43 20 0.257 -0.774 1.914
44 1 0.116 0.046 1.945
44 2 0.107 0.100 1.996
44 3 0.102 0.428 2.029
44 4 0.102 0.608 1.999
44 5 -0.048 0.309 1.999
44 6 -0.099 0.061 1.955
44 7 -0.095 -0.120 1.891
44 8 -0.144 -0.151 1.890
44 9 0.277 0.313 2.056
44 10 0.303 0.099 1.910
44 11 0.189 0.175 1.722
44 12 0.151 0.209 1.691
44 13 0.052 -0.024 1.920
44 14 0.001 -0.457 1.937
44 15 -0.030 -0.737 1.961
44 16 -0.017 -0.769 1.884
44 17 0.184 -0.027 1.935
44 18 0.230 -0.448 1.971
44 19 0.243 -0.743 1.991
44 20 0.257 -0.775 1.914
45 1 0.116 0.046 1.945
45 2 0.107 0.100 1.997
45 3 0.103 0.428 2.030
45 4 0.103 0.608 2.000
45 5 -0.048 0.310 2.001
45 6 -0.099 0.061 1.956
45 7 -0.095 -0.120 1.892
45 8 -0.125 -0.156 1.883
45 9 0.278 0.313 2.055
45 10 0.296 0.095 1.897
45 11 0.190 0.202 1.740
45 12 0.139 0.209 1.721
45 13 0.051 -0.024 1.922
45 14 0.001 -0.457 1.937
45 15 -0.030 -0.737 1.961
45 16 -0.017 -0.769 1.884
45 17 0.184 -0.027 1.935
45 18 0.230 -0.448 1.971
45 19 0.243 -0.743 1.991
45 20 0.257 -0.775 1.914
46 1 0.116 0.046 1.946
46 2 0.107 0.100 1.997
46 3 0.103 0.428 2.032
46 4 0.104 0.609 2.002
46 5 -0.048 0.310 2.003
46 6 -0.099 0.061 1.957
46 7 -0.094 -0.120 1.893
46 8 -0.119 -0.157 1.882
46 9 0.279 0.313 2.055
46 10 0.293 0.093 1.890
46 11 0.192 0.209 1.750
46 12 0.107 0.237 1.730
46 13 0.050 -0.025 1.924
46 14 0.001 -0.457 1.937
46 15 -0.030 -0.737 1.961
46 16 -0.018 -0.769 1.884
46 17 0.184 -0.027 1.936
46 18 0.230 -0.448 1.971
46 19 0.243 -0.744 1.991
46 20 0.257 -0.775 1.914
47 1 0.115 0.046 1.947
47 2 0.107 0.100 1.998
47 3 0.104 0.428 2.033
47 4 0.104 0.610 2.003
47 5 -0.048 0.311 2.004
47 6 -0.099 0.062 1.958
47 7 -0.094 -0.119 1.894
47 8 -0.113 -0.158 1.880
47 9 0.279 0.313 2.054
47 10 0.292 0.090 1.888
47 11 0.213 0.183 1.743
47 12 0.166 0.211 1.724
47 13 0.049 -0.025 1.926
47 14 0.001 -0.457 1.937
47 15 -0.030 -0.737 1.961
47 16 -0.018 -0.769 1.884
47 17 0.183 -0.027 1.936
47 18 0.230 -0.448 1.972
47 19 0.243 -0.744 1.991
47 20 0.257 -0.775 1.914
48 1 0.115 0.046 1.947
48 2 0.107 0.099 1.999
48 3 0.105 0.428 2.034
48 4 0.105 0.610 2.005
48 5 -0.047 0.311 2.006
48 6 -0.099 0.062 1.959
48 7 -0.094 -0.119 1.894
48 8 -0.109 -0.159 1.879
48 9 0.280 0.313 2.053
48 10 0.323 0.098 1.915
48 11 0.235 0.155 1.761
48 12 0.198 0.187 1.746
48 13 0.048 -0.026 1.928
48 14 0.001 -0.457 1.938
48 15 -0.030 -0.738 1.961
48 16 -0.018 -0.769 1.884
48 17 0.183 -0.027 1.936
48 18 0.230 -0.448 1.972
48 19 0.243 -0.744 1.991
48 20 0.257 -0.775 1.914
49 1 0.115 0.046 1.948
49 2 0.107 0.099 1.999
49 3 0.105 0.428 2.035
49 4 0.106 0.610 2.006
49 5 -0.047 0.312 2.007
49 6 -0.099 0.063 1.960
49 7 -0.093 -0.118 1.895
49 8 -0.106 -0.161 1.877
49 9 0.281 0.313 2.052
49 10 0.328 0.098 1.916
49 11 0.245 0.127 1.752
49 12 0.214 0.161 1.725
49 13 0.048 -0.026 1.929
49 14 0.001 -0.457 1.938
49 15 -0.030 -0.738 1.961
49 16 -0.019 -0.769 1.884
49 17 0.183 -0.027 1.936
49 18 0.230 -0.448 1.972
49 19 0.243 -0.744 1.991
49 20 0.256 -0.775 1.914
50 1 0.115 0.045 1.948
50 2 0.107 0.099 2.000
50 3 0.106 0.428 2.036
50 4 0.106 0.611 2.007
50 5 -0.047 0.312 2.008
50 6 -0.099 0.063 1.961
50 7 -0.093 -0.118 1.895
50 8 -0.104 -0.161 1.877
50 9 0.281 0.313 2.052
50 10 0.357 0.127 1.967
50 11 0.262 0.101 1.765
50 12 0.236 0.134 1.729
50 13 0.047 -0.026 1.930
50 14 0.001 -0.457 1.939
50 15 -0.030 -0.738 1.961
50 16 -0.019 -0.769 1.884
50 17 0.183 -0.027 1.936
50 18 0.230 -0.449 1.972
50 19 0.244 -0.744 1.991
50 20 0.256 -0.775 1.914
51 1 0.114 0.045 1.949
51 2 0.107 0.099 2.001
51 3 0.107 0.428 2.037
51 4 0.107 0.611 2.007
51 5 -0.046 0.312 2.009
51 6 -0.098 0.063 1.961
51 7 -0.093 -0.118 1.896
51 8 -0.103 -0.162 1.877
51 9 0.282 0.313 2.051
51 10 0.374 0.146 2.001
51 11 0.269 0.091 1.768
51 12 0.243 0.120 1.730
51 13 0.047 -0.026 1.931
51 14 0.000 -0.457 1.939
51 15 -0.030 -0.738 1.961
51 16 -0.020 -0.769 1.884
51 17 0.183 -0.028 1.936
51 18 0.230 -0.449 1.972
51 19 0.244 -0.744 1.991
51 20 0.256 -0.775 1.914
52 1 0.114 0.045 1.949
52 2 0.107 0.099 2.001
52 3 0.107 0.428 2.038
52 4 0.107 0.611 2.008
52 5 -0.046 0.312 2.010
52 6 -0.098 0.063 1.962
52 7 -0.094 -0.117 1.896
52 8 -0.102 -0.163 1.876
52 9 0.283 0.313 2.051
52 10 0.380 0.152 2.013
52 11 0.272 0.084 1.770
52 12 0.244 0.109 1.729
52 13 0.047 -0.027 1.931
52 14 0.000 -0.457 1.939
52 15 -0.031 -0.738 1.961
52 16 -0.020 -0.769 1.884
52 17 0.183 -0.028 1.936
52 18 0.230 -0.449 1.972
52 19 0.244 -0.744 1.991
52 20 0.256 -0.775 1.914
53 1 0.114 0.045 1.950
53 2 0.107 0.099 2.002
53 3 0.108 0.428 2.038
53 4 0.108 0.611 2.009
53 5 -0.046 0.312 2.010
53 6 -0.098 0.064 1.963
53 7 -0.094 -0.117 1.897
53 8 -0.101 -0.164 1.876
53 9 0.283 0.313 2.051
53 10 0.384 0.156 2.023
53 11 0.275 0.080 1.772
53 12 0.239 0.096 1.733
53 13 0.047 -0.027 1.932
53 14 0.000 -0.457 1.940
53 15 -0.031 -0.738 1.961
53 16 -0.020 -0.769 1.884
53 17 0.183 -0.028 1.936
53 18 0.230 -0.449 1.972
53 19 0.244 -0.744 1.991
53 20 0.256 -0.775 1.914
54 1 0.114 0.045 1.951
54 2 0.108 0.099 2.003
54 3 0.108 0.428 2.039
54 4 0.108 0.611 2.009
54 5 -0.046 0.313 2.011
54 6 -0.098 0.064 1.963
54 7 -0.094 -0.117 1.897
54 8 -0.101 -0.164 1.876
54 9 0.284 0.313 2.051
54 10 0.385 0.157 2.029
54 11 0.277 0.076 1.774
54 12 0.239 0.092 1.735
54 13 0.047 -0.027 1.932
54 14 -0.000 -0.457 1.940
54 15 -0.031 -0.738 1.961
54 16 -0.021 -0.769 1.884
54 17 0.182 -0.028 1.937
54 18 0.230 -0.449 1.973
54 19 0.244 -0.744 1.991
54 20 0.255 -0.775 1.914
55 1 0.114 0.045 1.951
55 2 0.108 0.099 2.003
55 3 0.109 0.427 2.039
55 4 0.109 0.611 2.009
55 5 -0.045 0.313 2.011
55 6 -0.098 0.064 1.963
55 7 -0.095 -0.117 1.897
55 8 -0.101 -0.165 1.876
55 9 0.285 0.313 2.051
55 10 0.383 0.155 2.034
55 11 0.278 0.074 1.776
55 12 0.237 0.090 1.739
55 13 0.047 -0.027 1.933
55 14 -0.000 -0.457 1.941
55 15 -0.031 -0.738 1.961
55 16 -0.021 -0.769 1.884
55 17 0.182 -0.028 1.938
55 18 0.230 -0.449 1.973
55 19 0.244 -0.744 1.991
55 20 0.255 -0.775 1.914
56 1 0.114 0.045 1.952
56 2 0.108 0.099 2.004
56 3 0.109 0.427 2.039
56 4 0.109 0.611 2.009
56 5 -0.045 0.313 2.011
56 6 -0.098 0.064 1.964
56 7 -0.095 -0.116 1.898
56 8 -0.101 -0.165 1.877
56 9 0.286 0.313 2.052
56 10 0.380 0.153 2.037
56 11 0.278 0.075 1.779
56 12 0.249 0.049 1.767
56 13 0.047 -0.027 1.933
56 14 -0.001 -0.457 1.941
56 15 -0.031 -0.738 1.961
56 16 -0.021 -0.769 1.884
56 17 0.182 -0.028 1.938
56 18 0.230 -0.449 1.973
56 19 0.244 -0.744 1.991
56 20 0.255 -0.776 1.914
57 1 0.114 0.045 1.953
57 2 0.108 0.099 2.005
57 3 0.109 0.427 2.040
57 4 0.110 0.611 2.009
57 5 -0.045 0.313 2.012
57 6 -0.098 0.064 1.964
57 7 -0.096 -0.116 1.899
57 8 -0.101 -0.166 1.877
57 9 0.286 0.313 2.052
57 10 0.377 0.150 2.040
57 11 0.279 0.076 1.783
57 12 0.251 0.049 1.741
57 13 0.047 -0.027 1.933
57 14 -0.001 -0.457 1.942
57 15 -0.031 -0.738 1.961
57 16 -0.021 -0.770 1.884
57 17 0.182 -0.028 1.939
57 18 0.229 -0.449 1.974
57 19 0.244 -0.744 1.991
57 20 0.255 -0.776 1.914
58 1 0.114 0.046 1.953
58 2 0.108 0.099 2.005
58 3 0.110 0.427 2.040
58 4 0.110 0.611 2.010
58 5 -0.045 0.313 2.012
58 6 -0.098 0.064 1.964
58 7 -0.096 -0.116 1.899
58 8 -0.101 -0.166 1.877
58 9 0.287 0.313 2.053
58 10 0.375 0.149 2.042
58 11 0.280 0.079 1.786
58 12 0.255 0.052 1.728
58 13 0.047 -0.027 1.933
58 14 -0.001 -0.457 1.942
58 15 -0.031 -0.738 1.962
58 16 -0.021 -0.770 1.884
58 17 0.182 -0.028 1.940
58 18 0.229 -0.449 1.975
58 19 0.244 -0.744 1.991
58 20 0.255 -0.776 1.914
59 1 0.114 0.046 1.954
59 2 0.108 0.099 2.006
59 3 0.110 0.427 2.040
59 4 0.111 0.611 2.010
59 5 -0.044 0.313 2.012
59 6 -0.098 0.064 1.964
59 7 -0.098 -0.116 1.900
59 8 -0.102 -0.167 1.878
59 9 0.287 0.313 2.054
59 10 0.373 0.147 2.044
59 11 0.284 0.078 1.790
59 12 0.254 0.075 1.745
59 13 0.047 -0.026 1.934
59 14 -0.001 -0.457 1.942
59 15 -0.031 -0.738 1.962
59 16 -0.021 -0.770 1.884
59 17 0.182 -0.027 1.941
59 18 0.229 -0.449 1.975
59 19 0.244 -0.744 1.991
59 20 0.255 -0.776 1.914
60 1 0.115 0.046 1.955
60 2 0.108 0.099 2.006
60 3 0.110 0.428 2.040
60 4 0.111 0.611 2.010
60 5 -0.044 0.313 2.012
60 6 -0.098 0.065 1.965
60 7 -0.099 -0.116 1.901
60 8 -0.103 -0.167 1.878
60 9 0.288 0.313 2.054
60 10 0.371 0.145 2.045
60 11 0.288 0.076 1.792
60 12 0.259 0.086 1.749
60 13 0.047 -0.026 1.934
60 14 -0.001 -0.457 1.943
60 15 -0.031 -0.738 1.962
60 16 -0.022 -0.770 1.885
60 17 0.182 -0.027 1.942
60 18 0.229 -0.449 1.976
60 19 0.244 -0.744 1.991
60 20 0.255 -0.776 1.914
61 1 0.115 0.046 1.955
61 2 0.109 0.099 2.007
61 3 0.111 0.428 2.040
61 4 0.112 0.611 2.010
61 5 -0.044 0.313 2.012
61 6 -0.098 0.065 1.965
61 7 -0.099 -0.116 1.901
61 8 -0.096 -0.176 1.881
61 9 0.288 0.313 2.055
61 10 0.368 0.143 2.045
61 11 0.294 0.073 1.794
61 12 0.266 0.092 1.751
61 13 0.047 -0.026 1.934
61 14 -0.002 -0.457 1.943
61 15 -0.032 -0.739 1.962
61 16 -0.022 -0.770 1.885
61 17 0.183 -0.027 1.943
61 18 0.229 -0.449 1.976
61 19 0.244 -0.744 1.991
61 20 0.255 -0.776 1.914
62 1 0.115 0.046 1.956
62 2 0.109 0.100 2.007
62 3 0.111 0.428 2.040
62 4 0.112 0.611 2.010
62 5 -0.044 0.313 2.012
62 6 -0.098 0.065 1.965
62 7 -0.100 -0.115 1.902
62 8 -0.092 -0.182 1.883
62 9 0.289 0.313 2.055
62 10 0.357 0.138 2.044
62 11 0.298 0.069 1.793
62 12 0.277 0.095 1.747
62 13 0.047 -0.026 1.934
62 14 -0.002 -0.457 1.944
62 15 -0.032 -0.739 1.962
62 16 -0.022 -0.770 1.885
62 17 0.183 -0.027 1.944
62 18 0.229 -0.449 1.977
62 19 0.244 -0.744 1.991
62 20 0.255 -0.776 1.914
63 1 0.115 0.046 1.956
63 2 0.109 0.100 2.007
63 3 0.111 0.428 2.040
63 4 0.113 0.611 2.010
63 5 -0.044 0.313 2.012
63 6 -0.098 0.065 1.965
63 7 -0.100 -0.115 1.902
63 8 -0.089 -0.186 1.884
63 9 0.289 0.313 2.056
63 10 0.348 0.134 2.044
63 11 0.302 0.066 1.793
63 12 0.290 0.097 1.745
63 13 0.047 -0.026 1.935
63 14 -0.002 -0.457 1.944
63 15 -0.032 -0.739 1.962
63 16 -0.022 -0.770 1.885
63 17 0.183 -0.027 1.945
63 18 0.229 -0.449 1.978
63 19 0.244 -0.745 1.991
63 20 0.255 -0.776 1.914
64 1 0.115 0.046 1.957
64 2 0.109 0.100 2.008
64 3 0.111 0.428 2.040
64 4 0.113 0.611 2.010
64 5 -0.043 0.313 2.012
64 6 -0.097 0.065 1.965
64 7 -0.100 -0.115 1.902
64 8 -0.087 -0.188 1.885
64 9 0.289 0.313 2.056
64 10 0.341 0.131 2.044
64 11 0.307 0.062 1.792
64 12 0.297 0.097 1.744
64 13 0.048 -0.026 1.935
64 14 -0.002 -0.457 1.944
64 15 -0.032 -0.739 1.962
64 16 -0.022 -0.770 1.885
64 17 0.183 -0.027 1.946
64 18 0.229 -0.449 1.978
64 19 0.244 -0.745 1.992
64 20 0.255 -0.776 1.914
65 1 0.115 0.046 1.957
65 2 0.109 0.100 2.008
65 3 0.111 0.428 2.040
65 4 0.113 0.611 2.009
65 5 -0.043 0.313 2.012
65 6 -0.097 0.065 1.965
65 7 -0.100 -0.115 1.902
65 8 -0.086 -0.190 1.886
65 9 0.289 0.313 2.057
65 10 0.335 0.129 2.044
65 11 0.312 0.059 1.792
65 12 0.304 0.097 1.743
65 13 0.048 -0.026 1.935
65 14 -0.002 -0.457 1.944
65 15 -0.032 -0.739 1.963
65 16 -0.022 -0.770 1.885
65 17 0.183 -0.027 1.947
65 18 0.229 -0.449 1.978
65 19 0.244 -0.745 1.992
65 20 0.255 -0.776 1.914
66 1 0.116 0.046 1.957
66 2 0.109 0.100 2.008
66 3 0.112 0.428 2.040
66 4 0.113 0.611 2.009
66 5 -0.043 0.313 2.012
66 6 -0.097 0.065 1.965
66 7 -0.100 -0.115 1.902
66 8 -0.085 -0.191 1.886
66 9 0.289 0.313 2.057
66 10 0.331 0.127 2.044
66 11 0.315 0.058 1.790
66 12 0.315 0.104 1.749
66 13 0.048 -0.026 1.935
66 14 -0.002 -0.458 1.944
66 15 -0.032 -0.739 1.963
66 16 -0.022 -0.771 1.885
66 17 0.184 -0.027 1.947
66 18 0.229 -0.449 1.979
66 19 0.244 -0.745 1.992
66 20 0.255 -0.776 1.914
67 1 0.116 0.047 1.958
67 2 0.109 0.100 2.009
67 3 0.112 0.428 2.040
67 4 0.114 0.611 2.009
67 5 -0.043 0.313 2.012
67 6 -0.097 0.065 1.966
67 7 -0.100 -0.115 1.903
67 8 -0.084 -0.192 1.886
67 9 0.290 0.313 2.058
67 10 0.328 0.125 2.043
67 11 0.319 0.057 1.788
67 12 0.325 0.108 1.752
67 13 0.048 -0.025 1.935
67 14 -0.002 -0.458 1.945
67 15 -0.032 -0.739 1.963
67 16 -0.022 -0.771 1.885
67 17 0.184 -0.027 1.948
67 18 0.229 -0.449 1.979
67 19 0.244 -0.745 1.992
67 20 0.255 -0.776 1.914
68 1 0.116 0.047 1.958
68 2 0.110 0.100 2.009
68 3 0.112 0.428 2.040
68 4 0.114 0.611 2.009
68 5 -0.043 0.313 2.012
68 6 -0.097 0.065 1.966
68 7 -0.100 -0.115 1.903
68 8 -0.084 -0.192 1.886
68 9 0.290 0.313 2.058
68 10 0.326 0.122 2.042
68 11 0.322 0.057 1.785
68 12 0.334 0.068 1.718
68 13 0.048 -0.025 1.935
68 14 -0.002 -0.458 1.945
68 15 -0.032 -0.740 1.963
68 16 -0.022 -0.771 1.885
68 17 0.184 -0.027 1.949
68 18 0.229 -0.449 1.979
68 19 0.244 -0.745 1.992
68 20 0.255 -0.776 1.914
69 1 0.116 0.047 1.958
69 2 0.110 0.100 2.009
69 3 0.112 0.428 2.040
69 4 0.114 0.611 2.009
69 5 -0.043 0.313 2.012
69 6 -0.097 0.065 1.966
69 7 -0.100 -0.115 1.903
69 8 -0.083 -0.193 1.886
69 9 0.290 0.313 2.058
69 10 0.325 0.120 2.041
69 11 0.331 0.060 1.781
69 12 0.346 0.053 1.697
69 13 0.049 -0.025 1.936
69 14 -0.002 -0.458 1.945
69 15 -0.032 -0.740 1.963
69 16 -0.022 -0.771 1.885
69 17 0.184 -0.027 1.949
69 18 0.229 -0.449 1.980
69 19 0.244 -0.745 1.992
69 20 0.255 -0.776 1.914
70 1 0.116 0.047 1.959
70 2 0.110 0.100 2.009
70 3 0.112 0.428 2.040
70 4 0.114 0.611 2.009
70 5 -0.042 0.313 2.012
70 6 -0.097 0.065 1.966
70 7 -0.100 -0.115 1.903
70 8 -0.083 -0.193 1.887
70 9 0.290 0.313 2.059
70 10 0.324 0.118 2.040
70 11 0.337 0.063 1.778
70 12 0.351 0.047 1.688
70 13 0.049 -0.025 1.936
70 14 -0.002 -0.458 1.945
70 15 -0.033 -0.740 1.963
70 16 -0.022 -0.771 1.885
70 17 0.185 -0.027 1.949
70 18 0.229 -0.449 1.980
70 19 0.244 -0.745 1.992
70 20 0.255 -0.776 1.915
71 1 0.116 0.047 1.959
71 2 0.110 0.100 2.010
71 3 0.112 0.428 2.040
71 4 0.114 0.611 2.009
71 5 -0.042 0.314 2.012
71 6 -0.097 0.065 1.966
71 7 -0.100 -0.115 1.903
71 8 -0.083 -0.193 1.887
71 9 0.290 0.313 2.059
71 10 0.324 0.116 2.039
71 11 0.347 0.060 1.776
71 12 0.361 0.036 1.684
71 13 0.049 -0.025 1.936
71 14 -0.002 -0.458 1.945
71 15 -0.033 -0.740 1.963
71 16 -0.022 -0.771 1.886
71 17 0.185 -0.027 1.950
71 18 0.229 -0.449 1.980
71 19 0.244 -0.745 1.992
71 20 0.255 -0.776 1.915
72 1 0.117 0.047 1.959
72 2 0.110 0.100 2.010
72 3 0.112 0.428 2.040
72 4 0.114 0.611 2.009
72 5 -0.042 0.314 2.012
72 6 -0.097 0.065 1.966
72 7 -0.100 -0.115 1.903
72 8 -0.082 -0.193 1.887
72 9 0.290 0.313 2.060
72 10 0.324 0.113 2.039
72 11 0.367 0.037 1.828
72 12 0.367 0.036 1.741
72 13 0.049 -0.025 1.936
72 14 -0.002 -0.458 1.945
72 15 -0.033 -0.740 1.963
72 16 -0.022 -0.771 1.886
72 17 0.185 -0.027 1.950
72 18 0.229 -0.449 1.980
72 19 0.244 -0.745 1.992
72 20 0.255 -0.776 1.915
73 1 0.117 0.047 1.959
73 2 0.110 0.100 2.010
73 3 0.112 0.428 2.040
73 4 0.114 0.611 2.009
73 5 -0.042 0.314 2.012
73 6 -0.097 0.065 1.966
73 7 -0.099 -0.115 1.903
73 8 -0.082 -0.194 1.887
73 9 0.290 0.313 2.060
73 10 0.324 0.111 2.038
73 11 0.379 0.022 1.859
73 12 0.373 0.035 1.776
73 13 0.050 -0.025 1.936
73 14 -0.002 -0.458 1.945
73 15 -0.033 -0.740 1.963
73 16 -0.022 -0.771 1.886
73 17 0.185 -0.027 1.950
73 18 0.229 -0.449 1.980
73 19 0.244 -0.745 1.992
73 20 0.256 -0.776 1.915
74 1 0.117 0.047 1.959
74 2 0.110 0.101 2.010
74 3 0.112 0.428 2.040
74 4 0.115 0.611 2.010
74 5 -0.042 0.314 2.012
74 6 -0.097 0.065 1.966
74 7 -0.099 -0.115 1.903
74 8 -0.082 -0.194 1.887
74 9 0.290 0.313 2.060
74 10 0.325 0.109 2.037
74 11 0.383 0.018 1.870
74 12 0.376 0.035 1.793
74 13 0.050 -0.025 1.936
74 14 -0.002 -0.458 1.946
74 15 -0.033 -0.740 1.963
74 16 -0.022 -0.771 1.886
74 17 0.185 -0.027 1.951
74 18 0.229 -0.449 1.980
74 19 0.244 -0.745 1.992
74 20 0.256 -0.776 1.915
75 1 0.117 0.047 1.960
75 2 0.110 0.101 2.010
75 3 0.112 0.428 2.040
75 4 0.115 0.611 2.010
75 5 -0.042 0.314 2.012
75 6 -0.097 0.065 1.966
75 7 -0.099 -0.115 1.903
75 8 -0.082 -0.194 1.886
75 9 0.290 0.313 2.061
75 10 0.326 0.107 2.037
75 11 0.386 0.016 1.876
75 12 0.382 0.030 1.800
75 13 0.050 -0.025 1.936
75 14 -0.002 -0.458 1.946
75 15 -0.033 -0.740 1.963
75 16 -0.022 -0.771 1.886
75 17 0.186 -0.027 1.951
75 18 0.229 -0.449 1.980
75 19 0.244 -0.745 1.992
75 20 0.256 -0.776 1.915
76 1 0.117 0.047 1.960
76 2 0.110 0.101 2.010
76 3 0.112 0.428 2.041
76 4 0.115 0.611 2.010
76 5 -0.042 0.314 2.012
76 6 -0.097 0.065 1.966
76 7 -0.099 -0.115 1.903
76 8 -0.082 -0.193 1.886
76 9 0.290 0.313 2.061
76 10 0.326 0.105 2.037
76 11 0.388 0.016 1.879
76 12 0.388 0.025 1.803
76 13 0.050 -0.025 1.936
76 14 -0.002 -0.458 1.946
76 15 -0.033 -0.740 1.963
76 16 -0.022 -0.771 1.886
76 17 0.186 -0.027 1.951
76 18 0.230 -0.449 1.980
76 19 0.244 -0.745 1.992
76 20 0.256 -0.776 1.915
77 1 0.117 0.047 1.960
77 2 0.110 0.101 2.011
77 3 0.113 0.428 2.041
77 4 0.115 0.611 2.010
77 5 -0.042 0.314 2.012
77 6 -0.097 0.065 1.966
77 7 -0.098 -0.115 1.903
77 8 -0.082 -0.193 1.886
77 9 0.290 0.313 2.061
77 10 0.327 0.104 2.037
77 11 0.388 0.017 1.879
77 12 0.393 0.021 1.803
77 13 0.050 -0.025 1.936
77 14 -0.002 -0.458 1.946
77 15 -0.033 -0.740 1.963
77 16 -0.022 -0.771 1.886
77 17 0.186 -0.027 1.951
77 18 0.230 -0.449 1.981
77 19 0.244 -0.745 1.992
77 20 0.256 -0.776 1.915
78 1 0.117 0.047 1.960
78 2 0.111 0.101 2.011
78 3 0.113 0.428 2.041
78 4 0.115 0.611 2.010
78 5 -0.041 0.314 2.012
78 6 -0.097 0.065 1.966
78 7 -0.098 -0.115 1.903
78 8 -0.081 -0.193 1.886
78 9 0.290 0.313 2.061
78 10 0.328 0.103 2.037
78 11 0.388 0.018 1.878
78 12 0.397 0.017 1.802
78 13 0.051 -0.024 1.936
78 14 -0.002 -0.459 1.946
78 15 -0.033 -0.740 1.963
78 16 -0.022 -0.771 1.886
78 17 0.186 -0.027 1.951
78 18 0.230 -0.449 1.981
78 19 0.244 -0.745 1.992
78 20 0.256 -0.776 1.915
79 1 0.118 0.047 1.960
79 2 0.111 0.101 2.011
79 3 0.113 0.428 2.041
79 4 0.115 0.610 2.010
79 5 -0.041 0.313 2.012
79 6 -0.097 0.065 1.966
79 7 -0.098 -0.115 1.903
79 8 -0.081 -0.193 1.886
79 9 0.290 0.313 2.061
79 10 0.328 0.102 2.037
79 11 0.388 0.019 1.877
79 12 0.401 0.015 1.801
79 13 0.051 -0.024 1.936
79 14 -0.002 -0.459 1.946
79 15 -0.033 -0.740 1.963
79 16 -0.022 -0.771 1.886
79 17 0.186 -0.027 1.951
79 18 0.230 -0.449 1.981
79 19 0.244 -0.745 1.992
79 20 0.256 -0.776 1.915
80 1 0.118 0.047 1.960
80 2 0.111 0.101 2.011
80 3 0.113 0.428 2.041
80 4 0.115 0.610 2.010
80 5 -0.041 0.313 2.012
80 6 -0.097 0.065 1.966
80 7 -0.097 -0.115 1.903
80 8 -0.081 -0.193 1.886
80 9 0.290 0.313 2.062
80 10 0.329 0.101 2.037
80 11 0.389 0.020 1.876
80 12 0.404 0.013 1.799
80 13 0.051 -0.024 1.936
80 14 -0.002 -0.459 1.946
80 15 -0.033 -0.740 1.963
80 16 -0.022 -0.771 1.886
80 17 0.186 -0.027 1.951
80 18 0.230 -0.449 1.981
80 19 0.245 -0.745 1.992
80 20 0.256 -0.776 1.915
81 1 0.118 0.047 1.960
81 2 0.111 0.101 2.011
81 3 0.113 0.428 2.041
81 4 0.115 0.610 2.010
81 5 -0.041 0.313 2.012
81 6 -0.097 0.065 1.966
81 7 -0.097 -0.115 1.902
81 8 -0.081 -0.193 1.886
81 9 0.290 0.313 2.062
81 10 0.329 0.101 2.038
81 11 0.389 0.020 1.875
81 12 0.407 0.012 1.798
81 13 0.051 -0.024 1.936
81 14 -0.002 -0.459 1.946
81 15 -0.033 -0.740 1.963
81 16 -0.022 -0.771 1.886
81 17 0.186 -0.027 1.951
81 18 0.230 -0.449 1.981
81 19 0.245 -0.745 1.992
81 20 0.256 -0.777 1.915
82 1 0.118 0.047 1.960
82 2 0.111 0.101 2.011
82 3 0.113 0.428 2.041
82 4 0.116 0.610 2.010
82 5 -0.041 0.313 2.011
82 6 -0.097 0.065 1.966
82 7 -0.097 -0.115 1.902
82 8 -0.113 -0.173 1.889
82 9 0.290 0.313 2.062
82 10 0.330 0.100 2.039
82 11 0.390 0.020 1.875
82 12 0.409 0.011 1.798
82 13 0.051 -0.024 1.936
82 14 -0.002 -0.459 1.946
82 15 -0.033 -0.740 1.963
82 16 -0.022 -0.771 1.886
82 17 0.186 -0.027 1.951
82 18 0.230 -0.449 1.981
82 19 0.245 -0.745 1.992
82 20 0.256 -0.777 1.915
83 1 0.118 0.047 1.960
83 2 0.111 0.101 2.011
83 3 0.113 0.428 2.041
83 4 0.116 0.610 2.010
83 5 -0.041 0.313 2.011
83 6 -0.097 0.065 1.966
83 7 -0.097 -0.115 1.902
83 8 -0.119 -0.169 1.889
83 9 0.290 0.313 2.062
83 10 0.331 0.099 2.039
83 11 0.391 0.021 1.874
83 12 0.412 0.011 1.797
83 13 0.051 -0.024 1.936
83 14 -0.002 -0.459 1.946
83 15 -0.033 -0.740 1.963
83 16 -0.022 -0.771 1.886
83 17 0.186 -0.027 1.951
83 18 0.230 -0.449 1.981
83 19 0.245 -0.745 1.992
83 20 0.256 -0.777 1.915
84 1 0.118 0.047 1.960
84 2 0.111 0.101 2.011
84 3 0.113 0.428 2.041
84 4 0.116 0.610 2.010
84 5 -0.041 0.313 2.011
84 6 -0.097 0.065 1.966
84 7 -0.096 -0.115 1.902
84 8 -0.123 -0.167 1.890
84 9 0.290 0.312 2.062
84 10 0.331 0.099 2.040
84 11 0.392 0.021 1.873
84 12 0.414 0.011 1.796
84 13 0.052 -0.024 1.936
84 14 -0.002 -0.459 1.946
84 15 -0.033 -0.740 1.963
84 16 -0.022 -0.771 1.886
84 17 0.186 -0.027 1.951
84 18 0.230 -0.449 1.981
84 19 0.245 -0.745 1.992
84 20 0.256 -0.777 1.915
85 1 0.118 0.047 1.960
85 2 0.111 0.101 2.011
85 3 0.113 0.428 2.041
85 4 0.116 0.610 2.010
85 5 -0.041 0.313 2.011
85 6 -0.097 0.065 1.966
85 7 -0.096 -0.115 1.902
85 8 -0.126 -0.165 1.890
85 9 0.290 0.312 2.062
85 10 0.332 0.098 2.041
85 11 0.393 0.022 1.873
85 12 0.416 0.011 1.796
85 13 0.052 -0.024 1.936
85 14 -0.002 -0.459 1.946
85 15 -0.033 -0.740 1.963
85 16 -0.022 -0.771 1.886
85 17 0.186 -0.027 1.951
85 18 0.230 -0.449 1.981
85 19 0.245 -0.745 1.992
85 20 0.256 -0.777 1.915
86 1 0.118 0.047 1.960
86 2 0.111 0.101 2.011
86 3 0.113 0.428 2.041
86 4 0.116 0.610 2.010
86 5 -0.040 0.313 2.011
86 6 -0.097 0.065 1.966
86 7 -0.096 -0.115 1.902
86 8 -0.128 -0.163 1.890
86 9 0.290 0.312 2.062
86 10 0.333 0.097 2.041
86 11 0.394 0.022 1.872
86 12 0.417 0.012 1.795
86 13 0.052 -0.024 1.936
86 14 -0.002 -0.459 1.946
86 15 -0.033 -0.740 1.963
86 16 -0.022 -0.771 1.886
86 17 0.187 -0.027 1.951
86 18 0.230 -0.449 1.981
86 19 0.245 -0.745 1.992
86 20 0.256 -0.777 1.915
87 1 0.118 0.047 1.960
87 2 0.111 0.101 2.011
87 3 0.113 0.428 2.041
87 4 0.117 0.610 2.011
87 5 -0.040 0.313 2.011
87 6 -0.097 0.065 1.966
87 7 -0.095 -0.115 1.901
87 8 -0.129 -0.163 1.889
87 9 0.290 0.312 2.062
87 10 0.333 0.097 2.042
87 11 0.394 0.023 1.872
87 12 0.418 0.012 1.795
87 13 0.052 -0.024 1.936
87 14 -0.002 -0.459 1.946
87 15 -0.033 -0.740 1.963
87 16 -0.022 -0.771 1.886
87 17 0.187 -0.027 1.951
87 18 0.230 -0.449 1.981
87 19 0.245 -0.745 1.993
87 20 0.257 -0.777 1.915
88 1 0.118 0.047 1.960
88 2 0.111 0.101 2.011
88 3 0.113 0.428 2.041
88 4 0.117 0.610 2.011
88 5 -0.040 0.313 2.011
88 6 -0.097 0.065 1.966
88 7 -0.095 -0.115 1.901
88 8 -0.129 -0.162 1.889
88 9 0.290 0.312 2.062
88 10 0.334 0.096 2.042
88 11 0.395 0.022 1.872
88 12 0.420 0.012 1.795
88 13 0.052 -0.024 1.936
88 14 -0.002 -0.459 1.946
88 15 -0.033 -0.740 1.963
88 16 -0.022 -0.771 1.886
88 17 0.187 -0.027 1.951
88 18 0.230 -0.449 1.981
88 19 0.245 -0.745 1.993
88 20 0.257 -0.777 1.915
89 1 0.118 0.047 1.960
89 2 0.111 0.101 2.011
89 3 0.113 0.428 2.041
89 4 0.117 0.610 2.011
89 5 -0.040 0.313 2.011
89 6 -0.097 0.065 1.966
89 7 -0.095 -0.115 1.901
89 8 -0.129 -0.162 1.889
89 9 0.291 0.312 2.062
89 10 0.334 0.096 2.043
89 11 0.396 0.022 1.872
89 12 0.421 0.012 1.795
89 13 0.052 -0.024 1.936
89 14 -0.002 -0.459 1.946
89 15 -0.033 -0.740 1.963
89 16 -0.022 -0.771 1.886
89 17 0.187 -0.027 1.951
89 18 0.230 -0.449 1.981
89 19 0.245 -0.745 1.993
89 20 0.257 -0.777 1.915
90 1 0.119 0.047 1.960
90 2 0.111 0.101 2.011
90 3 0.113 0.428 2.041
90 4 0.118 0.610 2.012
90 5 -0.040 0.313 2.011
90 6 -0.097 0.065 1.966
90 7 -0.094 -0.115 1.901
90 8 -0.128 -0.162 1.889
90 9 0.291 0.312 2.062
90 10 0.334 0.096 2.043
90 11 0.397 0.021 1.872
90 12 0.422 0.012 1.795
90 13 0.052 -0.024 1.936
90 14 -0.002 -0.459 1.946
90 15 -0.033 -0.740 1.963
90 16 -0.022 -0.771 1.886
90 17 0.187 -0.027 1.951
90 18 0.230 -0.449 1.981
90 19 0.245 -0.745 1.993
90 20 0.257 -0.777 1.915
91 1 0.119 0.047 1.960
91 2 0.111 0.101 2.011
91 3 0.113 0.428 2.041
91 4 0.118 0.610 2.012
91 5 -0.040 0.313 2.011
91 6 -0.097 0.065 1.966
91 7 -0.094 -0.115 1.900
91 8 -0.127 -0.162 1.888
91 9 0.291 0.312 2.062
91 10 0.335 0.095 2.043
91 11 0.398 0.021 1.872
91 12 0.423 0.012 1.796
91 13 0.053 -0.024 1.936
91 14 -0.002 -0.459 1.946
91 15 -0.033 -0.740 1.963
91 16 -0.022 -0.771 1.886
91 17 0.187 -0.027 1.951
91 18 0.230 -0.449 1.980
91 19 0.245 -0.745 1.993
91 20 0.257 -0.777 1.915
92 1 0.119 0.047 1.960
92 2 0.111 0.101 2.011
92 3 0.113 0.428 2.041
92 4 0.118 0.610 2.012
92 5 -0.040 0.313 2.011
92 6 -0.097 0.065 1.966
92 7 -0.094 -0.116 1.900
92 8 -0.126 -0.163 1.888
92 9 0.291 0.312 2.063
92 10 0.335 0.095 2.044
92 11 0.398 0.021 1.872
92 12 0.424 0.012 1.796
92 13 0.053 -0.024 1.936
92 14 -0.002 -0.459 1.946
92 15 -0.033 -0.740 1.963
92 16 -0.022 -0.771 1.886
92 17 0.187 -0.027 1.951
92 18 0.231 -0.449 1.980
92 19 0.245 -0.745 1.993
92 20 0.257 -0.777 1.915
93 1 0.119 0.047 1.960
93 2 0.111 0.101 2.011
93 3 0.114 0.428 2.041
93 4 0.119 0.610 2.013
93 5 -0.040 0.313 2.011
93 6 -0.097 0.065 1.966
93 7 -0.094 -0.116 1.900
93 8 -0.126 -0.163 1.888
93 9 0.291 0.312 2.063
93 10 0.335 0.095 2.044
93 11 0.399 0.020 1.872
93 12 0.425 0.011 1.796
93 13 0.053 -0.024 1.936
93 14 -0.002 -0.459 1.946
93 15 -0.033 -0.740 1.963
93 16 -0.022 -0.771 1.886
93 17 0.187 -0.028 1.951
93 18 0.231 -0.449 1.980
93 19 0.245 -0.745 1.993
93 20 0.257 -0.777 1.915
94 1 0.119 0.047 1.960
94 2 0.112 0.101 2.011
94 3 0.114 0.428 2.041
94 4 0.119 0.610 2.013
94 5 -0.040 0.313 2.011
94 6 -0.097 0.065 1.966
94 7 -0.094 -0.116 1.900
94 8 -0.125 -0.163 1.887
94 9 0.291 0.312 2.063
94 10 0.335 0.094 2.044
94 11 0.400 0.020 1.872
94 12 0.427 0.009 1.797
94 13 0.053 -0.024 1.935
94 14 -0.002 -0.459 1.946
94 15 -0.033 -0.740 1.963
94 16 -0.021 -0.771 1.886
94 17 0.187 -0.028 1.951
94 18 0.231 -0.449 1.980
94 19 0.245 -0.745 1.993
94 20 0.257 -0.777 1.915
95 1 0.119 0.047 1.960
95 2 0.112 0.100 2.011
95 3 0.114 0.428 2.041
95 4 0.119 0.610 2.013
95 5 -0.040 0.313 2.011
95 6 -0.096 0.065 1.966
95 7 -0.094 -0.116 1.900
95 8 -0.125 -0.164 1.887
95 9 0.291 0.312 2.063
95 10 0.336 0.094 2.044
95 11 0.401 0.018 1.873
95 12 0.429 0.008 1.798
95 13 0.053 -0.024 1.935
95 14 -0.001 -0.459 1.946
95 15 -0.033 -0.740 1.963
95 16 -0.021 -0.771 1.886
95 17 0.188 -0.028 1.950
95 18 0.231 -0.449 1.980
95 19 0.245 -0.746 1.993
95 20 0.257 -0.777 1.915
96 1 0.119 0.047 1.960
96 2 0.112 0.100 2.011
96 3 0.114 0.428 2.041
96 4 0.119 0.610 2.014
96 5 -0.039 0.313 2.011
96 6 -0.096 0.065 1.966
96 7 -0.094 -0.116 1.900
96 8 -0.124 -0.164 1.887
96 9 0.291 0.312 2.063
96 10 0.336 0.094 2.044
96 11 0.402 0.017 1.873
96 12 0.432 0.005 1.799
96 13 0.053 -0.024 1.935
96 14 -0.001 -0.459 1.946
96 15 -0.033 -0.740 1.963
96 16 -0.021 -0.771 1.886
96 17 0.188 -0.028 1.950
96 18 0.231 -0.449 1.980
96 19 0.245 -0.746 1.993
96 20 0.257 -0.777 1.915
97 1 0.119 0.047 1.960
97 2 0.112 0.100 2.011
97 3 0.114 0.428 2.041
97 4 0.120 0.610 2.014
97 5 -0.039 0.313 2.011
97 6 -0.096 0.065 1.966
97 7 -0.094 -0.116 1.900
97 8 -0.124 -0.164 1.887
97 9 0.291 0.312 2.063
97 10 0.336 0.093 2.044
97 11 0.404 0.015 1.874
97 12 0.435 0.002 1.801
97 13 0.054 -0.024 1.935
97 14 -0.001 -0.460 1.946
97 15 -0.033 -0.740 1.963
97 16 -0.021 -0.771 1.886
97 17 0.188 -0.028 1.950
97 18 0.231 -0.449 1.980
97 19 0.245 -0.746 1.993
97 20 0.258 -0.777 1.915
98 1 0.119 0.046 1.960
98 2 0.112 0.100 2.011
98 3 0.114 0.428 2.041
98 4 0.120 0.610 2.014
98 5 -0.039 0.313 2.011
98 6 -0.096 0.065 1.966
98 7 -0.093 -0.116 1.900
98 8 -0.123 -0.165 1.887
98 9 0.291 0.312 2.063
98 10 0.336 0.092 2.044
98 11 0.406 0.013 1.875
98 12 0.439 -0.002 1.804
98 13 0.054 -0.024 1.935
98 14 -0.001 -0.460 1.946
98 15 -0.033 -0.740 1.963
98 16 -0.021 -0.771 1.886
98 17 0.188 -0.028 1.950
98 18 0.232 -0.449 1.979
98 19 0.246 -0.746 1.993
98 20 0.258 -0.777 1.915
99 1 0.120 0.046 1.960
99 2 0.112 0.100 2.011
99 3 0.114 0.428 2.041
99 4 0.120 0.610 2.014
99 5 -0.039 0.313 2.011
99 6 -0.096 0.065 1.966
99 7 -0.093 -0.116 1.899
99 8 -0.123 -0.165 1.886
99 9 0.291 0.312 2.063
99 10 0.337 0.092 2.044
99 11 0.408 0.010 1.876
99 12 0.443 -0.006 1.806
99 13 0.054 -0.024 1.935
99 14 -0.001 -0.460 1.946
99 15 -0.033 -0.740 1.963
99 16 -0.021 -0.771 1.886
99 17 0.188 -0.028 1.949
99 18 0.232 -0.449 1.979
99 19 0.246 -0.746 1.993
99 20 0.258 -0.777 1.915
100 1 0.120 0.046 1.960
100 2 0.112 0.100 2.011
100 3 0.114 0.428 2.041
100 4 0.120 0.610 2.015
100 5 -0.039 0.313 2.011
100 6 -0.096 0.065 1.966
100 7 -0.093 -0.116 1.899
100 8 -0.123 -0.165 1.886
100 9 0.291 0.312 2.063
100 10 0.337 0.091 2.044
100 11 0.410 0.008 1.878
100 12 0.447 -0.009 1.809
100 13 0.054 -0.024 1.935
100 14 -0.001 -0.460 1.946
100 15 -0.033 -0.740 1.963
100 16 -0.021 -0.771 1.886
100 17 0.188 -0.028 1.949
100 18 0.232 -0.449 1.979
100 19 0.246 -0.746 1.993
100 20 0.258 -0.777 1.915
101 1 0.120 0.046 1.959
101 2 0.112 0.100 2.011
101 3 0.114 0.428 2.041
101 4 0.120 0.610 2.015
101 5 -0.039 0.313 2.010
101 6 -0.096 0.065 1.966
101 7 -0.093 -0.116 1.899
101 8 -0.122 -0.165 1.886
101 9 0.291 0.312 2.063
101 10 0.337 0.090 2.044
101 11 0.413 0.005 1.879
101 12 0.450 -0.013 1.811
101 13 0.054 -0.024 1.935
101 14 -0.000 -0.460 1.946
101 15 -0.032 -0.740 1.963
101 16 -0.021 -0.771 1.886
101 17 0.188 -0.028 1.949
101 18 0.232 -0.449 1.979
101 19 0.246 -0.746 1.993
101 20 0.258 -0.777 1.915
102 1 0.120 0.046 1.959
102 2 0.112 0.100 2.011
102 3 0.114 0.428 2.041
102 4 0.120 0.610 2.015
102 5 -0.039 0.313 2.010
102 6 -0.096 0.065 1.966
102 7 -0.093 -0.116 1.899
102 8 -0.122 -0.166 1.886
102 9 0.291 0.312 2.063
102 10 0.338 0.089 2.044
102 11 0.416 0.003 1.881
102 12 0.454 -0.017 1.814
102 13 0.054 -0.024 1.934
102 14 -0.000 -0.460 1.946
102 15 -0.032 -0.740 1.963
102 16 -0.021 -0.771 1.886
102 17 0.188 -0.028 1.949
102 18 0.232 -0.449 1.979
102 19 0.246 -0.746 1.993
102 20 0.258 -0.777 1.915
103 1 0.120 0.046 1.959
103 2 0.112 0.100 2.011
103 3 0.114 0.428 2.041
103 4 0.121 0.610 2.015
103 5 -0.039 0.313 2.010
103 6 -0.096 0.065 1.966
103 7 -0.093 -0.116 1.899
103 8 -0.122 -0.166 1.886
103 9 0.291 0.311 2.063
103 10 0.338 0.089 2.044
103 11 0.419 0.000 1.883
103 12 0.458 -0.020 1.816
103 13 0.054 -0.025 1.934
103 14 -0.000 -0.460 1.945
103 15 -0.032 -0.740 1.963
103 16 -0.020 -0.771 1.886
103 17 0.189 -0.028 1.948
103 18 0.232 -0.449 1.978
103 19 0.246 -0.746 1.993
103 20 0.258 -0.777 1.915
104 1 0.120 0.046 1.959
104 2 0.112 0.100 2.011
104 3 0.114 0.428 2.041
104 4 0.121 0.610 2.015
104 5 -0.039 0.313 2.010
104 6 -0.096 0.065 1.966
104 7 -0.093 -0.116 1.899
104 8 -0.121 -0.166 1.886
104 9 0.291 0.311 2.063
104 10 0.339 0.088 2.044
104 11 0.422 -0.002 1.885
104 12 0.462 -0.022 1.819
104 13 0.054 -0.025 1.934
104 14 0.000 -0.460 1.945
104 15 -0.032 -0.740 1.963
104 16 -0.020 -0.771 1.885
104 17 0.189 -0.028 1.948
104 18 0.232 -0.449 1.978
104 19 0.246 -0.746 1.993
104 20 0.258 -0.777 1.915
105 1 0.120 0.046 1.959
105 2 0.112 0.100 2.011
105 3 0.114 0.428 2.041
105 4 0.121 0.610 2.016
105 5 -0.039 0.313 2.010
105 6 -0.096 0.065 1.966
105 7 -0.093 -0.116 1.898
105 8 -0.121 -0.166 1.885
105 9 0.291 0.311 2.063
105 10 0.339 0.087 2.044
105 11 0.425 -0.004 1.887
105 12 0.466 -0.024 1.821
105 13 0.055 -0.025 1.934
105 14 0.000 -0.460 1.945
105 15 -0.032 -0.740 1.963
105 16 -0.020 -0.771 1.885
105 17 0.189 -0.028 1.948
105 18 0.232 -0.449 1.978
105 19 0.246 -0.746 1.993
105 20 0.258 -0.777 1.915
106 1 0.120 0.046 1.959
106 2 0.112 0.100 2.010
106 3 0.114 0.428 2.041
106 4 0.121 0.610 2.016
106 5 -0.039 0.313 2.010
106 6 -0.096 0.065 1.966
106 7 -0.093 -0.116 1.898
106 8 -0.096 -0.183 1.879
106 9 0.291 0.311 2.063
106 10 0.340 0.086 2.044
106 11 0.428 -0.005 1.889
106 12 0.469 -0.026 1.824
106 13 0.055 -0.025 1.933
106 14 0.000 -0.460 1.945
106 15 -0.032 -0.740 1.963
106 16 -0.020 -0.771 1.885
106 17 0.189 -0.029 1.948
106 18 0.233 -0.449 1.978
106 19 0.246 -0.746 1.992
106 20 0.258 -0.777 1.915
107 1 0.120 0.046 1.958
107 2 0.113 0.100 2.010
107 3 0.114 0.428 2.041
107 4 0.121 0.610 2.016
107 5 -0.039 0.313 2.010
107 6 -0.096 0.064 1.966
107 7 -0.093 -0.116 1.898
107 8 -0.088 -0.188 1.877
107 9 0.291 0.311 2.063
107 10 0.340 0.085 2.044
107 11 0.431 -0.006 1.891
107 12 0.472 -0.027 1.826
107 13 0.055 -0.025 1.933
107 14 0.000 -0.460 1.945
107 15 -0.032 -0.739 1.963
107 16 -0.020 -0.771 1.885
107 17 0.189 -0.029 1.947
107 18 0.233 -0.449 1.977
107 19 0.246 -0.746 1.992
107 20 0.258 -0.777 1.915
108 1 0.120 0.046 1.958
108 2 0.113 0.100 2.010
108 3 0.114 0.428 2.041
108 4 0.121 0.610 2.016
108 5 -0.039 0.313 2.010
108 6 -0.096 0.064 1.966
108 7 -0.093 -0.116 1.898
108 8 -0.083 -0.192 1.876
108 9 0.291 0.311 2.063
108 10 0.341 0.084 2.045
108 11 0.433 -0.007 1.892
108 12 0.475 -0.028 1.828
108 13 0.055 -0.025 1.933
108 14 0.001 -0.460 1.944
108 15 -0.032 -0.739 1.963
108 16 -0.019 -0.770 1.885
108 17 0.189 -0.029 1.947
108 18 0.233 -0.449 1.977
108 19 0.246 -0.746 1.992
108 20 0.259 -0.777 1.915
109 1 0.120 0.046 1.958
109 2 0.113 0.100 2.010
109 3 0.114 0.428 2.041
109 4 0.121 0.610 2.016
109 5 -0.039 0.313 2.010
109 6 -0.096 0.064 1.965
109 7 -0.093 -0.116 1.897
109 8 -0.079 -0.194 1.875
109 9 0.291 0.311 2.063
109 10 0.341 0.083 2.045
109 11 0.435 -0.008 1.894
109 12 0.477 -0.029 1.829
109 13 0.055 -0.025 1.933
109 14 0.001 -0.460 1.944
109 15 -0.031 -0.739 1.962
109 16 -0.019 -0.770 1.885
109 17 0.189 -0.029 1.947
109 18 0.233 -0.449 1.977
109 19 0.246 -0.746 1.992
109 20 0.259 -0.777 1.915
110 1 0.121 0.046 1.958
110 2 0.113 0.100 2.010
110 3 0.114 0.428 2.041
110 4 0.121 0.610 2.016
110 5 -0.039 0.313 2.010
110 6 -0.096 0.064 1.965
110 7 -0.093 -0.116 1.897
110 8 -0.076 -0.196 1.874
110 9 0.291 0.311 2.063
110 10 0.342 0.082 2.045
110 11 0.437 -0.008 1.895
110 12 0.480 -0.030 1.831
110 13 0.055 -0.025 1.933
110 14 0.001 -0.460 1.944
110 15 -0.031 -0.739 1.962
110 16 -0.019 -0.770 1.885
110 17 0.189 -0.029 1.947
110 18 0.233 -0.449 1.977
110 19 0.246 -0.746 1.992
110 20 0.259 -0.777 1.915
111 1 0.121 0.046 1.958
111 2 0.113 0.100 2.010
111 3 0.114 0.428 2.041
111 4 0.121 0.610 2.016
111 5 -0.038 0.312 2.010
111 6 -0.095 0.064 1.965
111 7 -0.093 -0.117 1.897
111 8 -0.075 -0.197 1.874
111 9 0.291 0.311 2.063
111 10 0.342 0.082 2.045
111 11 0.439 -0.008 1.896
111 12 0.482 -0.031 1.832
111 13 0.055 -0.025 1.933
111 14 0.001 -0.460 1.944
111 15 -0.031 -0.739 1.962
111 16 -0.019 -0.770 1.885
111 17 0.189 -0.029 1.947
111 18 0.233 -0.449 1.977
111 19 0.246 -0.746 1.992
111 20 0.259 -0.777 1.915
112 1 0.121 0.046 1.958
112 2 0.113 0.099 2.010
112 3 0.114 0.428 2.041
112 4 0.121 0.610 2.017
112 5 -0.038 0.312 2.010
112 6 -0.095 0.064 1.965
112 7 -0.093 -0.117 1.896
112 8 -0.073 -0.198 1.873
112 9 0.291 0.311 2.063
112 10 0.342 0.081 2.045
112 11 0.441 -0.009 1.897
112 12 0.484 -0.032 1.834
112 13 0.055 -0.025 1.932
112 14 0.001 -0.460 1.944
112 15 -0.031 -0.739 1.962
112 16 -0.018 -0.770 1.884
112 17 0.189 -0.029 1.947
112 18 0.233 -0.449 1.977
112 19 0.246 -0.746 1.992
112 20 0.259 -0.777 1.915
113 1 0.121 0.046 1.958
113 2 0.113 0.099 2.010
113 3 0.114 0.428 2.041
113 4 0.121 0.610 2.017
113 5 -0.038 0.312 2.010
113 6 -0.095 0.064 1.965
113 7 -0.093 -0.117 1.896
113 8 -0.072 -0.199 1.873
113 9 0.291 0.311 2.063
113 10 0.343 0.081 2.046
113 11 0.442 -0.010 1.899
113 12 0.486 -0.033 1.836
113 13 0.055 -0.025 1.932
113 14 0.001 -0.460 1.944
113 15 -0.031 -0.739 1.962
113 16 -0.018 -0.770 1.884
113 17 0.189 -0.029 1.946
113 18 0.233 -0.449 1.976
113 19 0.247 -0.745 1.992
113 20 0.259 -0.777 1.915
114 1 0.121 0.045 1.958
114 2 0.113 0.099 2.010
114 3 0.114 0.428 2.041
114 4 0.121 0.610 2.017
114 5 -0.038 0.312 2.010
114 6 -0.095 0.064 1.965
114 7 -0.092 -0.117 1.896
114 8 -0.072 -0.199 1.873
114 9 0.291 0.311 2.063
114 10 0.343 0.080 2.046
114 11 0.444 -0.010 1.900
114 12 0.488 -0.035 1.838
114 13 0.055 -0.025 1.932
114 14 0.001 -0.460 1.944
114 15 -0.031 -0.739 1.962
114 16 -0.018 -0.770 1.884
114 17 0.189 -0.029 1.946
114 18 0.233 -0.449 1.976
114 19 0.247 -0.745 1.992
114 20 0.259 -0.777 1.915
115 1 0.121 0.045 1.958
115 2 0.113 0.099 2.010
115 3 0.114 0.428 2.041
115 4 0.121 0.610 2.017
115 5 -0.038 0.312 2.009
115 6 -0.095 0.064 1.965
115 7 -0.092 -0.117 1.895
115 8 -0.071 -0.199 1.873
115 9 0.291 0.311 2.063
115 10 0.343 0.080 2.046
115 11 0.445 -0.011 1.902
115 12 0.490 -0.037 1.841
115 13 0.056 -0.025 1.932
115 14 0.001 -0.460 1.943
115 15 -0.030 -0.739 1.962
115 16 -0.018 -0.770 1.884
115 17 0.189 -0.029 1.946
115 18 0.233 -0.449 1.976
115 19 0.247 -0.745 1.992
115 20 0.259 -0.777 1.915
116 1 0.121 0.045 1.957
116 2 0.113 0.099 2.010
116 3 0.114 0.428 2.041
116 4 0.121 0.610 2.017
116 5 -0.038 0.312 2.009
116 6 -0.095 0.064 1.965
116 7 -0.092 -0.117 1.895
116 8 -0.071 -0.199 1.873
116 9 0.291 0.311 2.063
116 10 0.344 0.079 2.046
116 11 0.446 -0.013 1.903
116 12 0.492 -0.039 1.843
116 13 0.056 -0.025 1.932
116 14 0.001 -0.461 1.943
116 15 -0.030 -0.739 1.962
116 16 -0.018 -0.770 1.884
116 17 0.189 -0.029 1.946
116 18 0.233 -0.449 1.976
116 19 0.247 -0.745 1.992
116 20 0.259 -0.777 1.915
117 1 0.121 0.045 1.957
117 2 0.113 0.099 2.010
117 3 0.114 0.428 2.041
117 4 0.121 0.610 2.017
117 5 -0.038 0.312 2.009
117 6 -0.095 0.064 1.965
117 7 -0.092 -0.117 1.895
117 8 -0.072 -0.199 1.873
117 9 0.291 0.311 2.063
117 10 0.344 0.079 2.046
117 11 0.447 -0.015 1.905
117 12 0.494 -0.043 1.847
117 13 0.056 -0.025 1.932
117 14 0.001 -0.461 1.943
117 15 -0.030 -0.738 1.962
117 16 -0.017 -0.770 1.884
117 17 0.189 -0.029 1.946
117 18 0.233 -0.449 1.976
117 19 0.247 -0.745 1.992
117 20 0.259 -0.777 1.914
118 1 0.121 0.045 1.957
118 2 0.113 0.099 2.010
118 3 0.114 0.428 2.041
118 4 0.121 0.610 2.017
118 5 -0.038 0.312 2.009
118 6 -0.095 0.063 1.964
118 7 -0.092 -0.117 1.895
118 8 -0.072 -0.199 1.873
118 9 0.291 0.311 2.063
118 10 0.344 0.079 2.047
118 11 0.448 -0.017 1.907
118 12 0.496 -0.047 1.850
118 13 0.056 -0.025 1.932
118 14 0.001 -0.461 1.943
118 15 -0.030 -0.738 1.962
118 16 -0.017 -0.770 1.884
118 17 0.189 -0.029 1.946
118 18 0.233 -0.449 1.976
118 19 0.247 -0.745 1.992
118 20 0.259 -0.777 1.914
119 1 0.121 0.045 1.957
119 2 0.113 0.099 2.010
119 3 0.114 0.428 2.041
119 4 0.121 0.610 2.017
119 5 -0.038 0.312 2.009
119 6 -0.095 0.063 1.964
119 7 -0.092 -0.117 1.895
119 8 -0.072 -0.198 1.873
119 9 0.291 0.310 2.063
119 10 0.345 0.078 2.047
119 11 0.450 -0.020 1.909
119 12 0.498 -0.052 1.854
119 13 0.056 -0.025 1.931
119 14 0.001 -0.461 1.943
119 15 -0.030 -0.738 1.962
119 16 -0.017 -0.769 1.884
119 17 0.189 -0.029 1.946
119 18 0.233 -0.448 1.976
119 19 0.247 -0.745 1.992
119 20 0.260 -0.777 1.914
120 1 0.121 0.045 1.957
120 2 0.113 0.099 2.009
120 3 0.114 0.428 2.041
120 4 0.121 0.610 2.017
120 5 -0.038 0.312 2.009
120 6 -0.095 0.063 1.964
120 7 -0.092 -0.117 1.894
120 8 -0.072 -0.198 1.873
120 9 0.291 0.310 2.063
120 10 0.345 0.078 2.047
120 11 0.450 -0.023 1.912
120 12 0.499 -0.057 1.859
120 13 0.056 -0.025 1.931
120 14 0.001 -0.461 1.943
120 15 -0.030 -0.738 1.961
120 16 -0.017 -0.769 1.884
120 17 0.189 -0.029 1.946
120 18 0.233 -0.448 1.976
120 19 0.247 -0.745 1.992
120 20 0.260 -0.777 1.914
121 1 0.121 0.045 1.957
121 2 0.113 0.099 2.009
121 3 0.114 0.428 2.041
121 4 0.121 0.610 2.017
121 5 -0.038 0.312 2.009
121 6 -0.095 0.063 1.964
121 7 -0.091 -0.117 1.894
121 8 -0.072 -0.198 1.873
121 9 0.291 0.310 2.064
121 10 0.346 0.077 2.047
121 11 0.451 -0.027 1.915
121 12 0.500 -0.063 1.863
121 13 0.056 -0.025 1.931
121 14 0.002 -0.461 1.943
121 15 -0.030 -0.738 1.961
121 16 -0.017 -0.769 1.884
121 17 0.189 -0.029 1.946
121 18 0.233 -0.448 1.976
121 19 0.247 -0.745 1.992
121 20 0.260 -0.777 1.914
122 1 0.121 0.045 1.957
122 2 0.113 0.099 2.009
122 3 0.113 0.428 2.041
122 4 0.121 0.610 2.017
122 5 -0.038 0.312 2.009
122 6 -0.095 0.063 1.964
122 7 -0.091 -0.118 1.894
122 8 -0.073 -0.198 1.873
122 9 0.291 0.310 2.064
122 10 0.346 0.077 2.047
122 11 0.451 -0.032 1.918
122 12 0.501 -0.068 1.867
122 13 0.056 -0.025 1.931
122 14 0.002 -0.461 1.943
122 15 -0.030 -0.738 1.961
122 16 -0.017 -0.769 1.884
122 17 0.189 -0.029 1.946
122 18 0.233 -0.448 1.976
122 19 0.247 -0.745 1.992
122 20 0.260 -0.777 1.914
123 1 0.121 0.045 1.957
123 2 0.113 0.099 2.009
123 3 0.113 0.428 2.041
123 4 0.121 0.610 2.017
123 5 -0.038 0.312 2.009
123 6 -0.095 0.063 1.964
123 7 -0.091 -0.118 1.894
123 8 -0.073 -0.197 1.873
123 9 0.291 0.310 2.064
123 10 0.346 0.077 2.047
123 11 0.451 -0.036 1.921
123 12 0.501 -0.073 1.871
123 13 0.056 -0.025 1.931
123 14 0.002 -0.461 1.943
123 15 -0.030 -0.738 1.961
123 16 -0.017 -0.769 1.884
123 17 0.189 -0.029 1.946
123 18 0.234 -0.448 1.976
123 19 0.247 -0.745 1.992
123 20 0.260 -0.776 1.914
124 1 0.121 0.045 1.957
124 2 0.113 0.099 2.009
124 3 0.113 0.428 2.041
124 4 0.121 0.610 2.017
124 5 -0.038 0.312 2.008
124 6 -0.095 0.063 1.964
124 7 -0.091 -0.118 1.894
124 8 -0.073 -0.197 1.874
124 9 0.291 0.310 2.064
124 10 0.347 0.076 2.048
124 11 0.451 -0.039 1.924
124 12 0.501 -0.078 1.874
124 13 0.056 -0.025 1.931
124 14 0.002 -0.461 1.943
124 15 -0.030 -0.738 1.961
124 16 -0.016 -0.769 1.884
124 17 0.189 -0.029 1.946
124 18 0.234 -0.448 1.976
124 19 0.247 -0.745 1.992
124 20 0.260 -0.776 1.914
125 1 0.121 0.045 1.957
125 2 0.113 0.099 2.009
125 3 0.113 0.428 2.041
125 4 0.121 0.610 2.017
125 5 -0.038 0.312 2.008
125 6 -0.095 0.063 1.964
125 7 -0.092 -0.118 1.894
125 8 -0.074 -0.197 1.874
125 9 0.291 0.310 2.064
125 10 0.347 0.076 2.048
125 11 0.451 -0.043 1.927
125 12 0.499 -0.082 1.879
125 13 0.056 -0.025 1.931
125 14 0.002 -0.461 1.943
125 15 -0.030 -0.738 1.961
125 16 -0.016 -0.769 1.884
125 17 0.189 -0.029 1.946
125 18 0.234 -0.448 1.976
125 19 0.247 -0.745 1.992
125 20 0.260 -0.776 1.914
