1 1 0.345 -0.403 2.570
1 2 0.346 -0.367 2.619
1 3 0.335 -0.113 2.660
1 4 0.341 0.059 2.644
1 5 0.194 -0.185 2.653
1 6 0.155 -0.361 2.581
1 7 0.192 -0.484 2.465
1 8 0.216 -0.505 2.435
1 9 0.477 -0.193 2.634
1 10 0.523 -0.384 2.592
1 11 0.473 -0.496 2.421
1 12 0.448 -0.539 2.365
1 13 0.270 -0.467 2.557
1 14 0.337 -0.640 2.217
1 15 0.344 -0.840 2.105
1 16 0.372 -0.819 2.060
1 17 0.425 -0.464 2.544
1 18 0.471 -0.599 2.276
1 19 0.436 -0.798 2.055
1 20 0.437 -0.826 1.982
2 1 0.345 -0.403 2.571
2 2 0.346 -0.367 2.619
2 3 0.335 -0.113 2.660
2 4 0.341 0.059 2.644
2 5 0.194 -0.185 2.653
2 6 0.155 -0.361 2.581
2 7 0.192 -0.484 2.465
2 8 0.215 -0.504 2.437
2 9 0.477 -0.193 2.634
2 10 0.523 -0.384 2.593
2 11 0.470 -0.497 2.416
2 12 0.453 -0.541 2.369
2 13 0.270 -0.467 2.557
2 14 0.339 -0.640 2.218
2 15 0.344 -0.841 2.104
2 16 0.384 -0.817 2.074
2 17 0.425 -0.463 2.544
2 18 0.417 -0.599 2.278
2 19 0.421 -0.799 2.058
2 20 0.418 -0.827 1.984
3 1 0.345 -0.403 2.571
3 2 0.346 -0.367 2.619
3 3 0.334 -0.113 2.661
3 4 0.341 0.059 2.645
3 5 0.194 -0.185 2.653
3 6 0.155 -0.361 2.581
3 7 0.192 -0.484 2.465
3 8 0.214 -0.503 2.438
3 9 0.477 -0.193 2.635
3 10 0.522 -0.384 2.593
3 11 0.468 -0.498 2.412
3 12 0.444 -0.544 2.362
3 13 0.270 -0.466 2.557
3 14 0.328 -0.650 2.213
3 15 0.344 -0.843 2.103
3 16 0.392 -0.817 2.082
3 17 0.424 -0.463 2.544
3 18 0.426 -0.593 2.276
3 19 0.422 -0.798 2.058
3 20 0.420 -0.826 1.984
4 1 0.345 -0.403 2.571
4 2 0.346 -0.367 2.620
4 3 0.334 -0.113 2.661
4 4 0.341 0.059 2.645
4 5 0.194 -0.185 2.654
4 6 0.155 -0.361 2.581
4 7 0.192 -0.484 2.465
4 8 0.214 -0.503 2.439
4 9 0.477 -0.193 2.635
4 10 0.496 -0.372 2.566
4 11 0.453 -0.495 2.403
4 12 0.411 -0.561 2.339
4 13 0.270 -0.466 2.558
4 14 0.321 -0.656 2.209
4 15 0.344 -0.845 2.103
4 16 0.396 -0.818 2.085
4 17 0.424 -0.463 2.545
4 18 0.437 -0.590 2.274
4 19 0.425 -0.796 2.057
4 20 0.422 -0.824 1.983
5 1 0.345 -0.403 2.572
5 2 0.345 -0.367 2.620
5 3 0.334 -0.114 2.661
5 4 0.341 0.059 2.646
5 5 0.194 -0.185 2.654
5 6 0.155 -0.361 2.581
5 7 0.192 -0.484 2.466
5 8 0.214 -0.502 2.439
5 9 0.477 -0.193 2.636
5 10 0.499 -0.372 2.571
5 11 0.452 -0.496 2.401
5 12 0.408 -0.562 2.332
5 13 0.270 -0.466 2.558
5 14 0.317 -0.660 2.207
5 15 0.344 -0.847 2.103
5 16 0.399 -0.818 2.088
5 17 0.424 -0.463 2.545
5 18 0.449 -0.588 2.273
5 19 0.430 -0.794 2.057
5 20 0.426 -0.822 1.982
6 1 0.345 -0.403 2.572
6 2 0.345 -0.367 2.620
6 3 0.334 -0.114 2.662
6 4 0.341 0.060 2.646
6 5 0.194 -0.186 2.655
6 6 0.155 -0.361 2.582
6 7 0.192 -0.484 2.466
6 8 0.214 -0.502 2.439
6 9 0.476 -0.193 2.636
6 10 0.504 -0.374 2.577
6 11 0.451 -0.497 2.399
6 12 0.406 -0.563 2.328
6 13 0.270 -0.466 2.558
6 14 0.314 -0.663 2.206
6 15 0.344 -0.849 2.102
6 16 0.401 -0.820 2.089
6 17 0.424 -0.463 2.546
6 18 0.402 -0.599 2.281
6 19 0.421 -0.798 2.060
6 20 0.421 -0.824 1.983
7 1 0.345 -0.403 2.572
7 2 0.345 -0.367 2.621
7 3 0.334 -0.114 2.662
7 4 0.341 0.060 2.646
7 5 0.194 -0.186 2.655
7 6 0.155 -0.361 2.584
7 7 0.192 -0.484 2.467
7 8 0.219 -0.505 2.434
7 9 0.476 -0.193 2.637
7 10 0.508 -0.376 2.583
7 11 0.450 -0.497 2.398
7 12 0.405 -0.564 2.326
7 13 0.270 -0.466 2.558
7 14 0.311 -0.665 2.205
7 15 0.345 -0.850 2.103
7 16 0.404 -0.823 2.088
7 17 0.424 -0.463 2.546
7 18 0.395 -0.601 2.281
7 19 0.419 -0.798 2.060
7 20 0.417 -0.825 1.983
8 1 0.345 -0.403 2.572
8 2 0.345 -0.367 2.621
8 3 0.334 -0.114 2.662
8 4 0.341 0.060 2.646
8 5 0.194 -0.186 2.656
8 6 0.154 -0.361 2.585
8 7 0.192 -0.483 2.468
8 8 0.219 -0.505 2.434
8 9 0.476 -0.193 2.637
8 10 0.514 -0.379 2.592
8 11 0.447 -0.478 2.396
8 12 0.432 -0.532 2.366
8 13 0.270 -0.466 2.558
8 14 0.309 -0.666 2.205
8 15 0.345 -0.852 2.103
8 16 0.406 -0.825 2.088
8 17 0.424 -0.463 2.546
8 18 0.390 -0.602 2.282
8 19 0.416 -0.799 2.060
8 20 0.414 -0.826 1.983
9 1 0.345 -0.403 2.573
9 2 0.345 -0.367 2.621
9 3 0.334 -0.114 2.662
9 4 0.341 0.060 2.646
9 5 0.194 -0.186 2.656
9 6 0.154 -0.361 2.586
9 7 0.192 -0.483 2.468
9 8 0.219 -0.505 2.434
9 9 0.476 -0.193 2.637
9 10 0.519 -0.380 2.600
9 11 0.442 -0.474 2.401
9 12 0.435 -0.523 2.367
9 13 0.270 -0.466 2.559
9 14 0.309 -0.667 2.204
9 15 0.345 -0.852 2.103
9 16 0.406 -0.827 2.087
9 17 0.424 -0.463 2.546
9 18 0.389 -0.601 2.281
9 19 0.415 -0.798 2.059
9 20 0.412 -0.826 1.982
10 1 0.345 -0.404 2.573
10 2 0.345 -0.368 2.621
10 3 0.334 -0.114 2.662
10 4 0.341 0.060 2.647
10 5 0.194 -0.186 2.656
10 6 0.154 -0.361 2.587
10 7 0.192 -0.483 2.469
10 8 0.218 -0.504 2.434
10 9 0.476 -0.193 2.637
10 10 0.521 -0.381 2.605
10 11 0.480 -0.459 2.434
10 12 0.437 -0.515 2.365
10 13 0.270 -0.466 2.559
10 14 0.308 -0.667 2.204
10 15 0.345 -0.853 2.103
10 16 0.406 -0.828 2.086
10 17 0.424 -0.463 2.547
10 18 0.389 -0.600 2.280
10 19 0.414 -0.798 2.058
10 20 0.411 -0.826 1.981
11 1 0.345 -0.404 2.573
11 2 0.345 -0.368 2.621
11 3 0.334 -0.114 2.663
11 4 0.341 0.060 2.647
11 5 0.194 -0.186 2.656
11 6 0.154 -0.362 2.588
11 7 0.192 -0.483 2.469
11 8 0.218 -0.504 2.434
11 9 0.476 -0.193 2.638
11 10 0.523 -0.381 2.609
11 11 0.488 -0.431 2.422
11 12 0.445 -0.491 2.370
11 13 0.270 -0.466 2.559
11 14 0.336 -0.631 2.223
11 15 0.342 -0.839 2.105
11 16 0.404 -0.833 2.084
11 17 0.424 -0.463 2.547
11 18 0.390 -0.599 2.279
11 19 0.413 -0.798 2.058
11 20 0.410 -0.826 1.981
12 1 0.345 -0.404 2.573
12 2 0.345 -0.368 2.622
12 3 0.334 -0.114 2.663
12 4 0.341 0.060 2.647
12 5 0.194 -0.186 2.656
12 6 0.154 -0.362 2.588
12 7 0.192 -0.483 2.469
12 8 0.221 -0.508 2.430
12 9 0.476 -0.193 2.638
12 10 0.525 -0.379 2.618
12 11 0.493 -0.424 2.422
12 12 0.450 -0.475 2.375
12 13 0.270 -0.466 2.559
12 14 0.321 -0.645 2.218
12 15 0.344 -0.841 2.106
12 16 0.404 -0.833 2.083
12 17 0.424 -0.463 2.547
12 18 0.407 -0.631 2.243
12 19 0.415 -0.806 2.067
12 20 0.387 -0.858 2.045
13 1 0.345 -0.404 2.573
13 2 0.345 -0.368 2.622
13 3 0.334 -0.114 2.663
13 4 0.341 0.060 2.647
13 5 0.194 -0.186 2.657
13 6 0.154 -0.362 2.588
13 7 0.192 -0.483 2.469
13 8 0.243 -0.523 2.409
13 9 0.475 -0.193 2.639
13 10 0.527 -0.378 2.623
13 11 0.495 -0.380 2.412
13 12 0.468 -0.397 2.350
13 13 0.270 -0.466 2.559
13 14 0.327 -0.615 2.234
13 15 0.343 -0.833 2.106
13 16 0.403 -0.835 2.083
13 17 0.424 -0.463 2.547
13 18 0.416 -0.650 2.223
13 19 0.417 -0.819 2.079
13 20 0.379 -0.875 2.071
14 1 0.345 -0.404 2.574
14 2 0.345 -0.368 2.622
14 3 0.334 -0.114 2.663
14 4 0.341 0.060 2.648
14 5 0.194 -0.186 2.657
14 6 0.155 -0.362 2.588
14 7 0.192 -0.483 2.470
14 8 0.239 -0.520 2.414
14 9 0.475 -0.193 2.639
14 10 0.528 -0.376 2.627
14 11 0.490 -0.348 2.407
14 12 0.473 -0.338 2.334
14 13 0.270 -0.466 2.559
14 14 0.320 -0.635 2.221
14 15 0.343 -0.835 2.105
14 16 0.404 -0.835 2.083
14 17 0.424 -0.463 2.548
14 18 0.419 -0.660 2.211
14 19 0.417 -0.825 2.083
14 20 0.364 -0.843 2.117
15 1 0.345 -0.404 2.574
15 2 0.345 -0.368 2.622
15 3 0.334 -0.114 2.664
15 4 0.341 0.060 2.648
15 5 0.194 -0.186 2.657
15 6 0.155 -0.361 2.588
15 7 0.192 -0.483 2.470
15 8 0.250 -0.529 2.396
15 9 0.475 -0.193 2.639
15 10 0.528 -0.373 2.631
15 11 0.490 -0.335 2.405
15 12 0.476 -0.318 2.329
15 13 0.270 -0.466 2.560
15 14 0.316 -0.646 2.214
15 15 0.343 -0.838 2.104
15 16 0.404 -0.836 2.083
15 17 0.424 -0.463 2.548
15 18 0.421 -0.665 2.205
15 19 0.418 -0.829 2.086
15 20 0.354 -0.833 2.129
16 1 0.345 -0.404 2.574
16 2 0.345 -0.368 2.623
16 3 0.334 -0.115 2.664
16 4 0.341 0.060 2.648
16 5 0.194 -0.186 2.658
16 6 0.155 -0.361 2.587
16 7 0.192 -0.484 2.470
16 8 0.254 -0.533 2.389
16 9 0.475 -0.193 2.640
16 10 0.526 -0.369 2.632
16 11 0.488 -0.296 2.400
16 12 0.481 -0.267 2.323
16 13 0.270 -0.466 2.560
16 14 0.309 -0.657 2.210
16 15 0.345 -0.843 2.105
16 16 0.404 -0.835 2.082
16 17 0.424 -0.463 2.548
16 18 0.422 -0.669 2.201
16 19 0.418 -0.834 2.088
16 20 0.358 -0.816 2.138
17 1 0.345 -0.404 2.575
17 2 0.345 -0.368 2.623
17 3 0.334 -0.115 2.664
17 4 0.341 0.060 2.648
17 5 0.194 -0.186 2.658
17 6 0.155 -0.361 2.586
17 7 0.192 -0.484 2.470
17 8 0.257 -0.535 2.386
17 9 0.475 -0.193 2.640
17 10 0.515 -0.384 2.569
17 11 0.487 -0.279 2.397
17 12 0.483 -0.242 2.327
17 13 0.270 -0.466 2.560
17 14 0.306 -0.663 2.208
17 15 0.347 -0.847 2.107
17 16 0.404 -0.835 2.082
17 17 0.423 -0.463 2.548
17 18 0.422 -0.671 2.198
17 19 0.418 -0.838 2.089
17 20 0.366 -0.800 2.139
18 1 0.345 -0.404 2.575
18 2 0.345 -0.368 2.623
18 3 0.334 -0.115 2.664
18 4 0.341 0.060 2.649
18 5 0.194 -0.187 2.658
18 6 0.156 -0.361 2.585
18 7 0.192 -0.485 2.470
18 8 0.237 -0.518 2.412
18 9 0.474 -0.193 2.640
18 10 0.507 -0.395 2.536
18 11 0.487 -0.270 2.396
18 12 0.494 -0.218 2.375
18 13 0.270 -0.466 2.561
18 14 0.304 -0.666 2.207
18 15 0.348 -0.850 2.107
18 16 0.405 -0.834 2.082
18 17 0.423 -0.463 2.549
18 18 0.422 -0.672 2.197
18 19 0.418 -0.840 2.090
18 20 0.379 -0.786 2.135
19 1 0.345 -0.404 2.575
19 2 0.345 -0.368 2.624
19 3 0.334 -0.115 2.665
19 4 0.341 0.060 2.649
19 5 0.194 -0.187 2.659
19 6 0.156 -0.361 2.584
19 7 0.192 -0.485 2.470
19 8 0.236 -0.516 2.414
19 9 0.474 -0.193 2.641
19 10 0.504 -0.396 2.524
19 11 0.492 -0.251 2.408
19 12 0.503 -0.190 2.403
19 13 0.270 -0.466 2.561
19 14 0.337 -0.628 2.225
19 15 0.346 -0.840 2.107
19 16 0.405 -0.833 2.084
19 17 0.423 -0.463 2.549
19 18 0.421 -0.672 2.197
19 19 0.418 -0.842 2.091
19 20 0.391 -0.778 2.130
20 1 0.345 -0.404 2.576
20 2 0.345 -0.368 2.624
20 3 0.334 -0.115 2.665
20 4 0.342 0.060 2.649
20 5 0.194 -0.187 2.659
20 6 0.156 -0.361 2.584
20 7 0.192 -0.485 2.470
20 8 0.221 -0.513 2.422
20 9 0.474 -0.193 2.641
20 10 0.503 -0.395 2.516
20 11 0.496 -0.239 2.417
20 12 0.509 -0.179 2.425
20 13 0.270 -0.466 2.562
20 14 0.351 -0.613 2.233
20 15 0.345 -0.832 2.108
20 16 0.405 -0.834 2.084
20 17 0.423 -0.463 2.549
20 18 0.420 -0.671 2.198
20 19 0.418 -0.843 2.091
20 20 0.398 -0.774 2.127
21 1 0.345 -0.404 2.576
21 2 0.345 -0.368 2.624
21 3 0.334 -0.115 2.665
21 4 0.342 0.060 2.650
21 5 0.194 -0.187 2.659
21 6 0.157 -0.361 2.583
21 7 0.192 -0.486 2.470
21 8 0.214 -0.512 2.426
21 9 0.473 -0.193 2.641
21 10 0.503 -0.391 2.516
21 11 0.501 -0.229 2.432
21 12 0.513 -0.173 2.442
21 13 0.270 -0.466 2.562
21 14 0.358 -0.604 2.237
21 15 0.344 -0.828 2.108
21 16 0.405 -0.834 2.085
21 17 0.423 -0.463 2.550
21 18 0.419 -0.670 2.199
21 19 0.418 -0.844 2.091
21 20 0.406 -0.773 2.123
22 1 0.345 -0.405 2.577
22 2 0.345 -0.369 2.625
22 3 0.334 -0.115 2.666
22 4 0.342 0.060 2.651
22 5 0.194 -0.187 2.660
22 6 0.157 -0.360 2.583
22 7 0.192 -0.486 2.470
22 8 0.210 -0.510 2.428
22 9 0.472 -0.192 2.641
22 10 0.504 -0.383 2.521
22 11 0.505 -0.220 2.444
22 12 0.515 -0.168 2.460
22 13 0.270 -0.466 2.563
22 14 0.363 -0.599 2.239
22 15 0.343 -0.824 2.108
22 16 0.405 -0.834 2.085
22 17 0.423 -0.463 2.550
22 18 0.419 -0.669 2.200
22 19 0.418 -0.845 2.091
22 20 0.412 -0.772 2.121
23 1 0.345 -0.405 2.577
23 2 0.346 -0.369 2.625
23 3 0.335 -0.115 2.666
23 4 0.342 0.060 2.652
23 5 0.194 -0.187 2.660
23 6 0.157 -0.360 2.583
23 7 0.192 -0.486 2.470
23 8 0.207 -0.509 2.430
23 9 0.471 -0.192 2.639
23 10 0.505 -0.376 2.527
23 11 0.509 -0.213 2.455
23 12 0.517 -0.155 2.470
23 13 0.270 -0.466 2.564
23 14 0.366 -0.595 2.241
23 15 0.342 -0.822 2.108
23 16 0.406 -0.834 2.086
23 17 0.423 -0.463 2.551
23 18 0.418 -0.668 2.201
23 19 0.417 -0.846 2.091
23 20 0.419 -0.773 2.116
24 1 0.345 -0.405 2.578
24 2 0.346 -0.369 2.626
24 3 0.335 -0.116 2.667
24 4 0.342 0.060 2.653
24 5 0.194 -0.187 2.660
24 6 0.157 -0.360 2.583
24 7 0.191 -0.486 2.470
24 8 0.205 -0.509 2.432
24 9 0.469 -0.192 2.634
24 10 0.507 -0.370 2.533
24 11 0.524 -0.173 2.485
24 12 0.527 -0.115 2.487
24 13 0.271 -0.466 2.565
24 14 0.336 -0.635 2.224
24 15 0.344 -0.833 2.108
24 16 0.406 -0.833 2.086
24 17 0.423 -0.463 2.551
24 18 0.418 -0.667 2.202
24 19 0.417 -0.846 2.091
24 20 0.424 -0.774 2.113
25 1 0.345 -0.405 2.578
25 2 0.347 -0.369 2.626
25 3 0.335 -0.116 2.667
25 4 0.342 0.060 2.654
25 5 0.194 -0.187 2.661
25 6 0.157 -0.360 2.583
25 7 0.191 -0.486 2.470
25 8 0.204 -0.508 2.433
25 9 0.468 -0.191 2.630
25 10 0.508 -0.366 2.537
25 11 0.531 -0.154 2.499
25 12 0.519 -0.106 2.523
25 13 0.271 -0.467 2.565
25 14 0.320 -0.657 2.213
25 15 0.344 -0.839 2.108
25 16 0.406 -0.833 2.086
25 17 0.423 -0.463 2.551
25 18 0.418 -0.666 2.203
25 19 0.416 -0.847 2.090
25 20 0.433 -0.777 2.107
26 1 0.345 -0.406 2.579
26 2 0.347 -0.370 2.627
26 3 0.335 -0.116 2.668
26 4 0.343 0.060 2.655
26 5 0.194 -0.187 2.661
26 6 0.157 -0.360 2.583
26 7 0.191 -0.486 2.470
26 8 0.203 -0.505 2.435
26 9 0.469 -0.191 2.625
26 10 0.510 -0.362 2.540
26 11 0.542 -0.142 2.525
26 12 0.515 -0.112 2.519
26 13 0.271 -0.467 2.566
26 14 0.312 -0.666 2.208
26 15 0.345 -0.843 2.107
26 16 0.406 -0.834 2.086
26 17 0.423 -0.463 2.552
26 18 0.418 -0.666 2.204
26 19 0.415 -0.847 2.090
26 20 0.455 -0.792 2.097
27 1 0.345 -0.406 2.579
27 2 0.348 -0.370 2.628
27 3 0.335 -0.116 2.669
27 4 0.343 0.061 2.656
27 5 0.194 -0.187 2.662
27 6 0.157 -0.360 2.583
27 7 0.191 -0.486 2.471
27 8 0.203 -0.503 2.437
27 9 0.470 -0.190 2.622
27 10 0.511 -0.359 2.543
27 11 0.546 -0.136 2.535
27 12 0.515 -0.108 2.524
27 13 0.271 -0.467 2.567
27 14 0.308 -0.671 2.206
27 15 0.345 -0.845 2.107
27 16 0.407 -0.833 2.087
27 17 0.423 -0.463 2.552
27 18 0.418 -0.665 2.204
27 19 0.415 -0.847 2.089
27 20 0.463 -0.800 2.098
28 1 0.345 -0.406 2.580
28 2 0.348 -0.370 2.628
28 3 0.335 -0.116 2.670
28 4 0.343 0.061 2.658
28 5 0.195 -0.187 2.663
28 6 0.157 -0.359 2.583
28 7 0.191 -0.486 2.471
28 8 0.203 -0.502 2.439
28 9 0.472 -0.189 2.618
28 10 0.513 -0.355 2.546
28 11 0.549 -0.132 2.542
28 12 0.515 -0.109 2.523
28 13 0.271 -0.467 2.568
28 14 0.305 -0.674 2.204
28 15 0.345 -0.846 2.107
28 16 0.407 -0.833 2.086
28 17 0.423 -0.463 2.552
28 18 0.417 -0.664 2.205
28 19 0.414 -0.847 2.089
28 20 0.468 -0.807 2.102
29 1 0.345 -0.406 2.581
29 2 0.348 -0.370 2.629
29 3 0.335 -0.116 2.671
29 4 0.343 0.061 2.659
29 5 0.195 -0.187 2.663
29 6 0.157 -0.359 2.583
29 7 0.192 -0.486 2.471
29 8 0.205 -0.502 2.437
29 9 0.474 -0.188 2.616
29 10 0.515 -0.352 2.548
29 11 0.550 -0.130 2.548
29 12 0.515 -0.108 2.524
29 13 0.271 -0.467 2.569
29 14 0.303 -0.675 2.203
29 15 0.346 -0.847 2.106
29 16 0.407 -0.834 2.086
29 17 0.423 -0.463 2.553
29 18 0.417 -0.664 2.205
29 19 0.414 -0.846 2.088
29 20 0.472 -0.814 2.104
30 1 0.345 -0.406 2.582
30 2 0.349 -0.370 2.630
30 3 0.335 -0.116 2.673
30 4 0.343 0.061 2.660
30 5 0.195 -0.187 2.664
30 6 0.157 -0.359 2.583
30 7 0.193 -0.485 2.471
30 8 0.207 -0.503 2.435
30 9 0.476 -0.188 2.614
30 10 0.517 -0.349 2.549
30 11 0.551 -0.130 2.553
30 12 0.515 -0.108 2.524
30 13 0.271 -0.467 2.570
30 14 0.303 -0.672 2.204
30 15 0.346 -0.848 2.106
30 16 0.407 -0.834 2.086
30 17 0.424 -0.463 2.553
30 18 0.417 -0.663 2.206
30 19 0.413 -0.846 2.088
30 20 0.475 -0.824 2.105
31 1 0.345 -0.406 2.583
31 2 0.349 -0.370 2.631
31 3 0.334 -0.116 2.674
31 4 0.343 0.061 2.662
31 5 0.195 -0.187 2.665
31 6 0.157 -0.359 2.583
31 7 0.194 -0.485 2.471
31 8 0.208 -0.504 2.435
31 9 0.479 -0.187 2.613
31 10 0.519 -0.346 2.550
31 11 0.552 -0.129 2.557
31 12 0.515 -0.108 2.525
31 13 0.270 -0.467 2.571
31 14 0.305 -0.667 2.206
31 15 0.346 -0.848 2.106
31 16 0.407 -0.833 2.086
31 17 0.424 -0.463 2.554
31 18 0.417 -0.663 2.206
31 19 0.413 -0.846 2.087
31 20 0.477 -0.838 2.108
32 1 0.345 -0.405 2.584
32 2 0.349 -0.369 2.632
32 3 0.334 -0.115 2.675
32 4 0.343 0.061 2.663
32 5 0.195 -0.187 2.665
32 6 0.158 -0.359 2.583
32 7 0.194 -0.485 2.471
32 8 0.209 -0.503 2.435
32 9 0.483 -0.185 2.614
32 10 0.521 -0.343 2.550
32 11 0.552 -0.129 2.560
32 12 0.516 -0.107 2.526
32 13 0.270 -0.467 2.573
32 14 0.305 -0.664 2.208
32 15 0.346 -0.848 2.107
32 16 0.408 -0.833 2.086
32 17 0.424 -0.464 2.554
32 18 0.416 -0.662 2.207
32 19 0.412 -0.845 2.087
32 20 0.430 -0.864 2.047
33 1 0.345 -0.405 2.586
33 2 0.349 -0.369 2.634
33 3 0.334 -0.115 2.675
33 4 0.344 0.061 2.665
33 5 0.195 -0.187 2.666
33 6 0.158 -0.360 2.583
33 7 0.195 -0.485 2.470
33 8 0.240 -0.520 2.405
33 9 0.486 -0.184 2.615
33 10 0.523 -0.341 2.551
33 11 0.553 -0.129 2.562
33 12 0.518 -0.107 2.526
33 13 0.270 -0.467 2.574
33 14 0.305 -0.661 2.210
33 15 0.346 -0.847 2.107
33 16 0.408 -0.833 2.086
33 17 0.424 -0.464 2.555
33 18 0.416 -0.662 2.207
33 19 0.412 -0.845 2.086
33 20 0.406 -0.876 2.017
34 1 0.345 -0.404 2.587
34 2 0.349 -0.368 2.635
34 3 0.334 -0.115 2.676
34 4 0.344 0.061 2.666
34 5 0.195 -0.187 2.667
34 6 0.158 -0.360 2.583
34 7 0.195 -0.485 2.470
34 8 0.236 -0.515 2.415
34 9 0.490 -0.182 2.617
34 10 0.524 -0.339 2.551
34 11 0.554 -0.129 2.564
34 12 0.519 -0.107 2.527
34 13 0.269 -0.467 2.576
34 14 0.306 -0.658 2.212
34 15 0.346 -0.847 2.108
34 16 0.408 -0.834 2.086
34 17 0.425 -0.464 2.556
34 18 0.416 -0.661 2.208
34 19 0.412 -0.844 2.086
34 20 0.395 -0.882 2.003
35 1 0.345 -0.403 2.589
35 2 0.349 -0.367 2.637
35 3 0.334 -0.114 2.677
35 4 0.344 0.062 2.667
35 5 0.195 -0.187 2.668
35 6 0.158 -0.360 2.583
35 7 0.195 -0.485 2.470
35 8 0.248 -0.521 2.405
35 9 0.493 -0.181 2.620
35 10 0.526 -0.338 2.552
35 11 0.554 -0.129 2.566
35 12 0.521 -0.107 2.528
35 13 0.269 -0.466 2.578
35 14 0.307 -0.656 2.214
35 15 0.346 -0.846 2.109
35 16 0.408 -0.834 2.086
35 17 0.425 -0.463 2.557
35 18 0.416 -0.661 2.208
35 19 0.411 -0.844 2.085
35 20 0.389 -0.885 1.994
36 1 0.345 -0.402 2.591
36 2 0.349 -0.366 2.638
36 3 0.334 -0.114 2.678
36 4 0.345 0.062 2.669
36 5 0.195 -0.187 2.670
36 6 0.158 -0.360 2.583
36 7 0.195 -0.485 2.470
36 8 0.235 -0.511 2.420
36 9 0.497 -0.180 2.625
36 10 0.527 -0.336 2.552
36 11 0.555 -0.130 2.568
36 12 0.523 -0.108 2.530
36 13 0.269 -0.466 2.579
36 14 0.308 -0.655 2.215
36 15 0.346 -0.845 2.109
36 16 0.408 -0.833 2.086
36 17 0.426 -0.463 2.558
36 18 0.416 -0.661 2.208
36 19 0.411 -0.844 2.085
36 20 0.385 -0.887 1.989
37 1 0.345 -0.401 2.592
37 2 0.349 -0.365 2.640
37 3 0.333 -0.114 2.679
37 4 0.345 0.062 2.671
37 5 0.195 -0.187 2.672
37 6 0.159 -0.360 2.583
37 7 0.195 -0.485 2.470
37 8 0.228 -0.505 2.427
37 9 0.500 -0.180 2.629
37 10 0.528 -0.335 2.553
37 11 0.556 -0.132 2.570
37 12 0.525 -0.109 2.532
37 13 0.269 -0.466 2.580
37 14 0.308 -0.653 2.217
37 15 0.346 -0.844 2.110
37 16 0.407 -0.833 2.085
37 17 0.426 -0.463 2.559
37 18 0.416 -0.661 2.208
37 19 0.411 -0.843 2.085
37 20 0.383 -0.887 1.986
38 1 0.345 -0.400 2.594
38 2 0.349 -0.364 2.641
38 3 0.333 -0.114 2.680
38 4 0.345 0.062 2.672
38 5 0.195 -0.186 2.673
38 6 0.159 -0.360 2.583
38 7 0.196 -0.485 2.470
38 8 0.228 -0.508 2.429
38 9 0.502 -0.179 2.632
38 10 0.529 -0.335 2.554
38 11 0.557 -0.134 2.573
38 12 0.528 -0.110 2.534
38 13 0.268 -0.465 2.581
38 14 0.343 -0.620 2.230
38 15 0.344 -0.836 2.109
38 16 0.407 -0.834 2.085
38 17 0.427 -0.462 2.560
38 18 0.417 -0.661 2.208
38 19 0.410 -0.843 2.084
38 20 0.382 -0.886 1.985
39 1 0.345 -0.399 2.595
39 2 0.349 -0.363 2.642
39 3 0.333 -0.113 2.681
39 4 0.345 0.062 2.673
39 5 0.195 -0.186 2.674
39 6 0.159 -0.360 2.583
39 7 0.196 -0.486 2.470
39 8 0.226 -0.507 2.431
39 9 0.504 -0.179 2.634
39 10 0.530 -0.334 2.555
39 11 0.559 -0.145 2.579
39 12 0.532 -0.119 2.541
39 13 0.268 -0.465 2.582
39 14 0.363 -0.602 2.237
39 15 0.344 -0.830 2.108
39 16 0.407 -0.834 2.085
39 17 0.428 -0.462 2.562
39 18 0.417 -0.661 2.209
39 19 0.410 -0.843 2.084
39 20 0.428 -0.857 2.063
40 1 0.345 -0.398 2.596
40 2 0.349 -0.363 2.643
40 3 0.333 -0.113 2.682
40 4 0.345 0.062 2.674
40 5 0.195 -0.186 2.676
40 6 0.159 -0.361 2.583
40 7 0.196 -0.486 2.470
40 8 0.224 -0.506 2.434
40 9 0.505 -0.179 2.637
40 10 0.532 -0.333 2.557
40 11 0.561 -0.151 2.584
40 12 0.534 -0.125 2.546
40 13 0.268 -0.464 2.583
40 14 0.371 -0.595 2.240
40 15 0.343 -0.826 2.107
40 16 0.407 -0.834 2.085
40 17 0.428 -0.462 2.563
40 18 0.418 -0.661 2.209
40 19 0.409 -0.842 2.083
40 20 0.462 -0.841 2.109
41 1 0.345 -0.397 2.597
41 2 0.349 -0.362 2.644
41 3 0.333 -0.113 2.682
41 4 0.346 0.062 2.675
41 5 0.195 -0.186 2.676
41 6 0.159 -0.361 2.584
41 7 0.196 -0.486 2.470
41 8 0.221 -0.506 2.434
41 9 0.506 -0.179 2.639
41 10 0.534 -0.333 2.560
41 11 0.562 -0.157 2.589
41 12 0.536 -0.129 2.550
41 13 0.268 -0.464 2.583
41 14 0.376 -0.591 2.242
41 15 0.343 -0.824 2.107
41 16 0.407 -0.834 2.085
41 17 0.429 -0.461 2.564
41 18 0.419 -0.662 2.209
41 19 0.408 -0.842 2.083
41 20 0.472 -0.835 2.123
42 1 0.345 -0.397 2.597
42 2 0.349 -0.362 2.645
42 3 0.333 -0.113 2.683
42 4 0.346 0.062 2.676
42 5 0.195 -0.186 2.677
42 6 0.160 -0.361 2.584
42 7 0.196 -0.486 2.471
42 8 0.218 -0.506 2.434
42 9 0.507 -0.179 2.641
42 10 0.536 -0.332 2.562
42 11 0.566 -0.168 2.565
42 12 0.539 -0.135 2.540
42 13 0.268 -0.464 2.584
42 14 0.379 -0.588 2.244
42 15 0.343 -0.822 2.107
42 16 0.407 -0.835 2.085
42 17 0.429 -0.461 2.564
42 18 0.420 -0.662 2.209
42 19 0.408 -0.842 2.083
42 20 0.479 -0.832 2.131
43 1 0.346 -0.396 2.598
43 2 0.348 -0.361 2.645
43 3 0.333 -0.113 2.684
43 4 0.346 0.063 2.678
43 5 0.195 -0.186 2.678
43 6 0.160 -0.361 2.585
43 7 0.196 -0.486 2.471
43 8 0.223 -0.508 2.433
43 9 0.507 -0.179 2.644
43 10 0.538 -0.333 2.566
43 11 0.585 -0.181 2.544
43 12 0.552 -0.144 2.525
43 13 0.267 -0.464 2.584
43 14 0.370 -0.588 2.246
43 15 0.343 -0.820 2.106
43 16 0.406 -0.835 2.084
43 17 0.429 -0.461 2.565
43 18 0.421 -0.662 2.210
43 19 0.407 -0.842 2.082
43 20 0.482 -0.831 2.135
44 1 0.346 -0.396 2.598
44 2 0.348 -0.361 2.646
44 3 0.333 -0.112 2.685
44 4 0.346 0.063 2.680
44 5 0.195 -0.186 2.679
44 6 0.161 -0.361 2.586
44 7 0.196 -0.486 2.471
44 8 0.250 -0.522 2.412
44 9 0.508 -0.179 2.646
44 10 0.539 -0.333 2.569
44 11 0.590 -0.185 2.537
44 12 0.560 -0.150 2.515
44 13 0.267 -0.463 2.585
44 14 0.366 -0.587 2.247
44 15 0.343 -0.820 2.106
44 16 0.406 -0.836 2.084
44 17 0.430 -0.461 2.566
44 18 0.422 -0.663 2.210
44 19 0.406 -0.842 2.082
44 20 0.481 -0.834 2.132
45 1 0.346 -0.396 2.599
45 2 0.348 -0.361 2.646
45 3 0.334 -0.112 2.686
45 4 0.346 0.064 2.682
45 5 0.195 -0.186 2.680
45 6 0.161 -0.361 2.587
45 7 0.196 -0.486 2.471
45 8 0.257 -0.525 2.407
45 9 0.508 -0.180 2.649
45 10 0.540 -0.334 2.574
45 11 0.593 -0.188 2.536
45 12 0.562 -0.152 2.512
45 13 0.267 -0.463 2.585
45 14 0.362 -0.588 2.247
45 15 0.343 -0.819 2.106
45 16 0.406 -0.836 2.084
45 17 0.430 -0.460 2.567
45 18 0.422 -0.663 2.210
45 19 0.406 -0.842 2.082
45 20 0.480 -0.835 2.129
46 1 0.346 -0.395 2.599
46 2 0.348 -0.360 2.647
46 3 0.334 -0.111 2.687
46 4 0.346 0.064 2.683
46 5 0.195 -0.186 2.681
46 6 0.161 -0.361 2.588
46 7 0.195 -0.485 2.472
46 8 0.254 -0.525 2.410
46 9 0.509 -0.181 2.651
46 10 0.541 -0.335 2.579
46 11 0.594 -0.189 2.536
46 12 0.564 -0.154 2.509
46 13 0.267 -0.463 2.585
46 14 0.360 -0.589 2.247
46 15 0.343 -0.818 2.106
46 16 0.406 -0.836 2.084
46 17 0.430 -0.460 2.567
46 18 0.423 -0.663 2.210
46 19 0.406 -0.842 2.082
46 20 0.430 -0.855 2.053
47 1 0.346 -0.395 2.600
47 2 0.348 -0.360 2.648
47 3 0.334 -0.110 2.690
47 4 0.347 0.065 2.686
47 5 0.195 -0.186 2.681
47 6 0.161 -0.361 2.588
47 7 0.195 -0.485 2.472
47 8 0.256 -0.525 2.408
47 9 0.510 -0.181 2.654
47 10 0.539 -0.338 2.589
47 11 0.594 -0.191 2.536
47 12 0.565 -0.156 2.508
47 13 0.267 -0.462 2.585
47 14 0.359 -0.589 2.247
47 15 0.343 -0.818 2.106
47 16 0.406 -0.837 2.084
47 17 0.430 -0.460 2.568
47 18 0.423 -0.663 2.211
47 19 0.405 -0.841 2.082
47 20 0.403 -0.866 2.012
48 1 0.346 -0.394 2.600
48 2 0.348 -0.359 2.648
48 3 0.332 -0.107 2.694
48 4 0.348 0.065 2.688
48 5 0.195 -0.185 2.683
48 6 0.162 -0.360 2.589
48 7 0.195 -0.485 2.473
48 8 0.257 -0.526 2.408
48 9 0.511 -0.182 2.657
48 10 0.543 -0.342 2.604
48 11 0.592 -0.192 2.538
48 12 0.565 -0.158 2.508
48 13 0.267 -0.461 2.585
48 14 0.358 -0.590 2.247
48 15 0.343 -0.818 2.106
48 16 0.406 -0.837 2.084
48 17 0.431 -0.459 2.568
48 18 0.423 -0.663 2.211
48 19 0.405 -0.841 2.082
48 20 0.441 -0.867 2.071
49 1 0.346 -0.393 2.601
49 2 0.347 -0.358 2.650
49 3 0.331 -0.105 2.698
49 4 0.349 0.066 2.690
49 5 0.196 -0.185 2.684
49 6 0.162 -0.360 2.589
49 7 0.194 -0.484 2.473
49 8 0.246 -0.522 2.416
49 9 0.512 -0.183 2.661
49 10 0.545 -0.344 2.612
49 11 0.591 -0.192 2.541
49 12 0.565 -0.159 2.508
49 13 0.267 -0.460 2.586
49 14 0.358 -0.590 2.247
49 15 0.343 -0.818 2.106
49 16 0.406 -0.837 2.084
49 17 0.431 -0.459 2.570
49 18 0.423 -0.662 2.212
49 19 0.405 -0.841 2.082
49 20 0.433 -0.877 2.056
50 1 0.346 -0.392 2.603
50 2 0.347 -0.357 2.651
50 3 0.330 -0.102 2.702
50 4 0.350 0.068 2.692
50 5 0.196 -0.184 2.685
50 6 0.162 -0.358 2.590
50 7 0.193 -0.483 2.475
50 8 0.248 -0.523 2.414
50 9 0.513 -0.184 2.664
50 10 0.546 -0.346 2.617
50 11 0.590 -0.192 2.546
50 12 0.565 -0.160 2.511
50 13 0.267 -0.459 2.586
50 14 0.357 -0.590 2.247
50 15 0.343 -0.818 2.106
50 16 0.405 -0.838 2.083
50 17 0.432 -0.458 2.572
50 18 0.423 -0.662 2.214
50 19 0.405 -0.840 2.082
50 20 0.456 -0.876 2.080
51 1 0.346 -0.390 2.604
51 2 0.346 -0.355 2.653
51 3 0.330 -0.101 2.703
51 4 0.351 0.068 2.694
51 5 0.196 -0.183 2.686
51 6 0.162 -0.357 2.591
51 7 0.192 -0.482 2.476
51 8 0.219 -0.503 2.438
51 9 0.514 -0.185 2.669
51 10 0.547 -0.347 2.621
51 11 0.587 -0.191 2.556
51 12 0.562 -0.160 2.519
51 13 0.267 -0.457 2.586
51 14 0.357 -0.591 2.247
51 15 0.343 -0.817 2.105
51 16 0.405 -0.838 2.083
51 17 0.432 -0.457 2.574
51 18 0.423 -0.661 2.215
51 19 0.406 -0.839 2.083
51 20 0.465 -0.874 2.087
52 1 0.346 -0.388 2.605
52 2 0.346 -0.353 2.654
52 3 0.329 -0.099 2.704
52 4 0.352 0.069 2.696
52 5 0.197 -0.181 2.688
52 6 0.161 -0.356 2.591
52 7 0.191 -0.481 2.476
52 8 0.209 -0.500 2.443
52 9 0.516 -0.186 2.675
52 10 0.549 -0.347 2.626
52 11 0.585 -0.190 2.566
52 12 0.561 -0.160 2.527
52 13 0.267 -0.454 2.587
52 14 0.357 -0.591 2.247
52 15 0.343 -0.817 2.105
52 16 0.405 -0.838 2.083
52 17 0.432 -0.455 2.576
52 18 0.422 -0.660 2.217
52 19 0.406 -0.839 2.084
52 20 0.469 -0.874 2.089
53 1 0.344 -0.383 2.605
53 2 0.343 -0.350 2.655
53 3 0.329 -0.098 2.705
53 4 0.353 0.070 2.697
53 5 0.197 -0.180 2.689
53 6 0.161 -0.355 2.592
53 7 0.190 -0.481 2.477
53 8 0.207 -0.501 2.444
53 9 0.519 -0.187 2.681
53 10 0.550 -0.348 2.629
53 11 0.583 -0.189 2.575
53 12 0.560 -0.160 2.536
53 13 0.261 -0.445 2.582
53 14 0.356 -0.591 2.247
53 15 0.343 -0.817 2.105
53 16 0.405 -0.838 2.083
53 17 0.431 -0.453 2.576
53 18 0.422 -0.659 2.218
53 19 0.407 -0.838 2.085
53 20 0.472 -0.874 2.089
54 1 0.342 -0.379 2.605
54 2 0.341 -0.346 2.655
54 3 0.328 -0.097 2.706
54 4 0.354 0.070 2.699
54 5 0.198 -0.178 2.690
54 6 0.161 -0.354 2.592
54 7 0.190 -0.480 2.478
54 8 0.234 -0.518 2.423
54 9 0.521 -0.188 2.686
54 10 0.555 -0.348 2.634
54 11 0.586 -0.187 2.594
54 12 0.563 -0.159 2.555
54 13 0.257 -0.439 2.579
54 14 0.356 -0.591 2.246
54 15 0.343 -0.817 2.105
54 16 0.405 -0.838 2.083
54 17 0.430 -0.450 2.576
54 18 0.422 -0.658 2.219
54 19 0.408 -0.837 2.086
54 20 0.470 -0.876 2.084
55 1 0.341 -0.377 2.605
55 2 0.339 -0.344 2.656
55 3 0.328 -0.096 2.707
55 4 0.355 0.070 2.700
55 5 0.198 -0.177 2.691
55 6 0.161 -0.353 2.592
55 7 0.189 -0.480 2.478
55 8 0.226 -0.518 2.426
55 9 0.522 -0.189 2.690
55 10 0.549 -0.354 2.639
55 11 0.585 -0.190 2.603
55 12 0.562 -0.162 2.564
55 13 0.256 -0.436 2.578
55 14 0.356 -0.591 2.246
55 15 0.343 -0.818 2.105
55 16 0.405 -0.838 2.084
55 17 0.429 -0.448 2.577
55 18 0.422 -0.657 2.220
55 19 0.409 -0.836 2.087
55 20 0.464 -0.877 2.076
56 1 0.340 -0.375 2.606
56 2 0.338 -0.343 2.656
56 3 0.328 -0.095 2.707
56 4 0.355 0.071 2.701
56 5 0.198 -0.176 2.691
56 6 0.161 -0.352 2.592
56 7 0.189 -0.480 2.478
56 8 0.221 -0.517 2.430
56 9 0.523 -0.189 2.693
56 10 0.548 -0.355 2.642
56 11 0.586 -0.190 2.609
56 12 0.562 -0.163 2.571
56 13 0.255 -0.434 2.577
56 14 0.356 -0.591 2.246
56 15 0.343 -0.818 2.105
56 16 0.406 -0.838 2.085
56 17 0.429 -0.447 2.578
56 18 0.421 -0.656 2.221
56 19 0.409 -0.836 2.088
56 20 0.463 -0.877 2.074
57 1 0.340 -0.374 2.606
57 2 0.338 -0.342 2.657
57 3 0.327 -0.094 2.708
57 4 0.356 0.071 2.702
57 5 0.199 -0.176 2.692
57 6 0.160 -0.352 2.592
57 7 0.189 -0.479 2.478
57 8 0.217 -0.515 2.434
57 9 0.524 -0.189 2.696
57 10 0.548 -0.355 2.643
57 11 0.586 -0.191 2.613
57 12 0.563 -0.163 2.575
57 13 0.255 -0.433 2.577
57 14 0.334 -0.621 2.234
57 15 0.342 -0.821 2.110
57 16 0.406 -0.838 2.086
57 17 0.429 -0.446 2.579
57 18 0.421 -0.655 2.223
57 19 0.409 -0.835 2.090
57 20 0.461 -0.874 2.072
58 1 0.340 -0.373 2.607
58 2 0.337 -0.341 2.657
58 3 0.327 -0.094 2.708
58 4 0.356 0.071 2.703
58 5 0.199 -0.175 2.692
58 6 0.160 -0.351 2.592
58 7 0.188 -0.479 2.479
58 8 0.216 -0.511 2.437
58 9 0.524 -0.189 2.697
58 10 0.548 -0.355 2.644
58 11 0.587 -0.190 2.616
58 12 0.563 -0.163 2.578
58 13 0.255 -0.432 2.577
58 14 0.323 -0.636 2.229
58 15 0.342 -0.824 2.113
58 16 0.405 -0.837 2.087
58 17 0.429 -0.445 2.580
58 18 0.421 -0.654 2.224
58 19 0.409 -0.834 2.091
58 20 0.461 -0.873 2.072
59 1 0.339 -0.373 2.606
59 2 0.336 -0.342 2.656
59 3 0.325 -0.112 2.706
59 4 0.356 0.071 2.703
59 5 0.199 -0.175 2.692
59 6 0.160 -0.350 2.591
59 7 0.188 -0.479 2.479
59 8 0.216 -0.509 2.439
59 9 0.524 -0.189 2.698
59 10 0.546 -0.351 2.638
59 11 0.587 -0.189 2.615
59 12 0.563 -0.162 2.577
59 13 0.255 -0.433 2.577
59 14 0.316 -0.645 2.224
59 15 0.342 -0.826 2.115
59 16 0.405 -0.837 2.088
59 17 0.427 -0.447 2.580
59 18 0.420 -0.654 2.223
59 19 0.409 -0.834 2.091
59 20 0.465 -0.861 2.088
60 1 0.339 -0.374 2.606
60 2 0.336 -0.343 2.656
60 3 0.324 -0.114 2.706
60 4 0.356 0.071 2.703
60 5 0.199 -0.175 2.692
60 6 0.160 -0.350 2.591
60 7 0.188 -0.478 2.479
60 8 0.241 -0.517 2.417
60 9 0.523 -0.189 2.698
60 10 0.545 -0.341 2.619
60 11 0.585 -0.184 2.603
60 12 0.561 -0.157 2.565
60 13 0.257 -0.435 2.577
60 14 0.312 -0.650 2.222
60 15 0.342 -0.828 2.115
60 16 0.405 -0.837 2.088
60 17 0.426 -0.448 2.579
60 18 0.420 -0.654 2.223
60 19 0.409 -0.834 2.091
60 20 0.466 -0.858 2.093
61 1 0.339 -0.376 2.606
61 2 0.336 -0.345 2.656
61 3 0.324 -0.116 2.706
61 4 0.355 0.071 2.704
61 5 0.198 -0.175 2.692
61 6 0.160 -0.350 2.591
61 7 0.188 -0.478 2.479
61 8 0.252 -0.521 2.407
61 9 0.520 -0.187 2.696
61 10 0.543 -0.331 2.601
61 11 0.579 -0.175 2.582
61 12 0.555 -0.148 2.544
61 13 0.260 -0.439 2.578
61 14 0.309 -0.654 2.220
61 15 0.342 -0.829 2.116
61 16 0.405 -0.837 2.088
61 17 0.426 -0.448 2.579
61 18 0.420 -0.654 2.223
61 19 0.409 -0.833 2.091
61 20 0.467 -0.856 2.094
62 1 0.340 -0.378 2.607
62 2 0.337 -0.347 2.656
62 3 0.323 -0.117 2.706
62 4 0.353 0.070 2.703
62 5 0.198 -0.177 2.691
62 6 0.160 -0.350 2.592
62 7 0.188 -0.478 2.479
62 8 0.231 -0.512 2.422
62 9 0.512 -0.181 2.685
62 10 0.545 -0.306 2.561
62 11 0.574 -0.159 2.569
62 12 0.550 -0.131 2.532
62 13 0.264 -0.444 2.580
62 14 0.307 -0.656 2.219
62 15 0.342 -0.831 2.117
62 16 0.405 -0.837 2.088
62 17 0.426 -0.449 2.579
62 18 0.420 -0.654 2.223
62 19 0.421 -0.838 2.101
62 20 0.420 -0.843 2.076
63 1 0.342 -0.380 2.607
63 2 0.338 -0.349 2.656
63 3 0.323 -0.118 2.706
63 4 0.349 0.069 2.702
63 5 0.197 -0.178 2.690
63 6 0.159 -0.350 2.592
63 7 0.187 -0.478 2.479
63 8 0.221 -0.508 2.429
63 9 0.503 -0.175 2.673
63 10 0.546 -0.294 2.541
63 11 0.564 -0.144 2.551
63 12 0.539 -0.116 2.514
63 13 0.267 -0.449 2.582
63 14 0.306 -0.657 2.218
63 15 0.343 -0.831 2.117
63 16 0.387 -0.844 2.070
63 17 0.427 -0.450 2.579
63 18 0.420 -0.654 2.222
63 19 0.425 -0.839 2.104
63 20 0.387 -0.834 2.067
64 1 0.343 -0.383 2.607
64 2 0.340 -0.350 2.656
64 3 0.324 -0.118 2.706
64 4 0.346 0.068 2.702
64 5 0.196 -0.180 2.689
64 6 0.158 -0.350 2.595
64 7 0.187 -0.477 2.480
64 8 0.214 -0.502 2.437
64 9 0.496 -0.165 2.659
64 10 0.550 -0.263 2.509
64 11 0.518 -0.114 2.539
64 12 0.501 -0.090 2.503
64 13 0.269 -0.453 2.586
64 14 0.306 -0.656 2.219
64 15 0.343 -0.832 2.117
64 16 0.384 -0.845 2.067
64 17 0.428 -0.451 2.579
64 18 0.419 -0.654 2.222
64 19 0.429 -0.841 2.106
64 20 0.377 -0.831 2.064
65 1 0.343 -0.384 2.607
65 2 0.342 -0.352 2.656
65 3 0.324 -0.117 2.705
65 4 0.343 0.067 2.700
65 5 0.195 -0.181 2.688
65 6 0.157 -0.350 2.599
65 7 0.187 -0.475 2.481
65 8 0.211 -0.499 2.441
65 9 0.490 -0.155 2.646
65 10 0.545 -0.247 2.490
65 11 0.488 -0.090 2.523
65 12 0.479 -0.073 2.492
65 13 0.270 -0.456 2.588
65 14 0.307 -0.654 2.221
65 15 0.343 -0.832 2.118
65 16 0.382 -0.846 2.066
65 17 0.428 -0.452 2.579
65 18 0.419 -0.654 2.221
65 19 0.432 -0.842 2.107
65 20 0.370 -0.830 2.062
66 1 0.344 -0.386 2.607
66 2 0.345 -0.353 2.656
66 3 0.325 -0.116 2.705
66 4 0.337 0.065 2.697
66 5 0.194 -0.183 2.688
66 6 0.155 -0.351 2.604
66 7 0.186 -0.473 2.482
66 8 0.221 -0.508 2.426
66 9 0.469 -0.150 2.612
66 10 0.536 -0.238 2.463
66 11 0.473 -0.084 2.514
66 12 0.464 -0.066 2.483
66 13 0.271 -0.458 2.591
66 14 0.309 -0.651 2.223
66 15 0.342 -0.832 2.118
66 16 0.386 -0.845 2.072
66 17 0.428 -0.452 2.578
66 18 0.418 -0.654 2.220
66 19 0.434 -0.842 2.108
66 20 0.377 -0.838 2.054
67 1 0.344 -0.387 2.607
67 2 0.347 -0.354 2.656
67 3 0.326 -0.115 2.704
67 4 0.331 0.065 2.693
67 5 0.192 -0.184 2.687
67 6 0.153 -0.351 2.608
67 7 0.186 -0.471 2.484
67 8 0.226 -0.513 2.421
67 9 0.460 -0.144 2.594
67 10 0.528 -0.233 2.448
67 11 0.457 -0.080 2.498
67 12 0.448 -0.059 2.470
67 13 0.272 -0.460 2.592
67 14 0.313 -0.647 2.225
67 15 0.342 -0.832 2.118
67 16 0.388 -0.845 2.076
67 17 0.428 -0.452 2.578
67 18 0.418 -0.653 2.219
67 19 0.435 -0.842 2.109
67 20 0.395 -0.844 2.045
68 1 0.344 -0.388 2.607
68 2 0.350 -0.354 2.655
68 3 0.328 -0.112 2.701
68 4 0.325 0.064 2.690
68 5 0.190 -0.185 2.687
68 6 0.152 -0.352 2.611
68 7 0.185 -0.470 2.485
68 8 0.229 -0.516 2.417
68 9 0.446 -0.113 2.570
68 10 0.501 -0.218 2.434
68 11 0.447 -0.073 2.490
68 12 0.433 -0.048 2.458
68 13 0.272 -0.461 2.594
68 14 0.316 -0.645 2.226
68 15 0.341 -0.832 2.119
68 16 0.390 -0.845 2.079
68 17 0.426 -0.450 2.575
68 18 0.418 -0.653 2.218
68 19 0.436 -0.843 2.110
68 20 0.409 -0.845 2.040
69 1 0.344 -0.388 2.606
69 2 0.353 -0.353 2.652
69 3 0.331 -0.105 2.695
69 4 0.318 0.065 2.687
69 5 0.188 -0.185 2.688
69 6 0.151 -0.352 2.612
69 7 0.185 -0.469 2.485
69 8 0.230 -0.518 2.414
69 9 0.441 -0.102 2.561
69 10 0.471 -0.201 2.417
69 11 0.433 -0.061 2.476
69 12 0.412 -0.032 2.440
69 13 0.272 -0.462 2.595
69 14 0.342 -0.611 2.237
69 15 0.340 -0.828 2.114
69 16 0.392 -0.845 2.082
69 17 0.422 -0.444 2.569
69 18 0.417 -0.652 2.217
69 19 0.437 -0.843 2.110
69 20 0.419 -0.844 2.037
70 1 0.342 -0.386 2.601
70 2 0.354 -0.349 2.645
70 3 0.334 -0.091 2.685
70 4 0.299 0.066 2.676
70 5 0.187 -0.186 2.688
70 6 0.151 -0.352 2.613
70 7 0.184 -0.469 2.486
70 8 0.224 -0.516 2.418
70 9 0.431 -0.093 2.552
70 10 0.452 -0.193 2.405
70 11 0.415 -0.047 2.448
70 12 0.390 -0.017 2.409
70 13 0.271 -0.461 2.595
70 14 0.345 -0.598 2.240
70 15 0.340 -0.826 2.111
70 16 0.394 -0.845 2.083
70 17 0.405 -0.426 2.547
70 18 0.416 -0.652 2.216
70 19 0.438 -0.843 2.110
70 20 0.428 -0.844 2.035
71 1 0.337 -0.384 2.594
71 2 0.354 -0.345 2.637
71 3 0.334 -0.083 2.678
71 4 0.289 0.067 2.670
71 5 0.186 -0.186 2.688
71 6 0.150 -0.352 2.614
71 7 0.184 -0.468 2.486
71 8 0.217 -0.514 2.425
71 9 0.425 -0.089 2.546
71 10 0.419 -0.182 2.377
71 11 0.389 -0.028 2.404
71 12 0.362 0.003 2.364
71 13 0.270 -0.461 2.595
71 14 0.345 -0.591 2.242
71 15 0.340 -0.823 2.109
71 16 0.396 -0.845 2.085
71 17 0.397 -0.419 2.537
71 18 0.415 -0.651 2.216
71 19 0.438 -0.842 2.110
71 20 0.433 -0.843 2.035
72 1 0.331 -0.384 2.587
72 2 0.352 -0.344 2.630
72 3 0.331 -0.080 2.672
72 4 0.280 0.068 2.666
72 5 0.186 -0.186 2.688
72 6 0.148 -0.347 2.612
72 7 0.182 -0.467 2.488
72 8 0.222 -0.517 2.420
72 9 0.416 -0.090 2.541
72 10 0.403 -0.191 2.364
72 11 0.367 -0.015 2.367
72 12 0.339 0.015 2.328
72 13 0.268 -0.460 2.594
72 14 0.346 -0.587 2.243
72 15 0.340 -0.822 2.107
72 16 0.397 -0.845 2.086
72 17 0.390 -0.417 2.529
72 18 0.414 -0.650 2.215
72 19 0.439 -0.842 2.111
72 20 0.437 -0.842 2.035
73 1 0.327 -0.389 2.579
73 2 0.349 -0.347 2.622
73 3 0.324 -0.081 2.666
73 4 0.270 0.069 2.664
73 5 0.185 -0.186 2.687
73 6 0.148 -0.346 2.612
73 7 0.181 -0.466 2.488
73 8 0.226 -0.521 2.415
73 9 0.405 -0.094 2.538
73 10 0.395 -0.204 2.356
73 11 0.331 -0.009 2.312
73 12 0.323 0.033 2.298
73 13 0.267 -0.460 2.594
73 14 0.344 -0.587 2.242
73 15 0.340 -0.820 2.105
73 16 0.398 -0.845 2.086
73 17 0.385 -0.420 2.521
73 18 0.414 -0.650 2.215
73 19 0.437 -0.839 2.106
73 20 0.460 -0.849 2.040
74 1 0.323 -0.392 2.575
74 2 0.344 -0.350 2.618
74 3 0.309 -0.094 2.659
74 4 0.262 0.069 2.664
74 5 0.184 -0.185 2.686
74 6 0.147 -0.345 2.612
74 7 0.179 -0.465 2.489
74 8 0.229 -0.523 2.412
74 9 0.432 -0.128 2.543
74 10 0.370 -0.191 2.328
74 11 0.294 0.018 2.244
74 12 0.291 0.070 2.238
74 13 0.260 -0.463 2.590
74 14 0.317 -0.626 2.229
74 15 0.341 -0.826 2.107
74 16 0.399 -0.845 2.087
74 17 0.382 -0.425 2.517
74 18 0.413 -0.649 2.214
74 19 0.436 -0.837 2.105
74 20 0.467 -0.852 2.042
75 1 0.320 -0.395 2.571
75 2 0.338 -0.353 2.613
75 3 0.289 -0.110 2.632
75 4 0.259 0.070 2.662
75 5 0.182 -0.184 2.684
75 6 0.146 -0.345 2.612
75 7 0.170 -0.466 2.488
75 8 0.231 -0.525 2.409
75 9 0.447 -0.147 2.548
75 10 0.375 -0.218 2.324
75 11 0.290 -0.048 2.216
75 12 0.275 0.004 2.215
75 13 0.254 -0.465 2.587
75 14 0.301 -0.653 2.219
75 15 0.343 -0.831 2.109
75 16 0.400 -0.845 2.087
75 17 0.381 -0.431 2.514
75 18 0.413 -0.648 2.214
75 19 0.436 -0.836 2.103
75 20 0.471 -0.854 2.043
76 1 0.316 -0.397 2.569
76 2 0.332 -0.356 2.611
76 3 0.266 -0.115 2.654
76 4 0.258 0.071 2.659
76 5 0.181 -0.183 2.682
76 6 0.145 -0.347 2.611
76 7 0.163 -0.468 2.485
76 8 0.233 -0.526 2.407
76 9 0.451 -0.157 2.546
76 10 0.394 -0.254 2.338
76 11 0.294 -0.131 2.218
76 12 0.277 -0.060 2.210
76 13 0.250 -0.467 2.584
76 14 0.294 -0.663 2.215
76 15 0.344 -0.836 2.110
76 16 0.402 -0.845 2.086
76 17 0.380 -0.436 2.513
76 18 0.413 -0.648 2.214
76 19 0.434 -0.834 2.101
76 20 0.475 -0.856 2.046
77 1 0.311 -0.397 2.566
77 2 0.325 -0.356 2.609
77 3 0.272 -0.103 2.626
77 4 0.259 0.073 2.656
77 5 0.180 -0.180 2.680
77 6 0.144 -0.347 2.609
77 7 0.162 -0.469 2.484
77 8 0.234 -0.527 2.406
77 9 0.453 -0.164 2.546
77 10 0.406 -0.280 2.342
77 11 0.292 -0.166 2.212
77 12 0.274 -0.101 2.206
77 13 0.239 -0.465 2.581
77 14 0.303 -0.634 2.213
77 15 0.344 -0.833 2.109
77 16 0.403 -0.845 2.087
77 17 0.376 -0.442 2.515
77 18 0.412 -0.647 2.214
77 19 0.432 -0.832 2.100
77 20 0.478 -0.857 2.050
78 1 0.307 -0.398 2.565
78 2 0.321 -0.356 2.607
78 3 0.278 -0.100 2.612
78 4 0.261 0.074 2.652
78 5 0.178 -0.177 2.677
78 6 0.142 -0.349 2.606
78 7 0.162 -0.470 2.481
78 8 0.235 -0.528 2.405
78 9 0.453 -0.168 2.545
78 10 0.418 -0.291 2.350
78 11 0.298 -0.187 2.222
78 12 0.281 -0.129 2.219
78 13 0.233 -0.464 2.578
78 14 0.309 -0.617 2.214
78 15 0.343 -0.830 2.108
78 16 0.403 -0.845 2.087
78 17 0.373 -0.446 2.516
78 18 0.412 -0.647 2.214
78 19 0.430 -0.832 2.099
78 20 0.480 -0.856 2.056
79 1 0.304 -0.398 2.563
79 2 0.318 -0.357 2.605
79 3 0.281 -0.100 2.605
79 4 0.265 0.076 2.643
79 5 0.176 -0.174 2.670
79 6 0.140 -0.352 2.602
79 7 0.190 -0.490 2.454
79 8 0.235 -0.529 2.403
79 9 0.453 -0.171 2.544
79 10 0.445 -0.294 2.381
79 11 0.305 -0.195 2.236
79 12 0.289 -0.141 2.235
79 13 0.230 -0.464 2.577
79 14 0.311 -0.611 2.214
79 15 0.343 -0.827 2.107
79 16 0.404 -0.845 2.087
79 17 0.372 -0.449 2.517
79 18 0.412 -0.647 2.214
79 19 0.428 -0.831 2.098
79 20 0.483 -0.853 2.066
80 1 0.303 -0.399 2.562
80 2 0.316 -0.357 2.604
80 3 0.284 -0.100 2.600
80 4 0.268 0.076 2.633
80 5 0.173 -0.172 2.662
80 6 0.139 -0.353 2.598
80 7 0.205 -0.500 2.441
80 8 0.235 -0.530 2.403
80 9 0.451 -0.173 2.543
80 10 0.456 -0.296 2.394
80 11 0.315 -0.209 2.251
80 12 0.292 -0.150 2.243
80 13 0.228 -0.464 2.575
80 14 0.313 -0.606 2.214
80 15 0.342 -0.825 2.106
80 16 0.404 -0.846 2.088
80 17 0.371 -0.452 2.517
80 18 0.412 -0.647 2.214
80 19 0.425 -0.838 2.092
80 20 0.429 -0.876 2.033
81 1 0.302 -0.399 2.561
81 2 0.315 -0.357 2.603
81 3 0.289 -0.101 2.597
81 4 0.272 0.077 2.621
81 5 0.171 -0.171 2.655
81 6 0.138 -0.354 2.596
81 7 0.211 -0.504 2.435
81 8 0.234 -0.530 2.402
81 9 0.450 -0.174 2.542
81 10 0.462 -0.298 2.400
81 11 0.321 -0.185 2.266
81 12 0.295 -0.138 2.254
81 13 0.227 -0.464 2.573
81 14 0.314 -0.603 2.214
81 15 0.342 -0.823 2.105
81 16 0.404 -0.846 2.088
81 17 0.371 -0.454 2.518
81 18 0.413 -0.648 2.214
81 19 0.424 -0.843 2.087
81 20 0.406 -0.887 2.019
82 1 0.301 -0.400 2.560
82 2 0.314 -0.358 2.601
82 3 0.293 -0.101 2.596
82 4 0.276 0.077 2.612
82 5 0.170 -0.171 2.650
82 6 0.137 -0.355 2.594
82 7 0.214 -0.507 2.431
82 8 0.232 -0.531 2.401
82 9 0.449 -0.175 2.540
82 10 0.466 -0.300 2.404
82 11 0.330 -0.192 2.274
82 12 0.301 -0.141 2.260
82 13 0.226 -0.464 2.571
82 14 0.315 -0.601 2.214
82 15 0.342 -0.822 2.105
82 16 0.404 -0.846 2.088
82 17 0.371 -0.456 2.518
82 18 0.434 -0.663 2.212
82 19 0.418 -0.848 2.081
82 20 0.386 -0.892 2.006
83 1 0.301 -0.400 2.559
83 2 0.313 -0.358 2.600
83 3 0.297 -0.100 2.595
83 4 0.278 0.077 2.605
83 5 0.169 -0.171 2.646
83 6 0.137 -0.356 2.591
83 7 0.217 -0.509 2.429
83 8 0.231 -0.532 2.401
83 9 0.448 -0.176 2.539
83 10 0.468 -0.300 2.406
83 11 0.335 -0.195 2.278
83 12 0.306 -0.142 2.264
83 13 0.227 -0.465 2.569
83 14 0.316 -0.600 2.214
83 15 0.341 -0.820 2.104
83 16 0.404 -0.846 2.088
83 17 0.371 -0.457 2.519
83 18 0.440 -0.668 2.212
83 19 0.414 -0.851 2.077
83 20 0.375 -0.895 2.000
84 1 0.301 -0.400 2.558
84 2 0.313 -0.358 2.599
84 3 0.301 -0.098 2.595
84 4 0.279 0.077 2.599
84 5 0.168 -0.171 2.643
84 6 0.136 -0.357 2.588
84 7 0.218 -0.509 2.428
84 8 0.228 -0.535 2.402
84 9 0.447 -0.176 2.538
84 10 0.464 -0.305 2.394
84 11 0.339 -0.197 2.281
84 12 0.311 -0.141 2.268
84 13 0.227 -0.465 2.567
84 14 0.317 -0.599 2.214
84 15 0.341 -0.820 2.104
84 16 0.404 -0.846 2.089
84 17 0.372 -0.459 2.518
84 18 0.443 -0.670 2.212
84 19 0.413 -0.855 2.074
84 20 0.369 -0.897 1.996
85 1 0.301 -0.401 2.557
85 2 0.314 -0.358 2.598
85 3 0.304 -0.096 2.595
85 4 0.280 0.077 2.595
85 5 0.167 -0.171 2.640
85 6 0.136 -0.358 2.586
85 7 0.217 -0.509 2.428
85 8 0.226 -0.537 2.404
85 9 0.447 -0.176 2.537
85 10 0.460 -0.308 2.385
85 11 0.341 -0.199 2.282
85 12 0.316 -0.140 2.270
85 13 0.228 -0.466 2.566
85 14 0.311 -0.635 2.207
85 15 0.342 -0.829 2.102
85 16 0.405 -0.846 2.089
85 17 0.373 -0.460 2.518
85 18 0.435 -0.669 2.211
85 19 0.414 -0.859 2.072
85 20 0.370 -0.900 1.993
86 1 0.302 -0.401 2.556
86 2 0.314 -0.358 2.597
86 3 0.306 -0.095 2.596
86 4 0.281 0.077 2.591
86 5 0.167 -0.172 2.638
86 6 0.136 -0.358 2.585
86 7 0.216 -0.509 2.428
86 8 0.224 -0.539 2.404
86 9 0.446 -0.176 2.536
86 10 0.459 -0.309 2.381
86 11 0.344 -0.201 2.281
86 12 0.320 -0.139 2.271
86 13 0.228 -0.467 2.565
86 14 0.309 -0.646 2.205
86 15 0.342 -0.835 2.101
86 16 0.405 -0.847 2.089
86 17 0.375 -0.461 2.518
86 18 0.432 -0.668 2.211
86 19 0.414 -0.861 2.070
86 20 0.371 -0.901 1.992
87 1 0.303 -0.401 2.555
87 2 0.315 -0.358 2.596
87 3 0.308 -0.094 2.596
87 4 0.281 0.077 2.589
87 5 0.167 -0.172 2.636
87 6 0.136 -0.359 2.583
87 7 0.215 -0.508 2.429
87 8 0.227 -0.539 2.402
87 9 0.446 -0.176 2.536
87 10 0.458 -0.310 2.379
87 11 0.347 -0.202 2.281
87 12 0.324 -0.138 2.271
87 13 0.229 -0.467 2.564
87 14 0.307 -0.657 2.203
87 15 0.343 -0.841 2.100
87 16 0.406 -0.847 2.089
87 17 0.376 -0.462 2.518
87 18 0.429 -0.668 2.211
87 19 0.414 -0.863 2.069
87 20 0.372 -0.902 1.991
88 1 0.304 -0.401 2.555
88 2 0.316 -0.358 2.595
88 3 0.309 -0.093 2.596
88 4 0.282 0.077 2.587
88 5 0.166 -0.172 2.635
88 6 0.137 -0.359 2.582
88 7 0.213 -0.507 2.430
88 8 0.227 -0.539 2.401
88 9 0.447 -0.176 2.535
88 10 0.457 -0.310 2.377
88 11 0.349 -0.203 2.280
88 12 0.329 -0.137 2.273
88 13 0.230 -0.468 2.563
88 14 0.306 -0.663 2.202
88 15 0.343 -0.845 2.099
88 16 0.407 -0.847 2.090
88 17 0.377 -0.463 2.518
88 18 0.426 -0.666 2.211
88 19 0.414 -0.865 2.068
88 20 0.374 -0.903 1.991
89 1 0.304 -0.401 2.554
89 2 0.317 -0.358 2.595
89 3 0.310 -0.093 2.596
89 4 0.283 0.078 2.585
89 5 0.166 -0.173 2.633
89 6 0.137 -0.359 2.581
89 7 0.212 -0.506 2.430
89 8 0.227 -0.540 2.401
89 9 0.447 -0.176 2.534
89 10 0.458 -0.317 2.378
89 11 0.352 -0.205 2.280
89 12 0.334 -0.138 2.276
89 13 0.231 -0.468 2.562
89 14 0.305 -0.667 2.201
89 15 0.343 -0.848 2.099
89 16 0.407 -0.847 2.090
89 17 0.378 -0.463 2.518
89 18 0.424 -0.665 2.211
89 19 0.415 -0.866 2.068
89 20 0.377 -0.903 1.992
90 1 0.305 -0.402 2.553
90 2 0.318 -0.357 2.594
90 3 0.311 -0.092 2.596
90 4 0.283 0.078 2.584
90 5 0.166 -0.173 2.631
90 6 0.137 -0.359 2.581
90 7 0.211 -0.506 2.431
90 8 0.227 -0.539 2.401
90 9 0.447 -0.176 2.534
90 10 0.466 -0.323 2.391
90 11 0.363 -0.221 2.292
90 12 0.342 -0.154 2.290
90 13 0.232 -0.468 2.561
90 14 0.304 -0.671 2.200
90 15 0.343 -0.851 2.099
90 16 0.407 -0.847 2.090
90 17 0.379 -0.463 2.517
90 18 0.423 -0.664 2.211
90 19 0.415 -0.867 2.068
90 20 0.380 -0.903 1.993
91 1 0.306 -0.402 2.552
91 2 0.318 -0.357 2.593
91 3 0.313 -0.092 2.596
91 4 0.284 0.078 2.582
91 5 0.166 -0.173 2.629
91 6 0.137 -0.360 2.581
91 7 0.210 -0.505 2.432
91 8 0.227 -0.539 2.401
91 9 0.447 -0.176 2.533
91 10 0.472 -0.328 2.402
91 11 0.364 -0.229 2.304
91 12 0.339 -0.184 2.327
91 13 0.233 -0.468 2.559
91 14 0.303 -0.673 2.200
91 15 0.343 -0.854 2.099
91 16 0.407 -0.847 2.090
91 17 0.380 -0.464 2.517
91 18 0.422 -0.664 2.211
91 19 0.415 -0.867 2.067
91 20 0.384 -0.903 1.994
92 1 0.307 -0.402 2.552
92 2 0.319 -0.358 2.593
92 3 0.314 -0.092 2.596
92 4 0.285 0.078 2.581
92 5 0.166 -0.174 2.626
92 6 0.137 -0.360 2.581
92 7 0.188 -0.490 2.455
92 8 0.227 -0.538 2.401
92 9 0.447 -0.176 2.533
92 10 0.476 -0.331 2.414
92 11 0.350 -0.244 2.335
92 12 0.341 -0.195 2.338
92 13 0.234 -0.468 2.558
92 14 0.303 -0.675 2.200
92 15 0.343 -0.856 2.099
92 16 0.408 -0.847 2.090
92 17 0.380 -0.464 2.517
92 18 0.422 -0.663 2.211
92 19 0.416 -0.868 2.067
92 20 0.387 -0.903 1.994
93 1 0.307 -0.402 2.551
93 2 0.319 -0.358 2.592
93 3 0.315 -0.092 2.596
93 4 0.285 0.078 2.580
93 5 0.167 -0.175 2.624
93 6 0.137 -0.360 2.581
93 7 0.179 -0.484 2.464
93 8 0.222 -0.531 2.408
93 9 0.447 -0.176 2.533
93 10 0.481 -0.334 2.428
93 11 0.345 -0.293 2.348
93 12 0.321 -0.240 2.341
93 13 0.235 -0.468 2.557
93 14 0.302 -0.676 2.199
93 15 0.343 -0.857 2.098
93 16 0.408 -0.847 2.090
93 17 0.380 -0.464 2.517
93 18 0.421 -0.663 2.211
93 19 0.412 -0.870 2.070
93 20 0.386 -0.903 1.997
94 1 0.308 -0.402 2.551
94 2 0.320 -0.358 2.592
94 3 0.320 -0.105 2.592
94 4 0.286 0.078 2.579
94 5 0.167 -0.175 2.622
94 6 0.137 -0.360 2.581
94 7 0.174 -0.481 2.468
94 8 0.218 -0.527 2.412
94 9 0.447 -0.176 2.534
94 10 0.484 -0.336 2.437
94 11 0.358 -0.371 2.343
94 12 0.314 -0.324 2.326
94 13 0.236 -0.469 2.556
94 14 0.302 -0.677 2.199
94 15 0.343 -0.858 2.098
94 16 0.408 -0.847 2.091
94 17 0.381 -0.465 2.517
94 18 0.421 -0.662 2.211
94 19 0.409 -0.871 2.073
94 20 0.386 -0.904 2.000
95 1 0.309 -0.403 2.550
95 2 0.321 -0.359 2.591
95 3 0.323 -0.114 2.590
95 4 0.287 0.078 2.578
95 5 0.168 -0.175 2.620
95 6 0.137 -0.361 2.582
95 7 0.186 -0.488 2.460
95 8 0.220 -0.531 2.409
95 9 0.447 -0.176 2.534
95 10 0.488 -0.342 2.447
95 11 0.359 -0.390 2.347
95 12 0.309 -0.379 2.316
95 13 0.237 -0.469 2.555
95 14 0.302 -0.677 2.199
95 15 0.343 -0.859 2.098
95 16 0.408 -0.847 2.091
95 17 0.381 -0.465 2.517
95 18 0.421 -0.662 2.211
95 19 0.407 -0.873 2.075
95 20 0.385 -0.905 2.002
96 1 0.310 -0.404 2.549
96 2 0.322 -0.361 2.590
96 3 0.324 -0.121 2.588
96 4 0.287 0.078 2.577
96 5 0.168 -0.176 2.619
96 6 0.138 -0.361 2.582
96 7 0.193 -0.493 2.453
96 8 0.219 -0.532 2.409
96 9 0.447 -0.176 2.535
96 10 0.492 -0.346 2.459
96 11 0.364 -0.408 2.350
96 12 0.306 -0.402 2.314
96 13 0.238 -0.469 2.554
96 14 0.302 -0.677 2.199
96 15 0.343 -0.860 2.097
96 16 0.408 -0.847 2.091
96 17 0.381 -0.466 2.517
96 18 0.421 -0.662 2.211
96 19 0.405 -0.875 2.077
96 20 0.385 -0.905 2.004
97 1 0.311 -0.405 2.547
97 2 0.323 -0.362 2.588
97 3 0.326 -0.122 2.587
97 4 0.288 0.078 2.576
97 5 0.169 -0.176 2.617
97 6 0.138 -0.361 2.583
97 7 0.197 -0.496 2.450
97 8 0.219 -0.532 2.409
97 9 0.447 -0.177 2.537
97 10 0.495 -0.352 2.470
97 11 0.365 -0.419 2.352
97 12 0.316 -0.392 2.321
97 13 0.239 -0.469 2.553
97 14 0.302 -0.678 2.198
97 15 0.343 -0.861 2.097
97 16 0.408 -0.846 2.091
97 17 0.382 -0.466 2.515
97 18 0.420 -0.661 2.211
97 19 0.403 -0.876 2.078
97 20 0.384 -0.907 2.005
98 1 0.312 -0.404 2.546
98 2 0.324 -0.362 2.587
98 3 0.327 -0.121 2.587
98 4 0.289 0.078 2.575
98 5 0.169 -0.176 2.617
98 6 0.138 -0.361 2.583
98 7 0.200 -0.498 2.447
98 8 0.219 -0.532 2.409
98 9 0.446 -0.177 2.538
98 10 0.496 -0.355 2.478
98 11 0.363 -0.427 2.349
98 12 0.313 -0.415 2.315
98 13 0.239 -0.469 2.552
98 14 0.302 -0.678 2.198
98 15 0.343 -0.861 2.096
98 16 0.408 -0.846 2.091
98 17 0.384 -0.466 2.512
98 18 0.420 -0.661 2.211
98 19 0.401 -0.878 2.080
98 20 0.383 -0.907 2.007
99 1 0.313 -0.404 2.544
99 2 0.324 -0.362 2.586
99 3 0.328 -0.118 2.588
99 4 0.289 0.078 2.574
99 5 0.169 -0.176 2.616
99 6 0.138 -0.361 2.583
99 7 0.202 -0.500 2.446
99 8 0.219 -0.532 2.409
99 9 0.446 -0.177 2.540
99 10 0.497 -0.358 2.484
99 11 0.398 -0.468 2.371
99 12 0.357 -0.491 2.327
99 13 0.239 -0.468 2.550
99 14 0.301 -0.678 2.198
99 15 0.343 -0.862 2.096
99 16 0.339 -0.832 2.072
99 17 0.385 -0.465 2.510
99 18 0.420 -0.661 2.211
99 19 0.400 -0.879 2.080
99 20 0.382 -0.908 2.007
100 1 0.313 -0.404 2.543
100 2 0.324 -0.362 2.585
100 3 0.329 -0.115 2.589
100 4 0.290 0.077 2.574
100 5 0.170 -0.176 2.615
100 6 0.139 -0.361 2.583
100 7 0.203 -0.501 2.445
100 8 0.219 -0.532 2.409
100 9 0.446 -0.178 2.541
100 10 0.497 -0.361 2.489
100 11 0.412 -0.484 2.379
100 12 0.383 -0.533 2.333
100 13 0.239 -0.467 2.549
100 14 0.302 -0.677 2.197
100 15 0.343 -0.862 2.095
100 16 0.368 -0.834 2.072
100 17 0.386 -0.464 2.508
100 18 0.420 -0.661 2.211
100 19 0.399 -0.880 2.081
100 20 0.382 -0.909 2.008
101 1 0.314 -0.404 2.542
101 2 0.325 -0.362 2.584
101 3 0.329 -0.113 2.589
101 4 0.290 0.077 2.573
101 5 0.170 -0.177 2.615
101 6 0.139 -0.361 2.584
101 7 0.204 -0.502 2.444
101 8 0.223 -0.531 2.404
101 9 0.446 -0.178 2.543
101 10 0.497 -0.363 2.492
101 11 0.419 -0.494 2.387
101 12 0.392 -0.549 2.334
101 13 0.238 -0.466 2.548
101 14 0.303 -0.676 2.197
101 15 0.343 -0.861 2.094
101 16 0.371 -0.833 2.071
101 17 0.386 -0.463 2.507
101 18 0.420 -0.661 2.212
101 19 0.398 -0.880 2.081
101 20 0.381 -0.909 2.008
102 1 0.314 -0.403 2.541
102 2 0.325 -0.362 2.584
102 3 0.329 -0.111 2.590
102 4 0.291 0.077 2.573
102 5 0.170 -0.177 2.615
102 6 0.139 -0.361 2.585
102 7 0.186 -0.489 2.460
102 8 0.224 -0.530 2.403
102 9 0.446 -0.178 2.544
102 10 0.497 -0.364 2.495
102 11 0.424 -0.500 2.392
102 12 0.399 -0.559 2.340
102 13 0.237 -0.466 2.547
102 14 0.303 -0.676 2.197
102 15 0.343 -0.861 2.094
102 16 0.328 -0.821 2.059
102 17 0.387 -0.463 2.506
102 18 0.420 -0.660 2.212
102 19 0.397 -0.881 2.082
102 20 0.381 -0.910 2.009
103 1 0.314 -0.403 2.541
103 2 0.325 -0.362 2.583
103 3 0.329 -0.109 2.591
103 4 0.291 0.077 2.572
103 5 0.171 -0.177 2.615
103 6 0.139 -0.361 2.587
103 7 0.178 -0.483 2.467
103 8 0.225 -0.529 2.402
103 9 0.447 -0.179 2.545
103 10 0.497 -0.365 2.497
103 11 0.431 -0.507 2.402
103 12 0.404 -0.562 2.344
103 13 0.237 -0.465 2.547
103 14 0.303 -0.675 2.197
103 15 0.343 -0.861 2.093
103 16 0.371 -0.827 2.089
103 17 0.387 -0.462 2.506
103 18 0.421 -0.660 2.212
103 19 0.396 -0.881 2.082
103 20 0.380 -0.910 2.009
104 1 0.314 -0.403 2.540
104 2 0.325 -0.362 2.583
104 3 0.329 -0.108 2.591
104 4 0.291 0.076 2.571
104 5 0.171 -0.177 2.614
104 6 0.139 -0.361 2.589
104 7 0.174 -0.479 2.472
104 8 0.208 -0.519 2.428
104 9 0.447 -0.179 2.546
104 10 0.496 -0.366 2.499
104 11 0.434 -0.510 2.407
104 12 0.407 -0.559 2.350
104 13 0.236 -0.465 2.546
104 14 0.303 -0.674 2.197
104 15 0.343 -0.861 2.093
104 16 0.379 -0.827 2.096
104 17 0.387 -0.462 2.505
104 18 0.421 -0.660 2.212
104 19 0.396 -0.881 2.082
104 20 0.380 -0.910 2.009
105 1 0.314 -0.402 2.540
105 2 0.325 -0.362 2.583
105 3 0.329 -0.107 2.591
105 4 0.291 0.075 2.570
105 5 0.171 -0.177 2.614
105 6 0.139 -0.361 2.591
105 7 0.172 -0.477 2.474
105 8 0.205 -0.514 2.434
105 9 0.447 -0.179 2.547
105 10 0.496 -0.367 2.500
105 11 0.436 -0.510 2.411
105 12 0.418 -0.557 2.360
105 13 0.236 -0.465 2.546
105 14 0.304 -0.674 2.196
105 15 0.343 -0.861 2.093
105 16 0.396 -0.832 2.104
105 17 0.387 -0.462 2.505
105 18 0.421 -0.660 2.212
105 19 0.395 -0.881 2.082
105 20 0.379 -0.910 2.009
106 1 0.314 -0.402 2.540
106 2 0.325 -0.361 2.583
106 3 0.328 -0.106 2.591
106 4 0.291 0.074 2.569
106 5 0.171 -0.177 2.614
106 6 0.139 -0.361 2.592
106 7 0.171 -0.475 2.476
106 8 0.204 -0.512 2.437
106 9 0.447 -0.179 2.547
106 10 0.496 -0.367 2.502
106 11 0.417 -0.521 2.391
106 12 0.429 -0.560 2.366
106 13 0.236 -0.465 2.546
106 14 0.304 -0.673 2.196
106 15 0.343 -0.861 2.093
106 16 0.402 -0.831 2.109
106 17 0.388 -0.462 2.505
106 18 0.421 -0.659 2.213
106 19 0.395 -0.881 2.082
106 20 0.379 -0.910 2.009
107 1 0.314 -0.402 2.540
107 2 0.325 -0.361 2.582
107 3 0.328 -0.105 2.592
107 4 0.290 0.074 2.569
107 5 0.171 -0.177 2.614
107 6 0.139 -0.361 2.594
107 7 0.171 -0.474 2.477
107 8 0.205 -0.510 2.436
107 9 0.447 -0.180 2.548
107 10 0.496 -0.367 2.504
107 11 0.411 -0.524 2.383
107 12 0.423 -0.563 2.362
107 13 0.235 -0.464 2.546
107 14 0.304 -0.673 2.196
107 15 0.343 -0.861 2.093
107 16 0.405 -0.831 2.112
107 17 0.388 -0.462 2.505
107 18 0.421 -0.659 2.213
107 19 0.395 -0.882 2.082
107 20 0.379 -0.910 2.009
108 1 0.314 -0.402 2.540
108 2 0.325 -0.361 2.582
108 3 0.328 -0.104 2.592
108 4 0.290 0.073 2.568
108 5 0.171 -0.177 2.614
108 6 0.139 -0.361 2.595
108 7 0.172 -0.473 2.478
108 8 0.204 -0.507 2.436
108 9 0.447 -0.180 2.549
108 10 0.496 -0.368 2.505
108 11 0.408 -0.526 2.377
108 12 0.418 -0.565 2.359
108 13 0.235 -0.464 2.546
108 14 0.304 -0.673 2.196
108 15 0.343 -0.860 2.093
108 16 0.410 -0.834 2.105
108 17 0.388 -0.461 2.505
108 18 0.421 -0.659 2.213
108 19 0.395 -0.882 2.082
108 20 0.379 -0.910 2.010
109 1 0.314 -0.402 2.540
109 2 0.325 -0.361 2.582
109 3 0.327 -0.104 2.592
109 4 0.290 0.072 2.567
109 5 0.171 -0.177 2.614
109 6 0.139 -0.361 2.596
109 7 0.172 -0.472 2.478
109 8 0.219 -0.510 2.418
109 9 0.447 -0.180 2.549
109 10 0.496 -0.368 2.507
109 11 0.406 -0.526 2.373
109 12 0.406 -0.562 2.350
109 13 0.235 -0.464 2.546
109 14 0.304 -0.672 2.196
109 15 0.343 -0.860 2.093
109 16 0.412 -0.835 2.102
109 17 0.388 -0.461 2.505
109 18 0.421 -0.659 2.213
109 19 0.395 -0.882 2.082
109 20 0.379 -0.910 2.010
110 1 0.314 -0.402 2.540
110 2 0.325 -0.361 2.582
110 3 0.327 -0.104 2.591
110 4 0.289 0.072 2.567
110 5 0.171 -0.178 2.614
110 6 0.139 -0.361 2.597
110 7 0.173 -0.472 2.478
110 8 0.225 -0.512 2.411
110 9 0.447 -0.180 2.549
110 10 0.496 -0.368 2.509
110 11 0.413 -0.517 2.380
110 12 0.401 -0.555 2.346
110 13 0.235 -0.464 2.546
110 14 0.304 -0.672 2.196
110 15 0.343 -0.860 2.093
110 16 0.414 -0.836 2.101
110 17 0.388 -0.461 2.505
110 18 0.421 -0.658 2.213
110 19 0.394 -0.882 2.082
110 20 0.379 -0.910 2.010
111 1 0.314 -0.402 2.540
111 2 0.324 -0.361 2.582
111 3 0.326 -0.103 2.591
111 4 0.288 0.071 2.566
111 5 0.171 -0.178 2.614
111 6 0.139 -0.361 2.597
111 7 0.175 -0.472 2.477
111 8 0.225 -0.510 2.410
111 9 0.447 -0.180 2.549
111 10 0.496 -0.368 2.510
111 11 0.411 -0.515 2.377
111 12 0.401 -0.554 2.343
111 13 0.235 -0.464 2.546
111 14 0.304 -0.672 2.196
111 15 0.343 -0.860 2.092
111 16 0.415 -0.837 2.100
111 17 0.389 -0.461 2.505
111 18 0.420 -0.658 2.213
111 19 0.394 -0.882 2.082
111 20 0.379 -0.910 2.010
112 1 0.314 -0.402 2.539
112 2 0.324 -0.361 2.582
112 3 0.326 -0.103 2.591
112 4 0.288 0.070 2.565
112 5 0.171 -0.178 2.614
112 6 0.139 -0.362 2.598
112 7 0.176 -0.472 2.476
112 8 0.207 -0.520 2.445
112 9 0.447 -0.180 2.550
112 10 0.497 -0.368 2.511
112 11 0.410 -0.514 2.374
112 12 0.399 -0.553 2.339
112 13 0.235 -0.464 2.546
112 14 0.304 -0.672 2.196
112 15 0.343 -0.860 2.092
112 16 0.415 -0.837 2.099
112 17 0.389 -0.461 2.505
112 18 0.420 -0.658 2.214
112 19 0.394 -0.882 2.082
112 20 0.379 -0.910 2.010
113 1 0.314 -0.402 2.539
113 2 0.324 -0.360 2.582
113 3 0.325 -0.103 2.591
113 4 0.287 0.070 2.565
113 5 0.171 -0.178 2.614
113 6 0.139 -0.362 2.598
113 7 0.178 -0.472 2.476
113 8 0.207 -0.520 2.445
113 9 0.447 -0.180 2.550
113 10 0.497 -0.369 2.511
113 11 0.410 -0.513 2.372
113 12 0.397 -0.552 2.336
113 13 0.235 -0.464 2.546
113 14 0.304 -0.671 2.196
113 15 0.343 -0.860 2.092
113 16 0.416 -0.838 2.098
113 17 0.389 -0.461 2.506
113 18 0.419 -0.657 2.214
113 19 0.394 -0.882 2.082
113 20 0.379 -0.911 2.010
114 1 0.314 -0.402 2.539
114 2 0.324 -0.360 2.582
114 3 0.325 -0.103 2.591
114 4 0.287 0.070 2.565
114 5 0.171 -0.178 2.614
114 6 0.139 -0.362 2.598
114 7 0.179 -0.472 2.475
114 8 0.218 -0.525 2.428
114 9 0.447 -0.180 2.550
114 10 0.497 -0.369 2.512
114 11 0.416 -0.505 2.378
114 12 0.397 -0.548 2.336
114 13 0.235 -0.464 2.546
114 14 0.304 -0.671 2.196
114 15 0.343 -0.860 2.092
114 16 0.415 -0.838 2.097
114 17 0.389 -0.461 2.506
114 18 0.418 -0.657 2.214
114 19 0.394 -0.882 2.082
114 20 0.379 -0.911 2.010
115 1 0.314 -0.402 2.539
115 2 0.324 -0.360 2.582
115 3 0.324 -0.103 2.591
115 4 0.286 0.069 2.564
115 5 0.170 -0.178 2.614
115 6 0.139 -0.362 2.598
115 7 0.180 -0.473 2.474
115 8 0.196 -0.529 2.456
115 9 0.447 -0.180 2.550
115 10 0.497 -0.369 2.512
115 11 0.416 -0.505 2.379
115 12 0.396 -0.547 2.335
115 13 0.235 -0.464 2.546
115 14 0.304 -0.671 2.196
115 15 0.343 -0.860 2.092
115 16 0.415 -0.838 2.097
115 17 0.389 -0.461 2.506
115 18 0.418 -0.657 2.214
115 19 0.395 -0.882 2.082
115 20 0.379 -0.911 2.010
116 1 0.314 -0.402 2.540
116 2 0.324 -0.360 2.582
116 3 0.324 -0.102 2.591
116 4 0.286 0.069 2.564
116 5 0.170 -0.178 2.614
116 6 0.139 -0.363 2.598
116 7 0.180 -0.473 2.473
116 8 0.199 -0.525 2.442
116 9 0.447 -0.180 2.550
116 10 0.496 -0.369 2.512
116 11 0.415 -0.506 2.378
116 12 0.396 -0.546 2.334
116 13 0.235 -0.464 2.546
116 14 0.304 -0.671 2.196
116 15 0.343 -0.860 2.093
116 16 0.415 -0.839 2.096
116 17 0.390 -0.461 2.506
116 18 0.418 -0.656 2.214
116 19 0.395 -0.882 2.082
116 20 0.379 -0.911 2.010
117 1 0.314 -0.402 2.540
117 2 0.324 -0.360 2.582
117 3 0.323 -0.102 2.591
117 4 0.285 0.069 2.564
117 5 0.170 -0.179 2.614
117 6 0.139 -0.363 2.597
117 7 0.181 -0.474 2.472
117 8 0.219 -0.526 2.414
117 9 0.447 -0.180 2.550
117 10 0.496 -0.369 2.513
117 11 0.414 -0.508 2.377
117 12 0.395 -0.547 2.334
117 13 0.235 -0.465 2.546
117 14 0.304 -0.671 2.196
117 15 0.343 -0.860 2.093
117 16 0.415 -0.839 2.096
117 17 0.390 -0.461 2.507
117 18 0.417 -0.656 2.214
117 19 0.395 -0.882 2.083
117 20 0.379 -0.911 2.010
118 1 0.314 -0.402 2.540
118 2 0.324 -0.360 2.582
118 3 0.323 -0.102 2.591
118 4 0.285 0.069 2.564
118 5 0.170 -0.179 2.614
118 6 0.139 -0.363 2.597
118 7 0.182 -0.475 2.472
118 8 0.227 -0.526 2.402
118 9 0.447 -0.180 2.550
118 10 0.496 -0.369 2.513
118 11 0.413 -0.509 2.376
118 12 0.395 -0.547 2.334
118 13 0.235 -0.465 2.546
118 14 0.304 -0.671 2.196
118 15 0.344 -0.860 2.093
118 16 0.415 -0.839 2.096
118 17 0.390 -0.461 2.507
118 18 0.417 -0.656 2.214
118 19 0.395 -0.882 2.083
118 20 0.379 -0.911 2.010
119 1 0.314 -0.402 2.540
119 2 0.324 -0.360 2.582
119 3 0.322 -0.102 2.590
119 4 0.285 0.069 2.563
119 5 0.170 -0.179 2.614
119 6 0.139 -0.364 2.596
119 7 0.182 -0.475 2.471
119 8 0.230 -0.527 2.397
119 9 0.447 -0.180 2.550
119 10 0.496 -0.369 2.513
119 11 0.411 -0.510 2.375
119 12 0.396 -0.549 2.334
119 13 0.235 -0.465 2.546
119 14 0.304 -0.671 2.195
119 15 0.344 -0.860 2.093
119 16 0.414 -0.839 2.096
119 17 0.390 -0.462 2.507
119 18 0.416 -0.656 2.214
119 19 0.395 -0.882 2.083
119 20 0.379 -0.911 2.010
120 1 0.314 -0.402 2.540
120 2 0.324 -0.360 2.582
120 3 0.322 -0.102 2.590
120 4 0.284 0.069 2.563
120 5 0.169 -0.179 2.614
120 6 0.139 -0.364 2.596
120 7 0.182 -0.476 2.470
120 8 0.216 -0.518 2.409
120 9 0.447 -0.180 2.550
120 10 0.496 -0.369 2.513
120 11 0.424 -0.504 2.390
120 12 0.397 -0.549 2.335
120 13 0.235 -0.465 2.546
120 14 0.304 -0.671 2.195
120 15 0.344 -0.860 2.093
120 16 0.414 -0.839 2.096
120 17 0.390 -0.462 2.507
120 18 0.416 -0.655 2.214
120 19 0.395 -0.882 2.083
120 20 0.379 -0.911 2.010
121 1 0.314 -0.402 2.540
121 2 0.324 -0.360 2.582
121 3 0.321 -0.102 2.590
121 4 0.284 0.069 2.563
121 5 0.169 -0.179 2.614
121 6 0.139 -0.364 2.596
121 7 0.183 -0.476 2.470
121 8 0.208 -0.511 2.418
121 9 0.446 -0.180 2.550
121 10 0.496 -0.369 2.513
121 11 0.425 -0.504 2.391
121 12 0.399 -0.548 2.337
121 13 0.235 -0.465 2.546
121 14 0.304 -0.671 2.195
121 15 0.344 -0.860 2.093
121 16 0.350 -0.824 2.069
121 17 0.390 -0.462 2.507
121 18 0.415 -0.655 2.214
121 19 0.396 -0.882 2.083
121 20 0.380 -0.911 2.010
122 1 0.314 -0.402 2.540
122 2 0.324 -0.360 2.582
122 3 0.321 -0.102 2.590
122 4 0.284 0.068 2.563
122 5 0.169 -0.180 2.614
122 6 0.138 -0.365 2.596
122 7 0.183 -0.476 2.470
122 8 0.204 -0.507 2.424
122 9 0.446 -0.180 2.550
122 10 0.496 -0.369 2.513
122 11 0.431 -0.497 2.397
122 12 0.404 -0.544 2.344
122 13 0.235 -0.465 2.546
122 14 0.304 -0.671 2.195
122 15 0.344 -0.860 2.093
122 16 0.325 -0.818 2.059
122 17 0.390 -0.462 2.507
122 18 0.415 -0.655 2.214
122 19 0.396 -0.882 2.083
122 20 0.380 -0.911 2.010
123 1 0.314 -0.402 2.540
123 2 0.324 -0.360 2.582
123 3 0.320 -0.102 2.590
123 4 0.284 0.068 2.563
123 5 0.169 -0.180 2.614
123 6 0.138 -0.365 2.596
123 7 0.183 -0.476 2.470
123 8 0.201 -0.505 2.427
123 9 0.446 -0.180 2.550
123 10 0.496 -0.369 2.513
123 11 0.434 -0.494 2.401
123 12 0.406 -0.540 2.349
123 13 0.235 -0.465 2.546
123 14 0.304 -0.671 2.195
123 15 0.345 -0.860 2.093
123 16 0.312 -0.815 2.053
123 17 0.390 -0.462 2.508
123 18 0.415 -0.655 2.214
123 19 0.396 -0.882 2.083
123 20 0.380 -0.911 2.010
124 1 0.314 -0.402 2.540
124 2 0.324 -0.360 2.582
124 3 0.320 -0.103 2.590
124 4 0.284 0.068 2.563
124 5 0.169 -0.180 2.614
124 6 0.138 -0.365 2.596
124 7 0.183 -0.476 2.470
124 8 0.211 -0.511 2.421
124 9 0.446 -0.180 2.550
124 10 0.496 -0.369 2.513
124 11 0.436 -0.491 2.403
124 12 0.407 -0.537 2.353
124 13 0.235 -0.465 2.546
124 14 0.304 -0.671 2.195
124 15 0.345 -0.860 2.093
124 16 0.304 -0.813 2.050
124 17 0.390 -0.462 2.508
124 18 0.415 -0.655 2.214
124 19 0.396 -0.882 2.083
124 20 0.380 -0.911 2.010
125 1 0.314 -0.402 2.540
125 2 0.324 -0.360 2.582
125 3 0.320 -0.103 2.590
125 4 0.284 0.068 2.563
125 5 0.168 -0.180 2.614
125 6 0.138 -0.365 2.596
125 7 0.183 -0.477 2.470
125 8 0.209 -0.509 2.426
125 9 0.446 -0.180 2.550
125 10 0.496 -0.369 2.513
125 11 0.425 -0.501 2.389
125 12 0.404 -0.540 2.352
125 13 0.235 -0.465 2.546
125 14 0.304 -0.671 2.195
125 15 0.345 -0.860 2.093
125 16 0.299 -0.812 2.047
125 17 0.390 -0.462 2.508
125 18 0.416 -0.656 2.214
125 19 0.396 -0.882 2.083
125 20 0.380 -0.911 2.010
