1 1 0.163 -0.392 2.240
1 2 0.155 -0.329 2.248
1 3 0.130 -0.007 2.241
1 4 0.161 0.202 2.231
1 5 -0.021 -0.121 2.212
1 6 -0.078 -0.365 2.175
1 7 -0.041 -0.496 2.008
1 8 -0.027 -0.539 1.956
1 9 0.304 -0.140 2.305
1 10 0.316 -0.377 2.278
1 11 0.331 -0.437 2.003
1 12 0.368 -0.385 1.980
1 13 0.093 -0.473 2.210
1 14 0.033 -0.552 1.880
1 15 -0.021 -0.841 1.836
1 16 0.004 -0.880 1.754
1 17 0.247 -0.465 2.267
1 18 0.340 -0.553 1.979
1 19 0.225 -0.771 2.195
1 20 0.277 -0.762 2.098
2 1 0.163 -0.392 2.240
2 2 0.155 -0.329 2.248
2 3 0.130 -0.007 2.241
2 4 0.161 0.202 2.232
2 5 -0.021 -0.120 2.212
2 6 -0.078 -0.365 2.175
2 7 -0.041 -0.496 2.008
2 8 -0.027 -0.539 1.956
2 9 0.304 -0.140 2.305
2 10 0.316 -0.377 2.278
2 11 0.331 -0.437 2.004
2 12 0.368 -0.385 1.980
2 13 0.093 -0.473 2.210
2 14 0.033 -0.552 1.880
2 15 -0.020 -0.841 1.837
2 16 0.004 -0.880 1.754
2 17 0.247 -0.465 2.266
2 18 0.340 -0.553 1.979
2 19 0.225 -0.771 2.195
2 20 0.276 -0.762 2.097
3 1 0.163 -0.392 2.240
3 2 0.154 -0.329 2.249
3 3 0.130 -0.007 2.241
3 4 0.161 0.202 2.232
3 5 -0.021 -0.120 2.212
3 6 -0.078 -0.365 2.175
3 7 -0.041 -0.496 2.008
3 8 -0.028 -0.539 1.957
3 9 0.304 -0.140 2.305
3 10 0.316 -0.377 2.278
3 11 0.331 -0.437 2.004
3 12 0.368 -0.385 1.980
3 13 0.093 -0.474 2.210
3 14 0.033 -0.552 1.880
3 15 -0.019 -0.841 1.837
3 16 0.005 -0.880 1.754
3 17 0.246 -0.465 2.266
3 18 0.340 -0.553 1.979
3 19 0.225 -0.770 2.195
3 20 0.276 -0.762 2.097
4 1 0.163 -0.392 2.240
4 2 0.154 -0.329 2.249
4 3 0.130 -0.007 2.241
4 4 0.161 0.202 2.233
4 5 -0.022 -0.120 2.212
4 6 -0.078 -0.365 2.175
4 7 -0.041 -0.496 2.008
4 8 -0.048 -0.549 1.975
4 9 0.304 -0.140 2.305
4 10 0.315 -0.377 2.278
4 11 0.331 -0.437 2.003
4 12 0.368 -0.385 1.981
4 13 0.093 -0.474 2.210
4 14 0.033 -0.552 1.880
4 15 -0.018 -0.841 1.837
4 16 0.006 -0.880 1.754
4 17 0.246 -0.465 2.266
4 18 0.340 -0.553 1.979
4 19 0.225 -0.770 2.195
4 20 0.275 -0.762 2.097
5 1 0.163 -0.392 2.240
5 2 0.154 -0.329 2.249
5 3 0.130 -0.007 2.241
5 4 0.160 0.202 2.233
5 5 -0.022 -0.120 2.212
5 6 -0.078 -0.365 2.175
5 7 -0.041 -0.496 2.008
5 8 -0.047 -0.549 1.975
5 9 0.303 -0.140 2.305
5 10 0.315 -0.377 2.278
5 11 0.331 -0.437 2.003
5 12 0.368 -0.385 1.981
5 13 0.093 -0.474 2.210
5 14 0.033 -0.552 1.880
5 15 -0.018 -0.841 1.837
5 16 0.007 -0.880 1.754
5 17 0.246 -0.465 2.266
5 18 0.340 -0.553 1.980
5 19 0.228 -0.769 2.195
5 20 0.277 -0.762 2.097
6 1 0.163 -0.392 2.240
6 2 0.154 -0.329 2.249
6 3 0.130 -0.007 2.241
6 4 0.160 0.202 2.234
6 5 -0.022 -0.120 2.212
6 6 -0.078 -0.365 2.175
6 7 -0.041 -0.496 2.008
6 8 -0.043 -0.546 1.972
6 9 0.303 -0.140 2.305
6 10 0.315 -0.377 2.279
6 11 0.332 -0.437 2.003
6 12 0.368 -0.385 1.981
6 13 0.093 -0.474 2.210
6 14 0.033 -0.552 1.880
6 15 -0.017 -0.841 1.836
6 16 0.007 -0.880 1.753
6 17 0.246 -0.465 2.266
6 18 0.340 -0.553 1.980
6 19 0.230 -0.768 2.195
6 20 0.277 -0.762 2.097
7 1 0.163 -0.393 2.240
7 2 0.154 -0.329 2.249
7 3 0.130 -0.007 2.241
7 4 0.160 0.202 2.234
7 5 -0.022 -0.120 2.213
7 6 -0.078 -0.365 2.175
7 7 -0.041 -0.496 2.008
7 8 -0.038 -0.543 1.970
7 9 0.303 -0.140 2.305
7 10 0.315 -0.377 2.279
7 11 0.332 -0.437 2.002
7 12 0.368 -0.385 1.981
7 13 0.093 -0.474 2.210
7 14 0.033 -0.552 1.880
7 15 -0.017 -0.841 1.836
7 16 0.007 -0.880 1.753
7 17 0.246 -0.465 2.266
7 18 0.340 -0.553 1.980
7 19 0.231 -0.768 2.196
7 20 0.278 -0.761 2.097
8 1 0.163 -0.393 2.240
8 2 0.154 -0.329 2.249
8 3 0.130 -0.007 2.242
8 4 0.160 0.202 2.235
8 5 -0.022 -0.120 2.213
8 6 -0.078 -0.365 2.175
8 7 -0.041 -0.496 2.008
8 8 -0.033 -0.539 1.966
8 9 0.303 -0.140 2.305
8 10 0.315 -0.377 2.279
8 11 0.332 -0.437 2.002
8 12 0.368 -0.385 1.980
8 13 0.093 -0.474 2.210
8 14 0.033 -0.552 1.880
8 15 -0.017 -0.840 1.835
8 16 0.007 -0.879 1.752
8 17 0.246 -0.465 2.266
8 18 0.340 -0.553 1.980
8 19 0.233 -0.768 2.196
8 20 0.279 -0.761 2.098
9 1 0.163 -0.393 2.240
9 2 0.154 -0.329 2.250
9 3 0.130 -0.007 2.242
9 4 0.160 0.203 2.235
9 5 -0.022 -0.120 2.213
9 6 -0.078 -0.365 2.175
9 7 -0.041 -0.496 2.008
9 8 -0.028 -0.536 1.964
9 9 0.303 -0.140 2.305
9 10 0.315 -0.377 2.279
9 11 0.332 -0.437 2.001
9 12 0.368 -0.385 1.980
9 13 0.092 -0.474 2.210
9 14 0.033 -0.552 1.880
9 15 -0.017 -0.840 1.834
9 16 0.007 -0.879 1.751
9 17 0.245 -0.466 2.266
9 18 0.340 -0.552 1.980
9 19 0.234 -0.767 2.196
9 20 0.279 -0.761 2.098
10 1 0.163 -0.393 2.240
10 2 0.154 -0.329 2.250
10 3 0.130 -0.007 2.242
10 4 0.159 0.203 2.236
10 5 -0.022 -0.120 2.213
10 6 -0.078 -0.365 2.175
10 7 -0.041 -0.496 2.008
10 8 -0.025 -0.534 1.961
10 9 0.302 -0.140 2.305
10 10 0.315 -0.377 2.279
10 11 0.332 -0.437 2.001
10 12 0.368 -0.385 1.980
10 13 0.092 -0.474 2.210
10 14 0.033 -0.552 1.880
10 15 -0.018 -0.840 1.833
10 16 0.006 -0.879 1.750
10 17 0.245 -0.466 2.266
10 18 0.340 -0.552 1.980
10 19 0.234 -0.767 2.196
10 20 0.280 -0.761 2.098
11 1 0.163 -0.393 2.240
11 2 0.154 -0.329 2.250
11 3 0.130 -0.007 2.242
11 4 0.159 0.203 2.236
11 5 -0.022 -0.120 2.213
11 6 -0.078 -0.365 2.175
11 7 -0.041 -0.496 2.008
11 8 -0.021 -0.531 1.959
11 9 0.302 -0.140 2.305
11 10 0.314 -0.377 2.279
11 11 0.332 -0.437 2.001
11 12 0.368 -0.385 1.980
11 13 0.092 -0.474 2.210
11 14 0.033 -0.552 1.880
11 15 -0.018 -0.840 1.833
11 16 0.006 -0.879 1.750
11 17 0.245 -0.466 2.266
11 18 0.340 -0.552 1.980
11 19 0.235 -0.767 2.196
11 20 0.280 -0.761 2.098
12 1 0.163 -0.393 2.240
12 2 0.153 -0.329 2.250
12 3 0.130 -0.007 2.242
12 4 0.159 0.203 2.236
12 5 -0.022 -0.120 2.213
12 6 -0.078 -0.365 2.175
12 7 -0.041 -0.496 2.008
12 8 -0.019 -0.530 1.958
12 9 0.302 -0.140 2.305
12 10 0.314 -0.377 2.279
12 11 0.332 -0.437 2.001
12 12 0.368 -0.385 1.981
12 13 0.092 -0.474 2.210
12 14 0.033 -0.552 1.880
12 15 -0.018 -0.840 1.833
12 16 0.006 -0.879 1.750
12 17 0.245 -0.466 2.266
12 18 0.340 -0.552 1.980
12 19 0.234 -0.767 2.196
12 20 0.280 -0.760 2.097
13 1 0.162 -0.393 2.240
13 2 0.153 -0.329 2.250
13 3 0.130 -0.007 2.242
13 4 0.159 0.203 2.237
13 5 -0.022 -0.120 2.213
13 6 -0.078 -0.365 2.175
13 7 -0.041 -0.496 2.008
13 8 -0.017 -0.529 1.957
13 9 0.302 -0.140 2.305
13 10 0.314 -0.377 2.280
13 11 0.332 -0.437 2.002
13 12 0.368 -0.385 1.981
13 13 0.092 -0.474 2.210
13 14 0.033 -0.552 1.880
13 15 -0.018 -0.840 1.833
13 16 0.006 -0.878 1.750
13 17 0.245 -0.466 2.266
13 18 0.341 -0.552 1.980
13 19 0.233 -0.766 2.195
13 20 0.280 -0.760 2.097
14 1 0.162 -0.393 2.240
14 2 0.153 -0.329 2.251
14 3 0.130 -0.007 2.243
14 4 0.159 0.203 2.237
14 5 -0.022 -0.120 2.213
14 6 -0.078 -0.365 2.175
14 7 -0.041 -0.496 2.008
14 8 -0.049 -0.544 1.983
14 9 0.302 -0.140 2.305
14 10 0.314 -0.377 2.280
14 11 0.332 -0.437 2.002
14 12 0.368 -0.385 1.981
14 13 0.092 -0.474 2.210
14 14 0.033 -0.552 1.880
14 15 -0.017 -0.840 1.833
14 16 0.007 -0.878 1.750
14 17 0.245 -0.466 2.266
14 18 0.341 -0.552 1.980
14 19 0.233 -0.765 2.196
14 20 0.279 -0.759 2.098
15 1 0.162 -0.393 2.240
15 2 0.153 -0.330 2.251
15 3 0.130 -0.007 2.243
15 4 0.159 0.203 2.237
15 5 -0.022 -0.120 2.213
15 6 -0.078 -0.365 2.175
15 7 -0.041 -0.496 2.008
15 8 -0.078 -0.549 2.009
15 9 0.302 -0.139 2.305
15 10 0.314 -0.377 2.280
15 11 0.332 -0.437 2.002
15 12 0.368 -0.385 1.981
15 13 0.092 -0.474 2.210
15 14 0.033 -0.552 1.880
15 15 -0.017 -0.840 1.833
15 16 0.007 -0.878 1.750
15 17 0.245 -0.466 2.266
15 18 0.341 -0.552 1.980
15 19 0.233 -0.764 2.197
15 20 0.280 -0.759 2.098
16 1 0.162 -0.393 2.240
16 2 0.153 -0.330 2.251
16 3 0.130 -0.007 2.243
16 4 0.159 0.203 2.237
16 5 -0.022 -0.120 2.213
16 6 -0.078 -0.365 2.175
16 7 -0.041 -0.496 2.008
16 8 -0.087 -0.550 2.018
16 9 0.302 -0.139 2.305
16 10 0.314 -0.377 2.280
16 11 0.332 -0.437 2.002
16 12 0.369 -0.385 1.981
16 13 0.092 -0.474 2.210
16 14 0.033 -0.552 1.880
16 15 -0.016 -0.840 1.833
16 16 0.008 -0.878 1.750
16 17 0.244 -0.466 2.266
16 18 0.341 -0.552 1.980
16 19 0.229 -0.759 2.197
16 20 0.277 -0.756 2.099
17 1 0.162 -0.393 2.240
17 2 0.153 -0.330 2.251
17 3 0.130 -0.007 2.243
17 4 0.159 0.203 2.238
17 5 -0.022 -0.120 2.213
17 6 -0.078 -0.365 2.175
17 7 -0.041 -0.496 2.008
17 8 -0.093 -0.551 2.024
17 9 0.302 -0.139 2.305
17 10 0.314 -0.377 2.280
17 11 0.332 -0.437 2.002
17 12 0.369 -0.385 1.981
17 13 0.092 -0.474 2.210
17 14 0.033 -0.552 1.880
17 15 -0.016 -0.839 1.833
17 16 0.008 -0.878 1.750
17 17 0.244 -0.466 2.266
17 18 0.341 -0.552 1.980
17 19 0.230 -0.758 2.198
17 20 0.278 -0.755 2.100
18 1 0.162 -0.393 2.240
18 2 0.153 -0.330 2.251
18 3 0.130 -0.007 2.243
18 4 0.159 0.203 2.238
18 5 -0.023 -0.120 2.214
18 6 -0.078 -0.365 2.175
18 7 -0.041 -0.495 2.008
18 8 -0.055 -0.544 1.984
18 9 0.301 -0.139 2.305
18 10 0.314 -0.377 2.280
18 11 0.333 -0.437 2.002
18 12 0.369 -0.385 1.982
18 13 0.092 -0.474 2.210
18 14 0.033 -0.552 1.880
18 15 -0.016 -0.839 1.833
18 16 0.008 -0.878 1.750
18 17 0.244 -0.466 2.266
18 18 0.341 -0.552 1.980
18 19 0.224 -0.755 2.198
18 20 0.275 -0.753 2.100
19 1 0.162 -0.393 2.240
19 2 0.152 -0.330 2.252
19 3 0.129 -0.007 2.243
19 4 0.159 0.203 2.238
19 5 -0.023 -0.120 2.214
19 6 -0.078 -0.365 2.175
19 7 -0.041 -0.495 2.008
19 8 -0.035 -0.540 1.962
19 9 0.301 -0.139 2.305
19 10 0.314 -0.377 2.280
19 11 0.333 -0.437 2.002
19 12 0.369 -0.385 1.982
19 13 0.092 -0.474 2.210
19 14 0.033 -0.552 1.880
19 15 -0.016 -0.839 1.833
19 16 0.008 -0.878 1.750
19 17 0.244 -0.466 2.266
19 18 0.341 -0.552 1.980
19 19 0.223 -0.755 2.197
19 20 0.274 -0.753 2.100
20 1 0.162 -0.393 2.240
20 2 0.152 -0.330 2.252
20 3 0.129 -0.007 2.244
20 4 0.159 0.203 2.238
20 5 -0.023 -0.120 2.214
20 6 -0.078 -0.365 2.175
20 7 -0.041 -0.495 2.008
20 8 -0.028 -0.539 1.955
20 9 0.301 -0.139 2.305
20 10 0.314 -0.377 2.280
20 11 0.333 -0.437 2.002
20 12 0.369 -0.385 1.982
20 13 0.092 -0.474 2.210
20 14 0.033 -0.552 1.880
20 15 -0.016 -0.839 1.833
20 16 0.008 -0.878 1.750
20 17 0.244 -0.466 2.266
20 18 0.341 -0.552 1.980
20 19 0.223 -0.756 2.196
20 20 0.274 -0.753 2.099
21 1 0.162 -0.393 2.240
21 2 0.152 -0.330 2.252
21 3 0.129 -0.007 2.244
21 4 0.159 0.203 2.238
21 5 -0.023 -0.120 2.214
21 6 -0.078 -0.365 2.175
21 7 -0.041 -0.495 2.008
21 8 -0.023 -0.538 1.950
21 9 0.301 -0.139 2.305
21 10 0.314 -0.377 2.280
21 11 0.333 -0.437 2.002
21 12 0.369 -0.385 1.981
21 13 0.092 -0.474 2.210
21 14 0.033 -0.552 1.880
21 15 -0.016 -0.839 1.833
21 16 0.008 -0.878 1.750
21 17 0.244 -0.466 2.265
21 18 0.341 -0.552 1.980
21 19 0.223 -0.757 2.195
21 20 0.274 -0.754 2.099
22 1 0.162 -0.393 2.240
22 2 0.152 -0.330 2.252
22 3 0.129 -0.006 2.244
22 4 0.158 0.203 2.239
22 5 -0.023 -0.119 2.214
22 6 -0.078 -0.365 2.175
22 7 -0.041 -0.495 2.008
22 8 -0.020 -0.538 1.947
22 9 0.301 -0.139 2.305
22 10 0.314 -0.377 2.280
22 11 0.333 -0.437 2.001
22 12 0.369 -0.385 1.981
22 13 0.092 -0.474 2.210
22 14 0.033 -0.552 1.880
22 15 -0.016 -0.839 1.834
22 16 0.009 -0.878 1.750
22 17 0.244 -0.466 2.265
22 18 0.341 -0.552 1.980
22 19 0.223 -0.758 2.194
22 20 0.274 -0.754 2.098
23 1 0.162 -0.393 2.240
23 2 0.152 -0.330 2.252
23 3 0.129 -0.006 2.244
23 4 0.158 0.203 2.239
23 5 -0.023 -0.119 2.214
23 6 -0.078 -0.365 2.175
23 7 -0.041 -0.495 2.008
23 8 -0.018 -0.537 1.944
23 9 0.301 -0.139 2.305
23 10 0.314 -0.377 2.280
23 11 0.333 -0.437 2.001
23 12 0.369 -0.385 1.981
23 13 0.092 -0.474 2.210
23 14 0.033 -0.552 1.880
23 15 -0.016 -0.839 1.834
23 16 0.009 -0.878 1.751
23 17 0.244 -0.466 2.265
23 18 0.341 -0.553 1.980
23 19 0.226 -0.760 2.194
23 20 0.275 -0.754 2.098
24 1 0.162 -0.393 2.240
24 2 0.152 -0.330 2.252
24 3 0.129 -0.006 2.244
24 4 0.158 0.203 2.239
24 5 -0.023 -0.119 2.215
24 6 -0.078 -0.365 2.175
24 7 -0.041 -0.495 2.008
24 8 -0.017 -0.537 1.943
24 9 0.301 -0.139 2.305
24 10 0.315 -0.377 2.280
24 11 0.333 -0.437 2.001
24 12 0.369 -0.385 1.981
24 13 0.092 -0.474 2.210
24 14 0.033 -0.551 1.880
24 15 -0.015 -0.839 1.834
24 16 0.009 -0.878 1.751
24 17 0.244 -0.466 2.265
24 18 0.341 -0.553 1.980
24 19 0.227 -0.761 2.194
24 20 0.276 -0.755 2.098
25 1 0.162 -0.393 2.240
25 2 0.152 -0.330 2.253
25 3 0.128 -0.006 2.245
25 4 0.158 0.203 2.239
25 5 -0.023 -0.119 2.215
25 6 -0.078 -0.365 2.175
25 7 -0.041 -0.495 2.008
25 8 -0.017 -0.537 1.943
25 9 0.301 -0.139 2.305
25 10 0.315 -0.377 2.280
25 11 0.333 -0.437 2.000
25 12 0.369 -0.385 1.981
25 13 0.092 -0.474 2.210
25 14 0.033 -0.551 1.880
25 15 -0.015 -0.839 1.834
25 16 0.009 -0.878 1.751
25 17 0.244 -0.466 2.265
25 18 0.341 -0.552 1.980
25 19 0.228 -0.761 2.194
25 20 0.276 -0.755 2.097
26 1 0.162 -0.393 2.240
26 2 0.152 -0.330 2.253
26 3 0.128 -0.005 2.245
26 4 0.157 0.203 2.240
26 5 -0.023 -0.119 2.215
26 6 -0.078 -0.365 2.175
26 7 -0.041 -0.495 2.008
26 8 -0.017 -0.537 1.944
26 9 0.301 -0.139 2.305
26 10 0.315 -0.377 2.280
26 11 0.334 -0.436 1.999
26 12 0.371 -0.384 1.979
26 13 0.092 -0.474 2.209
26 14 0.033 -0.551 1.880
26 15 -0.015 -0.839 1.834
26 16 0.009 -0.878 1.751
26 17 0.244 -0.466 2.265
26 18 0.341 -0.552 1.980
26 19 0.230 -0.762 2.193
26 20 0.278 -0.756 2.097
27 1 0.162 -0.393 2.240
27 2 0.152 -0.330 2.253
27 3 0.128 -0.005 2.245
27 4 0.157 0.203 2.240
27 5 -0.023 -0.119 2.215
27 6 -0.078 -0.365 2.175
27 7 -0.041 -0.495 2.008
27 8 -0.019 -0.538 1.946
27 9 0.301 -0.139 2.306
27 10 0.315 -0.377 2.280
27 11 0.345 -0.423 1.996
27 12 0.371 -0.406 1.930
27 13 0.092 -0.474 2.209
27 14 0.033 -0.551 1.880
27 15 -0.015 -0.839 1.835
27 16 0.009 -0.878 1.752
27 17 0.244 -0.466 2.265
27 18 0.342 -0.550 1.981
27 19 0.231 -0.762 2.193
27 20 0.279 -0.756 2.096
28 1 0.162 -0.393 2.240
28 2 0.151 -0.330 2.253
28 3 0.127 -0.005 2.246
28 4 0.155 0.203 2.242
28 5 -0.024 -0.119 2.215
28 6 -0.078 -0.365 2.175
28 7 -0.041 -0.495 2.008
28 8 -0.019 -0.541 1.955
28 9 0.300 -0.138 2.306
28 10 0.315 -0.377 2.280
28 11 0.378 -0.413 2.047
28 12 0.372 -0.409 1.927
28 13 0.092 -0.474 2.209
28 14 0.033 -0.551 1.880
28 15 -0.014 -0.839 1.835
28 16 0.010 -0.878 1.752
28 17 0.244 -0.466 2.265
28 18 0.342 -0.548 1.981
28 19 0.233 -0.762 2.192
28 20 0.280 -0.756 2.095
29 1 0.161 -0.393 2.240
29 2 0.151 -0.330 2.254
29 3 0.126 -0.004 2.246
29 4 0.153 0.203 2.244
29 5 -0.024 -0.119 2.216
29 6 -0.078 -0.365 2.175
29 7 -0.041 -0.496 2.008
29 8 -0.021 -0.544 1.962
29 9 0.300 -0.138 2.306
29 10 0.317 -0.373 2.279
29 11 0.393 -0.414 2.078
29 12 0.375 -0.408 1.931
29 13 0.092 -0.474 2.209
29 14 0.033 -0.551 1.880
29 15 -0.013 -0.839 1.836
29 16 0.011 -0.878 1.753
29 17 0.244 -0.466 2.265
29 18 0.343 -0.547 1.982
29 19 0.233 -0.762 2.192
29 20 0.280 -0.756 2.095
30 1 0.161 -0.393 2.240
30 2 0.151 -0.330 2.254
30 3 0.125 -0.003 2.247
30 4 0.150 0.203 2.248
30 5 -0.024 -0.119 2.216
30 6 -0.078 -0.365 2.175
30 7 -0.041 -0.496 2.008
30 8 -0.023 -0.546 1.966
30 9 0.299 -0.138 2.306
30 10 0.322 -0.365 2.278
30 11 0.398 -0.416 2.090
30 12 0.387 -0.395 1.943
30 13 0.092 -0.474 2.209
30 14 0.033 -0.551 1.880
30 15 -0.013 -0.839 1.837
30 16 0.011 -0.878 1.753
30 17 0.243 -0.466 2.265
30 18 0.343 -0.550 1.982
30 19 0.233 -0.763 2.193
30 20 0.280 -0.757 2.095
31 1 0.161 -0.393 2.240
31 2 0.150 -0.330 2.254
31 3 0.123 -0.002 2.248
31 4 0.145 0.203 2.252
31 5 -0.025 -0.119 2.216
31 6 -0.078 -0.365 2.175
31 7 -0.041 -0.496 2.008
31 8 -0.025 -0.548 1.969
31 9 0.298 -0.138 2.307
31 10 0.329 -0.353 2.275
31 11 0.403 -0.415 2.097
31 12 0.404 -0.369 1.959
31 13 0.091 -0.474 2.209
31 14 0.033 -0.551 1.880
31 15 -0.012 -0.839 1.837
31 16 0.012 -0.878 1.754
31 17 0.243 -0.466 2.265
31 18 0.343 -0.555 1.981
31 19 0.220 -0.762 2.192
31 20 0.273 -0.758 2.096
32 1 0.160 -0.393 2.240
32 2 0.148 -0.329 2.255
32 3 0.120 -0.001 2.249
32 4 0.140 0.204 2.256
32 5 -0.026 -0.119 2.217
32 6 -0.079 -0.365 2.175
32 7 -0.041 -0.496 2.008
32 8 -0.029 -0.550 1.972
32 9 0.297 -0.138 2.307
32 10 0.336 -0.342 2.270
32 11 0.412 -0.377 2.083
32 12 0.423 -0.340 1.972
32 13 0.090 -0.473 2.209
32 14 0.033 -0.551 1.880
32 15 -0.011 -0.839 1.838
32 16 0.013 -0.878 1.755
32 17 0.243 -0.466 2.265
32 18 0.343 -0.561 1.980
32 19 0.211 -0.762 2.191
32 20 0.267 -0.758 2.096
33 1 0.159 -0.392 2.240
33 2 0.147 -0.329 2.256
33 3 0.118 0.000 2.251
33 4 0.136 0.204 2.260
33 5 -0.027 -0.118 2.218
33 6 -0.079 -0.365 2.175
33 7 -0.041 -0.495 2.008
33 8 -0.031 -0.551 1.973
33 9 0.296 -0.137 2.308
33 10 0.343 -0.334 2.266
33 11 0.423 -0.345 2.067
33 12 0.447 -0.295 1.969
33 13 0.089 -0.472 2.209
33 14 0.033 -0.551 1.880
33 15 -0.009 -0.839 1.840
33 16 0.015 -0.878 1.756
33 17 0.242 -0.466 2.265
33 18 0.343 -0.565 1.979
33 19 0.205 -0.762 2.191
33 20 0.263 -0.759 2.097
34 1 0.157 -0.392 2.241
34 2 0.145 -0.328 2.257
34 3 0.115 0.002 2.253
34 4 0.132 0.205 2.263
34 5 -0.029 -0.118 2.219
34 6 -0.080 -0.365 2.175
34 7 -0.041 -0.495 2.008
34 8 -0.046 -0.554 1.984
34 9 0.295 -0.137 2.309
34 10 0.352 -0.328 2.261
34 11 0.439 -0.324 2.059
34 12 0.463 -0.253 1.968
34 13 0.087 -0.471 2.209
34 14 0.033 -0.551 1.880
34 15 -0.007 -0.840 1.841
34 16 0.016 -0.878 1.758
34 17 0.241 -0.465 2.265
34 18 0.343 -0.568 1.979
34 19 0.201 -0.762 2.191
34 20 0.260 -0.759 2.097
35 1 0.156 -0.391 2.241
35 2 0.143 -0.327 2.259
35 3 0.112 0.003 2.255
35 4 0.127 0.206 2.268
35 5 -0.031 -0.118 2.221
35 6 -0.081 -0.365 2.176
35 7 -0.041 -0.495 2.009
35 8 -0.052 -0.557 1.991
35 9 0.293 -0.137 2.309
35 10 0.369 -0.315 2.251
35 11 0.471 -0.310 2.052
35 12 0.477 -0.195 1.966
35 13 0.085 -0.470 2.209
35 14 0.033 -0.551 1.880
35 15 -0.005 -0.840 1.843
35 16 0.018 -0.878 1.759
35 17 0.241 -0.465 2.265
35 18 0.343 -0.570 1.978
35 19 0.198 -0.762 2.191
35 20 0.257 -0.759 2.097
36 1 0.154 -0.390 2.241
36 2 0.140 -0.326 2.260
36 3 0.108 0.005 2.257
36 4 0.122 0.207 2.273
36 5 -0.034 -0.117 2.223
36 6 -0.082 -0.364 2.176
36 7 -0.041 -0.495 2.009
36 8 -0.055 -0.558 1.996
36 9 0.292 -0.136 2.310
36 10 0.390 -0.299 2.235
36 11 0.484 -0.216 2.008
36 12 0.483 -0.126 1.953
36 13 0.084 -0.469 2.209
36 14 0.033 -0.551 1.880
36 15 -0.003 -0.840 1.844
36 16 0.020 -0.878 1.761
36 17 0.240 -0.465 2.265
36 18 0.343 -0.572 1.978
36 19 0.197 -0.761 2.191
36 20 0.256 -0.759 2.097
37 1 0.152 -0.389 2.242
37 2 0.138 -0.325 2.263
37 3 0.105 0.006 2.261
37 4 0.117 0.208 2.277
37 5 -0.038 -0.117 2.225
37 6 -0.083 -0.364 2.176
37 7 -0.042 -0.495 2.009
37 8 -0.057 -0.560 2.003
37 9 0.291 -0.135 2.311
37 10 0.414 -0.277 2.216
37 11 0.488 -0.142 1.988
37 12 0.482 -0.056 1.947
37 13 0.082 -0.468 2.209
37 14 0.033 -0.551 1.880
37 15 -0.001 -0.840 1.846
37 16 0.022 -0.878 1.762
37 17 0.239 -0.464 2.265
37 18 0.343 -0.573 1.978
37 19 0.195 -0.761 2.191
37 20 0.255 -0.759 2.097
38 1 0.150 -0.388 2.242
38 2 0.136 -0.324 2.265
38 3 0.101 0.007 2.264
38 4 0.112 0.208 2.282
38 5 -0.041 -0.116 2.227
38 6 -0.084 -0.364 2.176
38 7 -0.044 -0.495 2.010
38 8 -0.040 -0.553 1.995
38 9 0.289 -0.134 2.312
38 10 0.438 -0.237 2.191
38 11 0.485 -0.070 1.983
38 12 0.475 0.000 1.955
38 13 0.080 -0.467 2.209
38 14 0.033 -0.551 1.880
38 15 0.001 -0.840 1.847
38 16 0.023 -0.878 1.763
38 17 0.238 -0.464 2.265
38 18 0.343 -0.574 1.977
38 19 0.194 -0.761 2.190
38 20 0.254 -0.759 2.097
39 1 0.149 -0.387 2.243
39 2 0.134 -0.323 2.267
39 3 0.098 0.008 2.267
39 4 0.107 0.209 2.286
39 5 -0.045 -0.116 2.230
39 6 -0.085 -0.364 2.176
39 7 -0.047 -0.496 2.011
39 8 -0.030 -0.546 1.988
39 9 0.287 -0.133 2.313
39 10 0.450 -0.216 2.181
39 11 0.473 -0.019 1.997
39 12 0.456 0.058 1.971
39 13 0.079 -0.466 2.209
39 14 0.033 -0.551 1.880
39 15 0.002 -0.840 1.848
39 16 0.025 -0.878 1.764
39 17 0.237 -0.463 2.265
39 18 0.343 -0.574 1.977
39 19 0.194 -0.761 2.190
39 20 0.253 -0.759 2.097
40 1 0.147 -0.385 2.244
40 2 0.131 -0.322 2.270
40 3 0.095 0.009 2.270
40 4 0.103 0.209 2.290
40 5 -0.048 -0.115 2.232
40 6 -0.086 -0.363 2.177
40 7 -0.049 -0.496 2.012
40 8 -0.024 -0.542 1.983
40 9 0.286 -0.132 2.313
40 10 0.461 -0.173 2.173
40 11 0.457 0.035 2.016
40 12 0.428 0.113 1.998
40 13 0.078 -0.465 2.209
40 14 0.033 -0.551 1.880
40 15 0.004 -0.840 1.849
40 16 0.026 -0.878 1.764
40 17 0.236 -0.462 2.266
40 18 0.343 -0.575 1.977
40 19 0.194 -0.761 2.190
40 20 0.253 -0.760 2.097
41 1 0.146 -0.384 2.245
41 2 0.129 -0.320 2.273
41 3 0.092 0.010 2.274
41 4 0.095 0.211 2.296
41 5 -0.050 -0.115 2.234
41 6 -0.088 -0.363 2.177
41 7 -0.050 -0.496 2.013
41 8 -0.019 -0.538 1.980
41 9 0.284 -0.129 2.314
41 10 0.471 -0.144 2.168
41 11 0.433 0.089 2.040
41 12 0.397 0.163 2.032
41 13 0.076 -0.464 2.210
41 14 0.033 -0.551 1.880
41 15 0.005 -0.840 1.849
41 16 0.027 -0.878 1.765
41 17 0.236 -0.461 2.266
41 18 0.343 -0.575 1.977
41 19 0.194 -0.761 2.190
41 20 0.252 -0.760 2.097
42 1 0.144 -0.382 2.246
42 2 0.127 -0.319 2.276
42 3 0.089 0.011 2.277
42 4 0.088 0.213 2.301
42 5 -0.053 -0.115 2.237
42 6 -0.089 -0.363 2.178
42 7 -0.053 -0.497 2.015
42 8 -0.017 -0.536 1.978
42 9 0.282 -0.124 2.315
42 10 0.471 -0.100 2.169
42 11 0.414 0.113 2.068
42 12 0.368 0.192 2.069
42 13 0.075 -0.462 2.211
42 14 0.032 -0.551 1.880
42 15 0.028 -0.839 1.850
42 16 0.048 -0.876 1.765
42 17 0.235 -0.459 2.267
42 18 0.343 -0.576 1.976
42 19 0.194 -0.761 2.190
42 20 0.252 -0.760 2.096
43 1 0.142 -0.379 2.248
43 2 0.125 -0.317 2.280
43 3 0.086 0.012 2.280
43 4 0.081 0.214 2.306
43 5 -0.056 -0.114 2.239
43 6 -0.090 -0.362 2.178
43 7 -0.055 -0.498 2.016
43 8 -0.018 -0.534 1.976
43 9 0.280 -0.119 2.315
43 10 0.472 -0.071 2.171
43 11 0.392 0.139 2.099
43 12 0.336 0.216 2.102
43 13 0.073 -0.461 2.212
43 14 0.032 -0.551 1.880
43 15 0.039 -0.838 1.850
43 16 0.057 -0.875 1.765
43 17 0.234 -0.456 2.268
43 18 0.343 -0.576 1.976
43 19 0.195 -0.761 2.189
43 20 0.252 -0.760 2.096
44 1 0.140 -0.375 2.250
44 2 0.123 -0.314 2.284
44 3 0.083 0.013 2.283
44 4 0.076 0.214 2.309
44 5 -0.058 -0.114 2.241
44 6 -0.092 -0.362 2.179
44 7 -0.057 -0.498 2.018
44 8 -0.031 -0.539 1.977
44 9 0.278 -0.113 2.316
44 10 0.463 -0.030 2.176
44 11 0.368 0.164 2.127
44 12 0.314 0.228 2.137
44 13 0.072 -0.458 2.214
44 14 0.032 -0.551 1.881
44 15 0.043 -0.838 1.850
44 16 0.061 -0.875 1.765
44 17 0.232 -0.450 2.269
44 18 0.343 -0.577 1.975
44 19 0.196 -0.762 2.189
44 20 0.252 -0.761 2.096
45 1 0.138 -0.370 2.253
45 2 0.121 -0.310 2.288
45 3 0.080 0.014 2.286
45 4 0.072 0.214 2.312
45 5 -0.061 -0.114 2.242
45 6 -0.094 -0.360 2.181
45 7 -0.059 -0.498 2.021
45 8 -0.039 -0.541 1.980
45 9 0.276 -0.106 2.316
45 10 0.459 -0.009 2.180
45 11 0.352 0.179 2.148
45 12 0.301 0.235 2.157
45 13 0.070 -0.455 2.216
45 14 0.031 -0.551 1.881
45 15 0.066 -0.834 1.860
45 16 0.083 -0.871 1.774
45 17 0.232 -0.442 2.270
45 18 0.343 -0.577 1.975
45 19 0.196 -0.762 2.189
45 20 0.252 -0.761 2.096
46 1 0.136 -0.364 2.255
46 2 0.119 -0.307 2.292
46 3 0.078 0.015 2.289
46 4 0.069 0.214 2.314
46 5 -0.063 -0.114 2.244
46 6 -0.096 -0.359 2.182
46 7 -0.061 -0.498 2.024
46 8 -0.042 -0.541 1.981
46 9 0.275 -0.099 2.315
46 10 0.452 0.011 2.186
46 11 0.340 0.190 2.160
46 12 0.292 0.241 2.169
46 13 0.068 -0.452 2.218
46 14 0.030 -0.551 1.882
46 15 0.079 -0.832 1.865
46 16 0.095 -0.868 1.779
46 17 0.231 -0.434 2.271
46 18 0.342 -0.578 1.975
46 19 0.195 -0.762 2.190
46 20 0.251 -0.761 2.096
47 1 0.135 -0.360 2.257
47 2 0.118 -0.303 2.294
47 3 0.075 0.016 2.290
47 4 0.067 0.213 2.315
47 5 -0.066 -0.115 2.246
47 6 -0.097 -0.357 2.184
47 7 -0.063 -0.497 2.027
47 8 -0.044 -0.541 1.981
47 9 0.274 -0.093 2.315
47 10 0.444 0.028 2.194
47 11 0.326 0.200 2.172
47 12 0.284 0.247 2.179
47 13 0.066 -0.449 2.220
47 14 0.030 -0.550 1.883
47 15 0.086 -0.830 1.866
47 16 0.102 -0.867 1.780
47 17 0.232 -0.424 2.271
47 18 0.342 -0.579 1.975
47 19 0.195 -0.762 2.190
47 20 0.251 -0.761 2.096
48 1 0.134 -0.355 2.258
48 2 0.117 -0.300 2.297
48 3 0.072 0.017 2.292
48 4 0.065 0.213 2.316
48 5 -0.069 -0.116 2.249
48 6 -0.099 -0.355 2.185
48 7 -0.065 -0.497 2.030
48 8 -0.047 -0.541 1.983
48 9 0.272 -0.087 2.315
48 10 0.437 0.045 2.201
48 11 0.311 0.209 2.183
48 12 0.274 0.253 2.189
48 13 0.065 -0.446 2.222
48 14 0.029 -0.549 1.884
48 15 0.091 -0.829 1.867
48 16 0.106 -0.865 1.781
48 17 0.232 -0.417 2.270
48 18 0.342 -0.580 1.976
48 19 0.193 -0.762 2.190
48 20 0.250 -0.761 2.097
49 1 0.133 -0.349 2.259
49 2 0.116 -0.295 2.299
49 3 0.070 0.018 2.294
49 4 0.064 0.212 2.316
49 5 -0.074 -0.118 2.252
49 6 -0.100 -0.353 2.187
49 7 -0.067 -0.497 2.034
49 8 -0.049 -0.541 1.985
49 9 0.271 -0.083 2.314
49 10 0.431 0.057 2.207
49 11 0.300 0.216 2.190
49 12 0.265 0.258 2.196
49 13 0.062 -0.441 2.224
49 14 0.028 -0.548 1.885
49 15 0.094 -0.827 1.865
49 16 0.108 -0.863 1.779
49 17 0.233 -0.411 2.270
49 18 0.340 -0.583 1.978
49 19 0.190 -0.760 2.190
49 20 0.248 -0.760 2.098
50 1 0.131 -0.343 2.260
50 2 0.115 -0.290 2.301
50 3 0.068 0.019 2.295
50 4 0.062 0.211 2.316
50 5 -0.077 -0.119 2.254
50 6 -0.101 -0.351 2.190
50 7 -0.069 -0.496 2.037
50 8 -0.052 -0.540 1.989
50 9 0.270 -0.079 2.314
50 10 0.426 0.066 2.211
50 11 0.291 0.221 2.195
50 12 0.258 0.263 2.201
50 13 0.058 -0.430 2.228
50 14 0.028 -0.547 1.886
50 15 0.094 -0.823 1.858
50 16 0.107 -0.859 1.772
50 17 0.233 -0.407 2.269
50 18 0.339 -0.584 1.980
50 19 0.185 -0.756 2.189
50 20 0.245 -0.757 2.098
51 1 0.129 -0.337 2.260
51 2 0.114 -0.285 2.302
51 3 0.067 0.020 2.296
51 4 0.061 0.211 2.315
51 5 -0.082 -0.122 2.256
51 6 -0.101 -0.354 2.192
51 7 -0.070 -0.496 2.038
51 8 -0.054 -0.540 1.989
51 9 0.269 -0.077 2.313
51 10 0.423 0.071 2.214
51 11 0.286 0.225 2.198
51 12 0.252 0.266 2.205
51 13 0.053 -0.421 2.232
51 14 0.027 -0.546 1.887
51 15 0.026 -0.804 1.810
51 16 0.038 -0.840 1.723
51 17 0.233 -0.403 2.268
51 18 0.339 -0.585 1.980
51 19 0.181 -0.752 2.188
51 20 0.242 -0.753 2.098
52 1 0.128 -0.332 2.261
52 2 0.112 -0.281 2.303
52 3 0.066 0.021 2.296
52 4 0.058 0.210 2.315
52 5 -0.085 -0.124 2.257
52 6 -0.101 -0.357 2.194
52 7 -0.071 -0.497 2.037
52 8 -0.055 -0.541 1.988
52 9 0.268 -0.075 2.313
52 10 0.420 0.075 2.216
52 11 0.283 0.227 2.201
52 12 0.249 0.269 2.208
52 13 0.050 -0.415 2.234
52 14 0.026 -0.545 1.888
52 15 0.022 -0.801 1.803
52 16 0.033 -0.837 1.716
52 17 0.233 -0.401 2.267
52 18 0.338 -0.585 1.981
52 19 0.177 -0.749 2.187
52 20 0.239 -0.751 2.097
53 1 0.127 -0.330 2.261
53 2 0.112 -0.279 2.304
53 3 0.065 0.022 2.297
53 4 0.057 0.209 2.313
53 5 -0.087 -0.126 2.258
53 6 -0.101 -0.361 2.195
53 7 -0.071 -0.498 2.037
53 8 -0.057 -0.544 1.989
53 9 0.268 -0.074 2.313
53 10 0.419 0.077 2.218
53 11 0.283 0.231 2.204
53 12 0.247 0.272 2.212
53 13 0.048 -0.412 2.236
53 14 0.026 -0.544 1.889
53 15 -0.026 -0.798 1.812
53 16 -0.016 -0.834 1.726
53 17 0.233 -0.399 2.266
53 18 0.338 -0.585 1.981
53 19 0.174 -0.747 2.186
53 20 0.237 -0.748 2.097
54 1 0.126 -0.329 2.261
54 2 0.111 -0.278 2.305
54 3 0.064 0.022 2.297
54 4 0.055 0.208 2.311
54 5 -0.089 -0.127 2.259
54 6 -0.101 -0.363 2.196
54 7 -0.072 -0.498 2.036
54 8 -0.057 -0.545 1.989
54 9 0.267 -0.073 2.313
54 10 0.418 0.079 2.220
54 11 0.304 0.245 2.204
54 12 0.255 0.282 2.213
54 13 0.046 -0.411 2.237
54 14 0.025 -0.543 1.889
54 15 -0.037 -0.798 1.812
54 16 -0.027 -0.834 1.726
54 17 0.231 -0.399 2.264
54 18 0.337 -0.586 1.981
54 19 0.172 -0.745 2.185
54 20 0.236 -0.747 2.097
55 1 0.125 -0.329 2.261
55 2 0.110 -0.278 2.305
55 3 0.064 0.022 2.298
55 4 0.051 0.207 2.311
55 5 -0.089 -0.128 2.259
55 6 -0.101 -0.362 2.197
55 7 -0.073 -0.499 2.038
55 8 -0.057 -0.546 1.993
55 9 0.266 -0.071 2.313
55 10 0.421 0.086 2.220
55 11 0.348 0.279 2.191
55 12 0.291 0.334 2.206
55 13 0.046 -0.412 2.238
55 14 0.025 -0.543 1.890
55 15 -0.007 -0.804 1.814
55 16 0.005 -0.840 1.728
55 17 0.230 -0.400 2.263
55 18 0.337 -0.585 1.981
55 19 0.164 -0.744 2.181
55 20 0.231 -0.746 2.095
56 1 0.124 -0.332 2.261
56 2 0.109 -0.279 2.306
56 3 0.063 0.023 2.298
56 4 0.048 0.207 2.311
56 5 -0.090 -0.128 2.259
56 6 -0.101 -0.363 2.197
56 7 -0.072 -0.500 2.037
56 8 -0.056 -0.547 1.993
56 9 0.263 -0.066 2.314
56 10 0.423 0.091 2.220
56 11 0.390 0.301 2.173
56 12 0.347 0.379 2.184
56 13 0.048 -0.421 2.239
56 14 0.025 -0.542 1.890
56 15 0.003 -0.808 1.816
56 16 0.015 -0.844 1.730
56 17 0.228 -0.402 2.263
56 18 0.337 -0.585 1.980
56 19 0.239 -0.771 2.199
56 20 0.277 -0.763 2.101
57 1 0.123 -0.334 2.262
57 2 0.108 -0.280 2.307
57 3 0.063 0.023 2.299
57 4 0.020 0.217 2.339
57 5 -0.090 -0.128 2.260
57 6 -0.101 -0.365 2.197
57 7 -0.072 -0.502 2.036
57 8 -0.056 -0.549 1.992
57 9 0.261 -0.063 2.315
57 10 0.432 0.123 2.212
57 11 0.429 0.382 2.147
57 12 0.413 0.482 2.144
57 13 0.048 -0.427 2.239
57 14 0.025 -0.542 1.890
57 15 0.008 -0.811 1.817
57 16 0.021 -0.847 1.731
57 17 0.226 -0.404 2.263
57 18 0.337 -0.585 1.980
57 19 0.177 -0.744 2.182
57 20 0.247 -0.751 2.096
58 1 0.123 -0.336 2.262
58 2 0.108 -0.282 2.307
58 3 0.063 0.023 2.299
58 4 0.007 0.221 2.352
58 5 -0.091 -0.129 2.260
58 6 -0.101 -0.366 2.196
58 7 -0.072 -0.503 2.034
58 8 -0.056 -0.550 1.990
58 9 0.259 -0.059 2.316
58 10 0.436 0.130 2.210
58 11 0.500 0.349 2.132
58 12 0.491 0.438 2.128
58 13 0.049 -0.431 2.239
58 14 0.024 -0.542 1.890
58 15 0.012 -0.813 1.818
58 16 0.025 -0.849 1.732
58 17 0.224 -0.405 2.263
58 18 0.337 -0.583 1.978
58 19 0.159 -0.734 2.176
58 20 0.229 -0.744 2.092
59 1 0.122 -0.338 2.262
59 2 0.107 -0.283 2.308
59 3 0.062 0.023 2.299
59 4 0.001 0.223 2.358
59 5 -0.091 -0.129 2.260
59 6 -0.102 -0.366 2.195
59 7 -0.072 -0.504 2.034
59 8 -0.056 -0.550 1.990
59 9 0.257 -0.057 2.317
59 10 0.444 0.101 2.215
59 11 0.498 0.318 2.139
59 12 0.485 0.407 2.143
59 13 0.050 -0.433 2.239
59 14 0.024 -0.542 1.890
59 15 0.014 -0.814 1.819
59 16 0.027 -0.851 1.733
59 17 0.223 -0.407 2.263
59 18 0.337 -0.582 1.978
59 19 0.148 -0.729 2.172
59 20 0.221 -0.741 2.091
60 1 0.122 -0.340 2.262
60 2 0.107 -0.285 2.308
60 3 0.062 0.023 2.300
60 4 -0.002 0.225 2.362
60 5 -0.091 -0.128 2.260
60 6 -0.102 -0.366 2.194
60 7 -0.072 -0.504 2.034
60 8 -0.056 -0.551 1.989
60 9 0.256 -0.055 2.317
60 10 0.453 0.075 2.218
60 11 0.490 0.304 2.146
60 12 0.466 0.391 2.167
60 13 0.050 -0.435 2.239
60 14 0.024 -0.542 1.890
60 15 0.026 -0.816 1.822
60 16 0.039 -0.853 1.736
60 17 0.221 -0.408 2.263
60 18 0.337 -0.582 1.977
60 19 0.142 -0.726 2.170
60 20 0.216 -0.738 2.089
61 1 0.122 -0.341 2.262
61 2 0.106 -0.286 2.308
61 3 0.062 0.023 2.300
61 4 -0.005 0.226 2.364
61 5 -0.091 -0.128 2.260
61 6 -0.103 -0.365 2.193
61 7 -0.071 -0.504 2.034
61 8 -0.056 -0.551 1.989
61 9 0.256 -0.054 2.318
61 10 0.466 0.045 2.217
61 11 0.447 0.304 2.184
61 12 0.445 0.391 2.202
61 13 0.050 -0.437 2.238
61 14 0.024 -0.542 1.890
61 15 0.035 -0.818 1.824
61 16 0.048 -0.854 1.738
61 17 0.220 -0.410 2.264
61 18 0.337 -0.581 1.976
61 19 0.138 -0.724 2.169
61 20 0.213 -0.737 2.089
62 1 0.121 -0.343 2.262
62 2 0.106 -0.287 2.309
62 3 0.062 0.023 2.300
62 4 -0.005 0.226 2.365
62 5 -0.091 -0.127 2.259
62 6 -0.104 -0.364 2.192
62 7 -0.071 -0.505 2.034
62 8 -0.056 -0.552 1.989
62 9 0.255 -0.055 2.318
62 10 0.476 -0.003 2.217
62 11 0.431 0.224 2.186
62 12 0.408 0.304 2.215
62 13 0.051 -0.438 2.238
62 14 0.024 -0.542 1.890
62 15 0.042 -0.819 1.826
62 16 0.055 -0.855 1.740
62 17 0.219 -0.413 2.265
62 18 0.337 -0.580 1.975
62 19 0.160 -0.743 2.173
62 20 0.220 -0.743 2.087
63 1 0.122 -0.346 2.262
63 2 0.106 -0.290 2.309
63 3 0.062 0.023 2.301
63 4 0.002 0.225 2.359
63 5 -0.091 -0.127 2.259
63 6 -0.104 -0.364 2.191
63 7 -0.071 -0.505 2.033
63 8 -0.057 -0.552 1.989
63 9 0.255 -0.061 2.318
63 10 0.479 -0.054 2.220
63 11 0.407 0.151 2.197
63 12 0.372 0.227 2.232
63 13 0.051 -0.440 2.237
63 14 0.024 -0.542 1.890
63 15 0.049 -0.820 1.828
63 16 0.063 -0.857 1.742
63 17 0.219 -0.418 2.267
63 18 0.338 -0.580 1.975
63 19 0.191 -0.769 2.177
63 20 0.242 -0.758 2.085
64 1 0.122 -0.350 2.262
64 2 0.106 -0.294 2.309
64 3 0.062 0.023 2.301
64 4 0.010 0.223 2.353
64 5 -0.090 -0.126 2.258
64 6 -0.104 -0.363 2.190
64 7 -0.068 -0.502 2.031
64 8 -0.051 -0.547 1.986
64 9 0.257 -0.079 2.318
64 10 0.470 -0.105 2.225
64 11 0.390 0.086 2.200
64 12 0.348 0.160 2.232
64 13 0.052 -0.442 2.235
64 14 0.024 -0.542 1.890
64 15 0.055 -0.821 1.830
64 16 0.070 -0.858 1.745
64 17 0.218 -0.424 2.269
64 18 0.338 -0.580 1.974
64 19 0.190 -0.762 2.180
64 20 0.244 -0.758 2.086
65 1 0.122 -0.355 2.262
65 2 0.106 -0.297 2.309
65 3 0.062 0.023 2.301
65 4 0.017 0.221 2.347
65 5 -0.089 -0.125 2.257
65 6 -0.105 -0.363 2.190
65 7 -0.065 -0.500 2.029
65 8 -0.048 -0.545 1.984
65 9 0.259 -0.091 2.319
65 10 0.459 -0.155 2.230
65 11 0.381 0.031 2.203
65 12 0.332 0.102 2.232
65 13 0.053 -0.445 2.232
65 14 0.024 -0.542 1.889
65 15 0.060 -0.822 1.832
65 16 0.075 -0.859 1.747
65 17 0.218 -0.428 2.271
65 18 0.338 -0.580 1.974
65 19 0.187 -0.753 2.182
65 20 0.243 -0.756 2.088
66 1 0.123 -0.358 2.261
66 2 0.105 -0.301 2.308
66 3 0.062 0.023 2.301
66 4 0.025 0.220 2.340
66 5 -0.087 -0.124 2.255
66 6 -0.105 -0.363 2.189
66 7 -0.063 -0.499 2.028
66 8 -0.047 -0.544 1.983
66 9 0.260 -0.100 2.320
66 10 0.440 -0.217 2.239
66 11 0.375 -0.032 2.197
66 12 0.335 0.048 2.210
66 13 0.053 -0.447 2.230
66 14 0.024 -0.542 1.889
66 15 0.063 -0.823 1.834
66 16 0.079 -0.859 1.749
66 17 0.218 -0.432 2.272
66 18 0.338 -0.580 1.973
66 19 0.183 -0.746 2.183
66 20 0.242 -0.753 2.089
67 1 0.123 -0.361 2.260
67 2 0.105 -0.304 2.308
67 3 0.062 0.023 2.301
67 4 0.031 0.219 2.334
67 5 -0.085 -0.123 2.253
67 6 -0.105 -0.363 2.189
67 7 -0.062 -0.497 2.027
67 8 -0.054 -0.547 1.988
67 9 0.261 -0.107 2.322
67 10 0.418 -0.264 2.248
67 11 0.367 -0.080 2.179
67 12 0.335 0.005 2.176
67 13 0.054 -0.449 2.228
67 14 0.024 -0.543 1.889
67 15 0.064 -0.824 1.835
67 16 0.081 -0.860 1.750
67 17 0.218 -0.436 2.273
67 18 0.339 -0.581 1.973
67 19 0.180 -0.740 2.184
67 20 0.240 -0.749 2.090
68 1 0.124 -0.364 2.260
68 2 0.105 -0.306 2.307
68 3 0.062 0.022 2.301
68 4 0.041 0.217 2.326
68 5 -0.082 -0.123 2.252
68 6 -0.105 -0.363 2.189
68 7 -0.061 -0.497 2.026
68 8 -0.069 -0.548 2.002
68 9 0.262 -0.113 2.326
68 10 0.385 -0.310 2.254
68 11 0.380 -0.134 2.147
68 12 0.353 -0.079 2.151
68 13 0.055 -0.450 2.226
68 14 0.024 -0.543 1.889
68 15 0.063 -0.825 1.837
68 16 0.081 -0.861 1.752
68 17 0.218 -0.439 2.273
68 18 0.339 -0.581 1.973
68 19 0.178 -0.736 2.184
68 20 0.239 -0.746 2.091
69 1 0.125 -0.366 2.259
69 2 0.105 -0.308 2.306
69 3 0.062 0.022 2.301
69 4 0.048 0.217 2.321
69 5 -0.079 -0.122 2.250
69 6 -0.105 -0.363 2.188
69 7 -0.060 -0.496 2.025
69 8 -0.089 -0.548 2.023
69 9 0.262 -0.116 2.328
69 10 0.331 -0.363 2.287
69 11 0.391 -0.208 2.118
69 12 0.400 -0.163 2.082
69 13 0.056 -0.451 2.223
69 14 0.024 -0.543 1.889
69 15 0.062 -0.826 1.839
69 16 0.081 -0.862 1.753
69 17 0.218 -0.441 2.273
69 18 0.339 -0.581 1.973
69 19 0.178 -0.733 2.184
69 20 0.238 -0.744 2.092
70 1 0.125 -0.368 2.258
70 2 0.106 -0.310 2.305
70 3 0.063 0.021 2.301
70 4 0.057 0.217 2.315
70 5 -0.076 -0.121 2.248
70 6 -0.105 -0.363 2.188
70 7 -0.059 -0.495 2.025
70 8 -0.092 -0.550 2.024
70 9 0.262 -0.119 2.330
70 10 0.305 -0.380 2.302
70 11 0.403 -0.331 2.092
70 12 0.436 -0.320 2.027
70 13 0.058 -0.452 2.221
70 14 0.024 -0.543 1.888
70 15 0.056 -0.828 1.841
70 16 0.078 -0.863 1.756
70 17 0.218 -0.442 2.273
70 18 0.339 -0.580 1.973
70 19 0.178 -0.731 2.185
70 20 0.238 -0.743 2.092
71 1 0.126 -0.370 2.257
71 2 0.106 -0.312 2.304
71 3 0.064 0.021 2.300
71 4 0.063 0.217 2.311
71 5 -0.073 -0.120 2.247
71 6 -0.105 -0.363 2.188
71 7 -0.058 -0.495 2.024
71 8 -0.081 -0.552 2.012
71 9 0.261 -0.120 2.332
71 10 0.292 -0.380 2.310
71 11 0.393 -0.443 2.090
71 12 0.439 -0.439 2.012
71 13 0.060 -0.452 2.218
71 14 0.024 -0.543 1.888
71 15 0.051 -0.829 1.844
71 16 0.074 -0.864 1.758
71 17 0.219 -0.443 2.273
71 18 0.339 -0.577 1.973
71 19 0.180 -0.732 2.185
71 20 0.239 -0.743 2.093
72 1 0.127 -0.371 2.256
72 2 0.106 -0.313 2.304
72 3 0.065 0.020 2.300
72 4 0.073 0.217 2.307
72 5 -0.070 -0.120 2.246
72 6 -0.105 -0.363 2.187
72 7 -0.058 -0.495 2.024
72 8 -0.072 -0.553 2.002
72 9 0.259 -0.120 2.334
72 10 0.280 -0.391 2.319
72 11 0.353 -0.537 2.145
72 12 0.416 -0.558 2.041
72 13 0.062 -0.452 2.216
72 14 0.024 -0.543 1.888
72 15 0.047 -0.830 1.846
72 16 0.071 -0.865 1.760
72 17 0.219 -0.444 2.273
72 18 0.342 -0.559 1.985
72 19 0.184 -0.734 2.186
72 20 0.240 -0.743 2.093
73 1 0.128 -0.372 2.255
73 2 0.107 -0.314 2.303
73 3 0.066 0.019 2.299
73 4 0.081 0.218 2.303
73 5 -0.067 -0.120 2.245
73 6 -0.105 -0.363 2.187
73 7 -0.058 -0.495 2.023
73 8 -0.066 -0.554 1.995
73 9 0.258 -0.120 2.336
73 10 0.274 -0.393 2.326
73 11 0.335 -0.554 2.171
73 12 0.396 -0.584 2.069
73 13 0.064 -0.452 2.214
73 14 0.024 -0.543 1.888
73 15 0.042 -0.831 1.847
73 16 0.067 -0.866 1.762
73 17 0.219 -0.445 2.273
73 18 0.343 -0.551 1.990
73 19 0.186 -0.737 2.187
73 20 0.242 -0.744 2.094
74 1 0.129 -0.372 2.255
74 2 0.107 -0.315 2.302
74 3 0.068 0.018 2.299
74 4 0.088 0.218 2.301
74 5 -0.064 -0.119 2.244
74 6 -0.104 -0.363 2.187
74 7 -0.057 -0.495 2.023
74 8 -0.049 -0.548 1.983
74 9 0.257 -0.120 2.337
74 10 0.273 -0.389 2.330
74 11 0.331 -0.556 2.183
74 12 0.386 -0.593 2.086
74 13 0.066 -0.452 2.213
74 14 0.024 -0.543 1.888
74 15 0.039 -0.832 1.848
74 16 0.065 -0.867 1.764
74 17 0.219 -0.445 2.273
74 18 0.344 -0.546 1.994
74 19 0.193 -0.744 2.186
74 20 0.246 -0.747 2.093
75 1 0.130 -0.373 2.254
75 2 0.108 -0.316 2.302
75 3 0.070 0.017 2.298
75 4 0.094 0.218 2.298
75 5 -0.061 -0.119 2.243
75 6 -0.104 -0.363 2.187
75 7 -0.057 -0.495 2.023
75 8 -0.038 -0.541 1.976
75 9 0.256 -0.120 2.338
75 10 0.275 -0.384 2.332
75 11 0.386 -0.492 2.115
75 12 0.425 -0.530 2.040
75 13 0.068 -0.452 2.212
75 14 0.024 -0.544 1.887
75 15 0.036 -0.832 1.849
75 16 0.062 -0.867 1.765
75 17 0.219 -0.445 2.273
75 18 0.344 -0.543 1.996
75 19 0.197 -0.749 2.185
75 20 0.249 -0.749 2.092
76 1 0.132 -0.374 2.254
76 2 0.109 -0.316 2.301
76 3 0.072 0.016 2.297
76 4 0.099 0.219 2.296
76 5 -0.059 -0.119 2.242
76 6 -0.104 -0.364 2.187
76 7 -0.057 -0.495 2.023
76 8 -0.030 -0.538 1.972
76 9 0.256 -0.119 2.339
76 10 0.279 -0.379 2.334
76 11 0.381 -0.499 2.100
76 12 0.431 -0.502 2.013
76 13 0.069 -0.452 2.211
76 14 0.024 -0.544 1.887
76 15 0.033 -0.833 1.850
76 16 0.061 -0.868 1.766
76 17 0.219 -0.446 2.273
76 18 0.345 -0.542 1.997
76 19 0.199 -0.752 2.185
76 20 0.252 -0.751 2.092
77 1 0.133 -0.374 2.253
77 2 0.109 -0.317 2.301
77 3 0.074 0.016 2.296
77 4 0.103 0.219 2.295
77 5 -0.056 -0.118 2.241
77 6 -0.104 -0.364 2.186
77 7 -0.057 -0.495 2.023
77 8 -0.027 -0.536 1.970
77 9 0.256 -0.119 2.340
77 10 0.283 -0.375 2.334
77 11 0.373 -0.494 2.141
77 12 0.422 -0.491 2.047
77 13 0.071 -0.452 2.210
77 14 0.024 -0.544 1.887
77 15 0.031 -0.833 1.851
77 16 0.059 -0.868 1.767
77 17 0.220 -0.446 2.273
77 18 0.345 -0.540 1.998
77 19 0.201 -0.754 2.184
77 20 0.254 -0.752 2.092
78 1 0.134 -0.374 2.253
78 2 0.110 -0.317 2.301
78 3 0.076 0.015 2.295
78 4 0.106 0.219 2.293
78 5 -0.055 -0.118 2.240
78 6 -0.104 -0.364 2.186
78 7 -0.057 -0.495 2.023
78 8 -0.027 -0.537 1.969
78 9 0.256 -0.118 2.341
78 10 0.287 -0.372 2.335
78 11 0.373 -0.487 2.156
78 12 0.419 -0.484 2.065
78 13 0.072 -0.452 2.210
78 14 0.024 -0.544 1.887
78 15 0.030 -0.833 1.851
78 16 0.058 -0.868 1.767
78 17 0.220 -0.446 2.274
78 18 0.345 -0.540 1.998
78 19 0.201 -0.754 2.185
78 20 0.254 -0.752 2.092
79 1 0.135 -0.374 2.253
79 2 0.111 -0.317 2.300
79 3 0.078 0.014 2.295
79 4 0.108 0.220 2.293
79 5 -0.053 -0.118 2.240
79 6 -0.103 -0.364 2.186
79 7 -0.057 -0.495 2.022
79 8 -0.032 -0.540 1.971
79 9 0.256 -0.118 2.343
79 10 0.291 -0.371 2.335
79 11 0.373 -0.485 2.165
79 12 0.418 -0.481 2.076
79 13 0.073 -0.452 2.210
79 14 0.024 -0.544 1.887
79 15 0.029 -0.833 1.851
79 16 0.057 -0.868 1.768
79 17 0.221 -0.446 2.274
79 18 0.345 -0.541 1.998
79 19 0.201 -0.754 2.185
79 20 0.255 -0.752 2.093
80 1 0.136 -0.374 2.253
80 2 0.112 -0.317 2.300
80 3 0.080 0.014 2.294
80 4 0.111 0.220 2.292
80 5 -0.052 -0.118 2.239
80 6 -0.103 -0.364 2.186
80 7 -0.057 -0.496 2.022
80 8 -0.034 -0.542 1.972
80 9 0.257 -0.118 2.344
80 10 0.296 -0.370 2.335
80 11 0.374 -0.484 2.169
80 12 0.417 -0.479 2.082
80 13 0.074 -0.452 2.210
80 14 0.024 -0.544 1.886
80 15 0.028 -0.833 1.852
80 16 0.056 -0.869 1.768
80 17 0.222 -0.446 2.275
80 18 0.344 -0.542 1.997
80 19 0.201 -0.755 2.186
80 20 0.255 -0.752 2.093
81 1 0.137 -0.374 2.253
81 2 0.113 -0.317 2.300
81 3 0.081 0.014 2.293
81 4 0.114 0.221 2.291
81 5 -0.051 -0.118 2.239
81 6 -0.103 -0.364 2.186
81 7 -0.057 -0.496 2.022
81 8 -0.038 -0.544 1.974
81 9 0.258 -0.118 2.346
81 10 0.301 -0.369 2.334
81 11 0.374 -0.483 2.172
81 12 0.417 -0.478 2.086
81 13 0.076 -0.451 2.210
81 14 0.024 -0.545 1.886
81 15 0.027 -0.833 1.852
81 16 0.056 -0.869 1.768
81 17 0.223 -0.446 2.275
81 18 0.344 -0.544 1.997
81 19 0.201 -0.755 2.186
81 20 0.256 -0.752 2.093
82 1 0.138 -0.374 2.253
82 2 0.114 -0.317 2.300
82 3 0.082 0.013 2.293
82 4 0.115 0.221 2.290
82 5 -0.050 -0.118 2.239
82 6 -0.102 -0.365 2.185
82 7 -0.057 -0.496 2.022
82 8 -0.020 -0.514 1.977
82 9 0.259 -0.118 2.346
82 10 0.306 -0.369 2.332
82 11 0.380 -0.471 2.163
82 12 0.419 -0.472 2.086
82 13 0.076 -0.451 2.210
82 14 0.025 -0.545 1.886
82 15 0.026 -0.833 1.852
82 16 0.055 -0.869 1.769
82 17 0.224 -0.446 2.275
82 18 0.344 -0.545 1.996
82 19 0.202 -0.755 2.186
82 20 0.257 -0.753 2.094
83 1 0.139 -0.374 2.253
83 2 0.115 -0.317 2.300
83 3 0.083 0.013 2.292
83 4 0.117 0.221 2.289
83 5 -0.049 -0.118 2.239
83 6 -0.102 -0.365 2.185
83 7 -0.056 -0.496 2.022
83 8 -0.015 -0.505 1.978
83 9 0.260 -0.118 2.347
83 10 0.311 -0.370 2.331
83 11 0.384 -0.465 2.156
83 12 0.421 -0.468 2.084
83 13 0.077 -0.451 2.210
83 14 0.025 -0.545 1.886
83 15 0.026 -0.834 1.852
83 16 0.055 -0.869 1.769
83 17 0.225 -0.447 2.276
83 18 0.344 -0.547 1.995
83 19 0.203 -0.755 2.187
83 20 0.258 -0.753 2.094
84 1 0.140 -0.375 2.253
84 2 0.116 -0.317 2.300
84 3 0.084 0.013 2.292
84 4 0.118 0.221 2.289
84 5 -0.049 -0.118 2.239
84 6 -0.101 -0.365 2.186
84 7 -0.056 -0.496 2.022
84 8 -0.011 -0.499 1.979
84 9 0.261 -0.119 2.347
84 10 0.315 -0.370 2.329
84 11 0.386 -0.461 2.151
84 12 0.423 -0.465 2.082
84 13 0.078 -0.451 2.210
84 14 0.025 -0.546 1.885
84 15 0.025 -0.834 1.852
84 16 0.054 -0.869 1.769
84 17 0.226 -0.447 2.276
84 18 0.344 -0.548 1.994
84 19 0.203 -0.755 2.187
84 20 0.258 -0.753 2.095
85 1 0.141 -0.375 2.253
85 2 0.117 -0.317 2.300
85 3 0.085 0.013 2.291
85 4 0.118 0.221 2.288
85 5 -0.048 -0.118 2.239
85 6 -0.100 -0.365 2.186
85 7 -0.056 -0.496 2.022
85 8 -0.008 -0.494 1.980
85 9 0.263 -0.119 2.347
85 10 0.318 -0.370 2.328
85 11 0.387 -0.459 2.149
85 12 0.425 -0.463 2.079
85 13 0.079 -0.451 2.210
85 14 0.025 -0.546 1.885
85 15 0.024 -0.834 1.852
85 16 0.053 -0.869 1.769
85 17 0.227 -0.447 2.276
85 18 0.344 -0.550 1.994
85 19 0.204 -0.756 2.187
85 20 0.259 -0.753 2.095
86 1 0.142 -0.375 2.253
86 2 0.118 -0.318 2.299
86 3 0.086 0.013 2.291
86 4 0.119 0.221 2.288
86 5 -0.048 -0.118 2.240
86 6 -0.099 -0.364 2.186
86 7 -0.056 -0.496 2.022
86 8 -0.007 -0.491 1.981
86 9 0.264 -0.120 2.346
86 10 0.320 -0.371 2.327
86 11 0.389 -0.461 2.147
86 12 0.426 -0.463 2.078
86 13 0.079 -0.451 2.211
86 14 0.025 -0.546 1.885
86 15 0.023 -0.833 1.851
86 16 0.052 -0.869 1.768
86 17 0.227 -0.447 2.276
86 18 0.344 -0.551 1.993
86 19 0.204 -0.756 2.188
86 20 0.260 -0.753 2.095
87 1 0.143 -0.375 2.253
87 2 0.119 -0.318 2.299
87 3 0.088 0.012 2.290
87 4 0.120 0.221 2.287
87 5 -0.047 -0.118 2.240
87 6 -0.098 -0.364 2.187
87 7 -0.056 -0.496 2.022
87 8 -0.005 -0.489 1.981
87 9 0.265 -0.120 2.346
87 10 0.321 -0.371 2.327
87 11 0.388 -0.463 2.145
87 12 0.427 -0.463 2.076
87 13 0.080 -0.451 2.211
87 14 0.025 -0.546 1.885
87 15 0.022 -0.833 1.851
87 16 0.050 -0.869 1.768
87 17 0.228 -0.447 2.276
87 18 0.344 -0.552 1.992
87 19 0.205 -0.757 2.188
87 20 0.260 -0.754 2.096
88 1 0.143 -0.375 2.253
88 2 0.120 -0.318 2.299
88 3 0.089 0.012 2.289
88 4 0.120 0.221 2.286
88 5 -0.047 -0.117 2.240
88 6 -0.097 -0.364 2.188
88 7 -0.056 -0.496 2.023
88 8 -0.004 -0.487 1.981
88 9 0.267 -0.120 2.345
88 10 0.322 -0.371 2.326
88 11 0.388 -0.469 2.146
88 12 0.428 -0.465 2.076
88 13 0.081 -0.452 2.211
88 14 0.025 -0.546 1.885
88 15 0.021 -0.833 1.850
88 16 0.048 -0.869 1.767
88 17 0.229 -0.448 2.276
88 18 0.344 -0.553 1.992
88 19 0.206 -0.757 2.188
88 20 0.261 -0.754 2.096
89 1 0.144 -0.375 2.253
89 2 0.121 -0.318 2.299
89 3 0.090 0.012 2.289
89 4 0.121 0.220 2.284
89 5 -0.047 -0.117 2.240
89 6 -0.096 -0.364 2.188
89 7 -0.055 -0.495 2.023
89 8 -0.003 -0.486 1.982
89 9 0.269 -0.121 2.345
89 10 0.323 -0.371 2.325
89 11 0.384 -0.471 2.142
89 12 0.426 -0.465 2.073
89 13 0.081 -0.452 2.211
89 14 0.025 -0.546 1.884
89 15 0.019 -0.833 1.850
89 16 0.047 -0.869 1.767
89 17 0.229 -0.448 2.276
89 18 0.344 -0.554 1.991
89 19 0.207 -0.757 2.188
89 20 0.262 -0.754 2.096
90 1 0.144 -0.376 2.253
90 2 0.122 -0.318 2.299
90 3 0.091 0.012 2.288
90 4 0.122 0.220 2.283
90 5 -0.046 -0.117 2.241
90 6 -0.096 -0.364 2.189
90 7 -0.055 -0.495 2.023
90 8 -0.003 -0.485 1.982
90 9 0.271 -0.122 2.344
90 10 0.323 -0.372 2.325
90 11 0.380 -0.472 2.140
90 12 0.424 -0.466 2.070
90 13 0.082 -0.453 2.211
90 14 0.025 -0.546 1.884
90 15 0.018 -0.833 1.850
90 16 0.045 -0.869 1.767
90 17 0.230 -0.448 2.275
90 18 0.344 -0.554 1.991
90 19 0.208 -0.758 2.189
90 20 0.262 -0.755 2.096
91 1 0.145 -0.376 2.253
91 2 0.122 -0.319 2.299
91 3 0.092 0.011 2.287
91 4 0.123 0.220 2.281
91 5 -0.046 -0.117 2.241
91 6 -0.095 -0.364 2.189
91 7 -0.054 -0.495 2.023
91 8 -0.002 -0.484 1.982
91 9 0.272 -0.124 2.343
91 10 0.324 -0.372 2.325
91 11 0.378 -0.472 2.139
91 12 0.423 -0.466 2.068
91 13 0.082 -0.453 2.211
91 14 0.025 -0.547 1.884
91 15 0.017 -0.833 1.849
91 16 0.044 -0.869 1.766
91 17 0.230 -0.448 2.275
91 18 0.344 -0.555 1.991
91 19 0.209 -0.759 2.189
91 20 0.263 -0.755 2.096
92 1 0.146 -0.376 2.253
92 2 0.123 -0.319 2.299
92 3 0.093 0.011 2.287
92 4 0.123 0.219 2.280
92 5 -0.046 -0.117 2.241
92 6 -0.095 -0.364 2.189
92 7 -0.054 -0.494 2.023
92 8 -0.002 -0.484 1.982
92 9 0.274 -0.125 2.343
92 10 0.324 -0.372 2.324
92 11 0.384 -0.468 2.117
92 12 0.427 -0.465 2.051
92 13 0.083 -0.454 2.212
92 14 0.025 -0.547 1.884
92 15 0.016 -0.833 1.849
92 16 0.043 -0.869 1.766
92 17 0.231 -0.449 2.275
92 18 0.344 -0.555 1.991
92 19 0.217 -0.761 2.191
92 20 0.267 -0.756 2.097
93 1 0.147 -0.377 2.253
93 2 0.124 -0.319 2.299
93 3 0.094 0.011 2.286
93 4 0.124 0.218 2.278
93 5 -0.046 -0.117 2.241
93 6 -0.094 -0.364 2.190
93 7 -0.053 -0.494 2.024
93 8 -0.002 -0.483 1.982
93 9 0.275 -0.126 2.342
93 10 0.324 -0.373 2.324
93 11 0.387 -0.468 2.118
93 12 0.428 -0.464 2.048
93 13 0.084 -0.455 2.212
93 14 0.026 -0.547 1.884
93 15 0.015 -0.833 1.849
93 16 0.041 -0.869 1.766
93 17 0.232 -0.449 2.275
93 18 0.344 -0.556 1.991
93 19 0.219 -0.762 2.192
93 20 0.269 -0.757 2.097
94 1 0.147 -0.377 2.253
94 2 0.125 -0.319 2.299
94 3 0.095 0.010 2.286
94 4 0.125 0.218 2.277
94 5 -0.045 -0.117 2.242
94 6 -0.094 -0.363 2.190
94 7 -0.053 -0.493 2.024
94 8 -0.002 -0.483 1.982
94 9 0.276 -0.127 2.342
94 10 0.323 -0.373 2.324
94 11 0.388 -0.471 2.124
94 12 0.429 -0.466 2.048
94 13 0.085 -0.456 2.212
94 14 0.026 -0.547 1.884
94 15 0.014 -0.833 1.848
94 16 0.040 -0.869 1.765
94 17 0.233 -0.449 2.276
94 18 0.344 -0.556 1.990
94 19 0.224 -0.763 2.193
94 20 0.272 -0.757 2.098
95 1 0.148 -0.378 2.253
95 2 0.126 -0.320 2.298
95 3 0.096 0.010 2.286
95 4 0.126 0.217 2.276
95 5 -0.045 -0.117 2.242
95 6 -0.094 -0.363 2.190
95 7 -0.052 -0.493 2.024
95 8 -0.001 -0.483 1.982
95 9 0.277 -0.127 2.342
95 10 0.323 -0.374 2.323
95 11 0.387 -0.470 2.125
95 12 0.429 -0.466 2.047
95 13 0.086 -0.457 2.212
95 14 0.026 -0.547 1.884
95 15 0.013 -0.833 1.848
95 16 0.040 -0.868 1.765
95 17 0.234 -0.450 2.276
95 18 0.344 -0.556 1.990
95 19 0.227 -0.763 2.195
95 20 0.275 -0.758 2.098
96 1 0.149 -0.378 2.253
96 2 0.127 -0.320 2.298
96 3 0.097 0.010 2.285
96 4 0.127 0.217 2.275
96 5 -0.045 -0.117 2.242
96 6 -0.093 -0.363 2.190
96 7 -0.052 -0.493 2.024
96 8 -0.001 -0.483 1.982
96 9 0.277 -0.128 2.342
96 10 0.323 -0.374 2.323
96 11 0.385 -0.470 2.127
96 12 0.428 -0.466 2.047
96 13 0.086 -0.458 2.213
96 14 0.026 -0.547 1.884
96 15 0.013 -0.833 1.848
96 16 0.039 -0.868 1.765
96 17 0.234 -0.450 2.276
96 18 0.344 -0.556 1.990
96 19 0.231 -0.764 2.196
96 20 0.277 -0.758 2.099
97 1 0.150 -0.378 2.253
97 2 0.128 -0.320 2.298
97 3 0.098 0.010 2.285
97 4 0.128 0.216 2.274
97 5 -0.044 -0.117 2.242
97 6 -0.093 -0.363 2.190
97 7 -0.052 -0.492 2.024
97 8 -0.001 -0.483 1.982
97 9 0.278 -0.129 2.341
97 10 0.322 -0.374 2.323
97 11 0.383 -0.470 2.128
97 12 0.427 -0.466 2.048
97 13 0.087 -0.459 2.213
97 14 0.026 -0.547 1.884
97 15 0.012 -0.832 1.848
97 16 0.038 -0.868 1.765
97 17 0.235 -0.450 2.276
97 18 0.344 -0.556 1.990
97 19 0.234 -0.764 2.197
97 20 0.280 -0.758 2.100
98 1 0.150 -0.379 2.253
98 2 0.128 -0.321 2.298
98 3 0.098 0.009 2.285
98 4 0.128 0.216 2.274
98 5 -0.044 -0.117 2.242
98 6 -0.093 -0.363 2.190
98 7 -0.051 -0.492 2.024
98 8 -0.001 -0.482 1.982
98 9 0.278 -0.129 2.341
98 10 0.322 -0.375 2.323
98 11 0.382 -0.471 2.129
98 12 0.426 -0.467 2.048
98 13 0.087 -0.459 2.213
98 14 0.026 -0.547 1.884
98 15 0.012 -0.832 1.848
98 16 0.038 -0.868 1.765
98 17 0.235 -0.451 2.276
98 18 0.344 -0.556 1.990
98 19 0.236 -0.764 2.198
98 20 0.281 -0.758 2.101
99 1 0.151 -0.379 2.253
99 2 0.129 -0.321 2.298
99 3 0.099 0.009 2.285
99 4 0.129 0.216 2.273
99 5 -0.044 -0.117 2.243
99 6 -0.093 -0.363 2.191
99 7 -0.051 -0.492 2.024
99 8 -0.001 -0.482 1.982
99 9 0.279 -0.129 2.341
99 10 0.322 -0.375 2.322
99 11 0.382 -0.471 2.130
99 12 0.425 -0.467 2.050
99 13 0.088 -0.460 2.213
99 14 0.026 -0.547 1.884
99 15 0.011 -0.832 1.847
99 16 0.037 -0.868 1.765
99 17 0.236 -0.451 2.276
99 18 0.344 -0.556 1.990
99 19 0.239 -0.764 2.199
99 20 0.283 -0.759 2.101
100 1 0.151 -0.380 2.253
100 2 0.130 -0.321 2.298
100 3 0.099 0.009 2.284
100 4 0.129 0.216 2.273
100 5 -0.043 -0.117 2.243
100 6 -0.093 -0.363 2.191
100 7 -0.050 -0.492 2.024
100 8 -0.001 -0.482 1.982
100 9 0.279 -0.130 2.341
100 10 0.321 -0.375 2.322
100 11 0.381 -0.471 2.131
100 12 0.424 -0.468 2.051
100 13 0.088 -0.460 2.213
100 14 0.026 -0.547 1.883
100 15 0.011 -0.832 1.847
100 16 0.036 -0.868 1.765
100 17 0.236 -0.451 2.277
100 18 0.344 -0.557 1.990
100 19 0.239 -0.765 2.199
100 20 0.284 -0.759 2.101
101 1 0.152 -0.380 2.254
101 2 0.130 -0.322 2.298
101 3 0.100 0.009 2.284
101 4 0.130 0.215 2.272
101 5 -0.043 -0.117 2.243
101 6 -0.093 -0.363 2.191
101 7 -0.050 -0.491 2.024
101 8 -0.001 -0.482 1.982
101 9 0.279 -0.130 2.341
101 10 0.321 -0.375 2.322
101 11 0.380 -0.472 2.132
101 12 0.424 -0.468 2.052
101 13 0.089 -0.461 2.213
101 14 0.026 -0.547 1.883
101 15 0.010 -0.832 1.847
101 16 0.036 -0.868 1.765
101 17 0.237 -0.451 2.277
101 18 0.344 -0.557 1.990
101 19 0.239 -0.765 2.198
101 20 0.284 -0.759 2.101
102 1 0.152 -0.380 2.254
102 2 0.131 -0.322 2.298
102 3 0.101 0.008 2.284
102 4 0.131 0.215 2.272
102 5 -0.043 -0.117 2.243
102 6 -0.093 -0.363 2.191
102 7 -0.050 -0.491 2.023
102 8 -0.001 -0.482 1.982
102 9 0.279 -0.130 2.341
102 10 0.321 -0.375 2.322
102 11 0.379 -0.472 2.133
102 12 0.423 -0.469 2.053
102 13 0.089 -0.461 2.214
102 14 0.026 -0.547 1.883
102 15 0.010 -0.832 1.847
102 16 0.036 -0.868 1.764
102 17 0.237 -0.452 2.277
102 18 0.344 -0.557 1.990
102 19 0.238 -0.765 2.197
102 20 0.284 -0.759 2.101
103 1 0.153 -0.381 2.254
103 2 0.131 -0.322 2.298
103 3 0.101 0.008 2.284
103 4 0.132 0.215 2.271
103 5 -0.042 -0.117 2.243
103 6 -0.093 -0.363 2.191
103 7 -0.049 -0.491 2.023
103 8 -0.000 -0.482 1.982
103 9 0.279 -0.131 2.341
103 10 0.321 -0.375 2.322
103 11 0.379 -0.472 2.133
103 12 0.423 -0.469 2.053
103 13 0.089 -0.462 2.214
103 14 0.026 -0.547 1.883
103 15 0.009 -0.832 1.847
103 16 0.035 -0.868 1.764
103 17 0.237 -0.452 2.277
103 18 0.344 -0.557 1.990
103 19 0.236 -0.765 2.196
103 20 0.283 -0.759 2.100
104 1 0.153 -0.381 2.254
104 2 0.132 -0.322 2.298
104 3 0.102 0.007 2.284
104 4 0.132 0.215 2.271
104 5 -0.042 -0.117 2.243
104 6 -0.093 -0.363 2.191
104 7 -0.049 -0.490 2.023
104 8 -0.000 -0.482 1.982
104 9 0.280 -0.131 2.341
104 10 0.321 -0.375 2.322
104 11 0.379 -0.472 2.134
104 12 0.422 -0.469 2.054
104 13 0.089 -0.462 2.214
104 14 0.026 -0.548 1.883
104 15 0.009 -0.832 1.847
104 16 0.035 -0.868 1.764
104 17 0.238 -0.452 2.277
104 18 0.344 -0.557 1.990
104 19 0.234 -0.765 2.195
104 20 0.283 -0.759 2.100
105 1 0.153 -0.381 2.254
105 2 0.132 -0.323 2.298
105 3 0.103 0.006 2.284
105 4 0.133 0.214 2.270
105 5 -0.041 -0.117 2.243
105 6 -0.093 -0.363 2.191
105 7 -0.049 -0.490 2.023
105 8 -0.000 -0.482 1.982
105 9 0.280 -0.131 2.341
105 10 0.321 -0.376 2.322
105 11 0.378 -0.472 2.134
105 12 0.422 -0.469 2.055
105 13 0.090 -0.462 2.214
105 14 0.026 -0.548 1.883
105 15 0.009 -0.832 1.847
105 16 0.035 -0.868 1.764
105 17 0.238 -0.452 2.277
105 18 0.344 -0.557 1.990
105 19 0.236 -0.765 2.195
105 20 0.283 -0.759 2.100
