1 1 0.140 -0.062 1.902
1 2 0.132 -0.013 1.960
1 3 0.119 0.312 2.005
1 4 0.129 0.479 1.992
1 5 -0.015 0.205 1.965
1 6 -0.054 -0.027 1.895
1 7 -0.052 -0.218 1.841
1 8 -0.049 -0.271 1.837
1 9 0.278 0.201 1.992
1 10 0.344 -0.029 1.962
1 11 0.359 -0.216 1.895
1 12 0.363 -0.277 1.886
1 13 0.078 -0.126 1.877
1 14 0.060 -0.492 1.907
1 15 0.071 -0.742 1.933
1 16 0.079 -0.774 1.851
1 17 0.209 -0.125 1.889
1 18 0.228 -0.493 1.911
1 19 0.222 -0.732 1.916
1 20 0.237 -0.778 1.859
2 1 0.140 -0.062 1.903
2 2 0.133 -0.013 1.960
2 3 0.120 0.312 2.005
2 4 0.129 0.479 1.992
2 5 -0.015 0.206 1.965
2 6 -0.054 -0.027 1.895
2 7 -0.052 -0.218 1.841
2 8 -0.049 -0.272 1.837
2 9 0.279 0.201 1.992
2 10 0.344 -0.029 1.962
2 11 0.359 -0.216 1.895
2 12 0.363 -0.277 1.886
2 13 0.078 -0.126 1.877
2 14 0.060 -0.492 1.908
2 15 0.071 -0.742 1.933
2 16 0.079 -0.774 1.851
2 17 0.210 -0.125 1.889
2 18 0.228 -0.493 1.911
2 19 0.222 -0.733 1.916
2 20 0.231 -0.767 1.840
3 1 0.140 -0.062 1.903
3 2 0.133 -0.013 1.961
3 3 0.120 0.312 2.005
3 4 0.129 0.479 1.992
3 5 -0.015 0.206 1.966
3 6 -0.054 -0.027 1.895
3 7 -0.053 -0.218 1.842
3 8 -0.049 -0.272 1.838
3 9 0.279 0.202 1.992
3 10 0.344 -0.029 1.963
3 11 0.359 -0.216 1.895
3 12 0.363 -0.277 1.886
3 13 0.078 -0.126 1.877
3 14 0.060 -0.492 1.908
3 15 0.071 -0.742 1.933
3 16 0.079 -0.774 1.851
3 17 0.210 -0.125 1.889
3 18 0.228 -0.493 1.912
3 19 0.222 -0.733 1.916
3 20 0.228 -0.762 1.831
4 1 0.140 -0.062 1.903
4 2 0.133 -0.013 1.961
4 3 0.120 0.312 2.005
4 4 0.129 0.479 1.992
4 5 -0.014 0.206 1.966
4 6 -0.053 -0.027 1.896
4 7 -0.053 -0.218 1.842
4 8 -0.049 -0.272 1.838
4 9 0.279 0.202 1.992
4 10 0.344 -0.028 1.963
4 11 0.359 -0.216 1.896
4 12 0.363 -0.277 1.886
4 13 0.079 -0.126 1.878
4 14 0.060 -0.492 1.908
4 15 0.071 -0.742 1.933
4 16 0.079 -0.774 1.851
4 17 0.210 -0.125 1.890
4 18 0.228 -0.493 1.912
4 19 0.222 -0.733 1.916
4 20 0.226 -0.760 1.826
5 1 0.141 -0.062 1.903
5 2 0.133 -0.013 1.961
5 3 0.120 0.312 2.005
5 4 0.129 0.479 1.992
5 5 -0.014 0.206 1.966
5 6 -0.053 -0.027 1.896
5 7 -0.053 -0.218 1.843
5 8 -0.050 -0.272 1.839
5 9 0.279 0.202 1.992
5 10 0.344 -0.028 1.963
5 11 0.359 -0.216 1.896
5 12 0.363 -0.277 1.886
5 13 0.079 -0.126 1.878
5 14 0.060 -0.492 1.908
5 15 0.071 -0.742 1.933
5 16 0.079 -0.774 1.851
5 17 0.210 -0.125 1.890
5 18 0.228 -0.493 1.912
5 19 0.222 -0.733 1.916
5 20 0.225 -0.758 1.823
6 1 0.141 -0.062 1.903
6 2 0.133 -0.013 1.961
6 3 0.120 0.312 2.006
6 4 0.130 0.479 1.992
6 5 -0.014 0.206 1.966
6 6 -0.053 -0.026 1.896
6 7 -0.053 -0.218 1.843
6 8 -0.050 -0.273 1.839
6 9 0.279 0.202 1.992
6 10 0.344 -0.028 1.963
6 11 0.359 -0.216 1.896
6 12 0.363 -0.277 1.886
6 13 0.079 -0.126 1.878
6 14 0.060 -0.492 1.908
6 15 0.071 -0.742 1.933
6 16 0.079 -0.774 1.851
6 17 0.210 -0.125 1.890
6 18 0.228 -0.492 1.912
6 19 0.222 -0.733 1.916
6 20 0.224 -0.757 1.822
7 1 0.141 -0.062 1.904
7 2 0.134 -0.013 1.961
7 3 0.120 0.313 2.006
7 4 0.130 0.479 1.992
7 5 -0.014 0.206 1.967
7 6 -0.053 -0.026 1.897
7 7 -0.053 -0.218 1.843
7 8 -0.050 -0.273 1.839
7 9 0.279 0.202 1.992
7 10 0.344 -0.028 1.963
7 11 0.359 -0.216 1.896
7 12 0.363 -0.277 1.887
7 13 0.079 -0.126 1.878
7 14 0.060 -0.492 1.908
7 15 0.071 -0.742 1.933
7 16 0.079 -0.774 1.851
7 17 0.210 -0.125 1.890
7 18 0.228 -0.492 1.912
7 19 0.222 -0.733 1.916
7 20 0.224 -0.757 1.822
8 1 0.141 -0.062 1.904
8 2 0.134 -0.013 1.961
8 3 0.121 0.313 2.006
8 4 0.130 0.479 1.992
8 5 -0.014 0.206 1.967
8 6 -0.053 -0.026 1.897
8 7 -0.053 -0.218 1.844
8 8 -0.050 -0.273 1.840
8 9 0.279 0.202 1.992
8 10 0.344 -0.028 1.963
8 11 0.359 -0.216 1.896
8 12 0.363 -0.277 1.887
8 13 0.079 -0.126 1.879
8 14 0.060 -0.492 1.909
8 15 0.071 -0.742 1.933
8 16 0.079 -0.774 1.851
8 17 0.210 -0.125 1.890
8 18 0.228 -0.492 1.912
8 19 0.222 -0.733 1.916
8 20 0.225 -0.758 1.823
9 1 0.141 -0.062 1.904
9 2 0.134 -0.013 1.962
9 3 0.121 0.313 2.006
9 4 0.130 0.479 1.992
9 5 -0.014 0.207 1.967
9 6 -0.053 -0.026 1.897
9 7 -0.053 -0.218 1.844
9 8 -0.050 -0.273 1.840
9 9 0.279 0.202 1.992
9 10 0.344 -0.028 1.963
9 11 0.359 -0.216 1.896
9 12 0.363 -0.277 1.887
9 13 0.079 -0.126 1.879
9 14 0.060 -0.492 1.909
9 15 0.071 -0.742 1.933
9 16 0.079 -0.774 1.851
9 17 0.210 -0.125 1.891
9 18 0.228 -0.492 1.912
9 19 0.222 -0.733 1.917
9 20 0.225 -0.759 1.825
10 1 0.141 -0.062 1.904
10 2 0.134 -0.013 1.962
10 3 0.121 0.313 2.006
10 4 0.130 0.479 1.992
10 5 -0.014 0.207 1.967
10 6 -0.053 -0.026 1.898
10 7 -0.053 -0.218 1.844
10 8 -0.050 -0.273 1.840
10 9 0.279 0.202 1.992
10 10 0.344 -0.028 1.964
10 11 0.359 -0.215 1.896
10 12 0.363 -0.277 1.887
10 13 0.079 -0.126 1.879
10 14 0.060 -0.492 1.909
10 15 0.071 -0.742 1.933
10 16 0.079 -0.774 1.851
10 17 0.210 -0.125 1.891
10 18 0.228 -0.492 1.912
10 19 0.222 -0.733 1.917
10 20 0.226 -0.760 1.827
11 1 0.141 -0.062 1.904
11 2 0.134 -0.013 1.962
11 3 0.121 0.313 2.006
11 4 0.130 0.479 1.993
11 5 -0.013 0.207 1.967
11 6 -0.053 -0.026 1.898
11 7 -0.053 -0.218 1.845
11 8 -0.050 -0.273 1.840
11 9 0.280 0.202 1.992
11 10 0.344 -0.028 1.964
11 11 0.359 -0.215 1.896
11 12 0.363 -0.277 1.887
11 13 0.079 -0.126 1.879
11 14 0.060 -0.492 1.909
11 15 0.071 -0.742 1.933
11 16 0.079 -0.774 1.851
11 17 0.211 -0.125 1.891
11 18 0.228 -0.492 1.912
11 19 0.222 -0.733 1.917
11 20 0.227 -0.761 1.828
12 1 0.141 -0.062 1.904
12 2 0.134 -0.013 1.962
12 3 0.121 0.313 2.006
12 4 0.130 0.479 1.993
12 5 -0.013 0.207 1.968
12 6 -0.053 -0.026 1.898
12 7 -0.053 -0.218 1.845
12 8 -0.050 -0.274 1.841
12 9 0.280 0.202 1.992
12 10 0.344 -0.028 1.964
12 11 0.359 -0.215 1.897
12 12 0.363 -0.277 1.887
12 13 0.079 -0.126 1.879
12 14 0.060 -0.492 1.909
12 15 0.071 -0.742 1.933
12 16 0.079 -0.774 1.852
12 17 0.211 -0.125 1.891
12 18 0.228 -0.492 1.912
12 19 0.222 -0.733 1.917
12 20 0.227 -0.761 1.830
13 1 0.141 -0.062 1.904
13 2 0.134 -0.013 1.962
13 3 0.121 0.313 2.006
13 4 0.131 0.479 1.993
13 5 -0.013 0.207 1.968
13 6 -0.053 -0.026 1.898
13 7 -0.053 -0.218 1.845
13 8 -0.050 -0.274 1.841
13 9 0.280 0.202 1.992
13 10 0.344 -0.028 1.964
13 11 0.359 -0.215 1.897
13 12 0.363 -0.277 1.887
13 13 0.079 -0.126 1.879
13 14 0.060 -0.492 1.909
13 15 0.071 -0.742 1.934
13 16 0.079 -0.774 1.852
13 17 0.211 -0.125 1.891
13 18 0.228 -0.492 1.912
13 19 0.222 -0.733 1.917
13 20 0.227 -0.762 1.831
14 1 0.141 -0.062 1.905
14 2 0.134 -0.013 1.962
14 3 0.121 0.313 2.006
14 4 0.131 0.479 1.993
14 5 -0.013 0.207 1.968
14 6 -0.053 -0.026 1.898
14 7 -0.053 -0.218 1.845
14 8 -0.050 -0.274 1.841
14 9 0.280 0.202 1.992
14 10 0.344 -0.028 1.964
14 11 0.359 -0.215 1.897
14 12 0.363 -0.277 1.887
14 13 0.079 -0.126 1.880
14 14 0.060 -0.492 1.909
14 15 0.071 -0.742 1.934
14 16 0.079 -0.774 1.852
14 17 0.211 -0.125 1.891
14 18 0.228 -0.492 1.912
14 19 0.222 -0.733 1.917
14 20 0.228 -0.762 1.832
15 1 0.141 -0.062 1.905
15 2 0.134 -0.013 1.962
15 3 0.121 0.313 2.006
15 4 0.131 0.479 1.993
15 5 -0.013 0.207 1.968
15 6 -0.053 -0.026 1.899
15 7 -0.053 -0.218 1.845
15 8 -0.050 -0.274 1.841
15 9 0.280 0.202 1.992
15 10 0.344 -0.028 1.964
15 11 0.359 -0.215 1.897
15 12 0.363 -0.277 1.887
15 13 0.079 -0.126 1.880
15 14 0.060 -0.492 1.909
15 15 0.071 -0.742 1.934
15 16 0.079 -0.774 1.852
15 17 0.211 -0.125 1.891
15 18 0.228 -0.492 1.913
15 19 0.222 -0.733 1.917
15 20 0.228 -0.763 1.832
16 1 0.141 -0.062 1.905
16 2 0.134 -0.013 1.962
16 3 0.121 0.313 2.006
16 4 0.131 0.479 1.993
16 5 -0.013 0.207 1.968
16 6 -0.053 -0.026 1.899
16 7 -0.053 -0.218 1.845
16 8 -0.050 -0.274 1.841
16 9 0.280 0.202 1.992
16 10 0.344 -0.028 1.964
16 11 0.359 -0.215 1.897
16 12 0.363 -0.277 1.887
16 13 0.079 -0.126 1.880
16 14 0.060 -0.492 1.909
16 15 0.071 -0.742 1.934
16 16 0.079 -0.774 1.852
16 17 0.211 -0.125 1.891
16 18 0.228 -0.492 1.913
16 19 0.222 -0.733 1.917
16 20 0.228 -0.763 1.833
17 1 0.141 -0.062 1.905
17 2 0.134 -0.013 1.962
17 3 0.121 0.313 2.007
17 4 0.131 0.479 1.994
17 5 -0.013 0.207 1.968
17 6 -0.053 -0.026 1.899
17 7 -0.054 -0.218 1.846
17 8 -0.050 -0.274 1.841
17 9 0.280 0.202 1.993
17 10 0.344 -0.028 1.964
17 11 0.359 -0.215 1.897
17 12 0.363 -0.277 1.887
17 13 0.079 -0.126 1.880
17 14 0.060 -0.492 1.909
17 15 0.071 -0.742 1.934
17 16 0.079 -0.774 1.852
17 17 0.211 -0.125 1.891
17 18 0.228 -0.492 1.913
17 19 0.222 -0.733 1.917
17 20 0.229 -0.763 1.833
18 1 0.141 -0.062 1.905
18 2 0.134 -0.013 1.962
18 3 0.121 0.313 2.007
18 4 0.131 0.479 1.994
18 5 -0.013 0.207 1.968
18 6 -0.053 -0.026 1.899
18 7 -0.054 -0.218 1.846
18 8 -0.050 -0.274 1.841
18 9 0.280 0.202 1.993
18 10 0.344 -0.028 1.964
18 11 0.359 -0.215 1.897
18 12 0.363 -0.277 1.887
18 13 0.079 -0.126 1.880
18 14 0.060 -0.492 1.909
18 15 0.071 -0.742 1.934
18 16 0.079 -0.774 1.852
18 17 0.211 -0.125 1.892
18 18 0.228 -0.492 1.913
18 19 0.222 -0.733 1.917
18 20 0.229 -0.764 1.834
19 1 0.141 -0.062 1.905
19 2 0.134 -0.013 1.963
19 3 0.121 0.313 2.007
19 4 0.131 0.479 1.994
19 5 -0.013 0.207 1.968
19 6 -0.052 -0.026 1.899
19 7 -0.054 -0.218 1.846
19 8 -0.050 -0.274 1.841
19 9 0.280 0.202 1.993
19 10 0.344 -0.027 1.964
19 11 0.359 -0.215 1.897
19 12 0.363 -0.277 1.887
19 13 0.079 -0.126 1.880
19 14 0.060 -0.492 1.910
19 15 0.071 -0.742 1.934
19 16 0.079 -0.774 1.852
19 17 0.211 -0.125 1.892
19 18 0.228 -0.492 1.913
19 19 0.222 -0.733 1.917
19 20 0.229 -0.764 1.834
20 1 0.141 -0.062 1.905
20 2 0.134 -0.013 1.963
20 3 0.121 0.313 2.007
20 4 0.131 0.479 1.994
20 5 -0.013 0.207 1.968
20 6 -0.052 -0.026 1.899
20 7 -0.054 -0.218 1.846
20 8 -0.050 -0.274 1.841
20 9 0.281 0.202 1.993
20 10 0.344 -0.027 1.965
20 11 0.359 -0.215 1.897
20 12 0.363 -0.277 1.887
20 13 0.079 -0.126 1.880
20 14 0.060 -0.492 1.910
20 15 0.071 -0.742 1.934
20 16 0.079 -0.774 1.852
20 17 0.211 -0.125 1.892
20 18 0.228 -0.492 1.913
20 19 0.222 -0.733 1.917
20 20 0.229 -0.764 1.834
21 1 0.141 -0.062 1.905
21 2 0.134 -0.013 1.963
21 3 0.121 0.313 2.007
21 4 0.131 0.479 1.994
21 5 -0.013 0.207 1.969
21 6 -0.052 -0.026 1.899
21 7 -0.054 -0.218 1.846
21 8 -0.050 -0.274 1.841
21 9 0.281 0.202 1.994
21 10 0.344 -0.027 1.965
21 11 0.359 -0.215 1.897
21 12 0.363 -0.276 1.887
21 13 0.079 -0.126 1.880
21 14 0.060 -0.492 1.910
21 15 0.071 -0.742 1.934
21 16 0.079 -0.774 1.852
21 17 0.211 -0.125 1.892
21 18 0.228 -0.492 1.913
21 19 0.222 -0.733 1.917
21 20 0.229 -0.764 1.834
22 1 0.141 -0.062 1.905
22 2 0.134 -0.013 1.963
22 3 0.121 0.313 2.007
22 4 0.131 0.479 1.994
22 5 -0.013 0.207 1.969
22 6 -0.052 -0.026 1.899
22 7 -0.054 -0.218 1.846
22 8 -0.050 -0.274 1.841
22 9 0.281 0.202 1.994
22 10 0.344 -0.027 1.965
22 11 0.359 -0.215 1.897
22 12 0.363 -0.274 1.886
22 13 0.079 -0.126 1.880
22 14 0.060 -0.492 1.910
22 15 0.071 -0.742 1.934
22 16 0.079 -0.774 1.852
22 17 0.211 -0.125 1.892
22 18 0.228 -0.492 1.913
22 19 0.222 -0.733 1.917
22 20 0.229 -0.764 1.835
23 1 0.141 -0.062 1.905
23 2 0.134 -0.013 1.963
23 3 0.120 0.313 2.007
23 4 0.131 0.480 1.994
23 5 -0.014 0.207 1.969
23 6 -0.052 -0.026 1.899
23 7 -0.054 -0.218 1.846
23 8 -0.050 -0.274 1.842
23 9 0.281 0.202 1.995
23 10 0.343 -0.027 1.966
23 11 0.360 -0.213 1.896
23 12 0.365 -0.266 1.880
23 13 0.079 -0.126 1.881
23 14 0.060 -0.492 1.910
23 15 0.071 -0.742 1.934
23 16 0.079 -0.775 1.852
23 17 0.211 -0.125 1.892
23 18 0.228 -0.492 1.913
23 19 0.222 -0.733 1.917
23 20 0.229 -0.764 1.835
24 1 0.141 -0.062 1.905
24 2 0.134 -0.013 1.963
24 3 0.119 0.313 2.008
24 4 0.131 0.480 1.994
24 5 -0.014 0.207 1.969
24 6 -0.053 -0.026 1.899
24 7 -0.054 -0.218 1.846
24 8 -0.051 -0.274 1.841
24 9 0.281 0.202 1.996
24 10 0.342 -0.025 1.968
24 11 0.361 -0.208 1.891
24 12 0.375 -0.252 1.862
24 13 0.079 -0.126 1.881
24 14 0.060 -0.492 1.910
24 15 0.072 -0.742 1.934
24 16 0.079 -0.775 1.852
24 17 0.211 -0.125 1.892
24 18 0.228 -0.492 1.913
24 19 0.222 -0.733 1.917
24 20 0.229 -0.764 1.835
25 1 0.141 -0.062 1.906
25 2 0.134 -0.013 1.963
25 3 0.118 0.314 2.009
25 4 0.131 0.480 1.995
25 5 -0.014 0.207 1.969
25 6 -0.053 -0.026 1.899
25 7 -0.054 -0.218 1.846
25 8 -0.051 -0.274 1.841
25 9 0.280 0.203 1.997
25 10 0.340 -0.023 1.971
25 11 0.365 -0.197 1.882
25 12 0.386 -0.234 1.843
25 13 0.079 -0.126 1.881
25 14 0.060 -0.492 1.910
25 15 0.072 -0.742 1.934
25 16 0.079 -0.775 1.852
25 17 0.211 -0.125 1.892
25 18 0.228 -0.492 1.913
25 19 0.222 -0.733 1.917
25 20 0.230 -0.764 1.835
26 1 0.141 -0.062 1.906
26 2 0.133 -0.013 1.963
26 3 0.117 0.314 2.010
26 4 0.131 0.480 1.995
26 5 -0.014 0.207 1.969
26 6 -0.053 -0.026 1.899
26 7 -0.054 -0.218 1.846
26 8 -0.051 -0.275 1.841
26 9 0.279 0.203 2.000
26 10 0.335 -0.018 1.976
26 11 0.376 -0.170 1.865
26 12 0.392 -0.201 1.835
26 13 0.079 -0.126 1.881
26 14 0.060 -0.492 1.910
26 15 0.071 -0.742 1.934
26 16 0.079 -0.775 1.852
26 17 0.211 -0.125 1.892
26 18 0.228 -0.492 1.913
26 19 0.222 -0.733 1.917
26 20 0.230 -0.764 1.835
27 1 0.141 -0.062 1.906
27 2 0.133 -0.012 1.964
27 3 0.115 0.315 2.011
27 4 0.131 0.480 1.995
27 5 -0.014 0.207 1.969
27 6 -0.053 -0.026 1.899
27 7 -0.054 -0.218 1.845
27 8 -0.051 -0.275 1.841
27 9 0.277 0.204 2.003
27 10 0.330 -0.012 1.983
27 11 0.387 -0.142 1.850
27 12 0.417 -0.162 1.811
27 13 0.079 -0.126 1.881
27 14 0.060 -0.492 1.910
27 15 0.071 -0.742 1.934
27 16 0.079 -0.775 1.853
27 17 0.211 -0.125 1.892
27 18 0.228 -0.492 1.913
27 19 0.222 -0.733 1.917
27 20 0.230 -0.765 1.835
28 1 0.141 -0.061 1.906
28 2 0.132 -0.012 1.964
28 3 0.114 0.315 2.012
28 4 0.131 0.480 1.995
28 5 -0.015 0.207 1.969
28 6 -0.054 -0.025 1.898
28 7 -0.055 -0.217 1.845
28 8 -0.051 -0.275 1.840
28 9 0.275 0.205 2.007
28 10 0.327 -0.008 1.988
28 11 0.400 -0.114 1.835
28 12 0.440 -0.124 1.789
28 13 0.079 -0.126 1.881
28 14 0.060 -0.491 1.910
28 15 0.071 -0.742 1.934
28 16 0.080 -0.775 1.853
28 17 0.211 -0.124 1.893
28 18 0.228 -0.492 1.913
28 19 0.222 -0.733 1.917
28 20 0.231 -0.765 1.836
29 1 0.141 -0.061 1.906
29 2 0.132 -0.012 1.964
29 3 0.112 0.316 2.013
29 4 0.131 0.480 1.995
29 5 -0.015 0.207 1.968
29 6 -0.056 -0.024 1.896
29 7 -0.055 -0.217 1.844
29 8 -0.052 -0.275 1.839
29 9 0.272 0.205 2.012
29 10 0.321 -0.003 1.994
29 11 0.415 -0.073 1.826
29 12 0.460 -0.080 1.780
29 13 0.079 -0.125 1.881
29 14 0.060 -0.491 1.910
29 15 0.071 -0.742 1.934
29 16 0.081 -0.775 1.853
29 17 0.211 -0.124 1.894
29 18 0.228 -0.491 1.914
29 19 0.222 -0.733 1.917
29 20 0.232 -0.765 1.836
30 1 0.141 -0.061 1.906
30 2 0.131 -0.012 1.964
30 3 0.110 0.317 2.013
30 4 0.131 0.480 1.995
30 5 -0.015 0.208 1.967
30 6 -0.057 -0.023 1.894
30 7 -0.056 -0.216 1.843
30 8 -0.052 -0.277 1.837
30 9 0.269 0.205 2.018
30 10 0.317 0.001 1.998
30 11 0.431 -0.023 1.823
30 12 0.481 -0.017 1.779
30 13 0.079 -0.125 1.881
30 14 0.060 -0.491 1.910
30 15 0.071 -0.742 1.934
30 16 0.082 -0.775 1.853
30 17 0.210 -0.124 1.895
30 18 0.228 -0.491 1.914
30 19 0.222 -0.733 1.917
30 20 0.233 -0.765 1.837
31 1 0.141 -0.061 1.906
31 2 0.130 -0.012 1.965
31 3 0.107 0.318 2.014
31 4 0.132 0.480 1.995
31 5 -0.016 0.208 1.966
31 6 -0.059 -0.022 1.891
31 7 -0.056 -0.215 1.840
31 8 -0.053 -0.281 1.832
31 9 0.266 0.205 2.022
31 10 0.315 0.003 2.001
31 11 0.447 0.032 1.830
31 12 0.496 0.054 1.791
31 13 0.079 -0.125 1.880
31 14 0.060 -0.491 1.910
31 15 0.071 -0.742 1.934
31 16 0.083 -0.775 1.853
31 17 0.210 -0.124 1.896
31 18 0.228 -0.491 1.914
31 19 0.222 -0.733 1.917
31 20 0.235 -0.765 1.837
32 1 0.141 -0.061 1.906
32 2 0.128 -0.012 1.965
32 3 0.105 0.318 2.014
32 4 0.132 0.480 1.995
32 5 -0.016 0.209 1.964
32 6 -0.061 -0.020 1.888
32 7 -0.057 -0.213 1.836
32 8 -0.054 -0.283 1.828
32 9 0.262 0.205 2.027
32 10 0.313 0.005 2.003
32 11 0.455 0.094 1.850
32 12 0.502 0.127 1.809
32 13 0.080 -0.124 1.880
32 14 0.060 -0.491 1.910
32 15 0.071 -0.742 1.934
32 16 0.085 -0.775 1.854
32 17 0.210 -0.123 1.899
32 18 0.228 -0.491 1.915
32 19 0.222 -0.733 1.918
32 20 0.237 -0.765 1.838
33 1 0.141 -0.061 1.907
33 2 0.127 -0.012 1.965
33 3 0.103 0.319 2.014
33 4 0.133 0.480 1.996
33 5 -0.017 0.210 1.962
33 6 -0.063 -0.018 1.883
33 7 -0.057 -0.211 1.832
33 8 -0.054 -0.285 1.824
33 9 0.259 0.205 2.031
33 10 0.314 0.009 2.007
33 11 0.449 0.157 1.883
33 12 0.458 0.171 1.876
33 13 0.080 -0.124 1.879
33 14 0.060 -0.491 1.909
33 15 0.071 -0.742 1.934
33 16 0.087 -0.775 1.854
33 17 0.210 -0.123 1.902
33 18 0.228 -0.491 1.916
33 19 0.222 -0.733 1.918
33 20 0.207 -0.787 1.899
34 1 0.141 -0.061 1.907
34 2 0.126 -0.011 1.965
34 3 0.100 0.320 2.014
34 4 0.134 0.480 1.996
34 5 -0.017 0.210 1.959
34 6 -0.065 -0.015 1.878
34 7 -0.057 -0.208 1.827
34 8 -0.054 -0.286 1.820
34 9 0.253 0.204 2.038
34 10 0.326 0.022 2.012
34 11 0.433 0.215 1.910
34 12 0.449 0.259 1.893
34 13 0.081 -0.123 1.878
34 14 0.060 -0.490 1.909
34 15 0.071 -0.742 1.934
34 16 0.090 -0.775 1.855
34 17 0.210 -0.123 1.904
34 18 0.228 -0.491 1.918
34 19 0.222 -0.733 1.918
34 20 0.230 -0.779 1.876
35 1 0.141 -0.061 1.907
35 2 0.124 -0.011 1.965
35 3 0.097 0.321 2.014
35 4 0.134 0.480 1.996
35 5 -0.018 0.211 1.957
35 6 -0.067 -0.013 1.873
35 7 -0.057 -0.206 1.821
35 8 -0.054 -0.286 1.816
35 9 0.249 0.203 2.044
35 10 0.339 0.032 2.018
35 11 0.406 0.258 1.954
35 12 0.419 0.314 1.940
35 13 0.082 -0.122 1.877
35 14 0.060 -0.490 1.909
35 15 0.071 -0.742 1.934
35 16 0.092 -0.775 1.855
35 17 0.210 -0.123 1.907
35 18 0.228 -0.491 1.920
35 19 0.222 -0.733 1.918
35 20 0.240 -0.775 1.867
36 1 0.141 -0.061 1.908
36 2 0.122 -0.011 1.965
36 3 0.094 0.321 2.014
36 4 0.135 0.480 1.996
36 5 -0.019 0.212 1.954
36 6 -0.068 -0.011 1.868
36 7 -0.057 -0.204 1.816
36 8 -0.053 -0.285 1.812
36 9 0.256 0.192 2.053
36 10 0.358 0.024 2.029
36 11 0.377 0.239 1.988
36 12 0.386 0.298 1.986
36 13 0.083 -0.121 1.876
36 14 0.060 -0.490 1.908
36 15 0.071 -0.742 1.934
36 16 0.095 -0.775 1.856
36 17 0.210 -0.123 1.911
36 18 0.228 -0.493 1.923
36 19 0.222 -0.733 1.918
36 20 0.248 -0.772 1.859
37 1 0.140 -0.060 1.908
37 2 0.121 -0.010 1.965
37 3 0.090 0.322 2.013
37 4 0.136 0.480 1.996
37 5 -0.020 0.213 1.952
37 6 -0.069 -0.010 1.863
37 7 -0.056 -0.201 1.810
37 8 -0.052 -0.284 1.807
37 9 0.261 0.186 2.057
37 10 0.366 0.016 2.046
37 11 0.354 0.265 2.021
37 12 0.367 0.328 2.019
37 13 0.084 -0.120 1.875
37 14 0.060 -0.489 1.908
37 15 0.071 -0.742 1.934
37 16 0.097 -0.775 1.856
37 17 0.210 -0.124 1.915
37 18 0.228 -0.494 1.925
37 19 0.222 -0.733 1.919
37 20 0.252 -0.771 1.855
38 1 0.140 -0.059 1.909
38 2 0.119 -0.009 1.966
38 3 0.087 0.323 2.013
38 4 0.137 0.480 1.996
38 5 -0.020 0.214 1.949
38 6 -0.069 -0.008 1.859
38 7 -0.055 -0.199 1.805
38 8 -0.049 -0.282 1.801
38 9 0.267 0.183 2.061
38 10 0.367 0.011 2.060
38 11 0.343 0.270 2.035
38 12 0.335 0.330 2.057
38 13 0.084 -0.119 1.874
38 14 0.060 -0.489 1.907
38 15 0.071 -0.742 1.934
38 16 0.098 -0.775 1.856
38 17 0.211 -0.124 1.919
38 18 0.228 -0.495 1.928
38 19 0.222 -0.734 1.919
38 20 0.255 -0.770 1.852
39 1 0.140 -0.056 1.911
39 2 0.117 -0.007 1.967
39 3 0.085 0.323 2.012
39 4 0.137 0.479 1.996
39 5 -0.020 0.215 1.946
39 6 -0.070 -0.007 1.855
39 7 -0.053 -0.198 1.800
39 8 -0.046 -0.280 1.795
39 9 0.280 0.189 2.068
39 10 0.363 0.011 2.069
39 11 0.335 0.253 2.046
39 12 0.314 0.323 2.074
39 13 0.085 -0.118 1.873
39 14 0.060 -0.488 1.907
39 15 0.071 -0.742 1.934
39 16 0.099 -0.775 1.856
39 17 0.212 -0.124 1.922
39 18 0.228 -0.496 1.930
39 19 0.222 -0.734 1.919
39 20 0.257 -0.769 1.850
40 1 0.140 -0.050 1.914
40 2 0.115 -0.003 1.968
40 3 0.082 0.324 2.012
40 4 0.138 0.479 1.995
40 5 -0.021 0.215 1.943
40 6 -0.070 -0.006 1.851
40 7 -0.051 -0.196 1.795
40 8 -0.042 -0.278 1.789
40 9 0.290 0.217 2.084
40 10 0.350 0.026 2.077
40 11 0.331 0.251 2.052
40 12 0.303 0.323 2.084
40 13 0.085 -0.116 1.871
40 14 0.060 -0.488 1.906
40 15 0.071 -0.742 1.934
40 16 0.100 -0.775 1.857
40 17 0.214 -0.122 1.926
40 18 0.229 -0.496 1.933
40 19 0.222 -0.734 1.920
40 20 0.258 -0.769 1.849
41 1 0.140 -0.034 1.921
41 2 0.112 0.007 1.971
41 3 0.080 0.324 2.011
41 4 0.138 0.479 1.995
41 5 -0.021 0.216 1.941
41 6 -0.070 -0.005 1.847
41 7 -0.049 -0.194 1.791
41 8 -0.038 -0.275 1.783
41 9 0.295 0.236 2.095
41 10 0.341 0.041 2.081
41 11 0.328 0.251 2.056
41 12 0.295 0.323 2.089
41 13 0.087 -0.111 1.869
41 14 0.061 -0.487 1.906
41 15 0.071 -0.742 1.934
41 16 0.101 -0.775 1.857
41 17 0.219 -0.112 1.938
41 18 0.229 -0.496 1.935
41 19 0.222 -0.734 1.920
41 20 0.259 -0.768 1.848
42 1 0.140 -0.024 1.926
42 2 0.110 0.015 1.974
42 3 0.078 0.325 2.011
42 4 0.139 0.479 1.995
42 5 -0.021 0.216 1.939
42 6 -0.070 -0.003 1.844
42 7 -0.047 -0.193 1.787
42 8 -0.034 -0.273 1.778
42 9 0.296 0.245 2.100
42 10 0.336 0.050 2.085
42 11 0.327 0.250 2.058
42 12 0.290 0.323 2.092
42 13 0.088 -0.106 1.867
42 14 0.062 -0.486 1.905
42 15 0.071 -0.742 1.934
42 16 0.102 -0.775 1.857
42 17 0.221 -0.106 1.944
42 18 0.229 -0.496 1.937
42 19 0.222 -0.735 1.921
42 20 0.260 -0.768 1.848
43 1 0.140 -0.014 1.930
43 2 0.109 0.024 1.977
43 3 0.076 0.325 2.011
43 4 0.139 0.479 1.995
43 5 -0.021 0.217 1.937
43 6 -0.070 -0.002 1.841
43 7 -0.045 -0.191 1.784
43 8 -0.030 -0.270 1.774
43 9 0.296 0.253 2.105
43 10 0.333 0.058 2.087
43 11 0.326 0.251 2.058
43 12 0.287 0.324 2.093
43 13 0.090 -0.099 1.866
43 14 0.062 -0.485 1.904
43 15 0.071 -0.743 1.934
43 16 0.102 -0.775 1.857
43 17 0.223 -0.099 1.951
43 18 0.230 -0.495 1.938
43 19 0.222 -0.735 1.921
43 20 0.260 -0.768 1.848
44 1 0.140 -0.008 1.932
44 2 0.108 0.029 1.979
44 3 0.075 0.325 2.010
44 4 0.139 0.478 1.995
44 5 -0.021 0.217 1.936
44 6 -0.070 -0.001 1.838
44 7 -0.043 -0.190 1.781
44 8 -0.027 -0.269 1.771
44 9 0.295 0.258 2.108
44 10 0.331 0.062 2.089
44 11 0.325 0.252 2.059
44 12 0.286 0.325 2.092
44 13 0.091 -0.094 1.865
44 14 0.063 -0.484 1.903
44 15 0.070 -0.743 1.934
44 16 0.102 -0.775 1.857
44 17 0.224 -0.095 1.954
44 18 0.230 -0.495 1.940
44 19 0.222 -0.735 1.922
44 20 0.260 -0.768 1.848
45 1 0.141 -0.005 1.933
45 2 0.107 0.032 1.980
45 3 0.074 0.326 2.010
45 4 0.140 0.478 1.995
45 5 -0.022 0.218 1.934
45 6 -0.070 0.000 1.836
45 7 -0.042 -0.189 1.779
45 8 -0.024 -0.268 1.769
45 9 0.293 0.260 2.110
45 10 0.329 0.065 2.090
45 11 0.325 0.252 2.059
45 12 0.285 0.325 2.091
45 13 0.092 -0.090 1.864
45 14 0.064 -0.483 1.903
45 15 0.070 -0.743 1.933
45 16 0.103 -0.775 1.857
45 17 0.225 -0.092 1.957
45 18 0.230 -0.494 1.940
45 19 0.222 -0.735 1.922
45 20 0.261 -0.768 1.848
46 1 0.141 -0.002 1.934
46 2 0.107 0.035 1.980
46 3 0.074 0.326 2.010
46 4 0.140 0.478 1.995
46 5 -0.022 0.218 1.933
46 6 -0.070 0.001 1.834
46 7 -0.041 -0.189 1.778
46 8 -0.023 -0.267 1.767
46 9 0.290 0.260 2.111
46 10 0.328 0.066 2.091
46 11 0.324 0.252 2.058
46 12 0.284 0.324 2.090
46 13 0.092 -0.088 1.863
46 14 0.064 -0.484 1.903
46 15 0.070 -0.743 1.933
46 16 0.103 -0.775 1.857
46 17 0.225 -0.090 1.958
46 18 0.230 -0.494 1.941
46 19 0.222 -0.735 1.923
46 20 0.261 -0.768 1.849
47 1 0.141 -0.001 1.935
47 2 0.106 0.036 1.981
47 3 0.073 0.326 2.010
47 4 0.140 0.478 1.995
47 5 -0.022 0.219 1.932
47 6 -0.070 0.002 1.833
47 7 -0.040 -0.188 1.777
47 8 -0.021 -0.266 1.766
47 9 0.288 0.259 2.111
47 10 0.328 0.067 2.092
47 11 0.324 0.252 2.058
47 12 0.284 0.324 2.088
47 13 0.092 -0.086 1.863
47 14 0.065 -0.486 1.903
47 15 0.069 -0.743 1.933
47 16 0.104 -0.775 1.857
47 17 0.226 -0.089 1.960
47 18 0.230 -0.494 1.942
47 19 0.221 -0.736 1.923
47 20 0.261 -0.768 1.849
48 1 0.140 0.001 1.935
48 2 0.106 0.037 1.981
48 3 0.073 0.326 2.010
48 4 0.140 0.478 1.995
48 5 -0.022 0.219 1.932
48 6 -0.070 0.003 1.831
48 7 -0.039 -0.188 1.776
48 8 -0.020 -0.266 1.765
48 9 0.284 0.254 2.110
48 10 0.328 0.065 2.092
48 11 0.324 0.252 2.057
48 12 0.284 0.322 2.087
48 13 0.092 -0.084 1.862
48 14 0.066 -0.487 1.903
48 15 0.069 -0.743 1.933
48 16 0.104 -0.775 1.858
48 17 0.226 -0.088 1.960
48 18 0.230 -0.493 1.942
48 19 0.221 -0.736 1.924
48 20 0.261 -0.768 1.850
49 1 0.140 0.001 1.935
49 2 0.106 0.038 1.982
49 3 0.072 0.326 2.010
49 4 0.139 0.478 1.995
49 5 -0.022 0.219 1.931
49 6 -0.070 0.004 1.830
49 7 -0.038 -0.188 1.775
49 8 -0.020 -0.265 1.764
49 9 0.282 0.250 2.109
49 10 0.328 0.063 2.093
49 11 0.324 0.251 2.057
49 12 0.285 0.321 2.085
49 13 0.092 -0.083 1.862
49 14 0.066 -0.487 1.903
49 15 0.069 -0.743 1.933
49 16 0.104 -0.775 1.858
49 17 0.225 -0.088 1.961
49 18 0.230 -0.493 1.943
49 19 0.221 -0.736 1.924
49 20 0.261 -0.769 1.850
50 1 0.140 0.001 1.935
50 2 0.106 0.039 1.982
50 3 0.072 0.326 2.010
50 4 0.139 0.477 1.995
50 5 -0.023 0.220 1.930
50 6 -0.070 0.004 1.830
50 7 -0.038 -0.188 1.775
50 8 -0.019 -0.265 1.764
50 9 0.280 0.246 2.107
50 10 0.328 0.061 2.093
50 11 0.324 0.250 2.055
50 12 0.285 0.319 2.083
50 13 0.093 -0.083 1.862
50 14 0.067 -0.488 1.902
50 15 0.069 -0.743 1.932
50 16 0.104 -0.775 1.858
50 17 0.225 -0.088 1.961
50 18 0.229 -0.493 1.943
50 19 0.221 -0.736 1.925
50 20 0.261 -0.769 1.851
51 1 0.140 0.001 1.935
51 2 0.106 0.039 1.982
51 3 0.072 0.326 2.010
51 4 0.139 0.477 1.995
51 5 -0.023 0.220 1.930
51 6 -0.070 0.004 1.829
51 7 -0.037 -0.187 1.774
51 8 -0.019 -0.265 1.764
51 9 0.279 0.243 2.105
51 10 0.328 0.058 2.093
51 11 0.324 0.248 2.054
51 12 0.286 0.317 2.080
51 13 0.093 -0.082 1.861
51 14 0.067 -0.488 1.902
51 15 0.069 -0.743 1.932
51 16 0.104 -0.775 1.858
51 17 0.224 -0.088 1.961
51 18 0.229 -0.493 1.944
51 19 0.221 -0.736 1.925
51 20 0.261 -0.769 1.852
52 1 0.140 0.001 1.935
52 2 0.106 0.039 1.982
52 3 0.071 0.326 2.010
52 4 0.138 0.477 1.995
52 5 -0.023 0.220 1.929
52 6 -0.070 0.004 1.829
52 7 -0.037 -0.187 1.774
52 8 -0.018 -0.265 1.764
52 9 0.278 0.241 2.103
52 10 0.328 0.056 2.093
52 11 0.324 0.247 2.052
52 12 0.287 0.315 2.078
52 13 0.093 -0.082 1.861
52 14 0.067 -0.488 1.902
52 15 0.069 -0.743 1.932
52 16 0.105 -0.775 1.858
52 17 0.224 -0.089 1.961
52 18 0.229 -0.492 1.944
52 19 0.221 -0.736 1.925
52 20 0.260 -0.769 1.852
53 1 0.140 0.000 1.934
53 2 0.106 0.039 1.982
53 3 0.071 0.326 2.010
53 4 0.138 0.477 1.995
53 5 -0.023 0.220 1.929
53 6 -0.070 0.004 1.828
53 7 -0.037 -0.187 1.774
53 8 -0.018 -0.265 1.764
53 9 0.278 0.239 2.102
53 10 0.329 0.055 2.093
53 11 0.325 0.246 2.050
53 12 0.287 0.313 2.076
53 13 0.093 -0.082 1.861
53 14 0.067 -0.488 1.902
53 15 0.069 -0.743 1.932
53 16 0.105 -0.776 1.858
53 17 0.223 -0.089 1.961
53 18 0.229 -0.492 1.944
53 19 0.221 -0.737 1.925
53 20 0.256 -0.780 1.869
54 1 0.139 -0.001 1.934
54 2 0.106 0.039 1.981
54 3 0.071 0.326 2.010
54 4 0.138 0.477 1.995
54 5 -0.023 0.220 1.929
54 6 -0.070 0.005 1.828
54 7 -0.037 -0.187 1.773
54 8 -0.019 -0.265 1.764
54 9 0.278 0.237 2.100
54 10 0.330 0.054 2.092
54 11 0.325 0.245 2.048
54 12 0.288 0.312 2.074
54 13 0.092 -0.082 1.861
54 14 0.067 -0.488 1.902
54 15 0.069 -0.743 1.932
54 16 0.105 -0.776 1.858
54 17 0.223 -0.090 1.960
54 18 0.229 -0.492 1.944
54 19 0.221 -0.737 1.926
54 20 0.256 -0.781 1.870
55 1 0.139 -0.002 1.933
55 2 0.106 0.038 1.981
55 3 0.071 0.327 2.010
55 4 0.138 0.477 1.995
55 5 -0.023 0.220 1.928
55 6 -0.069 0.005 1.828
55 7 -0.037 -0.187 1.773
55 8 -0.019 -0.265 1.764
55 9 0.278 0.236 2.097
55 10 0.333 0.053 2.089
55 11 0.326 0.244 2.045
55 12 0.290 0.311 2.068
55 13 0.092 -0.082 1.861
55 14 0.068 -0.487 1.902
55 15 0.069 -0.743 1.932
55 16 0.105 -0.776 1.858
55 17 0.222 -0.091 1.959
55 18 0.229 -0.492 1.944
55 19 0.221 -0.737 1.926
55 20 0.209 -0.796 1.909
56 1 0.140 -0.004 1.932
56 2 0.107 0.037 1.981
56 3 0.071 0.327 2.010
56 4 0.138 0.477 1.995
56 5 -0.023 0.220 1.928
56 6 -0.069 0.004 1.828
56 7 -0.037 -0.187 1.773
56 8 -0.020 -0.266 1.765
56 9 0.280 0.236 2.091
56 10 0.352 0.056 2.074
56 11 0.329 0.246 2.039
56 12 0.292 0.313 2.056
56 13 0.092 -0.082 1.861
56 14 0.068 -0.487 1.902
56 15 0.069 -0.743 1.932
56 16 0.105 -0.776 1.858
56 17 0.222 -0.092 1.958
56 18 0.229 -0.492 1.944
56 19 0.221 -0.737 1.926
56 20 0.178 -0.803 1.932
57 1 0.140 -0.007 1.930
57 2 0.108 0.035 1.979
57 3 0.071 0.327 2.009
57 4 0.138 0.477 1.995
57 5 -0.023 0.220 1.927
57 6 -0.069 0.004 1.828
57 7 -0.037 -0.187 1.773
57 8 -0.022 -0.266 1.766
57 9 0.283 0.235 2.084
57 10 0.369 0.060 2.062
57 11 0.341 0.249 2.025
57 12 0.301 0.316 2.040
57 13 0.092 -0.083 1.861
57 14 0.068 -0.486 1.902
57 15 0.069 -0.743 1.932
57 16 0.105 -0.776 1.858
57 17 0.222 -0.093 1.955
57 18 0.229 -0.492 1.944
57 19 0.221 -0.737 1.926
57 20 0.231 -0.793 1.909
58 1 0.141 -0.013 1.926
58 2 0.110 0.031 1.977
58 3 0.071 0.327 2.009
58 4 0.138 0.477 1.995
58 5 -0.022 0.220 1.927
58 6 -0.069 0.004 1.828
58 7 -0.037 -0.187 1.773
58 8 -0.023 -0.266 1.767
58 9 0.290 0.232 2.074
58 10 0.407 0.070 2.042
58 11 0.335 0.286 2.021
58 12 0.296 0.322 2.038
58 13 0.092 -0.085 1.860
58 14 0.068 -0.486 1.901
58 15 0.069 -0.743 1.932
58 16 0.105 -0.776 1.858
58 17 0.223 -0.098 1.948
58 18 0.229 -0.492 1.944
58 19 0.221 -0.737 1.926
58 20 0.246 -0.792 1.905
59 1 0.143 -0.020 1.923
59 2 0.112 0.027 1.975
59 3 0.072 0.327 2.008
59 4 0.138 0.477 1.995
59 5 -0.021 0.220 1.926
59 6 -0.068 0.003 1.828
59 7 -0.037 -0.187 1.773
59 8 -0.024 -0.267 1.768
59 9 0.297 0.226 2.063
59 10 0.437 0.077 2.028
59 11 0.356 0.286 2.004
59 12 0.319 0.325 2.020
59 13 0.092 -0.088 1.860
59 14 0.068 -0.485 1.901
59 15 0.069 -0.743 1.932
59 16 0.105 -0.776 1.857
59 17 0.224 -0.103 1.941
59 18 0.229 -0.491 1.944
59 19 0.221 -0.737 1.926
59 20 0.258 -0.790 1.899
60 1 0.145 -0.028 1.919
60 2 0.115 0.021 1.971
60 3 0.075 0.328 2.006
60 4 0.139 0.478 1.995
60 5 -0.019 0.220 1.925
60 6 -0.067 0.002 1.828
60 7 -0.037 -0.187 1.774
60 8 -0.025 -0.267 1.769
60 9 0.299 0.210 2.054
60 10 0.471 0.098 2.007
60 11 0.386 0.291 1.989
60 12 0.367 0.329 1.996
60 13 0.092 -0.093 1.861
60 14 0.068 -0.485 1.901
60 15 0.069 -0.743 1.932
60 16 0.104 -0.776 1.857
60 17 0.225 -0.108 1.936
60 18 0.229 -0.492 1.944
60 19 0.221 -0.737 1.926
60 20 0.265 -0.789 1.896
61 1 0.147 -0.035 1.916
61 2 0.117 0.016 1.968
61 3 0.079 0.330 2.004
61 4 0.143 0.479 1.995
61 5 -0.016 0.220 1.923
61 6 -0.066 0.001 1.828
61 7 -0.037 -0.188 1.774
61 8 -0.025 -0.268 1.769
61 9 0.299 0.201 2.049
61 10 0.490 0.121 1.987
61 11 0.446 0.313 1.958
61 12 0.433 0.338 1.967
61 13 0.093 -0.097 1.861
61 14 0.068 -0.485 1.901
61 15 0.069 -0.744 1.932
61 16 0.104 -0.776 1.857
61 17 0.226 -0.112 1.931
61 18 0.230 -0.492 1.944
61 19 0.221 -0.737 1.926
61 20 0.269 -0.789 1.894
62 1 0.149 -0.040 1.913
62 2 0.120 0.012 1.966
62 3 0.086 0.332 1.999
62 4 0.147 0.481 1.995
62 5 -0.012 0.221 1.921
62 6 -0.064 -0.000 1.828
62 7 -0.037 -0.189 1.774
62 8 -0.026 -0.269 1.770
62 9 0.300 0.196 2.045
62 10 0.499 0.131 1.978
62 11 0.515 0.320 1.925
62 12 0.518 0.350 1.929
62 13 0.094 -0.101 1.861
62 14 0.068 -0.484 1.901
62 15 0.069 -0.744 1.932
62 16 0.104 -0.776 1.857
62 17 0.227 -0.115 1.928
62 18 0.230 -0.493 1.943
62 19 0.221 -0.737 1.926
62 20 0.272 -0.789 1.893
63 1 0.151 -0.043 1.911
63 2 0.122 0.009 1.964
63 3 0.094 0.334 1.995
63 4 0.152 0.483 1.996
63 5 -0.006 0.221 1.919
63 6 -0.061 -0.002 1.829
63 7 -0.037 -0.189 1.775
63 8 -0.026 -0.270 1.770
63 9 0.301 0.194 2.041
63 10 0.502 0.138 1.970
63 11 0.584 0.310 1.892
63 12 0.603 0.368 1.886
63 13 0.095 -0.103 1.862
63 14 0.068 -0.484 1.901
63 15 0.069 -0.744 1.932
63 16 0.104 -0.776 1.857
63 17 0.228 -0.117 1.925
63 18 0.230 -0.494 1.943
63 19 0.221 -0.737 1.927
63 20 0.275 -0.787 1.892
64 1 0.152 -0.045 1.910
64 2 0.125 0.007 1.962
64 3 0.102 0.336 1.991
64 4 0.157 0.486 1.996
64 5 0.002 0.223 1.915
64 6 -0.057 -0.005 1.828
64 7 -0.036 -0.191 1.775
64 8 -0.026 -0.271 1.771
64 9 0.303 0.194 2.034
64 10 0.507 0.144 1.962
64 11 0.650 0.281 1.863
64 12 0.693 0.350 1.843
64 13 0.095 -0.105 1.862
64 14 0.068 -0.484 1.901
64 15 0.069 -0.744 1.932
64 16 0.104 -0.776 1.857
64 17 0.229 -0.118 1.923
64 18 0.230 -0.494 1.943
64 19 0.221 -0.737 1.927
64 20 0.277 -0.787 1.891
65 1 0.153 -0.047 1.909
65 2 0.127 0.006 1.961
65 3 0.110 0.339 1.987
65 4 0.164 0.489 1.995
65 5 0.010 0.224 1.910
65 6 -0.052 -0.007 1.828
65 7 -0.035 -0.193 1.775
65 8 -0.026 -0.272 1.771
65 9 0.306 0.195 2.025
65 10 0.510 0.147 1.957
65 11 0.681 0.240 1.852
65 12 0.739 0.287 1.817
65 13 0.096 -0.107 1.862
65 14 0.068 -0.484 1.901
65 15 0.069 -0.744 1.932
65 16 0.104 -0.776 1.857
65 17 0.230 -0.119 1.921
65 18 0.231 -0.495 1.943
65 19 0.222 -0.738 1.927
65 20 0.279 -0.785 1.891
66 1 0.155 -0.048 1.908
66 2 0.130 0.005 1.959
66 3 0.119 0.342 1.983
66 4 0.174 0.493 1.993
66 5 0.017 0.226 1.906
66 6 -0.048 -0.009 1.827
66 7 -0.034 -0.195 1.775
66 8 -0.026 -0.272 1.771
66 9 0.310 0.197 2.016
66 10 0.509 0.141 1.952
66 11 0.691 0.196 1.843
66 12 0.694 0.234 1.845
66 13 0.096 -0.108 1.863
66 14 0.068 -0.484 1.901
66 15 0.069 -0.744 1.932
66 16 0.104 -0.776 1.857
66 17 0.231 -0.120 1.918
66 18 0.231 -0.495 1.942
66 19 0.222 -0.738 1.927
66 20 0.280 -0.784 1.890
67 1 0.157 -0.049 1.906
67 2 0.134 0.004 1.957
67 3 0.128 0.343 1.979
67 4 0.187 0.496 1.989
67 5 0.024 0.227 1.903
67 6 -0.044 -0.011 1.826
67 7 -0.033 -0.196 1.775
67 8 -0.026 -0.273 1.771
67 9 0.314 0.199 2.009
67 10 0.496 0.114 1.949
67 11 0.673 0.172 1.850
67 12 0.722 0.228 1.831
67 13 0.097 -0.109 1.863
67 14 0.069 -0.483 1.901
67 15 0.069 -0.744 1.932
67 16 0.103 -0.776 1.857
67 17 0.232 -0.120 1.916
67 18 0.231 -0.495 1.942
67 19 0.222 -0.738 1.927
67 20 0.281 -0.783 1.891
68 1 0.160 -0.050 1.904
68 2 0.139 0.004 1.955
68 3 0.135 0.345 1.975
68 4 0.200 0.497 1.984
68 5 0.031 0.229 1.900
68 6 -0.041 -0.012 1.825
68 7 -0.032 -0.198 1.775
68 8 -0.026 -0.273 1.771
68 9 0.316 0.201 2.004
68 10 0.486 0.094 1.950
68 11 0.665 0.148 1.852
68 12 0.713 0.212 1.838
68 13 0.099 -0.109 1.863
68 14 0.069 -0.483 1.901
68 15 0.069 -0.744 1.932
68 16 0.103 -0.776 1.856
68 17 0.234 -0.121 1.913
68 18 0.232 -0.495 1.942
68 19 0.222 -0.738 1.927
68 20 0.281 -0.782 1.891
69 1 0.163 -0.051 1.902
69 2 0.143 0.004 1.953
69 3 0.143 0.345 1.971
69 4 0.213 0.497 1.978
69 5 0.037 0.230 1.898
69 6 -0.038 -0.012 1.824
69 7 -0.031 -0.199 1.774
69 8 -0.025 -0.272 1.771
69 9 0.319 0.202 2.000
69 10 0.479 0.077 1.953
69 11 0.650 0.136 1.859
69 12 0.677 0.187 1.859
69 13 0.101 -0.110 1.863
69 14 0.069 -0.483 1.901
69 15 0.070 -0.744 1.932
69 16 0.103 -0.776 1.856
69 17 0.236 -0.121 1.911
69 18 0.232 -0.495 1.942
69 19 0.223 -0.738 1.927
69 20 0.282 -0.782 1.891
70 1 0.167 -0.051 1.900
70 2 0.147 0.004 1.950
70 3 0.150 0.345 1.968
70 4 0.223 0.496 1.973
70 5 0.042 0.231 1.896
70 6 -0.035 -0.013 1.823
70 7 -0.030 -0.199 1.774
70 8 -0.024 -0.272 1.770
70 9 0.321 0.203 1.997
70 10 0.473 0.065 1.955
70 11 0.641 0.125 1.864
70 12 0.671 0.179 1.863
70 13 0.103 -0.111 1.862
70 14 0.069 -0.482 1.901
70 15 0.070 -0.744 1.932
70 16 0.103 -0.776 1.856
70 17 0.238 -0.121 1.908
70 18 0.233 -0.495 1.942
70 19 0.223 -0.739 1.928
70 20 0.282 -0.781 1.891
71 1 0.170 -0.052 1.898
71 2 0.151 0.004 1.948
71 3 0.155 0.345 1.966
71 4 0.231 0.495 1.969
71 5 0.047 0.232 1.894
71 6 -0.032 -0.013 1.822
71 7 -0.029 -0.200 1.773
71 8 -0.023 -0.271 1.769
71 9 0.324 0.203 1.995
71 10 0.462 0.049 1.963
71 11 0.626 0.113 1.874
71 12 0.666 0.172 1.867
71 13 0.106 -0.111 1.862
71 14 0.069 -0.482 1.901
71 15 0.070 -0.744 1.932
71 16 0.103 -0.776 1.856
71 17 0.240 -0.121 1.906
71 18 0.233 -0.495 1.941
71 19 0.224 -0.739 1.928
71 20 0.282 -0.781 1.892
72 1 0.173 -0.052 1.896
72 2 0.154 0.004 1.946
72 3 0.159 0.345 1.964
72 4 0.236 0.494 1.966
72 5 0.051 0.232 1.892
72 6 -0.030 -0.012 1.821
72 7 -0.028 -0.200 1.773
72 8 -0.022 -0.270 1.769
72 9 0.327 0.203 1.993
72 10 0.455 0.038 1.969
72 11 0.618 0.099 1.879
72 12 0.664 0.160 1.870
72 13 0.109 -0.112 1.861
72 14 0.070 -0.482 1.902
72 15 0.071 -0.744 1.932
72 16 0.103 -0.776 1.856
72 17 0.242 -0.121 1.903
72 18 0.234 -0.495 1.941
72 19 0.224 -0.739 1.928
72 20 0.282 -0.782 1.893
73 1 0.176 -0.052 1.894
73 2 0.157 0.004 1.944
73 3 0.161 0.344 1.963
73 4 0.241 0.493 1.963
73 5 0.056 0.232 1.890
73 6 -0.027 -0.012 1.821
73 7 -0.025 -0.201 1.772
73 8 -0.021 -0.269 1.768
73 9 0.331 0.202 1.992
73 10 0.447 0.029 1.973
73 11 0.608 0.081 1.881
73 12 0.628 0.120 1.891
73 13 0.113 -0.112 1.859
73 14 0.071 -0.482 1.902
73 15 0.071 -0.744 1.931
73 16 0.103 -0.776 1.856
73 17 0.244 -0.121 1.901
73 18 0.235 -0.494 1.940
73 19 0.225 -0.739 1.928
73 20 0.282 -0.782 1.893
74 1 0.179 -0.053 1.892
74 2 0.160 0.004 1.943
74 3 0.164 0.344 1.961
74 4 0.244 0.492 1.961
74 5 0.060 0.232 1.889
74 6 -0.024 -0.013 1.820
74 7 -0.023 -0.201 1.772
74 8 -0.019 -0.268 1.768
74 9 0.333 0.201 1.992
74 10 0.436 0.019 1.979
74 11 0.591 0.047 1.875
74 12 0.625 0.071 1.874
74 13 0.118 -0.112 1.857
74 14 0.072 -0.481 1.901
74 15 0.072 -0.743 1.931
74 16 0.104 -0.776 1.856
74 17 0.246 -0.122 1.900
74 18 0.236 -0.494 1.939
74 19 0.226 -0.739 1.928
74 20 0.282 -0.782 1.894
75 1 0.182 -0.052 1.891
75 2 0.162 0.004 1.941
75 3 0.166 0.344 1.961
75 4 0.247 0.491 1.959
75 5 0.063 0.232 1.887
75 6 -0.020 -0.013 1.819
75 7 -0.020 -0.202 1.772
75 8 -0.017 -0.267 1.768
75 9 0.335 0.201 1.992
75 10 0.425 -0.017 1.976
75 11 0.575 -0.001 1.851
75 12 0.619 0.006 1.825
75 13 0.123 -0.111 1.854
75 14 0.073 -0.481 1.901
75 15 0.073 -0.743 1.931
75 16 0.104 -0.776 1.855
75 17 0.247 -0.121 1.899
75 18 0.238 -0.493 1.938
75 19 0.226 -0.739 1.928
75 20 0.283 -0.782 1.894
76 1 0.184 -0.052 1.889
76 2 0.164 0.004 1.940
76 3 0.167 0.344 1.960
76 4 0.250 0.490 1.957
76 5 0.066 0.232 1.886
76 6 -0.016 -0.013 1.818
76 7 -0.017 -0.202 1.771
76 8 -0.014 -0.266 1.768
76 9 0.337 0.201 1.993
76 10 0.386 -0.021 2.000
76 11 0.510 -0.075 1.854
76 12 0.549 -0.065 1.835
76 13 0.128 -0.110 1.851
76 14 0.075 -0.480 1.900
76 15 0.074 -0.743 1.930
76 16 0.106 -0.775 1.855
76 17 0.248 -0.121 1.898
76 18 0.239 -0.492 1.938
76 19 0.227 -0.739 1.929
76 20 0.283 -0.782 1.895
77 1 0.186 -0.052 1.888
77 2 0.165 0.004 1.939
77 3 0.168 0.343 1.959
77 4 0.251 0.490 1.955
77 5 0.068 0.232 1.885
77 6 -0.013 -0.013 1.818
77 7 -0.014 -0.203 1.771
77 8 -0.011 -0.265 1.768
77 9 0.337 0.201 1.995
77 10 0.365 -0.020 2.014
77 11 0.452 -0.130 1.861
77 12 0.493 -0.147 1.827
77 13 0.131 -0.110 1.849
77 14 0.076 -0.479 1.900
77 15 0.075 -0.743 1.930
77 16 0.108 -0.775 1.855
77 17 0.249 -0.121 1.898
77 18 0.240 -0.492 1.937
77 19 0.228 -0.739 1.929
77 20 0.283 -0.782 1.895
78 1 0.187 -0.052 1.888
78 2 0.166 0.004 1.938
78 3 0.169 0.343 1.959
78 4 0.253 0.490 1.954
78 5 0.070 0.231 1.884
78 6 -0.010 -0.013 1.817
78 7 -0.012 -0.203 1.771
78 8 -0.007 -0.265 1.768
78 9 0.336 0.203 1.999
78 10 0.354 -0.018 2.023
78 11 0.397 -0.173 1.876
78 12 0.429 -0.216 1.838
78 13 0.134 -0.109 1.847
78 14 0.077 -0.479 1.899
78 15 0.075 -0.742 1.930
78 16 0.109 -0.775 1.855
78 17 0.250 -0.121 1.897
78 18 0.241 -0.491 1.936
78 19 0.228 -0.739 1.929
78 20 0.283 -0.782 1.895
79 1 0.189 -0.051 1.887
79 2 0.167 0.005 1.938
79 3 0.170 0.343 1.958
79 4 0.254 0.489 1.953
79 5 0.071 0.231 1.883
79 6 -0.008 -0.012 1.817
79 7 -0.009 -0.203 1.771
79 8 -0.004 -0.264 1.768
79 9 0.332 0.207 2.003
79 10 0.346 -0.015 2.031
79 11 0.373 -0.179 1.892
79 12 0.382 -0.236 1.865
79 13 0.136 -0.108 1.846
79 14 0.079 -0.478 1.898
79 15 0.076 -0.742 1.929
79 16 0.111 -0.775 1.854
79 17 0.251 -0.121 1.897
79 18 0.242 -0.491 1.936
79 19 0.228 -0.739 1.929
79 20 0.284 -0.782 1.896
80 1 0.189 -0.051 1.887
80 2 0.167 0.005 1.937
80 3 0.171 0.343 1.958
80 4 0.254 0.489 1.952
80 5 0.072 0.231 1.883
80 6 -0.006 -0.012 1.817
80 7 -0.008 -0.203 1.771
80 8 -0.002 -0.263 1.768
80 9 0.329 0.210 2.007
80 10 0.341 -0.011 2.037
80 11 0.344 -0.193 1.907
80 12 0.349 -0.250 1.889
80 13 0.138 -0.108 1.844
80 14 0.080 -0.477 1.898
80 15 0.077 -0.742 1.929
80 16 0.112 -0.774 1.854
80 17 0.252 -0.121 1.898
80 18 0.243 -0.491 1.936
80 19 0.229 -0.739 1.929
80 20 0.284 -0.782 1.896
81 1 0.190 -0.051 1.886
81 2 0.167 0.005 1.937
81 3 0.171 0.343 1.958
81 4 0.255 0.489 1.951
81 5 0.072 0.231 1.882
81 6 -0.005 -0.012 1.816
81 7 -0.006 -0.203 1.770
81 8 -0.000 -0.263 1.768
81 9 0.327 0.213 2.009
81 10 0.337 -0.007 2.043
81 11 0.338 -0.188 1.916
81 12 0.343 -0.244 1.898
81 13 0.139 -0.107 1.844
81 14 0.081 -0.476 1.897
81 15 0.077 -0.742 1.929
81 16 0.113 -0.774 1.854
81 17 0.252 -0.120 1.898
81 18 0.243 -0.490 1.935
81 19 0.229 -0.739 1.929
81 20 0.284 -0.782 1.896
82 1 0.191 -0.050 1.886
82 2 0.168 0.005 1.936
82 3 0.171 0.343 1.958
82 4 0.255 0.488 1.950
82 5 0.073 0.231 1.882
82 6 -0.004 -0.012 1.816
82 7 -0.005 -0.203 1.770
82 8 0.001 -0.263 1.768
82 9 0.324 0.215 2.011
82 10 0.336 -0.005 2.046
82 11 0.333 -0.185 1.922
82 12 0.339 -0.240 1.903
82 13 0.140 -0.107 1.843
82 14 0.081 -0.476 1.897
82 15 0.077 -0.742 1.929
82 16 0.113 -0.774 1.854
82 17 0.253 -0.120 1.898
82 18 0.244 -0.490 1.935
82 19 0.230 -0.739 1.929
82 20 0.284 -0.782 1.897
83 1 0.191 -0.050 1.886
83 2 0.168 0.005 1.936
83 3 0.171 0.343 1.957
83 4 0.255 0.488 1.949
83 5 0.073 0.231 1.882
83 6 -0.004 -0.012 1.816
83 7 -0.004 -0.202 1.770
83 8 0.002 -0.262 1.768
83 9 0.320 0.217 2.013
83 10 0.334 -0.003 2.049
83 11 0.335 -0.177 1.925
83 12 0.337 -0.234 1.907
83 13 0.140 -0.106 1.843
83 14 0.082 -0.475 1.896
83 15 0.077 -0.742 1.929
83 16 0.114 -0.774 1.854
83 17 0.253 -0.119 1.899
83 18 0.244 -0.489 1.936
83 19 0.230 -0.739 1.929
83 20 0.284 -0.782 1.897
84 1 0.191 -0.050 1.886
84 2 0.168 0.006 1.936
84 3 0.170 0.342 1.957
84 4 0.254 0.487 1.949
84 5 0.073 0.231 1.882
84 6 -0.003 -0.011 1.816
84 7 -0.004 -0.202 1.770
84 8 0.003 -0.262 1.768
84 9 0.315 0.220 2.016
84 10 0.334 -0.002 2.051
84 11 0.340 -0.170 1.926
84 12 0.344 -0.225 1.906
84 13 0.140 -0.106 1.842
84 14 0.082 -0.475 1.896
84 15 0.077 -0.742 1.928
84 16 0.114 -0.774 1.854
84 17 0.253 -0.118 1.902
84 18 0.244 -0.488 1.936
84 19 0.230 -0.739 1.930
84 20 0.284 -0.782 1.897
85 1 0.192 -0.049 1.887
85 2 0.167 0.006 1.936
85 3 0.169 0.342 1.957
85 4 0.253 0.487 1.948
85 5 0.072 0.231 1.882
85 6 -0.003 -0.010 1.816
85 7 -0.003 -0.201 1.770
85 8 0.003 -0.262 1.768
85 9 0.312 0.222 2.018
85 10 0.333 -0.001 2.052
85 11 0.344 -0.166 1.926
85 12 0.348 -0.220 1.905
85 13 0.141 -0.106 1.842
85 14 0.082 -0.474 1.896
85 15 0.077 -0.742 1.928
85 16 0.115 -0.774 1.854
85 17 0.253 -0.117 1.904
85 18 0.244 -0.486 1.937
85 19 0.230 -0.740 1.930
85 20 0.284 -0.781 1.897
86 1 0.191 -0.048 1.887
86 2 0.167 0.007 1.936
86 3 0.168 0.342 1.957
86 4 0.252 0.486 1.947
86 5 0.070 0.231 1.883
86 6 -0.004 -0.010 1.816
86 7 -0.003 -0.201 1.770
86 8 0.003 -0.262 1.767
86 9 0.309 0.223 2.021
86 10 0.333 0.000 2.053
86 11 0.346 -0.163 1.926
86 12 0.350 -0.216 1.904
86 13 0.141 -0.105 1.842
86 14 0.082 -0.474 1.896
86 15 0.077 -0.742 1.928
86 16 0.115 -0.774 1.854
86 17 0.252 -0.115 1.906
86 18 0.243 -0.484 1.938
86 19 0.230 -0.740 1.930
86 20 0.284 -0.781 1.898
87 1 0.191 -0.047 1.889
87 2 0.165 0.008 1.937
87 3 0.164 0.342 1.957
87 4 0.250 0.485 1.946
87 5 0.067 0.231 1.883
87 6 -0.005 -0.009 1.816
87 7 -0.003 -0.200 1.770
87 8 0.004 -0.262 1.767
87 9 0.306 0.224 2.024
87 10 0.333 0.001 2.054
87 11 0.347 -0.161 1.926
87 12 0.352 -0.214 1.904
87 13 0.140 -0.105 1.843
87 14 0.082 -0.474 1.896
87 15 0.077 -0.742 1.928
87 16 0.115 -0.774 1.855
87 17 0.252 -0.114 1.910
87 18 0.242 -0.482 1.939
87 19 0.230 -0.740 1.930
87 20 0.284 -0.781 1.898
88 1 0.190 -0.046 1.890
88 2 0.163 0.009 1.938
88 3 0.159 0.341 1.958
88 4 0.247 0.484 1.946
88 5 0.063 0.231 1.884
88 6 -0.007 -0.008 1.816
88 7 -0.003 -0.200 1.770
88 8 0.004 -0.262 1.767
88 9 0.302 0.223 2.026
88 10 0.332 0.001 2.055
88 11 0.347 -0.160 1.926
88 12 0.352 -0.213 1.904
88 13 0.140 -0.104 1.843
88 14 0.081 -0.473 1.897
88 15 0.077 -0.742 1.928
88 16 0.115 -0.774 1.855
88 17 0.250 -0.113 1.914
88 18 0.241 -0.481 1.940
88 19 0.230 -0.740 1.931
88 20 0.284 -0.781 1.898
89 1 0.188 -0.045 1.892
89 2 0.161 0.009 1.940
89 3 0.155 0.341 1.958
89 4 0.243 0.483 1.946
89 5 0.060 0.231 1.885
89 6 -0.010 -0.008 1.816
89 7 -0.003 -0.199 1.770
89 8 0.004 -0.262 1.767
89 9 0.298 0.222 2.027
89 10 0.331 0.001 2.055
89 11 0.347 -0.159 1.926
89 12 0.352 -0.212 1.904
89 13 0.139 -0.104 1.844
89 14 0.080 -0.473 1.897
89 15 0.077 -0.742 1.928
89 16 0.115 -0.774 1.855
89 17 0.248 -0.113 1.917
89 18 0.240 -0.479 1.941
89 19 0.230 -0.740 1.931
89 20 0.282 -0.784 1.899
90 1 0.186 -0.044 1.895
90 2 0.158 0.010 1.942
90 3 0.151 0.341 1.959
90 4 0.239 0.482 1.946
90 5 0.055 0.230 1.886
90 6 -0.013 -0.007 1.817
90 7 -0.003 -0.199 1.770
90 8 0.003 -0.262 1.768
90 9 0.294 0.221 2.029
90 10 0.330 0.001 2.056
90 11 0.347 -0.159 1.927
90 12 0.352 -0.212 1.904
90 13 0.137 -0.104 1.846
90 14 0.078 -0.472 1.898
90 15 0.076 -0.742 1.929
90 16 0.115 -0.775 1.856
90 17 0.246 -0.113 1.921
90 18 0.239 -0.479 1.942
90 19 0.230 -0.740 1.932
90 20 0.277 -0.788 1.901
91 1 0.182 -0.044 1.897
91 2 0.154 0.011 1.944
91 3 0.145 0.340 1.960
91 4 0.234 0.481 1.947
91 5 0.050 0.229 1.888
91 6 -0.017 -0.008 1.818
91 7 -0.005 -0.199 1.771
91 8 0.002 -0.262 1.768
91 9 0.289 0.221 2.032
91 10 0.327 0.001 2.057
91 11 0.346 -0.159 1.928
91 12 0.351 -0.212 1.905
91 13 0.134 -0.103 1.848
91 14 0.077 -0.471 1.898
91 15 0.075 -0.742 1.929
91 16 0.114 -0.775 1.857
91 17 0.243 -0.112 1.924
91 18 0.237 -0.478 1.943
91 19 0.229 -0.740 1.932
91 20 0.273 -0.791 1.902
92 1 0.179 -0.043 1.900
92 2 0.150 0.011 1.946
92 3 0.140 0.340 1.961
92 4 0.229 0.480 1.948
92 5 0.045 0.228 1.889
92 6 -0.022 -0.008 1.819
92 7 -0.007 -0.199 1.772
92 8 0.000 -0.263 1.770
92 9 0.284 0.222 2.034
92 10 0.324 0.001 2.060
92 11 0.345 -0.159 1.929
92 12 0.350 -0.213 1.908
92 13 0.131 -0.103 1.849
92 14 0.075 -0.471 1.899
92 15 0.074 -0.742 1.930
92 16 0.114 -0.775 1.858
92 17 0.240 -0.112 1.927
92 18 0.236 -0.478 1.944
92 19 0.229 -0.740 1.933
92 20 0.269 -0.794 1.904
93 1 0.176 -0.043 1.902
93 2 0.146 0.011 1.948
93 3 0.135 0.339 1.962
93 4 0.224 0.479 1.949
93 5 0.041 0.227 1.890
93 6 -0.025 -0.009 1.820
93 7 -0.010 -0.200 1.773
93 8 -0.003 -0.264 1.771
93 9 0.280 0.222 2.036
93 10 0.320 0.002 2.064
93 11 0.344 -0.160 1.932
93 12 0.348 -0.215 1.911
93 13 0.128 -0.103 1.851
93 14 0.073 -0.470 1.900
93 15 0.072 -0.743 1.931
93 16 0.113 -0.775 1.859
93 17 0.238 -0.112 1.929
93 18 0.234 -0.478 1.946
93 19 0.229 -0.740 1.933
93 20 0.264 -0.797 1.905
94 1 0.173 -0.043 1.904
94 2 0.143 0.011 1.949
94 3 0.131 0.339 1.964
94 4 0.217 0.480 1.951
94 5 0.037 0.227 1.891
94 6 -0.029 -0.009 1.821
94 7 -0.012 -0.201 1.775
94 8 -0.006 -0.264 1.773
94 9 0.277 0.222 2.038
94 10 0.316 0.002 2.068
94 11 0.342 -0.161 1.934
94 12 0.346 -0.216 1.915
94 13 0.125 -0.103 1.853
94 14 0.071 -0.469 1.900
94 15 0.071 -0.743 1.931
94 16 0.112 -0.776 1.860
94 17 0.236 -0.112 1.930
94 18 0.233 -0.479 1.947
94 19 0.228 -0.740 1.934
94 20 0.259 -0.800 1.906
95 1 0.171 -0.043 1.905
95 2 0.140 0.011 1.950
95 3 0.127 0.339 1.965
95 4 0.213 0.480 1.952
95 5 0.034 0.226 1.892
95 6 -0.031 -0.010 1.821
95 7 -0.015 -0.201 1.776
95 8 -0.009 -0.265 1.775
95 9 0.275 0.222 2.040
95 10 0.313 0.002 2.070
95 11 0.340 -0.162 1.937
95 12 0.345 -0.218 1.920
95 13 0.122 -0.103 1.855
95 14 0.070 -0.469 1.901
95 15 0.070 -0.743 1.932
95 16 0.111 -0.776 1.860
95 17 0.234 -0.112 1.931
95 18 0.232 -0.480 1.948
95 19 0.228 -0.740 1.934
95 20 0.256 -0.802 1.907
96 1 0.168 -0.043 1.906
96 2 0.137 0.011 1.952
96 3 0.123 0.339 1.966
96 4 0.206 0.480 1.955
96 5 0.030 0.225 1.893
96 6 -0.034 -0.010 1.822
96 7 -0.017 -0.201 1.777
96 8 -0.012 -0.266 1.777
96 9 0.273 0.222 2.042
96 10 0.310 0.001 2.073
96 11 0.337 -0.164 1.941
96 12 0.343 -0.221 1.926
96 13 0.119 -0.103 1.856
96 14 0.068 -0.468 1.901
96 15 0.068 -0.743 1.932
96 16 0.110 -0.776 1.861
96 17 0.232 -0.112 1.932
96 18 0.230 -0.480 1.949
96 19 0.227 -0.741 1.935
96 20 0.253 -0.804 1.908
97 1 0.166 -0.043 1.907
97 2 0.135 0.011 1.953
97 3 0.120 0.338 1.967
97 4 0.201 0.481 1.957
97 5 0.028 0.225 1.894
97 6 -0.037 -0.010 1.823
97 7 -0.019 -0.201 1.778
97 8 -0.014 -0.266 1.779
97 9 0.271 0.222 2.044
97 10 0.308 0.001 2.074
97 11 0.335 -0.166 1.944
97 12 0.341 -0.223 1.930
97 13 0.117 -0.103 1.858
97 14 0.067 -0.468 1.902
97 15 0.067 -0.744 1.932
97 16 0.110 -0.776 1.861
97 17 0.231 -0.112 1.933
97 18 0.229 -0.482 1.950
97 19 0.227 -0.741 1.936
97 20 0.259 -0.787 1.885
98 1 0.164 -0.043 1.909
98 2 0.133 0.011 1.954
98 3 0.117 0.338 1.969
98 4 0.196 0.482 1.958
98 5 0.025 0.225 1.895
98 6 -0.039 -0.010 1.824
98 7 -0.021 -0.201 1.779
98 8 -0.016 -0.266 1.780
98 9 0.268 0.222 2.047
98 10 0.306 0.000 2.076
98 11 0.333 -0.168 1.948
98 12 0.339 -0.226 1.935
98 13 0.115 -0.103 1.859
98 14 0.065 -0.468 1.902
98 15 0.067 -0.744 1.933
98 16 0.109 -0.776 1.862
98 17 0.229 -0.112 1.934
98 18 0.228 -0.483 1.951
98 19 0.226 -0.741 1.936
98 20 0.261 -0.779 1.876
99 1 0.163 -0.043 1.910
99 2 0.131 0.011 1.955
99 3 0.114 0.338 1.971
99 4 0.192 0.483 1.960
99 5 0.022 0.224 1.896
99 6 -0.041 -0.010 1.825
99 7 -0.023 -0.201 1.780
99 8 -0.018 -0.266 1.781
99 9 0.266 0.222 2.051
99 10 0.305 -0.001 2.077
99 11 0.331 -0.170 1.952
99 12 0.338 -0.229 1.939
99 13 0.113 -0.103 1.860
99 14 0.064 -0.467 1.903
99 15 0.066 -0.744 1.933
99 16 0.109 -0.777 1.862
99 17 0.228 -0.113 1.935
99 18 0.227 -0.484 1.952
99 19 0.226 -0.741 1.937
99 20 0.262 -0.776 1.871
100 1 0.161 -0.043 1.911
100 2 0.129 0.011 1.956
100 3 0.111 0.338 1.972
100 4 0.189 0.483 1.962
100 5 0.019 0.224 1.898
100 6 -0.044 -0.010 1.826
100 7 -0.024 -0.201 1.781
100 8 -0.019 -0.266 1.782
100 9 0.264 0.222 2.054
100 10 0.303 -0.002 2.078
100 11 0.328 -0.173 1.956
100 12 0.336 -0.233 1.944
100 13 0.112 -0.103 1.861
100 14 0.063 -0.467 1.903
100 15 0.065 -0.744 1.933
100 16 0.108 -0.777 1.863
100 17 0.226 -0.113 1.936
100 18 0.225 -0.486 1.953
100 19 0.225 -0.741 1.937
100 20 0.263 -0.773 1.868
101 1 0.159 -0.043 1.912
101 2 0.127 0.010 1.957
101 3 0.108 0.338 1.974
101 4 0.186 0.484 1.963
101 5 0.016 0.224 1.899
101 6 -0.046 -0.009 1.827
101 7 -0.026 -0.200 1.782
101 8 -0.020 -0.266 1.782
101 9 0.262 0.222 2.056
101 10 0.301 -0.002 2.078
101 11 0.327 -0.177 1.961
101 12 0.335 -0.237 1.949
101 13 0.111 -0.103 1.862
101 14 0.062 -0.467 1.903
101 15 0.065 -0.744 1.933
101 16 0.107 -0.777 1.863
101 17 0.225 -0.113 1.937
101 18 0.225 -0.487 1.954
101 19 0.225 -0.741 1.938
101 20 0.264 -0.772 1.866
102 1 0.158 -0.043 1.913
102 2 0.125 0.010 1.959
102 3 0.106 0.338 1.977
102 4 0.183 0.484 1.964
102 5 0.013 0.223 1.901
102 6 -0.048 -0.008 1.828
102 7 -0.028 -0.199 1.784
102 8 -0.021 -0.266 1.783
102 9 0.260 0.222 2.058
102 10 0.300 -0.002 2.079
102 11 0.325 -0.182 1.965
102 12 0.334 -0.244 1.956
102 13 0.109 -0.104 1.863
102 14 0.061 -0.467 1.904
102 15 0.064 -0.744 1.933
102 16 0.107 -0.777 1.863
102 17 0.224 -0.113 1.938
102 18 0.224 -0.489 1.954
102 19 0.224 -0.741 1.938
102 20 0.264 -0.770 1.864
103 1 0.156 -0.043 1.915
103 2 0.123 0.010 1.960
103 3 0.103 0.338 1.979
103 4 0.180 0.485 1.966
103 5 0.011 0.223 1.903
103 6 -0.050 -0.008 1.830
103 7 -0.030 -0.198 1.785
103 8 -0.023 -0.266 1.784
103 9 0.259 0.221 2.060
103 10 0.299 -0.003 2.080
103 11 0.324 -0.187 1.969
103 12 0.334 -0.249 1.961
103 13 0.108 -0.104 1.865
103 14 0.060 -0.467 1.904
103 15 0.063 -0.744 1.933
103 16 0.106 -0.777 1.863
103 17 0.222 -0.113 1.939
103 18 0.223 -0.490 1.955
103 19 0.224 -0.741 1.938
103 20 0.219 -0.793 1.901
104 1 0.154 -0.043 1.916
104 2 0.122 0.009 1.962
104 3 0.101 0.337 1.982
104 4 0.177 0.485 1.967
104 5 0.008 0.223 1.905
104 6 -0.051 -0.007 1.831
104 7 -0.032 -0.198 1.786
104 8 -0.024 -0.266 1.785
104 9 0.258 0.221 2.061
104 10 0.299 -0.004 2.080
104 11 0.323 -0.193 1.973
104 12 0.333 -0.254 1.965
104 13 0.106 -0.104 1.866
104 14 0.058 -0.468 1.905
104 15 0.063 -0.744 1.934
104 16 0.106 -0.777 1.863
104 17 0.220 -0.113 1.940
104 18 0.222 -0.492 1.955
104 19 0.224 -0.741 1.938
104 20 0.187 -0.807 1.928
105 1 0.152 -0.044 1.918
105 2 0.120 0.009 1.964
105 3 0.099 0.336 1.984
105 4 0.174 0.484 1.969
105 5 0.005 0.222 1.907
105 6 -0.053 -0.007 1.833
105 7 -0.034 -0.198 1.788
105 8 -0.026 -0.266 1.786
105 9 0.257 0.221 2.062
105 10 0.298 -0.005 2.080
105 11 0.323 -0.201 1.976
105 12 0.332 -0.260 1.968
105 13 0.103 -0.105 1.867
105 14 0.057 -0.469 1.905
105 15 0.062 -0.744 1.934
105 16 0.105 -0.777 1.864
105 17 0.219 -0.114 1.941
105 18 0.222 -0.493 1.955
105 19 0.223 -0.741 1.939
105 20 0.231 -0.787 1.891
106 1 0.151 -0.045 1.919
106 2 0.119 0.008 1.966
106 3 0.098 0.335 1.987
106 4 0.172 0.484 1.970
106 5 0.002 0.221 1.910
106 6 -0.055 -0.007 1.836
106 7 -0.037 -0.198 1.790
106 8 -0.028 -0.266 1.787
106 9 0.257 0.220 2.063
106 10 0.298 -0.006 2.079
106 11 0.322 -0.209 1.978
106 12 0.331 -0.267 1.970
106 13 0.101 -0.107 1.869
106 14 0.055 -0.470 1.906
106 15 0.061 -0.744 1.934
106 16 0.103 -0.777 1.864
106 17 0.217 -0.115 1.942
106 18 0.221 -0.495 1.955
106 19 0.223 -0.741 1.939
106 20 0.233 -0.794 1.903
107 1 0.149 -0.046 1.921
107 2 0.118 0.007 1.967
107 3 0.097 0.334 1.989
107 4 0.167 0.483 1.972
107 5 -0.001 0.220 1.913
107 6 -0.057 -0.007 1.839
107 7 -0.040 -0.198 1.792
107 8 -0.032 -0.266 1.789
107 9 0.256 0.218 2.062
107 10 0.297 -0.008 2.078
107 11 0.321 -0.214 1.979
107 12 0.330 -0.272 1.972
107 13 0.098 -0.108 1.872
107 14 0.053 -0.471 1.906
107 15 0.061 -0.744 1.934
107 16 0.102 -0.777 1.863
107 17 0.216 -0.116 1.943
107 18 0.221 -0.496 1.954
107 19 0.222 -0.741 1.939
107 20 0.243 -0.795 1.903
108 1 0.147 -0.047 1.922
108 2 0.117 0.005 1.969
108 3 0.096 0.333 1.990
108 4 0.163 0.483 1.973
108 5 -0.004 0.219 1.917
108 6 -0.060 -0.008 1.844
108 7 -0.043 -0.198 1.795
108 8 -0.036 -0.267 1.792
108 9 0.256 0.217 2.061
108 10 0.298 -0.010 2.076
108 11 0.321 -0.218 1.980
108 12 0.329 -0.276 1.972
108 13 0.095 -0.111 1.874
108 14 0.051 -0.473 1.907
108 15 0.060 -0.744 1.934
108 16 0.100 -0.777 1.863
108 17 0.215 -0.116 1.944
108 18 0.220 -0.498 1.954
108 19 0.222 -0.741 1.939
108 20 0.248 -0.795 1.903
109 1 0.146 -0.048 1.923
109 2 0.116 0.004 1.970
109 3 0.095 0.331 1.992
109 4 0.156 0.482 1.975
109 5 -0.009 0.217 1.922
109 6 -0.062 -0.009 1.849
109 7 -0.047 -0.199 1.798
109 8 -0.040 -0.269 1.795
109 9 0.255 0.215 2.060
109 10 0.298 -0.012 2.071
109 11 0.320 -0.221 1.980
109 12 0.328 -0.278 1.973
109 13 0.092 -0.113 1.877
109 14 0.050 -0.474 1.908
109 15 0.060 -0.744 1.935
109 16 0.098 -0.777 1.863
109 17 0.214 -0.117 1.944
109 18 0.219 -0.498 1.953
109 19 0.221 -0.741 1.939
109 20 0.254 -0.782 1.879
110 1 0.144 -0.049 1.924
110 2 0.115 0.003 1.971
110 3 0.095 0.330 1.993
110 4 0.150 0.481 1.977
110 5 -0.014 0.216 1.927
110 6 -0.065 -0.009 1.855
110 7 -0.052 -0.199 1.802
110 8 -0.045 -0.270 1.799
110 9 0.255 0.213 2.058
110 10 0.299 -0.014 2.066
110 11 0.320 -0.222 1.980
110 12 0.327 -0.280 1.973
110 13 0.088 -0.115 1.880
110 14 0.048 -0.476 1.909
110 15 0.059 -0.744 1.935
110 16 0.095 -0.777 1.863
110 17 0.213 -0.118 1.944
110 18 0.219 -0.499 1.952
110 19 0.221 -0.740 1.938
110 20 0.255 -0.776 1.867
111 1 0.142 -0.050 1.925
111 2 0.115 0.002 1.972
111 3 0.094 0.329 1.993
111 4 0.144 0.481 1.978
111 5 -0.018 0.215 1.931
111 6 -0.067 -0.010 1.862
111 7 -0.056 -0.200 1.807
111 8 -0.049 -0.271 1.803
111 9 0.256 0.211 2.055
111 10 0.300 -0.017 2.060
111 11 0.320 -0.223 1.980
111 12 0.327 -0.281 1.973
111 13 0.085 -0.117 1.882
111 14 0.047 -0.478 1.911
111 15 0.059 -0.744 1.935
111 16 0.093 -0.777 1.863
111 17 0.212 -0.119 1.944
111 18 0.218 -0.501 1.951
111 19 0.220 -0.740 1.938
111 20 0.255 -0.773 1.861
112 1 0.141 -0.051 1.925
112 2 0.114 0.002 1.973
112 3 0.094 0.328 1.994
112 4 0.140 0.481 1.979
112 5 -0.022 0.214 1.936
112 6 -0.070 -0.011 1.869
112 7 -0.060 -0.201 1.813
112 8 -0.054 -0.272 1.808
112 9 0.256 0.209 2.053
112 10 0.302 -0.018 2.054
112 11 0.320 -0.224 1.979
112 12 0.326 -0.282 1.972
112 13 0.082 -0.119 1.884
112 14 0.046 -0.479 1.912
112 15 0.058 -0.744 1.936
112 16 0.090 -0.777 1.862
112 17 0.211 -0.119 1.943
112 18 0.217 -0.502 1.949
112 19 0.220 -0.740 1.938
112 20 0.234 -0.786 1.876
113 1 0.139 -0.052 1.926
113 2 0.114 0.001 1.974
113 3 0.094 0.327 1.995
113 4 0.136 0.481 1.980
113 5 -0.026 0.213 1.941
113 6 -0.071 -0.012 1.874
113 7 -0.064 -0.202 1.818
113 8 -0.059 -0.273 1.814
113 9 0.256 0.208 2.050
113 10 0.303 -0.019 2.050
113 11 0.320 -0.223 1.976
113 12 0.326 -0.281 1.968
113 13 0.079 -0.120 1.886
113 14 0.045 -0.481 1.913
113 15 0.058 -0.744 1.936
113 16 0.087 -0.777 1.862
113 17 0.209 -0.120 1.942
113 18 0.217 -0.503 1.947
113 19 0.219 -0.740 1.937
113 20 0.220 -0.795 1.886
114 1 0.137 -0.053 1.926
114 2 0.113 0.000 1.975
114 3 0.094 0.326 1.995
114 4 0.132 0.481 1.982
114 5 -0.028 0.213 1.945
114 6 -0.073 -0.013 1.880
114 7 -0.068 -0.202 1.824
114 8 -0.063 -0.273 1.819
114 9 0.256 0.207 2.048
114 10 0.304 -0.020 2.047
114 11 0.320 -0.221 1.972
114 12 0.325 -0.279 1.962
114 13 0.076 -0.120 1.888
114 14 0.044 -0.482 1.914
114 15 0.057 -0.744 1.937
114 16 0.085 -0.777 1.862
114 17 0.207 -0.120 1.940
114 18 0.216 -0.503 1.945
114 19 0.219 -0.740 1.937
114 20 0.180 -0.798 1.919
115 1 0.135 -0.053 1.926
115 2 0.113 -0.000 1.976
115 3 0.094 0.325 1.996
115 4 0.129 0.481 1.983
115 5 -0.030 0.212 1.948
115 6 -0.074 -0.013 1.884
115 7 -0.071 -0.203 1.829
115 8 -0.066 -0.274 1.825
115 9 0.256 0.207 2.045
115 10 0.305 -0.020 2.043
115 11 0.321 -0.219 1.968
115 12 0.324 -0.278 1.957
115 13 0.073 -0.121 1.889
115 14 0.043 -0.482 1.915
115 15 0.056 -0.745 1.937
115 16 0.082 -0.777 1.862
115 17 0.204 -0.120 1.938
115 18 0.215 -0.502 1.943
115 19 0.218 -0.740 1.936
115 20 0.163 -0.800 1.933
116 1 0.133 -0.054 1.927
116 2 0.112 -0.001 1.976
116 3 0.093 0.324 1.996
116 4 0.126 0.481 1.984
116 5 -0.032 0.212 1.951
116 6 -0.075 -0.014 1.888
116 7 -0.073 -0.203 1.833
116 8 -0.069 -0.274 1.829
116 9 0.256 0.206 2.042
116 10 0.306 -0.021 2.039
116 11 0.321 -0.217 1.963
116 12 0.324 -0.277 1.952
116 13 0.071 -0.121 1.890
116 14 0.043 -0.483 1.916
116 15 0.056 -0.745 1.938
116 16 0.080 -0.778 1.862
116 17 0.202 -0.121 1.936
116 18 0.214 -0.502 1.940
116 19 0.218 -0.739 1.935
116 20 0.157 -0.802 1.938
