1 1 0.286 -0.054 2.024
1 2 0.324 0.009 2.077
1 3 0.314 0.395 2.133
1 4 0.294 0.572 2.151
1 5 0.167 0.261 2.227
1 6 0.136 0.017 2.241
1 7 0.107 -0.193 2.201
1 8 0.084 -0.275 2.184
1 9 0.426 0.263 1.990
1 10 0.519 0.318 1.796
1 11 0.465 0.492 1.810
1 12 0.476 0.567 1.852
1 13 0.217 -0.135 2.050
1 14 0.262 -0.542 2.080
1 15 0.301 -0.787 2.076
1 16 0.264 -0.854 2.058
1 17 0.347 -0.112 1.960
1 18 0.392 -0.443 1.903
1 19 0.482 -0.696 1.858
1 20 0.459 -0.756 1.819
2 1 0.278 -0.051 2.030
2 2 0.316 0.011 2.083
2 3 0.308 0.395 2.138
2 4 0.289 0.572 2.155
2 5 0.159 0.259 2.230
2 6 0.130 0.015 2.243
2 7 0.103 -0.193 2.197
2 8 0.081 -0.275 2.177
2 9 0.422 0.267 1.997
2 10 0.515 0.321 1.804
2 11 0.459 0.495 1.822
2 12 0.468 0.570 1.867
2 13 0.208 -0.134 2.057
2 14 0.257 -0.541 2.081
2 15 0.300 -0.788 2.077
2 16 0.263 -0.855 2.059
2 17 0.340 -0.109 1.965
2 18 0.382 -0.439 1.902
2 19 0.467 -0.699 1.854
2 20 0.451 -0.755 1.811
3 1 0.271 -0.048 2.036
3 2 0.309 0.013 2.089
3 3 0.302 0.395 2.143
3 4 0.285 0.572 2.159
3 5 0.151 0.257 2.233
3 6 0.125 0.012 2.244
3 7 0.100 -0.193 2.193
3 8 0.079 -0.274 2.170
3 9 0.419 0.269 2.002
3 10 0.512 0.324 1.811
3 11 0.455 0.498 1.833
3 12 0.463 0.572 1.879
3 13 0.200 -0.132 2.062
3 14 0.251 -0.541 2.083
3 15 0.300 -0.788 2.078
3 16 0.263 -0.855 2.060
3 17 0.334 -0.107 1.969
3 18 0.373 -0.435 1.901
3 19 0.450 -0.702 1.851
3 20 0.403 -0.749 1.811
4 1 0.266 -0.045 2.040
4 2 0.304 0.015 2.093
4 3 0.297 0.395 2.147
4 4 0.280 0.573 2.163
4 5 0.145 0.256 2.236
4 6 0.120 0.010 2.245
4 7 0.096 -0.192 2.189
4 8 0.076 -0.273 2.164
4 9 0.417 0.271 2.005
4 10 0.509 0.327 1.817
4 11 0.451 0.502 1.843
4 12 0.458 0.575 1.890
4 13 0.193 -0.131 2.067
4 14 0.246 -0.542 2.084
4 15 0.299 -0.788 2.078
4 16 0.263 -0.857 2.060
4 17 0.330 -0.104 1.972
4 18 0.365 -0.434 1.899
4 19 0.439 -0.705 1.849
4 20 0.371 -0.742 1.812
5 1 0.262 -0.043 2.043
5 2 0.299 0.017 2.096
5 3 0.292 0.395 2.151
5 4 0.276 0.573 2.166
5 5 0.140 0.254 2.239
5 6 0.116 0.009 2.245
5 7 0.093 -0.191 2.186
5 8 0.074 -0.271 2.158
5 9 0.414 0.272 2.009
5 10 0.507 0.330 1.822
5 11 0.453 0.508 1.867
5 12 0.457 0.567 1.913
5 13 0.189 -0.130 2.069
5 14 0.235 -0.548 2.088
5 15 0.297 -0.789 2.079
5 16 0.264 -0.858 2.061
5 17 0.326 -0.103 1.975
5 18 0.356 -0.434 1.897
5 19 0.418 -0.707 1.849
5 20 0.340 -0.739 1.815
6 1 0.258 -0.042 2.045
6 2 0.295 0.018 2.099
6 3 0.288 0.395 2.155
6 4 0.271 0.573 2.170
6 5 0.136 0.254 2.241
6 6 0.112 0.008 2.245
6 7 0.089 -0.189 2.183
6 8 0.071 -0.269 2.154
6 9 0.412 0.273 2.012
6 10 0.504 0.333 1.826
6 11 0.454 0.511 1.877
6 12 0.451 0.559 1.928
6 13 0.184 -0.128 2.072
6 14 0.226 -0.551 2.092
6 15 0.291 -0.790 2.081
6 16 0.237 -0.840 2.033
6 17 0.322 -0.101 1.977
6 18 0.345 -0.433 1.895
6 19 0.399 -0.707 1.848
6 20 0.327 -0.739 1.815
7 1 0.254 -0.040 2.047
7 2 0.292 0.019 2.101
7 3 0.285 0.394 2.158
7 4 0.267 0.573 2.173
7 5 0.133 0.253 2.243
7 6 0.108 0.006 2.245
7 7 0.085 -0.187 2.180
7 8 0.068 -0.267 2.151
7 9 0.409 0.273 2.014
7 10 0.501 0.336 1.829
7 11 0.454 0.513 1.883
7 12 0.448 0.555 1.935
7 13 0.181 -0.128 2.074
7 14 0.219 -0.554 2.095
7 15 0.283 -0.792 2.083
7 16 0.220 -0.832 2.020
7 17 0.318 -0.099 1.978
7 18 0.334 -0.433 1.895
7 19 0.384 -0.706 1.848
7 20 0.316 -0.740 1.814
8 1 0.251 -0.039 2.049
8 2 0.289 0.020 2.102
8 3 0.282 0.394 2.160
8 4 0.263 0.573 2.175
8 5 0.131 0.252 2.245
8 6 0.104 0.005 2.244
8 7 0.081 -0.186 2.179
8 8 0.064 -0.265 2.149
8 9 0.406 0.273 2.017
8 10 0.498 0.338 1.832
8 11 0.454 0.514 1.888
8 12 0.445 0.553 1.940
8 13 0.178 -0.127 2.076
8 14 0.213 -0.557 2.098
8 15 0.273 -0.796 2.086
8 16 0.269 -0.852 2.046
8 17 0.314 -0.098 1.978
8 18 0.324 -0.433 1.894
8 19 0.371 -0.705 1.848
8 20 0.308 -0.744 1.815
9 1 0.248 -0.036 2.050
9 2 0.286 0.021 2.104
9 3 0.280 0.394 2.162
9 4 0.259 0.573 2.178
9 5 0.128 0.251 2.246
9 6 0.101 0.004 2.245
9 7 0.077 -0.185 2.178
9 8 0.060 -0.263 2.148
9 9 0.403 0.272 2.019
9 10 0.496 0.339 1.834
9 11 0.454 0.515 1.891
9 12 0.444 0.551 1.943
9 13 0.175 -0.125 2.078
9 14 0.206 -0.557 2.102
9 15 0.260 -0.798 2.089
9 16 0.223 -0.841 2.032
9 17 0.309 -0.095 1.978
9 18 0.314 -0.433 1.893
9 19 0.353 -0.704 1.847
9 20 0.295 -0.748 1.819
10 1 0.244 -0.035 2.051
10 2 0.283 0.022 2.104
10 3 0.278 0.394 2.164
10 4 0.256 0.573 2.180
10 5 0.127 0.251 2.248
10 6 0.098 0.003 2.245
10 7 0.074 -0.184 2.178
10 8 0.055 -0.262 2.148
10 9 0.398 0.271 2.021
10 10 0.493 0.341 1.835
10 11 0.454 0.516 1.893
10 12 0.441 0.550 1.945
10 13 0.172 -0.125 2.079
10 14 0.198 -0.553 2.105
10 15 0.247 -0.800 2.092
10 16 0.191 -0.837 2.027
10 17 0.305 -0.094 1.978
10 18 0.307 -0.433 1.892
10 19 0.339 -0.703 1.846
10 20 0.273 -0.748 1.831
11 1 0.242 -0.034 2.052
11 2 0.281 0.022 2.105
11 3 0.277 0.393 2.165
11 4 0.253 0.572 2.181
11 5 0.125 0.250 2.248
11 6 0.095 0.002 2.247
11 7 0.070 -0.184 2.179
11 8 0.050 -0.262 2.150
11 9 0.392 0.269 2.022
11 10 0.489 0.342 1.836
11 11 0.453 0.516 1.894
11 12 0.440 0.549 1.946
11 13 0.170 -0.124 2.080
11 14 0.189 -0.546 2.109
11 15 0.236 -0.801 2.094
11 16 0.228 -0.790 2.003
11 17 0.300 -0.093 1.978
11 18 0.302 -0.433 1.892
11 19 0.331 -0.703 1.846
11 20 0.263 -0.748 1.836
12 1 0.239 -0.034 2.052
12 2 0.279 0.023 2.105
12 3 0.276 0.393 2.166
12 4 0.251 0.572 2.183
12 5 0.124 0.250 2.249
12 6 0.092 0.002 2.248
12 7 0.066 -0.185 2.182
12 8 0.044 -0.262 2.154
12 9 0.385 0.267 2.021
12 10 0.485 0.343 1.837
12 11 0.451 0.516 1.894
12 12 0.441 0.549 1.945
12 13 0.168 -0.124 2.080
12 14 0.183 -0.539 2.112
12 15 0.223 -0.797 2.098
12 16 0.243 -0.763 1.995
12 17 0.296 -0.092 1.977
12 18 0.297 -0.432 1.891
12 19 0.323 -0.702 1.846
12 20 0.254 -0.748 1.841
13 1 0.235 -0.034 2.051
13 2 0.276 0.023 2.105
13 3 0.275 0.394 2.167
13 4 0.249 0.572 2.184
13 5 0.124 0.250 2.249
13 6 0.090 0.002 2.251
13 7 0.061 -0.186 2.186
13 8 0.039 -0.264 2.160
13 9 0.380 0.265 2.020
13 10 0.478 0.344 1.836
13 11 0.449 0.517 1.892
13 12 0.435 0.552 1.939
13 13 0.164 -0.122 2.080
13 14 0.179 -0.535 2.113
13 15 0.217 -0.796 2.100
13 16 0.249 -0.752 1.992
13 17 0.290 -0.092 1.976
13 18 0.294 -0.431 1.891
13 19 0.318 -0.702 1.846
13 20 0.249 -0.748 1.843
14 1 0.231 -0.033 2.051
14 2 0.273 0.023 2.104
14 3 0.274 0.394 2.168
14 4 0.248 0.572 2.186
14 5 0.123 0.250 2.250
14 6 0.088 0.003 2.254
14 7 0.058 -0.188 2.191
14 8 0.034 -0.265 2.168
14 9 0.373 0.263 2.018
14 10 0.466 0.345 1.833
14 11 0.444 0.517 1.889
14 12 0.429 0.553 1.935
14 13 0.161 -0.121 2.080
14 14 0.166 -0.481 2.109
14 15 0.205 -0.771 2.102
14 16 0.244 -0.734 1.990
14 17 0.283 -0.091 1.975
14 18 0.288 -0.431 1.894
14 19 0.314 -0.701 1.846
14 20 0.237 -0.743 1.848
15 1 0.226 -0.033 2.050
15 2 0.270 0.024 2.103
15 3 0.273 0.394 2.168
15 4 0.246 0.572 2.187
15 5 0.123 0.250 2.250
15 6 0.085 0.010 2.264
15 7 0.055 -0.189 2.201
15 8 0.031 -0.267 2.181
15 9 0.364 0.261 2.012
15 10 0.454 0.346 1.829
15 11 0.416 0.520 1.865
15 12 0.410 0.558 1.918
15 13 0.157 -0.118 2.080
15 14 0.159 -0.449 2.106
15 15 0.198 -0.756 2.105
15 16 0.242 -0.725 1.990
15 17 0.275 -0.090 1.973
15 18 0.284 -0.430 1.895
15 19 0.311 -0.701 1.846
15 20 0.231 -0.742 1.851
16 1 0.222 -0.031 2.048
16 2 0.267 0.025 2.101
16 3 0.272 0.395 2.169
16 4 0.245 0.572 2.187
16 5 0.122 0.250 2.250
16 6 0.083 0.016 2.272
16 7 0.054 -0.190 2.211
16 8 0.029 -0.269 2.193
16 9 0.354 0.261 2.005
16 10 0.436 0.346 1.822
16 11 0.404 0.522 1.855
16 12 0.393 0.562 1.903
16 13 0.153 -0.115 2.079
16 14 0.155 -0.434 2.105
16 15 0.194 -0.743 2.106
16 16 0.240 -0.719 1.991
16 17 0.268 -0.088 1.970
16 18 0.280 -0.429 1.897
16 19 0.309 -0.701 1.846
16 20 0.228 -0.741 1.852
17 1 0.221 -0.021 2.040
17 2 0.266 0.033 2.094
17 3 0.271 0.399 2.168
17 4 0.228 0.577 2.191
17 5 0.121 0.245 2.241
17 6 0.083 0.017 2.277
17 7 0.054 -0.193 2.220
17 8 0.028 -0.272 2.203
17 9 0.347 0.260 2.000
17 10 0.410 0.347 1.813
17 11 0.399 0.524 1.846
17 12 0.385 0.565 1.890
17 13 0.154 -0.097 2.071
17 14 0.153 -0.417 2.103
17 15 0.191 -0.724 2.107
17 16 0.238 -0.712 1.993
17 17 0.271 -0.073 1.955
17 18 0.276 -0.426 1.898
17 19 0.308 -0.701 1.847
17 20 0.226 -0.740 1.853
18 1 0.222 -0.013 2.033
18 2 0.266 0.042 2.087
18 3 0.270 0.412 2.165
18 4 0.213 0.578 2.194
18 5 0.120 0.243 2.236
18 6 0.083 0.017 2.280
18 7 0.054 -0.198 2.228
18 8 0.027 -0.276 2.212
18 9 0.343 0.260 1.996
18 10 0.381 0.350 1.800
18 11 0.393 0.526 1.836
18 12 0.377 0.569 1.878
18 13 0.155 -0.087 2.066
18 14 0.151 -0.408 2.103
18 15 0.190 -0.712 2.107
18 16 0.237 -0.707 1.995
18 17 0.274 -0.065 1.947
18 18 0.273 -0.428 1.898
18 19 0.306 -0.701 1.847
18 20 0.225 -0.740 1.853
19 1 0.222 -0.008 2.029
19 2 0.267 0.049 2.081
19 3 0.264 0.434 2.157
19 4 0.200 0.584 2.196
19 5 0.117 0.244 2.228
19 6 0.084 0.018 2.281
19 7 0.055 -0.201 2.234
19 8 0.028 -0.279 2.219
19 9 0.337 0.265 1.988
19 10 0.350 0.359 1.784
19 11 0.381 0.532 1.826
19 12 0.363 0.575 1.866
19 13 0.156 -0.082 2.063
19 14 0.150 -0.403 2.102
19 15 0.190 -0.705 2.107
19 16 0.236 -0.705 1.996
19 17 0.276 -0.060 1.941
19 18 0.272 -0.428 1.897
19 19 0.305 -0.701 1.847
19 20 0.224 -0.740 1.853
20 1 0.219 -0.002 2.027
20 2 0.262 0.058 2.078
20 3 0.248 0.450 2.147
20 4 0.165 0.589 2.200
20 5 0.106 0.248 2.216
20 6 0.085 0.020 2.281
20 7 0.056 -0.204 2.239
20 8 0.030 -0.283 2.227
20 9 0.323 0.271 1.978
20 10 0.335 0.361 1.774
20 11 0.371 0.534 1.820
20 12 0.352 0.577 1.859
20 13 0.148 -0.070 2.068
20 14 0.125 -0.391 2.123
20 15 0.183 -0.690 2.111
20 16 0.223 -0.694 2.009
20 17 0.276 -0.057 1.938
20 18 0.271 -0.427 1.897
20 19 0.305 -0.701 1.847
20 20 0.223 -0.740 1.853
21 1 0.211 -0.015 2.019
21 2 0.248 0.033 2.066
21 3 0.220 0.363 2.125
21 4 0.151 0.539 2.192
21 5 0.075 0.175 2.186
21 6 0.090 -0.006 2.295
21 7 0.059 -0.207 2.243
21 8 0.034 -0.288 2.234
21 9 0.292 0.201 1.950
21 10 0.291 0.335 1.786
21 11 0.331 0.517 1.816
21 12 0.311 0.560 1.856
21 13 0.141 -0.073 2.067
21 14 0.148 -0.412 2.076
21 15 0.184 -0.687 2.109
21 16 0.225 -0.698 2.006
21 17 0.274 -0.086 1.926
21 18 0.270 -0.434 1.894
21 19 0.304 -0.702 1.847
21 20 0.223 -0.739 1.853
22 1 0.223 -0.018 1.989
22 2 0.252 0.049 2.024
22 3 0.260 0.455 1.958
22 4 0.279 0.617 1.962
22 5 0.211 0.413 1.829
22 6 0.174 0.251 1.991
22 7 0.126 0.033 2.097
22 8 0.106 -0.048 2.089
22 9 0.316 0.260 1.805
22 10 0.312 0.423 1.666
22 11 0.339 0.604 1.689
22 12 0.318 0.646 1.730
22 13 0.174 -0.057 2.029
22 14 0.159 -0.464 2.093
22 15 0.194 -0.688 2.099
22 16 0.237 -0.704 1.990
22 17 0.271 -0.087 1.931
22 18 0.271 -0.440 1.890
22 19 0.305 -0.703 1.847
22 20 0.223 -0.739 1.853
23 1 0.228 -0.015 1.988
23 2 0.250 0.066 2.045
23 3 0.280 0.502 2.111
23 4 0.244 0.578 1.956
23 5 0.228 0.451 1.945
23 6 0.177 0.252 2.020
23 7 0.136 0.037 2.117
23 8 0.113 -0.029 2.110
23 9 0.319 0.281 1.905
23 10 0.205 0.354 1.740
23 11 0.146 0.559 1.769
23 12 0.153 0.615 1.784
23 13 0.192 -0.050 2.030
23 14 0.162 -0.494 2.113
23 15 0.203 -0.752 2.094
23 16 0.246 -0.746 1.992
23 17 0.268 -0.086 1.935
23 18 0.272 -0.444 1.886
23 19 0.305 -0.704 1.847
23 20 0.223 -0.739 1.852
24 1 0.207 0.005 2.017
24 2 0.226 0.089 2.076
24 3 0.249 0.538 2.103
24 4 0.180 0.593 1.951
24 5 0.216 0.521 1.943
24 6 0.161 0.346 1.828
24 7 0.138 0.142 1.983
24 8 0.128 0.083 1.981
24 9 0.306 0.307 1.884
24 10 0.122 0.367 1.728
24 11 0.058 0.588 1.742
24 12 0.038 0.629 1.784
24 13 0.167 -0.019 2.028
24 14 0.145 -0.489 2.143
24 15 0.204 -0.727 2.067
24 16 0.251 -0.727 1.966
24 17 0.247 -0.068 1.995
24 18 0.272 -0.446 1.885
24 19 0.306 -0.705 1.848
24 20 0.223 -0.739 1.852
25 1 0.202 0.014 2.027
25 2 0.221 0.096 2.085
25 3 0.254 0.527 2.133
25 4 0.138 0.609 2.014
25 5 0.224 0.508 1.966
25 6 0.094 0.340 1.788
25 7 0.104 0.151 1.941
25 8 0.091 0.091 1.937
25 9 0.300 0.327 1.905
25 10 0.057 0.361 1.752
25 11 -0.017 0.582 1.762
25 12 -0.042 0.627 1.799
25 13 0.174 -0.017 2.059
25 14 0.159 -0.416 2.095
25 15 0.204 -0.710 2.054
25 16 0.252 -0.716 1.955
25 17 0.230 -0.055 1.976
25 18 0.289 -0.409 1.874
25 19 0.311 -0.693 1.845
25 20 0.224 -0.739 1.852
26 1 0.199 0.017 2.031
26 2 0.220 0.098 2.091
26 3 0.256 0.523 2.149
26 4 0.248 0.645 2.174
26 5 0.229 0.514 1.976
26 6 0.079 0.338 1.785
26 7 0.095 0.144 1.929
26 8 0.083 0.120 1.915
26 9 0.298 0.335 1.917
26 10 0.045 0.355 1.772
26 11 -0.118 0.555 1.738
26 12 -0.126 0.609 1.741
26 13 0.178 -0.025 2.077
26 14 0.163 -0.396 2.081
26 15 0.205 -0.699 2.053
26 16 0.253 -0.707 1.958
26 17 0.223 -0.052 1.965
26 18 0.293 -0.410 1.870
26 19 0.312 -0.694 1.845
26 20 0.224 -0.739 1.851
27 1 0.199 0.015 2.034
27 2 0.221 0.092 2.095
27 3 0.257 0.515 2.157
27 4 0.244 0.659 2.200
27 5 0.227 0.500 1.994
27 6 0.077 0.318 1.786
27 7 0.101 0.129 1.930
27 8 0.108 0.033 2.008
27 9 0.297 0.330 1.932
27 10 0.043 0.348 1.789
27 11 -0.157 0.490 1.708
27 12 -0.176 0.551 1.708
27 13 0.180 -0.040 2.084
27 14 0.165 -0.387 2.075
27 15 0.205 -0.695 2.053
27 16 0.253 -0.704 1.961
27 17 0.219 -0.056 1.959
27 18 0.295 -0.412 1.869
27 19 0.313 -0.695 1.845
27 20 0.228 -0.740 1.849
28 1 0.206 0.002 2.029
28 2 0.227 0.078 2.092
28 3 0.257 0.509 2.160
28 4 0.260 0.667 2.241
28 5 0.223 0.487 2.005
28 6 0.031 0.344 1.809
28 7 -0.135 0.385 1.702
28 8 -0.183 0.425 1.693
28 9 0.297 0.327 1.940
28 10 0.042 0.336 1.802
28 11 -0.179 0.415 1.686
28 12 -0.222 0.463 1.672
28 13 0.187 -0.064 2.069
28 14 0.166 -0.384 2.071
28 15 0.206 -0.693 2.055
28 16 0.252 -0.703 1.965
28 17 0.222 -0.062 1.954
28 18 0.296 -0.415 1.868
28 19 0.314 -0.696 1.845
28 20 0.233 -0.741 1.848
29 1 0.222 -0.024 2.011
29 2 0.237 0.051 2.078
29 3 0.255 0.502 2.158
29 4 0.260 0.664 2.238
29 5 0.217 0.476 2.012
29 6 0.014 0.332 1.826
29 7 -0.156 0.389 1.640
29 8 -0.221 0.412 1.633
29 9 0.298 0.322 1.946
29 10 0.055 0.310 1.808
29 11 -0.180 0.323 1.661
29 12 -0.246 0.372 1.637
29 13 0.197 -0.083 2.030
29 14 0.167 -0.385 2.071
29 15 0.206 -0.692 2.061
29 16 0.250 -0.703 1.973
29 17 0.239 -0.077 1.953
29 18 0.295 -0.419 1.868
29 19 0.314 -0.697 1.846
29 20 0.237 -0.742 1.847
30 1 0.237 -0.065 1.990
30 2 0.222 0.014 2.054
30 3 0.251 0.492 2.152
30 4 0.261 0.656 2.235
30 5 0.221 0.368 1.912
30 6 0.001 0.277 1.774
30 7 -0.190 0.290 1.598
30 8 -0.285 0.340 1.564
30 9 0.300 0.318 1.949
30 10 0.077 0.276 1.802
30 11 -0.163 0.238 1.641
30 12 -0.278 0.251 1.593
30 13 0.204 -0.094 2.007
30 14 0.167 -0.391 2.074
30 15 0.206 -0.692 2.067
30 16 0.249 -0.704 1.979
30 17 0.255 -0.096 1.952
30 18 0.293 -0.427 1.869
30 19 0.315 -0.697 1.846
30 20 0.322 -0.740 1.805
31 1 0.244 -0.086 1.980
31 2 0.214 -0.005 2.042
31 3 0.246 0.479 2.145
31 4 0.256 0.644 2.227
31 5 0.220 0.332 1.885
31 6 0.005 0.232 1.746
31 7 -0.217 0.241 1.540
31 8 -0.299 0.257 1.522
31 9 0.302 0.314 1.950
31 10 0.101 0.239 1.789
31 11 -0.134 0.167 1.631
31 12 -0.202 0.173 1.612
31 13 0.208 -0.102 1.995
31 14 0.166 -0.403 2.081
31 15 0.205 -0.687 2.073
31 16 0.247 -0.701 1.984
31 17 0.264 -0.109 1.951
31 18 0.288 -0.441 1.869
31 19 0.315 -0.698 1.846
31 20 0.375 -0.738 1.778
32 1 0.247 -0.097 1.974
32 2 0.210 -0.017 2.035
32 3 0.245 0.466 2.140
32 4 0.232 0.623 2.199
32 5 0.221 0.310 1.867
32 6 0.008 0.211 1.732
32 7 -0.223 0.202 1.522
32 8 -0.306 0.223 1.505
32 9 0.303 0.310 1.949
32 10 0.123 0.196 1.775
32 11 -0.095 0.073 1.621
32 12 -0.180 0.071 1.598
32 13 0.211 -0.110 1.988
32 14 0.165 -0.446 2.098
32 15 0.205 -0.687 2.078
32 16 0.246 -0.702 1.988
32 17 0.269 -0.120 1.948
32 18 0.287 -0.456 1.871
32 19 0.316 -0.721 1.849
32 20 0.400 -0.770 1.768
33 1 0.224 -0.141 1.978
33 2 0.189 -0.054 2.037
33 3 0.245 0.456 2.136
33 4 0.211 0.606 2.179
33 5 0.222 0.296 1.856
33 6 0.032 0.179 1.721
33 7 -0.199 0.133 1.522
33 8 -0.283 0.153 1.502
33 9 0.302 0.305 1.946
33 10 0.145 0.150 1.765
33 11 -0.034 -0.021 1.621
33 12 -0.126 -0.041 1.595
33 13 0.197 -0.152 1.986
33 14 0.164 -0.483 2.113
33 15 0.205 -0.688 2.081
33 16 0.245 -0.702 1.990
33 17 0.245 -0.152 1.962
33 18 0.287 -0.473 1.872
33 19 0.317 -0.745 1.852
33 20 0.410 -0.801 1.768
34 1 0.211 -0.113 1.992
34 2 0.178 -0.045 2.042
34 3 0.247 0.396 2.118
34 4 0.194 0.563 2.160
34 5 0.224 0.260 1.845
34 6 0.064 0.095 1.713
34 7 -0.128 0.022 1.553
34 8 -0.216 0.039 1.526
34 9 0.300 0.299 1.942
34 10 0.173 0.105 1.764
34 11 0.017 -0.078 1.637
34 12 -0.049 -0.100 1.617
34 13 0.189 -0.171 2.024
34 14 0.164 -0.556 2.130
34 15 0.208 -0.754 2.100
34 16 0.244 -0.745 2.004
34 17 0.223 -0.155 1.932
34 18 0.284 -0.484 1.873
34 19 0.320 -0.760 1.853
34 20 0.417 -0.814 1.767
35 1 0.234 -0.130 1.960
35 2 0.196 -0.065 2.008
35 3 0.249 0.337 2.090
35 4 0.186 0.527 2.142
35 5 0.226 0.219 1.829
35 6 0.098 0.004 1.715
35 7 0.061 -0.161 1.642
35 8 0.072 -0.218 1.646
35 9 0.296 0.295 1.940
35 10 0.212 0.066 1.770
35 11 0.110 -0.163 1.664
35 12 0.075 -0.215 1.647
35 13 0.221 -0.204 1.996
35 14 0.207 -0.633 2.076
35 15 0.251 -0.830 2.048
35 16 0.306 -0.843 1.977
35 17 0.245 -0.159 1.893
35 18 0.282 -0.491 1.874
35 19 0.321 -0.770 1.853
35 20 0.421 -0.827 1.771
36 1 0.223 -0.122 1.975
36 2 0.184 -0.046 2.021
36 3 0.249 0.398 2.103
36 4 0.182 0.551 2.142
36 5 0.227 0.242 1.835
36 6 0.110 0.032 1.741
36 7 0.113 -0.146 1.689
36 8 0.125 -0.207 1.689
36 9 0.291 0.291 1.938
36 10 0.259 0.036 1.791
36 11 0.198 -0.206 1.709
36 12 0.175 -0.288 1.692
36 13 0.206 -0.193 2.025
36 14 0.172 -0.578 2.110
36 15 0.243 -0.735 1.888
36 16 0.310 -0.765 1.855
36 17 0.236 -0.156 1.896
36 18 0.281 -0.494 1.873
36 19 0.322 -0.775 1.853
36 20 0.420 -0.834 1.778
37 1 0.208 -0.107 1.986
37 2 0.171 -0.026 2.030
37 3 0.248 0.403 2.101
37 4 0.179 0.558 2.139
37 5 0.227 0.263 1.842
37 6 0.117 0.038 1.751
37 7 0.133 -0.136 1.708
37 8 0.147 -0.196 1.707
37 9 0.288 0.288 1.937
37 10 0.303 0.019 1.818
37 11 0.273 -0.229 1.761
37 12 0.284 -0.313 1.753
37 13 0.186 -0.164 2.037
37 14 0.162 -0.505 2.096
37 15 0.243 -0.733 1.869
37 16 0.314 -0.762 1.828
37 17 0.222 -0.149 1.907
37 18 0.279 -0.495 1.873
37 19 0.322 -0.779 1.854
37 20 0.417 -0.836 1.785
38 1 0.200 -0.093 1.990
38 2 0.165 -0.011 2.033
38 3 0.248 0.420 2.103
38 4 0.179 0.568 2.139
38 5 0.226 0.277 1.845
38 6 0.116 0.058 1.758
38 7 0.142 -0.127 1.714
38 8 0.155 -0.187 1.712
38 9 0.285 0.286 1.937
38 10 0.349 0.018 1.844
38 11 0.349 -0.232 1.798
38 12 0.388 -0.346 1.795
38 13 0.175 -0.145 2.042
38 14 0.160 -0.558 2.120
38 15 0.237 -0.770 1.876
38 16 0.294 -0.755 1.832
38 17 0.214 -0.143 1.908
38 18 0.278 -0.496 1.872
38 19 0.323 -0.781 1.854
38 20 0.413 -0.835 1.792
39 1 0.196 -0.087 1.992
39 2 0.162 -0.005 2.034
39 3 0.247 0.427 2.102
39 4 0.179 0.573 2.138
39 5 0.225 0.286 1.846
39 6 0.113 0.072 1.759
39 7 0.146 -0.117 1.716
39 8 0.158 -0.179 1.711
39 9 0.283 0.284 1.936
39 10 0.385 0.025 1.862
39 11 0.422 -0.215 1.831
39 12 0.477 -0.272 1.853
39 13 0.170 -0.138 2.045
39 14 0.155 -0.563 2.129
39 15 0.232 -0.788 1.884
39 16 0.285 -0.747 1.828
39 17 0.210 -0.139 1.909
39 18 0.276 -0.495 1.871
39 19 0.323 -0.783 1.854
39 20 0.410 -0.833 1.797
40 1 0.193 -0.084 1.993
40 2 0.160 -0.000 2.035
40 3 0.246 0.431 2.101
40 4 0.180 0.577 2.136
40 5 0.224 0.291 1.846
40 6 0.110 0.082 1.757
40 7 0.129 -0.097 1.704
40 8 0.147 -0.163 1.703
40 9 0.282 0.283 1.935
40 10 0.412 0.035 1.880
40 11 0.488 -0.190 1.863
40 12 0.536 -0.231 1.887
40 13 0.167 -0.134 2.046
40 14 0.152 -0.572 2.137
40 15 0.229 -0.808 1.900
40 16 0.269 -0.744 1.837
40 17 0.207 -0.136 1.910
40 18 0.274 -0.493 1.870
40 19 0.323 -0.783 1.854
40 20 0.407 -0.831 1.801
41 1 0.192 -0.081 1.994
41 2 0.158 0.002 2.035
41 3 0.245 0.434 2.099
41 4 0.180 0.579 2.133
41 5 0.224 0.295 1.845
41 6 0.106 0.089 1.754
41 7 0.114 -0.085 1.692
41 8 0.128 -0.148 1.690
41 9 0.284 0.281 1.934
41 10 0.432 0.043 1.891
41 11 0.560 -0.170 1.899
41 12 0.594 -0.212 1.923
41 13 0.164 -0.132 2.047
41 14 0.151 -0.578 2.141
41 15 0.227 -0.819 1.913
41 16 0.263 -0.745 1.848
41 17 0.205 -0.133 1.912
41 18 0.272 -0.491 1.869
41 19 0.324 -0.783 1.855
41 20 0.404 -0.828 1.803
42 1 0.191 -0.079 1.995
42 2 0.158 0.005 2.036
42 3 0.244 0.435 2.095
42 4 0.180 0.580 2.130
42 5 0.223 0.298 1.843
42 6 0.102 0.094 1.749
42 7 0.104 -0.078 1.682
42 8 0.115 -0.139 1.680
42 9 0.289 0.279 1.933
42 10 0.449 0.053 1.900
42 11 0.585 -0.154 1.909
42 12 0.609 -0.201 1.931
42 13 0.163 -0.130 2.047
42 14 0.151 -0.581 2.144
42 15 0.225 -0.826 1.922
42 16 0.258 -0.745 1.854
42 17 0.205 -0.131 1.915
42 18 0.270 -0.488 1.868
42 19 0.324 -0.782 1.855
42 20 0.401 -0.825 1.805
43 1 0.190 -0.078 1.995
43 2 0.158 0.006 2.036
43 3 0.242 0.435 2.090
43 4 0.180 0.581 2.125
43 5 0.222 0.300 1.841
43 6 0.099 0.098 1.745
43 7 0.096 -0.074 1.675
43 8 0.107 -0.135 1.672
43 9 0.296 0.278 1.932
43 10 0.461 0.060 1.906
43 11 0.597 -0.143 1.912
43 12 0.628 -0.185 1.935
43 13 0.161 -0.129 2.046
43 14 0.151 -0.584 2.145
43 15 0.225 -0.830 1.928
43 16 0.255 -0.746 1.859
43 17 0.205 -0.128 1.917
43 18 0.268 -0.483 1.867
43 19 0.324 -0.779 1.856
43 20 0.398 -0.822 1.805
44 1 0.189 -0.077 1.995
44 2 0.158 0.007 2.037
44 3 0.242 0.434 2.086
44 4 0.180 0.581 2.120
44 5 0.221 0.302 1.839
44 6 0.096 0.100 1.740
44 7 0.084 -0.033 1.889
44 8 0.074 -0.112 1.886
44 9 0.305 0.277 1.932
44 10 0.471 0.065 1.909
44 11 0.611 -0.136 1.913
44 12 0.637 -0.179 1.934
44 13 0.161 -0.128 2.045
44 14 0.151 -0.585 2.145
44 15 0.224 -0.832 1.932
44 16 0.254 -0.746 1.861
44 17 0.206 -0.126 1.919
44 18 0.267 -0.480 1.866
44 19 0.324 -0.776 1.856
44 20 0.396 -0.820 1.806
45 1 0.189 -0.075 1.995
45 2 0.159 0.008 2.037
45 3 0.241 0.432 2.082
45 4 0.180 0.581 2.114
45 5 0.221 0.303 1.837
45 6 0.148 0.169 1.970
45 7 0.102 -0.024 2.090
45 8 0.085 -0.106 2.088
45 9 0.312 0.276 1.932
45 10 0.477 0.068 1.911
45 11 0.614 -0.131 1.910
45 12 0.639 -0.175 1.927
45 13 0.160 -0.127 2.044
45 14 0.152 -0.586 2.144
45 15 0.224 -0.832 1.935
45 16 0.257 -0.747 1.864
45 17 0.207 -0.124 1.921
45 18 0.266 -0.476 1.865
45 19 0.323 -0.773 1.857
45 20 0.394 -0.818 1.806
46 1 0.190 -0.074 1.995
46 2 0.160 0.008 2.037
46 3 0.241 0.430 2.078
46 4 0.180 0.580 2.109
46 5 0.220 0.303 1.834
46 6 0.157 0.184 2.012
46 7 0.098 -0.018 2.164
46 8 0.067 -0.100 2.161
46 9 0.318 0.275 1.932
46 10 0.480 0.070 1.912
46 11 0.607 -0.132 1.897
46 12 0.624 -0.184 1.903
46 13 0.160 -0.126 2.042
46 14 0.153 -0.586 2.140
46 15 0.224 -0.832 1.937
46 16 0.262 -0.748 1.865
46 17 0.209 -0.123 1.923
46 18 0.266 -0.472 1.865
46 19 0.323 -0.769 1.857
46 20 0.392 -0.816 1.806
47 1 0.190 -0.074 1.994
47 2 0.161 0.009 2.037
47 3 0.241 0.429 2.076
47 4 0.181 0.580 2.105
47 5 0.220 0.303 1.831
47 6 0.163 0.186 2.037
47 7 0.091 -0.025 2.159
47 8 0.058 -0.106 2.157
47 9 0.323 0.275 1.932
47 10 0.481 0.070 1.908
47 11 0.581 -0.140 1.867
47 12 0.599 -0.204 1.868
47 13 0.159 -0.125 2.041
47 14 0.156 -0.585 2.133
47 15 0.225 -0.832 1.937
47 16 0.267 -0.748 1.865
47 17 0.210 -0.122 1.924
47 18 0.266 -0.469 1.865
47 19 0.322 -0.766 1.858
47 20 0.390 -0.815 1.806
48 1 0.192 -0.069 1.993
48 2 0.213 0.009 2.035
48 3 0.242 0.427 2.074
48 4 0.182 0.580 2.101
48 5 0.128 0.264 2.137
48 6 0.094 0.061 2.229
48 7 0.027 -0.156 2.236
48 8 -0.005 -0.235 2.233
48 9 0.326 0.274 1.933
48 10 0.471 0.065 1.897
48 11 0.542 -0.159 1.834
48 12 0.559 -0.228 1.829
48 13 0.158 -0.125 2.039
48 14 0.159 -0.586 2.117
48 15 0.226 -0.830 1.932
48 16 0.273 -0.747 1.862
48 17 0.228 -0.114 1.924
48 18 0.267 -0.466 1.864
48 19 0.314 -0.726 1.854
48 20 0.275 -0.760 1.837
49 1 0.194 -0.066 1.992
49 2 0.243 0.010 2.033
49 3 0.243 0.425 2.072
49 4 0.183 0.580 2.099
49 5 0.113 0.259 2.184
49 6 0.077 0.033 2.271
49 7 0.008 -0.179 2.238
49 8 -0.029 -0.257 2.228
49 9 0.329 0.274 1.933
49 10 0.453 0.054 1.879
49 11 0.493 -0.172 1.799
49 12 0.508 -0.244 1.791
49 13 0.157 -0.125 2.037
49 14 0.161 -0.587 2.108
49 15 0.227 -0.829 1.927
49 16 0.276 -0.746 1.861
49 17 0.237 -0.110 1.923
49 18 0.268 -0.464 1.863
49 19 0.313 -0.722 1.854
49 20 0.254 -0.771 1.824
50 1 0.197 -0.064 1.991
50 2 0.255 0.010 2.032
50 3 0.243 0.423 2.072
50 4 0.185 0.580 2.097
50 5 0.105 0.254 2.212
50 6 0.063 0.013 2.262
50 7 -0.011 -0.193 2.215
50 8 -0.047 -0.269 2.205
50 9 0.330 0.273 1.933
50 10 0.430 0.044 1.857
50 11 0.436 -0.188 1.765
50 12 0.442 -0.257 1.756
50 13 0.155 -0.126 2.034
50 14 0.163 -0.539 2.080
50 15 0.230 -0.791 1.908
50 16 0.276 -0.739 1.844
50 17 0.244 -0.108 1.922
50 18 0.269 -0.462 1.863
50 19 0.313 -0.722 1.854
50 20 0.234 -0.775 1.819
51 1 0.198 -0.062 1.990
51 2 0.263 0.010 2.032
51 3 0.245 0.420 2.072
51 4 0.186 0.580 2.096
51 5 0.105 0.253 2.212
51 6 0.056 0.004 2.253
51 7 -0.024 -0.200 2.188
51 8 -0.061 -0.273 2.172
51 9 0.332 0.273 1.934
51 10 0.407 0.036 1.836
51 11 0.374 -0.207 1.736
51 12 0.367 -0.272 1.725
51 13 0.153 -0.128 2.031
51 14 0.169 -0.558 2.081
51 15 0.241 -0.763 1.860
51 16 0.220 -0.772 1.795
51 17 0.248 -0.108 1.922
51 18 0.271 -0.461 1.862
51 19 0.313 -0.726 1.855
51 20 0.223 -0.780 1.815
