1 1 -0.046 -0.025 2.046
1 2 -0.061 0.034 2.095
1 3 -0.077 0.377 2.109
1 4 -0.022 0.558 2.101
1 5 -0.210 0.275 2.077
1 6 -0.280 0.066 2.122
1 7 -0.389 -0.085 2.131
1 8 -0.422 -0.107 2.172
1 9 0.072 0.278 2.146
1 10 0.088 0.058 2.194
1 11 0.094 -0.126 2.209
1 12 0.099 -0.184 2.216
1 13 -0.103 -0.088 2.013
1 14 -0.137 -0.511 2.021
1 15 -0.121 -0.769 2.016
1 16 -0.079 -0.803 2.024
1 17 0.021 -0.091 2.053
1 18 0.064 -0.517 2.006
1 19 0.107 -0.776 2.021
1 20 0.051 -0.817 2.014
2 1 -0.046 -0.025 2.046
2 2 -0.061 0.034 2.095
2 3 -0.077 0.377 2.109
2 4 -0.022 0.558 2.101
2 5 -0.210 0.275 2.077
2 6 -0.281 0.066 2.121
2 7 -0.389 -0.085 2.130
2 8 -0.423 -0.107 2.172
2 9 0.072 0.278 2.145
2 10 0.087 0.053 2.194
2 11 0.093 -0.131 2.208
2 12 0.097 -0.189 2.215
2 13 -0.103 -0.088 2.013
2 14 -0.136 -0.509 2.020
2 15 -0.121 -0.769 2.016
2 16 -0.073 -0.805 2.043
2 17 0.021 -0.091 2.053
2 18 0.064 -0.517 2.006
2 19 0.108 -0.776 2.021
2 20 0.051 -0.817 2.014
3 1 -0.046 -0.025 2.045
3 2 -0.061 0.034 2.095
3 3 -0.076 0.377 2.109
3 4 -0.021 0.558 2.102
3 5 -0.209 0.275 2.077
3 6 -0.281 0.066 2.121
3 7 -0.389 -0.085 2.130
3 8 -0.423 -0.107 2.172
3 9 0.072 0.277 2.144
3 10 0.086 0.049 2.193
3 11 0.092 -0.136 2.207
3 12 0.096 -0.193 2.214
3 13 -0.103 -0.088 2.013
3 14 -0.136 -0.507 2.019
3 15 -0.121 -0.769 2.016
3 16 -0.091 -0.800 1.977
3 17 0.021 -0.091 2.053
3 18 0.065 -0.517 2.006
3 19 0.110 -0.776 2.021
3 20 0.053 -0.816 2.014
4 1 -0.046 -0.025 2.045
4 2 -0.061 0.034 2.095
4 3 -0.076 0.377 2.109
4 4 -0.021 0.558 2.102
4 5 -0.209 0.275 2.076
4 6 -0.280 0.066 2.120
4 7 -0.389 -0.085 2.129
4 8 -0.423 -0.107 2.171
4 9 0.072 0.277 2.143
4 10 0.085 0.046 2.192
4 11 0.091 -0.139 2.207
4 12 0.096 -0.196 2.213
4 13 -0.103 -0.088 2.013
4 14 -0.136 -0.506 2.018
4 15 -0.121 -0.769 2.016
4 16 -0.098 -0.798 1.950
4 17 0.021 -0.091 2.053
4 18 0.066 -0.516 2.006
4 19 0.111 -0.775 2.021
4 20 0.055 -0.816 2.015
5 1 -0.046 -0.025 2.045
5 2 -0.060 0.034 2.095
5 3 -0.076 0.377 2.109
5 4 -0.021 0.558 2.102
5 5 -0.209 0.275 2.076
5 6 -0.280 0.066 2.120
5 7 -0.389 -0.085 2.129
5 8 -0.423 -0.107 2.170
5 9 0.072 0.277 2.142
5 10 0.085 0.044 2.191
5 11 0.091 -0.141 2.206
5 12 0.095 -0.199 2.213
5 13 -0.102 -0.088 2.013
5 14 -0.136 -0.504 2.018
5 15 -0.120 -0.769 2.015
5 16 -0.102 -0.797 1.936
5 17 0.021 -0.091 2.053
5 18 0.068 -0.516 2.005
5 19 0.114 -0.775 2.021
5 20 0.056 -0.816 2.015
6 1 -0.045 -0.025 2.045
6 2 -0.060 0.034 2.095
6 3 -0.075 0.377 2.109
6 4 -0.020 0.558 2.102
6 5 -0.208 0.275 2.075
6 6 -0.280 0.066 2.119
6 7 -0.389 -0.085 2.128
6 8 -0.422 -0.107 2.170
6 9 0.072 0.277 2.141
6 10 0.084 0.042 2.191
6 11 0.090 -0.143 2.206
6 12 0.095 -0.201 2.213
6 13 -0.102 -0.088 2.012
6 14 -0.135 -0.503 2.017
6 15 -0.120 -0.768 2.015
6 16 -0.104 -0.797 1.928
6 17 0.021 -0.091 2.053
6 18 0.070 -0.515 2.005
6 19 0.123 -0.775 2.021
6 20 0.061 -0.814 2.017
7 1 -0.045 -0.025 2.045
7 2 -0.060 0.034 2.095
7 3 -0.075 0.377 2.109
7 4 -0.020 0.558 2.102
7 5 -0.208 0.275 2.075
7 6 -0.280 0.066 2.118
7 7 -0.389 -0.085 2.127
7 8 -0.422 -0.107 2.169
7 9 0.072 0.277 2.141
7 10 0.084 0.041 2.191
7 11 0.090 -0.145 2.205
7 12 0.094 -0.202 2.212
7 13 -0.102 -0.088 2.012
7 14 -0.135 -0.502 2.017
7 15 -0.120 -0.768 2.015
7 16 -0.105 -0.797 1.923
7 17 0.022 -0.091 2.053
7 18 0.072 -0.515 2.006
7 19 0.130 -0.776 2.022
7 20 0.066 -0.813 2.018
8 1 -0.045 -0.025 2.045
8 2 -0.059 0.034 2.095
8 3 -0.074 0.377 2.109
8 4 -0.020 0.558 2.102
8 5 -0.207 0.275 2.074
8 6 -0.279 0.066 2.117
8 7 -0.389 -0.085 2.126
8 8 -0.422 -0.107 2.168
8 9 0.072 0.277 2.140
8 10 0.084 0.040 2.190
8 11 0.090 -0.146 2.205
8 12 0.094 -0.203 2.212
8 13 -0.101 -0.088 2.012
8 14 -0.134 -0.500 2.017
8 15 -0.119 -0.768 2.015
8 16 -0.105 -0.797 1.920
8 17 0.022 -0.091 2.053
8 18 0.075 -0.514 2.006
8 19 0.136 -0.776 2.023
8 20 0.072 -0.813 2.020
9 1 -0.044 -0.025 2.046
9 2 -0.059 0.034 2.095
9 3 -0.074 0.377 2.109
9 4 -0.018 0.558 2.102
9 5 -0.206 0.275 2.074
9 6 -0.278 0.066 2.116
9 7 -0.388 -0.085 2.125
9 8 -0.421 -0.107 2.167
9 9 0.072 0.277 2.139
9 10 0.084 0.039 2.190
9 11 0.090 -0.147 2.205
9 12 0.094 -0.204 2.212
9 13 -0.100 -0.089 2.013
9 14 -0.133 -0.499 2.017
9 15 -0.119 -0.768 2.015
9 16 -0.104 -0.797 1.921
9 17 0.023 -0.091 2.053
9 18 0.079 -0.513 2.007
9 19 0.140 -0.777 2.024
9 20 0.078 -0.813 2.023
10 1 -0.043 -0.025 2.046
10 2 -0.058 0.034 2.095
10 3 -0.072 0.377 2.109
10 4 -0.017 0.558 2.102
10 5 -0.205 0.275 2.073
10 6 -0.277 0.066 2.115
10 7 -0.387 -0.085 2.124
10 8 -0.420 -0.107 2.166
10 9 0.073 0.277 2.139
10 10 0.084 0.038 2.190
10 11 0.090 -0.147 2.205
10 12 0.094 -0.205 2.211
10 13 -0.099 -0.089 2.013
10 14 -0.132 -0.497 2.016
10 15 -0.118 -0.768 2.014
10 16 -0.103 -0.797 1.922
10 17 0.023 -0.091 2.054
10 18 0.082 -0.512 2.008
10 19 0.144 -0.778 2.026
10 20 0.083 -0.814 2.025
11 1 -0.041 -0.025 2.046
11 2 -0.056 0.034 2.095
11 3 -0.071 0.377 2.109
11 4 -0.015 0.558 2.101
11 5 -0.203 0.275 2.072
11 6 -0.275 0.066 2.113
11 7 -0.386 -0.085 2.123
11 8 -0.419 -0.107 2.165
11 9 0.073 0.277 2.138
11 10 0.084 0.038 2.190
11 11 0.090 -0.148 2.204
11 12 0.094 -0.205 2.211
11 13 -0.097 -0.089 2.013
11 14 -0.131 -0.495 2.016
11 15 -0.118 -0.768 2.014
11 16 -0.101 -0.796 1.924
11 17 0.025 -0.091 2.055
11 18 0.085 -0.511 2.010
11 19 0.147 -0.779 2.028
11 20 0.086 -0.815 2.028
12 1 -0.040 -0.025 2.047
12 2 -0.054 0.034 2.096
12 3 -0.069 0.377 2.110
12 4 -0.012 0.558 2.100
12 5 -0.201 0.276 2.072
12 6 -0.273 0.066 2.111
12 7 -0.385 -0.085 2.121
12 8 -0.418 -0.107 2.163
12 9 0.074 0.276 2.137
12 10 0.084 0.037 2.189
12 11 0.090 -0.148 2.204
12 12 0.095 -0.206 2.211
12 13 -0.096 -0.089 2.014
12 14 -0.129 -0.492 2.016
12 15 -0.117 -0.767 2.014
12 16 -0.100 -0.796 1.926
12 17 0.026 -0.091 2.056
12 18 0.088 -0.510 2.012
12 19 0.149 -0.780 2.031
12 20 0.089 -0.817 2.031
13 1 -0.037 -0.025 2.048
13 2 -0.052 0.034 2.097
13 3 -0.067 0.377 2.110
13 4 -0.010 0.557 2.099
13 5 -0.199 0.276 2.071
13 6 -0.271 0.066 2.109
13 7 -0.383 -0.085 2.120
13 8 -0.417 -0.107 2.162
13 9 0.075 0.276 2.136
13 10 0.085 0.036 2.189
13 11 0.091 -0.149 2.204
13 12 0.095 -0.206 2.210
13 13 -0.093 -0.089 2.014
13 14 -0.126 -0.490 2.015
13 15 -0.116 -0.767 2.013
13 16 -0.098 -0.796 1.927
13 17 0.029 -0.091 2.057
13 18 0.091 -0.509 2.015
13 19 0.151 -0.782 2.034
13 20 0.092 -0.819 2.033
14 1 -0.034 -0.025 2.049
14 2 -0.049 0.034 2.098
14 3 -0.064 0.377 2.110
14 4 -0.008 0.557 2.098
14 5 -0.196 0.276 2.070
14 6 -0.268 0.066 2.107
14 7 -0.381 -0.085 2.118
14 8 -0.414 -0.107 2.160
14 9 0.077 0.276 2.136
14 10 0.086 0.036 2.189
14 11 0.092 -0.150 2.203
14 12 0.096 -0.207 2.210
14 13 -0.090 -0.089 2.015
14 14 -0.124 -0.488 2.015
14 15 -0.114 -0.766 2.012
14 16 -0.096 -0.796 1.929
14 17 0.032 -0.091 2.058
14 18 0.094 -0.509 2.018
14 19 0.153 -0.783 2.037
14 20 0.094 -0.821 2.036
15 1 -0.031 -0.025 2.050
15 2 -0.046 0.034 2.098
15 3 -0.060 0.377 2.110
15 4 -0.006 0.557 2.096
15 5 -0.192 0.277 2.070
15 6 -0.263 0.066 2.104
15 7 -0.377 -0.085 2.115
15 8 -0.411 -0.107 2.157
15 9 0.080 0.275 2.135
15 10 0.088 0.035 2.188
15 11 0.094 -0.150 2.203
15 12 0.098 -0.207 2.210
15 13 -0.086 -0.089 2.016
15 14 -0.122 -0.486 2.015
15 15 -0.112 -0.766 2.012
15 16 -0.093 -0.795 1.931
15 17 0.035 -0.091 2.060
15 18 0.096 -0.509 2.021
15 19 0.154 -0.784 2.040
15 20 0.095 -0.822 2.039
16 1 -0.027 -0.025 2.051
16 2 -0.042 0.034 2.099
16 3 -0.057 0.377 2.111
16 4 -0.002 0.557 2.095
16 5 -0.188 0.277 2.069
16 6 -0.259 0.066 2.101
16 7 -0.374 -0.085 2.113
16 8 -0.407 -0.107 2.154
16 9 0.083 0.276 2.135
16 10 0.090 0.035 2.188
16 11 0.096 -0.150 2.203
16 12 0.100 -0.208 2.209
16 13 -0.082 -0.088 2.017
16 14 -0.119 -0.484 2.015
16 15 -0.109 -0.765 2.011
16 16 -0.090 -0.795 1.932
16 17 0.038 -0.090 2.062
16 18 0.098 -0.509 2.024
16 19 0.154 -0.785 2.042
16 20 0.096 -0.824 2.041
17 1 -0.023 -0.024 2.052
17 2 -0.038 0.035 2.100
17 3 -0.053 0.378 2.111
17 4 0.000 0.557 2.094
17 5 -0.185 0.278 2.068
17 6 -0.256 0.066 2.100
17 7 -0.371 -0.085 2.110
17 8 -0.404 -0.107 2.152
17 9 0.087 0.276 2.135
17 10 0.093 0.035 2.188
17 11 0.099 -0.150 2.203
17 12 0.103 -0.208 2.209
17 13 -0.078 -0.088 2.018
17 14 -0.117 -0.483 2.015
17 15 -0.107 -0.764 2.010
17 16 -0.088 -0.795 1.933
17 17 0.042 -0.089 2.063
17 18 0.101 -0.509 2.026
17 19 0.155 -0.786 2.044
17 20 0.097 -0.825 2.042
18 1 -0.019 -0.023 2.053
18 2 -0.034 0.036 2.102
18 3 -0.049 0.379 2.111
18 4 0.003 0.558 2.093
18 5 -0.180 0.279 2.068
18 6 -0.252 0.066 2.098
18 7 -0.367 -0.085 2.108
18 8 -0.400 -0.107 2.150
18 9 0.092 0.277 2.135
18 10 0.122 0.050 2.216
18 11 0.122 -0.139 2.227
18 12 0.127 -0.196 2.234
18 13 -0.074 -0.087 2.020
18 14 -0.114 -0.482 2.015
18 15 -0.105 -0.764 2.010
18 16 -0.086 -0.794 1.934
18 17 0.046 -0.089 2.065
18 18 0.104 -0.508 2.029
18 19 0.155 -0.786 2.046
18 20 0.098 -0.826 2.043
19 1 -0.015 -0.022 2.055
19 2 -0.030 0.037 2.103
19 3 -0.045 0.379 2.111
19 4 0.008 0.560 2.091
19 5 -0.177 0.279 2.067
19 6 -0.248 0.065 2.097
19 7 -0.363 -0.085 2.107
19 8 -0.396 -0.107 2.149
19 9 0.097 0.278 2.136
19 10 0.138 0.057 2.229
19 11 0.135 -0.133 2.238
19 12 0.140 -0.190 2.245
19 13 -0.070 -0.086 2.021
19 14 -0.111 -0.481 2.015
19 15 -0.102 -0.763 2.009
19 16 -0.083 -0.794 1.934
19 17 0.050 -0.088 2.067
19 18 0.107 -0.508 2.031
19 19 0.157 -0.787 2.047
19 20 0.099 -0.826 2.043
20 1 -0.011 -0.021 2.056
20 2 -0.026 0.038 2.104
20 3 -0.040 0.380 2.111
20 4 0.012 0.561 2.090
20 5 -0.173 0.280 2.067
20 6 -0.244 0.065 2.096
20 7 -0.360 -0.086 2.106
20 8 -0.393 -0.108 2.148
20 9 0.102 0.279 2.136
20 10 0.146 0.060 2.235
20 11 0.174 -0.140 2.238
20 12 0.179 -0.206 2.232
20 13 -0.066 -0.085 2.022
20 14 -0.108 -0.480 2.015
20 15 -0.101 -0.763 2.009
20 16 -0.081 -0.794 1.935
20 17 0.055 -0.087 2.068
20 18 0.110 -0.507 2.034
20 19 0.158 -0.787 2.049
20 20 0.100 -0.826 2.044
21 1 -0.006 -0.019 2.057
21 2 -0.021 0.040 2.105
21 3 -0.036 0.381 2.111
21 4 0.016 0.562 2.089
21 5 -0.170 0.281 2.067
21 6 -0.241 0.065 2.096
21 7 -0.356 -0.086 2.105
21 8 -0.390 -0.108 2.147
21 9 0.106 0.279 2.137
21 10 0.153 0.062 2.238
21 11 0.194 -0.145 2.235
21 12 0.210 -0.222 2.220
21 13 -0.062 -0.084 2.023
21 14 -0.104 -0.479 2.016
21 15 -0.098 -0.763 2.009
21 16 -0.079 -0.794 1.935
21 17 0.060 -0.086 2.070
21 18 0.113 -0.506 2.035
21 19 0.160 -0.788 2.050
21 20 0.103 -0.827 2.043
22 1 -0.001 -0.017 2.059
22 2 -0.017 0.042 2.106
22 3 -0.031 0.381 2.111
22 4 0.021 0.563 2.089
22 5 -0.167 0.282 2.068
22 6 -0.238 0.065 2.096
22 7 -0.353 -0.086 2.104
22 8 -0.386 -0.108 2.146
22 9 0.111 0.280 2.137
22 10 0.159 0.062 2.239
22 11 0.213 -0.160 2.223
22 12 0.231 -0.242 2.206
22 13 -0.057 -0.082 2.024
22 14 -0.100 -0.478 2.016
22 15 -0.095 -0.762 2.009
22 16 -0.077 -0.793 1.935
22 17 0.065 -0.084 2.073
22 18 0.117 -0.505 2.037
22 19 0.162 -0.788 2.052
22 20 0.105 -0.828 2.043
23 1 0.004 -0.016 2.061
23 2 -0.012 0.043 2.108
23 3 -0.026 0.382 2.111
23 4 0.026 0.565 2.090
23 5 -0.164 0.284 2.068
23 6 -0.234 0.064 2.096
23 7 -0.351 -0.086 2.104
23 8 -0.384 -0.108 2.146
23 9 0.116 0.281 2.138
23 10 0.167 0.062 2.238
23 11 0.236 -0.177 2.204
23 12 0.251 -0.257 2.190
23 13 -0.052 -0.081 2.025
23 14 -0.096 -0.478 2.017
23 15 -0.093 -0.762 2.008
23 16 -0.074 -0.793 1.935
23 17 0.070 -0.083 2.075
23 18 0.121 -0.503 2.039
23 19 0.164 -0.788 2.053
23 20 0.109 -0.829 2.042
24 1 0.009 -0.014 2.062
24 2 -0.007 0.045 2.109
24 3 -0.022 0.383 2.111
24 4 0.031 0.566 2.090
24 5 -0.160 0.285 2.069
24 6 -0.231 0.064 2.097
24 7 -0.348 -0.086 2.104
24 8 -0.381 -0.108 2.146
24 9 0.121 0.281 2.139
24 10 0.174 0.061 2.235
24 11 0.255 -0.182 2.187
24 12 0.278 -0.258 2.161
24 13 -0.048 -0.080 2.026
24 14 -0.092 -0.478 2.017
24 15 -0.090 -0.762 2.008
24 16 -0.071 -0.793 1.935
24 17 0.075 -0.082 2.078
24 18 0.125 -0.502 2.040
24 19 0.166 -0.789 2.054
24 20 0.112 -0.830 2.042
25 1 0.013 -0.013 2.063
25 2 -0.003 0.046 2.110
25 3 -0.018 0.384 2.111
25 4 0.035 0.567 2.091
25 5 -0.156 0.285 2.069
25 6 -0.227 0.063 2.097
25 7 -0.212 -0.113 2.104
25 8 -0.270 -0.130 2.146
25 9 0.126 0.282 2.140
25 10 0.182 0.060 2.230
25 11 0.275 -0.179 2.164
25 12 0.297 -0.255 2.136
25 13 -0.044 -0.079 2.027
25 14 -0.087 -0.477 2.018
25 15 -0.087 -0.762 2.008
25 16 -0.068 -0.793 1.935
25 17 0.080 -0.082 2.080
25 18 0.129 -0.502 2.041
25 19 0.168 -0.789 2.055
25 20 0.115 -0.830 2.042
26 1 0.017 -0.012 2.064
26 2 0.002 0.047 2.111
26 3 -0.013 0.385 2.111
26 4 0.040 0.567 2.093
26 5 -0.151 0.286 2.069
26 6 -0.223 0.061 2.098
26 7 -0.166 -0.125 2.104
26 8 -0.207 -0.145 2.146
26 9 0.131 0.282 2.140
26 10 0.190 0.058 2.224
26 11 0.290 -0.155 2.141
26 12 0.312 -0.224 2.105
26 13 -0.039 -0.079 2.028
26 14 -0.082 -0.476 2.019
26 15 -0.083 -0.762 2.008
26 16 -0.064 -0.793 1.935
26 17 0.084 -0.082 2.081
26 18 0.133 -0.501 2.042
26 19 0.170 -0.789 2.055
26 20 0.118 -0.832 2.041
27 1 0.021 -0.012 2.065
27 2 0.006 0.047 2.112
27 3 -0.008 0.386 2.111
27 4 0.045 0.568 2.095
27 5 -0.146 0.286 2.070
27 6 -0.220 0.060 2.099
27 7 -0.142 -0.131 2.104
27 8 -0.184 -0.151 2.146
27 9 0.134 0.282 2.140
27 10 0.197 0.057 2.219
27 11 0.305 -0.144 2.113
27 12 0.324 -0.209 2.070
27 13 -0.035 -0.078 2.029
27 14 -0.077 -0.475 2.019
27 15 -0.077 -0.762 2.008
27 16 -0.058 -0.793 1.935
27 17 0.088 -0.082 2.082
27 18 0.136 -0.500 2.043
27 19 0.172 -0.789 2.056
27 20 0.122 -0.833 2.041
28 1 0.025 -0.012 2.066
28 2 0.010 0.047 2.112
28 3 -0.004 0.387 2.111
28 4 0.049 0.569 2.097
28 5 -0.142 0.286 2.070
28 6 -0.216 0.058 2.098
28 7 -0.148 -0.137 2.092
28 8 -0.171 -0.156 2.142
28 9 0.139 0.283 2.140
28 10 0.204 0.056 2.214
28 11 0.311 -0.129 2.097
28 12 0.331 -0.185 2.045
28 13 -0.031 -0.078 2.030
28 14 -0.072 -0.475 2.020
28 15 -0.072 -0.762 2.008
28 16 -0.054 -0.793 1.935
28 17 0.091 -0.082 2.083
28 18 0.141 -0.500 2.044
28 19 0.174 -0.789 2.057
28 20 0.126 -0.834 2.040
29 1 0.029 -0.012 2.066
29 2 0.013 0.047 2.113
29 3 -0.000 0.387 2.112
29 4 0.052 0.569 2.098
29 5 -0.137 0.286 2.070
29 6 -0.210 0.055 2.097
29 7 -0.147 -0.169 2.077
29 8 -0.162 -0.219 2.098
29 9 0.142 0.283 2.140
29 10 0.211 0.056 2.209
29 11 0.311 -0.104 2.084
29 12 0.334 -0.162 2.017
29 13 -0.027 -0.079 2.031
29 14 -0.067 -0.474 2.020
29 15 -0.032 -0.765 2.014
29 16 -0.061 -0.796 1.971
29 17 0.094 -0.082 2.083
29 18 0.145 -0.499 2.045
29 19 0.176 -0.789 2.057
29 20 0.130 -0.835 2.040
30 1 0.032 -0.013 2.067
30 2 0.017 0.047 2.113
30 3 0.004 0.388 2.112
30 4 0.055 0.569 2.100
30 5 -0.132 0.285 2.070
30 6 -0.199 0.048 2.089
30 7 -0.159 -0.183 2.062
30 8 -0.161 -0.257 2.063
30 9 0.146 0.283 2.139
30 10 0.217 0.056 2.206
30 11 0.311 -0.086 2.075
30 12 0.335 -0.149 2.001
30 13 -0.023 -0.079 2.031
30 14 -0.061 -0.476 2.020
30 15 -0.024 -0.766 2.015
30 16 -0.066 -0.803 1.983
30 17 0.098 -0.082 2.083
30 18 0.150 -0.498 2.046
30 19 0.177 -0.789 2.058
30 20 0.134 -0.837 2.039
31 1 0.037 -0.014 2.067
31 2 0.022 0.047 2.113
31 3 0.007 0.389 2.112
31 4 0.058 0.569 2.101
31 5 -0.126 0.285 2.070
31 6 -0.191 0.043 2.080
31 7 -0.175 -0.189 2.033
31 8 -0.170 -0.277 2.022
31 9 0.150 0.284 2.139
31 10 0.223 0.056 2.203
31 11 0.309 -0.068 2.065
31 12 0.323 -0.122 1.974
31 13 -0.018 -0.080 2.031
31 14 -0.055 -0.479 2.021
31 15 -0.019 -0.766 2.016
31 16 -0.068 -0.807 1.989
31 17 0.103 -0.083 2.083
31 18 0.154 -0.497 2.047
31 19 0.179 -0.789 2.058
31 20 0.138 -0.838 2.038
32 1 0.044 -0.014 2.066
32 2 0.028 0.046 2.113
32 3 0.011 0.389 2.113
32 4 0.062 0.568 2.102
32 5 -0.120 0.285 2.070
32 6 -0.186 0.041 2.073
32 7 -0.187 -0.189 2.006
32 8 -0.179 -0.280 1.978
32 9 0.159 0.284 2.140
32 10 0.230 0.057 2.201
32 11 0.302 -0.045 2.044
32 12 0.314 -0.107 1.957
32 13 -0.011 -0.081 2.030
32 14 -0.049 -0.482 2.021
32 15 -0.017 -0.767 2.017
32 16 -0.069 -0.812 1.993
32 17 0.110 -0.083 2.083
32 18 0.159 -0.496 2.048
32 19 0.181 -0.789 2.058
32 20 0.142 -0.839 2.037
33 1 0.051 -0.015 2.066
33 2 0.033 0.046 2.113
33 3 0.015 0.390 2.113
33 4 0.066 0.568 2.104
33 5 -0.114 0.285 2.069
33 6 -0.182 0.041 2.062
33 7 -0.195 -0.184 1.970
33 8 -0.182 -0.275 1.945
33 9 0.168 0.284 2.144
33 10 0.240 0.062 2.198
33 11 0.299 -0.033 2.032
33 12 0.300 -0.092 1.941
33 13 -0.003 -0.081 2.030
33 14 -0.043 -0.487 2.023
33 15 -0.017 -0.769 2.018
33 16 -0.035 -0.810 1.970
33 17 0.118 -0.083 2.082
33 18 0.163 -0.495 2.049
33 19 0.184 -0.789 2.059
33 20 0.146 -0.841 2.036
34 1 0.057 -0.015 2.065
34 2 0.038 0.046 2.112
34 3 0.020 0.390 2.113
34 4 0.069 0.568 2.105
34 5 -0.109 0.285 2.069
34 6 -0.180 0.041 2.048
34 7 -0.196 -0.179 1.944
34 8 -0.182 -0.260 1.905
34 9 0.178 0.286 2.150
34 10 0.251 0.071 2.196
34 11 0.297 -0.013 2.021
34 12 0.284 -0.082 1.930
34 13 0.002 -0.081 2.029
34 14 -0.038 -0.491 2.024
34 15 -0.018 -0.771 2.020
34 16 -0.014 -0.810 1.958
34 17 0.125 -0.083 2.081
34 18 0.167 -0.493 2.050
34 19 0.185 -0.788 2.059
34 20 0.149 -0.841 2.035
35 1 0.062 -0.015 2.065
35 2 0.043 0.046 2.112
35 3 0.024 0.391 2.114
35 4 0.072 0.568 2.106
35 5 -0.104 0.284 2.068
35 6 -0.178 0.042 2.034
35 7 -0.191 -0.168 1.917
35 8 -0.179 -0.246 1.879
35 9 0.185 0.287 2.154
35 10 0.265 0.085 2.196
35 11 0.295 0.001 2.016
35 12 0.268 -0.064 1.927
35 13 0.008 -0.081 2.028
35 14 -0.034 -0.495 2.025
35 15 -0.019 -0.774 2.022
35 16 -0.004 -0.811 1.953
35 17 0.130 -0.083 2.081
35 18 0.171 -0.492 2.051
35 19 0.187 -0.788 2.059
35 20 0.152 -0.842 2.035
36 1 0.066 -0.015 2.064
36 2 0.047 0.046 2.111
36 3 0.028 0.391 2.114
36 4 0.074 0.567 2.107
36 5 -0.099 0.284 2.067
36 6 -0.177 0.044 2.021
36 7 -0.184 -0.160 1.896
36 8 -0.171 -0.233 1.856
36 9 0.191 0.287 2.157
36 10 0.289 0.112 2.193
36 11 0.294 0.015 2.013
36 12 0.259 -0.051 1.928
36 13 0.011 -0.081 2.028
36 14 -0.029 -0.499 2.026
36 15 -0.019 -0.776 2.024
36 16 -0.000 -0.824 1.967
36 17 0.135 -0.083 2.080
36 18 0.175 -0.491 2.052
36 19 0.189 -0.787 2.059
36 20 0.154 -0.842 2.035
37 1 0.070 -0.014 2.064
37 2 0.050 0.046 2.111
37 3 0.031 0.391 2.114
37 4 0.076 0.567 2.108
37 5 -0.094 0.283 2.066
37 6 -0.176 0.046 2.010
37 7 -0.174 -0.153 1.878
37 8 -0.163 -0.225 1.840
37 9 0.198 0.287 2.161
37 10 0.301 0.125 2.189
37 11 0.292 0.025 2.009
37 12 0.254 -0.029 1.938
37 13 0.015 -0.082 2.027
37 14 -0.024 -0.507 2.029
37 15 -0.020 -0.778 2.026
37 16 0.001 -0.832 1.977
37 17 0.139 -0.083 2.079
37 18 0.178 -0.491 2.054
37 19 0.192 -0.786 2.059
37 20 0.156 -0.842 2.035
38 1 0.073 -0.014 2.064
38 2 0.053 0.046 2.110
38 3 0.034 0.391 2.114
38 4 0.079 0.567 2.109
38 5 -0.090 0.282 2.065
38 6 -0.174 0.047 1.999
38 7 -0.163 -0.148 1.864
38 8 -0.149 -0.217 1.825
38 9 0.204 0.286 2.163
38 10 0.321 0.141 2.181
38 11 0.291 0.033 2.002
38 12 0.250 -0.018 1.939
38 13 0.018 -0.082 2.027
38 14 -0.020 -0.511 2.031
38 15 -0.021 -0.779 2.028
38 16 0.001 -0.839 1.986
38 17 0.143 -0.083 2.079
38 18 0.182 -0.491 2.055
38 19 0.194 -0.785 2.059
38 20 0.158 -0.841 2.036
39 1 0.076 -0.014 2.063
39 2 0.055 0.046 2.110
39 3 0.037 0.391 2.114
39 4 0.081 0.567 2.111
39 5 -0.087 0.281 2.064
39 6 -0.171 0.049 1.988
39 7 -0.150 -0.143 1.851
39 8 -0.135 -0.211 1.814
39 9 0.208 0.286 2.164
39 10 0.333 0.150 2.177
39 11 0.291 0.041 1.996
39 12 0.248 -0.008 1.940
39 13 0.020 -0.082 2.027
39 14 -0.018 -0.513 2.032
39 15 -0.021 -0.781 2.029
39 16 0.001 -0.844 1.993
39 17 0.146 -0.083 2.078
39 18 0.186 -0.490 2.057
39 19 0.197 -0.785 2.058
39 20 0.163 -0.841 2.037
40 1 0.080 -0.014 2.063
40 2 0.059 0.046 2.110
40 3 0.040 0.391 2.114
40 4 0.084 0.567 2.113
40 5 -0.083 0.281 2.062
40 6 -0.165 0.049 1.978
40 7 -0.136 -0.140 1.843
40 8 -0.118 -0.206 1.807
40 9 0.213 0.286 2.165
40 10 0.344 0.156 2.171
40 11 0.293 0.049 1.988
40 12 0.255 0.015 1.942
40 13 0.023 -0.082 2.027
40 14 -0.015 -0.515 2.032
40 15 -0.021 -0.782 2.030
40 16 -0.000 -0.847 1.998
40 17 0.150 -0.082 2.078
40 18 0.190 -0.490 2.058
40 19 0.200 -0.784 2.058
40 20 0.210 -0.823 2.005
41 1 0.083 -0.013 2.063
41 2 0.062 0.047 2.109
41 3 0.043 0.391 2.113
41 4 0.088 0.568 2.114
41 5 -0.080 0.280 2.061
41 6 -0.159 0.050 1.970
41 7 -0.119 -0.137 1.838
41 8 -0.097 -0.203 1.803
41 9 0.218 0.286 2.165
41 10 0.356 0.161 2.166
41 11 0.296 0.057 1.983
41 12 0.260 0.028 1.944
41 13 0.026 -0.082 2.027
41 14 -0.013 -0.515 2.033
41 15 -0.021 -0.783 2.031
41 16 -0.002 -0.850 2.002
41 17 0.154 -0.082 2.077
41 18 0.195 -0.490 2.059
41 19 0.203 -0.782 2.058
41 20 0.239 -0.810 1.984
42 1 0.089 -0.011 2.063
42 2 0.067 0.048 2.109
42 3 0.047 0.391 2.112
42 4 0.090 0.569 2.116
42 5 -0.076 0.280 2.059
42 6 -0.145 0.050 1.964
42 7 -0.100 -0.136 1.836
42 8 -0.076 -0.202 1.803
42 9 0.224 0.286 2.165
42 10 0.365 0.164 2.161
42 11 0.299 0.063 1.978
42 12 0.265 0.036 1.944
42 13 0.031 -0.081 2.027
42 14 -0.011 -0.514 2.034
42 15 -0.021 -0.783 2.032
42 16 -0.003 -0.851 2.005
42 17 0.160 -0.080 2.077
42 18 0.199 -0.490 2.061
42 19 0.206 -0.781 2.057
42 20 0.250 -0.806 1.976
43 1 0.094 -0.010 2.062
43 2 0.073 0.050 2.108
43 3 0.053 0.392 2.111
43 4 0.092 0.570 2.117
43 5 -0.072 0.280 2.057
43 6 -0.133 0.049 1.960
43 7 -0.080 -0.138 1.838
43 8 -0.053 -0.204 1.807
43 9 0.230 0.286 2.163
43 10 0.377 0.168 2.152
43 11 0.303 0.068 1.973
43 12 0.271 0.042 1.941
43 13 0.036 -0.081 2.027
43 14 -0.009 -0.513 2.034
43 15 -0.021 -0.784 2.033
43 16 -0.003 -0.852 2.006
43 17 0.166 -0.079 2.077
43 18 0.202 -0.489 2.062
43 19 0.208 -0.780 2.057
43 20 0.257 -0.803 1.971
44 1 0.100 -0.008 2.062
44 2 0.078 0.051 2.108
44 3 0.058 0.392 2.109
44 4 0.094 0.570 2.117
44 5 -0.068 0.280 2.054
44 6 -0.123 0.048 1.959
44 7 -0.062 -0.140 1.844
44 8 -0.028 -0.207 1.817
44 9 0.235 0.287 2.162
44 10 0.386 0.171 2.146
44 11 0.308 0.072 1.968
44 12 0.277 0.045 1.937
44 13 0.041 -0.080 2.027
44 14 -0.007 -0.512 2.034
44 15 -0.020 -0.785 2.033
44 16 -0.002 -0.852 2.007
44 17 0.172 -0.077 2.076
44 18 0.205 -0.489 2.063
44 19 0.210 -0.780 2.056
44 20 0.261 -0.801 1.969
45 1 0.105 -0.007 2.062
45 2 0.084 0.053 2.107
45 3 0.064 0.393 2.108
45 4 0.096 0.571 2.118
45 5 -0.063 0.280 2.052
45 6 -0.115 0.047 1.959
45 7 -0.044 -0.137 1.858
45 8 -0.009 -0.203 1.833
45 9 0.240 0.287 2.160
45 10 0.395 0.176 2.140
45 11 0.316 0.077 1.963
45 12 0.284 0.049 1.935
45 13 0.046 -0.079 2.027
45 14 -0.005 -0.510 2.034
45 15 -0.020 -0.785 2.034
45 16 -0.001 -0.852 2.007
45 17 0.178 -0.076 2.076
45 18 0.208 -0.488 2.064
45 19 0.211 -0.779 2.056
45 20 0.261 -0.801 1.968
46 1 0.110 -0.005 2.061
46 2 0.089 0.054 2.106
46 3 0.068 0.393 2.107
46 4 0.099 0.572 2.119
46 5 -0.058 0.280 2.051
46 6 -0.107 0.045 1.961
46 7 -0.032 -0.132 1.871
46 8 0.005 -0.199 1.848
46 9 0.245 0.289 2.159
46 10 0.403 0.182 2.135
46 11 0.324 0.081 1.959
46 12 0.289 0.051 1.932
46 13 0.051 -0.079 2.026
46 14 -0.003 -0.509 2.035
46 15 -0.019 -0.786 2.035
46 16 0.001 -0.851 2.007
46 17 0.184 -0.074 2.076
46 18 0.211 -0.488 2.066
46 19 0.213 -0.778 2.055
46 20 0.260 -0.801 1.969
47 1 0.114 -0.004 2.061
47 2 0.093 0.055 2.106
47 3 0.072 0.394 2.106
47 4 0.101 0.573 2.119
47 5 -0.054 0.280 2.049
47 6 -0.100 0.044 1.963
47 7 -0.024 -0.130 1.883
47 8 0.015 -0.196 1.864
47 9 0.249 0.291 2.157
47 10 0.410 0.188 2.131
47 11 0.335 0.085 1.952
47 12 0.296 0.054 1.929
47 13 0.055 -0.078 2.026
47 14 -0.001 -0.507 2.035
47 15 -0.018 -0.786 2.035
47 16 0.003 -0.850 2.007
47 17 0.188 -0.073 2.076
47 18 0.213 -0.487 2.067
47 19 0.214 -0.777 2.055
47 20 0.258 -0.801 1.971
48 1 0.118 -0.003 2.060
48 2 0.097 0.056 2.105
48 3 0.076 0.394 2.105
48 4 0.104 0.574 2.120
48 5 -0.050 0.281 2.048
48 6 -0.094 0.044 1.967
48 7 -0.017 -0.128 1.893
48 8 0.022 -0.194 1.876
48 9 0.253 0.293 2.156
48 10 0.417 0.195 2.128
48 11 0.346 0.089 1.942
48 12 0.302 0.056 1.923
48 13 0.059 -0.077 2.025
48 14 0.002 -0.504 2.034
48 15 -0.017 -0.787 2.036
48 16 0.004 -0.849 2.006
48 17 0.192 -0.072 2.075
48 18 0.215 -0.487 2.067
48 19 0.216 -0.777 2.055
48 20 0.256 -0.802 1.972
49 1 0.121 -0.002 2.060
49 2 0.101 0.057 2.105
49 3 0.080 0.395 2.104
49 4 0.108 0.575 2.120
49 5 -0.046 0.281 2.047
49 6 -0.088 0.043 1.971
49 7 -0.013 -0.127 1.904
49 8 0.026 -0.193 1.888
49 9 0.257 0.295 2.154
49 10 0.425 0.203 2.124
49 11 0.356 0.091 1.921
49 12 0.306 0.058 1.918
49 13 0.062 -0.077 2.024
49 14 0.005 -0.501 2.034
49 15 -0.016 -0.787 2.036
49 16 0.006 -0.848 2.005
49 17 0.196 -0.071 2.075
49 18 0.217 -0.486 2.068
49 19 0.217 -0.777 2.054
49 20 0.254 -0.803 1.974
50 1 0.124 -0.002 2.059
50 2 0.104 0.058 2.104
50 3 0.085 0.396 2.103
50 4 0.111 0.576 2.121
50 5 -0.042 0.282 2.046
50 6 -0.083 0.043 1.977
50 7 -0.006 -0.132 1.915
50 8 0.032 -0.198 1.899
50 9 0.263 0.297 2.153
50 10 0.434 0.211 2.117
50 11 0.368 0.097 1.895
50 12 0.311 0.079 1.905
50 13 0.065 -0.076 2.024
50 14 0.007 -0.499 2.033
50 15 -0.015 -0.787 2.036
50 16 0.007 -0.847 2.004
50 17 0.198 -0.071 2.075
50 18 0.218 -0.486 2.068
50 19 0.218 -0.776 2.054
50 20 0.253 -0.803 1.975
51 1 0.127 -0.001 2.059
51 2 0.107 0.058 2.104
51 3 0.089 0.397 2.102
51 4 0.116 0.577 2.121
51 5 -0.038 0.282 2.046
51 6 -0.079 0.042 1.983
51 7 -0.003 -0.135 1.922
51 8 0.034 -0.202 1.906
51 9 0.267 0.298 2.151
51 10 0.440 0.216 2.115
51 11 0.392 0.121 1.868
51 12 0.358 0.100 1.829
51 13 0.067 -0.076 2.023
51 14 0.009 -0.497 2.032
51 15 -0.015 -0.788 2.037
51 16 0.008 -0.846 2.004
51 17 0.201 -0.070 2.074
51 18 0.220 -0.485 2.069
51 19 0.219 -0.776 2.053
51 20 0.252 -0.803 1.976
52 1 0.129 -0.000 2.058
52 2 0.109 0.059 2.103
52 3 0.093 0.397 2.102
52 4 0.120 0.578 2.122
52 5 -0.033 0.283 2.045
52 6 -0.075 0.042 1.988
52 7 -0.001 -0.138 1.927
52 8 0.036 -0.206 1.911
52 9 0.273 0.299 2.149
52 10 0.446 0.220 2.113
52 11 0.411 0.139 1.853
52 12 0.396 0.120 1.779
52 13 0.069 -0.075 2.023
52 14 0.011 -0.496 2.032
52 15 -0.014 -0.788 2.037
52 16 0.009 -0.846 2.003
52 17 0.203 -0.070 2.074
52 18 0.221 -0.484 2.069
52 19 0.220 -0.775 2.053
52 20 0.251 -0.804 1.976
53 1 0.131 0.000 2.058
53 2 0.112 0.060 2.103
53 3 0.098 0.398 2.101
53 4 0.125 0.578 2.122
53 5 -0.029 0.283 2.044
53 6 -0.072 0.041 1.992
53 7 0.000 -0.141 1.931
53 8 0.027 -0.207 1.922
53 9 0.278 0.300 2.148
53 10 0.451 0.223 2.110
53 11 0.484 0.232 1.889
53 12 0.473 0.188 1.747
53 13 0.070 -0.075 2.022
53 14 0.012 -0.495 2.031
53 15 -0.013 -0.788 2.037
53 16 0.009 -0.845 2.002
53 17 0.205 -0.069 2.073
53 18 0.223 -0.484 2.069
53 19 0.221 -0.775 2.053
53 20 0.251 -0.804 1.977
54 1 0.132 0.001 2.057
54 2 0.114 0.060 2.102
54 3 0.103 0.398 2.100
54 4 0.129 0.578 2.122
54 5 -0.025 0.284 2.044
54 6 -0.070 0.041 1.995
54 7 -0.000 -0.144 1.933
54 8 0.021 -0.208 1.927
54 9 0.284 0.301 2.145
54 10 0.469 0.234 2.080
54 11 0.538 0.267 1.868
54 12 0.558 0.266 1.707
54 13 0.071 -0.074 2.022
54 14 0.013 -0.494 2.031
54 15 -0.012 -0.788 2.037
54 16 0.010 -0.845 2.001
54 17 0.206 -0.069 2.073
54 18 0.224 -0.483 2.069
54 19 0.222 -0.775 2.053
54 20 0.250 -0.804 1.977
55 1 0.134 0.001 2.057
55 2 0.116 0.060 2.102
55 3 0.106 0.398 2.100
55 4 0.133 0.578 2.123
55 5 -0.022 0.284 2.044
55 6 -0.068 0.041 1.998
55 7 -0.002 -0.148 1.935
55 8 0.013 -0.210 1.930
55 9 0.289 0.302 2.142
55 10 0.497 0.249 2.020
55 11 0.618 0.326 1.810
55 12 0.654 0.352 1.665
55 13 0.072 -0.074 2.021
55 14 0.014 -0.494 2.030
55 15 -0.012 -0.788 2.037
55 16 0.011 -0.844 2.000
55 17 0.208 -0.069 2.072
55 18 0.225 -0.483 2.069
55 19 0.223 -0.774 2.053
55 20 0.250 -0.804 1.977
56 1 0.135 0.001 2.056
56 2 0.118 0.061 2.102
56 3 0.110 0.399 2.100
56 4 0.137 0.578 2.123
56 5 -0.020 0.285 2.044
56 6 -0.067 0.041 2.000
56 7 -0.006 -0.151 1.936
56 8 0.004 -0.212 1.930
56 9 0.293 0.302 2.138
56 10 0.516 0.261 1.980
56 11 0.672 0.355 1.803
56 12 0.706 0.362 1.752
56 13 0.073 -0.074 2.021
56 14 0.015 -0.494 2.030
56 15 -0.011 -0.788 2.037
56 16 0.011 -0.843 1.999
56 17 0.209 -0.069 2.072
56 18 0.226 -0.482 2.069
56 19 0.223 -0.774 2.052
56 20 0.250 -0.804 1.977
57 1 0.136 0.001 2.056
57 2 0.120 0.061 2.102
57 3 0.113 0.399 2.100
57 4 0.141 0.578 2.124
57 5 -0.018 0.285 2.044
57 6 -0.066 0.041 2.002
57 7 -0.012 -0.154 1.937
57 8 -0.006 -0.214 1.930
57 9 0.296 0.302 2.134
57 10 0.523 0.265 1.966
57 11 0.678 0.338 1.822
57 12 0.735 0.352 1.784
57 13 0.074 -0.074 2.021
57 14 0.016 -0.493 2.030
57 15 -0.010 -0.788 2.037
57 16 0.011 -0.843 1.998
57 17 0.210 -0.069 2.071
57 18 0.227 -0.482 2.069
57 19 0.224 -0.774 2.052
57 20 0.249 -0.804 1.978
58 1 0.137 0.001 2.056
58 2 0.122 0.061 2.101
58 3 0.116 0.399 2.100
58 4 0.145 0.578 2.124
58 5 -0.016 0.285 2.044
58 6 -0.065 0.041 2.003
58 7 -0.020 -0.157 1.937
58 8 -0.016 -0.220 1.927
58 9 0.298 0.302 2.130
58 10 0.526 0.267 1.958
58 11 0.682 0.314 1.835
58 12 0.750 0.314 1.804
58 13 0.074 -0.073 2.021
58 14 0.016 -0.493 2.030
58 15 -0.010 -0.788 2.036
58 16 0.012 -0.842 1.997
58 17 0.211 -0.069 2.070
58 18 0.228 -0.481 2.068
58 19 0.225 -0.774 2.052
58 20 0.249 -0.804 1.978
59 1 0.138 0.001 2.056
59 2 0.124 0.061 2.101
59 3 0.119 0.399 2.100
59 4 0.148 0.578 2.125
59 5 -0.014 0.285 2.044
59 6 -0.065 0.041 2.004
59 7 -0.028 -0.158 1.936
59 8 -0.024 -0.225 1.925
59 9 0.300 0.302 2.127
59 10 0.516 0.258 1.966
59 11 0.688 0.284 1.840
59 12 0.753 0.280 1.815
59 13 0.075 -0.073 2.021
59 14 0.017 -0.493 2.030
59 15 -0.009 -0.788 2.036
59 16 0.012 -0.842 1.996
59 17 0.212 -0.069 2.069
59 18 0.229 -0.480 2.068
59 19 0.226 -0.774 2.052
59 20 0.249 -0.804 1.978
60 1 0.139 0.001 2.055
60 2 0.125 0.061 2.101
60 3 0.120 0.399 2.101
60 4 0.150 0.578 2.126
60 5 -0.013 0.286 2.045
60 6 -0.065 0.041 2.005
60 7 -0.034 -0.160 1.936
60 8 -0.030 -0.230 1.923
60 9 0.300 0.302 2.124
60 10 0.501 0.236 1.981
60 11 0.676 0.227 1.844
60 12 0.740 0.226 1.824
60 13 0.075 -0.073 2.021
60 14 0.017 -0.493 2.029
60 15 -0.008 -0.788 2.036
60 16 0.012 -0.841 1.995
60 17 0.213 -0.070 2.068
60 18 0.230 -0.480 2.067
60 19 0.226 -0.774 2.052
60 20 0.249 -0.804 1.978
61 1 0.139 0.001 2.055
61 2 0.126 0.061 2.101
61 3 0.122 0.399 2.101
61 4 0.152 0.578 2.126
61 5 -0.012 0.286 2.046
61 6 -0.065 0.041 2.005
61 7 -0.039 -0.161 1.936
61 8 -0.034 -0.233 1.922
61 9 0.301 0.302 2.123
61 10 0.484 0.200 2.001
61 11 0.654 0.158 1.845
61 12 0.718 0.158 1.825
61 13 0.076 -0.073 2.021
61 14 0.018 -0.493 2.029
61 15 -0.008 -0.788 2.036
61 16 0.011 -0.841 1.994
61 17 0.213 -0.070 2.067
61 18 0.231 -0.479 2.067
61 19 0.227 -0.774 2.053
61 20 0.249 -0.804 1.978
62 1 0.140 0.001 2.055
62 2 0.127 0.060 2.101
62 3 0.123 0.399 2.101
62 4 0.153 0.578 2.126
62 5 -0.011 0.286 2.046
62 6 -0.065 0.041 2.006
62 7 -0.044 -0.162 1.936
62 8 -0.038 -0.235 1.921
62 9 0.301 0.301 2.121
62 10 0.466 0.159 2.023
62 11 0.619 0.089 1.852
62 12 0.675 0.088 1.827
62 13 0.076 -0.073 2.021
62 14 0.018 -0.493 2.029
62 15 -0.007 -0.788 2.036
62 16 0.011 -0.841 1.994
62 17 0.214 -0.070 2.065
62 18 0.232 -0.478 2.066
62 19 0.228 -0.774 2.053
62 20 0.249 -0.804 1.978
63 1 0.141 0.000 2.054
63 2 0.128 0.060 2.101
63 3 0.124 0.399 2.101
63 4 0.154 0.578 2.127
63 5 -0.010 0.286 2.047
63 6 -0.065 0.041 2.007
63 7 -0.047 -0.162 1.937
63 8 -0.040 -0.236 1.921
63 9 0.301 0.300 2.120
63 10 0.446 0.121 2.043
63 11 0.571 0.023 1.875
63 12 0.625 0.012 1.834
63 13 0.077 -0.073 2.022
63 14 0.018 -0.493 2.029
63 15 -0.006 -0.788 2.035
63 16 0.010 -0.841 1.993
63 17 0.214 -0.071 2.064
63 18 0.233 -0.478 2.065
63 19 0.228 -0.773 2.052
63 20 0.248 -0.804 1.978
64 1 0.142 -0.000 2.054
64 2 0.129 0.059 2.101
64 3 0.125 0.399 2.101
64 4 0.155 0.578 2.127
64 5 -0.009 0.286 2.047
64 6 -0.066 0.041 2.008
64 7 -0.050 -0.162 1.938
64 8 -0.042 -0.238 1.921
64 9 0.301 0.299 2.119
64 10 0.423 0.079 2.058
64 11 0.525 -0.039 1.901
64 12 0.573 -0.059 1.850
64 13 0.077 -0.073 2.022
64 14 0.019 -0.493 2.029
64 15 -0.005 -0.788 2.035
64 16 0.009 -0.841 1.992
64 17 0.215 -0.071 2.063
64 18 0.233 -0.478 2.065
64 19 0.228 -0.773 2.052
64 20 0.248 -0.804 1.978
65 1 0.142 -0.001 2.053
65 2 0.130 0.059 2.100
65 3 0.126 0.399 2.101
65 4 0.156 0.578 2.126
65 5 -0.009 0.286 2.048
65 6 -0.067 0.040 2.009
65 7 -0.053 -0.163 1.939
65 8 -0.044 -0.238 1.922
65 9 0.301 0.297 2.119
65 10 0.408 0.056 2.069
65 11 0.483 -0.091 1.931
65 12 0.524 -0.124 1.882
65 13 0.077 -0.073 2.022
65 14 0.019 -0.493 2.029
65 15 -0.005 -0.788 2.035
65 16 0.008 -0.841 1.992
65 17 0.215 -0.072 2.062
65 18 0.234 -0.477 2.064
65 19 0.229 -0.773 2.052
65 20 0.248 -0.804 1.978
66 1 0.143 -0.002 2.053
66 2 0.131 0.058 2.100
66 3 0.126 0.399 2.101
66 4 0.158 0.577 2.126
66 5 -0.008 0.286 2.048
66 6 -0.067 0.040 2.011
66 7 -0.056 -0.162 1.942
66 8 -0.046 -0.238 1.925
66 9 0.300 0.295 2.119
66 10 0.382 0.037 2.087
66 11 0.441 -0.124 1.971
66 12 0.476 -0.166 1.930
66 13 0.078 -0.074 2.022
66 14 0.020 -0.493 2.029
66 15 -0.004 -0.788 2.034
66 16 0.007 -0.841 1.991
66 17 0.216 -0.073 2.061
66 18 0.234 -0.477 2.064
66 19 0.229 -0.772 2.052
66 20 0.248 -0.803 1.977
67 1 0.144 -0.003 2.052
67 2 0.131 0.057 2.100
67 3 0.127 0.399 2.101
67 4 0.159 0.577 2.125
67 5 -0.008 0.286 2.048
67 6 -0.068 0.040 2.012
67 7 -0.058 -0.161 1.945
67 8 -0.048 -0.238 1.929
67 9 0.299 0.292 2.119
67 10 0.366 0.028 2.098
67 11 0.403 -0.153 2.012
67 12 0.429 -0.216 1.981
67 13 0.078 -0.074 2.022
67 14 0.020 -0.493 2.029
67 15 -0.004 -0.788 2.034
67 16 0.006 -0.841 1.991
67 17 0.216 -0.074 2.060
67 18 0.235 -0.477 2.063
67 19 0.230 -0.772 2.051
67 20 0.248 -0.803 1.977
68 1 0.144 -0.004 2.052
68 2 0.132 0.056 2.099
68 3 0.127 0.399 2.101
68 4 0.162 0.576 2.123
68 5 -0.008 0.286 2.049
68 6 -0.068 0.040 2.014
68 7 -0.060 -0.160 1.949
68 8 -0.055 -0.226 1.946
68 9 0.298 0.288 2.120
68 10 0.351 0.019 2.111
68 11 0.367 -0.177 2.057
68 12 0.386 -0.252 2.036
68 13 0.079 -0.075 2.021
68 14 0.020 -0.494 2.029
68 15 -0.003 -0.788 2.034
68 16 0.005 -0.841 1.990
68 17 0.216 -0.075 2.059
68 18 0.235 -0.477 2.063
68 19 0.230 -0.771 2.051
68 20 0.248 -0.803 1.977
69 1 0.145 -0.006 2.051
69 2 0.132 0.055 2.099
69 3 0.127 0.399 2.101
69 4 0.167 0.575 2.120
69 5 -0.008 0.285 2.049
69 6 -0.069 0.039 2.016
69 7 -0.061 -0.159 1.952
69 8 -0.057 -0.224 1.952
69 9 0.296 0.286 2.121
69 10 0.337 0.015 2.124
69 11 0.333 -0.199 2.097
69 12 0.341 -0.285 2.090
69 13 0.081 -0.075 2.021
69 14 0.020 -0.494 2.029
69 15 -0.003 -0.787 2.034
69 16 0.004 -0.841 1.990
69 17 0.216 -0.075 2.058
69 18 0.235 -0.477 2.062
69 19 0.230 -0.771 2.051
69 20 0.249 -0.802 1.976
70 1 0.146 -0.007 2.051
70 2 0.133 0.054 2.098
70 3 0.128 0.399 2.101
70 4 0.173 0.574 2.117
70 5 -0.007 0.285 2.049
70 6 -0.069 0.039 2.017
70 7 -0.062 -0.158 1.954
70 8 -0.058 -0.222 1.955
70 9 0.295 0.284 2.123
70 10 0.321 0.019 2.146
70 11 0.317 -0.181 2.134
70 12 0.315 -0.288 2.128
70 13 0.082 -0.076 2.020
70 14 0.021 -0.494 2.029
70 15 -0.002 -0.787 2.034
70 16 -0.021 -0.839 1.997
70 17 0.217 -0.076 2.058
70 18 0.235 -0.477 2.062
70 19 0.231 -0.771 2.050
70 20 0.249 -0.802 1.976
71 1 0.147 -0.008 2.050
71 2 0.133 0.054 2.098
71 3 0.128 0.398 2.101
71 4 0.177 0.572 2.114
71 5 -0.007 0.285 2.049
71 6 -0.070 0.039 2.019
71 7 -0.063 -0.157 1.957
71 8 -0.058 -0.222 1.957
71 9 0.293 0.283 2.124
71 10 0.307 0.033 2.181
71 11 0.303 -0.179 2.159
71 12 0.304 -0.272 2.156
71 13 0.083 -0.077 2.020
71 14 0.021 -0.495 2.029
71 15 -0.002 -0.787 2.033
71 16 -0.025 -0.840 2.000
71 17 0.217 -0.077 2.058
71 18 0.236 -0.477 2.061
71 19 0.231 -0.770 2.050
71 20 0.249 -0.802 1.976
72 1 0.147 -0.009 2.050
72 2 0.134 0.053 2.097
72 3 0.128 0.398 2.101
72 4 0.182 0.570 2.111
72 5 -0.007 0.285 2.049
72 6 -0.070 0.039 2.020
72 7 -0.063 -0.156 1.958
72 8 -0.059 -0.222 1.959
72 9 0.289 0.283 2.125
72 10 0.300 0.038 2.192
72 11 0.298 -0.166 2.169
72 12 0.299 -0.252 2.168
72 13 0.085 -0.078 2.019
72 14 0.021 -0.495 2.028
72 15 -0.002 -0.787 2.033
72 16 0.022 -0.831 2.023
72 17 0.217 -0.078 2.058
72 18 0.235 -0.477 2.060
72 19 0.231 -0.770 2.050
72 20 0.249 -0.802 1.975
73 1 0.147 -0.010 2.049
73 2 0.134 0.051 2.097
73 3 0.128 0.397 2.101
73 4 0.186 0.569 2.109
73 5 -0.007 0.285 2.049
73 6 -0.071 0.039 2.021
73 7 -0.064 -0.155 1.959
73 8 -0.059 -0.222 1.959
73 9 0.285 0.282 2.125
73 10 0.295 0.042 2.198
73 11 0.297 -0.154 2.171
73 12 0.299 -0.235 2.170
73 13 0.085 -0.079 2.018
73 14 0.020 -0.495 2.028
73 15 -0.002 -0.787 2.033
73 16 0.016 -0.833 2.023
73 17 0.217 -0.079 2.058
73 18 0.235 -0.477 2.060
73 19 0.231 -0.770 2.049
73 20 0.249 -0.801 1.975
74 1 0.147 -0.012 2.048
74 2 0.134 0.050 2.096
74 3 0.129 0.397 2.100
74 4 0.189 0.568 2.107
74 5 -0.007 0.285 2.049
74 6 -0.071 0.040 2.022
74 7 -0.064 -0.154 1.960
74 8 -0.059 -0.223 1.957
74 9 0.282 0.281 2.124
74 10 0.292 0.045 2.202
74 11 0.298 -0.144 2.169
74 12 0.302 -0.223 2.167
74 13 0.086 -0.079 2.017
74 14 0.020 -0.495 2.027
74 15 -0.002 -0.787 2.033
74 16 -0.020 -0.833 2.021
74 17 0.216 -0.080 2.058
74 18 0.235 -0.477 2.059
74 19 0.231 -0.770 2.049
74 20 0.250 -0.801 1.975
75 1 0.147 -0.013 2.047
75 2 0.134 0.049 2.095
75 3 0.129 0.396 2.100
75 4 0.192 0.567 2.105
75 5 -0.006 0.285 2.049
75 6 -0.073 0.041 2.021
75 7 -0.065 -0.153 1.960
75 8 -0.059 -0.224 1.953
75 9 0.279 0.280 2.124
75 10 0.290 0.048 2.204
75 11 0.300 -0.136 2.167
75 12 0.305 -0.213 2.164
75 13 0.087 -0.080 2.016
75 14 0.020 -0.496 2.027
75 15 -0.002 -0.787 2.033
75 16 -0.002 -0.822 1.983
75 17 0.215 -0.081 2.058
75 18 0.235 -0.477 2.059
75 19 0.231 -0.770 2.049
75 20 0.250 -0.801 1.974
76 1 0.147 -0.014 2.047
76 2 0.133 0.047 2.095
76 3 0.129 0.396 2.100
76 4 0.193 0.566 2.104
76 5 -0.006 0.285 2.049
76 6 -0.075 0.042 2.019
76 7 -0.066 -0.153 1.959
76 8 -0.058 -0.225 1.949
76 9 0.276 0.280 2.125
76 10 0.290 0.051 2.204
76 11 0.302 -0.131 2.164
76 12 0.307 -0.207 2.160
76 13 0.087 -0.081 2.015
76 14 0.019 -0.496 2.027
76 15 -0.001 -0.787 2.033
76 16 0.036 -0.819 2.005
76 17 0.215 -0.083 2.058
76 18 0.234 -0.477 2.058
76 19 0.231 -0.769 2.048
76 20 0.250 -0.801 1.974
77 1 0.147 -0.015 2.046
77 2 0.133 0.047 2.094
77 3 0.129 0.395 2.099
77 4 0.195 0.565 2.103
77 5 -0.006 0.285 2.048
77 6 -0.077 0.043 2.016
77 7 -0.066 -0.152 1.956
77 8 -0.058 -0.226 1.944
77 9 0.274 0.279 2.125
77 10 0.289 0.053 2.203
77 11 0.304 -0.128 2.161
77 12 0.310 -0.203 2.157
77 13 0.087 -0.081 2.014
77 14 0.019 -0.496 2.026
77 15 -0.001 -0.787 2.032
77 16 0.057 -0.818 2.020
77 17 0.214 -0.084 2.058
77 18 0.234 -0.477 2.058
77 19 0.231 -0.769 2.048
77 20 0.250 -0.801 1.974
78 1 0.147 -0.016 2.046
78 2 0.133 0.046 2.094
78 3 0.129 0.395 2.099
78 4 0.196 0.564 2.103
78 5 -0.006 0.286 2.048
78 6 -0.079 0.044 2.011
78 7 -0.066 -0.153 1.950
78 8 -0.056 -0.228 1.937
78 9 0.272 0.279 2.126
78 10 0.289 0.054 2.203
78 11 0.305 -0.126 2.159
78 12 0.311 -0.201 2.155
78 13 0.087 -0.082 2.013
78 14 0.019 -0.497 2.026
78 15 -0.001 -0.787 2.032
78 16 0.028 -0.831 2.020
78 17 0.213 -0.085 2.058
78 18 0.233 -0.478 2.058
78 19 0.231 -0.769 2.048
78 20 0.251 -0.800 1.974
79 1 0.147 -0.016 2.046
79 2 0.132 0.045 2.094
79 3 0.129 0.394 2.099
79 4 0.196 0.564 2.102
79 5 -0.006 0.286 2.047
79 6 -0.081 0.045 2.006
79 7 -0.066 -0.153 1.943
79 8 -0.054 -0.228 1.930
79 9 0.269 0.278 2.127
79 10 0.289 0.055 2.202
79 11 0.306 -0.124 2.158
79 12 0.312 -0.200 2.153
79 13 0.087 -0.082 2.013
79 14 0.018 -0.497 2.025
79 15 -0.001 -0.786 2.032
79 16 0.017 -0.838 2.016
79 17 0.212 -0.086 2.060
79 18 0.233 -0.478 2.058
79 19 0.231 -0.769 2.047
79 20 0.251 -0.800 1.973
80 1 0.147 -0.017 2.046
80 2 0.132 0.044 2.093
80 3 0.128 0.394 2.099
80 4 0.197 0.564 2.102
80 5 -0.006 0.286 2.046
80 6 -0.083 0.046 2.001
80 7 -0.064 -0.153 1.936
80 8 -0.052 -0.227 1.924
80 9 0.267 0.277 2.129
80 10 0.288 0.055 2.202
80 11 0.306 -0.124 2.157
80 12 0.312 -0.199 2.152
80 13 0.087 -0.082 2.012
80 14 0.017 -0.498 2.025
80 15 -0.001 -0.786 2.032
80 16 0.036 -0.832 2.035
80 17 0.211 -0.087 2.061
80 18 0.232 -0.479 2.058
80 19 0.231 -0.769 2.047
80 20 0.252 -0.800 1.973
81 1 0.147 -0.017 2.046
81 2 0.131 0.044 2.093
81 3 0.127 0.394 2.100
81 4 0.197 0.563 2.102
81 5 -0.006 0.286 2.045
81 6 -0.084 0.046 1.996
81 7 -0.061 -0.153 1.929
81 8 -0.046 -0.226 1.916
81 9 0.264 0.275 2.130
81 10 0.288 0.055 2.201
81 11 0.306 -0.124 2.156
81 12 0.312 -0.200 2.151
81 13 0.088 -0.083 2.012
81 14 0.016 -0.499 2.025
81 15 -0.001 -0.786 2.032
81 16 0.035 -0.834 2.027
81 17 0.210 -0.088 2.064
81 18 0.231 -0.479 2.059
81 19 0.231 -0.769 2.047
81 20 0.252 -0.800 1.973
82 1 0.146 -0.018 2.046
82 2 0.130 0.044 2.094
82 3 0.124 0.393 2.101
82 4 0.196 0.562 2.102
82 5 -0.007 0.287 2.043
82 6 -0.085 0.047 1.991
82 7 -0.058 -0.153 1.922
82 8 -0.040 -0.226 1.908
82 9 0.260 0.273 2.133
82 10 0.287 0.055 2.201
82 11 0.306 -0.125 2.156
82 12 0.312 -0.201 2.150
82 13 0.088 -0.083 2.011
82 14 0.016 -0.500 2.025
82 15 -0.001 -0.786 2.032
82 16 0.030 -0.835 2.009
82 17 0.210 -0.088 2.067
82 18 0.230 -0.480 2.060
82 19 0.231 -0.769 2.047
82 20 0.253 -0.800 1.973
83 1 0.146 -0.018 2.047
83 2 0.128 0.043 2.094
83 3 0.120 0.393 2.102
83 4 0.193 0.559 2.102
83 5 -0.007 0.287 2.042
83 6 -0.085 0.047 1.987
83 7 -0.053 -0.151 1.915
83 8 -0.033 -0.224 1.901
83 9 0.249 0.277 2.142
83 10 0.284 0.056 2.202
83 11 0.302 -0.124 2.158
83 12 0.308 -0.201 2.152
83 13 0.088 -0.083 2.011
83 14 0.015 -0.502 2.025
83 15 -0.002 -0.786 2.032
83 16 0.028 -0.835 1.999
83 17 0.209 -0.089 2.070
83 18 0.229 -0.482 2.062
83 19 0.231 -0.768 2.047
83 20 0.254 -0.799 1.974
84 1 0.146 -0.018 2.047
84 2 0.127 0.043 2.095
84 3 0.115 0.392 2.103
84 4 0.190 0.556 2.102
84 5 -0.008 0.287 2.041
84 6 -0.085 0.047 1.983
84 7 -0.049 -0.148 1.910
84 8 -0.025 -0.221 1.894
84 9 0.242 0.279 2.148
84 10 0.280 0.058 2.204
84 11 0.304 -0.161 2.164
84 12 0.309 -0.225 2.156
84 13 0.088 -0.084 2.010
84 14 0.014 -0.503 2.025
84 15 -0.002 -0.786 2.032
84 16 0.026 -0.835 1.994
84 17 0.208 -0.089 2.073
84 18 0.228 -0.484 2.063
84 19 0.231 -0.769 2.047
84 20 0.255 -0.800 1.974
85 1 0.146 -0.018 2.049
85 2 0.126 0.043 2.096
85 3 0.110 0.392 2.105
85 4 0.186 0.553 2.103
85 5 -0.009 0.287 2.040
85 6 -0.085 0.047 1.981
85 7 -0.044 -0.145 1.906
85 8 -0.019 -0.218 1.890
85 9 0.238 0.279 2.150
85 10 0.280 0.050 2.200
85 11 0.306 -0.177 2.165
85 12 0.315 -0.234 2.156
85 13 0.088 -0.084 2.010
85 14 0.008 -0.521 2.032
85 15 -0.002 -0.786 2.033
85 16 0.025 -0.835 1.991
85 17 0.208 -0.089 2.077
85 18 0.227 -0.486 2.064
85 19 0.230 -0.769 2.047
85 20 0.256 -0.800 1.975
86 1 0.145 -0.018 2.050
86 2 0.124 0.042 2.097
86 3 0.106 0.392 2.107
86 4 0.181 0.551 2.104
86 5 -0.011 0.287 2.039
86 6 -0.086 0.046 1.979
86 7 -0.041 -0.143 1.903
86 8 -0.012 -0.214 1.886
86 9 0.235 0.279 2.151
86 10 0.281 0.044 2.196
86 11 0.308 -0.185 2.163
86 12 0.319 -0.238 2.152
86 13 0.089 -0.084 2.010
86 14 0.007 -0.525 2.034
86 15 -0.002 -0.787 2.033
86 16 0.024 -0.835 1.989
86 17 0.208 -0.088 2.080
86 18 0.226 -0.487 2.066
86 19 0.230 -0.769 2.047
86 20 0.256 -0.800 1.975
87 1 0.145 -0.018 2.052
87 2 0.123 0.042 2.099
87 3 0.102 0.392 2.109
87 4 0.177 0.550 2.104
87 5 -0.013 0.286 2.038
87 6 -0.086 0.046 1.977
87 7 -0.037 -0.140 1.901
87 8 -0.007 -0.211 1.883
87 9 0.232 0.276 2.150
87 10 0.281 0.039 2.193
87 11 0.313 -0.188 2.154
87 12 0.329 -0.237 2.124
87 13 0.089 -0.085 2.010
87 14 0.005 -0.527 2.035
87 15 -0.003 -0.787 2.033
87 16 0.028 -0.835 1.993
87 17 0.207 -0.088 2.083
87 18 0.226 -0.489 2.067
87 19 0.229 -0.769 2.047
87 20 0.256 -0.800 1.975
88 1 0.144 -0.018 2.054
88 2 0.122 0.042 2.100
88 3 0.098 0.392 2.111
88 4 0.173 0.549 2.105
88 5 -0.016 0.286 2.038
88 6 -0.086 0.045 1.976
88 7 -0.035 -0.138 1.900
88 8 -0.003 -0.208 1.882
88 9 0.230 0.273 2.148
88 10 0.283 0.035 2.192
88 11 0.320 -0.186 2.138
88 12 0.334 -0.236 2.108
88 13 0.089 -0.085 2.010
88 14 0.004 -0.528 2.036
88 15 -0.004 -0.787 2.034
88 16 0.033 -0.834 1.999
88 17 0.207 -0.088 2.085
88 18 0.225 -0.489 2.067
88 19 0.229 -0.769 2.047
88 20 0.256 -0.800 1.976
89 1 0.144 -0.018 2.056
89 2 0.120 0.042 2.102
89 3 0.095 0.392 2.112
89 4 0.169 0.548 2.105
89 5 -0.019 0.285 2.038
89 6 -0.086 0.045 1.976
89 7 -0.032 -0.136 1.900
89 8 0.001 -0.206 1.881
89 9 0.229 0.271 2.146
89 10 0.284 0.033 2.192
89 11 0.326 -0.178 2.124
89 12 0.341 -0.227 2.092
89 13 0.089 -0.085 2.010
89 14 0.004 -0.527 2.036
89 15 -0.004 -0.787 2.034
89 16 0.036 -0.833 2.004
89 17 0.207 -0.087 2.087
89 18 0.224 -0.490 2.068
89 19 0.228 -0.769 2.048
89 20 0.256 -0.800 1.976
90 1 0.143 -0.018 2.057
90 2 0.119 0.042 2.103
90 3 0.093 0.392 2.114
90 4 0.166 0.548 2.106
90 5 -0.021 0.285 2.039
90 6 -0.086 0.045 1.975
90 7 -0.030 -0.136 1.901
90 8 0.004 -0.205 1.881
90 9 0.227 0.270 2.145
90 10 0.286 0.031 2.191
90 11 0.331 -0.167 2.112
90 12 0.350 -0.216 2.076
90 13 0.090 -0.085 2.010
90 14 0.003 -0.525 2.036
90 15 -0.005 -0.787 2.034
90 16 0.040 -0.832 2.012
90 17 0.207 -0.087 2.088
90 18 0.223 -0.490 2.068
90 19 0.227 -0.769 2.048
90 20 0.255 -0.800 1.976
91 1 0.142 -0.018 2.058
91 2 0.118 0.042 2.105
91 3 0.091 0.392 2.115
91 4 0.163 0.548 2.106
91 5 -0.024 0.284 2.039
91 6 -0.086 0.044 1.975
91 7 -0.026 -0.137 1.903
91 8 0.006 -0.205 1.883
91 9 0.227 0.269 2.144
91 10 0.287 0.030 2.191
91 11 0.336 -0.156 2.103
91 12 0.356 -0.209 2.067
91 13 0.090 -0.085 2.011
91 14 0.002 -0.522 2.036
91 15 -0.006 -0.787 2.035
91 16 0.038 -0.834 2.013
91 17 0.207 -0.087 2.089
91 18 0.222 -0.491 2.069
91 19 0.226 -0.770 2.048
91 20 0.254 -0.800 1.977
92 1 0.141 -0.018 2.059
92 2 0.117 0.042 2.106
92 3 0.090 0.392 2.116
92 4 0.162 0.548 2.106
92 5 -0.026 0.284 2.040
92 6 -0.086 0.044 1.976
92 7 -0.023 -0.141 1.906
92 8 0.008 -0.206 1.887
92 9 0.226 0.268 2.143
92 10 0.289 0.030 2.190
92 11 0.339 -0.149 2.096
92 12 0.359 -0.204 2.060
92 13 0.089 -0.086 2.011
92 14 0.001 -0.519 2.036
92 15 -0.006 -0.787 2.035
92 16 0.042 -0.832 2.025
92 17 0.206 -0.087 2.089
92 18 0.221 -0.491 2.069
92 19 0.225 -0.770 2.049
92 20 0.253 -0.801 1.977
93 1 0.140 -0.018 2.060
93 2 0.116 0.042 2.107
93 3 0.089 0.392 2.116
93 4 0.160 0.548 2.107
93 5 -0.028 0.283 2.041
93 6 -0.087 0.043 1.978
93 7 -0.022 -0.145 1.911
93 8 0.006 -0.206 1.896
93 9 0.226 0.268 2.143
93 10 0.290 0.030 2.190
93 11 0.341 -0.140 2.092
93 12 0.362 -0.201 2.055
93 13 0.089 -0.086 2.011
93 14 0.001 -0.516 2.036
93 15 -0.007 -0.788 2.035
93 16 0.040 -0.833 2.024
93 17 0.206 -0.087 2.090
93 18 0.220 -0.491 2.069
93 19 0.224 -0.770 2.049
93 20 0.252 -0.801 1.977
94 1 0.139 -0.018 2.061
94 2 0.116 0.042 2.107
94 3 0.088 0.392 2.117
94 4 0.159 0.548 2.107
94 5 -0.029 0.283 2.042
94 6 -0.088 0.041 1.981
94 7 -0.022 -0.149 1.916
94 8 0.002 -0.207 1.906
94 9 0.225 0.268 2.143
94 10 0.291 0.030 2.189
94 11 0.341 -0.135 2.088
94 12 0.363 -0.198 2.051
94 13 0.089 -0.086 2.012
94 14 0.001 -0.514 2.036
94 15 -0.008 -0.788 2.035
94 16 0.042 -0.830 2.035
94 17 0.205 -0.087 2.090
94 18 0.220 -0.491 2.069
94 19 0.224 -0.770 2.049
94 20 0.252 -0.801 1.978
95 1 0.138 -0.018 2.062
95 2 0.115 0.042 2.108
95 3 0.087 0.391 2.118
95 4 0.158 0.548 2.107
95 5 -0.030 0.282 2.043
95 6 -0.089 0.040 1.984
95 7 -0.028 -0.152 1.925
95 8 -0.025 -0.211 1.927
95 9 0.225 0.267 2.142
95 10 0.292 0.030 2.187
95 11 0.340 -0.133 2.085
95 12 0.363 -0.196 2.048
95 13 0.088 -0.086 2.012
95 14 0.000 -0.512 2.036
95 15 -0.008 -0.788 2.035
95 16 0.037 -0.833 2.030
95 17 0.204 -0.087 2.090
95 18 0.219 -0.491 2.069
95 19 0.223 -0.771 2.050
95 20 0.251 -0.802 1.978
96 1 0.137 -0.019 2.062
96 2 0.114 0.041 2.109
96 3 0.087 0.391 2.118
96 4 0.157 0.548 2.107
96 5 -0.031 0.282 2.043
96 6 -0.091 0.040 1.989
96 7 -0.036 -0.154 1.933
96 8 -0.035 -0.211 1.935
96 9 0.225 0.267 2.142
96 10 0.293 0.030 2.185
96 11 0.336 -0.132 2.081
96 12 0.359 -0.195 2.045
96 13 0.087 -0.086 2.013
96 14 0.000 -0.510 2.035
96 15 -0.008 -0.788 2.035
96 16 0.031 -0.835 2.024
96 17 0.203 -0.087 2.090
96 18 0.219 -0.491 2.069
96 19 0.222 -0.771 2.050
96 20 0.250 -0.802 1.978
97 1 0.136 -0.019 2.063
97 2 0.113 0.041 2.109
97 3 0.086 0.391 2.118
97 4 0.157 0.548 2.108
97 5 -0.033 0.282 2.045
97 6 -0.092 0.040 1.993
97 7 -0.044 -0.155 1.940
97 8 -0.042 -0.211 1.940
97 9 0.225 0.267 2.142
97 10 0.293 0.030 2.183
97 11 0.327 -0.138 2.075
97 12 0.346 -0.199 2.040
97 13 0.086 -0.087 2.014
97 14 0.000 -0.509 2.035
97 15 -0.009 -0.788 2.035
97 16 0.026 -0.838 2.019
97 17 0.202 -0.087 2.090
97 18 0.218 -0.491 2.069
97 19 0.222 -0.771 2.050
97 20 0.249 -0.802 1.979
98 1 0.135 -0.019 2.063
98 2 0.113 0.041 2.110
98 3 0.086 0.391 2.119
98 4 0.156 0.548 2.108
98 5 -0.033 0.282 2.046
98 6 -0.094 0.040 1.997
98 7 -0.051 -0.155 1.945
98 8 -0.047 -0.211 1.943
98 9 0.225 0.267 2.142
98 10 0.293 0.030 2.182
98 11 0.320 -0.143 2.072
98 12 0.336 -0.202 2.038
98 13 0.084 -0.087 2.014
98 14 0.000 -0.509 2.035
98 15 -0.009 -0.788 2.035
98 16 0.033 -0.834 2.034
98 17 0.201 -0.087 2.090
98 18 0.218 -0.491 2.069
98 19 0.222 -0.771 2.051
98 20 0.249 -0.802 1.979
99 1 0.135 -0.019 2.063
99 2 0.112 0.041 2.110
99 3 0.086 0.391 2.119
99 4 0.156 0.548 2.108
99 5 -0.034 0.282 2.046
99 6 -0.096 0.040 2.000
99 7 -0.059 -0.155 1.949
99 8 -0.052 -0.212 1.945
99 9 0.225 0.267 2.141
99 10 0.293 0.030 2.180
99 11 0.315 -0.146 2.070
99 12 0.329 -0.203 2.038
99 13 0.083 -0.087 2.015
99 14 0.000 -0.508 2.035
99 15 -0.009 -0.788 2.035
99 16 0.036 -0.832 2.037
99 17 0.200 -0.087 2.090
99 18 0.218 -0.491 2.069
99 19 0.221 -0.772 2.051
99 20 0.248 -0.803 1.979
100 1 0.134 -0.019 2.064
100 2 0.112 0.041 2.110
100 3 0.086 0.391 2.119
100 4 0.156 0.548 2.108
100 5 -0.035 0.282 2.047
100 6 -0.098 0.041 2.003
100 7 -0.066 -0.155 1.951
100 8 -0.056 -0.213 1.946
100 9 0.225 0.268 2.141
100 10 0.293 0.031 2.179
100 11 0.312 -0.149 2.069
100 12 0.323 -0.207 2.039
100 13 0.082 -0.087 2.016
100 14 0.000 -0.508 2.035
100 15 -0.010 -0.788 2.035
100 16 0.008 -0.839 2.025
100 17 0.199 -0.087 2.090
100 18 0.217 -0.491 2.069
100 19 0.221 -0.772 2.051
100 20 0.247 -0.803 1.979
101 1 0.133 -0.019 2.064
101 2 0.111 0.041 2.111
101 3 0.086 0.391 2.119
101 4 0.156 0.549 2.108
101 5 -0.035 0.282 2.048
101 6 -0.099 0.041 2.005
101 7 -0.073 -0.155 1.954
101 8 -0.062 -0.216 1.947
101 9 0.225 0.268 2.141
101 10 0.293 0.031 2.179
101 11 0.310 -0.151 2.069
101 12 0.320 -0.209 2.040
101 13 0.081 -0.087 2.017
101 14 0.000 -0.508 2.036
101 15 -0.010 -0.788 2.035
101 16 -0.009 -0.843 2.018
101 17 0.199 -0.087 2.090
101 18 0.217 -0.491 2.070
101 19 0.221 -0.772 2.051
101 20 0.247 -0.803 1.979
102 1 0.133 -0.019 2.064
102 2 0.111 0.041 2.111
102 3 0.086 0.391 2.119
102 4 0.156 0.548 2.107
102 5 -0.035 0.282 2.048
102 6 -0.101 0.040 2.006
102 7 -0.077 -0.155 1.955
102 8 -0.066 -0.220 1.947
102 9 0.225 0.269 2.141
102 10 0.294 0.031 2.178
102 11 0.309 -0.154 2.070
102 12 0.317 -0.211 2.042
102 13 0.080 -0.087 2.018
102 14 0.000 -0.507 2.036
102 15 -0.010 -0.788 2.035
102 16 -0.018 -0.845 2.013
102 17 0.198 -0.087 2.090
102 18 0.217 -0.491 2.070
102 19 0.220 -0.772 2.051
102 20 0.247 -0.803 1.979
103 1 0.132 -0.019 2.065
103 2 0.111 0.041 2.111
103 3 0.086 0.391 2.119
103 4 0.157 0.548 2.106
103 5 -0.035 0.282 2.048
103 6 -0.102 0.041 2.008
103 7 -0.081 -0.155 1.956
103 8 -0.071 -0.222 1.948
103 9 0.226 0.269 2.140
103 10 0.294 0.031 2.178
103 11 0.309 -0.156 2.073
103 12 0.317 -0.214 2.046
103 13 0.080 -0.087 2.018
103 14 0.000 -0.507 2.036
103 15 -0.010 -0.788 2.036
103 16 -0.024 -0.847 2.010
103 17 0.198 -0.087 2.090
103 18 0.217 -0.491 2.070
103 19 0.220 -0.772 2.051
103 20 0.246 -0.803 1.979
104 1 0.132 -0.020 2.065
104 2 0.111 0.041 2.111
104 3 0.087 0.391 2.119
104 4 0.160 0.548 2.106
104 5 -0.035 0.282 2.048
104 6 -0.103 0.041 2.008
104 7 -0.084 -0.155 1.957
104 8 -0.074 -0.225 1.949
104 9 0.226 0.269 2.140
104 10 0.294 0.032 2.178
104 11 0.310 -0.159 2.078
104 12 0.319 -0.216 2.053
104 13 0.079 -0.087 2.019
104 14 0.001 -0.508 2.036
104 15 -0.010 -0.788 2.036
104 16 -0.021 -0.849 2.009
104 17 0.197 -0.087 2.090
104 18 0.217 -0.491 2.070
104 19 0.220 -0.772 2.051
104 20 0.246 -0.803 1.979
105 1 0.132 -0.020 2.065
105 2 0.111 0.041 2.111
105 3 0.088 0.391 2.119
105 4 0.163 0.548 2.104
105 5 -0.034 0.283 2.048
105 6 -0.103 0.041 2.009
105 7 -0.085 -0.155 1.958
105 8 -0.077 -0.227 1.949
105 9 0.228 0.269 2.139
105 10 0.294 0.032 2.178
105 11 0.312 -0.162 2.084
105 12 0.321 -0.220 2.062
105 13 0.079 -0.088 2.019
105 14 0.001 -0.508 2.036
105 15 -0.010 -0.788 2.036
105 16 -0.017 -0.850 2.008
105 17 0.197 -0.088 2.090
105 18 0.217 -0.490 2.070
105 19 0.220 -0.772 2.051
105 20 0.246 -0.803 1.979
106 1 0.131 -0.020 2.065
106 2 0.110 0.041 2.111
106 3 0.090 0.391 2.118
106 4 0.168 0.547 2.103
106 5 -0.032 0.283 2.048
106 6 -0.104 0.041 2.009
106 7 -0.087 -0.155 1.958
106 8 -0.078 -0.228 1.950
106 9 0.230 0.269 2.138
106 10 0.294 0.032 2.179
106 11 0.315 -0.166 2.092
106 12 0.325 -0.224 2.071
106 13 0.079 -0.088 2.020
106 14 0.001 -0.508 2.036
106 15 -0.011 -0.788 2.036
106 16 0.023 -0.834 2.031
106 17 0.196 -0.088 2.090
106 18 0.217 -0.490 2.071
106 19 0.220 -0.772 2.051
106 20 0.246 -0.803 1.979
107 1 0.131 -0.020 2.065
107 2 0.110 0.041 2.112
107 3 0.093 0.391 2.117
107 4 0.172 0.547 2.102
107 5 -0.030 0.284 2.047
107 6 -0.104 0.041 2.009
107 7 -0.088 -0.155 1.958
107 8 -0.080 -0.229 1.950
107 9 0.233 0.270 2.138
107 10 0.295 0.033 2.181
107 11 0.317 -0.168 2.100
107 12 0.327 -0.226 2.078
107 13 0.079 -0.088 2.020
107 14 0.002 -0.508 2.036
107 15 -0.011 -0.788 2.036
107 16 0.032 -0.830 2.021
107 17 0.196 -0.088 2.090
107 18 0.217 -0.490 2.071
107 19 0.220 -0.772 2.051
107 20 0.246 -0.803 1.979
108 1 0.132 -0.020 2.066
108 2 0.111 0.041 2.112
108 3 0.096 0.391 2.116
108 4 0.176 0.547 2.101
108 5 -0.028 0.285 2.047
108 6 -0.104 0.042 2.009
108 7 -0.088 -0.155 1.958
108 8 -0.080 -0.230 1.950
108 9 0.236 0.271 2.138
108 10 0.296 0.034 2.184
108 11 0.320 -0.171 2.108
108 12 0.333 -0.234 2.094
108 13 0.079 -0.088 2.021
108 14 0.003 -0.508 2.036
108 15 -0.011 -0.788 2.036
108 16 0.035 -0.829 2.012
108 17 0.196 -0.088 2.091
108 18 0.217 -0.490 2.072
108 19 0.220 -0.772 2.051
108 20 0.246 -0.803 1.979
109 1 0.132 -0.021 2.066
109 2 0.112 0.041 2.112
109 3 0.100 0.391 2.115
109 4 0.180 0.547 2.100
109 5 -0.024 0.285 2.045
109 6 -0.103 0.042 2.009
109 7 -0.088 -0.154 1.958
109 8 -0.080 -0.230 1.950
109 9 0.239 0.271 2.138
109 10 0.297 0.035 2.187
109 11 0.322 -0.173 2.115
109 12 0.337 -0.239 2.104
109 13 0.079 -0.088 2.021
109 14 0.003 -0.509 2.036
109 15 -0.011 -0.788 2.036
109 16 0.036 -0.829 2.005
109 17 0.197 -0.089 2.091
109 18 0.218 -0.490 2.073
109 19 0.220 -0.772 2.051
109 20 0.246 -0.803 1.980
110 1 0.134 -0.021 2.067
110 2 0.113 0.041 2.113
110 3 0.104 0.392 2.114
110 4 0.185 0.546 2.098
110 5 -0.021 0.286 2.044
110 6 -0.101 0.043 2.008
110 7 -0.086 -0.154 1.957
110 8 -0.077 -0.230 1.948
110 9 0.243 0.271 2.138
110 10 0.299 0.035 2.192
110 11 0.324 -0.175 2.122
110 12 0.340 -0.243 2.111
110 13 0.080 -0.088 2.022
110 14 0.005 -0.509 2.036
110 15 -0.011 -0.788 2.036
110 16 0.035 -0.829 2.000
110 17 0.198 -0.089 2.092
110 18 0.219 -0.490 2.074
110 19 0.220 -0.772 2.052
110 20 0.246 -0.804 1.980
111 1 0.135 -0.021 2.067
111 2 0.115 0.041 2.113
111 3 0.108 0.392 2.113
111 4 0.190 0.547 2.097
111 5 -0.017 0.287 2.043
111 6 -0.098 0.044 2.007
111 7 -0.082 -0.153 1.955
111 8 -0.066 -0.223 1.943
111 9 0.246 0.271 2.138
111 10 0.300 0.036 2.196
111 11 0.327 -0.176 2.130
111 12 0.341 -0.245 2.115
111 13 0.082 -0.088 2.022
111 14 0.006 -0.509 2.035
111 15 -0.011 -0.788 2.036
111 16 0.033 -0.830 1.996
111 17 0.200 -0.090 2.093
111 18 0.220 -0.490 2.075
111 19 0.221 -0.772 2.052
111 20 0.247 -0.804 1.980
112 1 0.138 -0.021 2.067
112 2 0.117 0.041 2.113
112 3 0.111 0.392 2.112
112 4 0.195 0.547 2.096
112 5 -0.013 0.287 2.041
112 6 -0.094 0.045 2.005
112 7 -0.076 -0.152 1.952
112 8 -0.047 -0.220 1.938
112 9 0.249 0.271 2.138
112 10 0.302 0.037 2.201
112 11 0.329 -0.176 2.136
112 12 0.342 -0.247 2.118
112 13 0.084 -0.089 2.022
112 14 0.008 -0.509 2.035
112 15 -0.011 -0.788 2.036
112 16 0.031 -0.830 1.993
112 17 0.202 -0.090 2.094
112 18 0.221 -0.490 2.075
112 19 0.221 -0.772 2.052
112 20 0.248 -0.804 1.980
113 1 0.140 -0.021 2.068
113 2 0.120 0.041 2.113
113 3 0.114 0.392 2.112
113 4 0.198 0.547 2.095
113 5 -0.009 0.288 2.040
113 6 -0.089 0.045 2.003
113 7 -0.067 -0.150 1.949
113 8 -0.034 -0.219 1.934
113 9 0.252 0.271 2.138
113 10 0.303 0.037 2.204
113 11 0.330 -0.177 2.140
113 12 0.343 -0.248 2.120
113 13 0.087 -0.089 2.022
113 14 0.010 -0.509 2.034
113 15 -0.011 -0.788 2.036
113 16 0.030 -0.831 1.991
113 17 0.204 -0.090 2.094
113 18 0.222 -0.491 2.076
113 19 0.222 -0.772 2.052
113 20 0.249 -0.804 1.980
114 1 0.144 -0.021 2.068
114 2 0.123 0.041 2.113
114 3 0.117 0.392 2.111
114 4 0.201 0.547 2.095
114 5 -0.006 0.288 2.038
114 6 -0.084 0.046 2.001
114 7 -0.053 -0.150 1.944
114 8 -0.023 -0.220 1.931
114 9 0.254 0.272 2.139
114 10 0.305 0.038 2.206
114 11 0.331 -0.177 2.142
114 12 0.343 -0.249 2.121
114 13 0.091 -0.088 2.022
114 14 0.012 -0.509 2.034
114 15 -0.011 -0.788 2.036
114 16 0.028 -0.831 1.990
114 17 0.207 -0.090 2.095
114 18 0.223 -0.491 2.077
114 19 0.223 -0.772 2.052
114 20 0.251 -0.804 1.981
115 1 0.147 -0.021 2.068
115 2 0.126 0.042 2.112
115 3 0.119 0.393 2.110
115 4 0.204 0.547 2.095
115 5 -0.003 0.289 2.037
115 6 -0.079 0.046 2.000
115 7 -0.044 -0.150 1.941
115 8 -0.015 -0.217 1.928
115 9 0.257 0.272 2.139
115 10 0.306 0.039 2.208
115 11 0.331 -0.177 2.144
115 12 0.344 -0.249 2.122
115 13 0.094 -0.088 2.022
115 14 0.013 -0.509 2.033
115 15 -0.010 -0.788 2.036
115 16 0.027 -0.832 1.988
115 17 0.210 -0.090 2.095
115 18 0.224 -0.491 2.077
115 19 0.224 -0.772 2.052
115 20 0.252 -0.803 1.981
116 1 0.150 -0.021 2.067
116 2 0.129 0.042 2.112
116 3 0.121 0.393 2.109
116 4 0.205 0.548 2.095
116 5 -0.001 0.289 2.036
116 6 -0.075 0.046 1.998
116 7 -0.037 -0.151 1.939
116 8 -0.011 -0.215 1.927
116 9 0.259 0.272 2.138
116 10 0.307 0.040 2.209
116 11 0.332 -0.177 2.145
116 12 0.344 -0.249 2.123
116 13 0.098 -0.088 2.021
116 14 0.015 -0.509 2.033
116 15 -0.010 -0.788 2.036
116 16 0.026 -0.832 1.987
116 17 0.213 -0.090 2.095
116 18 0.225 -0.491 2.078
116 19 0.225 -0.772 2.052
116 20 0.253 -0.803 1.981
117 1 0.153 -0.020 2.067
117 2 0.131 0.042 2.111
117 3 0.123 0.393 2.109
117 4 0.207 0.548 2.095
117 5 0.002 0.289 2.035
117 6 -0.072 0.046 1.997
117 7 -0.032 -0.152 1.937
117 8 -0.008 -0.214 1.926
117 9 0.261 0.272 2.138
117 10 0.308 0.041 2.210
117 11 0.332 -0.178 2.145
117 12 0.344 -0.250 2.123
117 13 0.100 -0.088 2.021
117 14 0.016 -0.509 2.032
117 15 -0.010 -0.788 2.036
117 16 0.025 -0.832 1.987
117 17 0.216 -0.090 2.095
117 18 0.225 -0.491 2.078
117 19 0.225 -0.771 2.052
117 20 0.254 -0.803 1.981
118 1 0.155 -0.020 2.066
118 2 0.134 0.042 2.111
118 3 0.125 0.393 2.108
118 4 0.209 0.548 2.095
118 5 0.003 0.289 2.034
118 6 -0.070 0.045 1.996
118 7 -0.029 -0.152 1.936
118 8 -0.006 -0.213 1.925
118 9 0.263 0.272 2.137
118 10 0.309 0.041 2.210
118 11 0.333 -0.177 2.144
118 12 0.344 -0.250 2.122
118 13 0.103 -0.088 2.020
118 14 0.017 -0.509 2.032
118 15 -0.010 -0.789 2.036
118 16 0.024 -0.832 1.986
118 17 0.219 -0.090 2.094
118 18 0.226 -0.491 2.078
118 19 0.226 -0.771 2.052
118 20 0.255 -0.803 1.981
119 1 0.158 -0.020 2.066
119 2 0.136 0.042 2.110
119 3 0.126 0.393 2.107
119 4 0.210 0.548 2.095
119 5 0.005 0.289 2.033
119 6 -0.068 0.045 1.996
119 7 -0.027 -0.152 1.935
119 8 -0.005 -0.213 1.924
119 9 0.266 0.272 2.136
119 10 0.311 0.042 2.210
119 11 0.335 -0.177 2.142
119 12 0.345 -0.250 2.120
119 13 0.105 -0.088 2.020
119 14 0.018 -0.509 2.032
119 15 -0.009 -0.789 2.036
119 16 0.023 -0.833 1.986
119 17 0.221 -0.090 2.094
119 18 0.228 -0.490 2.078
119 19 0.227 -0.771 2.052
119 20 0.256 -0.803 1.981
120 1 0.159 -0.020 2.065
120 2 0.138 0.042 2.110
120 3 0.128 0.393 2.107
120 4 0.211 0.548 2.095
120 5 0.006 0.289 2.033
120 6 -0.067 0.045 1.996
120 7 -0.026 -0.153 1.935
120 8 -0.004 -0.214 1.924
120 9 0.268 0.272 2.135
120 10 0.313 0.042 2.209
120 11 0.338 -0.157 2.137
120 12 0.345 -0.234 2.117
120 13 0.106 -0.088 2.019
120 14 0.019 -0.509 2.031
120 15 -0.008 -0.789 2.036
120 16 0.022 -0.833 1.985
120 17 0.223 -0.090 2.093
120 18 0.229 -0.490 2.077
120 19 0.228 -0.771 2.052
120 20 0.256 -0.802 1.981
121 1 0.161 -0.020 2.065
121 2 0.140 0.042 2.109
121 3 0.130 0.393 2.106
121 4 0.213 0.548 2.095
121 5 0.007 0.289 2.032
121 6 -0.066 0.045 1.995
121 7 -0.026 -0.153 1.935
121 8 -0.005 -0.216 1.924
121 9 0.269 0.272 2.133
121 10 0.315 0.044 2.208
121 11 0.340 -0.146 2.134
121 12 0.345 -0.223 2.114
121 13 0.108 -0.088 2.019
121 14 0.020 -0.509 2.031
121 15 -0.008 -0.789 2.036
121 16 0.022 -0.833 1.985
121 17 0.225 -0.090 2.093
121 18 0.230 -0.489 2.077
121 19 0.228 -0.770 2.052
121 20 0.257 -0.802 1.981
122 1 0.162 -0.020 2.064
122 2 0.142 0.042 2.108
122 3 0.132 0.393 2.105
122 4 0.214 0.549 2.094
122 5 0.008 0.289 2.032
122 6 -0.065 0.045 1.995
122 7 -0.027 -0.153 1.935
122 8 -0.005 -0.218 1.924
122 9 0.271 0.272 2.132
122 10 0.317 0.045 2.205
122 11 0.341 -0.139 2.132
122 12 0.345 -0.217 2.111
122 13 0.109 -0.088 2.019
122 14 0.021 -0.508 2.030
122 15 -0.007 -0.789 2.036
122 16 0.021 -0.833 1.985
122 17 0.226 -0.090 2.092
122 18 0.231 -0.488 2.076
122 19 0.229 -0.770 2.052
122 20 0.257 -0.802 1.980
123 1 0.164 -0.020 2.064
123 2 0.143 0.042 2.108
123 3 0.133 0.393 2.104
123 4 0.215 0.549 2.094
123 5 0.009 0.289 2.032
123 6 -0.065 0.045 1.995
123 7 -0.028 -0.152 1.936
123 8 -0.007 -0.219 1.925
123 9 0.273 0.272 2.131
123 10 0.320 0.046 2.203
123 11 0.342 -0.135 2.131
123 12 0.345 -0.212 2.110
123 13 0.110 -0.088 2.018
123 14 0.021 -0.508 2.030
123 15 -0.006 -0.789 2.036
123 16 0.020 -0.833 1.985
123 17 0.228 -0.090 2.091
123 18 0.232 -0.488 2.076
123 19 0.229 -0.769 2.051
123 20 0.257 -0.801 1.980
124 1 0.165 -0.020 2.063
124 2 0.144 0.042 2.108
124 3 0.135 0.393 2.103
124 4 0.217 0.549 2.093
124 5 0.010 0.289 2.031
124 6 -0.064 0.045 1.995
124 7 -0.030 -0.151 1.937
124 8 -0.008 -0.220 1.926
124 9 0.275 0.273 2.130
124 10 0.322 0.047 2.201
124 11 0.343 -0.132 2.131
124 12 0.346 -0.209 2.109
124 13 0.111 -0.088 2.018
124 14 0.022 -0.508 2.029
124 15 -0.006 -0.789 2.035
124 16 0.020 -0.834 1.984
124 17 0.229 -0.090 2.091
124 18 0.233 -0.487 2.075
124 19 0.230 -0.769 2.051
124 20 0.258 -0.801 1.980
125 1 0.166 -0.021 2.063
125 2 0.146 0.042 2.107
125 3 0.138 0.393 2.103
125 4 0.220 0.549 2.091
125 5 0.012 0.289 2.031
125 6 -0.064 0.045 1.996
125 7 -0.033 -0.150 1.939
125 8 -0.010 -0.221 1.927
125 9 0.277 0.273 2.129
125 10 0.325 0.047 2.199
125 11 0.345 -0.130 2.130
125 12 0.347 -0.207 2.108
125 13 0.112 -0.088 2.018
125 14 0.024 -0.507 2.028
125 15 -0.005 -0.789 2.035
125 16 0.019 -0.834 1.984
125 17 0.230 -0.090 2.090
125 18 0.234 -0.487 2.075
125 19 0.230 -0.769 2.051
125 20 0.258 -0.801 1.980
126 1 0.167 -0.021 2.063
126 2 0.148 0.042 2.107
126 3 0.141 0.392 2.102
126 4 0.223 0.549 2.089
126 5 0.014 0.288 2.031
126 6 -0.063 0.045 1.997
126 7 -0.034 -0.150 1.940
126 8 -0.011 -0.221 1.928
126 9 0.280 0.273 2.127
126 10 0.327 0.047 2.197
126 11 0.346 -0.129 2.130
126 12 0.347 -0.206 2.108
126 13 0.113 -0.088 2.018
126 14 0.025 -0.507 2.027
126 15 -0.005 -0.789 2.035
126 16 0.019 -0.834 1.984
126 17 0.231 -0.090 2.090
126 18 0.235 -0.486 2.075
126 19 0.231 -0.769 2.051
126 20 0.258 -0.801 1.979
127 1 0.169 -0.021 2.062
127 2 0.150 0.042 2.107
127 3 0.144 0.392 2.101
127 4 0.227 0.548 2.088
127 5 0.017 0.288 2.032
127 6 -0.062 0.045 1.998
127 7 -0.036 -0.149 1.942
127 8 -0.013 -0.222 1.930
127 9 0.282 0.273 2.127
127 10 0.330 0.047 2.194
127 11 0.347 -0.129 2.129
127 12 0.350 -0.206 2.108
127 13 0.114 -0.088 2.018
127 14 0.027 -0.506 2.026
127 15 -0.004 -0.789 2.035
127 16 0.019 -0.834 1.984
127 17 0.233 -0.090 2.089
127 18 0.236 -0.486 2.074
127 19 0.232 -0.768 2.050
127 20 0.259 -0.800 1.979
128 1 0.171 -0.021 2.062
128 2 0.153 0.041 2.106
128 3 0.148 0.392 2.101
128 4 0.231 0.547 2.086
128 5 0.020 0.288 2.032
128 6 -0.060 0.046 1.999
128 7 -0.037 -0.148 1.944
128 8 -0.018 -0.214 1.942
128 9 0.285 0.274 2.126
128 10 0.334 0.046 2.192
128 11 0.349 -0.129 2.129
128 12 0.353 -0.207 2.108
128 13 0.116 -0.089 2.018
128 14 0.029 -0.506 2.025
128 15 -0.004 -0.789 2.035
128 16 0.018 -0.834 1.984
128 17 0.235 -0.090 2.089
128 18 0.238 -0.486 2.074
128 19 0.233 -0.768 2.050
128 20 0.260 -0.800 1.979
129 1 0.174 -0.022 2.062
129 2 0.155 0.041 2.106
129 3 0.153 0.391 2.100
129 4 0.235 0.547 2.085
129 5 0.025 0.288 2.033
129 6 -0.058 0.046 2.002
129 7 -0.037 -0.148 1.945
129 8 -0.019 -0.214 1.945
129 9 0.289 0.275 2.125
129 10 0.337 0.047 2.191
129 11 0.352 -0.130 2.129
129 12 0.357 -0.207 2.108
129 13 0.118 -0.089 2.019
129 14 0.031 -0.505 2.024
129 15 -0.004 -0.789 2.035
129 16 0.018 -0.834 1.984
129 17 0.236 -0.090 2.088
129 18 0.240 -0.486 2.073
129 19 0.234 -0.768 2.050
129 20 0.261 -0.800 1.979
130 1 0.176 -0.022 2.062
130 2 0.159 0.041 2.106
130 3 0.157 0.391 2.100
130 4 0.239 0.547 2.083
130 5 0.030 0.288 2.034
130 6 -0.054 0.047 2.005
130 7 -0.037 -0.147 1.947
130 8 -0.018 -0.210 1.948
130 9 0.292 0.276 2.125
130 10 0.340 0.046 2.189
130 11 0.356 -0.132 2.130
130 12 0.361 -0.209 2.109
130 13 0.120 -0.089 2.019
130 14 0.033 -0.504 2.023
130 15 -0.003 -0.789 2.035
130 16 0.018 -0.834 1.984
130 17 0.239 -0.090 2.088
130 18 0.242 -0.486 2.073
130 19 0.236 -0.768 2.050
130 20 0.262 -0.800 1.979
131 1 0.179 -0.023 2.062
131 2 0.162 0.040 2.107
131 3 0.162 0.391 2.100
131 4 0.245 0.546 2.082
131 5 0.035 0.289 2.035
131 6 -0.050 0.047 2.007
131 7 -0.035 -0.147 1.949
131 8 -0.018 -0.209 1.950
131 9 0.295 0.276 2.125
131 10 0.344 0.046 2.188
131 11 0.362 -0.134 2.132
131 12 0.366 -0.210 2.110
131 13 0.123 -0.090 2.020
131 14 0.035 -0.504 2.023
131 15 -0.003 -0.789 2.035
131 16 0.017 -0.834 1.984
131 17 0.241 -0.090 2.087
131 18 0.244 -0.486 2.074
131 19 0.238 -0.768 2.050
131 20 0.263 -0.800 1.979
132 1 0.183 -0.024 2.062
132 2 0.166 0.039 2.107
132 3 0.167 0.390 2.100
132 4 0.251 0.545 2.081
132 5 0.039 0.288 2.036
132 6 -0.046 0.047 2.009
132 7 -0.033 -0.147 1.951
132 8 -0.017 -0.207 1.952
132 9 0.299 0.277 2.125
132 10 0.348 0.046 2.188
132 11 0.367 -0.135 2.133
132 12 0.370 -0.211 2.111
132 13 0.127 -0.090 2.021
132 14 0.037 -0.504 2.022
132 15 -0.002 -0.789 2.035
132 16 0.017 -0.834 1.984
132 17 0.245 -0.091 2.087
132 18 0.245 -0.486 2.074
132 19 0.240 -0.768 2.051
132 20 0.265 -0.801 1.979
133 1 0.187 -0.025 2.063
133 2 0.170 0.039 2.108
133 3 0.171 0.390 2.101
133 4 0.256 0.544 2.080
133 5 0.043 0.288 2.037
133 6 -0.043 0.047 2.011
133 7 -0.028 -0.148 1.953
133 8 -0.014 -0.206 1.952
133 9 0.302 0.278 2.125
133 10 0.352 0.046 2.187
133 11 0.371 -0.136 2.134
133 12 0.374 -0.212 2.111
133 13 0.130 -0.091 2.022
133 14 0.039 -0.503 2.022
133 15 -0.002 -0.789 2.035
133 16 0.017 -0.834 1.984
133 17 0.248 -0.091 2.087
133 18 0.247 -0.487 2.074
133 19 0.242 -0.769 2.051
133 20 0.266 -0.801 1.979
134 1 0.190 -0.025 2.063
134 2 0.174 0.038 2.108
134 3 0.175 0.389 2.101
134 4 0.258 0.544 2.079
134 5 0.047 0.288 2.038
134 6 -0.039 0.047 2.013
134 7 -0.023 -0.149 1.954
134 8 -0.010 -0.206 1.951
134 9 0.305 0.279 2.124
134 10 0.355 0.046 2.187
134 11 0.375 -0.137 2.135
134 12 0.377 -0.212 2.112
134 13 0.134 -0.091 2.024
134 14 0.040 -0.503 2.022
134 15 -0.002 -0.789 2.035
134 16 0.017 -0.835 1.984
134 17 0.251 -0.091 2.087
134 18 0.249 -0.487 2.075
134 19 0.244 -0.769 2.051
134 20 0.268 -0.801 1.979
135 1 0.193 -0.026 2.064
135 2 0.177 0.038 2.109
135 3 0.178 0.389 2.101
135 4 0.261 0.544 2.079
135 5 0.050 0.289 2.039
135 6 -0.035 0.047 2.014
135 7 -0.018 -0.150 1.955
135 8 -0.005 -0.206 1.949
135 9 0.308 0.279 2.124
135 10 0.359 0.045 2.186
135 11 0.378 -0.138 2.134
135 12 0.380 -0.214 2.112
135 13 0.136 -0.092 2.025
135 14 0.042 -0.503 2.022
135 15 -0.001 -0.790 2.035
135 16 0.017 -0.835 1.984
135 17 0.254 -0.092 2.087
135 18 0.251 -0.487 2.075
135 19 0.246 -0.769 2.051
135 20 0.270 -0.801 1.979
136 1 0.196 -0.026 2.064
136 2 0.180 0.037 2.109
136 3 0.180 0.389 2.102
136 4 0.262 0.544 2.078
136 5 0.052 0.289 2.040
136 6 -0.031 0.047 2.015
136 7 -0.011 -0.152 1.955
136 8 0.000 -0.207 1.946
136 9 0.311 0.279 2.124
136 10 0.363 0.045 2.185
136 11 0.382 -0.139 2.132
136 12 0.383 -0.214 2.111
136 13 0.139 -0.092 2.025
136 14 0.043 -0.503 2.022
136 15 -0.001 -0.790 2.035
136 16 0.017 -0.835 1.984
136 17 0.258 -0.092 2.087
136 18 0.254 -0.486 2.075
136 19 0.248 -0.769 2.051
136 20 0.271 -0.801 1.979
137 1 0.199 -0.027 2.064
137 2 0.183 0.037 2.110
137 3 0.183 0.389 2.103
137 4 0.263 0.544 2.078
137 5 0.055 0.289 2.041
137 6 -0.027 0.047 2.016
137 7 -0.005 -0.153 1.954
137 8 0.004 -0.208 1.944
137 9 0.314 0.279 2.123
137 10 0.366 0.045 2.185
137 11 0.384 -0.139 2.131
137 12 0.385 -0.215 2.111
137 13 0.142 -0.092 2.026
137 14 0.045 -0.503 2.022
137 15 -0.001 -0.790 2.035
137 16 0.017 -0.835 1.984
137 17 0.261 -0.092 2.087
137 18 0.257 -0.485 2.075
137 19 0.250 -0.769 2.051
137 20 0.272 -0.801 1.979
138 1 0.202 -0.028 2.065
138 2 0.186 0.036 2.110
138 3 0.185 0.388 2.103
138 4 0.264 0.544 2.078
138 5 0.057 0.289 2.042
138 6 -0.024 0.047 2.017
138 7 -0.000 -0.153 1.953
138 8 0.008 -0.208 1.943
138 9 0.316 0.279 2.123
138 10 0.369 0.044 2.184
138 11 0.386 -0.140 2.131
138 12 0.388 -0.216 2.110
138 13 0.145 -0.093 2.027
138 14 0.046 -0.503 2.022
138 15 -0.001 -0.790 2.035
138 16 0.022 -0.833 1.984
138 17 0.264 -0.092 2.087
138 18 0.259 -0.484 2.075
138 19 0.252 -0.769 2.051
138 20 0.274 -0.801 1.979
139 1 0.205 -0.028 2.065
139 2 0.189 0.035 2.111
139 3 0.187 0.388 2.104
139 4 0.265 0.544 2.078
139 5 0.059 0.289 2.043
139 6 -0.022 0.046 2.017
139 7 0.005 -0.154 1.952
139 8 0.012 -0.209 1.941
139 9 0.318 0.278 2.122
139 10 0.372 0.044 2.183
139 11 0.388 -0.140 2.130
139 12 0.390 -0.216 2.109
139 13 0.148 -0.093 2.028
139 14 0.048 -0.503 2.022
139 15 -0.000 -0.790 2.035
139 16 0.024 -0.832 1.985
139 17 0.267 -0.092 2.086
139 18 0.261 -0.484 2.075
139 19 0.253 -0.769 2.052
139 20 0.275 -0.801 1.978
140 1 0.207 -0.029 2.066
140 2 0.191 0.035 2.111
140 3 0.188 0.388 2.105
140 4 0.265 0.544 2.077
140 5 0.060 0.288 2.044
140 6 -0.019 0.046 2.017
140 7 0.009 -0.154 1.951
140 8 0.015 -0.210 1.939
140 9 0.320 0.278 2.122
140 10 0.374 0.043 2.182
140 11 0.390 -0.141 2.129
140 12 0.392 -0.217 2.108
140 13 0.150 -0.094 2.029
140 14 0.049 -0.503 2.023
140 15 -0.000 -0.790 2.035
140 16 0.026 -0.831 1.985
140 17 0.270 -0.093 2.086
140 18 0.262 -0.483 2.075
140 19 0.254 -0.768 2.051
140 20 0.276 -0.800 1.978
141 1 0.209 -0.029 2.066
141 2 0.193 0.035 2.112
141 3 0.189 0.388 2.106
141 4 0.266 0.544 2.077
141 5 0.061 0.288 2.045
141 6 -0.016 0.046 2.018
141 7 0.013 -0.155 1.950
141 8 0.018 -0.210 1.937
141 9 0.321 0.278 2.121
141 10 0.376 0.043 2.180
141 11 0.391 -0.141 2.128
141 12 0.393 -0.218 2.107
141 13 0.152 -0.094 2.029
141 14 0.050 -0.504 2.023
141 15 0.000 -0.790 2.036
141 16 0.031 -0.827 1.985
141 17 0.272 -0.093 2.086
141 18 0.263 -0.483 2.076
141 19 0.256 -0.768 2.051
141 20 0.277 -0.800 1.978
142 1 0.210 -0.029 2.066
142 2 0.195 0.034 2.112
142 3 0.191 0.388 2.107
142 4 0.266 0.545 2.077
142 5 0.062 0.288 2.046
142 6 -0.015 0.046 2.018
142 7 0.016 -0.155 1.949
142 8 0.021 -0.210 1.936
142 9 0.322 0.277 2.121
142 10 0.378 0.042 2.179
142 11 0.396 -0.156 2.117
142 12 0.396 -0.228 2.101
142 13 0.153 -0.094 2.030
142 14 0.051 -0.504 2.023
142 15 0.000 -0.790 2.036
142 16 0.036 -0.824 1.985
142 17 0.274 -0.093 2.086
142 18 0.264 -0.482 2.076
142 19 0.257 -0.768 2.051
142 20 0.278 -0.800 1.978
143 1 0.211 -0.029 2.066
143 2 0.196 0.034 2.112
143 3 0.192 0.388 2.108
143 4 0.266 0.545 2.077
143 5 0.063 0.288 2.047
143 6 -0.013 0.045 2.018
143 7 0.018 -0.155 1.948
143 8 0.023 -0.211 1.935
143 9 0.324 0.277 2.122
143 10 0.379 0.042 2.178
143 11 0.399 -0.164 2.111
143 12 0.398 -0.233 2.096
143 13 0.155 -0.094 2.030
143 14 0.053 -0.506 2.023
143 15 0.000 -0.790 2.036
143 16 0.040 -0.820 1.986
143 17 0.275 -0.093 2.085
143 18 0.265 -0.482 2.075
143 19 0.258 -0.768 2.051
143 20 0.279 -0.800 1.978
144 1 0.213 -0.029 2.066
144 2 0.197 0.034 2.112
144 3 0.193 0.388 2.109
144 4 0.266 0.545 2.078
144 5 0.064 0.288 2.047
144 6 -0.012 0.045 2.019
144 7 0.020 -0.155 1.948
144 8 0.025 -0.211 1.934
144 9 0.325 0.277 2.122
144 10 0.380 0.041 2.177
144 11 0.400 -0.169 2.108
144 12 0.399 -0.237 2.094
144 13 0.156 -0.094 2.030
144 14 0.055 -0.507 2.024
144 15 0.001 -0.790 2.036
144 16 0.043 -0.818 1.986
144 17 0.276 -0.093 2.085
144 18 0.266 -0.482 2.075
144 19 0.259 -0.768 2.051
144 20 0.280 -0.800 1.977
145 1 0.213 -0.029 2.066
145 2 0.198 0.034 2.112
145 3 0.194 0.388 2.110
145 4 0.266 0.545 2.078
145 5 0.065 0.287 2.048
145 6 -0.011 0.045 2.019
145 7 0.021 -0.155 1.947
145 8 0.026 -0.211 1.933
145 9 0.326 0.277 2.123
145 10 0.381 0.041 2.176
145 11 0.401 -0.172 2.105
145 12 0.400 -0.239 2.091
145 13 0.157 -0.094 2.030
145 14 0.056 -0.508 2.024
145 15 0.001 -0.790 2.036
145 16 0.045 -0.816 1.986
145 17 0.278 -0.092 2.085
145 18 0.266 -0.482 2.075
145 19 0.260 -0.768 2.051
145 20 0.281 -0.799 1.977
146 1 0.214 -0.029 2.066
146 2 0.199 0.034 2.112
146 3 0.194 0.387 2.110
146 4 0.266 0.545 2.079
146 5 0.065 0.287 2.049
146 6 -0.010 0.045 2.019
146 7 0.022 -0.155 1.947
146 8 0.027 -0.211 1.932
146 9 0.327 0.278 2.123
146 10 0.382 0.041 2.175
146 11 0.402 -0.174 2.104
146 12 0.400 -0.240 2.090
146 13 0.157 -0.094 2.030
146 14 0.057 -0.509 2.024
146 15 0.001 -0.790 2.036
146 16 0.047 -0.815 1.986
146 17 0.279 -0.092 2.084
146 18 0.267 -0.482 2.075
146 19 0.260 -0.767 2.051
146 20 0.281 -0.799 1.977
147 1 0.215 -0.029 2.066
147 2 0.199 0.034 2.112
147 3 0.195 0.387 2.111
147 4 0.266 0.546 2.080
147 5 0.065 0.287 2.049
147 6 -0.009 0.044 2.019
147 7 0.023 -0.156 1.946
147 8 0.028 -0.212 1.932
147 9 0.327 0.278 2.123
147 10 0.383 0.040 2.175
147 11 0.403 -0.176 2.103
147 12 0.401 -0.241 2.088
147 13 0.158 -0.094 2.030
147 14 0.057 -0.509 2.024
147 15 0.001 -0.790 2.036
147 16 0.048 -0.814 1.986
147 17 0.279 -0.092 2.084
147 18 0.267 -0.481 2.075
147 19 0.261 -0.767 2.050
147 20 0.281 -0.799 1.977
148 1 0.215 -0.029 2.066
148 2 0.200 0.034 2.112
148 3 0.195 0.387 2.112
148 4 0.266 0.546 2.081
148 5 0.065 0.287 2.050
148 6 -0.009 0.044 2.019
148 7 0.023 -0.156 1.946
148 8 0.028 -0.212 1.931
148 9 0.328 0.278 2.123
148 10 0.383 0.040 2.174
148 11 0.403 -0.177 2.102
148 12 0.401 -0.242 2.087
148 13 0.159 -0.094 2.030
148 14 0.058 -0.510 2.024
148 15 0.001 -0.790 2.036
148 16 0.049 -0.813 1.986
148 17 0.280 -0.092 2.083
148 18 0.268 -0.481 2.075
148 19 0.261 -0.767 2.050
148 20 0.282 -0.799 1.976
149 1 0.216 -0.029 2.065
149 2 0.200 0.034 2.112
149 3 0.195 0.387 2.112
149 4 0.266 0.547 2.082
149 5 0.066 0.287 2.050
149 6 -0.008 0.044 2.019
149 7 0.024 -0.156 1.946
149 8 0.029 -0.212 1.931
149 9 0.328 0.278 2.123
149 10 0.384 0.040 2.173
149 11 0.403 -0.178 2.101
149 12 0.402 -0.243 2.086
149 13 0.159 -0.094 2.029
149 14 0.058 -0.510 2.023
149 15 0.001 -0.790 2.036
149 16 0.049 -0.812 1.986
149 17 0.280 -0.092 2.082
149 18 0.268 -0.481 2.075
149 19 0.262 -0.767 2.050
149 20 0.282 -0.798 1.976
150 1 0.216 -0.029 2.065
150 2 0.200 0.034 2.112
150 3 0.195 0.387 2.112
150 4 0.265 0.549 2.084
150 5 0.066 0.287 2.051
150 6 -0.008 0.044 2.019
150 7 0.024 -0.156 1.946
150 8 0.029 -0.212 1.931
150 9 0.328 0.278 2.124
150 10 0.384 0.040 2.172
150 11 0.403 -0.178 2.101
150 12 0.402 -0.243 2.085
150 13 0.159 -0.094 2.029
150 14 0.059 -0.510 2.023
150 15 0.002 -0.790 2.036
150 16 0.050 -0.812 1.986
150 17 0.281 -0.092 2.082
150 18 0.268 -0.481 2.075
150 19 0.262 -0.766 2.049
150 20 0.283 -0.798 1.975
151 1 0.216 -0.029 2.064
151 2 0.201 0.034 2.112
151 3 0.195 0.387 2.113
151 4 0.264 0.552 2.086
151 5 0.066 0.286 2.051
151 6 -0.008 0.044 2.019
151 7 0.024 -0.156 1.945
151 8 0.029 -0.213 1.931
151 9 0.328 0.278 2.124
151 10 0.384 0.040 2.172
151 11 0.403 -0.179 2.100
151 12 0.402 -0.243 2.084
151 13 0.160 -0.094 2.028
151 14 0.059 -0.511 2.023
151 15 0.002 -0.790 2.036
151 16 0.050 -0.811 1.986
151 17 0.281 -0.091 2.081
151 18 0.269 -0.480 2.074
151 19 0.262 -0.766 2.049
151 20 0.283 -0.798 1.975
152 1 0.216 -0.029 2.064
152 2 0.201 0.034 2.112
152 3 0.195 0.387 2.113
152 4 0.263 0.555 2.088
152 5 0.066 0.286 2.052
152 6 -0.008 0.044 2.019
152 7 0.024 -0.157 1.945
152 8 0.029 -0.213 1.930
152 9 0.328 0.278 2.124
152 10 0.385 0.040 2.171
152 11 0.403 -0.180 2.099
152 12 0.402 -0.244 2.084
152 13 0.160 -0.094 2.028
152 14 0.059 -0.512 2.023
152 15 0.002 -0.790 2.036
152 16 0.050 -0.811 1.986
152 17 0.281 -0.091 2.079
152 18 0.270 -0.480 2.073
152 19 0.263 -0.766 2.049
152 20 0.283 -0.797 1.975
153 1 0.216 -0.029 2.063
153 2 0.201 0.034 2.111
153 3 0.195 0.387 2.113
153 4 0.261 0.557 2.090
153 5 0.066 0.286 2.052
153 6 -0.008 0.044 2.019
153 7 0.023 -0.157 1.945
153 8 0.028 -0.213 1.930
153 9 0.328 0.278 2.124
153 10 0.385 0.039 2.170
153 11 0.402 -0.180 2.098
153 12 0.403 -0.244 2.083
153 13 0.160 -0.093 2.026
153 14 0.060 -0.513 2.023
153 15 0.002 -0.789 2.036
153 16 0.047 -0.815 1.986
153 17 0.281 -0.091 2.078
153 18 0.270 -0.480 2.072
153 19 0.263 -0.765 2.048
153 20 0.283 -0.797 1.974
154 1 0.216 -0.029 2.062
154 2 0.201 0.034 2.111
154 3 0.195 0.387 2.113
154 4 0.260 0.558 2.091
154 5 0.065 0.286 2.053
154 6 -0.008 0.043 2.019
154 7 0.023 -0.157 1.945
154 8 0.028 -0.213 1.930
154 9 0.328 0.278 2.124
154 10 0.385 0.039 2.170
154 11 0.402 -0.180 2.097
154 12 0.403 -0.244 2.082
154 13 0.160 -0.093 2.025
154 14 0.060 -0.513 2.023
154 15 0.002 -0.789 2.036
154 16 0.041 -0.820 1.986
154 17 0.280 -0.091 2.077
154 18 0.271 -0.479 2.071
154 19 0.263 -0.765 2.048
154 20 0.284 -0.796 1.974
155 1 0.216 -0.029 2.061
155 2 0.201 0.034 2.110
155 3 0.195 0.387 2.114
155 4 0.259 0.559 2.092
155 5 0.065 0.286 2.053
155 6 -0.008 0.043 2.019
155 7 0.023 -0.157 1.945
155 8 0.027 -0.213 1.930
155 9 0.327 0.278 2.124
155 10 0.385 0.039 2.169
155 11 0.401 -0.180 2.096
155 12 0.403 -0.244 2.081
155 13 0.159 -0.093 2.024
155 14 0.060 -0.514 2.023
155 15 0.002 -0.789 2.036
155 16 0.037 -0.825 1.986
155 17 0.280 -0.091 2.076
155 18 0.271 -0.478 2.069
155 19 0.263 -0.765 2.048
155 20 0.284 -0.796 1.973
156 1 0.215 -0.028 2.060
156 2 0.200 0.034 2.109
156 3 0.194 0.387 2.114
156 4 0.258 0.560 2.093
156 5 0.065 0.286 2.054
156 6 -0.008 0.043 2.020
156 7 0.022 -0.157 1.944
156 8 0.027 -0.213 1.930
156 9 0.327 0.278 2.124
156 10 0.385 0.039 2.169
156 11 0.397 -0.162 2.094
156 12 0.402 -0.236 2.080
156 13 0.159 -0.092 2.023
156 14 0.060 -0.513 2.023
156 15 0.002 -0.789 2.036
156 16 0.034 -0.828 1.986
156 17 0.279 -0.091 2.074
156 18 0.271 -0.478 2.068
156 19 0.263 -0.764 2.047
156 20 0.283 -0.796 1.973
157 1 0.215 -0.028 2.059
157 2 0.200 0.034 2.108
157 3 0.193 0.387 2.114
157 4 0.257 0.560 2.093
157 5 0.064 0.286 2.054
157 6 -0.008 0.043 2.020
157 7 0.021 -0.157 1.944
157 8 0.026 -0.213 1.929
157 9 0.326 0.278 2.124
157 10 0.385 0.038 2.168
157 11 0.395 -0.152 2.094
157 12 0.401 -0.231 2.079
157 13 0.159 -0.092 2.021
157 14 0.060 -0.513 2.022
157 15 0.003 -0.789 2.036
157 16 0.032 -0.830 1.986
157 17 0.279 -0.090 2.073
157 18 0.272 -0.476 2.067
157 19 0.263 -0.764 2.047
157 20 0.283 -0.795 1.972
158 1 0.214 -0.028 2.058
158 2 0.199 0.034 2.107
158 3 0.193 0.387 2.114
158 4 0.255 0.563 2.094
158 5 0.064 0.286 2.054
158 6 -0.008 0.043 2.020
158 7 0.020 -0.157 1.944
158 8 0.025 -0.213 1.929
158 9 0.326 0.278 2.124
158 10 0.385 0.038 2.167
158 11 0.394 -0.147 2.093
158 12 0.401 -0.227 2.078
158 13 0.158 -0.092 2.020
158 14 0.060 -0.512 2.022
158 15 0.003 -0.789 2.036
158 16 0.030 -0.832 1.986
158 17 0.278 -0.090 2.072
158 18 0.272 -0.476 2.065
158 19 0.263 -0.764 2.046
158 20 0.283 -0.795 1.972
159 1 0.214 -0.028 2.057
159 2 0.199 0.034 2.106
159 3 0.192 0.387 2.113
159 4 0.253 0.565 2.094
159 5 0.063 0.286 2.055
159 6 -0.009 0.043 2.020
159 7 0.019 -0.157 1.944
159 8 0.024 -0.213 1.929
159 9 0.325 0.278 2.123
159 10 0.385 0.038 2.166
159 11 0.393 -0.144 2.093
159 12 0.400 -0.224 2.077
159 13 0.158 -0.091 2.019
159 14 0.060 -0.512 2.021
159 15 0.003 -0.789 2.036
159 16 0.028 -0.833 1.986
159 17 0.277 -0.090 2.071
159 18 0.272 -0.475 2.064
159 19 0.263 -0.763 2.045
159 20 0.283 -0.794 1.971
