1 1 0.001 -0.026 1.837
1 2 -0.024 0.020 1.863
1 3 -0.023 0.273 1.865
1 4 0.038 0.503 1.871
1 5 -0.150 0.268 1.782
1 6 -0.210 0.039 1.717
1 7 -0.193 -0.208 1.685
1 8 -0.192 -0.266 1.682
1 9 0.128 0.270 2.028
1 10 0.147 0.035 2.024
1 11 0.178 -0.200 1.972
1 12 0.188 -0.275 1.954
1 13 -0.045 -0.098 1.781
1 14 -0.124 -0.463 1.735
1 15 -0.180 -0.691 1.722
1 16 -0.157 -0.638 1.678
1 17 0.063 -0.107 1.878
1 18 0.047 -0.498 1.875
1 19 0.010 -0.732 1.889
1 20 -0.088 -0.689 1.815
2 1 0.002 -0.026 1.845
2 2 -0.022 0.020 1.872
2 3 -0.017 0.274 1.873
2 4 0.046 0.503 1.878
2 5 -0.144 0.269 1.793
2 6 -0.207 0.041 1.732
2 7 -0.199 -0.206 1.695
2 8 -0.199 -0.265 1.691
2 9 0.137 0.267 2.036
2 10 0.155 0.030 2.030
2 11 0.185 -0.201 1.977
2 12 0.200 -0.274 1.960
2 13 -0.047 -0.099 1.790
2 14 -0.126 -0.466 1.740
2 15 -0.179 -0.696 1.722
2 16 -0.158 -0.639 1.684
2 17 0.063 -0.109 1.886
2 18 0.047 -0.501 1.878
2 19 0.009 -0.735 1.891
2 20 -0.009 -0.739 1.824
3 1 0.002 -0.027 1.852
3 2 -0.022 0.020 1.880
3 3 -0.011 0.277 1.881
3 4 0.054 0.505 1.885
3 5 -0.139 0.270 1.803
3 6 -0.206 0.043 1.745
3 7 -0.204 -0.203 1.703
3 8 -0.204 -0.263 1.699
3 9 0.143 0.265 2.042
3 10 0.161 0.027 2.034
3 11 0.195 -0.202 1.986
3 12 0.215 -0.275 1.971
3 13 -0.050 -0.099 1.798
3 14 -0.130 -0.469 1.746
3 15 -0.178 -0.701 1.723
3 16 -0.161 -0.639 1.692
3 17 0.062 -0.112 1.892
3 18 0.046 -0.503 1.881
3 19 0.007 -0.737 1.893
3 20 0.036 -0.769 1.832
4 1 0.001 -0.027 1.859
4 2 -0.021 0.021 1.887
4 3 -0.006 0.281 1.889
4 4 0.061 0.509 1.892
4 5 -0.135 0.273 1.814
4 6 -0.207 0.046 1.756
4 7 -0.207 -0.199 1.711
4 8 -0.206 -0.258 1.707
4 9 0.150 0.262 2.045
4 10 0.168 0.022 2.040
4 11 0.204 -0.201 1.998
4 12 0.225 -0.275 1.981
4 13 -0.053 -0.098 1.805
4 14 -0.135 -0.472 1.750
4 15 -0.176 -0.706 1.728
4 16 -0.170 -0.642 1.700
4 17 0.062 -0.113 1.897
4 18 0.045 -0.506 1.884
4 19 0.005 -0.740 1.895
4 20 0.077 -0.779 1.861
5 1 0.001 -0.026 1.864
5 2 -0.021 0.022 1.894
5 3 -0.002 0.285 1.897
5 4 0.067 0.513 1.898
5 5 -0.132 0.275 1.825
5 6 -0.209 0.050 1.768
5 7 -0.210 -0.192 1.719
5 8 -0.207 -0.252 1.713
5 9 0.154 0.260 2.047
5 10 0.173 0.020 2.044
5 11 0.212 -0.200 2.008
5 12 0.235 -0.276 1.995
5 13 -0.057 -0.097 1.811
5 14 -0.141 -0.475 1.755
5 15 -0.174 -0.712 1.738
5 16 -0.184 -0.645 1.723
5 17 0.061 -0.115 1.901
5 18 0.044 -0.508 1.888
5 19 0.004 -0.741 1.898
5 20 0.091 -0.782 1.872
6 1 -0.000 -0.026 1.869
6 2 -0.021 0.023 1.900
6 3 0.001 0.289 1.903
6 4 0.071 0.517 1.904
6 5 -0.130 0.277 1.833
6 6 -0.212 0.054 1.777
6 7 -0.211 -0.186 1.726
6 8 -0.207 -0.247 1.719
6 9 0.158 0.258 2.048
6 10 0.178 0.018 2.047
6 11 0.221 -0.202 2.019
6 12 0.243 -0.279 2.006
6 13 -0.061 -0.096 1.818
6 14 -0.148 -0.477 1.761
6 15 -0.174 -0.715 1.751
6 16 -0.216 -0.663 1.734
6 17 0.060 -0.115 1.904
6 18 0.041 -0.509 1.891
6 19 0.002 -0.743 1.900
6 20 0.095 -0.779 1.879
7 1 -0.001 -0.025 1.874
7 2 -0.021 0.024 1.905
7 3 0.004 0.293 1.909
7 4 0.074 0.520 1.910
7 5 -0.129 0.279 1.841
7 6 -0.215 0.058 1.784
7 7 -0.213 -0.182 1.731
7 8 -0.207 -0.242 1.723
7 9 0.161 0.257 2.048
7 10 0.182 0.017 2.049
7 11 0.228 -0.204 2.026
7 12 0.248 -0.282 2.016
7 13 -0.065 -0.094 1.823
7 14 -0.155 -0.477 1.769
7 15 -0.177 -0.716 1.764
7 16 -0.180 -0.721 1.726
7 17 0.059 -0.116 1.907
7 18 0.039 -0.510 1.895
7 19 -0.000 -0.744 1.903
7 20 0.091 -0.774 1.884
8 1 -0.003 -0.025 1.877
8 2 -0.022 0.025 1.910
8 3 0.006 0.296 1.914
8 4 0.076 0.523 1.914
8 5 -0.128 0.280 1.848
8 6 -0.217 0.060 1.790
8 7 -0.214 -0.178 1.735
8 8 -0.207 -0.239 1.726
8 9 0.164 0.255 2.048
8 10 0.186 0.016 2.051
8 11 0.232 -0.205 2.031
8 12 0.252 -0.284 2.023
8 13 -0.068 -0.093 1.827
8 14 -0.163 -0.477 1.779
8 15 -0.185 -0.716 1.780
8 16 -0.160 -0.741 1.812
8 17 0.058 -0.116 1.909
8 18 0.036 -0.510 1.898
8 19 -0.002 -0.745 1.905
8 20 0.082 -0.767 1.886
9 1 -0.004 -0.025 1.881
9 2 -0.022 0.025 1.914
9 3 0.007 0.298 1.919
9 4 0.078 0.525 1.919
9 5 -0.128 0.281 1.855
9 6 -0.219 0.062 1.795
9 7 -0.215 -0.175 1.739
9 8 -0.208 -0.235 1.728
9 9 0.165 0.254 2.048
9 10 0.189 0.015 2.053
9 11 0.235 -0.205 2.034
9 12 0.255 -0.285 2.028
9 13 -0.070 -0.093 1.831
9 14 -0.173 -0.475 1.791
9 15 -0.192 -0.714 1.796
9 16 -0.149 -0.755 1.860
9 17 0.058 -0.116 1.911
9 18 0.034 -0.511 1.900
9 19 -0.004 -0.745 1.907
9 20 0.074 -0.763 1.886
10 1 -0.005 -0.024 1.884
10 2 -0.022 0.026 1.918
10 3 0.008 0.300 1.924
10 4 0.079 0.527 1.924
10 5 -0.128 0.282 1.860
10 6 -0.220 0.064 1.799
10 7 -0.215 -0.173 1.742
10 8 -0.208 -0.233 1.730
10 9 0.167 0.254 2.048
10 10 0.191 0.015 2.055
10 11 0.237 -0.206 2.037
10 12 0.257 -0.287 2.032
10 13 -0.072 -0.092 1.835
10 14 -0.180 -0.472 1.801
10 15 -0.199 -0.710 1.810
10 16 -0.150 -0.759 1.818
10 17 0.057 -0.116 1.913
10 18 0.032 -0.511 1.902
10 19 -0.005 -0.745 1.908
10 20 0.069 -0.760 1.885
11 1 -0.006 -0.024 1.887
11 2 -0.023 0.026 1.922
11 3 0.009 0.301 1.928
11 4 0.080 0.528 1.928
11 5 -0.128 0.283 1.866
11 6 -0.222 0.066 1.802
11 7 -0.215 -0.171 1.745
11 8 -0.208 -0.231 1.732
11 9 0.168 0.253 2.048
11 10 0.194 0.014 2.057
11 11 0.239 -0.207 2.040
11 12 0.258 -0.288 2.035
11 13 -0.074 -0.091 1.838
11 14 -0.186 -0.470 1.811
11 15 -0.207 -0.706 1.829
11 16 -0.218 -0.767 1.831
11 17 0.056 -0.116 1.914
11 18 0.030 -0.511 1.903
11 19 -0.005 -0.746 1.909
11 20 0.064 -0.758 1.884
12 1 -0.007 -0.024 1.890
12 2 -0.024 0.027 1.926
12 3 0.009 0.301 1.932
12 4 0.081 0.529 1.932
12 5 -0.129 0.284 1.870
12 6 -0.223 0.067 1.806
12 7 -0.214 -0.169 1.749
12 8 -0.207 -0.230 1.734
12 9 0.169 0.253 2.049
12 10 0.195 0.014 2.059
12 11 0.239 -0.207 2.043
12 12 0.259 -0.288 2.039
12 13 -0.076 -0.091 1.841
12 14 -0.192 -0.469 1.822
12 15 -0.214 -0.704 1.848
12 16 -0.260 -0.768 1.843
12 17 0.055 -0.116 1.916
12 18 0.029 -0.511 1.904
12 19 -0.006 -0.746 1.910
12 20 0.062 -0.757 1.883
13 1 -0.009 -0.023 1.894
13 2 -0.025 0.027 1.930
13 3 0.008 0.301 1.936
13 4 0.081 0.528 1.935
13 5 -0.130 0.285 1.875
13 6 -0.224 0.068 1.809
13 7 -0.212 -0.168 1.752
13 8 -0.206 -0.228 1.736
13 9 0.171 0.253 2.052
13 10 0.196 0.015 2.063
13 11 0.236 -0.207 2.051
13 12 0.256 -0.288 2.044
13 13 -0.079 -0.091 1.845
13 14 -0.198 -0.468 1.844
13 15 -0.215 -0.702 1.873
13 16 -0.281 -0.766 1.859
13 17 0.054 -0.116 1.919
13 18 0.027 -0.510 1.905
13 19 -0.006 -0.746 1.910
13 20 0.060 -0.756 1.880
14 1 -0.011 -0.023 1.899
14 2 -0.027 0.027 1.935
14 3 0.006 0.300 1.942
14 4 0.080 0.527 1.939
14 5 -0.132 0.285 1.879
14 6 -0.225 0.068 1.813
14 7 -0.210 -0.167 1.756
14 8 -0.204 -0.227 1.739
14 9 0.171 0.254 2.057
14 10 0.196 0.016 2.068
14 11 0.229 -0.208 2.063
14 12 0.247 -0.288 2.057
14 13 -0.081 -0.091 1.850
14 14 -0.201 -0.469 1.861
14 15 -0.219 -0.702 1.894
14 16 -0.284 -0.770 1.886
14 17 0.052 -0.115 1.923
14 18 0.026 -0.510 1.906
14 19 -0.005 -0.746 1.911
14 20 0.059 -0.756 1.876
15 1 -0.013 -0.023 1.904
15 2 -0.029 0.026 1.941
15 3 0.002 0.299 1.948
15 4 0.078 0.526 1.945
15 5 -0.136 0.286 1.885
15 6 -0.227 0.068 1.816
15 7 -0.206 -0.166 1.760
15 8 -0.197 -0.225 1.744
15 9 0.170 0.256 2.063
15 10 0.192 0.019 2.076
15 11 0.214 -0.208 2.081
15 12 0.231 -0.287 2.075
15 13 -0.083 -0.091 1.855
15 14 -0.202 -0.469 1.874
15 15 -0.222 -0.702 1.914
15 16 -0.279 -0.772 1.910
15 17 0.050 -0.115 1.927
15 18 0.024 -0.510 1.907
15 19 -0.003 -0.746 1.911
15 20 0.058 -0.756 1.872
16 1 -0.017 -0.023 1.911
16 2 -0.033 0.026 1.948
16 3 -0.003 0.298 1.956
16 4 0.073 0.524 1.951
16 5 -0.140 0.285 1.891
16 6 -0.229 0.068 1.820
16 7 -0.202 -0.166 1.764
16 8 -0.188 -0.224 1.750
16 9 0.167 0.259 2.072
16 10 0.183 0.022 2.087
16 11 0.200 -0.211 2.096
16 12 0.208 -0.286 2.096
16 13 -0.087 -0.092 1.861
16 14 -0.203 -0.470 1.884
16 15 -0.223 -0.700 1.941
16 16 -0.267 -0.774 1.942
16 17 0.046 -0.114 1.934
16 18 0.023 -0.509 1.908
16 19 -0.000 -0.746 1.912
16 20 0.057 -0.756 1.867
17 1 -0.022 -0.024 1.919
17 2 -0.039 0.025 1.956
17 3 -0.011 0.297 1.964
17 4 0.065 0.523 1.958
17 5 -0.147 0.284 1.897
17 6 -0.233 0.066 1.825
17 7 -0.197 -0.166 1.768
17 8 -0.180 -0.224 1.755
17 9 0.159 0.262 2.083
17 10 0.172 0.025 2.100
17 11 0.180 -0.212 2.118
17 12 0.186 -0.285 2.119
17 13 -0.091 -0.093 1.868
17 14 -0.205 -0.472 1.893
17 15 -0.225 -0.700 1.955
17 16 -0.209 -0.747 1.911
17 17 0.040 -0.114 1.942
17 18 0.020 -0.509 1.910
17 19 0.002 -0.746 1.912
17 20 0.057 -0.756 1.864
18 1 -0.029 -0.025 1.928
18 2 -0.047 0.024 1.965
18 3 -0.020 0.296 1.973
18 4 0.055 0.521 1.965
18 5 -0.156 0.282 1.905
18 6 -0.237 0.064 1.830
18 7 -0.192 -0.167 1.771
18 8 -0.172 -0.225 1.759
18 9 0.149 0.263 2.094
18 10 0.159 0.027 2.116
18 11 0.165 -0.214 2.134
18 12 0.174 -0.287 2.135
18 13 -0.096 -0.095 1.875
18 14 -0.206 -0.474 1.904
18 15 -0.243 -0.748 1.994
18 16 -0.257 -0.783 1.937
18 17 0.033 -0.115 1.953
18 18 0.018 -0.509 1.913
18 19 0.004 -0.747 1.912
18 20 0.056 -0.757 1.861
19 1 -0.038 -0.026 1.938
19 2 -0.056 0.023 1.975
19 3 -0.033 0.297 1.983
19 4 0.042 0.522 1.973
19 5 -0.168 0.280 1.913
19 6 -0.243 0.060 1.836
19 7 -0.188 -0.166 1.775
19 8 -0.165 -0.225 1.762
19 9 0.136 0.264 2.106
19 10 0.145 0.029 2.133
19 11 0.147 -0.213 2.155
19 12 0.160 -0.287 2.156
19 13 -0.104 -0.097 1.886
19 14 -0.208 -0.477 1.921
19 15 -0.253 -0.773 2.012
19 16 -0.286 -0.805 1.961
19 17 0.025 -0.115 1.964
19 18 0.014 -0.509 1.917
19 19 0.005 -0.747 1.913
19 20 0.056 -0.758 1.859
20 1 -0.048 -0.029 1.950
20 2 -0.068 0.021 1.986
20 3 -0.046 0.298 1.993
20 4 0.030 0.522 1.979
20 5 -0.182 0.276 1.920
20 6 -0.253 0.055 1.844
20 7 -0.185 -0.166 1.778
20 8 -0.160 -0.226 1.764
20 9 0.116 0.267 2.120
20 10 0.131 0.032 2.147
20 11 0.133 -0.210 2.174
20 12 0.148 -0.286 2.178
20 13 -0.114 -0.101 1.897
20 14 -0.210 -0.481 1.932
20 15 -0.265 -0.744 2.001
20 16 -0.243 -0.770 1.930
20 17 0.015 -0.117 1.978
20 18 0.010 -0.510 1.923
20 19 0.007 -0.748 1.913
20 20 0.054 -0.759 1.856
21 1 -0.060 -0.032 1.962
21 2 -0.081 0.019 1.998
21 3 -0.062 0.300 2.003
21 4 0.017 0.522 1.984
21 5 -0.199 0.271 1.928
21 6 -0.262 0.048 1.851
21 7 -0.183 -0.165 1.781
21 8 -0.156 -0.227 1.766
21 9 0.101 0.269 2.131
21 10 0.115 0.034 2.164
21 11 0.120 -0.206 2.193
21 12 0.137 -0.271 2.204
21 13 -0.126 -0.106 1.909
21 14 -0.216 -0.487 1.945
21 15 -0.267 -0.741 2.007
21 16 -0.225 -0.763 1.930
21 17 0.004 -0.119 1.992
21 18 0.005 -0.511 1.930
21 19 0.008 -0.749 1.913
21 20 0.051 -0.759 1.852
22 1 -0.072 -0.034 1.975
22 2 -0.093 0.017 2.010
22 3 -0.075 0.302 2.011
22 4 0.005 0.523 1.989
22 5 -0.215 0.265 1.934
22 6 -0.271 0.041 1.856
22 7 -0.182 -0.165 1.785
22 8 -0.153 -0.229 1.769
22 9 0.079 0.273 2.146
22 10 0.095 0.039 2.181
22 11 0.108 -0.201 2.211
22 12 0.125 -0.259 2.224
22 13 -0.136 -0.110 1.921
22 14 -0.221 -0.491 1.954
22 15 -0.268 -0.737 2.007
22 16 -0.214 -0.758 1.928
22 17 -0.007 -0.121 2.010
22 18 -0.000 -0.512 1.939
22 19 0.009 -0.749 1.914
22 20 0.035 -0.771 1.851
23 1 -0.085 -0.037 1.991
23 2 -0.107 0.016 2.024
23 3 -0.095 0.308 2.022
23 4 -0.009 0.525 1.992
23 5 -0.230 0.260 1.941
23 6 -0.280 0.035 1.862
23 7 -0.183 -0.165 1.791
23 8 -0.153 -0.233 1.774
23 9 0.063 0.274 2.155
23 10 0.079 0.042 2.194
23 11 0.095 -0.195 2.232
23 12 0.108 -0.249 2.253
23 13 -0.148 -0.115 1.936
23 14 -0.229 -0.497 1.964
23 15 -0.269 -0.735 2.009
23 16 -0.208 -0.757 1.928
23 17 -0.018 -0.123 2.028
23 18 -0.007 -0.513 1.950
23 19 0.007 -0.750 1.916
23 20 0.030 -0.776 1.853
24 1 -0.096 -0.041 2.003
24 2 -0.120 0.014 2.035
24 3 -0.110 0.309 2.029
24 4 -0.025 0.525 1.993
24 5 -0.244 0.255 1.946
24 6 -0.288 0.028 1.868
24 7 -0.189 -0.171 1.802
24 8 -0.155 -0.241 1.783
24 9 0.047 0.273 2.162
24 10 0.064 0.042 2.205
24 11 0.084 -0.193 2.251
24 12 0.099 -0.245 2.269
24 13 -0.158 -0.120 1.949
24 14 -0.237 -0.503 1.975
24 15 -0.271 -0.735 2.010
24 16 -0.207 -0.759 1.930
24 17 -0.030 -0.125 2.044
24 18 -0.013 -0.514 1.961
24 19 0.004 -0.751 1.918
24 20 0.026 -0.780 1.854
25 1 -0.109 -0.046 2.018
25 2 -0.132 0.011 2.046
25 3 -0.124 0.309 2.033
25 4 -0.046 0.524 1.993
25 5 -0.258 0.248 1.953
25 6 -0.299 0.019 1.875
25 7 -0.200 -0.183 1.815
25 8 -0.167 -0.258 1.799
25 9 0.031 0.270 2.167
25 10 0.048 0.040 2.219
25 11 0.073 -0.192 2.271
25 12 0.081 -0.257 2.302
25 13 -0.171 -0.127 1.965
25 14 -0.245 -0.511 1.986
25 15 -0.272 -0.737 2.011
25 16 -0.212 -0.771 1.937
25 17 -0.042 -0.130 2.062
25 18 -0.019 -0.517 1.972
25 19 -0.000 -0.753 1.921
25 20 0.024 -0.782 1.856
26 1 -0.121 -0.051 2.031
26 2 -0.142 0.008 2.056
26 3 -0.143 0.321 2.040
26 4 -0.062 0.521 1.992
26 5 -0.272 0.241 1.960
26 6 -0.313 0.010 1.884
26 7 -0.217 -0.202 1.832
26 8 -0.184 -0.279 1.816
26 9 0.020 0.265 2.172
26 10 0.037 0.037 2.230
26 11 0.063 -0.193 2.290
26 12 0.072 -0.257 2.317
26 13 -0.183 -0.134 1.982
26 14 -0.251 -0.519 1.995
26 15 -0.275 -0.744 2.014
26 16 -0.220 -0.784 1.945
26 17 -0.051 -0.134 2.075
26 18 -0.025 -0.520 1.980
26 19 -0.004 -0.756 1.924
26 20 0.023 -0.781 1.859
27 1 -0.130 -0.057 2.045
27 2 -0.149 0.006 2.065
27 3 -0.153 0.326 2.044
27 4 -0.073 0.518 1.991
27 5 -0.283 0.233 1.968
27 6 -0.326 0.001 1.894
27 7 -0.236 -0.219 1.847
27 8 -0.211 -0.304 1.840
27 9 0.011 0.262 2.177
27 10 0.028 0.035 2.240
27 11 0.055 -0.194 2.307
27 12 0.060 -0.267 2.340
27 13 -0.193 -0.141 2.002
27 14 -0.256 -0.526 2.002
27 15 -0.278 -0.753 2.018
27 16 -0.227 -0.796 1.952
27 17 -0.059 -0.137 2.090
27 18 -0.029 -0.522 1.988
27 19 -0.008 -0.757 1.927
27 20 0.023 -0.782 1.865
28 1 -0.137 -0.062 2.058
28 2 -0.155 0.003 2.074
28 3 -0.159 0.329 2.047
28 4 -0.084 0.511 1.989
28 5 -0.292 0.225 1.978
28 6 -0.339 -0.008 1.909
28 7 -0.269 -0.230 1.871
28 8 -0.237 -0.311 1.859
28 9 0.006 0.260 2.180
28 10 0.021 0.033 2.247
28 11 0.047 -0.193 2.323
28 12 0.053 -0.263 2.352
28 13 -0.201 -0.147 2.018
28 14 -0.260 -0.532 2.007
28 15 -0.281 -0.762 2.021
28 16 -0.234 -0.806 1.956
28 17 -0.065 -0.140 2.102
28 18 -0.033 -0.523 1.995
28 19 -0.013 -0.759 1.932
28 20 0.023 -0.784 1.873
29 1 -0.143 -0.067 2.071
29 2 -0.160 -0.001 2.084
29 3 -0.164 0.330 2.049
29 4 -0.092 0.505 1.987
29 5 -0.299 0.219 1.987
29 6 -0.351 -0.016 1.925
29 7 -0.289 -0.238 1.886
29 8 -0.260 -0.319 1.874
29 9 0.001 0.255 2.185
29 10 0.017 0.030 2.255
29 11 0.041 -0.195 2.336
29 12 0.049 -0.263 2.361
29 13 -0.209 -0.154 2.039
29 14 -0.263 -0.539 2.012
29 15 -0.283 -0.772 2.024
29 16 -0.238 -0.814 1.959
29 17 -0.069 -0.143 2.112
29 18 -0.037 -0.525 2.002
29 19 -0.024 -0.762 1.942
29 20 0.019 -0.795 1.899
30 1 -0.148 -0.072 2.084
30 2 -0.163 -0.005 2.094
30 3 -0.168 0.328 2.054
30 4 -0.099 0.496 1.986
30 5 -0.305 0.214 1.997
30 6 -0.360 -0.022 1.943
30 7 -0.312 -0.253 1.909
30 8 -0.288 -0.334 1.891
30 9 -0.001 0.249 2.190
30 10 0.014 0.026 2.263
30 11 0.037 -0.197 2.348
30 12 0.045 -0.263 2.369
30 13 -0.216 -0.159 2.058
30 14 -0.266 -0.544 2.018
30 15 -0.285 -0.779 2.027
30 16 -0.242 -0.821 1.962
30 17 -0.072 -0.146 2.124
30 18 -0.042 -0.529 2.014
30 19 -0.043 -0.768 1.964
30 20 0.012 -0.793 1.920
31 1 -0.153 -0.078 2.100
31 2 -0.167 -0.010 2.105
31 3 -0.171 0.322 2.059
31 4 -0.103 0.489 1.985
31 5 -0.310 0.207 2.009
31 6 -0.370 -0.028 1.962
31 7 -0.328 -0.262 1.923
31 8 -0.324 -0.350 1.914
31 9 -0.001 0.240 2.195
31 10 0.013 0.019 2.272
31 11 0.034 -0.203 2.358
31 12 0.043 -0.264 2.379
31 13 -0.222 -0.163 2.074
31 14 -0.269 -0.549 2.024
31 15 -0.286 -0.785 2.030
31 16 -0.244 -0.825 1.964
31 17 -0.078 -0.154 2.142
31 18 -0.046 -0.531 2.025
31 19 -0.060 -0.771 1.984
31 20 -0.007 -0.810 1.950
32 1 -0.158 -0.085 2.115
32 2 -0.169 -0.017 2.118
32 3 -0.173 0.312 2.065
32 4 -0.105 0.478 1.986
32 5 -0.312 0.201 2.021
32 6 -0.381 -0.033 1.983
32 7 -0.353 -0.273 1.949
32 8 -0.352 -0.346 1.941
32 9 0.001 0.231 2.200
32 10 0.014 0.011 2.280
32 11 0.033 -0.209 2.366
32 12 0.044 -0.266 2.390
32 13 -0.229 -0.168 2.092
32 14 -0.273 -0.556 2.032
32 15 -0.288 -0.792 2.032
32 16 -0.257 -0.852 2.030
32 17 -0.082 -0.162 2.159
32 18 -0.052 -0.534 2.039
32 19 -0.081 -0.775 2.012
32 20 -0.035 -0.825 1.981
33 1 -0.163 -0.095 2.136
33 2 -0.172 -0.027 2.135
33 3 -0.175 0.300 2.074
33 4 -0.105 0.464 1.988
33 5 -0.314 0.192 2.036
33 6 -0.391 -0.040 2.004
33 7 -0.375 -0.283 1.974
33 8 -0.371 -0.368 1.962
33 9 0.005 0.219 2.204
33 10 0.018 0.002 2.288
33 11 0.035 -0.217 2.374
33 12 0.047 -0.271 2.399
33 13 -0.236 -0.179 2.119
33 14 -0.276 -0.563 2.041
33 15 -0.289 -0.799 2.035
33 16 -0.264 -0.867 2.079
33 17 -0.085 -0.173 2.181
33 18 -0.058 -0.539 2.054
33 19 -0.090 -0.779 2.027
33 20 -0.101 -0.844 2.031
34 1 -0.165 -0.107 2.155
34 2 -0.172 -0.039 2.151
34 3 -0.175 0.285 2.080
34 4 -0.104 0.447 1.991
34 5 -0.315 0.180 2.051
34 6 -0.399 -0.048 2.024
34 7 -0.390 -0.292 1.995
34 8 -0.390 -0.389 1.989
34 9 0.009 0.208 2.206
34 10 0.022 -0.006 2.293
34 11 0.037 -0.223 2.379
34 12 0.050 -0.275 2.405
34 13 -0.241 -0.191 2.144
34 14 -0.281 -0.575 2.056
34 15 -0.291 -0.811 2.040
34 16 -0.257 -0.865 2.111
34 17 -0.086 -0.183 2.199
34 18 -0.066 -0.550 2.070
34 19 -0.094 -0.786 2.037
34 20 -0.129 -0.850 2.037
35 1 -0.165 -0.118 2.172
35 2 -0.171 -0.051 2.166
35 3 -0.173 0.265 2.087
35 4 -0.103 0.433 1.993
35 5 -0.316 0.169 2.066
35 6 -0.404 -0.058 2.045
35 7 -0.404 -0.302 2.017
35 8 -0.419 -0.412 2.018
35 9 0.014 0.197 2.204
35 10 0.034 -0.015 2.297
35 11 0.044 -0.230 2.382
35 12 0.054 -0.280 2.407
35 13 -0.242 -0.204 2.167
35 14 -0.284 -0.585 2.066
35 15 -0.293 -0.822 2.046
35 16 -0.248 -0.821 2.117
35 17 -0.086 -0.192 2.214
35 18 -0.071 -0.557 2.079
35 19 -0.096 -0.792 2.043
35 20 -0.132 -0.845 2.018
36 1 -0.161 -0.130 2.188
36 2 -0.166 -0.065 2.180
36 3 -0.170 0.244 2.094
36 4 -0.102 0.414 1.996
36 5 -0.316 0.154 2.083
36 6 -0.408 -0.070 2.066
36 7 -0.420 -0.314 2.038
36 8 -0.438 -0.416 2.040
36 9 0.020 0.185 2.201
36 10 0.049 -0.026 2.297
36 11 0.060 -0.241 2.382
36 12 0.068 -0.293 2.406
36 13 -0.239 -0.216 2.186
36 14 -0.286 -0.594 2.074
36 15 -0.295 -0.833 2.052
36 16 -0.260 -0.781 2.092
36 17 -0.079 -0.205 2.230
36 18 -0.075 -0.561 2.084
36 19 -0.096 -0.797 2.046
36 20 -0.108 -0.827 1.989
37 1 -0.153 -0.145 2.202
37 2 -0.157 -0.082 2.194
37 3 -0.163 0.216 2.106
37 4 -0.102 0.394 1.999
37 5 -0.314 0.137 2.099
37 6 -0.410 -0.084 2.082
37 7 -0.438 -0.330 2.064
37 8 -0.455 -0.421 2.062
37 9 0.029 0.169 2.195
37 10 0.067 -0.040 2.293
37 11 0.079 -0.250 2.379
37 12 0.101 -0.316 2.405
37 13 -0.231 -0.231 2.204
37 14 -0.287 -0.602 2.079
37 15 -0.298 -0.842 2.057
37 16 -0.278 -0.761 2.072
37 17 -0.070 -0.218 2.242
37 18 -0.077 -0.565 2.088
37 19 -0.094 -0.802 2.045
37 20 -0.103 -0.794 1.965
38 1 -0.143 -0.161 2.213
38 2 -0.146 -0.100 2.204
38 3 -0.157 0.190 2.117
38 4 -0.102 0.355 2.002
38 5 -0.310 0.112 2.119
38 6 -0.411 -0.104 2.098
38 7 -0.450 -0.345 2.079
38 8 -0.469 -0.430 2.078
38 9 0.037 0.151 2.190
38 10 0.082 -0.055 2.290
38 11 0.113 -0.263 2.375
38 12 0.126 -0.330 2.404
38 13 -0.221 -0.246 2.217
38 14 -0.287 -0.611 2.084
38 15 -0.302 -0.852 2.061
38 16 -0.300 -0.760 2.053
38 17 -0.056 -0.234 2.251
38 18 -0.075 -0.573 2.089
38 19 -0.093 -0.812 2.035
38 20 -0.142 -0.793 1.988
39 1 -0.128 -0.185 2.224
39 2 -0.132 -0.126 2.214
39 3 -0.150 0.162 2.127
39 4 -0.103 0.330 2.004
39 5 -0.307 0.086 2.136
39 6 -0.406 -0.133 2.116
39 7 -0.459 -0.366 2.092
39 8 -0.481 -0.458 2.089
39 9 0.047 0.128 2.186
39 10 0.102 -0.077 2.286
39 11 0.150 -0.285 2.376
39 12 0.170 -0.353 2.406
39 13 -0.205 -0.272 2.232
39 14 -0.287 -0.623 2.086
39 15 -0.306 -0.860 2.062
39 16 -0.313 -0.848 2.000
39 17 -0.036 -0.260 2.258
39 18 -0.069 -0.583 2.088
39 19 -0.097 -0.824 2.028
39 20 -0.121 -0.847 1.957
40 1 -0.114 -0.208 2.232
40 2 -0.120 -0.149 2.221
40 3 -0.146 0.131 2.135
40 4 -0.106 0.301 2.011
40 5 -0.304 0.060 2.150
40 6 -0.405 -0.157 2.126
40 7 -0.465 -0.388 2.102
40 8 -0.487 -0.472 2.099
40 9 0.057 0.100 2.186
40 10 0.120 -0.102 2.285
40 11 0.171 -0.299 2.377
40 12 0.204 -0.373 2.408
40 13 -0.191 -0.296 2.241
40 14 -0.285 -0.630 2.089
40 15 -0.311 -0.870 2.061
40 16 -0.322 -0.917 1.967
40 17 -0.018 -0.283 2.263
40 18 -0.039 -0.598 2.082
40 19 -0.103 -0.834 2.022
40 20 -0.116 -0.873 1.942
41 1 -0.096 -0.238 2.242
41 2 -0.103 -0.180 2.230
41 3 -0.139 0.097 2.145
41 4 -0.108 0.278 2.020
41 5 -0.299 0.036 2.163
41 6 -0.402 -0.180 2.136
41 7 -0.466 -0.411 2.107
41 8 -0.490 -0.488 2.104
41 9 0.065 0.072 2.190
41 10 0.135 -0.126 2.289
41 11 0.200 -0.316 2.379
41 12 0.235 -0.391 2.410
41 13 -0.171 -0.329 2.252
41 14 -0.278 -0.656 2.091
41 15 -0.320 -0.884 2.058
41 16 -0.328 -0.952 1.953
41 17 0.001 -0.307 2.272
41 18 -0.017 -0.612 2.078
41 19 -0.108 -0.843 2.016
41 20 -0.113 -0.891 1.933
42 1 -0.076 -0.268 2.252
42 2 -0.085 -0.212 2.240
42 3 -0.129 0.056 2.156
42 4 -0.107 0.245 2.033
42 5 -0.289 -0.007 2.180
42 6 -0.397 -0.221 2.151
42 7 -0.461 -0.452 2.112
42 8 -0.490 -0.538 2.100
42 9 0.074 0.036 2.200
42 10 0.156 -0.156 2.301
42 11 0.226 -0.337 2.381
42 12 0.267 -0.408 2.411
42 13 -0.149 -0.362 2.264
42 14 -0.273 -0.665 2.092
42 15 -0.328 -0.898 2.056
42 16 -0.334 -0.974 1.947
42 17 0.025 -0.334 2.283
42 18 0.001 -0.620 2.075
42 19 -0.112 -0.851 2.012
42 20 -0.111 -0.903 1.928
43 1 -0.060 -0.297 2.263
43 2 -0.070 -0.241 2.250
43 3 -0.122 0.025 2.166
43 4 -0.103 0.215 2.046
43 5 -0.279 -0.034 2.189
43 6 -0.388 -0.249 2.160
43 7 -0.455 -0.478 2.118
43 8 -0.478 -0.562 2.098
43 9 0.085 -0.003 2.216
43 10 0.176 -0.190 2.318
43 11 0.272 -0.363 2.389
43 12 0.307 -0.432 2.416
43 13 -0.133 -0.387 2.274
43 14 -0.265 -0.671 2.093
43 15 -0.336 -0.910 2.054
43 16 -0.338 -0.988 1.944
43 17 0.043 -0.360 2.293
43 18 0.015 -0.635 2.069
43 19 -0.115 -0.860 2.010
43 20 -0.110 -0.914 1.925
44 1 -0.044 -0.326 2.274
44 2 -0.054 -0.274 2.261
44 3 -0.101 -0.015 2.184
44 4 -0.091 0.173 2.066
44 5 -0.258 -0.074 2.202
44 6 -0.374 -0.285 2.171
44 7 -0.441 -0.513 2.118
44 8 -0.451 -0.594 2.091
44 9 0.102 -0.045 2.238
44 10 0.208 -0.227 2.337
44 11 0.327 -0.393 2.395
44 12 0.364 -0.458 2.412
44 13 -0.119 -0.415 2.284
44 14 -0.259 -0.673 2.093
44 15 -0.408 -0.898 2.078
44 16 -0.401 -0.965 1.984
44 17 0.059 -0.389 2.303
44 18 0.023 -0.644 2.065
44 19 -0.117 -0.871 2.006
44 20 -0.108 -0.925 1.923
45 1 -0.031 -0.353 2.285
45 2 -0.041 -0.301 2.273
45 3 -0.085 -0.045 2.198
45 4 -0.077 0.137 2.085
45 5 -0.238 -0.111 2.215
45 6 -0.357 -0.321 2.182
45 7 -0.406 -0.512 2.128
45 8 -0.420 -0.592 2.109
45 9 0.122 -0.083 2.260
45 10 0.243 -0.260 2.352
45 11 0.388 -0.418 2.393
45 12 0.431 -0.480 2.404
45 13 -0.107 -0.442 2.294
45 14 -0.252 -0.674 2.093
45 15 -0.426 -0.900 2.084
45 16 -0.417 -0.964 1.997
45 17 0.072 -0.421 2.317
45 18 0.029 -0.651 2.063
45 19 -0.061 -0.905 1.963
45 20 -0.047 -0.956 1.885
46 1 -0.019 -0.376 2.296
46 2 -0.027 -0.327 2.285
46 3 -0.058 -0.081 2.223
46 4 -0.058 0.105 2.112
46 5 -0.213 -0.150 2.232
46 6 -0.339 -0.353 2.193
46 7 -0.394 -0.519 2.132
46 8 -0.409 -0.598 2.113
46 9 0.152 -0.120 2.287
46 10 0.292 -0.295 2.362
46 11 0.447 -0.439 2.385
46 12 0.492 -0.487 2.392
46 13 -0.098 -0.462 2.302
46 14 -0.247 -0.674 2.093
46 15 -0.396 -0.930 2.069
46 16 -0.387 -0.982 1.992
46 17 0.085 -0.449 2.330
46 18 0.033 -0.655 2.062
46 19 -0.035 -0.921 1.942
46 20 -0.021 -0.971 1.867
47 1 -0.009 -0.395 2.307
47 2 -0.014 -0.347 2.297
47 3 -0.035 -0.109 2.248
47 4 -0.032 0.074 2.145
47 5 -0.187 -0.186 2.250
47 6 -0.315 -0.383 2.203
47 7 -0.354 -0.540 2.148
47 8 -0.382 -0.603 2.124
47 9 0.182 -0.158 2.312
47 10 0.344 -0.325 2.366
47 11 0.481 -0.453 2.380
47 12 0.551 -0.492 2.377
47 13 -0.092 -0.479 2.308
47 14 -0.234 -0.665 2.096
47 15 -0.374 -0.944 2.070
47 16 -0.362 -0.990 1.997
47 17 0.097 -0.472 2.341
47 18 0.037 -0.661 2.061
47 19 -0.023 -0.931 1.932
47 20 -0.007 -0.979 1.858
48 1 0.012 -0.425 2.324
48 2 0.007 -0.378 2.317
48 3 -0.010 -0.139 2.280
48 4 0.000 0.050 2.181
48 5 -0.159 -0.213 2.275
48 6 -0.282 -0.409 2.217
48 7 -0.302 -0.563 2.153
48 8 -0.359 -0.607 2.133
48 9 0.205 -0.185 2.332
48 10 0.382 -0.349 2.369
48 11 0.529 -0.460 2.362
48 12 0.609 -0.495 2.358
48 13 -0.079 -0.505 2.321
48 14 -0.226 -0.657 2.097
48 15 -0.347 -0.950 2.074
48 16 -0.334 -0.993 2.003
48 17 0.116 -0.503 2.351
48 18 0.043 -0.667 2.063
48 19 -0.076 -0.925 1.982
48 20 -0.061 -0.968 1.908
49 1 0.031 -0.447 2.340
49 2 0.030 -0.400 2.336
49 3 0.026 -0.163 2.312
49 4 0.036 0.029 2.218
49 5 -0.126 -0.241 2.304
49 6 -0.239 -0.429 2.235
49 7 -0.293 -0.564 2.150
49 8 -0.343 -0.609 2.137
49 9 0.237 -0.214 2.358
49 10 0.400 -0.360 2.370
49 11 0.550 -0.464 2.355
49 12 0.632 -0.495 2.349
49 13 -0.063 -0.526 2.335
49 14 -0.221 -0.652 2.099
49 15 -0.333 -0.951 2.076
49 16 -0.320 -0.991 2.005
49 17 0.131 -0.524 2.360
49 18 0.049 -0.671 2.064
49 19 -0.108 -0.917 2.011
49 20 -0.095 -0.957 1.937
50 1 0.072 -0.467 2.360
50 2 0.069 -0.420 2.358
50 3 0.059 -0.179 2.344
50 4 0.074 0.013 2.253
50 5 -0.099 -0.260 2.328
50 6 -0.201 -0.445 2.248
50 7 -0.296 -0.549 2.146
50 8 -0.334 -0.607 2.138
50 9 0.255 -0.230 2.373
50 10 0.414 -0.367 2.372
50 11 0.564 -0.468 2.351
50 12 0.650 -0.496 2.342
50 13 -0.025 -0.550 2.356
50 14 -0.215 -0.638 2.108
50 15 -0.319 -0.938 2.068
50 16 -0.305 -0.974 1.995
50 17 0.175 -0.543 2.368
50 18 0.056 -0.674 2.069
50 19 -0.115 -0.915 2.020
50 20 -0.103 -0.955 1.945
51 1 0.094 -0.475 2.372
51 2 0.095 -0.428 2.372
51 3 0.105 -0.189 2.373
51 4 0.122 0.007 2.285
51 5 -0.062 -0.270 2.357
51 6 -0.158 -0.452 2.267
51 7 -0.279 -0.543 2.148
51 8 -0.309 -0.601 2.141
51 9 0.299 -0.245 2.403
51 10 0.437 -0.376 2.377
51 11 0.618 -0.485 2.333
51 12 0.687 -0.502 2.311
51 13 -0.009 -0.559 2.366
51 14 -0.207 -0.622 2.119
51 15 -0.309 -0.924 2.064
51 16 -0.296 -0.958 1.989
51 17 0.198 -0.552 2.375
51 18 0.062 -0.674 2.073
51 19 -0.120 -0.914 2.026
51 20 -0.108 -0.952 1.951
52 1 0.117 -0.478 2.387
52 2 0.121 -0.430 2.389
52 3 0.144 -0.189 2.394
52 4 0.173 0.010 2.313
52 5 -0.033 -0.271 2.376
52 6 -0.140 -0.453 2.274
52 7 -0.270 -0.538 2.151
52 8 -0.293 -0.598 2.145
52 9 0.333 -0.250 2.422
52 10 0.456 -0.384 2.388
52 11 0.638 -0.491 2.326
52 12 0.700 -0.505 2.300
52 13 0.007 -0.561 2.377
52 14 -0.194 -0.591 2.143
52 15 -0.303 -0.890 2.053
52 16 -0.291 -0.924 1.977
52 17 0.217 -0.558 2.386
52 18 0.073 -0.668 2.082
52 19 -0.115 -0.906 2.030
52 20 -0.104 -0.943 1.954
53 1 0.136 -0.472 2.404
53 2 0.142 -0.424 2.407
53 3 0.184 -0.178 2.417
53 4 0.216 0.021 2.337
53 5 -0.005 -0.262 2.390
53 6 -0.119 -0.402 2.298
53 7 -0.252 -0.523 2.164
53 8 -0.273 -0.589 2.153
53 9 0.374 -0.247 2.443
53 10 0.496 -0.393 2.405
53 11 0.649 -0.495 2.322
53 12 0.707 -0.507 2.292
53 13 0.021 -0.553 2.394
53 14 -0.188 -0.574 2.156
53 15 -0.288 -0.807 2.047
53 16 -0.279 -0.861 1.997
53 17 0.231 -0.559 2.401
53 18 0.085 -0.657 2.092
53 19 -0.102 -0.892 2.032
53 20 -0.090 -0.929 1.955
54 1 0.147 -0.468 2.416
54 2 0.156 -0.419 2.420
54 3 0.218 -0.167 2.435
54 4 0.255 0.030 2.358
54 5 0.028 -0.241 2.404
54 6 -0.103 -0.362 2.314
54 7 -0.245 -0.517 2.169
54 8 -0.262 -0.583 2.158
54 9 0.392 -0.246 2.452
54 10 0.510 -0.397 2.413
54 11 0.654 -0.498 2.322
54 12 0.707 -0.513 2.281
54 13 0.030 -0.544 2.406
54 14 -0.184 -0.563 2.164
54 15 -0.258 -0.756 2.028
54 16 -0.287 -0.795 1.986
54 17 0.238 -0.558 2.413
54 18 0.092 -0.651 2.099
54 19 0.003 -0.895 2.007
54 20 0.014 -0.931 1.928
55 1 0.178 -0.456 2.445
55 2 0.188 -0.406 2.448
55 3 0.242 -0.160 2.448
55 4 0.286 0.037 2.374
55 5 0.058 -0.220 2.414
55 6 -0.096 -0.334 2.320
55 7 -0.212 -0.475 2.193
55 8 -0.224 -0.541 2.181
55 9 0.411 -0.243 2.462
55 10 0.524 -0.398 2.422
55 11 0.657 -0.500 2.322
55 12 0.706 -0.517 2.274
55 13 0.059 -0.525 2.431
55 14 -0.181 -0.557 2.168
55 15 -0.254 -0.710 1.999
55 16 -0.286 -0.774 1.983
55 17 0.263 -0.548 2.450
55 18 0.096 -0.645 2.104
55 19 0.063 -0.874 1.991
55 20 0.073 -0.911 1.912
56 1 0.188 -0.452 2.454
56 2 0.199 -0.402 2.458
56 3 0.269 -0.152 2.460
56 4 0.314 0.045 2.392
56 5 0.085 -0.205 2.422
56 6 -0.091 -0.318 2.323
56 7 -0.207 -0.467 2.191
56 8 -0.239 -0.520 2.152
56 9 0.427 -0.240 2.469
56 10 0.545 -0.403 2.432
56 11 0.660 -0.503 2.321
56 12 0.706 -0.524 2.264
56 13 0.070 -0.517 2.440
56 14 -0.179 -0.552 2.169
56 15 -0.254 -0.695 1.986
56 16 -0.269 -0.744 1.935
56 17 0.265 -0.548 2.459
56 18 0.098 -0.641 2.106
56 19 0.091 -0.873 1.986
56 20 0.102 -0.910 1.907
57 1 0.201 -0.449 2.462
57 2 0.214 -0.398 2.466
57 3 0.287 -0.149 2.468
57 4 0.347 0.046 2.411
57 5 0.109 -0.195 2.428
57 6 -0.063 -0.281 2.329
57 7 -0.192 -0.442 2.193
57 8 -0.231 -0.496 2.151
57 9 0.448 -0.244 2.478
57 10 0.557 -0.406 2.439
57 11 0.682 -0.507 2.292
57 12 0.705 -0.527 2.231
57 13 0.089 -0.508 2.446
57 14 -0.173 -0.554 2.156
57 15 -0.260 -0.693 1.968
57 16 -0.259 -0.735 1.893
57 17 0.275 -0.545 2.468
57 18 0.101 -0.638 2.109
57 19 0.106 -0.867 1.982
57 20 0.117 -0.904 1.903
58 1 0.207 -0.447 2.465
58 2 0.221 -0.396 2.471
58 3 0.322 -0.152 2.480
58 4 0.381 0.041 2.429
58 5 0.139 -0.192 2.437
58 6 -0.053 -0.268 2.330
58 7 -0.183 -0.430 2.190
58 8 -0.229 -0.486 2.147
58 9 0.473 -0.252 2.487
58 10 0.569 -0.409 2.445
58 11 0.686 -0.507 2.294
58 12 0.705 -0.526 2.223
58 13 0.097 -0.500 2.447
58 14 -0.156 -0.569 2.128
58 15 -0.270 -0.701 1.954
58 16 -0.258 -0.737 1.872
58 17 0.271 -0.546 2.463
58 18 0.102 -0.636 2.110
58 19 0.114 -0.867 1.980
58 20 0.126 -0.903 1.900
59 1 0.214 -0.446 2.466
59 2 0.229 -0.396 2.474
59 3 0.343 -0.155 2.487
59 4 0.420 0.029 2.449
59 5 0.163 -0.193 2.445
59 6 -0.038 -0.261 2.321
59 7 -0.172 -0.420 2.177
59 8 -0.225 -0.478 2.140
59 9 0.506 -0.273 2.496
59 10 0.592 -0.424 2.454
59 11 0.693 -0.506 2.287
59 12 0.705 -0.525 2.216
59 13 0.103 -0.496 2.446
59 14 -0.146 -0.575 2.116
59 15 -0.273 -0.704 1.947
59 16 -0.257 -0.736 1.860
59 17 0.272 -0.548 2.461
59 18 0.102 -0.634 2.111
59 19 0.116 -0.867 1.979
59 20 0.128 -0.903 1.900
60 1 0.221 -0.447 2.465
60 2 0.240 -0.399 2.476
60 3 0.377 -0.169 2.495
60 4 0.448 0.015 2.463
60 5 0.200 -0.205 2.456
60 6 -0.006 -0.259 2.309
60 7 -0.125 -0.365 2.169
60 8 -0.179 -0.421 2.131
60 9 0.530 -0.286 2.502
60 10 0.622 -0.439 2.461
60 11 0.698 -0.507 2.284
60 12 0.729 -0.562 2.169
60 13 0.109 -0.492 2.445
60 14 -0.139 -0.577 2.109
60 15 -0.275 -0.705 1.944
60 16 -0.257 -0.735 1.855
60 17 0.273 -0.550 2.458
60 18 0.102 -0.633 2.111
60 19 0.113 -0.868 1.980
60 20 0.126 -0.904 1.900
61 1 0.244 -0.455 2.468
61 2 0.267 -0.410 2.485
61 3 0.398 -0.178 2.500
61 4 0.480 -0.001 2.478
61 5 0.222 -0.212 2.462
61 6 0.031 -0.258 2.297
61 7 -0.069 -0.339 2.160
61 8 -0.131 -0.397 2.122
61 9 0.553 -0.298 2.507
61 10 0.637 -0.452 2.466
61 11 0.704 -0.509 2.286
61 12 0.735 -0.552 2.214
61 13 0.127 -0.493 2.449
61 14 -0.075 -0.525 2.164
61 15 -0.264 -0.684 1.958
61 16 -0.246 -0.715 1.871
61 17 0.288 -0.557 2.461
61 18 0.102 -0.632 2.112
61 19 0.110 -0.867 1.985
61 20 0.122 -0.902 1.905
62 1 0.256 -0.459 2.469
62 2 0.282 -0.416 2.490
62 3 0.431 -0.194 2.503
62 4 0.523 -0.025 2.492
62 5 0.269 -0.235 2.471
62 6 0.080 -0.261 2.299
62 7 -0.021 -0.306 2.161
62 8 -0.089 -0.368 2.122
62 9 0.580 -0.313 2.510
62 10 0.660 -0.502 2.470
62 11 0.726 -0.546 2.294
62 12 0.750 -0.592 2.182
62 13 0.139 -0.493 2.450
62 14 -0.076 -0.546 2.151
62 15 -0.295 -0.694 1.937
62 16 -0.267 -0.748 1.907
62 17 0.296 -0.561 2.463
62 18 0.129 -0.605 2.128
62 19 0.101 -0.857 1.995
62 20 0.113 -0.893 1.915
63 1 0.263 -0.462 2.470
63 2 0.290 -0.420 2.493
63 3 0.458 -0.207 2.506
63 4 0.561 -0.046 2.501
63 5 0.310 -0.257 2.474
63 6 0.114 -0.261 2.302
63 7 0.047 -0.302 2.149
63 8 -0.006 -0.320 2.105
63 9 0.612 -0.330 2.515
63 10 0.667 -0.525 2.476
63 11 0.734 -0.565 2.302
63 12 0.752 -0.611 2.172
63 13 0.144 -0.491 2.450
63 14 -0.075 -0.548 2.148
63 15 -0.317 -0.712 1.924
63 16 -0.294 -0.760 1.876
63 17 0.301 -0.566 2.468
63 18 0.132 -0.603 2.130
63 19 0.083 -0.850 2.001
63 20 0.095 -0.886 1.921
64 1 0.274 -0.467 2.471
64 2 0.306 -0.427 2.498
64 3 0.498 -0.223 2.511
64 4 0.600 -0.071 2.509
64 5 0.346 -0.272 2.476
64 6 0.163 -0.267 2.303
64 7 0.082 -0.296 2.146
64 8 0.033 -0.293 2.100
64 9 0.633 -0.344 2.520
64 10 0.679 -0.542 2.485
64 11 0.750 -0.584 2.315
64 12 0.757 -0.622 2.169
64 13 0.151 -0.488 2.447
64 14 -0.090 -0.525 2.138
64 15 -0.328 -0.672 1.931
64 16 -0.337 -0.733 1.904
64 17 0.311 -0.574 2.478
64 18 0.134 -0.599 2.134
64 19 0.073 -0.840 2.009
64 20 0.004 -0.824 2.032
65 1 0.395 -0.482 2.514
65 2 0.409 -0.441 2.533
65 3 0.546 -0.244 2.522
65 4 0.644 -0.097 2.518
65 5 0.392 -0.289 2.475
65 6 0.202 -0.271 2.304
65 7 0.146 -0.300 2.132
65 8 0.111 -0.281 2.084
65 9 0.665 -0.376 2.529
65 10 0.690 -0.560 2.494
65 11 0.746 -0.583 2.313
65 12 0.736 -0.581 2.212
65 13 0.307 -0.518 2.482
65 14 -0.011 -0.504 2.197
65 15 -0.297 -0.596 1.966
65 16 -0.351 -0.673 1.936
65 17 0.428 -0.578 2.545
65 18 0.349 -0.601 2.207
65 19 0.135 -0.763 2.058
65 20 0.104 -0.783 2.025
66 1 0.486 -0.495 2.538
66 2 0.500 -0.455 2.556
66 3 0.588 -0.260 2.529
66 4 0.690 -0.120 2.528
66 5 0.422 -0.301 2.475
66 6 0.246 -0.281 2.292
66 7 0.220 -0.328 2.114
66 8 0.188 -0.302 2.065
66 9 0.687 -0.391 2.533
66 10 0.712 -0.576 2.505
66 11 0.742 -0.581 2.314
66 12 0.718 -0.561 2.233
66 13 0.397 -0.529 2.499
66 14 0.068 -0.498 2.256
66 15 -0.306 -0.584 1.974
66 16 -0.333 -0.639 1.926
66 17 0.521 -0.592 2.578
66 18 0.505 -0.607 2.248
66 19 0.213 -0.718 2.098
66 20 0.207 -0.745 2.047
67 1 0.476 -0.535 2.489
67 2 0.500 -0.492 2.518
67 3 0.634 -0.276 2.540
67 4 0.728 -0.135 2.537
67 5 0.465 -0.325 2.471
67 6 0.295 -0.293 2.283
67 7 0.280 -0.364 2.094
67 8 0.249 -0.339 2.046
67 9 0.724 -0.409 2.542
67 10 0.747 -0.591 2.519
67 11 0.813 -0.625 2.347
67 12 0.762 -0.580 2.296
67 13 0.353 -0.572 2.427
67 14 0.020 -0.469 2.230
67 15 -0.303 -0.564 1.998
67 16 -0.356 -0.572 1.957
67 17 0.522 -0.617 2.520
67 18 0.601 -0.615 2.237
67 19 0.260 -0.694 2.091
67 20 0.286 -0.726 2.015
68 1 0.538 -0.528 2.483
68 2 0.557 -0.495 2.517
68 3 0.683 -0.299 2.548
68 4 0.775 -0.156 2.547
68 5 0.520 -0.345 2.476
68 6 0.360 -0.322 2.275
68 7 0.330 -0.408 2.061
68 8 0.297 -0.388 2.012
68 9 0.774 -0.433 2.550
68 10 0.804 -0.615 2.532
68 11 0.890 -0.670 2.371
68 12 0.876 -0.650 2.336
68 13 0.422 -0.549 2.393
68 14 0.058 -0.452 2.251
68 15 -0.258 -0.541 2.038
68 16 -0.242 -0.568 1.970
68 17 0.559 -0.618 2.529
68 18 0.670 -0.617 2.243
68 19 0.322 -0.679 2.094
68 20 0.361 -0.715 2.008
69 1 0.543 -0.519 2.481
69 2 0.563 -0.490 2.515
69 3 0.704 -0.307 2.553
69 4 0.804 -0.167 2.556
69 5 0.562 -0.359 2.485
69 6 0.413 -0.314 2.281
69 7 0.371 -0.411 2.060
69 8 0.336 -0.394 2.012
69 9 0.799 -0.444 2.556
69 10 0.831 -0.625 2.540
69 11 0.785 -0.567 2.322
69 12 0.752 -0.548 2.254
69 13 0.433 -0.538 2.369
69 14 0.061 -0.441 2.252
69 15 -0.239 -0.530 2.054
69 16 -0.218 -0.545 1.982
69 17 0.536 -0.616 2.557
69 18 0.610 -0.650 2.267
69 19 0.283 -0.710 2.103
69 20 0.345 -0.731 2.016
70 1 0.572 -0.484 2.494
70 2 0.590 -0.461 2.529
70 3 0.718 -0.312 2.558
70 4 0.829 -0.177 2.567
70 5 0.596 -0.319 2.499
70 6 0.455 -0.313 2.285
70 7 0.402 -0.417 2.058
70 8 0.365 -0.401 2.010
70 9 0.817 -0.450 2.562
70 10 0.850 -0.630 2.547
70 11 0.768 -0.566 2.340
70 12 0.767 -0.538 2.263
70 13 0.434 -0.476 2.369
70 14 0.065 -0.441 2.248
70 15 -0.218 -0.538 2.061
70 16 -0.178 -0.566 1.981
70 17 0.580 -0.594 2.573
70 18 0.667 -0.562 2.289
70 19 0.342 -0.625 2.160
70 20 0.387 -0.658 2.071
71 1 0.328 -0.508 2.418
71 2 0.362 -0.489 2.457
71 3 0.583 -0.375 2.509
71 4 0.775 -0.231 2.552
71 5 0.635 -0.476 2.495
71 6 0.514 -0.349 2.313
71 7 0.437 -0.418 2.067
71 8 0.399 -0.404 2.019
71 9 0.738 -0.504 2.529
71 10 0.772 -0.684 2.512
71 11 0.705 -0.558 2.295
71 12 0.687 -0.473 2.136
71 13 0.310 -0.506 2.379
71 14 -0.001 -0.417 2.206
71 15 -0.262 -0.522 2.033
71 16 -0.193 -0.582 1.987
71 17 0.286 -0.539 2.423
71 18 0.084 -0.641 2.127
71 19 0.166 -0.773 1.991
71 20 0.137 -0.804 1.895
72 1 0.289 -0.497 2.399
72 2 0.316 -0.494 2.438
72 3 0.495 -0.437 2.492
72 4 0.693 -0.301 2.543
72 5 0.606 -0.556 2.492
72 6 0.535 -0.365 2.326
72 7 0.469 -0.408 2.086
72 8 0.430 -0.397 2.040
72 9 0.627 -0.574 2.500
72 10 0.698 -0.585 2.352
72 11 0.719 -0.467 2.168
72 12 0.726 -0.418 2.087
72 13 0.266 -0.494 2.359
72 14 -0.068 -0.399 2.169
72 15 -0.319 -0.509 2.000
72 16 -0.241 -0.593 1.979
72 17 0.242 -0.514 2.404
72 18 0.054 -0.635 2.092
72 19 -0.002 -0.555 2.209
72 20 -0.016 -0.630 2.102
73 1 0.243 -0.482 2.388
73 2 0.263 -0.486 2.425
73 3 0.449 -0.470 2.478
73 4 0.672 -0.341 2.540
73 5 0.422 -0.534 2.421
73 6 0.503 -0.373 2.426
73 7 0.454 -0.469 2.209
73 8 0.415 -0.459 2.163
73 9 0.583 -0.604 2.488
73 10 0.634 -0.711 2.413
73 11 0.625 -0.526 2.327
73 12 0.670 -0.366 2.164
73 13 0.208 -0.467 2.358
73 14 -0.086 -0.378 2.154
73 15 -0.333 -0.490 1.986
73 16 -0.260 -0.584 1.970
73 17 0.189 -0.498 2.377
73 18 -0.015 -0.646 2.044
73 19 -0.110 -0.735 1.955
73 20 -0.200 -0.709 1.936
74 1 0.283 -0.459 2.407
74 2 0.306 -0.462 2.446
74 3 0.493 -0.449 2.491
74 4 0.670 -0.352 2.542
74 5 0.396 -0.548 2.410
74 6 0.478 -0.373 2.485
74 7 0.442 -0.502 2.281
74 8 0.402 -0.493 2.236
74 9 0.580 -0.610 2.487
74 10 0.629 -0.746 2.433
74 11 0.635 -0.512 2.349
74 12 0.665 -0.338 2.212
74 13 0.207 -0.448 2.364
74 14 -0.081 -0.364 2.150
74 15 -0.330 -0.478 1.982
74 16 -0.267 -0.579 1.963
74 17 0.206 -0.490 2.386
74 18 0.013 -0.647 2.038
74 19 -0.201 -0.696 1.940
74 20 -0.170 -0.722 1.869
75 1 0.293 -0.476 2.426
75 2 0.317 -0.468 2.462
75 3 0.510 -0.451 2.494
75 4 0.693 -0.348 2.548
75 5 0.371 -0.540 2.397
75 6 0.470 -0.375 2.507
75 7 0.439 -0.516 2.307
75 8 0.400 -0.507 2.262
75 9 0.597 -0.609 2.491
75 10 0.643 -0.771 2.460
75 11 0.680 -0.526 2.367
75 12 0.732 -0.376 2.252
75 13 0.212 -0.460 2.373
75 14 -0.109 -0.437 2.173
75 15 -0.362 -0.549 2.000
75 16 -0.303 -0.617 1.949
75 17 0.228 -0.525 2.438
75 18 0.034 -0.636 2.062
75 19 -0.212 -0.658 1.930
75 20 -0.249 -0.687 1.847
76 1 0.283 -0.465 2.400
76 2 0.319 -0.468 2.442
76 3 0.571 -0.462 2.495
76 4 0.765 -0.345 2.552
76 5 0.358 -0.526 2.389
76 6 0.459 -0.373 2.516
76 7 0.433 -0.523 2.319
76 8 0.393 -0.513 2.274
76 9 0.672 -0.608 2.497
76 10 0.533 -0.578 2.460
76 11 0.680 -0.433 2.345
76 12 0.747 -0.399 2.309
76 13 0.132 -0.451 2.433
76 14 -0.077 -0.409 2.165
76 15 -0.334 -0.521 1.988
76 16 -0.292 -0.586 1.925
76 17 0.249 -0.490 2.240
76 18 -0.016 -0.614 2.027
76 19 -0.290 -0.636 1.893
76 20 -0.277 -0.663 1.824
77 1 0.339 -0.456 2.412
77 2 0.377 -0.466 2.454
77 3 0.616 -0.451 2.505
77 4 0.814 -0.331 2.560
77 5 0.531 -0.525 2.468
77 6 0.553 -0.375 2.554
77 7 0.527 -0.528 2.356
77 8 0.488 -0.518 2.311
77 9 0.726 -0.593 2.509
77 10 0.497 -0.530 2.451
77 11 0.709 -0.415 2.359
77 12 0.767 -0.420 2.334
77 13 0.166 -0.461 2.506
77 14 -0.068 -0.414 2.175
77 15 -0.328 -0.524 1.995
77 16 -0.255 -0.569 1.946
77 17 0.269 -0.477 2.215
77 18 0.042 -0.601 2.032
77 19 -0.237 -0.619 1.907
77 20 -0.256 -0.664 1.818
78 1 0.349 -0.464 2.406
78 2 0.388 -0.475 2.449
78 3 0.633 -0.448 2.506
78 4 0.830 -0.328 2.561
78 5 0.530 -0.532 2.462
78 6 0.588 -0.382 2.563
78 7 0.562 -0.535 2.364
78 8 0.523 -0.525 2.319
78 9 0.743 -0.591 2.511
78 10 0.473 -0.500 2.441
78 11 0.716 -0.406 2.356
78 12 0.774 -0.437 2.341
78 13 0.161 -0.491 2.500
78 14 -0.067 -0.415 2.175
78 15 -0.327 -0.526 1.994
78 16 -0.238 -0.544 1.977
78 17 0.284 -0.477 2.192
78 18 0.073 -0.601 2.026
78 19 -0.204 -0.608 1.908
78 20 -0.221 -0.661 1.816
79 1 0.339 -0.462 2.396
79 2 0.377 -0.475 2.441
79 3 0.623 -0.443 2.506
79 4 0.834 -0.324 2.562
79 5 0.586 -0.521 2.487
79 6 0.487 -0.418 2.454
79 7 0.492 -0.537 2.284
79 8 0.453 -0.526 2.238
79 9 0.749 -0.587 2.512
79 10 0.456 -0.482 2.435
79 11 0.713 -0.403 2.350
79 12 0.767 -0.451 2.340
79 13 0.154 -0.475 2.500
79 14 -0.071 -0.414 2.170
79 15 -0.332 -0.524 1.989
79 16 -0.235 -0.533 1.986
79 17 0.263 -0.470 2.185
79 18 0.087 -0.605 2.017
79 19 -0.111 -0.528 2.058
79 20 -0.075 -0.586 1.968
80 1 0.209 -0.496 2.356
80 2 0.248 -0.490 2.407
80 3 0.529 -0.441 2.496
80 4 0.757 -0.316 2.553
80 5 0.611 -0.518 2.497
80 6 0.459 -0.438 2.418
80 7 0.460 -0.538 2.246
80 8 0.421 -0.527 2.201
80 9 0.674 -0.582 2.505
80 10 0.471 -0.426 2.456
80 11 0.731 -0.397 2.373
80 12 0.782 -0.449 2.361
80 13 0.158 -0.486 2.342
80 14 -0.080 -0.412 2.159
80 15 -0.342 -0.522 1.978
80 16 -0.237 -0.526 1.991
80 17 0.163 -0.522 2.340
80 18 0.111 -0.599 2.025
80 19 0.238 -0.501 2.183
80 20 0.156 -0.545 2.084
81 1 0.189 -0.501 2.341
81 2 0.220 -0.492 2.394
81 3 0.496 -0.440 2.491
81 4 0.710 -0.313 2.546
81 5 0.625 -0.516 2.502
81 6 0.441 -0.447 2.396
81 7 0.443 -0.538 2.227
81 8 0.404 -0.527 2.181
81 9 0.627 -0.579 2.499
81 10 0.476 -0.404 2.463
81 11 0.740 -0.394 2.385
81 12 0.789 -0.449 2.372
81 13 0.188 -0.465 2.300
81 14 -0.085 -0.409 2.150
81 15 -0.347 -0.519 1.969
81 16 -0.267 -0.499 2.020
81 17 0.159 -0.536 2.359
81 18 0.126 -0.596 2.029
81 19 0.288 -0.486 2.227
81 20 0.283 -0.520 2.164
82 1 0.062 -0.424 2.295
82 2 0.110 -0.433 2.356
82 3 0.443 -0.438 2.482
82 4 0.665 -0.309 2.538
82 5 0.496 -0.498 2.447
82 6 0.345 -0.435 2.350
82 7 0.343 -0.519 2.180
82 8 0.304 -0.508 2.134
82 9 0.582 -0.576 2.491
82 10 0.499 -0.382 2.474
82 11 0.752 -0.392 2.393
82 12 0.801 -0.442 2.379
82 13 0.043 -0.384 2.250
82 14 -0.273 -0.320 2.103
82 15 -0.534 -0.429 1.923
82 16 -0.444 -0.436 1.980
82 17 0.034 -0.430 2.315
82 18 0.137 -0.547 2.019
82 19 0.285 -0.427 2.232
82 20 0.253 -0.469 2.148
83 1 0.215 -0.415 2.376
83 2 0.239 -0.419 2.422
83 3 0.435 -0.438 2.479
83 4 0.651 -0.308 2.536
83 5 0.479 -0.492 2.439
83 6 0.301 -0.428 2.330
83 7 0.294 -0.509 2.158
83 8 0.255 -0.498 2.113
83 9 0.568 -0.575 2.489
83 10 0.483 -0.408 2.455
83 11 0.734 -0.398 2.387
83 12 0.783 -0.439 2.368
83 13 0.156 -0.390 2.326
83 14 -0.176 -0.372 2.105
83 15 -0.437 -0.481 1.925
83 16 -0.305 -0.500 1.968
83 17 0.211 -0.428 2.396
83 18 0.196 -0.497 2.068
83 19 0.381 -0.399 2.307
83 20 0.349 -0.440 2.224
84 1 0.174 -0.467 2.346
84 2 0.205 -0.461 2.399
84 3 0.440 -0.438 2.478
84 4 0.642 -0.307 2.534
84 5 0.447 -0.489 2.423
84 6 0.281 -0.426 2.320
84 7 0.274 -0.505 2.148
84 8 0.235 -0.494 2.102
84 9 0.559 -0.574 2.487
84 10 0.474 -0.428 2.444
84 11 0.722 -0.402 2.382
84 12 0.770 -0.437 2.360
84 13 0.103 -0.465 2.296
84 14 -0.160 -0.383 2.100
84 15 -0.421 -0.491 1.920
84 16 -0.326 -0.491 1.963
84 17 0.205 -0.485 2.373
84 18 0.203 -0.480 2.069
84 19 0.315 -0.389 2.263
84 20 0.282 -0.429 2.179
85 1 0.164 -0.478 2.326
85 2 0.198 -0.472 2.384
85 3 0.443 -0.438 2.477
85 4 0.638 -0.308 2.536
85 5 0.433 -0.488 2.416
85 6 0.268 -0.424 2.313
85 7 0.259 -0.502 2.140
85 8 0.220 -0.492 2.095
85 9 0.557 -0.574 2.486
85 10 0.468 -0.440 2.436
85 11 0.711 -0.405 2.377
85 12 0.759 -0.434 2.353
85 13 0.071 -0.466 2.271
85 14 -0.157 -0.387 2.091
85 15 -0.417 -0.496 1.912
85 16 -0.319 -0.498 1.950
85 17 0.211 -0.500 2.354
85 18 0.197 -0.470 2.058
85 19 0.303 -0.376 2.250
85 20 0.269 -0.416 2.165
86 1 0.162 -0.484 2.310
86 2 0.197 -0.479 2.371
86 3 0.456 -0.437 2.477
86 4 0.638 -0.309 2.538
86 5 0.423 -0.486 2.411
86 6 0.262 -0.421 2.312
86 7 0.252 -0.501 2.137
86 8 0.213 -0.490 2.091
86 9 0.560 -0.574 2.485
86 10 0.465 -0.448 2.432
86 11 0.704 -0.406 2.374
86 12 0.753 -0.432 2.348
86 13 0.049 -0.464 2.228
86 14 -0.163 -0.384 2.075
86 15 -0.424 -0.493 1.895
86 16 -0.333 -0.492 1.916
86 17 0.211 -0.511 2.334
86 18 0.152 -0.473 2.030
86 19 0.240 -0.382 2.214
86 20 0.205 -0.425 2.127
87 1 0.198 -0.478 2.302
87 2 0.231 -0.478 2.363
87 3 0.491 -0.434 2.482
87 4 0.662 -0.310 2.547
87 5 0.429 -0.487 2.410
87 6 0.279 -0.416 2.320
87 7 0.268 -0.500 2.143
87 8 0.229 -0.489 2.098
87 9 0.584 -0.572 2.487
87 10 0.468 -0.454 2.430
87 11 0.702 -0.407 2.373
87 12 0.751 -0.430 2.345
87 13 0.118 -0.452 2.230
87 14 -0.159 -0.384 2.070
87 15 -0.419 -0.493 1.891
87 16 -0.321 -0.492 1.912
87 17 0.214 -0.515 2.326
87 18 0.130 -0.476 2.017
87 19 0.208 -0.389 2.196
87 20 0.176 -0.431 2.109
88 1 0.201 -0.472 2.289
88 2 0.237 -0.476 2.354
88 3 0.507 -0.431 2.484
88 4 0.696 -0.314 2.547
88 5 0.439 -0.487 2.410
88 6 0.297 -0.410 2.328
88 7 0.285 -0.498 2.150
88 8 0.246 -0.487 2.105
88 9 0.602 -0.569 2.489
88 10 0.472 -0.457 2.429
88 11 0.703 -0.407 2.371
88 12 0.752 -0.428 2.343
88 13 0.115 -0.447 2.201
88 14 -0.160 -0.382 2.066
88 15 -0.421 -0.491 1.886
88 16 -0.323 -0.490 1.907
88 17 0.207 -0.511 2.316
88 18 0.113 -0.479 2.007
88 19 0.189 -0.393 2.185
88 20 0.158 -0.435 2.099
89 1 0.219 -0.472 2.292
89 2 0.248 -0.475 2.353
89 3 0.522 -0.429 2.485
89 4 0.715 -0.319 2.542
89 5 0.458 -0.489 2.411
89 6 0.317 -0.408 2.334
89 7 0.306 -0.498 2.156
89 8 0.267 -0.487 2.110
89 9 0.620 -0.568 2.489
89 10 0.481 -0.460 2.429
89 11 0.708 -0.406 2.370
89 12 0.758 -0.425 2.341
89 13 0.149 -0.449 2.218
89 14 -0.149 -0.384 2.071
89 15 -0.409 -0.493 1.892
89 16 -0.299 -0.497 1.926
89 17 0.210 -0.511 2.313
89 18 0.101 -0.483 2.001
89 19 0.177 -0.396 2.179
89 20 0.146 -0.438 2.092
90 1 0.225 -0.472 2.291
90 2 0.254 -0.475 2.351
90 3 0.528 -0.429 2.485
90 4 0.726 -0.324 2.535
90 5 0.469 -0.490 2.411
90 6 0.328 -0.407 2.336
90 7 0.316 -0.499 2.158
90 8 0.278 -0.488 2.113
90 9 0.630 -0.568 2.489
90 10 0.486 -0.462 2.428
90 11 0.712 -0.406 2.368
90 12 0.763 -0.424 2.339
90 13 0.159 -0.449 2.223
90 14 -0.145 -0.384 2.072
90 15 -0.406 -0.492 1.893
90 16 -0.295 -0.498 1.927
90 17 0.215 -0.508 2.309
90 18 0.093 -0.486 1.997
90 19 0.168 -0.398 2.175
90 20 0.138 -0.440 2.088
91 1 0.229 -0.472 2.290
91 2 0.258 -0.475 2.351
91 3 0.539 -0.434 2.473
91 4 0.733 -0.329 2.527
91 5 0.485 -0.495 2.405
91 6 0.342 -0.410 2.332
91 7 0.331 -0.503 2.154
91 8 0.293 -0.492 2.109
91 9 0.643 -0.571 2.482
91 10 0.498 -0.467 2.422
91 11 0.724 -0.409 2.359
91 12 0.774 -0.426 2.330
91 13 0.162 -0.451 2.229
91 14 -0.143 -0.383 2.074
91 15 -0.403 -0.492 1.894
91 16 -0.293 -0.498 1.929
91 17 0.219 -0.507 2.307
91 18 0.083 -0.490 1.995
91 19 0.161 -0.401 2.172
91 20 0.131 -0.444 2.086
92 1 0.220 -0.466 2.344
92 2 0.256 -0.458 2.396
92 3 0.542 -0.436 2.470
92 4 0.735 -0.332 2.523
92 5 0.491 -0.498 2.403
92 6 0.348 -0.411 2.332
92 7 0.337 -0.505 2.153
92 8 0.298 -0.494 2.108
92 9 0.649 -0.572 2.480
92 10 0.502 -0.469 2.420
92 11 0.728 -0.410 2.356
92 12 0.778 -0.427 2.327
92 13 0.141 -0.447 2.357
92 14 -0.173 -0.348 2.145
92 15 -0.434 -0.457 1.965
92 16 -0.330 -0.461 1.996
92 17 0.220 -0.500 2.313
92 18 0.155 -0.556 2.023
92 19 0.240 -0.467 2.203
92 20 0.209 -0.509 2.117
93 1 0.289 -0.489 2.364
93 2 0.324 -0.476 2.415
93 3 0.603 -0.440 2.476
93 4 0.780 -0.335 2.527
93 5 0.566 -0.503 2.411
93 6 0.420 -0.416 2.339
93 7 0.410 -0.510 2.161
93 8 0.371 -0.499 2.115
93 9 0.719 -0.577 2.485
93 10 0.576 -0.471 2.427
93 11 0.802 -0.412 2.360
93 12 0.853 -0.430 2.332
93 13 0.254 -0.495 2.353
93 14 -0.103 -0.381 2.159
93 15 -0.364 -0.490 1.979
93 16 -0.266 -0.493 2.009
93 17 0.268 -0.506 2.331
93 18 0.199 -0.594 2.040
93 19 0.291 -0.507 2.224
93 20 0.261 -0.549 2.138
94 1 0.324 -0.446 2.392
94 2 0.349 -0.435 2.435
94 3 0.528 -0.436 2.449
94 4 0.726 -0.332 2.505
94 5 0.524 -0.501 2.391
94 6 0.376 -0.415 2.317
94 7 0.366 -0.509 2.139
94 8 0.327 -0.498 2.094
94 9 0.672 -0.575 2.462
94 10 0.536 -0.467 2.407
94 11 0.763 -0.409 2.339
94 12 0.814 -0.428 2.311
94 13 0.194 -0.399 2.234
94 14 -0.155 -0.342 2.160
94 15 -0.415 -0.452 1.981
94 16 -0.321 -0.455 2.010
94 17 0.221 -0.434 2.446
94 18 0.167 -0.555 2.076
94 19 0.258 -0.465 2.261
94 20 0.228 -0.504 2.173
95 1 0.384 -0.441 2.425
95 2 0.391 -0.438 2.463
95 3 0.520 -0.430 2.471
95 4 0.707 -0.328 2.513
95 5 0.508 -0.497 2.400
95 6 0.360 -0.412 2.325
95 7 0.349 -0.505 2.147
95 8 0.311 -0.494 2.102
95 9 0.655 -0.571 2.470
95 10 0.520 -0.462 2.415
95 11 0.748 -0.404 2.347
95 12 0.798 -0.423 2.319
95 13 0.272 -0.441 2.230
95 14 -0.129 -0.367 2.140
95 15 -0.390 -0.476 1.961
95 16 -0.297 -0.480 1.990
95 17 0.250 -0.462 2.484
95 18 0.179 -0.565 2.089
95 19 0.274 -0.477 2.274
95 20 0.244 -0.517 2.186
96 1 0.508 -0.441 2.514
96 2 0.506 -0.419 2.529
96 3 0.507 -0.427 2.479
96 4 0.697 -0.325 2.519
96 5 0.370 -0.469 2.386
96 6 0.246 -0.390 2.312
96 7 0.236 -0.482 2.135
96 8 0.197 -0.472 2.089
96 9 0.644 -0.569 2.475
96 10 0.510 -0.459 2.421
96 11 0.738 -0.402 2.353
96 12 0.788 -0.421 2.325
96 13 0.373 -0.395 2.210
96 14 -0.036 -0.383 2.134
96 15 -0.297 -0.492 1.954
96 16 -0.203 -0.496 1.984
96 17 0.486 -0.409 2.576
96 18 0.707 -0.477 2.261
96 19 0.797 -0.388 2.445
96 20 0.766 -0.430 2.358
97 1 0.567 -0.444 2.555
97 2 0.569 -0.407 2.563
97 3 0.501 -0.426 2.482
97 4 0.690 -0.324 2.523
97 5 0.321 -0.459 2.381
97 6 0.180 -0.377 2.305
97 7 0.169 -0.469 2.127
97 8 0.130 -0.458 2.082
97 9 0.637 -0.568 2.480
97 10 0.504 -0.458 2.426
97 11 0.731 -0.401 2.357
97 12 0.782 -0.420 2.330
97 13 0.426 -0.366 2.205
97 14 0.008 -0.389 2.129
97 15 -0.253 -0.498 1.949
97 16 -0.159 -0.503 1.979
97 17 0.533 -0.395 2.612
97 18 0.793 -0.464 2.304
97 19 0.885 -0.375 2.488
97 20 0.855 -0.417 2.401
98 1 0.565 -0.452 2.548
98 2 0.566 -0.414 2.559
98 3 0.497 -0.426 2.484
98 4 0.686 -0.324 2.526
98 5 0.294 -0.454 2.378
98 6 0.155 -0.372 2.302
98 7 0.145 -0.464 2.125
98 8 0.106 -0.454 2.079
98 9 0.633 -0.568 2.482
98 10 0.499 -0.457 2.428
98 11 0.727 -0.401 2.360
98 12 0.777 -0.420 2.332
98 13 0.424 -0.356 2.216
98 14 0.026 -0.392 2.127
98 15 -0.280 -0.511 2.219
98 16 -0.170 -0.514 2.212
98 17 0.547 -0.393 2.604
98 18 0.831 -0.448 2.319
98 19 0.921 -0.360 2.502
98 20 0.890 -0.402 2.416
99 1 0.677 -0.435 2.528
99 2 0.667 -0.447 2.501
99 3 0.588 -0.444 2.498
99 4 0.757 -0.336 2.544
99 5 0.246 -0.448 2.358
99 6 0.116 -0.367 2.289
99 7 0.106 -0.459 2.111
99 8 0.067 -0.448 2.066
99 9 0.699 -0.580 2.500
99 10 0.565 -0.470 2.445
99 11 0.792 -0.414 2.377
99 12 0.842 -0.433 2.350
99 13 0.430 -0.440 2.390
99 14 0.077 -0.418 2.182
99 15 0.022 -0.533 2.394
99 16 0.084 -0.533 2.399
99 17 0.676 -0.479 2.698
99 18 1.076 -0.543 2.548
99 19 1.167 -0.454 2.732
99 20 1.152 -0.542 2.747
100 1 0.745 -0.432 2.552
100 2 0.736 -0.426 2.549
100 3 0.680 -0.439 2.525
100 4 0.862 -0.333 2.577
100 5 0.228 -0.445 2.353
100 6 0.098 -0.364 2.283
100 7 0.088 -0.456 2.106
100 8 0.049 -0.445 2.060
100 9 0.800 -0.577 2.531
100 10 0.664 -0.467 2.475
100 11 0.892 -0.411 2.408
100 12 0.942 -0.431 2.381
100 13 0.460 -0.448 2.428
100 14 0.105 -0.430 2.213
100 15 0.066 -0.543 2.451
100 16 0.182 -0.545 2.508
100 17 0.704 -0.510 2.714
100 18 1.118 -0.593 2.621
100 19 1.208 -0.504 2.804
100 20 1.173 -0.555 2.733
101 1 0.607 -0.417 2.491
101 2 0.622 -0.444 2.511
101 3 0.743 -0.437 2.541
101 4 0.910 -0.331 2.591
101 5 0.419 -0.501 2.394
101 6 0.234 -0.407 2.311
101 7 0.224 -0.499 2.133
101 8 0.185 -0.489 2.088
101 9 0.845 -0.576 2.545
101 10 0.709 -0.466 2.489
101 11 0.937 -0.409 2.422
101 12 0.987 -0.429 2.395
101 13 0.379 -0.414 2.329
101 14 0.057 -0.425 2.186
101 15 -0.008 -0.516 2.369
101 16 0.115 -0.522 2.426
101 17 0.571 -0.415 2.579
101 18 0.774 -0.478 2.331
101 19 0.864 -0.389 2.514
101 20 0.832 -0.432 2.430
102 1 0.642 -0.419 2.488
102 2 0.647 -0.450 2.513
102 3 0.755 -0.436 2.545
102 4 0.931 -0.330 2.598
102 5 0.460 -0.445 2.463
102 6 0.305 -0.371 2.376
102 7 0.294 -0.463 2.198
102 8 0.256 -0.452 2.153
102 9 0.866 -0.575 2.551
102 10 0.730 -0.465 2.496
102 11 0.957 -0.409 2.429
102 12 1.008 -0.429 2.401
102 13 0.391 -0.405 2.326
102 14 0.042 -0.415 2.173
102 15 -0.015 -0.514 2.358
102 16 0.109 -0.518 2.415
102 17 0.624 -0.460 2.571
102 18 0.798 -0.478 2.329
102 19 0.888 -0.389 2.513
102 20 0.855 -0.432 2.428
103 1 0.619 -0.425 2.473
103 2 0.628 -0.460 2.506
103 3 0.773 -0.440 2.547
103 4 0.947 -0.331 2.603
103 5 0.509 -0.433 2.497
103 6 0.355 -0.352 2.415
103 7 0.345 -0.444 2.237
103 8 0.306 -0.433 2.192
103 9 0.881 -0.576 2.556
103 10 0.745 -0.466 2.500
103 11 0.972 -0.410 2.433
103 12 1.023 -0.429 2.405
103 13 0.381 -0.396 2.307
103 14 0.032 -0.411 2.165
103 15 -0.258 -0.513 2.283
103 16 -0.356 -0.504 2.289
103 17 0.606 -0.472 2.532
103 18 0.738 -0.459 2.276
103 19 0.828 -0.370 2.459
103 20 0.794 -0.411 2.368
104 1 0.375 -0.488 2.329
104 2 0.392 -0.507 2.372
104 3 0.557 -0.457 2.442
104 4 0.774 -0.348 2.512
104 5 0.517 -0.426 2.506
104 6 0.375 -0.346 2.430
104 7 0.365 -0.438 2.252
104 8 0.326 -0.427 2.207
104 9 0.711 -0.592 2.466
104 10 0.575 -0.483 2.411
104 11 0.802 -0.426 2.344
104 12 0.853 -0.446 2.316
104 13 0.278 -0.441 2.211
104 14 -0.076 -0.408 2.117
104 15 -0.280 -0.509 2.279
104 16 -0.386 -0.499 2.289
104 17 0.281 -0.566 2.321
104 18 0.199 -0.614 1.954
104 19 0.289 -0.525 2.137
104 20 0.259 -0.561 2.047
105 1 0.673 -0.441 2.532
105 2 0.674 -0.434 2.558
105 3 0.682 -0.439 2.519
105 4 0.834 -0.338 2.550
105 5 0.515 -0.422 2.508
105 6 0.387 -0.341 2.439
105 7 0.376 -0.434 2.261
105 8 0.338 -0.423 2.216
105 9 0.770 -0.583 2.504
105 10 0.635 -0.473 2.449
105 11 0.862 -0.417 2.382
105 12 0.912 -0.436 2.354
105 13 0.463 -0.474 2.392
105 14 0.068 -0.425 2.197
105 15 0.027 -0.543 2.396
105 16 -0.106 -0.525 2.355
105 17 0.666 -0.535 2.704
105 18 1.001 -0.609 2.563
105 19 1.091 -0.520 2.746
105 20 1.061 -0.562 2.660
106 1 0.412 -0.456 2.423
106 2 0.441 -0.463 2.463
106 3 0.614 -0.439 2.493
106 4 0.808 -0.336 2.544
106 5 0.513 -0.419 2.511
106 6 0.386 -0.337 2.442
106 7 0.376 -0.430 2.265
106 8 0.337 -0.419 2.219
106 9 0.745 -0.580 2.499
106 10 0.609 -0.471 2.443
106 11 0.837 -0.414 2.376
106 12 0.887 -0.434 2.349
106 13 0.270 -0.430 2.282
106 14 -0.062 -0.408 2.138
106 15 -0.274 -0.510 2.288
106 16 -0.389 -0.502 2.285
106 17 0.321 -0.519 2.491
106 18 0.269 -0.543 2.146
106 19 0.359 -0.455 2.329
106 20 0.330 -0.497 2.242
107 1 0.563 -0.439 2.482
107 2 0.570 -0.454 2.513
107 3 0.676 -0.433 2.526
107 4 0.845 -0.330 2.568
107 5 0.506 -0.417 2.509
107 6 0.378 -0.335 2.440
107 7 0.368 -0.427 2.263
107 8 0.329 -0.417 2.217
107 9 0.782 -0.574 2.523
107 10 0.647 -0.464 2.467
107 11 0.874 -0.408 2.400
107 12 0.924 -0.428 2.372
107 13 0.352 -0.409 2.298
107 14 -0.046 -0.402 2.140
107 15 -0.305 -0.509 2.267
107 16 -0.433 -0.498 2.271
107 17 0.537 -0.490 2.558
107 18 0.643 -0.482 2.279
107 19 0.734 -0.393 2.463
107 20 0.703 -0.435 2.376
108 1 0.608 -0.460 2.500
108 2 0.607 -0.468 2.531
108 3 0.693 -0.431 2.537
108 4 0.865 -0.327 2.581
108 5 0.496 -0.417 2.504
108 6 0.368 -0.334 2.436
108 7 0.358 -0.426 2.259
108 8 0.319 -0.416 2.214
108 9 0.803 -0.571 2.535
108 10 0.667 -0.461 2.480
108 11 0.894 -0.405 2.413
108 12 0.945 -0.424 2.385
108 13 0.419 -0.456 2.295
108 14 0.024 -0.415 2.153
108 15 -0.328 -0.507 2.255
108 16 -0.306 -0.537 2.196
108 17 0.608 -0.545 2.570
108 18 0.896 -0.598 2.357
108 19 0.986 -0.509 2.540
108 20 0.955 -0.552 2.454
109 1 0.650 -0.464 2.517
109 2 0.650 -0.473 2.548
109 3 0.709 -0.429 2.545
109 4 0.877 -0.325 2.588
109 5 0.489 -0.418 2.500
109 6 0.359 -0.334 2.432
109 7 0.349 -0.426 2.255
109 8 0.310 -0.415 2.209
109 9 0.815 -0.570 2.542
109 10 0.679 -0.460 2.487
109 11 0.907 -0.403 2.420
109 12 0.957 -0.423 2.392
109 13 0.440 -0.459 2.296
109 14 0.047 -0.417 2.157
109 15 -0.334 -0.506 2.251
109 16 -0.316 -0.543 2.171
109 17 0.645 -0.541 2.592
109 18 0.956 -0.586 2.398
109 19 1.046 -0.498 2.582
109 20 1.015 -0.541 2.496
110 1 0.717 -0.458 2.557
110 2 0.716 -0.455 2.583
110 3 0.728 -0.430 2.551
110 4 0.894 -0.324 2.595
110 5 0.485 -0.418 2.498
110 6 0.352 -0.334 2.429
110 7 0.342 -0.426 2.251
110 8 0.303 -0.416 2.206
110 9 0.831 -0.569 2.549
110 10 0.695 -0.459 2.494
110 11 0.923 -0.403 2.427
110 12 0.973 -0.422 2.399
110 13 0.485 -0.481 2.360
110 14 0.111 -0.427 2.199
110 15 -0.333 -0.506 2.248
110 16 -0.303 -0.553 2.157
110 17 0.708 -0.540 2.691
110 18 1.112 -0.609 2.566
110 19 1.202 -0.521 2.750
110 20 1.172 -0.564 2.664
111 1 0.641 -0.450 2.503
111 2 0.652 -0.464 2.532
111 3 0.741 -0.435 2.550
111 4 0.906 -0.327 2.597
111 5 0.482 -0.419 2.496
111 6 0.347 -0.334 2.426
111 7 0.337 -0.427 2.248
111 8 0.298 -0.416 2.203
111 9 0.844 -0.572 2.551
111 10 0.708 -0.462 2.496
111 11 0.935 -0.406 2.429
111 12 0.986 -0.425 2.401
111 13 0.408 -0.408 2.321
111 14 0.074 -0.409 2.183
111 15 -0.329 -0.506 2.247
111 16 -0.351 -0.530 2.205
111 17 0.612 -0.498 2.582
111 18 0.788 -0.481 2.334
111 19 0.878 -0.392 2.518
111 20 0.845 -0.436 2.433
112 1 0.644 -0.441 2.505
112 2 0.656 -0.457 2.533
112 3 0.747 -0.436 2.552
112 4 0.913 -0.328 2.600
112 5 0.480 -0.419 2.495
112 6 0.343 -0.335 2.423
112 7 0.332 -0.427 2.246
112 8 0.293 -0.417 2.200
112 9 0.850 -0.572 2.554
112 10 0.715 -0.463 2.498
112 11 0.942 -0.406 2.431
112 12 0.993 -0.426 2.404
112 13 0.410 -0.398 2.324
112 14 0.056 -0.402 2.175
112 15 -0.318 -0.507 2.250
112 16 -0.381 -0.516 2.237
112 17 0.618 -0.478 2.582
112 18 0.790 -0.470 2.333
112 19 0.881 -0.381 2.516
112 20 0.846 -0.426 2.433
113 1 0.647 -0.446 2.502
113 2 0.654 -0.460 2.529
113 3 0.751 -0.437 2.553
113 4 0.918 -0.328 2.601
113 5 0.479 -0.420 2.494
113 6 0.339 -0.335 2.421
113 7 0.329 -0.428 2.244
113 8 0.290 -0.417 2.198
113 9 0.855 -0.573 2.555
113 10 0.719 -0.463 2.500
113 11 0.947 -0.407 2.433
113 12 0.997 -0.426 2.405
113 13 0.419 -0.427 2.310
113 14 0.056 -0.400 2.174
113 15 -0.310 -0.508 2.252
113 16 -0.299 -0.539 2.205
113 17 0.645 -0.509 2.565
113 18 0.916 -0.565 2.358
113 19 1.006 -0.476 2.542
113 20 0.974 -0.520 2.457
114 1 0.679 -0.442 2.528
114 2 0.681 -0.446 2.554
114 3 0.748 -0.436 2.551
114 4 0.920 -0.328 2.602
114 5 0.478 -0.420 2.493
114 6 0.337 -0.336 2.420
114 7 0.327 -0.428 2.242
114 8 0.288 -0.417 2.197
114 9 0.858 -0.573 2.556
114 10 0.722 -0.463 2.501
114 11 0.949 -0.407 2.434
114 12 1.000 -0.426 2.406
114 13 0.470 -0.461 2.379
114 14 0.106 -0.415 2.206
114 15 -0.306 -0.508 2.254
114 16 -0.293 -0.545 2.197
114 17 0.681 -0.528 2.672
114 18 1.016 -0.592 2.519
114 19 1.106 -0.503 2.702
114 20 1.074 -0.546 2.616
115 1 0.617 -0.434 2.467
115 2 0.629 -0.448 2.498
115 3 0.745 -0.435 2.550
115 4 0.922 -0.328 2.603
115 5 0.477 -0.420 2.492
115 6 0.335 -0.336 2.419
115 7 0.325 -0.428 2.241
115 8 0.286 -0.418 2.196
115 9 0.859 -0.573 2.557
115 10 0.724 -0.463 2.501
115 11 0.951 -0.406 2.434
115 12 1.001 -0.426 2.407
115 13 0.407 -0.409 2.319
115 14 0.060 -0.403 2.177
115 15 -0.304 -0.508 2.255
115 16 -0.347 -0.526 2.237
115 17 0.646 -0.493 2.489
115 18 0.854 -0.502 2.265
115 19 0.944 -0.413 2.449
115 20 0.891 -0.461 2.380
116 1 0.591 -0.431 2.441
116 2 0.602 -0.450 2.471
116 3 0.740 -0.434 2.548
116 4 0.922 -0.328 2.603
116 5 0.477 -0.421 2.492
116 6 0.334 -0.336 2.418
116 7 0.324 -0.429 2.240
116 8 0.285 -0.418 2.195
116 9 0.859 -0.572 2.557
116 10 0.724 -0.463 2.501
116 11 0.951 -0.406 2.434
116 12 1.001 -0.426 2.407
116 13 0.390 -0.395 2.307
116 14 0.032 -0.395 2.162
116 15 -0.302 -0.509 2.256
116 16 -0.375 -0.516 2.255
116 17 0.643 -0.491 2.457
116 18 0.839 -0.489 2.227
116 19 0.929 -0.401 2.411
116 20 0.870 -0.450 2.345
117 1 0.575 -0.429 2.426
117 2 0.589 -0.451 2.457
117 3 0.738 -0.434 2.548
117 4 0.923 -0.328 2.603
117 5 0.476 -0.421 2.491
117 6 0.333 -0.336 2.417
117 7 0.323 -0.429 2.240
117 8 0.284 -0.418 2.195
117 9 0.860 -0.572 2.557
117 10 0.724 -0.463 2.501
117 11 0.952 -0.406 2.434
117 12 1.002 -0.426 2.407
117 13 0.374 -0.383 2.295
117 14 0.017 -0.391 2.154
117 15 -0.303 -0.510 2.262
117 16 -0.410 -0.513 2.278
117 17 0.634 -0.484 2.412
117 18 0.806 -0.468 2.171
117 19 0.896 -0.379 2.355
117 20 0.831 -0.430 2.294
118 1 0.368 -0.472 2.375
118 2 0.403 -0.483 2.414
118 3 0.626 -0.446 2.496
118 4 0.829 -0.337 2.559
118 5 0.476 -0.421 2.491
118 6 0.333 -0.337 2.417
118 7 0.322 -0.429 2.239
118 8 0.284 -0.418 2.194
118 9 0.766 -0.582 2.513
118 10 0.631 -0.472 2.457
118 11 0.858 -0.416 2.390
118 12 0.908 -0.435 2.363
118 13 0.276 -0.425 2.311
118 14 -0.062 -0.392 2.129
118 15 -0.302 -0.510 2.263
118 16 -0.420 -0.511 2.285
118 17 0.313 -0.526 2.352
118 18 0.245 -0.603 2.052
118 19 0.335 -0.515 2.235
118 20 0.304 -0.557 2.155
119 1 0.468 -0.438 2.407
119 2 0.491 -0.457 2.445
119 3 0.678 -0.438 2.524
119 4 0.832 -0.336 2.561
119 5 0.554 -0.410 2.532
119 6 0.408 -0.327 2.456
119 7 0.398 -0.419 2.279
119 8 0.359 -0.408 2.234
119 9 0.769 -0.581 2.515
119 10 0.633 -0.471 2.460
119 11 0.861 -0.414 2.393
119 12 0.911 -0.434 2.365
119 13 0.337 -0.388 2.324
119 14 -0.058 -0.389 2.133
119 15 -0.301 -0.510 2.263
119 16 -0.425 -0.509 2.289
119 17 0.470 -0.485 2.411
119 18 0.686 -0.474 2.242
119 19 0.777 -0.386 2.425
119 20 0.732 -0.430 2.346
120 1 0.471 -0.436 2.409
120 2 0.492 -0.455 2.447
120 3 0.683 -0.437 2.527
120 4 0.844 -0.334 2.568
120 5 0.594 -0.405 2.553
120 6 0.446 -0.322 2.476
120 7 0.435 -0.414 2.299
120 8 0.397 -0.403 2.253
120 9 0.781 -0.578 2.522
120 10 0.645 -0.469 2.466
120 11 0.873 -0.412 2.400
120 12 0.923 -0.432 2.372
120 13 0.343 -0.382 2.327
120 14 -0.039 -0.387 2.141
120 15 -0.054 -0.510 2.336
120 16 -0.192 -0.500 2.317
120 17 0.467 -0.484 2.416
120 18 0.682 -0.469 2.247
120 19 0.772 -0.380 2.431
120 20 0.728 -0.424 2.351
121 1 0.476 -0.433 2.414
121 2 0.501 -0.451 2.454
121 3 0.701 -0.433 2.537
121 4 0.861 -0.330 2.577
121 5 0.614 -0.402 2.563
121 6 0.465 -0.318 2.486
121 7 0.455 -0.411 2.309
121 8 0.416 -0.400 2.264
121 9 0.799 -0.575 2.531
121 10 0.663 -0.465 2.476
121 11 0.890 -0.409 2.409
121 12 0.941 -0.428 2.381
121 13 0.372 -0.376 2.331
121 14 -0.018 -0.387 2.150
121 15 -0.004 -0.510 2.352
121 16 -0.113 -0.506 2.338
121 17 0.466 -0.481 2.426
121 18 0.698 -0.456 2.270
121 19 0.789 -0.368 2.453
121 20 0.747 -0.410 2.371
122 1 0.499 -0.429 2.425
122 2 0.522 -0.448 2.463
122 3 0.713 -0.431 2.543
122 4 0.876 -0.327 2.585
122 5 0.625 -0.400 2.570
122 6 0.477 -0.317 2.492
122 7 0.466 -0.409 2.315
122 8 0.427 -0.398 2.270
122 9 0.814 -0.572 2.539
122 10 0.678 -0.462 2.484
122 11 0.905 -0.406 2.417
122 12 0.956 -0.425 2.389
122 13 0.384 -0.374 2.333
122 14 -0.004 -0.387 2.156
122 15 0.027 -0.510 2.361
122 16 -0.072 -0.510 2.343
122 17 0.482 -0.478 2.442
122 18 0.748 -0.448 2.296
122 19 0.838 -0.359 2.479
122 20 0.797 -0.402 2.397
123 1 0.508 -0.426 2.429
123 2 0.530 -0.444 2.467
123 3 0.720 -0.419 2.554
123 4 0.888 -0.317 2.596
123 5 0.632 -0.394 2.577
123 6 0.483 -0.311 2.499
123 7 0.473 -0.403 2.322
123 8 0.434 -0.392 2.277
123 9 0.825 -0.562 2.551
123 10 0.689 -0.452 2.495
123 11 0.916 -0.396 2.428
123 12 0.967 -0.415 2.400
123 13 0.389 -0.372 2.334
123 14 0.004 -0.384 2.160
123 15 -0.261 -0.512 2.271
123 16 -0.228 -0.558 2.216
123 17 0.495 -0.476 2.450
123 18 0.770 -0.444 2.307
123 19 0.860 -0.355 2.491
123 20 0.818 -0.398 2.408
124 1 0.359 -0.471 2.332
124 2 0.382 -0.485 2.372
124 3 0.567 -0.445 2.457
124 4 0.781 -0.332 2.530
124 5 0.513 -0.414 2.512
124 6 0.399 -0.324 2.454
124 7 0.389 -0.416 2.277
124 8 0.350 -0.406 2.231
124 9 0.718 -0.577 2.484
124 10 0.583 -0.467 2.429
124 11 0.810 -0.411 2.362
124 12 0.860 -0.430 2.334
124 13 0.296 -0.427 2.269
124 14 -0.059 -0.386 2.132
124 15 -0.147 -0.520 2.291
124 16 -0.187 -0.530 2.248
124 17 0.293 -0.527 2.313
124 18 0.192 -0.609 1.960
124 19 0.282 -0.521 2.143
124 20 0.250 -0.560 2.057
125 1 0.473 -0.441 2.489
125 2 0.484 -0.421 2.493
125 3 0.525 -0.439 2.476
125 4 0.708 -0.333 2.529
125 5 0.364 -0.450 2.418
125 6 0.248 -0.358 2.362
125 7 0.237 -0.450 2.185
125 8 0.199 -0.440 2.139
125 9 0.645 -0.578 2.483
125 10 0.509 -0.468 2.427
125 11 0.736 -0.412 2.360
125 12 0.787 -0.431 2.333
125 13 0.437 -0.430 2.371
125 14 0.040 -0.397 2.182
125 15 -0.266 -0.514 2.268
125 16 -0.283 -0.570 2.237
125 17 0.637 -0.469 2.535
125 18 0.871 -0.595 2.375
125 19 0.962 -0.506 2.558
125 20 0.931 -0.548 2.472
126 1 0.321 -0.448 2.409
126 2 0.348 -0.447 2.442
126 3 0.486 -0.442 2.474
126 4 0.679 -0.335 2.526
126 5 0.449 -0.427 2.477
126 6 0.269 -0.351 2.380
126 7 0.259 -0.444 2.202
126 8 0.220 -0.433 2.157
126 9 0.617 -0.579 2.480
126 10 0.481 -0.470 2.424
126 11 0.708 -0.413 2.357
126 12 0.759 -0.433 2.330
126 13 0.268 -0.421 2.328
126 14 -0.042 -0.400 2.148
126 15 -0.332 -0.510 2.257
126 16 -0.394 -0.535 2.251
126 17 0.258 -0.478 2.404
126 18 0.263 -0.538 2.118
126 19 0.353 -0.449 2.301
126 20 0.321 -0.492 2.216
127 1 0.427 -0.424 2.408
127 2 0.412 -0.441 2.428
127 3 0.479 -0.442 2.478
127 4 0.663 -0.335 2.523
127 5 0.447 -0.427 2.478
127 6 0.267 -0.351 2.381
127 7 0.257 -0.443 2.203
127 8 0.218 -0.432 2.158
127 9 0.600 -0.580 2.478
127 10 0.465 -0.470 2.422
127 11 0.692 -0.414 2.355
127 12 0.742 -0.433 2.327
127 13 0.332 -0.367 2.304
127 14 -0.043 -0.397 2.145
127 15 -0.339 -0.509 2.256
127 16 -0.284 -0.568 2.247
127 17 0.479 -0.475 2.406
127 18 0.711 -0.479 2.250
127 19 0.801 -0.390 2.434
127 20 0.748 -0.434 2.357
128 1 0.503 -0.438 2.470
128 2 0.489 -0.463 2.467
128 3 0.478 -0.442 2.481
128 4 0.654 -0.335 2.524
128 5 0.348 -0.453 2.410
128 6 0.194 -0.371 2.328
128 7 0.184 -0.463 2.151
128 8 0.145 -0.452 2.105
128 9 0.591 -0.580 2.478
128 10 0.455 -0.470 2.423
128 11 0.683 -0.414 2.356
128 12 0.733 -0.434 2.328
128 13 0.453 -0.432 2.339
128 14 0.051 -0.409 2.175
128 15 -0.344 -0.508 2.260
128 16 -0.347 -0.577 2.251
128 17 0.693 -0.481 2.507
128 18 0.909 -0.598 2.333
128 19 0.999 -0.510 2.516
128 20 1.006 -0.595 2.508
129 1 0.525 -0.424 2.476
129 2 0.510 -0.459 2.465
129 3 0.477 -0.442 2.485
129 4 0.653 -0.335 2.527
129 5 0.307 -0.465 2.379
129 6 0.169 -0.378 2.311
129 7 0.159 -0.470 2.133
129 8 0.120 -0.459 2.088
129 9 0.590 -0.580 2.482
129 10 0.454 -0.470 2.426
129 11 0.681 -0.414 2.359
129 12 0.732 -0.433 2.332
129 13 0.447 -0.377 2.312
129 14 0.067 -0.404 2.177
129 15 -0.345 -0.508 2.262
129 16 -0.340 -0.589 2.260
129 17 0.634 -0.427 2.481
129 18 0.847 -0.521 2.283
129 19 0.938 -0.433 2.466
129 20 0.939 -0.526 2.472
130 1 0.541 -0.421 2.483
130 2 0.528 -0.459 2.467
130 3 0.499 -0.441 2.492
130 4 0.663 -0.335 2.534
130 5 0.292 -0.469 2.369
130 6 0.156 -0.381 2.302
130 7 0.146 -0.474 2.124
130 8 0.107 -0.463 2.079
130 9 0.600 -0.580 2.488
130 10 0.465 -0.470 2.432
130 11 0.692 -0.414 2.365
130 12 0.742 -0.433 2.338
130 13 0.414 -0.337 2.312
130 14 0.061 -0.394 2.173
130 15 -0.334 -0.508 2.262
130 16 -0.383 -0.545 2.273
130 17 0.632 -0.413 2.484
130 18 0.843 -0.497 2.268
130 19 0.933 -0.408 2.452
130 20 0.932 -0.505 2.465
131 1 0.542 -0.418 2.477
131 2 0.534 -0.459 2.467
131 3 0.513 -0.440 2.495
131 4 0.675 -0.334 2.539
131 5 0.351 -0.443 2.413
131 6 0.184 -0.367 2.323
131 7 0.173 -0.460 2.145
131 8 0.134 -0.449 2.100
131 9 0.612 -0.579 2.493
131 10 0.476 -0.469 2.437
131 11 0.704 -0.413 2.370
131 12 0.754 -0.432 2.343
131 13 0.380 -0.329 2.284
131 14 0.019 -0.386 2.152
131 15 -0.318 -0.510 2.262
131 16 -0.398 -0.530 2.277
131 17 0.627 -0.424 2.482
131 18 0.849 -0.475 2.257
131 19 0.939 -0.387 2.441
131 20 0.944 -0.487 2.459
132 1 0.550 -0.416 2.483
132 2 0.539 -0.456 2.465
132 3 0.518 -0.441 2.497
132 4 0.681 -0.335 2.542
132 5 0.326 -0.451 2.395
132 6 0.181 -0.367 2.321
132 7 0.171 -0.460 2.144
132 8 0.132 -0.449 2.099
132 9 0.619 -0.579 2.496
132 10 0.483 -0.470 2.440
132 11 0.710 -0.413 2.373
132 12 0.761 -0.433 2.346
132 13 0.457 -0.309 2.360
132 14 0.073 -0.350 2.198
132 15 -0.098 -0.488 2.414
132 16 -0.162 -0.489 2.405
132 17 0.644 -0.385 2.510
132 18 0.811 -0.466 2.258
132 19 0.901 -0.378 2.441
132 20 0.909 -0.471 2.484
133 1 0.545 -0.424 2.489
133 2 0.536 -0.460 2.469
133 3 0.521 -0.441 2.498
133 4 0.686 -0.335 2.543
133 5 0.325 -0.452 2.395
133 6 0.180 -0.368 2.320
133 7 0.170 -0.460 2.143
133 8 0.131 -0.449 2.098
133 9 0.623 -0.580 2.498
133 10 0.488 -0.470 2.442
133 11 0.715 -0.414 2.375
133 12 0.765 -0.433 2.347
133 13 0.484 -0.398 2.366
133 14 0.108 -0.367 2.210
133 15 -0.276 -0.504 2.286
133 16 -0.321 -0.482 2.247
133 17 0.699 -0.446 2.544
133 18 0.922 -0.568 2.340
133 19 1.012 -0.479 2.524
133 20 1.013 -0.561 2.542
134 1 0.537 -0.426 2.490
134 2 0.532 -0.460 2.470
134 3 0.523 -0.441 2.498
134 4 0.689 -0.335 2.545
134 5 0.324 -0.453 2.394
134 6 0.179 -0.368 2.320
134 7 0.169 -0.460 2.142
134 8 0.130 -0.450 2.097
134 9 0.627 -0.580 2.499
134 10 0.491 -0.470 2.443
134 11 0.718 -0.414 2.376
134 12 0.769 -0.433 2.349
134 13 0.432 -0.353 2.332
134 14 0.086 -0.369 2.195
134 15 -0.271 -0.505 2.283
134 16 -0.330 -0.472 2.216
134 17 0.612 -0.418 2.514
134 18 0.814 -0.511 2.293
134 19 0.904 -0.422 2.476
134 20 0.907 -0.507 2.495
135 1 0.234 -0.462 2.375
135 2 0.258 -0.462 2.409
135 3 0.438 -0.453 2.454
135 4 0.626 -0.345 2.511
135 5 0.423 -0.495 2.405
135 6 0.261 -0.405 2.327
135 7 0.251 -0.497 2.150
135 8 0.212 -0.486 2.104
135 9 0.563 -0.589 2.465
135 10 0.428 -0.480 2.410
135 11 0.655 -0.423 2.343
135 12 0.705 -0.443 2.315
135 13 0.196 -0.435 2.328
135 14 -0.093 -0.397 2.118
135 15 -0.288 -0.506 2.270
135 16 -0.389 -0.503 2.252
135 17 0.190 -0.487 2.372
135 18 -0.028 -0.574 2.080
135 19 0.062 -0.485 2.263
135 20 0.019 -0.527 2.186
136 1 0.545 -0.425 2.480
136 2 0.511 -0.450 2.468
136 3 0.395 -0.432 2.469
136 4 0.586 -0.330 2.519
136 5 0.463 -0.513 2.408
136 6 0.306 -0.425 2.331
136 7 0.295 -0.517 2.154
136 8 0.256 -0.506 2.108
136 9 0.523 -0.575 2.473
136 10 0.388 -0.465 2.417
136 11 0.615 -0.409 2.350
136 12 0.665 -0.428 2.323
136 13 0.514 -0.401 2.377
136 14 0.110 -0.400 2.196
136 15 -0.303 -0.504 2.260
136 16 -0.337 -0.559 2.256
136 17 0.662 -0.449 2.584
136 18 0.864 -0.592 2.392
136 19 0.954 -0.503 2.575
136 20 0.945 -0.517 2.499
137 1 0.301 -0.490 2.350
137 2 0.299 -0.475 2.386
137 3 0.375 -0.427 2.470
137 4 0.570 -0.326 2.519
137 5 0.491 -0.526 2.408
137 6 0.329 -0.436 2.331
137 7 0.319 -0.528 2.154
137 8 0.280 -0.517 2.108
137 9 0.507 -0.571 2.473
137 10 0.371 -0.461 2.418
137 11 0.599 -0.405 2.351
137 12 0.649 -0.424 2.323
137 13 0.283 -0.492 2.275
137 14 -0.042 -0.414 2.133
137 15 -0.310 -0.505 2.251
137 16 -0.282 -0.566 2.223
137 17 0.254 -0.531 2.354
137 18 0.293 -0.675 2.074
137 19 0.384 -0.587 2.257
137 20 0.422 -0.603 2.215
138 1 0.435 -0.392 2.423
138 2 0.417 -0.416 2.413
138 3 0.364 -0.425 2.470
138 4 0.560 -0.324 2.520
138 5 0.365 -0.479 2.394
138 6 0.255 -0.410 2.321
138 7 0.245 -0.502 2.144
138 8 0.206 -0.491 2.098
138 9 0.497 -0.569 2.474
138 10 0.362 -0.459 2.418
138 11 0.589 -0.402 2.351
138 12 0.639 -0.422 2.324
138 13 0.404 -0.345 2.313
138 14 0.000 -0.388 2.148
138 15 -0.315 -0.506 2.245
138 16 -0.272 -0.586 2.250
138 17 0.560 -0.388 2.481
138 18 0.677 -0.515 2.232
138 19 0.767 -0.426 2.415
138 20 0.681 -0.416 2.413
139 1 0.424 -0.401 2.409
139 2 0.408 -0.421 2.403
139 3 0.360 -0.423 2.471
139 4 0.553 -0.322 2.520
139 5 0.315 -0.458 2.379
139 6 0.173 -0.377 2.304
139 7 0.162 -0.470 2.127
139 8 0.124 -0.459 2.081
139 9 0.491 -0.567 2.474
139 10 0.355 -0.457 2.418
139 11 0.582 -0.401 2.352
139 12 0.633 -0.420 2.324
139 13 0.403 -0.369 2.294
139 14 0.014 -0.386 2.152
139 15 -0.316 -0.506 2.242
139 16 -0.267 -0.600 2.261
139 17 0.564 -0.418 2.456
139 18 0.713 -0.517 2.211
139 19 0.804 -0.428 2.394
139 20 0.739 -0.416 2.395
140 1 0.537 -0.447 2.447
140 2 0.501 -0.467 2.436
140 3 0.363 -0.422 2.473
140 4 0.550 -0.321 2.521
140 5 0.264 -0.442 2.367
140 6 0.129 -0.362 2.293
140 7 0.118 -0.455 2.116
140 8 0.080 -0.444 2.071
140 9 0.487 -0.565 2.475
140 10 0.352 -0.456 2.419
140 11 0.579 -0.399 2.352
140 12 0.629 -0.419 2.325
140 13 0.505 -0.415 2.338
140 14 0.107 -0.404 2.187
140 15 -0.316 -0.506 2.248
140 16 -0.272 -0.607 2.269
140 17 0.720 -0.514 2.519
140 18 0.956 -0.595 2.346
140 19 1.047 -0.506 2.530
140 20 0.942 -0.510 2.528
141 1 0.587 -0.460 2.466
141 2 0.543 -0.484 2.451
141 3 0.364 -0.420 2.476
141 4 0.547 -0.319 2.522
141 5 0.241 -0.433 2.362
141 6 0.109 -0.355 2.289
141 7 0.098 -0.447 2.111
141 8 0.059 -0.436 2.066
141 9 0.485 -0.564 2.477
141 10 0.349 -0.454 2.421
141 11 0.576 -0.398 2.354
141 12 0.627 -0.417 2.326
141 13 0.560 -0.425 2.366
141 14 0.181 -0.415 2.220
141 15 -0.315 -0.506 2.253
141 16 -0.278 -0.609 2.275
141 17 0.780 -0.534 2.539
141 18 1.078 -0.618 2.414
141 19 1.169 -0.530 2.597
141 20 1.048 -0.527 2.595
142 1 0.244 -0.421 2.381
142 2 0.254 -0.430 2.420
142 3 0.364 -0.419 2.478
142 4 0.546 -0.317 2.524
142 5 0.291 -0.449 2.382
142 6 0.118 -0.357 2.296
142 7 0.108 -0.449 2.118
142 8 0.069 -0.439 2.073
142 9 0.483 -0.562 2.478
142 10 0.348 -0.452 2.423
142 11 0.575 -0.396 2.356
142 12 0.625 -0.415 2.328
142 13 0.197 -0.399 2.306
142 14 -0.066 -0.401 2.126
142 15 -0.313 -0.506 2.256
142 16 -0.354 -0.550 2.271
142 17 0.187 -0.444 2.376
142 18 0.084 -0.513 2.064
142 19 0.175 -0.425 2.247
142 20 0.075 -0.433 2.235
143 1 0.465 -0.425 2.433
143 2 0.488 -0.424 2.478
143 3 0.696 -0.425 2.545
143 4 0.838 -0.319 2.588
143 5 0.615 -0.467 2.447
143 6 0.468 -0.383 2.370
143 7 0.458 -0.475 2.192
143 8 0.419 -0.465 2.147
143 9 0.775 -0.563 2.542
143 10 0.640 -0.454 2.487
143 11 0.867 -0.397 2.420
143 12 0.917 -0.417 2.392
143 13 0.361 -0.408 2.338
143 14 0.005 -0.408 2.154
143 15 -0.311 -0.506 2.258
143 16 -0.396 -0.515 2.267
143 17 0.462 -0.448 2.469
143 18 0.652 -0.477 2.271
143 19 0.743 -0.389 2.454
143 20 0.681 -0.392 2.451
144 1 0.467 -0.421 2.433
144 2 0.495 -0.415 2.489
144 3 0.745 -0.425 2.556
144 4 0.924 -0.318 2.608
144 5 0.696 -0.471 2.465
144 6 0.546 -0.387 2.387
144 7 0.535 -0.479 2.209
144 8 0.497 -0.468 2.164
144 9 0.861 -0.563 2.562
144 10 0.725 -0.454 2.506
144 11 0.952 -0.397 2.439
144 12 1.003 -0.417 2.412
144 13 0.360 -0.405 2.338
144 14 -0.001 -0.407 2.152
144 15 -0.309 -0.507 2.259
144 16 -0.414 -0.501 2.266
144 17 0.459 -0.437 2.473
144 18 0.651 -0.457 2.273
144 19 0.742 -0.368 2.456
144 20 0.642 -0.380 2.443
145 1 0.530 -0.469 2.486
145 2 0.555 -0.444 2.533
145 3 0.765 -0.429 2.559
145 4 0.976 -0.319 2.619
145 5 0.760 -0.477 2.477
145 6 0.611 -0.393 2.400
145 7 0.600 -0.485 2.223
145 8 0.562 -0.475 2.177
145 9 0.913 -0.564 2.573
145 10 0.778 -0.454 2.518
145 11 1.005 -0.398 2.451
145 12 1.055 -0.417 2.423
145 13 0.386 -0.451 2.381
145 14 0.021 -0.414 2.176
145 15 -0.308 -0.507 2.260
145 16 -0.309 -0.541 2.210
145 17 0.559 -0.537 2.569
145 18 0.889 -0.582 2.401
145 19 0.979 -0.494 2.584
145 20 0.912 -0.513 2.577
146 1 0.601 -0.467 2.553
146 2 0.630 -0.437 2.589
146 3 0.766 -0.429 2.559
146 4 0.986 -0.320 2.621
146 5 0.763 -0.479 2.477
146 6 0.616 -0.395 2.401
146 7 0.606 -0.487 2.223
146 8 0.567 -0.477 2.178
146 9 0.923 -0.565 2.575
146 10 0.787 -0.455 2.519
146 11 1.015 -0.399 2.453
146 12 1.065 -0.418 2.425
146 13 0.428 -0.440 2.457
146 14 0.076 -0.382 2.246
146 15 -0.306 -0.507 2.261
146 16 -0.307 -0.555 2.200
146 17 0.626 -0.517 2.653
146 18 0.964 -0.596 2.447
146 19 1.054 -0.508 2.630
146 20 0.957 -0.508 2.606
147 1 0.342 -0.440 2.410
147 2 0.381 -0.426 2.452
147 3 0.642 -0.433 2.505
147 4 0.862 -0.325 2.570
147 5 0.639 -0.483 2.426
147 6 0.492 -0.400 2.350
147 7 0.482 -0.492 2.172
147 8 0.443 -0.481 2.127
147 9 0.799 -0.570 2.524
147 10 0.663 -0.461 2.468
147 11 0.890 -0.404 2.401
147 12 0.941 -0.424 2.374
147 13 0.281 -0.428 2.356
147 14 -0.034 -0.385 2.180
147 15 -0.305 -0.508 2.261
147 16 -0.369 -0.524 2.244
147 17 0.275 -0.456 2.426
147 18 0.273 -0.529 2.144
147 19 0.363 -0.441 2.327
147 20 0.227 -0.446 2.308
148 1 0.431 -0.440 2.447
148 2 0.462 -0.426 2.486
148 3 0.668 -0.446 2.510
148 4 0.850 -0.339 2.564
148 5 0.634 -0.497 2.422
148 6 0.487 -0.414 2.346
148 7 0.477 -0.506 2.168
148 8 0.438 -0.495 2.123
148 9 0.787 -0.583 2.518
148 10 0.651 -0.474 2.462
148 11 0.878 -0.417 2.395
148 12 0.929 -0.437 2.368
148 13 0.319 -0.420 2.363
148 14 -0.032 -0.391 2.185
148 15 -0.305 -0.519 2.263
148 16 -0.385 -0.523 2.255
148 17 0.430 -0.452 2.495
148 18 0.645 -0.490 2.282
148 19 0.735 -0.401 2.465
148 20 0.635 -0.411 2.460
149 1 0.440 -0.423 2.431
149 2 0.459 -0.419 2.474
149 3 0.645 -0.456 2.502
149 4 0.834 -0.345 2.557
149 5 0.616 -0.504 2.414
149 6 0.470 -0.420 2.339
149 7 0.459 -0.513 2.161
149 8 0.421 -0.502 2.116
149 9 0.771 -0.590 2.511
149 10 0.636 -0.480 2.455
149 11 0.863 -0.424 2.388
149 12 0.913 -0.443 2.361
149 13 0.340 -0.394 2.337
149 14 -0.031 -0.390 2.178
149 15 -0.305 -0.520 2.264
149 16 -0.411 -0.511 2.272
149 17 0.445 -0.419 2.482
149 18 0.643 -0.468 2.274
149 19 0.733 -0.379 2.457
149 20 0.633 -0.390 2.455
150 1 0.452 -0.412 2.423
150 2 0.469 -0.413 2.466
150 3 0.678 -0.445 2.521
150 4 0.844 -0.342 2.563
150 5 0.624 -0.500 2.420
150 6 0.477 -0.417 2.344
150 7 0.467 -0.509 2.167
150 8 0.428 -0.498 2.122
150 9 0.781 -0.587 2.518
150 10 0.646 -0.477 2.462
150 11 0.873 -0.421 2.395
150 12 0.923 -0.440 2.368
150 13 0.357 -0.381 2.325
150 14 -0.024 -0.390 2.172
150 15 -0.305 -0.520 2.265
150 16 -0.336 -0.534 2.234
150 17 0.465 -0.404 2.463
150 18 0.680 -0.449 2.276
150 19 0.770 -0.360 2.459
150 20 0.670 -0.371 2.460
151 1 0.465 -0.408 2.420
151 2 0.483 -0.411 2.464
151 3 0.699 -0.438 2.534
151 4 0.863 -0.337 2.575
151 5 0.640 -0.494 2.431
151 6 0.494 -0.410 2.356
151 7 0.483 -0.502 2.178
151 8 0.445 -0.492 2.133
151 9 0.800 -0.581 2.529
151 10 0.665 -0.472 2.474
151 11 0.892 -0.415 2.407
151 12 0.942 -0.435 2.379
151 13 0.368 -0.377 2.320
151 14 -0.015 -0.390 2.167
151 15 -0.304 -0.520 2.265
151 16 -0.288 -0.547 2.210
151 17 0.480 -0.401 2.457
151 18 0.703 -0.441 2.279
151 19 0.794 -0.353 2.462
151 20 0.693 -0.364 2.464
152 1 0.336 -0.458 2.377
152 2 0.369 -0.449 2.425
152 3 0.612 -0.444 2.497
152 4 0.798 -0.339 2.550
152 5 0.574 -0.494 2.407
152 6 0.428 -0.411 2.331
152 7 0.417 -0.503 2.153
152 8 0.379 -0.492 2.108
152 9 0.736 -0.584 2.504
152 10 0.600 -0.474 2.449
152 11 0.827 -0.418 2.382
152 12 0.877 -0.437 2.354
152 13 0.279 -0.438 2.317
152 14 -0.062 -0.396 2.138
152 15 -0.303 -0.519 2.265
152 16 -0.365 -0.523 2.257
152 17 0.282 -0.482 2.380
152 18 0.239 -0.595 2.090
152 19 0.329 -0.507 2.273
152 20 0.228 -0.517 2.271
153 1 0.600 -0.490 2.458
153 2 0.600 -0.497 2.494
153 3 0.675 -0.435 2.527
153 4 0.837 -0.332 2.570
153 5 0.495 -0.442 2.464
153 6 0.352 -0.365 2.380
153 7 0.342 -0.457 2.202
153 8 0.303 -0.446 2.157
153 9 0.775 -0.576 2.524
153 10 0.639 -0.467 2.469
153 11 0.866 -0.410 2.402
153 12 0.916 -0.430 2.374
153 13 0.432 -0.495 2.322
153 14 0.029 -0.425 2.156
153 15 -0.302 -0.518 2.265
153 16 -0.299 -0.543 2.218
153 17 0.657 -0.566 2.481
153 18 0.914 -0.626 2.346
153 19 1.004 -0.537 2.529
153 20 0.942 -0.537 2.527
154 1 0.566 -0.459 2.430
154 2 0.577 -0.481 2.465
154 3 0.708 -0.433 2.539
154 4 0.877 -0.328 2.586
154 5 0.456 -0.418 2.490
154 6 0.316 -0.341 2.406
154 7 0.306 -0.433 2.228
154 8 0.267 -0.422 2.183
154 9 0.815 -0.572 2.540
154 10 0.679 -0.463 2.485
154 11 0.906 -0.406 2.418
154 12 0.956 -0.426 2.390
154 13 0.347 -0.402 2.319
154 14 0.019 -0.415 2.151
154 15 -0.301 -0.517 2.265
154 16 -0.351 -0.525 2.252
154 17 0.625 -0.505 2.419
154 18 0.801 -0.536 2.206
154 19 0.891 -0.448 2.389
154 20 0.791 -0.446 2.377
155 1 0.368 -0.447 2.398
155 2 0.404 -0.465 2.441
155 3 0.652 -0.434 2.515
155 4 0.848 -0.327 2.574
155 5 0.443 -0.408 2.501
155 6 0.300 -0.331 2.417
155 7 0.290 -0.423 2.239
155 8 0.251 -0.412 2.194
155 9 0.785 -0.571 2.528
155 10 0.650 -0.462 2.473
155 11 0.877 -0.405 2.406
155 12 0.927 -0.425 2.378
155 13 0.285 -0.420 2.334
155 14 -0.042 -0.407 2.134
155 15 -0.304 -0.511 2.267
155 16 -0.391 -0.509 2.278
155 17 0.307 -0.483 2.384
155 18 0.275 -0.526 2.103
155 19 0.365 -0.438 2.286
155 20 0.266 -0.434 2.268
156 1 0.344 -0.474 2.341
156 2 0.365 -0.496 2.383
156 3 0.549 -0.455 2.459
156 4 0.752 -0.344 2.523
156 5 0.445 -0.406 2.506
156 6 0.291 -0.324 2.424
156 7 0.280 -0.417 2.246
156 8 0.241 -0.406 2.201
156 9 0.689 -0.589 2.477
156 10 0.553 -0.479 2.421
156 11 0.780 -0.423 2.354
156 12 0.831 -0.442 2.327
156 13 0.252 -0.433 2.286
156 14 -0.092 -0.402 2.114
156 15 -0.306 -0.508 2.268
156 16 -0.408 -0.503 2.288
156 17 0.287 -0.529 2.311
156 18 0.184 -0.597 1.963
156 19 0.274 -0.509 2.146
156 20 0.176 -0.504 2.123
157 1 0.606 -0.485 2.460
157 2 0.609 -0.497 2.497
157 3 0.698 -0.430 2.536
157 4 0.844 -0.329 2.570
157 5 0.447 -0.405 2.510
157 6 0.289 -0.321 2.429
157 7 0.278 -0.413 2.251
157 8 0.239 -0.403 2.206
157 9 0.781 -0.573 2.524
157 10 0.646 -0.464 2.468
157 11 0.873 -0.407 2.401
157 12 0.923 -0.427 2.374
157 13 0.424 -0.484 2.319
157 14 0.020 -0.421 2.155
157 15 -0.306 -0.507 2.268
157 16 -0.335 -0.528 2.239
157 17 0.658 -0.560 2.486
157 18 0.899 -0.621 2.339
157 19 0.989 -0.533 2.522
157 20 0.891 -0.530 2.503
158 1 0.608 -0.492 2.458
158 2 0.611 -0.504 2.496
158 3 0.702 -0.430 2.537
158 4 0.886 -0.323 2.590
158 5 0.455 -0.407 2.509
158 6 0.293 -0.321 2.431
158 7 0.282 -0.413 2.254
158 8 0.244 -0.402 2.208
158 9 0.824 -0.567 2.545
158 10 0.688 -0.458 2.489
158 11 0.915 -0.401 2.422
158 12 0.966 -0.421 2.395
158 13 0.440 -0.496 2.317
158 14 0.073 -0.430 2.175
158 15 -0.307 -0.506 2.268
158 16 -0.286 -0.545 2.205
158 17 0.659 -0.570 2.490
158 18 0.904 -0.633 2.346
158 19 0.994 -0.544 2.529
158 20 0.896 -0.540 2.509
159 1 0.598 -0.455 2.436
159 2 0.611 -0.479 2.477
159 3 0.741 -0.424 2.556
159 4 0.910 -0.319 2.602
159 5 0.464 -0.410 2.507
159 6 0.300 -0.322 2.431
159 7 0.289 -0.414 2.254
159 8 0.251 -0.404 2.209
159 9 0.847 -0.564 2.556
159 10 0.712 -0.454 2.501
159 11 0.939 -0.398 2.434
159 12 0.989 -0.417 2.406
159 13 0.383 -0.421 2.306
159 14 0.053 -0.416 2.169
159 15 -0.306 -0.505 2.268
159 16 -0.367 -0.519 2.251
159 17 0.657 -0.515 2.432
159 18 0.893 -0.505 2.244
159 19 0.983 -0.416 2.427
159 20 0.885 -0.415 2.414
160 1 0.603 -0.441 2.440
160 2 0.614 -0.469 2.477
160 3 0.753 -0.423 2.562
160 4 0.920 -0.318 2.607
160 5 0.471 -0.413 2.505
160 6 0.307 -0.324 2.431
160 7 0.297 -0.416 2.253
160 8 0.258 -0.406 2.208
160 9 0.857 -0.562 2.561
160 10 0.722 -0.453 2.506
160 11 0.949 -0.396 2.439
160 12 0.999 -0.416 2.411
160 13 0.390 -0.400 2.306
160 14 0.034 -0.403 2.164
160 15 -0.306 -0.505 2.267
160 16 -0.370 -0.519 2.252
160 17 0.652 -0.497 2.456
160 18 0.867 -0.463 2.239
160 19 0.957 -0.375 2.422
160 20 0.857 -0.373 2.409
161 1 0.599 -0.430 2.438
161 2 0.612 -0.461 2.474
161 3 0.756 -0.423 2.563
161 4 0.927 -0.317 2.610
161 5 0.475 -0.415 2.503
161 6 0.314 -0.326 2.430
161 7 0.303 -0.418 2.252
161 8 0.265 -0.408 2.207
161 9 0.864 -0.562 2.564
161 10 0.729 -0.452 2.509
161 11 0.956 -0.396 2.442
161 12 1.006 -0.415 2.414
161 13 0.365 -0.371 2.306
161 14 0.017 -0.395 2.159
161 15 -0.305 -0.505 2.266
161 16 -0.385 -0.514 2.261
161 17 0.651 -0.487 2.452
161 18 0.872 -0.434 2.230
161 19 0.963 -0.345 2.413
161 20 0.825 -0.363 2.393
162 1 0.594 -0.425 2.439
162 2 0.607 -0.456 2.473
162 3 0.757 -0.425 2.563
162 4 0.932 -0.317 2.613
162 5 0.478 -0.416 2.502
162 6 0.319 -0.328 2.429
162 7 0.309 -0.420 2.251
162 8 0.270 -0.409 2.206
162 9 0.869 -0.561 2.567
162 10 0.734 -0.452 2.511
162 11 0.961 -0.395 2.444
162 12 1.011 -0.415 2.417
162 13 0.356 -0.360 2.306
162 14 0.005 -0.390 2.156
162 15 -0.303 -0.506 2.265
162 16 -0.396 -0.510 2.268
162 17 0.655 -0.477 2.458
162 18 0.845 -0.413 2.214
162 19 0.935 -0.324 2.397
162 20 0.809 -0.353 2.386
163 1 0.589 -0.423 2.438
163 2 0.603 -0.454 2.472
163 3 0.756 -0.426 2.562
163 4 0.935 -0.317 2.614
163 5 0.480 -0.417 2.501
163 6 0.323 -0.329 2.428
163 7 0.313 -0.422 2.250
163 8 0.274 -0.411 2.205
163 9 0.872 -0.562 2.568
163 10 0.737 -0.452 2.512
163 11 0.964 -0.396 2.445
163 12 1.014 -0.415 2.418
163 13 0.351 -0.356 2.305
163 14 -0.001 -0.387 2.154
163 15 -0.303 -0.506 2.265
163 16 -0.406 -0.507 2.273
163 17 0.646 -0.477 2.447
163 18 0.834 -0.411 2.202
163 19 0.925 -0.323 2.385
163 20 0.824 -0.336 2.379
164 1 0.575 -0.431 2.432
164 2 0.594 -0.457 2.470
164 3 0.753 -0.428 2.560
164 4 0.936 -0.317 2.614
164 5 0.481 -0.418 2.501
164 6 0.326 -0.331 2.427
164 7 0.316 -0.423 2.249
164 8 0.277 -0.412 2.204
164 9 0.873 -0.562 2.568
164 10 0.738 -0.453 2.513
164 11 0.965 -0.396 2.446
164 12 1.015 -0.416 2.418
164 13 0.342 -0.377 2.301
164 14 -0.011 -0.392 2.151
164 15 -0.303 -0.506 2.265
164 16 -0.412 -0.506 2.276
164 17 0.627 -0.494 2.428
164 18 0.828 -0.411 2.198
164 19 0.918 -0.323 2.381
164 20 0.818 -0.337 2.375
165 1 0.567 -0.433 2.429
165 2 0.586 -0.458 2.468
165 3 0.746 -0.430 2.557
165 4 0.934 -0.319 2.613
165 5 0.482 -0.418 2.500
165 6 0.328 -0.331 2.426
165 7 0.318 -0.424 2.249
165 8 0.279 -0.413 2.203
165 9 0.871 -0.563 2.567
165 10 0.736 -0.454 2.511
165 11 0.962 -0.397 2.444
165 12 1.013 -0.417 2.417
165 13 0.339 -0.377 2.300
165 14 -0.016 -0.391 2.149
165 15 -0.303 -0.506 2.265
165 16 -0.415 -0.505 2.278
165 17 0.618 -0.494 2.422
165 18 0.817 -0.416 2.192
165 19 0.907 -0.327 2.375
165 20 0.799 -0.350 2.365
166 1 0.564 -0.434 2.428
166 2 0.584 -0.458 2.467
166 3 0.743 -0.431 2.554
166 4 0.932 -0.320 2.611
166 5 0.483 -0.418 2.500
166 6 0.330 -0.332 2.426
166 7 0.319 -0.424 2.248
166 8 0.281 -0.413 2.203
166 9 0.869 -0.565 2.565
166 10 0.734 -0.455 2.510
166 11 0.961 -0.399 2.443
166 12 1.011 -0.418 2.415
166 13 0.338 -0.378 2.300
166 14 -0.019 -0.391 2.148
166 15 -0.303 -0.506 2.265
166 16 -0.416 -0.504 2.279
166 17 0.615 -0.494 2.419
166 18 0.810 -0.427 2.190
166 19 0.901 -0.339 2.373
166 20 0.793 -0.366 2.364
167 1 0.564 -0.433 2.429
167 2 0.582 -0.458 2.467
167 3 0.741 -0.431 2.553
167 4 0.930 -0.321 2.610
167 5 0.483 -0.419 2.499
167 6 0.331 -0.333 2.425
167 7 0.320 -0.425 2.248
167 8 0.282 -0.414 2.202
167 9 0.868 -0.565 2.564
167 10 0.732 -0.456 2.509
167 11 0.959 -0.400 2.442
167 12 1.009 -0.419 2.414
167 13 0.339 -0.378 2.300
167 14 -0.021 -0.390 2.148
167 15 -0.304 -0.507 2.266
167 16 -0.417 -0.505 2.280
167 17 0.619 -0.482 2.436
167 18 0.799 -0.440 2.190
167 19 0.889 -0.352 2.373
167 20 0.785 -0.373 2.364
168 1 0.607 -0.469 2.458
168 2 0.613 -0.485 2.495
168 3 0.736 -0.432 2.551
168 4 0.926 -0.322 2.608
168 5 0.484 -0.419 2.499
168 6 0.332 -0.333 2.425
168 7 0.321 -0.425 2.247
168 8 0.283 -0.414 2.202
168 9 0.863 -0.567 2.562
168 10 0.728 -0.457 2.507
168 11 0.955 -0.401 2.440
168 12 1.005 -0.420 2.412
168 13 0.436 -0.474 2.320
168 14 0.050 -0.418 2.169
168 15 -0.305 -0.507 2.267
168 16 -0.313 -0.540 2.221
168 17 0.664 -0.542 2.487
168 18 0.923 -0.578 2.328
168 19 1.013 -0.490 2.511
168 20 0.911 -0.501 2.496
169 1 0.638 -0.488 2.486
169 2 0.637 -0.498 2.520
169 3 0.731 -0.432 2.549
169 4 0.921 -0.323 2.606
169 5 0.484 -0.419 2.499
169 6 0.333 -0.333 2.425
169 7 0.322 -0.425 2.247
169 8 0.283 -0.415 2.202
169 9 0.858 -0.568 2.560
169 10 0.723 -0.458 2.504
169 11 0.949 -0.402 2.437
169 12 1.000 -0.421 2.410
169 13 0.468 -0.504 2.328
169 14 0.086 -0.431 2.181
169 15 -0.305 -0.507 2.267
169 16 -0.276 -0.551 2.198
169 17 0.686 -0.566 2.534
169 18 0.989 -0.637 2.404
169 19 1.079 -0.548 2.587
169 20 0.981 -0.557 2.572
170 1 0.605 -0.456 2.465
170 2 0.617 -0.480 2.505
170 3 0.729 -0.432 2.548
170 4 0.919 -0.323 2.605
170 5 0.484 -0.419 2.499
170 6 0.333 -0.334 2.424
170 7 0.323 -0.426 2.247
170 8 0.284 -0.415 2.201
170 9 0.856 -0.568 2.559
170 10 0.721 -0.458 2.504
170 11 0.947 -0.402 2.437
170 12 0.998 -0.421 2.409
170 13 0.382 -0.408 2.310
170 14 0.046 -0.412 2.167
170 15 -0.305 -0.508 2.267
170 16 -0.373 -0.525 2.257
170 17 0.644 -0.513 2.489
170 18 0.823 -0.494 2.252
170 19 0.914 -0.405 2.435
170 20 0.815 -0.414 2.427
171 1 0.630 -0.475 2.482
171 2 0.630 -0.489 2.515
171 3 0.727 -0.433 2.547
171 4 0.916 -0.324 2.603
171 5 0.484 -0.419 2.498
171 6 0.333 -0.334 2.424
171 7 0.323 -0.426 2.247
171 8 0.284 -0.415 2.201
171 9 0.854 -0.569 2.558
171 10 0.718 -0.459 2.502
171 11 0.945 -0.403 2.435
171 12 0.995 -0.422 2.408
171 13 0.451 -0.478 2.329
171 14 0.063 -0.417 2.174
171 15 -0.305 -0.508 2.267
171 16 -0.293 -0.548 2.208
171 17 0.679 -0.551 2.525
171 18 0.944 -0.607 2.375
171 19 1.035 -0.518 2.558
171 20 0.938 -0.517 2.542
172 1 0.620 -0.416 2.495
172 2 0.623 -0.448 2.509
172 3 0.726 -0.433 2.547
172 4 0.915 -0.325 2.603
172 5 0.483 -0.419 2.498
172 6 0.334 -0.334 2.424
172 7 0.323 -0.426 2.246
172 8 0.284 -0.415 2.201
172 9 0.852 -0.569 2.557
172 10 0.717 -0.460 2.501
172 11 0.943 -0.403 2.434
172 12 0.994 -0.423 2.407
172 13 0.409 -0.337 2.365
172 14 0.044 -0.353 2.204
172 15 -0.305 -0.508 2.267
172 16 -0.369 -0.521 2.254
172 17 0.657 -0.432 2.534
172 18 0.791 -0.519 2.293
172 19 0.881 -0.430 2.476
172 20 0.783 -0.426 2.459
