1 1 0.221 -0.415 2.406
1 2 0.205 -0.377 2.445
1 3 0.203 -0.146 2.440
1 4 0.252 0.042 2.402
1 5 0.051 -0.215 2.389
1 6 -0.019 -0.400 2.277
1 7 0.041 -0.524 2.156
1 8 0.049 -0.601 2.144
1 9 0.374 -0.238 2.496
1 10 0.404 -0.421 2.440
1 11 0.397 -0.529 2.217
1 12 0.396 -0.577 2.160
1 13 0.151 -0.487 2.361
1 14 0.151 -0.599 2.041
1 15 0.231 -0.852 1.900
1 16 0.257 -0.885 1.823
1 17 0.301 -0.497 2.427
1 18 0.442 -0.572 2.176
1 19 0.473 -0.863 2.068
1 20 0.500 -0.896 1.991
2 1 0.221 -0.416 2.406
2 2 0.206 -0.377 2.446
2 3 0.204 -0.146 2.441
2 4 0.252 0.041 2.403
2 5 0.052 -0.215 2.389
2 6 -0.019 -0.400 2.277
2 7 0.042 -0.523 2.155
2 8 0.049 -0.601 2.143
2 9 0.374 -0.238 2.497
2 10 0.404 -0.425 2.439
2 11 0.392 -0.542 2.217
2 12 0.389 -0.581 2.155
2 13 0.151 -0.487 2.361
2 14 0.151 -0.599 2.041
2 15 0.231 -0.852 1.900
2 16 0.257 -0.885 1.823
2 17 0.301 -0.497 2.427
2 18 0.442 -0.573 2.176
2 19 0.476 -0.863 2.066
2 20 0.503 -0.897 1.989
3 1 0.221 -0.416 2.407
3 2 0.206 -0.377 2.446
3 3 0.204 -0.146 2.441
3 4 0.253 0.041 2.404
3 5 0.052 -0.215 2.390
3 6 -0.018 -0.400 2.277
3 7 0.042 -0.523 2.156
3 8 0.049 -0.602 2.144
3 9 0.375 -0.238 2.497
3 10 0.403 -0.426 2.438
3 11 0.389 -0.548 2.218
3 12 0.384 -0.584 2.154
3 13 0.151 -0.487 2.361
3 14 0.151 -0.599 2.041
3 15 0.230 -0.852 1.900
3 16 0.257 -0.885 1.823
3 17 0.301 -0.497 2.427
3 18 0.442 -0.573 2.177
3 19 0.473 -0.864 2.067
3 20 0.500 -0.898 1.990
4 1 0.222 -0.416 2.407
4 2 0.206 -0.377 2.446
4 3 0.204 -0.146 2.442
4 4 0.254 0.041 2.404
4 5 0.052 -0.215 2.390
4 6 -0.018 -0.400 2.278
4 7 0.042 -0.523 2.156
4 8 0.049 -0.602 2.144
4 9 0.375 -0.238 2.498
4 10 0.404 -0.426 2.439
4 11 0.388 -0.548 2.220
4 12 0.415 -0.539 2.178
4 13 0.152 -0.487 2.362
4 14 0.151 -0.599 2.041
4 15 0.230 -0.851 1.900
4 16 0.257 -0.885 1.822
4 17 0.301 -0.498 2.427
4 18 0.442 -0.573 2.177
4 19 0.469 -0.865 2.069
4 20 0.496 -0.899 1.992
5 1 0.222 -0.416 2.407
5 2 0.206 -0.378 2.447
5 3 0.205 -0.146 2.443
5 4 0.254 0.041 2.405
5 5 0.053 -0.215 2.390
5 6 -0.018 -0.400 2.278
5 7 0.042 -0.524 2.156
5 8 0.049 -0.603 2.146
5 9 0.375 -0.238 2.498
5 10 0.405 -0.425 2.440
5 11 0.387 -0.547 2.221
5 12 0.434 -0.489 2.163
5 13 0.152 -0.487 2.362
5 14 0.151 -0.599 2.041
5 15 0.230 -0.851 1.900
5 16 0.257 -0.885 1.822
5 17 0.302 -0.498 2.428
5 18 0.442 -0.573 2.177
5 19 0.465 -0.866 2.071
5 20 0.492 -0.899 1.994
6 1 0.222 -0.416 2.408
6 2 0.207 -0.378 2.447
6 3 0.205 -0.146 2.443
6 4 0.254 0.041 2.406
6 5 0.053 -0.215 2.391
6 6 -0.018 -0.400 2.278
6 7 0.042 -0.524 2.157
6 8 0.048 -0.597 2.150
6 9 0.375 -0.238 2.498
6 10 0.405 -0.424 2.441
6 11 0.374 -0.548 2.230
6 12 0.420 -0.497 2.187
6 13 0.152 -0.488 2.362
6 14 0.151 -0.599 2.041
6 15 0.230 -0.851 1.900
6 16 0.256 -0.885 1.822
6 17 0.302 -0.498 2.428
6 18 0.442 -0.573 2.177
6 19 0.469 -0.865 2.068
6 20 0.496 -0.899 1.991
7 1 0.222 -0.416 2.408
7 2 0.207 -0.378 2.447
7 3 0.205 -0.146 2.444
7 4 0.255 0.041 2.406
7 5 0.053 -0.215 2.391
7 6 -0.018 -0.400 2.278
7 7 0.042 -0.523 2.157
7 8 0.048 -0.597 2.150
7 9 0.375 -0.238 2.499
7 10 0.406 -0.424 2.441
7 11 0.374 -0.548 2.233
7 12 0.394 -0.554 2.177
7 13 0.152 -0.488 2.362
7 14 0.151 -0.599 2.041
7 15 0.230 -0.851 1.900
7 16 0.256 -0.885 1.823
7 17 0.302 -0.498 2.428
7 18 0.442 -0.573 2.177
7 19 0.467 -0.866 2.068
7 20 0.494 -0.899 1.991
8 1 0.223 -0.416 2.408
8 2 0.207 -0.378 2.448
8 3 0.205 -0.146 2.445
8 4 0.255 0.041 2.407
8 5 0.053 -0.215 2.391
8 6 -0.018 -0.400 2.278
8 7 0.042 -0.523 2.157
8 8 0.048 -0.596 2.150
8 9 0.376 -0.238 2.499
8 10 0.406 -0.423 2.442
8 11 0.375 -0.544 2.232
8 12 0.417 -0.511 2.163
8 13 0.153 -0.488 2.362
8 14 0.151 -0.599 2.042
8 15 0.230 -0.851 1.900
8 16 0.256 -0.884 1.823
8 17 0.303 -0.498 2.428
8 18 0.442 -0.573 2.177
8 19 0.464 -0.866 2.068
8 20 0.491 -0.899 1.991
9 1 0.223 -0.416 2.408
9 2 0.207 -0.378 2.448
9 3 0.205 -0.146 2.445
9 4 0.255 0.041 2.407
9 5 0.054 -0.215 2.391
9 6 -0.018 -0.400 2.278
9 7 0.043 -0.518 2.154
9 8 0.049 -0.594 2.147
9 9 0.376 -0.238 2.500
9 10 0.406 -0.423 2.442
9 11 0.377 -0.539 2.228
9 12 0.427 -0.539 2.175
9 13 0.153 -0.488 2.363
9 14 0.151 -0.599 2.042
9 15 0.230 -0.851 1.900
9 16 0.256 -0.884 1.823
9 17 0.303 -0.498 2.428
9 18 0.442 -0.573 2.177
9 19 0.461 -0.866 2.068
9 20 0.488 -0.899 1.991
10 1 0.223 -0.416 2.409
10 2 0.207 -0.378 2.448
10 3 0.205 -0.146 2.446
10 4 0.254 0.041 2.408
10 5 0.054 -0.215 2.392
10 6 -0.018 -0.400 2.279
10 7 0.044 -0.514 2.151
10 8 0.051 -0.592 2.144
10 9 0.376 -0.238 2.500
10 10 0.406 -0.423 2.442
10 11 0.381 -0.530 2.222
10 12 0.428 -0.516 2.171
10 13 0.153 -0.488 2.363
10 14 0.151 -0.599 2.042
10 15 0.230 -0.851 1.900
10 16 0.256 -0.884 1.823
10 17 0.303 -0.498 2.429
10 18 0.442 -0.573 2.177
10 19 0.461 -0.866 2.068
10 20 0.488 -0.899 1.991
11 1 0.223 -0.416 2.409
11 2 0.208 -0.378 2.448
11 3 0.205 -0.146 2.446
11 4 0.254 0.041 2.408
11 5 0.054 -0.215 2.392
11 6 -0.018 -0.400 2.279
11 7 0.044 -0.513 2.150
11 8 0.052 -0.591 2.140
11 9 0.376 -0.238 2.501
11 10 0.406 -0.423 2.442
11 11 0.406 -0.500 2.207
11 12 0.430 -0.501 2.155
11 13 0.153 -0.488 2.363
11 14 0.151 -0.599 2.042
11 15 0.230 -0.851 1.900
11 16 0.256 -0.884 1.823
11 17 0.303 -0.498 2.429
11 18 0.442 -0.573 2.177
11 19 0.461 -0.866 2.068
11 20 0.488 -0.899 1.991
12 1 0.223 -0.416 2.409
12 2 0.208 -0.378 2.449
12 3 0.206 -0.146 2.446
12 4 0.254 0.041 2.409
12 5 0.054 -0.215 2.392
12 6 -0.018 -0.400 2.279
12 7 0.045 -0.512 2.149
12 8 0.053 -0.591 2.139
12 9 0.376 -0.238 2.501
12 10 0.406 -0.424 2.442
12 11 0.417 -0.485 2.200
12 12 0.431 -0.497 2.150
12 13 0.153 -0.487 2.363
12 14 0.151 -0.599 2.042
12 15 0.230 -0.851 1.900
12 16 0.256 -0.884 1.823
12 17 0.303 -0.498 2.429
12 18 0.442 -0.573 2.177
12 19 0.461 -0.866 2.068
12 20 0.488 -0.899 1.991
13 1 0.223 -0.416 2.409
13 2 0.208 -0.378 2.449
13 3 0.206 -0.146 2.447
13 4 0.253 0.042 2.409
13 5 0.054 -0.215 2.393
13 6 -0.018 -0.400 2.279
13 7 0.045 -0.512 2.149
13 8 0.054 -0.591 2.138
13 9 0.376 -0.238 2.501
13 10 0.406 -0.424 2.442
13 11 0.421 -0.479 2.196
13 12 0.431 -0.494 2.147
13 13 0.154 -0.487 2.363
13 14 0.151 -0.599 2.042
13 15 0.230 -0.850 1.900
13 16 0.257 -0.883 1.823
13 17 0.303 -0.498 2.429
13 18 0.442 -0.573 2.177
13 19 0.460 -0.866 2.068
13 20 0.487 -0.899 1.991
14 1 0.223 -0.416 2.409
14 2 0.208 -0.378 2.449
14 3 0.205 -0.145 2.448
14 4 0.253 0.042 2.410
14 5 0.054 -0.215 2.393
14 6 -0.018 -0.400 2.279
14 7 0.045 -0.511 2.149
14 8 0.054 -0.590 2.137
14 9 0.376 -0.238 2.502
14 10 0.405 -0.424 2.442
14 11 0.416 -0.480 2.203
14 12 0.430 -0.492 2.146
14 13 0.154 -0.487 2.363
14 14 0.151 -0.599 2.042
14 15 0.230 -0.850 1.900
14 16 0.257 -0.883 1.823
14 17 0.303 -0.498 2.429
14 18 0.442 -0.573 2.178
14 19 0.461 -0.866 2.067
14 20 0.488 -0.899 1.990
15 1 0.223 -0.416 2.410
15 2 0.208 -0.378 2.449
15 3 0.205 -0.145 2.448
15 4 0.252 0.042 2.410
15 5 0.054 -0.215 2.393
15 6 -0.018 -0.400 2.279
15 7 0.045 -0.511 2.149
15 8 0.054 -0.590 2.136
15 9 0.376 -0.238 2.502
15 10 0.405 -0.424 2.442
15 11 0.384 -0.499 2.253
15 12 0.430 -0.490 2.146
15 13 0.154 -0.487 2.363
15 14 0.151 -0.599 2.042
15 15 0.230 -0.850 1.900
15 16 0.257 -0.883 1.823
15 17 0.303 -0.498 2.429
15 18 0.442 -0.574 2.178
15 19 0.461 -0.866 2.067
15 20 0.488 -0.899 1.990
16 1 0.223 -0.416 2.410
16 2 0.208 -0.378 2.450
16 3 0.205 -0.145 2.449
16 4 0.251 0.042 2.411
16 5 0.054 -0.215 2.393
16 6 -0.018 -0.400 2.279
16 7 0.045 -0.512 2.150
16 8 0.054 -0.592 2.137
16 9 0.376 -0.238 2.503
16 10 0.404 -0.425 2.442
16 11 0.383 -0.501 2.253
16 12 0.426 -0.494 2.151
16 13 0.153 -0.487 2.364
16 14 0.151 -0.599 2.042
16 15 0.231 -0.849 1.900
16 16 0.257 -0.883 1.823
16 17 0.303 -0.498 2.430
16 18 0.442 -0.574 2.178
16 19 0.461 -0.866 2.067
16 20 0.488 -0.899 1.990
17 1 0.223 -0.416 2.410
17 2 0.207 -0.378 2.450
17 3 0.205 -0.145 2.449
17 4 0.250 0.042 2.412
17 5 0.054 -0.215 2.394
17 6 -0.018 -0.400 2.279
17 7 0.044 -0.513 2.151
17 8 0.052 -0.591 2.140
17 9 0.376 -0.238 2.503
17 10 0.404 -0.425 2.442
17 11 0.374 -0.539 2.248
17 12 0.437 -0.571 2.197
17 13 0.153 -0.487 2.364
17 14 0.151 -0.599 2.042
17 15 0.231 -0.849 1.899
17 16 0.258 -0.882 1.822
17 17 0.303 -0.498 2.430
17 18 0.442 -0.573 2.179
17 19 0.460 -0.865 2.067
17 20 0.487 -0.899 1.990
18 1 0.222 -0.416 2.410
18 2 0.207 -0.378 2.450
18 3 0.203 -0.144 2.450
18 4 0.247 0.042 2.413
18 5 0.053 -0.215 2.395
18 6 -0.018 -0.400 2.280
18 7 0.043 -0.515 2.153
18 8 0.050 -0.589 2.145
18 9 0.375 -0.238 2.504
18 10 0.403 -0.426 2.442
18 11 0.378 -0.533 2.248
18 12 0.431 -0.526 2.199
18 13 0.153 -0.487 2.364
18 14 0.151 -0.599 2.042
18 15 0.231 -0.849 1.899
18 16 0.258 -0.882 1.822
18 17 0.303 -0.497 2.430
18 18 0.442 -0.573 2.179
18 19 0.461 -0.865 2.066
18 20 0.488 -0.898 1.989
19 1 0.221 -0.415 2.411
19 2 0.205 -0.377 2.451
19 3 0.199 -0.144 2.452
19 4 0.241 0.041 2.414
19 5 0.052 -0.215 2.395
19 6 -0.018 -0.400 2.280
19 7 0.043 -0.516 2.154
19 8 0.047 -0.586 2.149
19 9 0.374 -0.239 2.506
19 10 0.402 -0.427 2.442
19 11 0.388 -0.522 2.240
19 12 0.427 -0.509 2.194
19 13 0.152 -0.487 2.364
19 14 0.151 -0.599 2.042
19 15 0.231 -0.849 1.899
19 16 0.258 -0.882 1.822
19 17 0.302 -0.497 2.430
19 18 0.442 -0.573 2.180
19 19 0.461 -0.865 2.067
19 20 0.488 -0.898 1.990
20 1 0.220 -0.415 2.412
20 2 0.204 -0.377 2.452
20 3 0.195 -0.143 2.453
20 4 0.231 0.042 2.417
20 5 0.050 -0.216 2.397
20 6 -0.018 -0.400 2.280
20 7 0.043 -0.516 2.154
20 8 0.053 -0.570 2.135
20 9 0.373 -0.238 2.508
20 10 0.401 -0.428 2.442
20 11 0.390 -0.516 2.238
20 12 0.422 -0.499 2.191
20 13 0.151 -0.487 2.364
20 14 0.151 -0.599 2.042
20 15 0.228 -0.849 1.899
20 16 0.255 -0.882 1.822
20 17 0.301 -0.497 2.431
20 18 0.442 -0.573 2.180
20 19 0.460 -0.864 2.067
20 20 0.487 -0.897 1.990
21 1 0.219 -0.414 2.412
21 2 0.202 -0.377 2.453
21 3 0.191 -0.143 2.455
21 4 0.222 0.042 2.418
21 5 0.047 -0.216 2.398
21 6 -0.019 -0.399 2.281
21 7 0.043 -0.515 2.154
21 8 0.056 -0.559 2.127
21 9 0.371 -0.238 2.511
21 10 0.400 -0.429 2.443
21 11 0.371 -0.518 2.268
21 12 0.419 -0.492 2.189
21 13 0.150 -0.486 2.365
21 14 0.151 -0.599 2.042
21 15 0.224 -0.850 1.900
21 16 0.251 -0.883 1.823
21 17 0.300 -0.497 2.431
21 18 0.442 -0.572 2.181
21 19 0.459 -0.864 2.067
21 20 0.487 -0.897 1.990
22 1 0.217 -0.414 2.413
22 2 0.200 -0.377 2.453
22 3 0.187 -0.144 2.457
22 4 0.206 0.043 2.421
22 5 0.042 -0.218 2.401
22 6 -0.020 -0.399 2.282
22 7 0.042 -0.514 2.154
22 8 0.057 -0.563 2.125
22 9 0.367 -0.236 2.515
22 10 0.399 -0.429 2.443
22 11 0.372 -0.521 2.241
22 12 0.399 -0.525 2.171
22 13 0.149 -0.486 2.365
22 14 0.151 -0.599 2.042
22 15 0.220 -0.851 1.900
22 16 0.247 -0.883 1.824
22 17 0.299 -0.496 2.432
22 18 0.441 -0.572 2.182
22 19 0.458 -0.863 2.068
22 20 0.486 -0.896 1.991
23 1 0.215 -0.414 2.414
23 2 0.197 -0.377 2.455
23 3 0.182 -0.144 2.459
23 4 0.194 0.043 2.424
23 5 0.034 -0.220 2.406
23 6 -0.021 -0.399 2.284
23 7 0.041 -0.514 2.155
23 8 0.058 -0.563 2.124
23 9 0.361 -0.234 2.518
23 10 0.396 -0.429 2.442
23 11 0.370 -0.521 2.236
23 12 0.388 -0.535 2.168
23 13 0.147 -0.486 2.366
23 14 0.151 -0.599 2.042
23 15 0.216 -0.851 1.901
23 16 0.244 -0.884 1.824
23 17 0.298 -0.495 2.432
23 18 0.440 -0.571 2.182
23 19 0.457 -0.863 2.068
23 20 0.485 -0.896 1.992
24 1 0.213 -0.413 2.415
24 2 0.195 -0.377 2.456
24 3 0.176 -0.145 2.462
24 4 0.179 0.042 2.426
24 5 0.026 -0.224 2.410
24 6 -0.024 -0.400 2.287
24 7 0.037 -0.516 2.159
24 8 0.057 -0.568 2.125
24 9 0.352 -0.232 2.521
24 10 0.389 -0.429 2.438
24 11 0.388 -0.482 2.240
24 12 0.358 -0.502 2.148
24 13 0.145 -0.487 2.367
24 14 0.151 -0.599 2.042
24 15 0.218 -0.850 1.902
24 16 0.245 -0.883 1.825
24 17 0.297 -0.495 2.433
24 18 0.435 -0.571 2.182
24 19 0.457 -0.863 2.069
24 20 0.484 -0.896 1.992
25 1 0.209 -0.413 2.417
25 2 0.191 -0.378 2.458
25 3 0.167 -0.147 2.466
25 4 0.163 0.042 2.429
25 5 0.014 -0.228 2.417
25 6 -0.026 -0.402 2.290
25 7 0.035 -0.517 2.160
25 8 0.057 -0.566 2.124
25 9 0.342 -0.230 2.523
25 10 0.381 -0.427 2.435
25 11 0.352 -0.496 2.265
25 12 0.328 -0.477 2.138
25 13 0.142 -0.487 2.369
25 14 0.151 -0.598 2.043
25 15 0.219 -0.849 1.903
25 16 0.245 -0.882 1.826
25 17 0.295 -0.494 2.433
25 18 0.444 -0.608 2.175
25 19 0.507 -0.866 2.038
25 20 0.531 -0.899 1.961
26 1 0.204 -0.413 2.419
26 2 0.185 -0.378 2.461
26 3 0.154 -0.150 2.470
26 4 0.141 0.041 2.432
26 5 -0.001 -0.233 2.425
26 6 -0.031 -0.405 2.296
26 7 0.033 -0.517 2.163
26 8 0.056 -0.565 2.124
26 9 0.331 -0.228 2.525
26 10 0.374 -0.422 2.432
26 11 0.352 -0.501 2.250
26 12 0.289 -0.448 2.122
26 13 0.137 -0.488 2.372
26 14 0.151 -0.597 2.044
26 15 0.221 -0.848 1.905
26 16 0.246 -0.881 1.827
26 17 0.292 -0.492 2.434
26 18 0.445 -0.614 2.174
26 19 0.497 -0.874 2.041
26 20 0.518 -0.907 1.963
27 1 0.191 -0.412 2.424
27 2 0.175 -0.378 2.466
27 3 0.142 -0.152 2.476
27 4 0.115 0.038 2.437
27 5 -0.021 -0.240 2.435
27 6 -0.038 -0.409 2.303
27 7 0.032 -0.516 2.166
27 8 0.056 -0.561 2.125
27 9 0.318 -0.225 2.524
27 10 0.365 -0.402 2.428
27 11 0.344 -0.499 2.248
27 12 0.270 -0.436 2.117
27 13 0.122 -0.489 2.379
27 14 0.149 -0.592 2.049
27 15 0.222 -0.844 1.907
27 16 0.246 -0.877 1.829
27 17 0.282 -0.487 2.435
27 18 0.443 -0.618 2.174
27 19 0.516 -0.868 2.033
27 20 0.535 -0.901 1.955
28 1 0.164 -0.410 2.427
28 2 0.153 -0.378 2.470
28 3 0.129 -0.155 2.480
28 4 0.082 0.037 2.444
28 5 -0.040 -0.245 2.445
28 6 -0.044 -0.413 2.309
28 7 0.030 -0.515 2.169
28 8 0.056 -0.558 2.126
28 9 0.302 -0.223 2.523
28 10 0.355 -0.390 2.420
28 11 0.335 -0.494 2.249
28 12 0.243 -0.424 2.123
28 13 0.087 -0.492 2.385
28 14 0.148 -0.587 2.053
28 15 0.223 -0.841 1.910
28 16 0.245 -0.874 1.831
28 17 0.257 -0.478 2.433
28 18 0.442 -0.620 2.175
28 19 0.493 -0.873 2.049
28 20 0.508 -0.906 1.970
29 1 0.141 -0.409 2.429
29 2 0.133 -0.379 2.472
29 3 0.116 -0.158 2.484
29 4 0.063 0.035 2.447
29 5 -0.057 -0.251 2.455
29 6 -0.051 -0.418 2.317
29 7 0.032 -0.509 2.176
29 8 0.060 -0.547 2.131
29 9 0.285 -0.220 2.521
29 10 0.346 -0.382 2.414
29 11 0.327 -0.489 2.250
29 12 0.242 -0.438 2.174
29 13 0.061 -0.494 2.389
29 14 0.144 -0.577 2.063
29 15 0.223 -0.835 1.913
29 16 0.243 -0.868 1.834
29 17 0.233 -0.472 2.430
29 18 0.440 -0.620 2.176
29 19 0.508 -0.830 2.051
29 20 0.467 -0.856 2.034
30 1 0.128 -0.409 2.429
30 2 0.121 -0.379 2.474
30 3 0.090 -0.162 2.490
30 4 0.038 0.031 2.451
30 5 -0.076 -0.256 2.469
30 6 -0.057 -0.422 2.322
30 7 0.024 -0.510 2.180
30 8 0.055 -0.544 2.133
30 9 0.272 -0.217 2.520
30 10 0.338 -0.373 2.409
30 11 0.268 -0.440 2.238
30 12 0.214 -0.428 2.185
30 13 0.049 -0.496 2.390
30 14 0.141 -0.550 2.083
30 15 0.220 -0.824 1.919
30 16 0.235 -0.856 1.840
30 17 0.219 -0.468 2.427
30 18 0.439 -0.624 2.174
30 19 0.570 -0.783 2.045
30 20 0.481 -0.816 2.060
31 1 0.118 -0.411 2.426
31 2 0.111 -0.382 2.472
31 3 0.070 -0.166 2.496
31 4 0.008 0.025 2.455
31 5 -0.089 -0.261 2.478
31 6 -0.061 -0.425 2.326
31 7 0.006 -0.519 2.183
31 8 0.041 -0.548 2.135
31 9 0.235 -0.213 2.513
31 10 0.321 -0.372 2.389
31 11 0.214 -0.409 2.229
31 12 0.164 -0.414 2.186
31 13 0.043 -0.497 2.391
31 14 0.140 -0.537 2.094
31 15 0.215 -0.816 1.926
31 16 0.224 -0.847 1.846
31 17 0.200 -0.470 2.403
31 18 0.437 -0.627 2.172
31 19 0.578 -0.788 2.037
31 20 0.523 -0.837 2.002
32 1 0.108 -0.414 2.423
32 2 0.101 -0.386 2.470
32 3 0.052 -0.169 2.499
32 4 -0.026 0.015 2.458
32 5 -0.101 -0.266 2.486
32 6 -0.092 -0.423 2.358
32 7 -0.016 -0.515 2.201
32 8 0.013 -0.540 2.156
32 9 0.219 -0.212 2.509
32 10 0.310 -0.373 2.376
32 11 0.169 -0.389 2.230
32 12 0.140 -0.408 2.193
32 13 0.038 -0.498 2.392
32 14 0.139 -0.529 2.100
32 15 0.191 -0.771 1.952
32 16 0.237 -0.794 1.916
32 17 0.190 -0.470 2.393
32 18 0.434 -0.627 2.170
32 19 0.579 -0.797 2.031
32 20 0.543 -0.849 1.971
33 1 0.098 -0.418 2.420
33 2 0.091 -0.390 2.468
33 3 0.033 -0.172 2.503
33 4 -0.055 0.006 2.460
33 5 -0.122 -0.280 2.494
33 6 -0.103 -0.425 2.368
33 7 -0.029 -0.512 2.211
33 8 -0.003 -0.535 2.165
33 9 0.194 -0.212 2.503
33 10 0.272 -0.361 2.367
33 11 0.154 -0.391 2.226
33 12 0.131 -0.408 2.213
33 13 0.033 -0.500 2.392
33 14 0.137 -0.524 2.104
33 15 0.174 -0.745 1.967
33 16 0.238 -0.767 1.951
33 17 0.182 -0.470 2.387
33 18 0.430 -0.627 2.169
33 19 0.561 -0.801 2.035
33 20 0.487 -0.813 2.038
34 1 0.089 -0.418 2.419
34 2 0.081 -0.391 2.467
34 3 0.016 -0.175 2.506
34 4 -0.079 0.000 2.463
34 5 -0.139 -0.291 2.500
34 6 -0.108 -0.426 2.373
34 7 -0.037 -0.510 2.216
34 8 -0.012 -0.533 2.169
34 9 0.178 -0.212 2.499
34 10 0.255 -0.356 2.364
34 11 0.098 -0.386 2.221
34 12 0.061 -0.417 2.197
34 13 0.029 -0.501 2.394
34 14 0.141 -0.557 2.078
34 15 0.163 -0.773 1.955
34 16 0.189 -0.813 1.902
34 17 0.176 -0.468 2.383
34 18 0.427 -0.627 2.168
34 19 0.548 -0.803 2.039
34 20 0.469 -0.806 2.053
35 1 0.082 -0.421 2.418
35 2 0.074 -0.396 2.466
35 3 -0.008 -0.209 2.497
35 4 -0.104 -0.011 2.465
35 5 -0.154 -0.301 2.505
35 6 -0.121 -0.431 2.378
35 7 -0.048 -0.431 2.212
35 8 -0.020 -0.432 2.163
35 9 0.161 -0.213 2.495
35 10 0.217 -0.364 2.346
35 11 0.069 -0.389 2.217
35 12 0.024 -0.423 2.186
35 13 0.028 -0.511 2.396
35 14 0.142 -0.579 2.061
35 15 0.157 -0.800 1.945
35 16 0.158 -0.847 1.871
35 17 0.171 -0.468 2.380
35 18 0.421 -0.628 2.167
35 19 0.541 -0.803 2.041
35 20 0.457 -0.804 2.066
36 1 0.072 -0.423 2.420
36 2 0.061 -0.399 2.469
36 3 -0.040 -0.207 2.506
36 4 -0.131 -0.019 2.465
36 5 -0.165 -0.313 2.508
36 6 -0.168 -0.456 2.393
36 7 -0.071 -0.351 2.220
36 8 -0.037 -0.314 2.166
36 9 0.144 -0.214 2.491
36 10 0.193 -0.374 2.333
36 11 0.048 -0.392 2.214
36 12 -0.003 -0.427 2.179
36 13 0.022 -0.516 2.402
36 14 0.142 -0.587 2.054
36 15 0.152 -0.810 1.941
36 16 0.143 -0.858 1.858
36 17 0.163 -0.464 2.381
36 18 0.412 -0.624 2.168
36 19 0.533 -0.800 2.045
36 20 0.453 -0.818 2.069
37 1 0.060 -0.423 2.423
37 2 0.050 -0.399 2.472
37 3 -0.055 -0.206 2.510
37 4 -0.172 -0.033 2.466
37 5 -0.179 -0.323 2.515
37 6 -0.190 -0.466 2.399
37 7 -0.142 -0.283 2.297
37 8 -0.121 -0.220 2.265
37 9 0.122 -0.215 2.487
37 10 0.178 -0.378 2.328
37 11 0.032 -0.396 2.215
37 12 -0.021 -0.430 2.176
37 13 0.016 -0.519 2.407
37 14 0.141 -0.593 2.051
37 15 0.150 -0.816 1.938
37 16 0.133 -0.864 1.852
37 17 0.153 -0.459 2.385
37 18 0.406 -0.586 2.187
37 19 0.526 -0.795 2.048
37 20 0.473 -0.842 2.064
38 1 0.022 -0.425 2.432
38 2 0.016 -0.399 2.480
38 3 -0.071 -0.205 2.514
38 4 -0.190 -0.040 2.466
38 5 -0.190 -0.328 2.519
38 6 -0.209 -0.472 2.405
38 7 -0.182 -0.258 2.339
38 8 -0.174 -0.184 2.328
38 9 0.098 -0.217 2.483
38 10 0.168 -0.355 2.348
38 11 0.030 -0.399 2.235
38 12 -0.030 -0.431 2.179
38 13 -0.024 -0.522 2.420
38 14 0.135 -0.600 2.053
38 15 0.147 -0.819 1.937
38 16 0.127 -0.867 1.847
38 17 0.119 -0.454 2.394
38 18 0.401 -0.534 2.232
38 19 0.519 -0.785 2.055
38 20 0.490 -0.825 2.015
39 1 0.014 -0.429 2.433
39 2 0.009 -0.406 2.480
39 3 -0.082 -0.238 2.507
39 4 -0.206 -0.062 2.461
39 5 -0.205 -0.334 2.527
39 6 -0.223 -0.477 2.409
39 7 -0.203 -0.250 2.360
39 8 -0.194 -0.184 2.352
39 9 0.074 -0.220 2.480
39 10 0.162 -0.386 2.364
39 11 0.025 -0.397 2.243
39 12 -0.038 -0.429 2.182
39 13 -0.011 -0.534 2.407
39 14 0.133 -0.604 2.052
39 15 0.145 -0.834 1.933
39 16 0.121 -0.875 1.844
39 17 0.109 -0.453 2.397
39 18 0.394 -0.531 2.236
39 19 0.517 -0.783 2.056
39 20 0.505 -0.822 1.977
40 1 0.007 -0.435 2.437
40 2 0.001 -0.410 2.483
40 3 -0.093 -0.251 2.505
40 4 -0.226 -0.079 2.458
40 5 -0.223 -0.338 2.535
40 6 -0.244 -0.480 2.415
40 7 -0.226 -0.256 2.376
40 8 -0.222 -0.188 2.371
40 9 0.043 -0.223 2.478
40 10 0.141 -0.356 2.367
40 11 0.010 -0.400 2.258
40 12 -0.050 -0.429 2.191
40 13 -0.013 -0.542 2.417
40 14 0.131 -0.608 2.053
40 15 0.144 -0.837 1.932
40 16 0.118 -0.877 1.842
40 17 0.096 -0.456 2.407
40 18 0.391 -0.523 2.242
40 19 0.522 -0.780 2.054
40 20 0.517 -0.818 1.958
41 1 -0.008 -0.444 2.446
41 2 -0.013 -0.418 2.491
41 3 -0.113 -0.260 2.506
41 4 -0.248 -0.093 2.457
41 5 -0.247 -0.340 2.543
41 6 -0.268 -0.482 2.422
41 7 -0.248 -0.268 2.385
41 8 -0.244 -0.205 2.379
41 9 0.021 -0.226 2.478
41 10 0.129 -0.337 2.368
41 11 0.004 -0.401 2.263
41 12 -0.057 -0.430 2.198
41 13 -0.020 -0.549 2.430
41 14 0.127 -0.610 2.059
41 15 0.152 -0.831 1.930
41 16 0.128 -0.865 1.839
41 17 0.077 -0.465 2.420
41 18 0.388 -0.515 2.247
41 19 0.529 -0.768 2.056
41 20 0.524 -0.805 1.953
42 1 -0.017 -0.449 2.451
42 2 -0.024 -0.423 2.495
42 3 -0.131 -0.266 2.507
42 4 -0.270 -0.106 2.457
42 5 -0.268 -0.342 2.549
42 6 -0.289 -0.485 2.426
42 7 -0.267 -0.284 2.387
42 8 -0.261 -0.227 2.378
42 9 0.001 -0.230 2.478
42 10 0.094 -0.328 2.357
42 11 -0.035 -0.415 2.269
42 12 -0.097 -0.442 2.209
42 13 -0.026 -0.553 2.436
42 14 0.124 -0.612 2.064
42 15 0.160 -0.825 1.927
42 16 0.137 -0.855 1.837
42 17 0.067 -0.469 2.427
42 18 0.387 -0.510 2.249
42 19 0.538 -0.755 2.056
42 20 0.530 -0.790 1.954
43 1 -0.026 -0.462 2.453
43 2 -0.032 -0.433 2.496
43 3 -0.138 -0.270 2.506
43 4 -0.282 -0.113 2.457
43 5 -0.279 -0.345 2.551
43 6 -0.299 -0.487 2.428
43 7 -0.275 -0.300 2.383
43 8 -0.267 -0.248 2.370
43 9 -0.037 -0.240 2.481
43 10 0.061 -0.332 2.353
43 11 -0.073 -0.429 2.272
43 12 -0.135 -0.454 2.217
43 13 -0.033 -0.558 2.439
43 14 0.122 -0.615 2.068
43 15 0.167 -0.820 1.923
43 16 0.145 -0.849 1.835
43 17 0.050 -0.484 2.431
43 18 0.385 -0.512 2.243
43 19 0.548 -0.749 2.052
43 20 0.535 -0.785 1.952
44 1 -0.035 -0.473 2.454
44 2 -0.045 -0.445 2.498
44 3 -0.176 -0.287 2.512
44 4 -0.319 -0.139 2.463
44 5 -0.312 -0.359 2.556
44 6 -0.307 -0.515 2.452
44 7 -0.263 -0.467 2.303
44 8 -0.257 -0.426 2.270
44 9 -0.057 -0.247 2.483
44 10 0.040 -0.337 2.351
44 11 -0.097 -0.438 2.274
44 12 -0.158 -0.463 2.222
44 13 -0.042 -0.563 2.440
44 14 0.121 -0.618 2.071
44 15 0.172 -0.816 1.921
44 16 0.150 -0.844 1.833
44 17 0.042 -0.492 2.434
44 18 0.383 -0.515 2.238
44 19 0.554 -0.746 2.050
44 20 0.538 -0.781 1.951
45 1 -0.073 -0.503 2.473
45 2 -0.085 -0.469 2.516
45 3 -0.214 -0.290 2.519
45 4 -0.344 -0.152 2.466
45 5 -0.345 -0.364 2.560
45 6 -0.316 -0.521 2.461
45 7 -0.283 -0.525 2.283
45 8 -0.286 -0.567 2.257
45 9 -0.080 -0.260 2.486
45 10 0.025 -0.342 2.351
45 11 -0.112 -0.446 2.279
45 12 -0.182 -0.474 2.264
45 13 -0.090 -0.588 2.461
45 14 0.097 -0.623 2.106
45 15 0.164 -0.813 1.952
45 16 0.210 -0.791 1.917
45 17 0.014 -0.527 2.460
45 18 0.346 -0.544 2.233
45 19 0.585 -0.747 2.031
45 20 0.562 -0.782 1.945
46 1 -0.089 -0.513 2.479
46 2 -0.103 -0.479 2.521
46 3 -0.237 -0.293 2.525
46 4 -0.370 -0.164 2.473
46 5 -0.369 -0.369 2.566
46 6 -0.308 -0.542 2.465
46 7 -0.206 -0.520 2.286
46 8 -0.191 -0.534 2.239
46 9 -0.108 -0.269 2.493
46 10 0.005 -0.349 2.356
46 11 -0.137 -0.459 2.287
46 12 -0.197 -0.480 2.277
46 13 -0.110 -0.597 2.465
46 14 0.093 -0.626 2.117
46 15 0.164 -0.811 1.956
46 16 0.236 -0.769 1.950
46 17 0.000 -0.535 2.463
46 18 0.335 -0.541 2.235
46 19 0.560 -0.733 2.045
46 20 0.597 -0.755 1.975
47 1 -0.096 -0.518 2.482
47 2 -0.111 -0.484 2.525
47 3 -0.252 -0.298 2.533
47 4 -0.391 -0.178 2.481
47 5 -0.387 -0.375 2.572
47 6 -0.303 -0.557 2.468
47 7 -0.191 -0.528 2.287
47 8 -0.163 -0.541 2.230
47 9 -0.123 -0.274 2.498
47 10 -0.011 -0.358 2.363
47 11 -0.154 -0.465 2.296
47 12 -0.212 -0.482 2.292
47 13 -0.114 -0.600 2.469
47 14 0.093 -0.628 2.123
47 15 0.164 -0.808 1.957
47 16 0.270 -0.758 1.974
47 17 -0.005 -0.525 2.474
47 18 0.327 -0.514 2.245
47 19 0.539 -0.711 2.066
47 20 0.614 -0.726 2.003
48 1 -0.100 -0.519 2.485
48 2 -0.116 -0.486 2.527
48 3 -0.263 -0.302 2.537
48 4 -0.414 -0.193 2.483
48 5 -0.401 -0.380 2.576
48 6 -0.300 -0.566 2.469
48 7 -0.187 -0.551 2.281
48 8 -0.151 -0.556 2.222
48 9 -0.131 -0.277 2.501
48 10 0.021 -0.390 2.379
48 11 0.124 -0.470 2.483
48 12 0.122 -0.492 2.509
48 13 -0.108 -0.601 2.464
48 14 0.125 -0.617 2.144
48 15 0.175 -0.794 1.960
48 16 0.301 -0.760 1.985
48 17 -0.005 -0.516 2.478
48 18 0.327 -0.495 2.250
48 19 0.544 -0.676 2.076
48 20 0.588 -0.704 2.010
49 1 -0.095 -0.512 2.474
49 2 -0.104 -0.479 2.516
49 3 -0.178 -0.264 2.535
49 4 -0.391 -0.194 2.484
49 5 -0.345 -0.354 2.577
49 6 -0.282 -0.546 2.467
49 7 -0.204 -0.566 2.274
49 8 -0.172 -0.570 2.214
49 9 -0.055 -0.248 2.505
49 10 0.111 -0.390 2.374
49 11 0.126 -0.478 2.515
49 12 0.107 -0.491 2.534
49 13 -0.110 -0.602 2.457
49 14 0.138 -0.610 2.151
49 15 0.182 -0.784 1.960
49 16 0.314 -0.763 1.988
49 17 -0.007 -0.525 2.436
49 18 0.336 -0.476 2.248
49 19 0.567 -0.634 2.070
49 20 0.571 -0.665 1.999
50 1 -0.049 -0.483 2.441
50 2 -0.061 -0.464 2.487
50 3 -0.178 -0.302 2.526
50 4 -0.389 -0.217 2.477
50 5 -0.334 -0.372 2.571
50 6 -0.283 -0.557 2.461
50 7 -0.255 -0.617 2.263
50 8 -0.239 -0.629 2.202
50 9 -0.107 -0.280 2.515
50 10 0.082 -0.409 2.387
50 11 0.176 -0.472 2.535
50 12 0.213 -0.491 2.594
50 13 -0.038 -0.547 2.410
50 14 0.162 -0.623 2.115
50 15 0.208 -0.792 1.912
50 16 0.238 -0.815 1.859
50 17 0.020 -0.488 2.411
50 18 0.359 -0.459 2.242
50 19 0.615 -0.593 2.061
50 20 0.582 -0.638 1.992
51 1 0.002 -0.485 2.408
51 2 -0.009 -0.478 2.454
51 3 -0.141 -0.373 2.492
51 4 -0.356 -0.271 2.457
51 5 -0.297 -0.448 2.535
51 6 -0.263 -0.626 2.423
51 7 -0.130 -0.558 2.339
51 8 -0.102 -0.540 2.306
51 9 -0.099 -0.343 2.495
51 10 0.106 -0.450 2.368
51 11 0.194 -0.466 2.559
51 12 0.209 -0.469 2.607
51 13 0.015 -0.542 2.373
51 14 0.168 -0.659 2.042
51 15 0.216 -0.819 1.840
51 16 0.201 -0.850 1.769
51 17 0.062 -0.479 2.391
51 18 0.398 -0.448 2.228
51 19 0.682 -0.556 2.055
51 20 0.636 -0.598 1.982
52 1 -0.001 -0.480 2.407
52 2 -0.017 -0.476 2.455
52 3 -0.181 -0.389 2.506
52 4 -0.373 -0.284 2.455
52 5 -0.310 -0.469 2.537
52 6 -0.286 -0.644 2.425
52 7 -0.160 -0.537 2.381
52 8 -0.110 -0.497 2.367
52 9 -0.139 -0.362 2.506
52 10 0.057 -0.446 2.385
52 11 0.207 -0.464 2.559
52 12 0.243 -0.471 2.605
52 13 0.015 -0.530 2.372
52 14 0.102 -0.632 2.017
52 15 0.234 -0.788 1.905
52 16 0.313 -0.793 1.926
52 17 0.057 -0.470 2.394
52 18 0.405 -0.443 2.226
52 19 0.695 -0.543 2.058
52 20 0.644 -0.585 1.983
53 1 0.059 -0.501 2.388
53 2 0.043 -0.495 2.436
53 3 -0.141 -0.429 2.485
53 4 -0.346 -0.311 2.457
53 5 -0.294 -0.497 2.528
53 6 -0.293 -0.585 2.337
53 7 -0.134 -0.456 2.335
53 8 -0.077 -0.404 2.331
53 9 -0.161 -0.409 2.486
53 10 0.061 -0.461 2.379
53 11 0.195 -0.454 2.550
53 12 0.228 -0.450 2.603
53 13 0.079 -0.539 2.317
53 14 0.075 -0.625 1.992
53 15 0.242 -0.780 1.902
53 16 0.243 -0.822 1.842
53 17 0.138 -0.508 2.411
53 18 0.430 -0.441 2.214
53 19 0.717 -0.537 2.053
53 20 0.755 -0.516 2.002
54 1 0.066 -0.508 2.392
54 2 0.054 -0.502 2.434
54 3 -0.127 -0.472 2.462
54 4 -0.326 -0.337 2.447
54 5 -0.282 -0.537 2.509
54 6 -0.296 -0.570 2.296
54 7 -0.123 -0.412 2.302
54 8 -0.063 -0.358 2.304
54 9 -0.170 -0.427 2.478
54 10 0.059 -0.467 2.378
54 11 0.177 -0.448 2.539
54 12 0.211 -0.439 2.596
54 13 0.103 -0.546 2.295
54 14 0.088 -0.621 1.995
54 15 0.267 -0.772 1.912
54 16 0.247 -0.820 1.839
54 17 0.171 -0.510 2.454
54 18 0.475 -0.471 2.236
54 19 0.756 -0.572 2.082
54 20 0.832 -0.511 2.051
55 1 0.032 -0.518 2.402
55 2 0.013 -0.514 2.445
55 3 -0.135 -0.486 2.455
55 4 -0.323 -0.346 2.443
55 5 -0.283 -0.554 2.502
55 6 -0.281 -0.543 2.278
55 7 -0.111 -0.390 2.288
55 8 -0.051 -0.335 2.292
55 9 -0.174 -0.438 2.473
55 10 0.055 -0.478 2.376
55 11 0.039 -0.431 2.554
55 12 -0.021 -0.434 2.564
55 13 0.067 -0.557 2.281
55 14 0.103 -0.618 1.997
55 15 0.287 -0.767 1.919
55 16 0.253 -0.817 1.839
55 17 0.147 -0.531 2.478
55 18 0.480 -0.484 2.248
55 19 0.769 -0.487 2.145
55 20 0.808 -0.480 2.086
56 1 0.019 -0.518 2.412
56 2 0.002 -0.515 2.453
56 3 -0.137 -0.493 2.452
56 4 -0.321 -0.352 2.441
56 5 -0.283 -0.564 2.498
56 6 -0.282 -0.536 2.272
56 7 -0.108 -0.380 2.280
56 8 -0.050 -0.326 2.281
56 9 -0.174 -0.444 2.469
56 10 0.054 -0.485 2.373
56 11 -0.040 -0.423 2.559
56 12 -0.100 -0.431 2.549
56 13 0.071 -0.558 2.275
56 14 0.113 -0.616 2.005
56 15 0.296 -0.764 1.924
56 16 0.258 -0.814 1.840
56 17 0.150 -0.522 2.500
56 18 0.483 -0.492 2.256
56 19 0.784 -0.463 2.166
56 20 0.849 -0.405 2.136
57 1 0.009 -0.515 2.420
57 2 -0.006 -0.512 2.461
57 3 -0.140 -0.486 2.458
57 4 -0.323 -0.350 2.440
57 5 -0.283 -0.569 2.497
57 6 -0.282 -0.529 2.269
57 7 -0.109 -0.375 2.274
57 8 -0.054 -0.325 2.273
57 9 -0.171 -0.444 2.466
57 10 0.054 -0.489 2.371
57 11 -0.068 -0.420 2.561
57 12 -0.143 -0.430 2.542
57 13 0.063 -0.557 2.284
57 14 0.120 -0.616 2.015
57 15 0.302 -0.762 1.927
57 16 0.261 -0.812 1.842
57 17 0.139 -0.513 2.509
57 18 0.480 -0.498 2.263
57 19 0.786 -0.477 2.224
57 20 0.861 -0.393 2.196
58 1 0.003 -0.512 2.426
58 2 -0.011 -0.508 2.466
58 3 -0.143 -0.474 2.466
58 4 -0.324 -0.348 2.440
58 5 -0.285 -0.567 2.500
58 6 -0.288 -0.530 2.291
58 7 -0.114 -0.377 2.271
58 8 -0.062 -0.332 2.267
58 9 -0.166 -0.442 2.464
58 10 0.056 -0.488 2.384
58 11 -0.084 -0.416 2.572
58 12 -0.164 -0.428 2.549
58 13 0.056 -0.555 2.292
58 14 0.089 -0.606 2.020
58 15 0.259 -0.758 1.920
58 16 0.233 -0.805 1.839
58 17 0.126 -0.507 2.510
58 18 0.474 -0.503 2.269
58 19 0.788 -0.478 2.248
58 20 0.865 -0.391 2.223
59 1 0.033 -0.530 2.428
59 2 0.016 -0.517 2.469
59 3 -0.144 -0.470 2.470
59 4 -0.333 -0.337 2.462
59 5 -0.286 -0.565 2.502
59 6 -0.292 -0.535 2.298
59 7 -0.124 -0.394 2.268
59 8 -0.074 -0.352 2.260
59 9 -0.155 -0.447 2.453
59 10 0.057 -0.504 2.386
59 11 -0.086 -0.438 2.578
59 12 -0.165 -0.455 2.554
59 13 0.071 -0.568 2.324
59 14 0.102 -0.607 2.039
59 15 0.258 -0.759 1.924
59 16 0.233 -0.805 1.845
59 17 0.144 -0.530 2.488
59 18 0.474 -0.506 2.272
59 19 0.792 -0.484 2.256
59 20 0.867 -0.391 2.237
60 1 0.007 -0.510 2.427
60 2 -0.010 -0.501 2.471
60 3 -0.177 -0.441 2.492
60 4 -0.369 -0.312 2.473
60 5 -0.319 -0.535 2.525
60 6 -0.323 -0.532 2.321
60 7 -0.163 -0.399 2.278
60 8 -0.112 -0.359 2.267
60 9 -0.163 -0.410 2.476
60 10 0.052 -0.498 2.395
60 11 -0.013 -0.466 2.582
60 12 -0.017 -0.478 2.614
60 13 0.042 -0.552 2.348
60 14 0.120 -0.613 2.071
60 15 0.304 -0.805 1.955
60 16 0.276 -0.843 1.879
60 17 0.088 -0.508 2.452
60 18 0.455 -0.508 2.278
60 19 0.778 -0.494 2.263
60 20 0.848 -0.408 2.243
61 1 -0.011 -0.500 2.426
61 2 -0.026 -0.490 2.472
61 3 -0.219 -0.414 2.516
61 4 -0.409 -0.287 2.486
61 5 -0.360 -0.507 2.549
61 6 -0.365 -0.523 2.347
61 7 -0.211 -0.396 2.296
61 8 -0.159 -0.356 2.282
61 9 -0.216 -0.412 2.492
61 10 0.008 -0.478 2.419
61 11 0.046 -0.479 2.590
61 12 0.065 -0.485 2.645
61 13 0.018 -0.539 2.365
61 14 0.129 -0.613 2.091
61 15 0.327 -0.824 1.975
61 16 0.295 -0.859 1.901
61 17 0.041 -0.503 2.430
61 18 0.428 -0.512 2.286
61 19 0.753 -0.508 2.265
61 20 0.824 -0.433 2.243
62 1 -0.019 -0.496 2.426
62 2 -0.034 -0.485 2.473
62 3 -0.231 -0.409 2.521
62 4 -0.421 -0.280 2.492
62 5 -0.372 -0.500 2.556
62 6 -0.379 -0.523 2.355
62 7 -0.227 -0.399 2.300
62 8 -0.175 -0.359 2.286
62 9 -0.232 -0.419 2.493
62 10 -0.002 -0.474 2.428
62 11 0.069 -0.486 2.593
62 12 0.110 -0.490 2.660
62 13 0.009 -0.534 2.371
62 14 0.133 -0.612 2.101
62 15 0.257 -0.867 1.946
62 16 0.223 -0.902 1.874
62 17 0.021 -0.502 2.422
62 18 0.414 -0.515 2.292
62 19 0.740 -0.516 2.266
62 20 0.811 -0.450 2.243
63 1 -0.054 -0.517 2.427
63 2 -0.065 -0.502 2.475
63 3 -0.239 -0.405 2.525
63 4 -0.430 -0.275 2.499
63 5 -0.381 -0.495 2.560
63 6 -0.389 -0.522 2.360
63 7 -0.237 -0.400 2.303
63 8 -0.186 -0.360 2.288
63 9 -0.244 -0.427 2.494
63 10 -0.009 -0.472 2.435
63 11 0.194 -0.484 2.482
63 12 0.263 -0.487 2.531
63 13 -0.040 -0.559 2.408
63 14 0.153 -0.597 2.134
63 15 0.193 -0.791 1.942
63 16 0.161 -0.848 1.872
63 17 -0.020 -0.518 2.399
63 18 0.386 -0.526 2.300
63 19 0.172 -0.670 2.113
63 20 0.237 -0.712 2.056
64 1 -0.082 -0.532 2.433
64 2 -0.096 -0.518 2.482
64 3 -0.264 -0.425 2.524
64 4 -0.436 -0.274 2.502
64 5 -0.398 -0.501 2.563
64 6 -0.407 -0.530 2.363
64 7 -0.255 -0.408 2.307
64 8 -0.204 -0.368 2.292
64 9 -0.183 -0.427 2.475
64 10 0.049 -0.470 2.430
64 11 0.272 -0.494 2.445
64 12 0.358 -0.496 2.469
64 13 -0.076 -0.589 2.433
64 14 0.161 -0.592 2.144
64 15 0.167 -0.786 1.952
64 16 0.250 -0.795 1.957
64 17 -0.032 -0.522 2.392
64 18 0.375 -0.531 2.303
64 19 0.107 -0.684 2.102
64 20 0.177 -0.742 2.047
65 1 -0.095 -0.537 2.435
65 2 -0.109 -0.524 2.484
65 3 -0.275 -0.432 2.523
65 4 -0.440 -0.275 2.504
65 5 -0.409 -0.505 2.564
65 6 -0.419 -0.535 2.365
65 7 -0.266 -0.510 2.290
65 8 -0.215 -0.482 2.274
65 9 -0.156 -0.427 2.467
65 10 0.080 -0.470 2.428
65 11 0.295 -0.494 2.427
65 12 0.395 -0.499 2.440
65 13 -0.092 -0.601 2.440
65 14 0.165 -0.589 2.151
65 15 0.155 -0.778 1.954
65 16 0.257 -0.777 1.975
65 17 -0.038 -0.526 2.388
65 18 0.366 -0.533 2.301
65 19 0.093 -0.688 2.082
65 20 0.172 -0.740 2.032
66 1 -0.148 -0.532 2.475
66 2 -0.165 -0.517 2.522
66 3 -0.325 -0.417 2.548
66 4 -0.459 -0.275 2.516
66 5 -0.464 -0.493 2.588
66 6 -0.474 -0.521 2.389
66 7 -0.312 -0.531 2.309
66 8 -0.285 -0.563 2.283
66 9 -0.149 -0.401 2.487
66 10 0.085 -0.453 2.448
66 11 0.268 -0.493 2.425
66 12 0.366 -0.505 2.420
66 13 -0.149 -0.618 2.463
66 14 0.155 -0.588 2.165
66 15 0.129 -0.780 1.998
66 16 0.258 -0.767 2.001
66 17 -0.050 -0.516 2.445
66 18 0.340 -0.482 2.368
66 19 0.233 -0.637 2.115
66 20 0.261 -0.709 2.044
67 1 -0.188 -0.530 2.490
67 2 -0.200 -0.516 2.536
67 3 -0.348 -0.412 2.558
67 4 -0.468 -0.275 2.521
67 5 -0.486 -0.490 2.596
67 6 -0.496 -0.518 2.396
67 7 -0.330 -0.546 2.314
67 8 -0.324 -0.595 2.290
67 9 -0.145 -0.396 2.488
67 10 0.089 -0.448 2.453
67 11 0.270 -0.492 2.427
67 12 0.365 -0.507 2.414
67 13 -0.208 -0.627 2.462
67 14 0.112 -0.610 2.175
67 15 0.102 -0.803 2.025
67 16 0.224 -0.789 2.017
67 17 -0.059 -0.518 2.450
67 18 0.305 -0.461 2.372
67 19 0.226 -0.661 2.055
67 20 0.285 -0.729 1.996
68 1 -0.093 -0.536 2.357
68 2 -0.100 -0.542 2.403
68 3 -0.239 -0.461 2.467
68 4 -0.423 -0.309 2.482
68 5 -0.418 -0.530 2.530
68 6 -0.427 -0.555 2.329
68 7 -0.196 -0.589 2.168
68 8 -0.088 -0.634 2.088
68 9 -0.144 -0.408 2.475
68 10 0.091 -0.453 2.446
68 11 0.282 -0.493 2.421
68 12 0.351 -0.504 2.423
68 13 -0.082 -0.600 2.302
68 14 0.181 -0.628 2.085
68 15 0.175 -0.858 1.953
68 16 0.201 -0.879 1.900
68 17 -0.018 -0.517 2.350
68 18 0.290 -0.452 2.376
68 19 0.236 -0.656 2.047
68 20 0.300 -0.715 1.983
69 1 -0.100 -0.517 2.424
69 2 -0.115 -0.514 2.470
69 3 -0.276 -0.447 2.499
69 4 -0.432 -0.305 2.494
69 5 -0.422 -0.531 2.533
69 6 -0.393 -0.469 2.330
69 7 -0.212 -0.543 2.184
69 8 -0.043 -0.665 2.038
69 9 -0.145 -0.410 2.474
69 10 0.088 -0.454 2.444
69 11 0.263 -0.488 2.434
69 12 0.333 -0.500 2.432
69 13 -0.076 -0.583 2.402
69 14 0.169 -0.629 2.100
69 15 0.178 -0.858 1.961
69 16 0.265 -0.829 1.930
69 17 -0.001 -0.496 2.395
69 18 0.276 -0.468 2.366
69 19 0.296 -0.653 2.017
69 20 0.360 -0.706 1.952
70 1 -0.156 -0.523 2.455
70 2 -0.165 -0.515 2.498
70 3 -0.305 -0.426 2.526
70 4 -0.443 -0.297 2.507
70 5 -0.448 -0.515 2.556
70 6 -0.349 -0.483 2.374
70 7 -0.186 -0.564 2.185
70 8 -0.058 -0.605 2.068
70 9 -0.148 -0.411 2.473
70 10 0.086 -0.453 2.445
70 11 0.257 -0.486 2.438
70 12 0.321 -0.498 2.437
70 13 -0.171 -0.609 2.430
70 14 0.115 -0.611 2.155
70 15 0.144 -0.839 2.010
70 16 0.224 -0.819 1.961
70 17 -0.036 -0.513 2.420
70 18 0.268 -0.480 2.360
70 19 0.324 -0.646 2.008
70 20 0.411 -0.671 1.943
71 1 -0.180 -0.526 2.473
71 2 -0.189 -0.514 2.518
71 3 -0.328 -0.402 2.556
71 4 -0.456 -0.284 2.522
71 5 -0.470 -0.494 2.584
71 6 -0.333 -0.488 2.404
71 7 -0.176 -0.564 2.189
71 8 -0.056 -0.594 2.068
71 9 -0.151 -0.411 2.473
71 10 0.083 -0.452 2.444
71 11 0.251 -0.484 2.442
71 12 0.313 -0.496 2.441
71 13 -0.190 -0.614 2.443
71 14 0.105 -0.608 2.167
71 15 0.127 -0.827 2.038
71 16 0.210 -0.802 1.980
71 17 -0.056 -0.527 2.438
71 18 0.264 -0.490 2.355
71 19 0.339 -0.643 2.003
71 20 0.414 -0.648 1.940
72 1 -0.263 -0.537 2.505
72 2 -0.260 -0.520 2.548
72 3 -0.339 -0.388 2.572
72 4 -0.464 -0.276 2.530
72 5 -0.481 -0.481 2.599
72 6 -0.326 -0.490 2.421
72 7 -0.178 -0.555 2.218
72 8 -0.054 -0.585 2.069
72 9 -0.154 -0.410 2.473
72 10 0.081 -0.450 2.443
72 11 0.247 -0.482 2.445
72 12 0.307 -0.495 2.444
72 13 -0.318 -0.622 2.496
72 14 -0.026 -0.573 2.211
72 15 -0.002 -0.786 2.082
72 16 0.091 -0.760 2.037
72 17 -0.156 -0.584 2.451
72 18 0.210 -0.522 2.358
72 19 0.336 -0.629 2.012
72 20 0.405 -0.614 1.968
73 1 -0.278 -0.538 2.513
73 2 -0.275 -0.520 2.556
73 3 -0.344 -0.385 2.573
73 4 -0.468 -0.272 2.533
73 5 -0.486 -0.478 2.604
73 6 -0.322 -0.495 2.427
73 7 -0.176 -0.554 2.223
73 8 -0.058 -0.575 2.075
73 9 -0.156 -0.408 2.472
73 10 0.078 -0.447 2.442
73 11 0.244 -0.481 2.447
73 12 0.304 -0.494 2.446
73 13 -0.294 -0.605 2.470
73 14 -0.072 -0.554 2.216
73 15 -0.049 -0.763 2.086
73 16 0.044 -0.733 2.044
73 17 -0.163 -0.597 2.497
73 18 0.201 -0.530 2.358
73 19 0.377 -0.599 2.038
73 20 0.458 -0.577 1.984
74 1 -0.264 -0.531 2.509
74 2 -0.268 -0.515 2.552
74 3 -0.345 -0.388 2.563
74 4 -0.471 -0.270 2.534
74 5 -0.490 -0.475 2.605
74 6 -0.321 -0.500 2.429
74 7 -0.174 -0.553 2.225
74 8 -0.068 -0.567 2.086
74 9 -0.180 -0.384 2.480
74 10 0.064 -0.436 2.436
74 11 0.225 -0.479 2.429
74 12 0.279 -0.496 2.423
74 13 -0.261 -0.596 2.419
74 14 -0.093 -0.543 2.212
74 15 -0.070 -0.750 2.080
74 16 0.025 -0.718 2.044
74 17 -0.136 -0.591 2.527
74 18 0.205 -0.536 2.358
74 19 0.449 -0.538 2.075
74 20 0.463 -0.542 2.008
75 1 -0.262 -0.529 2.509
75 2 -0.266 -0.512 2.551
75 3 -0.343 -0.392 2.553
75 4 -0.474 -0.273 2.506
75 5 -0.491 -0.475 2.602
75 6 -0.322 -0.503 2.427
75 7 -0.173 -0.550 2.225
75 8 -0.075 -0.559 2.094
75 9 -0.189 -0.375 2.482
75 10 0.052 -0.432 2.427
75 11 0.191 -0.506 2.384
75 12 0.238 -0.533 2.372
75 13 -0.276 -0.594 2.436
75 14 -0.104 -0.537 2.208
75 15 -0.081 -0.743 2.075
75 16 0.013 -0.709 2.043
75 17 -0.136 -0.593 2.536
75 18 0.210 -0.539 2.358
75 19 0.471 -0.515 2.086
75 20 0.462 -0.529 2.015
76 1 -0.254 -0.525 2.505
76 2 -0.259 -0.508 2.546
76 3 -0.342 -0.395 2.544
76 4 -0.476 -0.273 2.496
76 5 -0.492 -0.475 2.597
76 6 -0.325 -0.506 2.422
76 7 -0.174 -0.547 2.224
76 8 -0.080 -0.554 2.098
76 9 -0.192 -0.371 2.483
76 10 0.047 -0.431 2.420
76 11 0.181 -0.520 2.365
76 12 0.226 -0.552 2.350
76 13 -0.269 -0.590 2.431
76 14 -0.106 -0.534 2.200
76 15 -0.082 -0.741 2.066
76 16 0.010 -0.703 2.042
76 17 -0.130 -0.589 2.540
76 18 0.217 -0.540 2.358
76 19 0.483 -0.502 2.093
76 20 0.449 -0.522 2.019
77 1 -0.250 -0.522 2.504
77 2 -0.254 -0.505 2.543
77 3 -0.341 -0.398 2.538
77 4 -0.477 -0.273 2.491
77 5 -0.492 -0.477 2.592
77 6 -0.329 -0.509 2.417
77 7 -0.174 -0.545 2.224
77 8 -0.085 -0.550 2.102
77 9 -0.191 -0.375 2.478
77 10 0.043 -0.435 2.412
77 11 0.176 -0.533 2.352
77 12 0.221 -0.567 2.336
77 13 -0.265 -0.586 2.429
77 14 -0.100 -0.534 2.192
77 15 -0.077 -0.741 2.058
77 16 0.013 -0.701 2.038
77 17 -0.125 -0.583 2.542
77 18 0.222 -0.537 2.361
77 19 0.487 -0.490 2.099
77 20 0.443 -0.516 2.023
78 1 -0.247 -0.521 2.502
78 2 -0.251 -0.504 2.541
78 3 -0.340 -0.400 2.533
78 4 -0.478 -0.273 2.488
78 5 -0.492 -0.478 2.587
78 6 -0.333 -0.510 2.412
78 7 -0.175 -0.543 2.222
78 8 -0.089 -0.546 2.103
78 9 -0.189 -0.379 2.475
78 10 0.042 -0.438 2.408
78 11 0.179 -0.543 2.353
78 12 0.227 -0.580 2.342
78 13 -0.263 -0.584 2.428
78 14 -0.075 -0.537 2.174
78 15 -0.054 -0.745 2.038
78 16 -0.019 -0.681 2.047
78 17 -0.134 -0.578 2.509
78 18 0.224 -0.536 2.362
78 19 0.409 -0.453 2.151
78 20 0.379 -0.489 2.067
79 1 -0.245 -0.520 2.500
79 2 -0.249 -0.503 2.539
79 3 -0.340 -0.401 2.531
79 4 -0.479 -0.273 2.486
79 5 -0.492 -0.479 2.584
79 6 -0.337 -0.510 2.408
79 7 -0.176 -0.542 2.221
79 8 -0.092 -0.544 2.104
79 9 -0.187 -0.382 2.473
79 10 0.041 -0.442 2.407
79 11 0.184 -0.550 2.358
79 12 0.234 -0.587 2.350
79 13 -0.262 -0.583 2.427
79 14 -0.059 -0.540 2.163
79 15 -0.038 -0.748 2.027
79 16 -0.034 -0.671 2.051
79 17 -0.138 -0.576 2.493
79 18 0.226 -0.535 2.362
79 19 0.394 -0.438 2.167
79 20 0.352 -0.478 2.086
80 1 -0.244 -0.519 2.498
80 2 -0.248 -0.503 2.537
80 3 -0.339 -0.402 2.529
80 4 -0.479 -0.274 2.487
80 5 -0.491 -0.480 2.581
80 6 -0.340 -0.510 2.405
80 7 -0.178 -0.540 2.220
80 8 -0.094 -0.542 2.103
80 9 -0.185 -0.385 2.473
80 10 0.041 -0.445 2.406
80 11 0.189 -0.554 2.364
80 12 0.241 -0.590 2.359
80 13 -0.261 -0.582 2.426
80 14 -0.050 -0.541 2.157
80 15 -0.029 -0.750 2.021
80 16 -0.046 -0.666 2.053
80 17 -0.139 -0.575 2.488
80 18 0.227 -0.534 2.363
80 19 0.381 -0.430 2.177
80 20 0.340 -0.472 2.095
81 1 -0.243 -0.519 2.497
81 2 -0.247 -0.503 2.536
81 3 -0.339 -0.403 2.528
81 4 -0.478 -0.274 2.488
81 5 -0.491 -0.481 2.579
81 6 -0.342 -0.510 2.403
81 7 -0.179 -0.539 2.219
81 8 -0.095 -0.541 2.102
81 9 -0.182 -0.391 2.472
81 10 0.042 -0.448 2.405
81 11 0.190 -0.557 2.364
81 12 0.242 -0.593 2.359
81 13 -0.261 -0.581 2.426
81 14 -0.045 -0.542 2.153
81 15 -0.024 -0.752 2.017
81 16 -0.052 -0.662 2.054
81 17 -0.138 -0.575 2.485
81 18 0.229 -0.533 2.363
81 19 0.372 -0.426 2.183
81 20 0.333 -0.468 2.101
82 1 -0.241 -0.520 2.495
82 2 -0.245 -0.504 2.534
82 3 -0.339 -0.403 2.528
82 4 -0.478 -0.274 2.489
82 5 -0.491 -0.482 2.577
82 6 -0.344 -0.511 2.401
82 7 -0.181 -0.539 2.218
82 8 -0.095 -0.542 2.099
82 9 -0.179 -0.396 2.472
82 10 0.043 -0.451 2.404
82 11 0.192 -0.559 2.364
82 12 0.244 -0.595 2.359
82 13 -0.260 -0.581 2.425
82 14 -0.036 -0.546 2.148
82 15 -0.016 -0.755 2.012
82 16 -0.054 -0.661 2.053
82 17 -0.134 -0.576 2.485
82 18 0.231 -0.532 2.362
82 19 0.368 -0.425 2.184
82 20 0.330 -0.468 2.103
83 1 -0.269 -0.542 2.484
83 2 -0.266 -0.527 2.525
83 3 -0.339 -0.404 2.527
83 4 -0.478 -0.274 2.489
83 5 -0.490 -0.483 2.576
83 6 -0.345 -0.511 2.400
83 7 -0.182 -0.539 2.217
83 8 -0.094 -0.544 2.095
83 9 -0.176 -0.400 2.472
83 10 0.044 -0.454 2.403
83 11 0.193 -0.561 2.364
83 12 0.245 -0.596 2.359
83 13 -0.315 -0.610 2.444
83 14 -0.041 -0.551 2.155
83 15 -0.021 -0.761 2.019
83 16 -0.057 -0.660 2.055
83 17 -0.165 -0.597 2.456
83 18 0.222 -0.539 2.360
83 19 0.347 -0.445 2.176
83 20 0.316 -0.480 2.099
84 1 -0.279 -0.551 2.479
84 2 -0.274 -0.537 2.521
84 3 -0.339 -0.404 2.527
84 4 -0.477 -0.275 2.491
84 5 -0.490 -0.484 2.575
84 6 -0.356 -0.525 2.379
84 7 -0.185 -0.609 2.224
84 8 -0.094 -0.548 2.091
84 9 -0.175 -0.404 2.471
84 10 0.045 -0.457 2.402
84 11 0.194 -0.562 2.363
84 12 0.246 -0.597 2.357
84 13 -0.340 -0.631 2.456
84 14 -0.044 -0.559 2.160
84 15 -0.023 -0.769 2.024
84 16 -0.059 -0.664 2.056
84 17 -0.176 -0.605 2.437
84 18 0.218 -0.543 2.358
84 19 0.340 -0.456 2.170
84 20 0.310 -0.489 2.094
85 1 -0.285 -0.556 2.476
85 2 -0.278 -0.542 2.518
85 3 -0.338 -0.405 2.527
85 4 -0.477 -0.276 2.492
85 5 -0.490 -0.485 2.574
85 6 -0.362 -0.534 2.368
85 7 -0.187 -0.639 2.227
85 8 -0.093 -0.554 2.088
85 9 -0.173 -0.406 2.471
85 10 0.047 -0.461 2.401
85 11 0.194 -0.565 2.362
85 12 0.246 -0.600 2.355
85 13 -0.349 -0.639 2.461
85 14 -0.046 -0.565 2.164
85 15 -0.026 -0.775 2.028
85 16 -0.060 -0.667 2.057
85 17 -0.181 -0.608 2.429
85 18 0.201 -0.507 2.425
85 19 0.330 -0.431 2.225
85 20 0.302 -0.462 2.150
86 1 -0.288 -0.559 2.474
86 2 -0.281 -0.545 2.517
86 3 -0.338 -0.406 2.528
86 4 -0.476 -0.277 2.492
86 5 -0.489 -0.485 2.574
86 6 -0.365 -0.539 2.360
86 7 -0.187 -0.654 2.228
86 8 -0.094 -0.558 2.085
86 9 -0.172 -0.408 2.472
86 10 0.048 -0.464 2.400
86 11 0.195 -0.566 2.361
86 12 0.246 -0.601 2.354
86 13 -0.354 -0.644 2.464
86 14 -0.048 -0.569 2.167
86 15 -0.027 -0.779 2.032
86 16 -0.061 -0.670 2.058
86 17 -0.183 -0.609 2.421
86 18 0.195 -0.490 2.453
86 19 0.326 -0.417 2.252
86 20 0.393 -0.427 2.220
87 1 -0.290 -0.560 2.473
87 2 -0.283 -0.547 2.516
87 3 -0.338 -0.407 2.528
87 4 -0.473 -0.281 2.488
87 5 -0.489 -0.487 2.573
87 6 -0.367 -0.543 2.355
87 7 -0.188 -0.663 2.229
87 8 -0.094 -0.561 2.084
87 9 -0.171 -0.410 2.472
87 10 0.050 -0.466 2.400
87 11 0.195 -0.568 2.360
87 12 0.246 -0.603 2.353
87 13 -0.353 -0.645 2.468
87 14 -0.050 -0.572 2.170
87 15 -0.029 -0.782 2.034
87 16 -0.061 -0.674 2.058
87 17 -0.184 -0.608 2.415
87 18 0.192 -0.478 2.473
87 19 0.325 -0.410 2.265
87 20 0.416 -0.416 2.246
88 1 -0.289 -0.561 2.472
88 2 -0.282 -0.548 2.515
88 3 -0.333 -0.410 2.529
88 4 -0.465 -0.285 2.482
88 5 -0.486 -0.489 2.572
88 6 -0.366 -0.546 2.351
88 7 -0.185 -0.670 2.229
88 8 -0.095 -0.564 2.082
88 9 -0.169 -0.411 2.474
88 10 0.051 -0.468 2.401
88 11 0.196 -0.569 2.360
88 12 0.247 -0.603 2.352
88 13 -0.348 -0.644 2.469
88 14 -0.051 -0.574 2.172
88 15 -0.030 -0.784 2.036
88 16 -0.061 -0.676 2.058
88 17 -0.183 -0.606 2.411
88 18 0.190 -0.473 2.482
88 19 0.435 -0.435 2.328
88 20 0.476 -0.453 2.284
89 1 -0.287 -0.559 2.472
89 2 -0.282 -0.548 2.515
89 3 -0.331 -0.412 2.529
89 4 -0.461 -0.287 2.479
89 5 -0.484 -0.491 2.572
89 6 -0.366 -0.547 2.349
89 7 -0.183 -0.673 2.230
89 8 -0.095 -0.566 2.082
89 9 -0.175 -0.395 2.506
89 10 0.052 -0.447 2.437
89 11 0.225 -0.514 2.417
89 12 0.283 -0.539 2.411
89 13 -0.340 -0.643 2.470
89 14 -0.051 -0.575 2.173
89 15 -0.030 -0.785 2.038
89 16 -0.061 -0.678 2.059
89 17 -0.177 -0.599 2.413
89 18 0.190 -0.469 2.489
89 19 0.513 -0.453 2.364
89 20 0.504 -0.468 2.299
90 1 -0.285 -0.558 2.473
90 2 -0.280 -0.548 2.515
90 3 -0.330 -0.413 2.530
90 4 -0.458 -0.288 2.477
90 5 -0.483 -0.492 2.572
90 6 -0.366 -0.548 2.347
90 7 -0.181 -0.673 2.230
90 8 -0.095 -0.567 2.081
90 9 -0.172 -0.400 2.508
90 10 0.056 -0.445 2.444
90 11 0.235 -0.501 2.429
90 12 0.296 -0.519 2.427
90 13 -0.336 -0.640 2.470
90 14 -0.052 -0.576 2.174
90 15 -0.031 -0.786 2.039
90 16 -0.061 -0.680 2.059
90 17 -0.174 -0.595 2.415
90 18 0.191 -0.467 2.492
90 19 0.538 -0.458 2.377
90 20 0.518 -0.477 2.305
91 1 -0.213 -0.520 2.473
91 2 -0.227 -0.520 2.516
91 3 -0.329 -0.414 2.530
91 4 -0.456 -0.289 2.475
91 5 -0.482 -0.493 2.572
91 6 -0.365 -0.549 2.346
91 7 -0.179 -0.672 2.230
91 8 -0.095 -0.568 2.080
91 9 -0.197 -0.355 2.559
91 10 0.035 -0.392 2.503
91 11 0.215 -0.435 2.494
91 12 0.274 -0.448 2.493
91 13 -0.232 -0.606 2.464
91 14 0.037 -0.499 2.207
91 15 0.058 -0.709 2.072
91 16 -0.009 -0.641 2.073
91 17 -0.072 -0.501 2.426
91 18 0.205 -0.468 2.493
91 19 0.561 -0.464 2.382
91 20 0.540 -0.496 2.291
92 1 -0.225 -0.524 2.476
92 2 -0.229 -0.519 2.518
92 3 -0.329 -0.415 2.531
92 4 -0.455 -0.290 2.474
92 5 -0.481 -0.494 2.572
92 6 -0.365 -0.549 2.346
92 7 -0.178 -0.669 2.230
92 8 -0.095 -0.569 2.080
92 9 -0.214 -0.326 2.589
92 10 0.026 -0.380 2.516
92 11 0.213 -0.442 2.481
92 12 0.279 -0.475 2.457
92 13 -0.258 -0.623 2.465
92 14 0.019 -0.527 2.195
92 15 0.040 -0.736 2.060
92 16 -0.010 -0.652 2.069
92 17 -0.130 -0.534 2.427
92 18 0.209 -0.469 2.493
92 19 0.425 -0.514 2.232
92 20 0.438 -0.544 2.177
93 1 -0.191 -0.499 2.479
93 2 -0.210 -0.503 2.521
93 3 -0.328 -0.416 2.531
93 4 -0.456 -0.289 2.479
93 5 -0.481 -0.495 2.572
93 6 -0.364 -0.549 2.346
93 7 -0.177 -0.666 2.230
93 8 -0.095 -0.569 2.080
93 9 -0.219 -0.316 2.600
93 10 0.020 -0.374 2.524
93 11 0.212 -0.452 2.467
93 12 0.281 -0.489 2.439
93 13 -0.198 -0.595 2.466
93 14 0.071 -0.471 2.217
93 15 0.092 -0.681 2.081
93 16 0.006 -0.636 2.074
93 17 -0.076 -0.475 2.437
93 18 0.212 -0.470 2.492
93 19 0.420 -0.528 2.215
93 20 0.464 -0.545 2.156
94 1 -0.234 -0.523 2.478
94 2 -0.238 -0.518 2.520
94 3 -0.328 -0.416 2.532
94 4 -0.457 -0.288 2.484
94 5 -0.480 -0.495 2.572
94 6 -0.364 -0.549 2.346
94 7 -0.176 -0.664 2.230
94 8 -0.095 -0.570 2.080
94 9 -0.223 -0.310 2.606
94 10 0.015 -0.370 2.527
94 11 0.212 -0.463 2.454
94 12 0.282 -0.501 2.424
94 13 -0.260 -0.627 2.470
94 14 0.016 -0.526 2.195
94 15 0.037 -0.736 2.059
94 16 -0.011 -0.657 2.067
94 17 -0.145 -0.538 2.424
94 18 0.213 -0.473 2.488
94 19 0.394 -0.539 2.186
94 20 0.464 -0.550 2.142
95 1 -0.253 -0.534 2.478
95 2 -0.255 -0.527 2.520
95 3 -0.328 -0.416 2.532
95 4 -0.458 -0.288 2.486
95 5 -0.480 -0.496 2.572
95 6 -0.363 -0.549 2.346
95 7 -0.176 -0.661 2.230
95 8 -0.095 -0.570 2.079
95 9 -0.225 -0.307 2.608
95 10 0.011 -0.369 2.527
95 11 0.212 -0.470 2.444
95 12 0.283 -0.507 2.416
95 13 -0.272 -0.634 2.471
95 14 -0.015 -0.557 2.182
95 15 0.006 -0.766 2.047
95 16 -0.022 -0.671 2.061
95 17 -0.157 -0.544 2.422
95 18 0.212 -0.478 2.478
95 19 0.381 -0.545 2.171
95 20 0.466 -0.550 2.133
96 1 -0.263 -0.540 2.478
96 2 -0.264 -0.532 2.520
96 3 -0.328 -0.417 2.532
96 4 -0.459 -0.288 2.486
96 5 -0.480 -0.496 2.572
96 6 -0.363 -0.549 2.346
96 7 -0.176 -0.659 2.230
96 8 -0.095 -0.570 2.079
96 9 -0.224 -0.311 2.599
96 10 0.007 -0.370 2.524
96 11 0.211 -0.473 2.439
96 12 0.283 -0.510 2.412
96 13 -0.289 -0.642 2.471
96 14 -0.030 -0.572 2.176
96 15 -0.009 -0.781 2.041
96 16 -0.030 -0.679 2.057
96 17 -0.174 -0.560 2.418
96 18 0.211 -0.481 2.471
96 19 0.373 -0.549 2.163
96 20 0.478 -0.547 2.140
97 1 -0.269 -0.543 2.477
97 2 -0.268 -0.534 2.519
97 3 -0.329 -0.417 2.533
97 4 -0.460 -0.288 2.487
97 5 -0.480 -0.496 2.572
97 6 -0.363 -0.548 2.347
97 7 -0.176 -0.658 2.231
97 8 -0.095 -0.570 2.079
97 9 -0.225 -0.312 2.596
97 10 0.005 -0.372 2.523
97 11 0.213 -0.478 2.442
97 12 0.286 -0.515 2.419
97 13 -0.296 -0.645 2.471
97 14 -0.038 -0.580 2.173
97 15 -0.017 -0.789 2.037
97 16 -0.035 -0.685 2.055
97 17 -0.181 -0.566 2.417
97 18 0.210 -0.483 2.467
97 19 0.372 -0.550 2.166
97 20 0.487 -0.544 2.150
98 1 -0.272 -0.545 2.477
98 2 -0.271 -0.536 2.519
98 3 -0.330 -0.417 2.533
98 4 -0.461 -0.287 2.487
98 5 -0.480 -0.497 2.573
98 6 -0.363 -0.548 2.348
98 7 -0.176 -0.657 2.231
98 8 -0.095 -0.570 2.079
98 9 -0.226 -0.314 2.592
98 10 0.003 -0.374 2.522
98 11 0.213 -0.482 2.444
98 12 0.287 -0.519 2.426
98 13 -0.301 -0.647 2.472
98 14 -0.043 -0.585 2.171
98 15 -0.023 -0.794 2.035
98 16 -0.039 -0.689 2.053
98 17 -0.186 -0.570 2.416
98 18 0.207 -0.484 2.457
98 19 0.373 -0.551 2.170
98 20 0.491 -0.543 2.155
99 1 -0.275 -0.546 2.477
99 2 -0.273 -0.537 2.519
99 3 -0.331 -0.416 2.534
99 4 -0.461 -0.287 2.488
99 5 -0.480 -0.497 2.573
99 6 -0.363 -0.548 2.348
99 7 -0.176 -0.656 2.231
99 8 -0.095 -0.571 2.079
99 9 -0.226 -0.317 2.586
99 10 0.001 -0.376 2.520
99 11 0.214 -0.484 2.447
99 12 0.288 -0.521 2.432
99 13 -0.304 -0.649 2.472
99 14 -0.047 -0.588 2.169
99 15 -0.026 -0.798 2.034
99 16 -0.041 -0.691 2.052
99 17 -0.188 -0.572 2.415
99 18 0.205 -0.486 2.451
99 19 0.375 -0.553 2.175
99 20 0.493 -0.544 2.156
100 1 -0.276 -0.547 2.477
100 2 -0.275 -0.538 2.519
100 3 -0.331 -0.416 2.534
100 4 -0.462 -0.287 2.488
100 5 -0.481 -0.497 2.573
100 6 -0.363 -0.548 2.349
100 7 -0.177 -0.655 2.231
100 8 -0.095 -0.571 2.079
100 9 -0.226 -0.320 2.581
100 10 0.000 -0.378 2.520
100 11 0.215 -0.486 2.452
100 12 0.289 -0.522 2.441
100 13 -0.306 -0.649 2.472
100 14 -0.049 -0.590 2.168
100 15 -0.029 -0.800 2.033
100 16 -0.043 -0.693 2.051
100 17 -0.188 -0.573 2.415
100 18 0.204 -0.488 2.447
100 19 0.381 -0.552 2.183
100 20 0.496 -0.544 2.160
101 1 -0.276 -0.548 2.476
101 2 -0.273 -0.539 2.518
101 3 -0.308 -0.417 2.530
101 4 -0.452 -0.288 2.487
101 5 -0.469 -0.498 2.571
101 6 -0.352 -0.548 2.347
101 7 -0.167 -0.654 2.228
101 8 -0.096 -0.570 2.079
101 9 -0.171 -0.380 2.522
101 10 0.053 -0.422 2.485
101 11 0.242 -0.496 2.463
101 12 0.310 -0.525 2.461
101 13 -0.308 -0.649 2.471
101 14 -0.051 -0.591 2.168
101 15 -0.030 -0.801 2.032
101 16 -0.045 -0.694 2.050
101 17 -0.184 -0.579 2.417
101 18 0.203 -0.490 2.444
101 19 0.386 -0.551 2.189
101 20 0.498 -0.544 2.163
102 1 0.005 -0.505 2.470
102 2 -0.013 -0.490 2.508
102 3 -0.158 -0.452 2.501
102 4 -0.353 -0.328 2.468
102 5 -0.341 -0.528 2.547
102 6 -0.224 -0.575 2.324
102 7 -0.122 -0.599 2.128
102 8 -0.086 -0.563 2.024
102 9 -0.149 -0.425 2.474
102 10 0.083 -0.473 2.441
102 11 0.258 -0.527 2.456
102 12 0.320 -0.548 2.461
102 13 0.056 -0.539 2.469
102 14 0.370 -0.521 2.272
102 15 0.391 -0.731 2.137
102 16 0.476 -0.680 2.119
102 17 0.033 -0.502 2.449
102 18 0.319 -0.493 2.435
102 19 0.390 -0.547 2.195
102 20 0.499 -0.543 2.165
103 1 -0.237 -0.535 2.476
103 2 -0.235 -0.526 2.517
103 3 -0.297 -0.427 2.526
103 4 -0.423 -0.312 2.464
103 5 -0.407 -0.518 2.559
103 6 -0.290 -0.564 2.336
103 7 -0.149 -0.619 2.164
103 8 -0.091 -0.565 2.039
103 9 -0.146 -0.423 2.475
103 10 0.093 -0.482 2.430
103 11 0.260 -0.527 2.449
103 12 0.318 -0.543 2.454
103 13 -0.281 -0.617 2.466
103 14 0.026 -0.567 2.194
103 15 0.047 -0.777 2.059
103 16 0.026 -0.688 2.060
103 17 -0.131 -0.569 2.423
103 18 0.268 -0.484 2.435
103 19 0.395 -0.538 2.201
103 20 0.499 -0.535 2.170
104 1 -0.235 -0.536 2.476
104 2 -0.235 -0.527 2.516
104 3 -0.297 -0.428 2.526
104 4 -0.418 -0.316 2.460
104 5 -0.436 -0.513 2.565
104 6 -0.319 -0.559 2.342
104 7 -0.164 -0.631 2.186
104 8 -0.095 -0.567 2.051
104 9 -0.162 -0.409 2.493
104 10 0.088 -0.476 2.429
104 11 0.249 -0.518 2.440
104 12 0.302 -0.531 2.441
104 13 -0.281 -0.617 2.463
104 14 0.028 -0.565 2.195
104 15 0.048 -0.774 2.059
104 16 0.024 -0.688 2.060
104 17 -0.129 -0.571 2.425
104 18 0.243 -0.478 2.436
104 19 0.398 -0.531 2.205
104 20 0.499 -0.528 2.173
105 1 0.026 -0.498 2.472
105 2 0.004 -0.475 2.505
105 3 -0.159 -0.453 2.501
105 4 -0.312 -0.333 2.435
105 5 -0.339 -0.531 2.547
105 6 -0.218 -0.578 2.326
105 7 -0.128 -0.593 2.117
105 8 -0.089 -0.563 2.015
105 9 -0.102 -0.478 2.456
105 10 0.136 -0.520 2.393
105 11 0.196 -0.628 2.445
105 12 0.164 -0.650 2.439
105 13 0.089 -0.520 2.475
105 14 0.400 -0.510 2.277
105 15 0.421 -0.720 2.141
105 16 0.494 -0.655 2.115
105 17 0.064 -0.505 2.445
105 18 0.346 -0.449 2.458
105 19 0.399 -0.528 2.208
105 20 0.499 -0.527 2.174
106 1 -0.233 -0.549 2.473
106 2 -0.230 -0.534 2.514
106 3 -0.294 -0.419 2.532
106 4 -0.420 -0.300 2.460
106 5 -0.406 -0.512 2.564
106 6 -0.283 -0.559 2.345
106 7 -0.150 -0.616 2.175
106 8 -0.095 -0.567 2.044
106 9 -0.140 -0.441 2.473
106 10 0.115 -0.517 2.388
106 11 0.180 -0.637 2.397
106 12 0.177 -0.659 2.378
106 13 -0.287 -0.621 2.459
106 14 0.026 -0.565 2.193
106 15 0.047 -0.775 2.057
106 16 0.020 -0.686 2.061
106 17 -0.130 -0.592 2.424
106 18 0.237 -0.467 2.455
106 19 0.401 -0.527 2.209
106 20 0.499 -0.526 2.175
107 1 -0.234 -0.548 2.473
107 2 -0.232 -0.534 2.514
107 3 -0.311 -0.414 2.537
107 4 -0.421 -0.297 2.459
107 5 -0.451 -0.499 2.575
107 6 -0.327 -0.547 2.356
107 7 -0.165 -0.631 2.212
107 8 -0.099 -0.568 2.059
107 9 -0.147 -0.435 2.475
107 10 0.096 -0.510 2.389
107 11 0.174 -0.635 2.373
107 12 0.185 -0.662 2.350
107 13 -0.288 -0.618 2.461
107 14 0.012 -0.566 2.191
107 15 0.033 -0.776 2.056
107 16 0.013 -0.684 2.061
107 17 -0.132 -0.594 2.422
107 18 0.233 -0.463 2.459
107 19 0.402 -0.526 2.210
107 20 0.499 -0.525 2.176
108 1 -0.283 -0.556 2.474
108 2 -0.280 -0.545 2.516
108 3 -0.337 -0.408 2.543
108 4 -0.443 -0.291 2.464
108 5 -0.472 -0.494 2.580
108 6 -0.347 -0.542 2.361
108 7 -0.172 -0.638 2.229
108 8 -0.101 -0.569 2.067
108 9 -0.175 -0.400 2.505
108 10 0.061 -0.461 2.427
108 11 0.192 -0.552 2.393
108 12 0.238 -0.564 2.383
108 13 -0.339 -0.633 2.460
108 14 -0.065 -0.579 2.174
108 15 -0.044 -0.788 2.039
108 16 -0.081 -0.691 2.052
108 17 -0.174 -0.605 2.417
108 18 0.204 -0.468 2.459
108 19 0.402 -0.525 2.211
108 20 0.499 -0.525 2.176
109 1 -0.300 -0.559 2.474
109 2 -0.297 -0.549 2.517
109 3 -0.348 -0.405 2.545
109 4 -0.460 -0.287 2.468
109 5 -0.483 -0.491 2.582
109 6 -0.359 -0.539 2.364
109 7 -0.176 -0.643 2.238
109 8 -0.103 -0.569 2.071
109 9 -0.180 -0.391 2.513
109 10 0.055 -0.446 2.439
109 11 0.217 -0.503 2.408
109 12 0.275 -0.520 2.399
109 13 -0.362 -0.640 2.460
109 14 -0.092 -0.583 2.168
109 15 -0.071 -0.792 2.033
109 16 -0.113 -0.693 2.048
109 17 -0.188 -0.610 2.415
109 18 0.194 -0.469 2.461
109 19 0.404 -0.525 2.212
109 20 0.500 -0.525 2.177
110 1 -0.311 -0.560 2.475
110 2 -0.306 -0.551 2.518
110 3 -0.355 -0.403 2.547
110 4 -0.468 -0.285 2.470
110 5 -0.490 -0.489 2.584
110 6 -0.366 -0.538 2.366
110 7 -0.179 -0.645 2.244
110 8 -0.104 -0.569 2.074
110 9 -0.180 -0.390 2.513
110 10 0.051 -0.440 2.443
110 11 0.226 -0.487 2.410
110 12 0.292 -0.502 2.405
110 13 -0.362 -0.640 2.461
110 14 -0.109 -0.585 2.165
110 15 -0.088 -0.795 2.029
110 16 -0.132 -0.694 2.046
110 17 -0.197 -0.611 2.414
110 18 0.187 -0.470 2.462
110 19 0.404 -0.525 2.213
110 20 0.500 -0.526 2.178
111 1 0.024 -0.503 2.463
111 2 0.004 -0.466 2.483
111 3 -0.161 -0.449 2.503
111 4 -0.329 -0.313 2.444
111 5 -0.348 -0.523 2.552
111 6 -0.228 -0.571 2.332
111 7 -0.133 -0.597 2.138
111 8 -0.095 -0.563 2.027
111 9 -0.184 -0.483 2.420
111 10 0.048 -0.466 2.424
111 11 0.244 -0.473 2.435
111 12 0.326 -0.471 2.463
111 13 0.069 -0.518 2.467
111 14 0.380 -0.508 2.268
111 15 0.401 -0.718 2.133
111 16 0.473 -0.653 2.107
111 17 0.041 -0.511 2.440
111 18 0.316 -0.453 2.489
111 19 0.405 -0.526 2.214
111 20 0.501 -0.527 2.178
112 1 -0.246 -0.536 2.478
112 2 -0.242 -0.524 2.515
112 3 -0.296 -0.424 2.529
112 4 -0.390 -0.302 2.457
112 5 -0.409 -0.513 2.562
112 6 -0.290 -0.562 2.341
112 7 -0.153 -0.619 2.172
112 8 -0.098 -0.564 2.039
112 9 -0.166 -0.458 2.443
112 10 0.057 -0.468 2.431
112 11 0.301 -0.483 2.477
112 12 0.388 -0.487 2.507
112 13 -0.296 -0.611 2.469
112 14 0.017 -0.565 2.199
112 15 0.038 -0.775 2.064
112 16 0.013 -0.684 2.066
112 17 -0.144 -0.584 2.421
112 18 0.252 -0.467 2.477
112 19 0.406 -0.526 2.214
112 20 0.501 -0.528 2.178
113 1 -0.242 -0.536 2.478
113 2 -0.242 -0.524 2.515
113 3 -0.300 -0.425 2.528
113 4 -0.421 -0.297 2.464
113 5 -0.439 -0.509 2.567
113 6 -0.322 -0.557 2.345
113 7 -0.165 -0.633 2.192
113 8 -0.100 -0.565 2.050
113 9 -0.182 -0.409 2.496
113 10 0.052 -0.452 2.459
113 11 0.310 -0.482 2.491
113 12 0.400 -0.487 2.522
113 13 -0.289 -0.616 2.467
113 14 0.023 -0.564 2.199
113 15 0.044 -0.774 2.064
113 16 0.017 -0.684 2.065
113 17 -0.135 -0.573 2.424
113 18 0.224 -0.474 2.469
113 19 0.406 -0.527 2.214
113 20 0.501 -0.529 2.178
114 1 -0.270 -0.538 2.479
114 2 -0.269 -0.530 2.520
114 3 -0.324 -0.421 2.532
114 4 -0.439 -0.294 2.468
114 5 -0.458 -0.506 2.570
114 6 -0.340 -0.554 2.347
114 7 -0.173 -0.641 2.206
114 8 -0.102 -0.565 2.057
114 9 -0.186 -0.392 2.514
114 10 0.049 -0.443 2.475
114 11 0.314 -0.481 2.501
114 12 0.401 -0.492 2.528
114 13 -0.309 -0.624 2.470
114 14 -0.033 -0.573 2.187
114 15 -0.012 -0.783 2.052
114 16 -0.040 -0.689 2.060
114 17 -0.162 -0.579 2.421
114 18 0.211 -0.477 2.465
114 19 0.406 -0.528 2.214
114 20 0.501 -0.530 2.178
115 1 -0.286 -0.541 2.480
115 2 -0.284 -0.534 2.522
115 3 -0.334 -0.419 2.534
115 4 -0.450 -0.292 2.470
115 5 -0.469 -0.504 2.572
115 6 -0.352 -0.552 2.349
115 7 -0.178 -0.646 2.214
115 8 -0.103 -0.566 2.062
115 9 -0.189 -0.380 2.527
115 10 0.047 -0.437 2.484
115 11 0.312 -0.483 2.507
115 12 0.395 -0.499 2.528
115 13 -0.330 -0.633 2.470
115 14 -0.056 -0.577 2.182
115 15 -0.035 -0.787 2.047
115 16 -0.069 -0.691 2.056
115 17 -0.173 -0.581 2.420
115 18 0.205 -0.478 2.464
115 19 0.406 -0.529 2.215
115 20 0.501 -0.532 2.178
116 1 -0.295 -0.542 2.480
116 2 -0.292 -0.536 2.523
116 3 -0.340 -0.418 2.535
116 4 -0.458 -0.291 2.471
116 5 -0.476 -0.503 2.573
116 6 -0.359 -0.551 2.350
116 7 -0.181 -0.649 2.220
116 8 -0.104 -0.566 2.066
116 9 -0.174 -0.393 2.511
116 10 0.052 -0.439 2.485
116 11 0.315 -0.487 2.507
116 12 0.395 -0.508 2.522
116 13 -0.341 -0.637 2.471
116 14 -0.069 -0.579 2.179
116 15 -0.048 -0.789 2.044
116 16 -0.085 -0.692 2.055
116 17 -0.179 -0.583 2.419
116 18 0.201 -0.479 2.463
116 19 0.406 -0.530 2.215
116 20 0.501 -0.532 2.178
117 1 -0.300 -0.543 2.481
117 2 -0.298 -0.538 2.524
117 3 -0.344 -0.417 2.536
117 4 -0.462 -0.290 2.472
117 5 -0.481 -0.502 2.574
117 6 -0.364 -0.550 2.351
117 7 -0.183 -0.652 2.224
117 8 -0.105 -0.566 2.068
117 9 -0.159 -0.412 2.492
117 10 0.061 -0.444 2.480
117 11 0.318 -0.493 2.504
117 12 0.397 -0.514 2.517
117 13 -0.348 -0.639 2.471
117 14 -0.078 -0.580 2.178
117 15 -0.057 -0.790 2.042
117 16 -0.096 -0.693 2.054
117 17 -0.183 -0.590 2.422
117 18 0.197 -0.480 2.461
117 19 0.406 -0.531 2.214
117 20 0.500 -0.533 2.178
118 1 -0.302 -0.544 2.481
118 2 -0.299 -0.539 2.524
118 3 -0.347 -0.417 2.536
118 4 -0.466 -0.289 2.473
118 5 -0.485 -0.501 2.575
118 6 -0.368 -0.549 2.352
118 7 -0.184 -0.653 2.227
118 8 -0.105 -0.566 2.070
118 9 -0.155 -0.414 2.490
118 10 0.065 -0.444 2.480
118 11 0.318 -0.497 2.501
118 12 0.396 -0.520 2.510
118 13 -0.350 -0.640 2.471
118 14 -0.083 -0.581 2.177
118 15 -0.062 -0.791 2.041
118 16 -0.101 -0.693 2.054
118 17 -0.185 -0.593 2.422
118 18 0.195 -0.480 2.460
118 19 0.406 -0.531 2.214
118 20 0.500 -0.534 2.178
119 1 -0.300 -0.545 2.481
119 2 -0.299 -0.539 2.524
119 3 -0.348 -0.417 2.537
119 4 -0.468 -0.289 2.473
119 5 -0.487 -0.501 2.575
119 6 -0.370 -0.549 2.352
119 7 -0.186 -0.654 2.229
119 8 -0.106 -0.566 2.071
119 9 -0.163 -0.398 2.510
119 10 0.066 -0.442 2.482
119 11 0.314 -0.497 2.501
119 12 0.390 -0.521 2.508
119 13 -0.348 -0.640 2.471
119 14 -0.085 -0.581 2.176
119 15 -0.064 -0.791 2.041
119 16 -0.101 -0.693 2.054
119 17 -0.186 -0.594 2.422
119 18 0.194 -0.481 2.459
119 19 0.406 -0.532 2.214
119 20 0.500 -0.534 2.177
120 1 -0.297 -0.546 2.480
120 2 -0.296 -0.539 2.524
120 3 -0.349 -0.416 2.537
120 4 -0.470 -0.288 2.474
120 5 -0.489 -0.501 2.575
120 6 -0.372 -0.549 2.352
120 7 -0.186 -0.655 2.230
120 8 -0.106 -0.566 2.072
120 9 -0.169 -0.390 2.518
120 10 0.065 -0.441 2.482
120 11 0.297 -0.506 2.483
120 12 0.368 -0.533 2.480
120 13 -0.342 -0.638 2.472
120 14 -0.083 -0.581 2.177
120 15 -0.062 -0.790 2.042
120 16 -0.097 -0.692 2.054
120 17 -0.186 -0.594 2.422
120 18 0.193 -0.481 2.459
120 19 0.406 -0.532 2.214
120 20 0.500 -0.535 2.177
121 1 -0.293 -0.546 2.480
121 2 -0.292 -0.539 2.523
121 3 -0.348 -0.416 2.537
121 4 -0.471 -0.288 2.474
121 5 -0.491 -0.500 2.576
121 6 -0.373 -0.548 2.353
121 7 -0.187 -0.655 2.231
121 8 -0.106 -0.566 2.072
121 9 -0.169 -0.389 2.520
121 10 0.066 -0.441 2.481
121 11 0.285 -0.510 2.472
121 12 0.353 -0.537 2.466
121 13 -0.337 -0.637 2.472
121 14 -0.080 -0.580 2.178
121 15 -0.059 -0.789 2.042
121 16 -0.092 -0.691 2.055
121 17 -0.184 -0.593 2.421
121 18 0.192 -0.481 2.459
121 19 0.406 -0.532 2.214
121 20 0.500 -0.535 2.177
122 1 -0.289 -0.546 2.480
122 2 -0.288 -0.538 2.522
122 3 -0.347 -0.416 2.537
122 4 -0.472 -0.288 2.474
122 5 -0.491 -0.500 2.576
122 6 -0.373 -0.548 2.353
122 7 -0.187 -0.656 2.232
122 8 -0.107 -0.566 2.073
122 9 -0.170 -0.387 2.522
122 10 0.067 -0.440 2.480
122 11 0.266 -0.505 2.466
122 12 0.326 -0.529 2.460
122 13 -0.332 -0.635 2.472
122 14 -0.076 -0.579 2.178
122 15 -0.055 -0.789 2.043
122 16 -0.087 -0.691 2.055
122 17 -0.182 -0.592 2.420
122 18 0.193 -0.481 2.458
122 19 0.406 -0.533 2.213
122 20 0.500 -0.535 2.177
123 1 -0.286 -0.546 2.479
123 2 -0.285 -0.538 2.522
123 3 -0.345 -0.416 2.537
123 4 -0.472 -0.288 2.474
123 5 -0.492 -0.500 2.576
123 6 -0.373 -0.548 2.354
123 7 -0.187 -0.656 2.233
123 8 -0.107 -0.566 2.073
123 9 -0.171 -0.386 2.523
123 10 0.066 -0.439 2.479
123 11 0.254 -0.502 2.462
123 12 0.311 -0.523 2.458
123 13 -0.328 -0.635 2.472
123 14 -0.072 -0.578 2.179
123 15 -0.051 -0.788 2.044
123 16 -0.082 -0.690 2.055
123 17 -0.180 -0.590 2.419
123 18 0.193 -0.480 2.458
123 19 0.406 -0.533 2.213
123 20 0.500 -0.536 2.177
124 1 0.010 -0.496 2.468
124 2 -0.009 -0.489 2.508
124 3 -0.157 -0.447 2.501
124 4 -0.326 -0.313 2.445
124 5 -0.345 -0.523 2.549
124 6 -0.229 -0.569 2.326
124 7 -0.138 -0.599 2.129
124 8 -0.100 -0.562 2.020
124 9 -0.163 -0.394 2.515
124 10 0.069 -0.441 2.474
124 11 0.251 -0.502 2.458
124 12 0.306 -0.523 2.454
124 13 0.069 -0.533 2.470
124 14 0.380 -0.516 2.270
124 15 0.401 -0.725 2.135
124 16 0.303 -0.688 2.123
124 17 0.047 -0.492 2.438
124 18 0.325 -0.478 2.490
124 19 0.406 -0.533 2.213
124 20 0.500 -0.536 2.177
125 1 -0.239 -0.532 2.478
125 2 -0.236 -0.525 2.520
125 3 -0.296 -0.419 2.536
125 4 -0.387 -0.299 2.462
125 5 -0.407 -0.509 2.567
125 6 -0.294 -0.555 2.342
125 7 -0.158 -0.612 2.166
125 8 -0.103 -0.563 2.033
125 9 -0.159 -0.398 2.510
125 10 0.072 -0.441 2.466
125 11 0.246 -0.501 2.447
125 12 0.300 -0.521 2.442
125 13 -0.288 -0.613 2.465
125 14 0.024 -0.557 2.196
125 15 0.045 -0.767 2.061
125 16 0.015 -0.682 2.070
125 17 -0.134 -0.568 2.421
125 18 0.241 -0.477 2.469
125 19 0.406 -0.533 2.213
125 20 0.500 -0.536 2.177
126 1 -0.239 -0.531 2.478
126 2 -0.236 -0.524 2.520
126 3 -0.295 -0.419 2.536
126 4 -0.412 -0.294 2.468
126 5 -0.432 -0.504 2.574
126 6 -0.319 -0.549 2.348
126 7 -0.169 -0.622 2.189
126 8 -0.105 -0.563 2.045
126 9 -0.156 -0.401 2.507
126 10 0.074 -0.442 2.464
126 11 0.244 -0.501 2.444
126 12 0.299 -0.520 2.440
126 13 -0.288 -0.612 2.467
126 14 0.023 -0.557 2.197
126 15 0.044 -0.766 2.062
126 16 0.015 -0.681 2.071
126 17 -0.134 -0.567 2.420
126 18 0.235 -0.477 2.467
126 19 0.406 -0.534 2.213
126 20 0.500 -0.536 2.177
127 1 -0.260 -0.535 2.478
127 2 -0.259 -0.528 2.520
127 3 -0.322 -0.414 2.541
127 4 -0.433 -0.290 2.473
127 5 -0.452 -0.500 2.578
127 6 -0.339 -0.546 2.353
127 7 -0.177 -0.630 2.205
127 8 -0.107 -0.563 2.053
127 9 -0.170 -0.393 2.513
127 10 0.069 -0.440 2.463
127 11 0.243 -0.502 2.442
127 12 0.301 -0.522 2.439
127 13 -0.304 -0.618 2.466
127 14 -0.026 -0.562 2.187
127 15 -0.006 -0.772 2.051
127 16 -0.039 -0.680 2.061
127 17 -0.157 -0.576 2.417
127 18 0.217 -0.477 2.462
127 19 0.406 -0.534 2.213
127 20 0.500 -0.536 2.177
128 1 -0.282 -0.539 2.479
128 2 -0.279 -0.532 2.521
128 3 -0.334 -0.412 2.544
128 4 -0.445 -0.287 2.475
128 5 -0.465 -0.497 2.581
128 6 -0.352 -0.543 2.355
128 7 -0.181 -0.635 2.215
128 8 -0.108 -0.564 2.059
128 9 -0.169 -0.394 2.512
128 10 0.069 -0.442 2.461
128 11 0.254 -0.511 2.436
128 12 0.319 -0.536 2.431
128 13 -0.336 -0.627 2.467
128 14 -0.057 -0.567 2.181
128 15 -0.036 -0.777 2.045
128 16 -0.064 -0.680 2.056
128 17 -0.173 -0.583 2.416
128 18 0.210 -0.476 2.461
128 19 0.404 -0.534 2.213
128 20 0.499 -0.536 2.177
129 1 -0.292 -0.540 2.480
129 2 -0.288 -0.533 2.522
129 3 -0.341 -0.410 2.545
129 4 -0.454 -0.286 2.477
129 5 -0.473 -0.496 2.582
129 6 -0.359 -0.542 2.357
129 7 -0.184 -0.639 2.222
129 8 -0.109 -0.564 2.063
129 9 -0.167 -0.395 2.511
129 10 0.070 -0.441 2.460
129 11 0.254 -0.505 2.438
129 12 0.319 -0.526 2.436
129 13 -0.350 -0.631 2.468
129 14 -0.072 -0.569 2.178
129 15 -0.051 -0.779 2.042
129 16 -0.077 -0.680 2.054
129 17 -0.180 -0.586 2.415
129 18 0.205 -0.476 2.459
129 19 0.403 -0.534 2.213
129 20 0.498 -0.536 2.177
130 1 -0.299 -0.541 2.480
130 2 -0.295 -0.534 2.522
130 3 -0.345 -0.410 2.546
130 4 -0.460 -0.285 2.477
130 5 -0.479 -0.495 2.583
130 6 -0.365 -0.541 2.358
130 7 -0.186 -0.641 2.227
130 8 -0.109 -0.564 2.066
130 9 -0.168 -0.394 2.513
130 10 0.069 -0.439 2.461
130 11 0.251 -0.498 2.441
130 12 0.315 -0.516 2.440
130 13 -0.357 -0.634 2.469
130 14 -0.083 -0.571 2.176
130 15 -0.062 -0.780 2.040
130 16 -0.086 -0.680 2.052
130 17 -0.186 -0.588 2.414
130 18 0.201 -0.476 2.458
130 19 0.402 -0.534 2.213
130 20 0.497 -0.536 2.177
