1 1 0.178 0.104 1.954
1 2 0.170 0.167 2.006
1 3 0.152 0.572 2.026
1 4 0.184 0.747 2.000
1 5 0.012 0.438 1.996
1 6 -0.051 0.181 1.960
1 7 -0.056 -0.039 1.915
1 8 -0.047 -0.113 1.900
1 9 0.323 0.420 2.033
1 10 0.366 0.159 2.011
1 11 0.383 -0.065 1.951
1 12 0.380 -0.149 1.921
1 13 0.111 0.036 1.931
1 14 0.061 -0.406 1.964
1 15 0.043 -0.735 1.974
1 16 0.053 -0.767 1.881
1 17 0.250 0.033 1.953
1 18 0.268 -0.410 1.998
1 19 0.287 -0.753 2.022
1 20 0.298 -0.788 1.934
2 1 0.178 0.104 1.954
2 2 0.169 0.167 2.006
2 3 0.151 0.572 2.026
2 4 0.183 0.748 2.000
2 5 0.011 0.437 1.996
2 6 -0.051 0.180 1.961
2 7 -0.056 -0.039 1.916
2 8 -0.047 -0.113 1.900
2 9 0.322 0.420 2.033
2 10 0.365 0.159 2.010
2 11 0.383 -0.065 1.950
2 12 0.379 -0.149 1.920
2 13 0.111 0.036 1.930
2 14 0.061 -0.406 1.964
2 15 0.043 -0.734 1.974
2 16 0.053 -0.767 1.882
2 17 0.250 0.033 1.953
2 18 0.267 -0.410 1.998
2 19 0.287 -0.753 2.022
2 20 0.297 -0.789 1.934
3 1 0.177 0.104 1.954
3 2 0.169 0.167 2.006
3 3 0.151 0.571 2.026
3 4 0.182 0.748 2.000
3 5 0.010 0.437 1.996
3 6 -0.052 0.180 1.962
3 7 -0.056 -0.039 1.917
3 8 -0.047 -0.113 1.900
3 9 0.321 0.420 2.033
3 10 0.365 0.159 2.010
3 11 0.382 -0.065 1.949
3 12 0.378 -0.149 1.919
3 13 0.110 0.036 1.930
3 14 0.060 -0.406 1.964
3 15 0.043 -0.734 1.974
3 16 0.053 -0.767 1.882
3 17 0.249 0.033 1.952
3 18 0.267 -0.410 1.998
3 19 0.287 -0.753 2.022
3 20 0.297 -0.789 1.934
4 1 0.177 0.104 1.954
4 2 0.168 0.168 2.006
4 3 0.152 0.570 2.026
4 4 0.181 0.749 2.000
4 5 0.010 0.437 1.996
4 6 -0.052 0.180 1.962
4 7 -0.056 -0.039 1.917
4 8 -0.047 -0.114 1.898
4 9 0.321 0.420 2.033
4 10 0.364 0.159 2.010
4 11 0.381 -0.064 1.949
4 12 0.378 -0.148 1.918
4 13 0.110 0.036 1.930
4 14 0.060 -0.406 1.963
4 15 0.043 -0.733 1.974
4 16 0.053 -0.766 1.883
4 17 0.249 0.033 1.952
4 18 0.267 -0.410 1.998
4 19 0.286 -0.753 2.022
4 20 0.297 -0.789 1.934
5 1 0.177 0.104 1.954
5 2 0.167 0.168 2.006
5 3 0.152 0.570 2.026
5 4 0.180 0.749 2.001
5 5 0.009 0.437 1.996
5 6 -0.052 0.180 1.963
5 7 -0.056 -0.039 1.916
5 8 -0.047 -0.114 1.896
5 9 0.320 0.420 2.033
5 10 0.363 0.159 2.010
5 11 0.380 -0.064 1.948
5 12 0.377 -0.148 1.918
5 13 0.109 0.036 1.930
5 14 0.060 -0.407 1.963
5 15 0.043 -0.733 1.974
5 16 0.053 -0.766 1.884
5 17 0.249 0.033 1.952
5 18 0.266 -0.410 1.998
5 19 0.286 -0.753 2.022
5 20 0.297 -0.789 1.934
6 1 0.176 0.104 1.954
6 2 0.167 0.168 2.006
6 3 0.152 0.569 2.027
6 4 0.179 0.749 2.001
6 5 0.009 0.437 1.996
6 6 -0.052 0.180 1.963
6 7 -0.056 -0.039 1.916
6 8 -0.047 -0.115 1.893
6 9 0.319 0.421 2.033
6 10 0.363 0.159 2.009
6 11 0.380 -0.064 1.948
6 12 0.376 -0.148 1.917
6 13 0.109 0.036 1.930
6 14 0.059 -0.407 1.963
6 15 0.043 -0.733 1.974
6 16 0.054 -0.766 1.884
6 17 0.248 0.033 1.952
6 18 0.266 -0.410 1.998
6 19 0.286 -0.753 2.022
6 20 0.297 -0.789 1.934
7 1 0.176 0.104 1.954
7 2 0.167 0.169 2.006
7 3 0.152 0.568 2.027
7 4 0.178 0.750 2.002
7 5 0.008 0.437 1.996
7 6 -0.053 0.180 1.963
7 7 -0.057 -0.039 1.914
7 8 -0.048 -0.116 1.890
7 9 0.319 0.421 2.034
7 10 0.362 0.160 2.009
7 11 0.379 -0.064 1.947
7 12 0.375 -0.147 1.917
7 13 0.109 0.036 1.930
7 14 0.059 -0.407 1.963
7 15 0.043 -0.733 1.974
7 16 0.054 -0.766 1.884
7 17 0.248 0.033 1.952
7 18 0.266 -0.410 1.999
7 19 0.286 -0.753 2.022
7 20 0.297 -0.789 1.934
8 1 0.176 0.104 1.954
8 2 0.166 0.169 2.006
8 3 0.152 0.568 2.027
8 4 0.177 0.750 2.003
8 5 0.008 0.437 1.997
8 6 -0.053 0.179 1.963
8 7 -0.057 -0.039 1.913
8 8 -0.048 -0.117 1.887
8 9 0.318 0.421 2.034
8 10 0.362 0.160 2.009
8 11 0.379 -0.064 1.947
8 12 0.375 -0.147 1.916
8 13 0.108 0.036 1.930
8 14 0.059 -0.407 1.963
8 15 0.043 -0.732 1.974
8 16 0.054 -0.766 1.885
8 17 0.248 0.033 1.952
8 18 0.266 -0.410 1.999
8 19 0.286 -0.753 2.021
8 20 0.297 -0.789 1.934
9 1 0.175 0.104 1.954
9 2 0.166 0.169 2.006
9 3 0.151 0.567 2.027
9 4 0.176 0.751 2.004
9 5 0.007 0.437 1.997
9 6 -0.053 0.179 1.963
9 7 -0.057 -0.039 1.911
9 8 -0.048 -0.117 1.884
9 9 0.318 0.421 2.034
9 10 0.361 0.160 2.009
9 11 0.378 -0.063 1.946
9 12 0.375 -0.147 1.916
9 13 0.108 0.036 1.930
9 14 0.058 -0.407 1.963
9 15 0.043 -0.732 1.974
9 16 0.054 -0.766 1.885
9 17 0.247 0.033 1.952
9 18 0.266 -0.410 1.999
9 19 0.285 -0.753 2.021
9 20 0.296 -0.789 1.934
10 1 0.175 0.104 1.954
10 2 0.165 0.169 2.006
10 3 0.151 0.567 2.027
10 4 0.174 0.751 2.005
10 5 0.007 0.437 1.997
10 6 -0.054 0.179 1.963
10 7 -0.057 -0.039 1.910
10 8 -0.048 -0.117 1.882
10 9 0.317 0.421 2.034
10 10 0.361 0.160 2.008
10 11 0.378 -0.063 1.946
10 12 0.374 -0.147 1.916
10 13 0.108 0.036 1.930
10 14 0.058 -0.407 1.962
10 15 0.043 -0.732 1.974
10 16 0.054 -0.766 1.885
10 17 0.247 0.033 1.952
10 18 0.265 -0.410 1.999
10 19 0.285 -0.753 2.021
10 20 0.296 -0.789 1.934
11 1 0.174 0.104 1.954
11 2 0.165 0.170 2.006
11 3 0.151 0.566 2.028
11 4 0.173 0.752 2.005
11 5 0.007 0.437 1.997
11 6 -0.054 0.179 1.964
11 7 -0.058 -0.039 1.909
11 8 -0.048 -0.118 1.880
11 9 0.317 0.422 2.034
11 10 0.360 0.160 2.008
11 11 0.378 -0.063 1.946
11 12 0.374 -0.147 1.916
11 13 0.107 0.036 1.930
11 14 0.058 -0.407 1.962
11 15 0.043 -0.732 1.975
11 16 0.054 -0.766 1.886
11 17 0.247 0.033 1.952
11 18 0.265 -0.410 1.999
11 19 0.285 -0.753 2.021
11 20 0.296 -0.789 1.933
12 1 0.174 0.104 1.954
12 2 0.164 0.170 2.006
12 3 0.151 0.566 2.028
12 4 0.172 0.752 2.006
12 5 0.006 0.437 1.997
12 6 -0.054 0.179 1.964
12 7 -0.058 -0.039 1.908
12 8 -0.047 -0.118 1.878
12 9 0.317 0.422 2.034
12 10 0.360 0.160 2.008
12 11 0.377 -0.063 1.946
12 12 0.374 -0.147 1.915
12 13 0.107 0.036 1.930
12 14 0.058 -0.407 1.962
12 15 0.043 -0.732 1.975
12 16 0.054 -0.766 1.886
12 17 0.246 0.033 1.952
12 18 0.265 -0.410 1.999
12 19 0.285 -0.753 2.021
12 20 0.296 -0.789 1.933
13 1 0.173 0.104 1.954
13 2 0.164 0.170 2.007
13 3 0.151 0.566 2.028
13 4 0.171 0.753 2.007
13 5 0.006 0.437 1.998
13 6 -0.055 0.179 1.964
13 7 -0.058 -0.039 1.907
13 8 -0.047 -0.118 1.877
13 9 0.316 0.422 2.034
13 10 0.360 0.161 2.008
13 11 0.377 -0.063 1.946
13 12 0.373 -0.147 1.915
13 13 0.107 0.036 1.930
13 14 0.058 -0.407 1.962
13 15 0.043 -0.732 1.975
13 16 0.053 -0.792 1.927
13 17 0.246 0.033 1.952
13 18 0.265 -0.410 1.999
13 19 0.285 -0.753 2.021
13 20 0.296 -0.789 1.933
14 1 0.173 0.104 1.954
14 2 0.164 0.170 2.007
14 3 0.151 0.565 2.028
14 4 0.170 0.753 2.008
14 5 0.006 0.437 1.998
14 6 -0.055 0.179 1.964
14 7 -0.058 -0.039 1.906
14 8 -0.047 -0.118 1.877
14 9 0.316 0.422 2.034
14 10 0.360 0.161 2.008
14 11 0.377 -0.063 1.945
14 12 0.373 -0.147 1.915
14 13 0.106 0.036 1.930
14 14 0.057 -0.407 1.962
14 15 0.043 -0.732 1.975
14 16 0.053 -0.786 1.920
14 17 0.246 0.033 1.952
14 18 0.265 -0.410 1.999
14 19 0.284 -0.753 2.020
14 20 0.295 -0.789 1.933
15 1 0.173 0.104 1.954
15 2 0.164 0.170 2.007
15 3 0.151 0.565 2.028
15 4 0.170 0.753 2.008
15 5 0.006 0.437 1.999
15 6 -0.055 0.179 1.964
15 7 -0.058 -0.039 1.906
15 8 -0.047 -0.118 1.876
15 9 0.316 0.422 2.034
15 10 0.359 0.161 2.008
15 11 0.377 -0.063 1.945
15 12 0.373 -0.147 1.915
15 13 0.106 0.036 1.930
15 14 0.057 -0.407 1.962
15 15 0.043 -0.732 1.975
15 16 0.053 -0.780 1.911
15 17 0.245 0.033 1.952
15 18 0.264 -0.410 1.999
15 19 0.284 -0.753 2.020
15 20 0.295 -0.789 1.933
16 1 0.173 0.104 1.954
16 2 0.163 0.170 2.007
16 3 0.151 0.565 2.029
16 4 0.169 0.753 2.009
16 5 0.005 0.437 1.999
16 6 -0.055 0.179 1.964
16 7 -0.058 -0.039 1.906
16 8 -0.047 -0.118 1.877
16 9 0.315 0.422 2.035
16 10 0.359 0.161 2.008
16 11 0.376 -0.063 1.945
16 12 0.373 -0.147 1.915
16 13 0.106 0.036 1.930
16 14 0.057 -0.407 1.962
16 15 0.043 -0.732 1.975
16 16 0.053 -0.776 1.904
16 17 0.245 0.033 1.952
16 18 0.264 -0.410 1.999
16 19 0.284 -0.753 2.020
16 20 0.295 -0.789 1.932
17 1 0.172 0.104 1.954
17 2 0.163 0.171 2.007
17 3 0.150 0.565 2.029
17 4 0.169 0.753 2.010
17 5 0.005 0.437 1.999
17 6 -0.055 0.179 1.964
17 7 -0.058 -0.039 1.906
17 8 -0.047 -0.117 1.877
17 9 0.315 0.422 2.035
17 10 0.359 0.161 2.007
17 11 0.376 -0.063 1.945
17 12 0.373 -0.146 1.915
17 13 0.106 0.036 1.930
17 14 0.057 -0.407 1.962
17 15 0.043 -0.732 1.975
17 16 0.053 -0.773 1.899
17 17 0.245 0.033 1.952
17 18 0.264 -0.410 1.999
17 19 0.284 -0.753 2.020
17 20 0.295 -0.789 1.932
18 1 0.172 0.104 1.954
18 2 0.163 0.171 2.007
18 3 0.150 0.565 2.029
18 4 0.168 0.753 2.010
18 5 0.005 0.437 2.000
18 6 -0.056 0.179 1.964
18 7 -0.058 -0.039 1.906
18 8 -0.046 -0.117 1.879
18 9 0.315 0.423 2.035
18 10 0.359 0.161 2.007
18 11 0.376 -0.063 1.945
18 12 0.373 -0.146 1.915
18 13 0.105 0.036 1.930
18 14 0.057 -0.407 1.962
18 15 0.043 -0.732 1.975
18 16 0.051 -0.793 1.930
18 17 0.245 0.033 1.952
18 18 0.264 -0.410 1.999
18 19 0.284 -0.753 2.019
18 20 0.294 -0.789 1.932
19 1 0.172 0.104 1.954
19 2 0.163 0.171 2.007
19 3 0.150 0.565 2.029
19 4 0.168 0.753 2.010
19 5 0.004 0.437 2.000
19 6 -0.056 0.179 1.965
19 7 -0.058 -0.039 1.907
19 8 -0.046 -0.116 1.881
19 9 0.315 0.423 2.035
19 10 0.358 0.161 2.007
19 11 0.376 -0.062 1.945
19 12 0.372 -0.146 1.915
19 13 0.105 0.036 1.931
19 14 0.057 -0.407 1.962
19 15 0.043 -0.731 1.975
19 16 0.051 -0.803 1.945
19 17 0.245 0.033 1.952
19 18 0.264 -0.410 1.999
19 19 0.284 -0.753 2.019
19 20 0.294 -0.789 1.931
20 1 0.172 0.104 1.954
20 2 0.163 0.171 2.007
20 3 0.150 0.564 2.029
20 4 0.168 0.754 2.011
20 5 0.004 0.437 2.001
20 6 -0.056 0.179 1.965
20 7 -0.058 -0.038 1.908
20 8 -0.046 -0.115 1.883
20 9 0.314 0.423 2.035
20 10 0.358 0.161 2.007
20 11 0.376 -0.062 1.945
20 12 0.372 -0.146 1.915
20 13 0.105 0.036 1.931
20 14 0.057 -0.407 1.962
20 15 0.043 -0.731 1.975
20 16 0.051 -0.807 1.952
20 17 0.244 0.034 1.952
20 18 0.264 -0.410 1.999
20 19 0.283 -0.753 2.019
20 20 0.294 -0.788 1.931
21 1 0.172 0.104 1.954
21 2 0.163 0.171 2.008
21 3 0.150 0.564 2.029
21 4 0.168 0.754 2.011
21 5 0.004 0.437 2.001
21 6 -0.056 0.179 1.966
21 7 -0.058 -0.038 1.909
21 8 -0.046 -0.115 1.885
21 9 0.314 0.423 2.035
21 10 0.358 0.161 2.007
21 11 0.376 -0.062 1.945
21 12 0.372 -0.146 1.915
21 13 0.105 0.036 1.931
21 14 0.057 -0.407 1.962
21 15 0.043 -0.731 1.975
21 16 0.051 -0.810 1.956
21 17 0.244 0.034 1.952
21 18 0.264 -0.410 1.999
21 19 0.283 -0.753 2.018
21 20 0.294 -0.788 1.931
22 1 0.171 0.104 1.954
22 2 0.162 0.171 2.008
22 3 0.150 0.564 2.030
22 4 0.168 0.754 2.011
22 5 0.004 0.436 2.002
22 6 -0.056 0.179 1.966
22 7 -0.058 -0.038 1.910
22 8 -0.046 -0.115 1.886
22 9 0.314 0.423 2.035
22 10 0.358 0.162 2.007
22 11 0.375 -0.062 1.945
22 12 0.372 -0.146 1.915
22 13 0.104 0.036 1.931
22 14 0.057 -0.407 1.962
22 15 0.043 -0.731 1.976
22 16 0.051 -0.812 1.959
22 17 0.244 0.034 1.952
22 18 0.264 -0.410 1.999
22 19 0.283 -0.753 2.018
22 20 0.293 -0.788 1.930
23 1 0.171 0.104 1.955
23 2 0.162 0.171 2.008
23 3 0.150 0.564 2.030
23 4 0.167 0.754 2.011
23 5 0.003 0.436 2.002
23 6 -0.056 0.178 1.967
23 7 -0.057 -0.038 1.912
23 8 -0.046 -0.114 1.888
23 9 0.314 0.423 2.035
23 10 0.358 0.162 2.007
23 11 0.375 -0.062 1.945
23 12 0.372 -0.146 1.915
23 13 0.104 0.036 1.931
23 14 0.057 -0.407 1.962
23 15 0.043 -0.731 1.976
23 16 0.051 -0.813 1.960
23 17 0.244 0.034 1.952
23 18 0.264 -0.410 1.999
23 19 0.283 -0.753 2.018
23 20 0.293 -0.788 1.930
24 1 0.171 0.104 1.955
24 2 0.162 0.171 2.008
24 3 0.150 0.564 2.030
24 4 0.167 0.754 2.011
24 5 0.003 0.436 2.003
24 6 -0.056 0.178 1.968
24 7 -0.057 -0.038 1.913
24 8 -0.046 -0.114 1.889
24 9 0.314 0.423 2.035
24 10 0.358 0.162 2.007
24 11 0.375 -0.062 1.945
24 12 0.372 -0.146 1.915
24 13 0.104 0.036 1.932
24 14 0.056 -0.407 1.962
24 15 0.043 -0.731 1.976
24 16 0.051 -0.813 1.961
24 17 0.244 0.034 1.952
24 18 0.264 -0.410 1.999
24 19 0.283 -0.753 2.018
24 20 0.293 -0.788 1.930
25 1 0.171 0.104 1.955
25 2 0.162 0.171 2.008
25 3 0.150 0.564 2.030
25 4 0.167 0.754 2.012
25 5 0.003 0.436 2.004
25 6 -0.056 0.178 1.969
25 7 -0.057 -0.038 1.914
25 8 -0.046 -0.114 1.890
25 9 0.313 0.423 2.035
25 10 0.358 0.162 2.007
25 11 0.375 -0.062 1.945
25 12 0.372 -0.146 1.915
25 13 0.104 0.036 1.932
25 14 0.056 -0.407 1.962
25 15 0.043 -0.731 1.976
25 16 0.051 -0.813 1.961
25 17 0.244 0.034 1.952
25 18 0.263 -0.410 1.999
25 19 0.283 -0.753 2.018
25 20 0.293 -0.788 1.930
26 1 0.171 0.104 1.955
26 2 0.162 0.171 2.008
26 3 0.150 0.564 2.031
26 4 0.167 0.753 2.012
26 5 0.003 0.436 2.004
26 6 -0.056 0.178 1.970
26 7 -0.057 -0.038 1.915
26 8 -0.046 -0.114 1.891
26 9 0.313 0.423 2.035
26 10 0.358 0.162 2.007
26 11 0.375 -0.062 1.945
26 12 0.372 -0.146 1.915
26 13 0.104 0.036 1.932
26 14 0.056 -0.407 1.962
26 15 0.043 -0.731 1.976
26 16 0.051 -0.813 1.961
26 17 0.243 0.034 1.952
26 18 0.263 -0.410 1.999
26 19 0.283 -0.752 2.017
26 20 0.293 -0.788 1.930
27 1 0.171 0.104 1.955
27 2 0.162 0.171 2.008
27 3 0.150 0.564 2.031
27 4 0.167 0.753 2.012
27 5 0.003 0.436 2.005
27 6 -0.056 0.178 1.970
27 7 -0.057 -0.038 1.916
27 8 -0.046 -0.114 1.892
27 9 0.313 0.423 2.035
27 10 0.358 0.162 2.007
27 11 0.375 -0.062 1.945
27 12 0.372 -0.146 1.915
27 13 0.103 0.036 1.933
27 14 0.056 -0.407 1.962
27 15 0.043 -0.731 1.976
27 16 0.051 -0.812 1.960
27 17 0.243 0.034 1.952
27 18 0.263 -0.410 1.999
27 19 0.283 -0.752 2.017
27 20 0.293 -0.788 1.929
28 1 0.170 0.104 1.955
28 2 0.162 0.171 2.009
28 3 0.150 0.563 2.031
28 4 0.167 0.753 2.012
28 5 0.003 0.436 2.006
28 6 -0.056 0.177 1.971
28 7 -0.057 -0.038 1.916
28 8 -0.046 -0.114 1.893
28 9 0.313 0.423 2.035
28 10 0.358 0.162 2.007
28 11 0.375 -0.062 1.945
28 12 0.372 -0.146 1.915
28 13 0.103 0.036 1.933
28 14 0.056 -0.408 1.962
28 15 0.043 -0.731 1.976
28 16 0.051 -0.783 1.916
28 17 0.243 0.034 1.952
28 18 0.263 -0.410 1.998
28 19 0.283 -0.752 2.017
28 20 0.292 -0.788 1.929
29 1 0.170 0.104 1.956
29 2 0.162 0.171 2.009
29 3 0.150 0.563 2.031
29 4 0.167 0.753 2.012
29 5 0.002 0.436 2.006
29 6 -0.056 0.177 1.972
29 7 -0.057 -0.038 1.917
29 8 -0.046 -0.114 1.893
29 9 0.313 0.423 2.035
29 10 0.358 0.162 2.007
29 11 0.375 -0.062 1.945
29 12 0.372 -0.145 1.915
29 13 0.103 0.036 1.933
29 14 0.056 -0.408 1.962
29 15 0.043 -0.731 1.976
29 16 0.051 -0.767 1.890
29 17 0.243 0.034 1.952
29 18 0.263 -0.411 1.998
29 19 0.283 -0.752 2.017
29 20 0.292 -0.788 1.929
30 1 0.170 0.104 1.956
30 2 0.162 0.171 2.009
30 3 0.150 0.563 2.032
30 4 0.167 0.753 2.012
30 5 0.002 0.436 2.007
30 6 -0.056 0.177 1.972
30 7 -0.057 -0.038 1.918
30 8 -0.046 -0.114 1.894
30 9 0.313 0.423 2.035
30 10 0.358 0.162 2.007
30 11 0.375 -0.062 1.945
30 12 0.372 -0.145 1.915
30 13 0.103 0.036 1.934
30 14 0.056 -0.408 1.962
30 15 0.043 -0.731 1.976
30 16 0.051 -0.761 1.880
30 17 0.243 0.034 1.952
30 18 0.263 -0.411 1.998
30 19 0.283 -0.752 2.017
30 20 0.292 -0.788 1.929
31 1 0.170 0.104 1.956
31 2 0.162 0.171 2.010
31 3 0.150 0.563 2.032
31 4 0.167 0.753 2.013
31 5 0.002 0.436 2.007
31 6 -0.056 0.177 1.973
31 7 -0.057 -0.038 1.918
31 8 -0.046 -0.114 1.894
31 9 0.313 0.423 2.035
31 10 0.358 0.162 2.007
31 11 0.375 -0.062 1.945
31 12 0.372 -0.145 1.915
31 13 0.103 0.036 1.934
31 14 0.056 -0.408 1.962
31 15 0.042 -0.734 1.976
31 16 0.059 -0.795 1.919
31 17 0.243 0.034 1.952
31 18 0.264 -0.411 1.998
31 19 0.283 -0.752 2.017
31 20 0.292 -0.788 1.929
32 1 0.170 0.104 1.957
32 2 0.162 0.171 2.010
32 3 0.150 0.563 2.032
32 4 0.167 0.753 2.013
32 5 0.002 0.436 2.008
32 6 -0.056 0.177 1.973
32 7 -0.057 -0.038 1.919
32 8 -0.046 -0.114 1.895
32 9 0.313 0.423 2.036
32 10 0.358 0.162 2.007
32 11 0.375 -0.061 1.946
32 12 0.372 -0.145 1.916
32 13 0.103 0.036 1.935
32 14 0.056 -0.408 1.963
32 15 0.042 -0.736 1.975
32 16 0.062 -0.802 1.926
32 17 0.243 0.034 1.953
32 18 0.264 -0.411 1.998
32 19 0.283 -0.752 2.017
32 20 0.292 -0.788 1.929
33 1 0.170 0.104 1.957
33 2 0.162 0.171 2.011
33 3 0.151 0.563 2.033
33 4 0.167 0.753 2.013
33 5 0.002 0.436 2.008
33 6 -0.056 0.177 1.974
33 7 -0.057 -0.038 1.920
33 8 -0.046 -0.115 1.895
33 9 0.313 0.423 2.036
33 10 0.358 0.162 2.007
33 11 0.376 -0.061 1.946
33 12 0.372 -0.145 1.916
33 13 0.103 0.036 1.935
33 14 0.056 -0.408 1.963
33 15 0.041 -0.738 1.975
33 16 0.062 -0.814 1.941
33 17 0.243 0.034 1.953
33 18 0.264 -0.411 1.997
33 19 0.283 -0.752 2.017
33 20 0.292 -0.788 1.929
34 1 0.170 0.104 1.958
34 2 0.162 0.172 2.011
34 3 0.151 0.563 2.033
34 4 0.167 0.753 2.013
34 5 0.002 0.436 2.009
34 6 -0.056 0.177 1.975
34 7 -0.057 -0.038 1.921
34 8 -0.046 -0.115 1.896
34 9 0.313 0.423 2.037
34 10 0.358 0.162 2.008
34 11 0.376 -0.061 1.948
34 12 0.372 -0.144 1.917
34 13 0.103 0.036 1.936
34 14 0.056 -0.408 1.963
34 15 0.041 -0.739 1.975
34 16 0.057 -0.798 1.914
34 17 0.243 0.034 1.954
34 18 0.265 -0.411 1.997
34 19 0.283 -0.752 2.017
34 20 0.292 -0.788 1.929
35 1 0.170 0.104 1.958
35 2 0.163 0.172 2.012
35 3 0.151 0.562 2.033
35 4 0.167 0.752 2.013
35 5 0.003 0.436 2.010
35 6 -0.056 0.177 1.976
35 7 -0.057 -0.038 1.922
35 8 -0.046 -0.115 1.897
35 9 0.313 0.423 2.038
35 10 0.358 0.162 2.009
35 11 0.377 -0.060 1.949
35 12 0.372 -0.143 1.918
35 13 0.103 0.036 1.937
35 14 0.056 -0.408 1.963
35 15 0.041 -0.739 1.974
35 16 0.054 -0.787 1.898
35 17 0.243 0.034 1.955
35 18 0.265 -0.411 1.997
35 19 0.283 -0.752 2.016
35 20 0.292 -0.788 1.929
36 1 0.171 0.104 1.959
36 2 0.163 0.172 2.013
36 3 0.151 0.562 2.034
36 4 0.167 0.752 2.013
36 5 0.003 0.435 2.010
36 6 -0.055 0.176 1.976
36 7 -0.057 -0.038 1.922
36 8 -0.045 -0.115 1.898
36 9 0.314 0.423 2.039
36 10 0.359 0.162 2.010
36 11 0.378 -0.059 1.951
36 12 0.373 -0.142 1.919
36 13 0.103 0.036 1.938
36 14 0.057 -0.408 1.964
36 15 0.041 -0.739 1.974
36 16 0.053 -0.781 1.890
36 17 0.243 0.034 1.956
36 18 0.265 -0.411 1.997
36 19 0.283 -0.752 2.016
36 20 0.292 -0.788 1.929
37 1 0.171 0.104 1.961
37 2 0.163 0.172 2.014
37 3 0.152 0.562 2.034
37 4 0.168 0.752 2.014
37 5 0.003 0.435 2.011
37 6 -0.055 0.176 1.977
37 7 -0.056 -0.038 1.923
37 8 -0.045 -0.115 1.898
37 9 0.314 0.423 2.040
37 10 0.360 0.162 2.012
37 11 0.378 -0.058 1.953
37 12 0.373 -0.142 1.920
37 13 0.104 0.036 1.939
37 14 0.057 -0.408 1.964
37 15 0.041 -0.740 1.974
37 16 0.052 -0.777 1.885
37 17 0.244 0.034 1.957
37 18 0.265 -0.411 1.997
37 19 0.283 -0.752 2.016
37 20 0.292 -0.788 1.928
38 1 0.172 0.104 1.962
38 2 0.164 0.172 2.015
38 3 0.153 0.561 2.035
38 4 0.169 0.751 2.014
38 5 0.003 0.435 2.012
38 6 -0.054 0.176 1.978
38 7 -0.056 -0.038 1.924
38 8 -0.044 -0.116 1.900
38 9 0.315 0.423 2.042
38 10 0.361 0.162 2.015
38 11 0.379 -0.058 1.954
38 12 0.374 -0.142 1.922
38 13 0.104 0.036 1.940
38 14 0.057 -0.408 1.965
38 15 0.041 -0.740 1.974
38 16 0.052 -0.775 1.883
38 17 0.244 0.034 1.959
38 18 0.266 -0.411 1.997
38 19 0.283 -0.752 2.016
38 20 0.292 -0.788 1.928
39 1 0.173 0.104 1.964
39 2 0.165 0.172 2.017
39 3 0.154 0.561 2.036
39 4 0.170 0.751 2.014
39 5 0.004 0.435 2.013
39 6 -0.054 0.176 1.979
39 7 -0.055 -0.039 1.925
39 8 -0.043 -0.116 1.901
39 9 0.316 0.423 2.044
39 10 0.362 0.161 2.017
39 11 0.380 -0.058 1.956
39 12 0.375 -0.142 1.923
39 13 0.105 0.036 1.941
39 14 0.058 -0.409 1.965
39 15 0.041 -0.740 1.974
39 16 0.051 -0.774 1.881
39 17 0.245 0.034 1.961
39 18 0.266 -0.412 1.997
39 19 0.283 -0.752 2.016
39 20 0.292 -0.788 1.928
40 1 0.174 0.104 1.966
40 2 0.166 0.172 2.019
40 3 0.155 0.561 2.037
40 4 0.171 0.750 2.015
40 5 0.005 0.435 2.014
40 6 -0.053 0.176 1.980
40 7 -0.054 -0.039 1.927
40 8 -0.042 -0.116 1.902
40 9 0.317 0.423 2.046
40 10 0.363 0.161 2.019
40 11 0.381 -0.059 1.957
40 12 0.376 -0.143 1.925
40 13 0.106 0.036 1.943
40 14 0.058 -0.409 1.966
40 15 0.042 -0.740 1.974
40 16 0.051 -0.772 1.879
40 17 0.247 0.034 1.964
40 18 0.266 -0.412 1.997
40 19 0.283 -0.752 2.016
40 20 0.292 -0.788 1.928
41 1 0.176 0.104 1.969
41 2 0.168 0.172 2.021
41 3 0.157 0.560 2.039
41 4 0.173 0.749 2.016
41 5 0.006 0.435 2.016
41 6 -0.052 0.176 1.982
41 7 -0.053 -0.039 1.928
41 8 -0.041 -0.117 1.903
41 9 0.319 0.423 2.049
41 10 0.364 0.161 2.022
41 11 0.382 -0.060 1.959
41 12 0.378 -0.144 1.927
41 13 0.108 0.036 1.946
41 14 0.059 -0.409 1.967
41 15 0.042 -0.740 1.974
41 16 0.052 -0.771 1.879
41 17 0.249 0.034 1.967
41 18 0.267 -0.412 1.997
41 19 0.283 -0.752 2.016
41 20 0.292 -0.788 1.928
42 1 0.178 0.105 1.971
42 2 0.169 0.172 2.024
42 3 0.158 0.560 2.041
42 4 0.175 0.749 2.018
42 5 0.008 0.435 2.017
42 6 -0.050 0.176 1.983
42 7 -0.052 -0.040 1.929
42 8 -0.040 -0.117 1.905
42 9 0.321 0.423 2.053
42 10 0.366 0.161 2.025
42 11 0.383 -0.061 1.960
42 12 0.379 -0.145 1.929
42 13 0.110 0.037 1.948
42 14 0.059 -0.409 1.968
42 15 0.042 -0.740 1.974
42 16 0.052 -0.771 1.879
42 17 0.251 0.034 1.970
42 18 0.267 -0.412 1.997
42 19 0.283 -0.752 2.016
42 20 0.293 -0.788 1.928
43 1 0.179 0.105 1.974
43 2 0.171 0.172 2.026
43 3 0.160 0.560 2.043
43 4 0.179 0.748 2.020
43 5 0.009 0.435 2.019
43 6 -0.049 0.175 1.985
43 7 -0.050 -0.040 1.931
43 8 -0.038 -0.117 1.907
43 9 0.324 0.423 2.057
43 10 0.367 0.161 2.028
43 11 0.385 -0.062 1.962
43 12 0.380 -0.145 1.931
43 13 0.112 0.037 1.951
43 14 0.060 -0.409 1.970
43 15 0.042 -0.739 1.974
43 16 0.053 -0.770 1.880
43 17 0.253 0.034 1.973
43 18 0.268 -0.413 1.998
43 19 0.283 -0.752 2.016
43 20 0.293 -0.787 1.928
44 1 0.182 0.105 1.977
44 2 0.173 0.173 2.029
44 3 0.162 0.559 2.046
44 4 0.182 0.747 2.022
44 5 0.012 0.435 2.022
44 6 -0.047 0.175 1.987
44 7 -0.047 -0.041 1.934
44 8 -0.036 -0.117 1.909
44 9 0.327 0.423 2.061
44 10 0.369 0.161 2.030
44 11 0.386 -0.062 1.965
44 12 0.382 -0.146 1.933
44 13 0.114 0.037 1.953
44 14 0.061 -0.409 1.971
44 15 0.043 -0.740 1.974
44 16 0.054 -0.771 1.881
44 17 0.255 0.034 1.976
44 18 0.269 -0.413 1.998
44 19 0.283 -0.752 2.016
44 20 0.293 -0.787 1.928
45 1 0.184 0.105 1.980
45 2 0.175 0.173 2.032
45 3 0.165 0.559 2.049
45 4 0.186 0.747 2.024
45 5 0.015 0.435 2.024
45 6 -0.044 0.175 1.990
45 7 -0.044 -0.041 1.936
45 8 -0.033 -0.117 1.911
45 9 0.330 0.423 2.065
45 10 0.371 0.160 2.033
45 11 0.388 -0.063 1.967
45 12 0.384 -0.146 1.935
45 13 0.117 0.037 1.956
45 14 0.063 -0.409 1.973
45 15 0.043 -0.740 1.974
45 16 0.054 -0.772 1.882
45 17 0.257 0.034 1.979
45 18 0.269 -0.413 1.998
45 19 0.284 -0.752 2.016
45 20 0.294 -0.787 1.928
46 1 0.187 0.106 1.983
46 2 0.178 0.173 2.035
46 3 0.169 0.559 2.052
46 4 0.189 0.747 2.026
46 5 0.018 0.435 2.027
46 6 -0.041 0.175 1.992
46 7 -0.041 -0.042 1.938
46 8 -0.031 -0.117 1.913
46 9 0.334 0.422 2.069
46 10 0.374 0.160 2.037
46 11 0.390 -0.063 1.970
46 12 0.386 -0.147 1.938
46 13 0.120 0.037 1.959
46 14 0.064 -0.408 1.975
46 15 0.043 -0.741 1.975
46 16 0.055 -0.774 1.884
46 17 0.259 0.034 1.982
46 18 0.270 -0.413 1.999
46 19 0.284 -0.752 2.016
46 20 0.294 -0.787 1.928
47 1 0.190 0.106 1.987
47 2 0.181 0.174 2.039
47 3 0.173 0.558 2.055
47 4 0.194 0.746 2.027
47 5 0.022 0.435 2.029
47 6 -0.038 0.176 1.995
47 7 -0.037 -0.043 1.941
47 8 -0.028 -0.118 1.916
47 9 0.339 0.422 2.074
47 10 0.377 0.159 2.041
47 11 0.393 -0.063 1.972
47 12 0.388 -0.147 1.941
47 13 0.122 0.038 1.962
47 14 0.066 -0.408 1.978
47 15 0.044 -0.742 1.975
47 16 0.057 -0.777 1.885
47 17 0.263 0.034 1.986
47 18 0.272 -0.414 2.000
47 19 0.284 -0.752 2.016
47 20 0.295 -0.787 1.928
48 1 0.193 0.106 1.990
48 2 0.184 0.174 2.042
48 3 0.178 0.558 2.057
48 4 0.201 0.746 2.029
48 5 0.027 0.435 2.032
48 6 -0.034 0.176 1.998
48 7 -0.033 -0.043 1.945
48 8 -0.025 -0.119 1.919
48 9 0.344 0.422 2.078
48 10 0.381 0.159 2.044
48 11 0.395 -0.064 1.976
48 12 0.390 -0.147 1.944
48 13 0.125 0.038 1.966
48 14 0.069 -0.408 1.981
48 15 0.044 -0.742 1.975
48 16 0.057 -0.778 1.886
48 17 0.266 0.034 1.991
48 18 0.273 -0.414 2.001
48 19 0.284 -0.751 2.015
48 20 0.296 -0.787 1.928
49 1 0.197 0.107 1.995
49 2 0.188 0.174 2.047
49 3 0.185 0.557 2.059
49 4 0.209 0.745 2.028
49 5 0.032 0.436 2.035
49 6 -0.029 0.177 2.002
49 7 -0.028 -0.044 1.949
49 8 -0.021 -0.120 1.923
49 9 0.355 0.421 2.085
49 10 0.385 0.158 2.049
49 11 0.398 -0.064 1.980
49 12 0.393 -0.148 1.947
49 13 0.128 0.038 1.970
49 14 0.071 -0.408 1.983
49 15 0.045 -0.743 1.975
49 16 0.058 -0.779 1.887
49 17 0.271 0.034 1.997
49 18 0.276 -0.415 2.003
49 19 0.285 -0.751 2.015
49 20 0.297 -0.787 1.928
50 1 0.202 0.107 2.001
50 2 0.192 0.175 2.051
50 3 0.193 0.555 2.061
50 4 0.220 0.742 2.026
50 5 0.040 0.436 2.037
50 6 -0.025 0.177 2.005
50 7 -0.025 -0.045 1.952
50 8 -0.018 -0.121 1.926
50 9 0.363 0.421 2.090
50 10 0.389 0.157 2.054
50 11 0.401 -0.066 1.984
50 12 0.396 -0.149 1.951
50 13 0.133 0.038 1.976
50 14 0.073 -0.408 1.986
50 15 0.045 -0.744 1.975
50 16 0.059 -0.781 1.887
50 17 0.276 0.033 2.005
50 18 0.278 -0.416 2.006
50 19 0.285 -0.751 2.015
50 20 0.298 -0.787 1.928
51 1 0.207 0.107 2.007
51 2 0.197 0.175 2.056
51 3 0.199 0.554 2.062
51 4 0.230 0.739 2.021
51 5 0.046 0.436 2.038
51 6 -0.020 0.178 2.008
51 7 -0.021 -0.046 1.955
51 8 -0.014 -0.122 1.929
51 9 0.370 0.421 2.094
51 10 0.394 0.156 2.059
51 11 0.405 -0.067 1.988
51 12 0.399 -0.150 1.956
51 13 0.138 0.038 1.983
51 14 0.076 -0.408 1.988
51 15 0.046 -0.746 1.975
51 16 0.060 -0.783 1.888
51 17 0.281 0.032 2.013
51 18 0.282 -0.417 2.011
51 19 0.286 -0.751 2.016
51 20 0.300 -0.787 1.930
52 1 0.213 0.107 2.014
52 2 0.203 0.175 2.062
52 3 0.207 0.551 2.062
52 4 0.242 0.733 2.011
52 5 0.054 0.436 2.040
52 6 -0.015 0.178 2.012
52 7 -0.017 -0.047 1.959
52 8 -0.010 -0.125 1.933
52 9 0.377 0.420 2.097
52 10 0.401 0.155 2.066
52 11 0.412 -0.063 1.999
52 12 0.404 -0.146 1.963
52 13 0.143 0.037 1.991
52 14 0.078 -0.408 1.990
52 15 0.047 -0.745 1.973
52 16 0.062 -0.783 1.886
52 17 0.287 0.031 2.022
52 18 0.286 -0.419 2.018
52 19 0.287 -0.752 2.018
52 20 0.302 -0.788 1.931
53 1 0.219 0.104 2.023
53 2 0.209 0.173 2.068
53 3 0.220 0.544 2.060
53 4 0.257 0.726 1.997
53 5 0.062 0.435 2.041
53 6 -0.009 0.178 2.015
53 7 -0.012 -0.048 1.964
53 8 -0.005 -0.128 1.936
53 9 0.384 0.418 2.099
53 10 0.409 0.153 2.073
53 11 0.417 -0.062 2.006
53 12 0.409 -0.145 1.970
53 13 0.149 0.034 2.002
53 14 0.082 -0.410 1.990
53 15 0.049 -0.745 1.968
53 16 0.065 -0.783 1.882
53 17 0.293 0.028 2.032
53 18 0.291 -0.422 2.026
53 19 0.289 -0.752 2.019
53 20 0.304 -0.789 1.934
54 1 0.226 0.101 2.032
54 2 0.216 0.171 2.074
54 3 0.230 0.536 2.056
54 4 0.270 0.717 1.982
54 5 0.071 0.433 2.041
54 6 -0.004 0.177 2.018
54 7 -0.008 -0.051 1.968
54 8 -0.002 -0.131 1.939
54 9 0.393 0.415 2.099
54 10 0.418 0.149 2.080
54 11 0.422 -0.061 2.012
54 12 0.412 -0.143 1.975
54 13 0.155 0.031 2.015
54 14 0.086 -0.412 1.991
54 15 0.054 -0.741 1.959
54 16 0.070 -0.779 1.874
54 17 0.300 0.023 2.043
54 18 0.295 -0.426 2.034
54 19 0.290 -0.753 2.022
54 20 0.306 -0.791 1.937
55 1 0.232 0.097 2.042
55 2 0.223 0.168 2.080
55 3 0.241 0.525 2.051
55 4 0.280 0.708 1.968
55 5 0.079 0.431 2.041
55 6 0.001 0.176 2.021
55 7 -0.005 -0.054 1.971
55 8 0.002 -0.134 1.942
55 9 0.401 0.410 2.099
55 10 0.426 0.144 2.085
55 11 0.428 -0.062 2.018
55 12 0.415 -0.144 1.980
55 13 0.161 0.026 2.028
55 14 0.091 -0.415 1.990
55 15 0.058 -0.737 1.952
55 16 0.073 -0.777 1.868
55 17 0.307 0.017 2.057
55 18 0.299 -0.432 2.042
55 19 0.292 -0.754 2.024
55 20 0.308 -0.792 1.939
56 1 0.238 0.091 2.053
56 2 0.229 0.164 2.084
56 3 0.250 0.514 2.045
56 4 0.288 0.698 1.955
56 5 0.086 0.429 2.040
56 6 0.005 0.175 2.023
56 7 -0.002 -0.056 1.975
56 8 0.005 -0.137 1.945
56 9 0.412 0.396 2.096
56 10 0.434 0.135 2.090
56 11 0.434 -0.065 2.023
56 12 0.417 -0.145 1.984
56 13 0.165 0.021 2.042
56 14 0.095 -0.417 1.988
56 15 0.062 -0.734 1.947
56 16 0.076 -0.774 1.864
56 17 0.313 0.010 2.071
56 18 0.303 -0.437 2.049
56 19 0.293 -0.755 2.026
56 20 0.309 -0.794 1.942
57 1 0.243 0.085 2.063
57 2 0.235 0.159 2.089
57 3 0.257 0.502 2.039
57 4 0.296 0.684 1.940
57 5 0.093 0.424 2.038
57 6 0.008 0.173 2.025
57 7 -0.000 -0.061 1.978
57 8 0.009 -0.140 1.948
57 9 0.420 0.385 2.093
57 10 0.442 0.125 2.094
57 11 0.439 -0.069 2.028
57 12 0.420 -0.148 1.990
57 13 0.168 0.015 2.056
57 14 0.099 -0.419 1.987
57 15 0.066 -0.731 1.943
57 16 0.080 -0.773 1.860
57 17 0.317 0.003 2.084
57 18 0.305 -0.440 2.054
57 19 0.294 -0.756 2.028
57 20 0.310 -0.796 1.944
58 1 0.245 0.078 2.073
58 2 0.239 0.153 2.092
58 3 0.263 0.485 2.029
58 4 0.302 0.668 1.926
58 5 0.101 0.415 2.033
58 6 0.011 0.167 2.027
58 7 0.002 -0.067 1.981
58 8 0.012 -0.144 1.952
58 9 0.426 0.374 2.090
58 10 0.448 0.117 2.096
58 11 0.444 -0.076 2.032
58 12 0.423 -0.155 1.994
58 13 0.169 0.008 2.068
58 14 0.103 -0.420 1.986
58 15 0.072 -0.729 1.941
58 16 0.086 -0.772 1.859
58 17 0.319 -0.004 2.095
58 18 0.306 -0.442 2.057
58 19 0.294 -0.756 2.029
58 20 0.310 -0.798 1.946
59 1 0.247 0.070 2.082
59 2 0.243 0.146 2.095
59 3 0.268 0.469 2.020
59 4 0.309 0.648 1.911
59 5 0.111 0.399 2.024
59 6 0.013 0.158 2.027
59 7 0.004 -0.077 1.983
59 8 0.017 -0.151 1.957
59 9 0.430 0.364 2.086
59 10 0.455 0.104 2.096
59 11 0.448 -0.085 2.034
59 12 0.425 -0.164 1.998
59 13 0.170 0.001 2.080
59 14 0.106 -0.421 1.987
59 15 0.080 -0.728 1.942
59 16 0.096 -0.773 1.861
59 17 0.320 -0.012 2.107
59 18 0.307 -0.443 2.059
59 19 0.295 -0.757 2.030
59 20 0.311 -0.800 1.947
60 1 0.248 0.061 2.091
60 2 0.245 0.136 2.098
60 3 0.271 0.450 2.009
60 4 0.314 0.627 1.898
60 5 0.119 0.379 2.012
60 6 0.015 0.143 2.026
60 7 0.006 -0.090 1.984
60 8 0.021 -0.162 1.962
60 9 0.434 0.353 2.082
60 10 0.460 0.092 2.096
60 11 0.451 -0.100 2.036
60 12 0.427 -0.175 2.002
60 13 0.170 -0.008 2.092
60 14 0.113 -0.422 1.993
60 15 0.093 -0.722 1.948
60 16 0.110 -0.770 1.868
60 17 0.320 -0.019 2.117
60 18 0.308 -0.445 2.061
60 19 0.295 -0.757 2.030
60 20 0.311 -0.801 1.949
61 1 0.247 0.048 2.100
61 2 0.246 0.121 2.102
61 3 0.271 0.429 1.998
61 4 0.318 0.602 1.885
61 5 0.125 0.355 2.000
61 6 0.015 0.120 2.021
61 7 0.010 -0.112 1.984
61 8 0.026 -0.175 1.967
61 9 0.436 0.337 2.076
61 10 0.464 0.077 2.094
61 11 0.450 -0.136 2.035
61 12 0.427 -0.190 2.005
61 13 0.169 -0.019 2.104
61 14 0.121 -0.424 2.004
61 15 0.104 -0.722 1.956
61 16 0.122 -0.772 1.878
61 17 0.318 -0.030 2.129
61 18 0.309 -0.445 2.062
61 19 0.295 -0.757 2.031
61 20 0.312 -0.803 1.950
62 1 0.247 0.031 2.110
62 2 0.247 0.102 2.105
62 3 0.270 0.405 1.987
62 4 0.322 0.578 1.874
62 5 0.128 0.336 1.990
62 6 0.016 0.099 2.014
62 7 0.021 -0.151 1.984
62 8 0.039 -0.211 1.975
62 9 0.438 0.313 2.068
62 10 0.466 0.065 2.093
62 11 0.450 -0.149 2.035
62 12 0.426 -0.199 2.008
62 13 0.168 -0.034 2.116
62 14 0.130 -0.428 2.016
62 15 0.111 -0.723 1.961
62 16 0.130 -0.775 1.885
62 17 0.317 -0.046 2.142
62 18 0.309 -0.446 2.063
62 19 0.296 -0.757 2.031
62 20 0.313 -0.805 1.952
63 1 0.247 0.014 2.117
63 2 0.248 0.082 2.107
63 3 0.271 0.375 1.974
63 4 0.324 0.549 1.863
63 5 0.130 0.310 1.979
63 6 0.022 0.065 1.996
63 7 0.026 -0.176 1.982
63 8 0.045 -0.236 1.978
63 9 0.440 0.297 2.063
63 10 0.468 0.041 2.087
63 11 0.450 -0.160 2.034
63 12 0.426 -0.208 2.011
63 13 0.169 -0.049 2.126
63 14 0.136 -0.432 2.024
63 15 0.116 -0.724 1.965
63 16 0.135 -0.779 1.890
63 17 0.316 -0.059 2.152
63 18 0.309 -0.446 2.064
63 19 0.296 -0.758 2.031
63 20 0.313 -0.808 1.953
64 1 0.247 -0.007 2.125
64 2 0.248 0.058 2.109
64 3 0.268 0.346 1.963
64 4 0.325 0.522 1.855
64 5 0.131 0.284 1.970
64 6 0.023 0.038 1.985
64 7 0.030 -0.195 1.980
64 8 0.048 -0.256 1.979
64 9 0.440 0.270 2.055
64 10 0.468 0.016 2.083
64 11 0.449 -0.177 2.034
64 12 0.426 -0.216 2.013
64 13 0.170 -0.070 2.137
64 14 0.139 -0.435 2.028
64 15 0.119 -0.725 1.967
64 16 0.138 -0.782 1.894
64 17 0.316 -0.077 2.162
64 18 0.309 -0.447 2.064
64 19 0.296 -0.758 2.031
64 20 0.314 -0.810 1.954
65 1 0.248 -0.031 2.131
65 2 0.249 0.033 2.111
65 3 0.266 0.322 1.956
65 4 0.326 0.492 1.848
65 5 0.129 0.256 1.963
65 6 0.028 0.008 1.975
65 7 0.033 -0.212 1.977
65 8 0.055 -0.295 1.978
65 9 0.440 0.228 2.047
65 10 0.467 -0.006 2.082
65 11 0.449 -0.194 2.034
65 12 0.427 -0.229 2.018
65 13 0.172 -0.092 2.147
65 14 0.143 -0.440 2.031
65 15 0.121 -0.725 1.968
65 16 0.140 -0.784 1.896
65 17 0.318 -0.100 2.171
65 18 0.310 -0.448 2.064
65 19 0.297 -0.758 2.031
65 20 0.315 -0.811 1.954
66 1 0.248 -0.059 2.139
66 2 0.248 0.004 2.115
66 3 0.260 0.286 1.949
66 4 0.326 0.461 1.842
66 5 0.127 0.227 1.957
66 6 0.029 -0.019 1.971
66 7 0.037 -0.238 1.972
66 8 0.063 -0.323 1.977
66 9 0.439 0.203 2.042
66 10 0.464 -0.045 2.084
66 11 0.446 -0.234 2.038
66 12 0.429 -0.282 2.027
66 13 0.173 -0.119 2.158
66 14 0.147 -0.455 2.028
66 15 0.123 -0.727 1.969
66 16 0.142 -0.787 1.897
66 17 0.317 -0.126 2.182
66 18 0.313 -0.455 2.059
66 19 0.298 -0.758 2.030
66 20 0.316 -0.813 1.955
67 1 0.248 -0.080 2.143
67 2 0.248 -0.019 2.116
67 3 0.253 0.257 1.945
67 4 0.324 0.429 1.839
67 5 0.125 0.195 1.953
67 6 0.027 -0.048 1.969
67 7 0.040 -0.260 1.969
67 8 0.068 -0.337 1.977
67 9 0.439 0.172 2.040
67 10 0.458 -0.087 2.088
67 11 0.443 -0.276 2.039
67 12 0.429 -0.335 2.031
67 13 0.175 -0.142 2.164
67 14 0.155 -0.503 2.012
67 15 0.120 -0.771 1.959
67 16 0.138 -0.835 1.889
67 17 0.319 -0.146 2.189
67 18 0.316 -0.463 2.054
67 19 0.300 -0.757 2.027
67 20 0.317 -0.814 1.954
68 1 0.250 -0.109 2.147
68 2 0.248 -0.048 2.118
68 3 0.247 0.229 1.943
68 4 0.321 0.388 1.835
68 5 0.122 0.168 1.951
68 6 0.024 -0.075 1.968
68 7 0.045 -0.289 1.966
68 8 0.075 -0.358 1.975
68 9 0.439 0.142 2.042
68 10 0.454 -0.111 2.091
68 11 0.439 -0.304 2.046
68 12 0.429 -0.361 2.037
68 13 0.177 -0.171 2.170
68 14 0.161 -0.529 2.001
68 15 0.118 -0.809 1.951
68 16 0.135 -0.874 1.882
68 17 0.323 -0.175 2.195
68 18 0.322 -0.478 2.045
68 19 0.300 -0.799 2.022
68 20 0.317 -0.863 1.952
69 1 0.249 -0.141 2.148
69 2 0.246 -0.082 2.118
69 3 0.239 0.194 1.943
69 4 0.318 0.360 1.834
69 5 0.117 0.125 1.952
69 6 0.019 -0.101 1.970
69 7 0.049 -0.311 1.966
69 8 0.079 -0.372 1.974
69 9 0.436 0.109 2.044
69 10 0.448 -0.146 2.101
69 11 0.436 -0.337 2.051
69 12 0.427 -0.390 2.043
69 13 0.177 -0.207 2.170
69 14 0.168 -0.556 1.985
69 15 0.116 -0.842 1.945
69 16 0.133 -0.907 1.877
69 17 0.325 -0.204 2.198
69 18 0.329 -0.513 2.027
69 19 0.300 -0.833 2.020
69 20 0.317 -0.899 1.951
70 1 0.251 -0.185 2.150
70 2 0.246 -0.124 2.120
70 3 0.234 0.167 1.945
70 4 0.316 0.316 1.835
70 5 0.112 0.091 1.953
70 6 0.011 -0.126 1.972
70 7 0.050 -0.322 1.965
70 8 0.080 -0.381 1.974
70 9 0.431 0.065 2.049
70 10 0.444 -0.173 2.110
70 11 0.431 -0.362 2.055
70 12 0.424 -0.414 2.047
70 13 0.180 -0.257 2.170
70 14 0.177 -0.579 1.969
70 15 0.109 -0.876 1.947
70 16 0.126 -0.940 1.878
70 17 0.328 -0.242 2.203
70 18 0.334 -0.551 2.013
70 19 0.297 -0.864 2.022
70 20 0.315 -0.930 1.953
71 1 0.251 -0.205 2.152
71 2 0.246 -0.145 2.121
71 3 0.230 0.143 1.948
71 4 0.314 0.295 1.837
71 5 0.106 0.061 1.955
71 6 -0.002 -0.152 1.975
71 7 0.051 -0.335 1.966
71 8 0.077 -0.394 1.973
71 9 0.430 0.047 2.051
71 10 0.441 -0.191 2.120
71 11 0.428 -0.379 2.060
71 12 0.421 -0.432 2.053
71 13 0.180 -0.281 2.171
71 14 0.182 -0.590 1.962
71 15 0.104 -0.894 1.948
71 16 0.122 -0.957 1.880
71 17 0.330 -0.262 2.207
71 18 0.337 -0.566 2.007
71 19 0.297 -0.883 2.022
71 20 0.315 -0.948 1.954
72 1 0.249 -0.232 2.152
72 2 0.243 -0.173 2.122
72 3 0.225 0.108 1.955
72 4 0.312 0.274 1.842
72 5 0.100 0.021 1.959
72 6 -0.019 -0.186 1.980
72 7 0.051 -0.359 1.970
72 8 0.070 -0.423 1.973
72 9 0.430 0.020 2.061
72 10 0.437 -0.211 2.136
72 11 0.420 -0.396 2.068
72 12 0.414 -0.450 2.059
72 13 0.176 -0.315 2.166
72 14 0.187 -0.599 1.955
72 15 0.092 -0.909 1.961
72 16 0.112 -0.972 1.892
72 17 0.329 -0.291 2.211
72 18 0.338 -0.575 2.004
72 19 0.295 -0.899 2.027
72 20 0.314 -0.963 1.959
73 1 0.247 -0.251 2.153
73 2 0.242 -0.193 2.123
73 3 0.224 0.080 1.961
73 4 0.309 0.247 1.852
73 5 0.096 -0.001 1.961
73 6 -0.028 -0.204 1.983
73 7 0.050 -0.375 1.973
73 8 0.054 -0.445 1.975
73 9 0.429 -0.000 2.069
73 10 0.435 -0.224 2.146
73 11 0.415 -0.407 2.071
73 12 0.409 -0.462 2.063
73 13 0.175 -0.334 2.164
73 14 0.194 -0.608 1.947
73 15 0.077 -0.914 1.974
73 16 0.098 -0.976 1.904
73 17 0.328 -0.311 2.215
73 18 0.340 -0.583 2.001
73 19 0.293 -0.910 2.032
73 20 0.313 -0.974 1.964
74 1 0.246 -0.267 2.154
74 2 0.240 -0.210 2.124
74 3 0.223 0.054 1.969
74 4 0.306 0.226 1.862
74 5 0.093 -0.026 1.966
74 6 -0.035 -0.218 1.986
74 7 0.049 -0.390 1.976
74 8 0.047 -0.459 1.975
74 9 0.428 -0.024 2.082
74 10 0.435 -0.237 2.155
74 11 0.411 -0.416 2.073
74 12 0.405 -0.473 2.065
74 13 0.172 -0.351 2.162
74 14 0.201 -0.614 1.943
74 15 0.059 -0.909 1.988
74 16 0.083 -0.970 1.919
74 17 0.328 -0.329 2.218
74 18 0.342 -0.591 2.000
74 19 0.291 -0.919 2.039
74 20 0.312 -0.982 1.971
75 1 0.244 -0.288 2.157
75 2 0.239 -0.233 2.128
75 3 0.223 0.030 1.979
75 4 0.299 0.204 1.875
75 5 0.089 -0.052 1.971
75 6 -0.043 -0.232 1.988
75 7 0.047 -0.403 1.980
75 8 0.042 -0.471 1.976
75 9 0.428 -0.052 2.100
75 10 0.439 -0.255 2.170
75 11 0.403 -0.421 2.066
75 12 0.399 -0.480 2.062
75 13 0.170 -0.372 2.164
75 14 0.209 -0.620 1.937
75 15 0.049 -0.902 1.997
75 16 0.074 -0.963 1.928
75 17 0.327 -0.351 2.223
75 18 0.345 -0.602 1.998
75 19 0.289 -0.926 2.051
75 20 0.312 -0.988 1.983
76 1 0.244 -0.305 2.160
76 2 0.239 -0.250 2.132
76 3 0.222 0.014 1.987
76 4 0.291 0.184 1.889
76 5 0.085 -0.073 1.978
76 6 -0.050 -0.247 1.992
76 7 0.044 -0.418 1.983
76 8 0.030 -0.486 1.980
76 9 0.428 -0.065 2.109
76 10 0.440 -0.269 2.179
76 11 0.399 -0.426 2.065
76 12 0.393 -0.487 2.060
76 13 0.169 -0.389 2.167
76 14 0.219 -0.624 1.932
76 15 0.043 -0.892 2.003
76 16 0.069 -0.952 1.934
76 17 0.328 -0.367 2.225
76 18 0.347 -0.611 1.996
76 19 0.288 -0.930 2.063
76 20 0.312 -0.991 1.994
77 1 0.245 -0.330 2.168
77 2 0.240 -0.275 2.141
77 3 0.218 -0.011 2.003
77 4 0.285 0.166 1.905
77 5 0.081 -0.096 1.988
77 6 -0.057 -0.271 2.000
77 7 0.046 -0.436 1.986
77 8 0.022 -0.499 1.983
77 9 0.424 -0.083 2.123
77 10 0.443 -0.289 2.194
77 11 0.396 -0.430 2.064
77 12 0.389 -0.493 2.059
77 13 0.172 -0.415 2.175
77 14 0.231 -0.629 1.925
77 15 0.041 -0.877 2.007
77 16 0.069 -0.935 1.938
77 17 0.331 -0.389 2.231
77 18 0.352 -0.631 1.998
77 19 0.283 -0.934 2.078
77 20 0.310 -0.994 2.009
78 1 0.244 -0.348 2.175
78 2 0.238 -0.294 2.150
78 3 0.216 -0.033 2.022
78 4 0.277 0.149 1.924
78 5 0.078 -0.114 1.997
78 6 -0.063 -0.298 2.010
78 7 0.051 -0.453 1.989
78 8 0.063 -0.515 1.986
78 9 0.415 -0.106 2.147
78 10 0.443 -0.303 2.205
78 11 0.394 -0.435 2.064
78 12 0.385 -0.500 2.060
78 13 0.171 -0.432 2.179
78 14 0.239 -0.633 1.918
78 15 0.095 -0.805 2.143
78 16 0.112 -0.874 2.047
78 17 0.328 -0.414 2.242
78 18 0.355 -0.642 1.997
78 19 0.280 -0.931 2.096
78 20 0.308 -0.989 2.026
79 1 0.242 -0.364 2.183
79 2 0.236 -0.310 2.158
79 3 0.211 -0.048 2.038
79 4 0.269 0.134 1.948
79 5 0.074 -0.132 2.010
79 6 -0.066 -0.315 2.016
79 7 0.054 -0.466 1.992
79 8 0.089 -0.527 1.989
79 9 0.408 -0.118 2.163
79 10 0.443 -0.316 2.219
79 11 0.392 -0.441 2.068
79 12 0.382 -0.507 2.063
79 13 0.170 -0.448 2.184
79 14 0.245 -0.635 1.913
79 15 0.110 -0.781 2.183
79 16 0.143 -0.837 2.111
79 17 0.327 -0.428 2.248
79 18 0.358 -0.648 1.996
79 19 0.278 -0.925 2.110
79 20 0.309 -0.982 2.040
80 1 0.238 -0.380 2.191
80 2 0.231 -0.326 2.167
80 3 0.204 -0.064 2.059
80 4 0.259 0.119 1.982
80 5 0.069 -0.150 2.027
80 6 -0.069 -0.335 2.027
80 7 0.055 -0.483 1.995
80 8 0.100 -0.538 1.990
80 9 0.398 -0.131 2.189
80 10 0.439 -0.330 2.239
80 11 0.389 -0.450 2.076
80 12 0.378 -0.516 2.072
80 13 0.165 -0.465 2.186
80 14 0.257 -0.638 1.908
80 15 0.117 -0.751 2.235
80 16 0.160 -0.809 2.190
80 17 0.322 -0.447 2.257
80 18 0.362 -0.673 2.007
80 19 0.279 -0.935 2.120
80 20 0.311 -0.989 2.050
81 1 0.231 -0.393 2.199
81 2 0.224 -0.340 2.177
81 3 0.195 -0.076 2.082
81 4 0.250 0.109 2.008
81 5 0.061 -0.168 2.050
81 6 -0.072 -0.352 2.037
81 7 0.053 -0.503 2.001
81 8 0.103 -0.553 1.994
81 9 0.385 -0.150 2.228
81 10 0.433 -0.342 2.258
81 11 0.387 -0.461 2.088
81 12 0.375 -0.526 2.083
81 13 0.158 -0.480 2.188
81 14 0.280 -0.634 1.908
81 15 0.132 -0.776 2.188
81 16 0.174 -0.816 2.156
81 17 0.316 -0.461 2.266
81 18 0.365 -0.684 2.013
81 19 0.280 -0.943 2.125
81 20 0.314 -0.995 2.055
82 1 0.220 -0.411 2.215
82 2 0.213 -0.356 2.196
82 3 0.184 -0.084 2.107
82 4 0.235 0.104 2.042
82 5 0.054 -0.182 2.071
82 6 -0.074 -0.364 2.046
82 7 0.061 -0.524 2.009
82 8 0.116 -0.575 2.000
82 9 0.376 -0.159 2.248
82 10 0.423 -0.353 2.280
82 11 0.384 -0.470 2.103
82 12 0.372 -0.536 2.098
82 13 0.150 -0.496 2.196
82 14 0.293 -0.630 1.910
82 15 0.129 -0.754 2.227
82 16 0.159 -0.820 2.209
82 17 0.306 -0.477 2.281
82 18 0.403 -0.623 1.996
82 19 0.306 -0.892 2.082
82 20 0.344 -0.942 2.011
83 1 0.214 -0.419 2.224
83 2 0.206 -0.364 2.207
83 3 0.171 -0.092 2.135
83 4 0.218 0.098 2.079
83 5 0.044 -0.193 2.097
83 6 -0.077 -0.378 2.058
83 7 0.059 -0.534 2.018
83 8 0.114 -0.584 2.009
83 9 0.360 -0.166 2.277
83 10 0.410 -0.363 2.310
83 11 0.388 -0.466 2.096
83 12 0.373 -0.535 2.096
83 13 0.145 -0.504 2.200
83 14 0.305 -0.625 1.915
83 15 0.125 -0.755 2.229
83 16 0.151 -0.825 2.227
83 17 0.301 -0.485 2.290
83 18 0.405 -0.651 2.018
83 19 0.316 -0.938 2.055
83 20 0.357 -0.984 1.984
84 1 0.204 -0.427 2.237
84 2 0.195 -0.372 2.223
84 3 0.152 -0.097 2.169
84 4 0.197 0.095 2.113
84 5 0.031 -0.200 2.125
84 6 -0.080 -0.393 2.074
84 7 0.060 -0.540 2.021
84 8 0.115 -0.588 2.012
84 9 0.344 -0.171 2.303
84 10 0.401 -0.369 2.327
84 11 0.391 -0.462 2.090
84 12 0.374 -0.533 2.092
84 13 0.139 -0.512 2.205
84 14 0.314 -0.614 1.923
84 15 0.135 -0.777 2.185
84 16 0.167 -0.833 2.151
84 17 0.293 -0.494 2.303
84 18 0.406 -0.656 2.025
84 19 0.318 -0.959 2.045
84 20 0.360 -1.002 1.973
85 1 0.196 -0.431 2.249
85 2 0.186 -0.376 2.238
85 3 0.140 -0.099 2.193
85 4 0.181 0.094 2.139
85 5 0.015 -0.203 2.157
85 6 -0.082 -0.403 2.087
85 7 0.060 -0.543 2.024
85 8 0.114 -0.587 2.012
85 9 0.329 -0.176 2.334
85 10 0.387 -0.376 2.347
85 11 0.392 -0.461 2.087
85 12 0.376 -0.532 2.089
85 13 0.130 -0.518 2.213
85 14 0.317 -0.602 1.934
85 15 0.138 -0.789 2.163
85 16 0.175 -0.837 2.108
85 17 0.287 -0.498 2.312
85 18 0.401 -0.663 2.034
85 19 0.316 -0.974 2.042
85 20 0.359 -1.016 1.969
86 1 0.181 -0.433 2.269
86 2 0.171 -0.378 2.261
86 3 0.123 -0.102 2.229
86 4 0.155 0.092 2.178
86 5 0.003 -0.205 2.179
86 6 -0.085 -0.410 2.104
86 7 0.058 -0.544 2.028
86 8 0.110 -0.587 2.014
86 9 0.311 -0.178 2.362
86 10 0.373 -0.379 2.365
86 11 0.393 -0.458 2.088
86 12 0.376 -0.530 2.089
86 13 0.115 -0.522 2.229
86 14 0.311 -0.588 1.952
86 15 0.139 -0.794 2.156
86 16 0.178 -0.838 2.092
86 17 0.277 -0.500 2.327
86 18 0.389 -0.670 2.046
86 19 0.307 -0.985 2.048
86 20 0.351 -1.025 1.974
87 1 0.171 -0.434 2.284
87 2 0.160 -0.379 2.277
87 3 0.110 -0.102 2.251
87 4 0.137 0.092 2.201
87 5 -0.011 -0.207 2.203
87 6 -0.087 -0.415 2.132
87 7 0.053 -0.542 2.033
87 8 0.099 -0.582 2.013
87 9 0.291 -0.178 2.390
87 10 0.360 -0.380 2.383
87 11 0.393 -0.454 2.097
87 12 0.377 -0.527 2.093
87 13 0.106 -0.524 2.239
87 14 0.304 -0.576 1.962
87 15 0.139 -0.797 2.152
87 16 0.180 -0.839 2.083
87 17 0.267 -0.500 2.342
87 18 0.375 -0.675 2.060
87 19 0.294 -0.993 2.061
87 20 0.339 -1.032 1.987
88 1 0.160 -0.432 2.301
88 2 0.147 -0.377 2.296
88 3 0.089 -0.100 2.281
88 4 0.111 0.093 2.230
88 5 -0.027 -0.209 2.225
88 6 -0.088 -0.419 2.148
88 7 0.051 -0.536 2.042
88 8 0.097 -0.573 2.016
88 9 0.274 -0.178 2.411
88 10 0.350 -0.379 2.396
88 11 0.398 -0.445 2.118
88 12 0.381 -0.520 2.103
88 13 0.097 -0.524 2.248
88 14 0.294 -0.567 1.971
88 15 0.137 -0.798 2.150
88 16 0.180 -0.839 2.076
88 17 0.255 -0.497 2.362
88 18 0.355 -0.678 2.078
88 19 0.273 -0.996 2.084
88 20 0.318 -1.034 2.009
89 1 0.151 -0.431 2.314
89 2 0.138 -0.375 2.310
89 3 0.072 -0.098 2.303
89 4 0.086 0.094 2.256
89 5 -0.042 -0.211 2.245
89 6 -0.092 -0.423 2.164
89 7 0.050 -0.527 2.050
89 8 0.095 -0.559 2.020
89 9 0.249 -0.181 2.432
89 10 0.338 -0.376 2.413
89 11 0.398 -0.439 2.131
89 12 0.383 -0.511 2.118
89 13 0.091 -0.524 2.257
89 14 0.283 -0.560 1.977
89 15 0.109 -0.792 2.175
89 16 0.115 -0.852 2.198
89 17 0.248 -0.495 2.374
89 18 0.341 -0.679 2.090
89 19 0.257 -0.995 2.105
89 20 0.302 -1.032 2.030
90 1 0.135 -0.429 2.329
90 2 0.120 -0.374 2.327
90 3 0.050 -0.098 2.327
90 4 0.061 0.095 2.282
90 5 -0.066 -0.212 2.270
90 6 -0.095 -0.426 2.177
90 7 0.048 -0.519 2.058
90 8 0.094 -0.548 2.025
90 9 0.232 -0.183 2.450
90 10 0.324 -0.370 2.429
90 11 0.389 -0.440 2.212
90 12 0.376 -0.507 2.202
90 13 0.079 -0.522 2.268
90 14 0.245 -0.548 1.978
90 15 0.096 -0.788 2.188
90 16 0.100 -0.856 2.224
90 17 0.229 -0.494 2.387
90 18 0.407 -0.537 2.112
90 19 0.311 -0.841 2.159
90 20 0.355 -0.844 2.062
91 1 0.121 -0.427 2.339
91 2 0.104 -0.373 2.340
91 3 0.025 -0.098 2.353
91 4 0.020 0.100 2.315
91 5 -0.086 -0.213 2.291
91 6 -0.101 -0.429 2.188
91 7 0.044 -0.513 2.067
91 8 0.091 -0.539 2.031
91 9 0.211 -0.183 2.470
91 10 0.312 -0.364 2.442
91 11 0.382 -0.438 2.269
91 12 0.372 -0.503 2.249
91 13 0.068 -0.520 2.276
91 14 0.227 -0.544 1.980
91 15 0.089 -0.786 2.194
91 16 0.089 -0.858 2.245
91 17 0.217 -0.494 2.394
91 18 0.417 -0.500 2.128
91 19 0.319 -0.805 2.182
91 20 0.361 -0.803 2.080
92 1 0.106 -0.426 2.349
92 2 0.085 -0.372 2.354
92 3 0.003 -0.099 2.375
92 4 -0.005 0.102 2.338
92 5 -0.106 -0.215 2.310
92 6 -0.111 -0.432 2.201
92 7 0.017 -0.531 2.090
92 8 0.061 -0.564 2.054
92 9 0.192 -0.184 2.487
92 10 0.300 -0.360 2.453
92 11 0.379 -0.431 2.298
92 12 0.370 -0.497 2.276
92 13 0.055 -0.516 2.284
92 14 0.215 -0.541 1.985
92 15 0.085 -0.785 2.198
92 16 0.082 -0.860 2.258
92 17 0.203 -0.493 2.400
92 18 0.428 -0.465 2.140
92 19 0.391 -0.738 2.088
92 20 0.433 -0.760 2.004
93 1 0.090 -0.426 2.359
93 2 0.065 -0.373 2.370
93 3 -0.027 -0.102 2.398
93 4 -0.042 0.100 2.369
93 5 -0.124 -0.222 2.327
93 6 -0.128 -0.433 2.217
93 7 0.003 -0.539 2.101
93 8 0.046 -0.575 2.065
93 9 0.163 -0.186 2.507
93 10 0.278 -0.350 2.483
93 11 0.369 -0.417 2.328
93 12 0.363 -0.486 2.304
93 13 0.041 -0.514 2.295
93 14 0.205 -0.541 1.994
93 15 0.083 -0.785 2.201
93 16 0.078 -0.861 2.266
93 17 0.189 -0.491 2.406
93 18 0.429 -0.451 2.149
93 19 0.421 -0.745 2.066
93 20 0.464 -0.779 1.985
94 1 0.056 -0.432 2.375
94 2 0.030 -0.381 2.391
94 3 -0.048 -0.106 2.416
94 4 -0.068 0.096 2.387
94 5 -0.140 -0.230 2.342
94 6 -0.145 -0.435 2.232
94 7 -0.005 -0.543 2.107
94 8 0.037 -0.583 2.071
94 9 0.124 -0.184 2.523
94 10 0.253 -0.343 2.522
94 11 0.348 -0.397 2.361
94 12 0.347 -0.470 2.336
94 13 0.011 -0.517 2.309
94 14 0.194 -0.543 2.013
94 15 0.084 -0.787 2.204
94 16 0.079 -0.863 2.271
94 17 0.147 -0.490 2.419
94 18 0.421 -0.444 2.166
94 19 0.436 -0.750 2.050
94 20 0.481 -0.784 1.973
95 1 0.038 -0.435 2.386
95 2 0.011 -0.385 2.406
95 3 -0.067 -0.112 2.432
95 4 -0.106 0.086 2.412
95 5 -0.157 -0.242 2.357
95 6 -0.175 -0.440 2.252
95 7 -0.042 -0.554 2.134
95 8 -0.001 -0.595 2.100
95 9 0.108 -0.187 2.532
95 10 0.245 -0.341 2.533
95 11 0.341 -0.391 2.372
95 12 0.340 -0.464 2.350
95 13 -0.006 -0.519 2.318
95 14 0.189 -0.544 2.023
95 15 0.086 -0.790 2.207
95 16 0.083 -0.866 2.271
95 17 0.128 -0.489 2.430
95 18 0.409 -0.442 2.185
95 19 0.449 -0.758 2.044
95 20 0.494 -0.795 1.968
96 1 0.022 -0.438 2.398
96 2 -0.008 -0.391 2.422
96 3 -0.096 -0.125 2.449
96 4 -0.130 0.079 2.426
96 5 -0.174 -0.259 2.373
96 6 -0.194 -0.443 2.266
96 7 -0.059 -0.552 2.150
96 8 -0.016 -0.590 2.117
96 9 0.094 -0.196 2.543
96 10 0.214 -0.378 2.604
96 11 0.319 -0.379 2.395
96 12 0.339 -0.401 2.341
96 13 -0.023 -0.523 2.332
96 14 0.186 -0.545 2.031
96 15 0.120 -0.830 2.041
96 16 0.159 -0.879 1.964
96 17 0.115 -0.489 2.439
96 18 0.397 -0.441 2.208
96 19 0.458 -0.765 2.044
96 20 0.502 -0.805 1.968
97 1 -0.008 -0.445 2.418
97 2 -0.036 -0.400 2.443
97 3 -0.114 -0.135 2.461
97 4 -0.165 0.058 2.444
97 5 -0.202 -0.279 2.388
97 6 -0.207 -0.448 2.275
97 7 -0.093 -0.573 2.171
97 8 -0.041 -0.598 2.126
97 9 0.077 -0.208 2.552
97 10 0.202 -0.381 2.620
97 11 0.307 -0.371 2.408
97 12 0.316 -0.398 2.370
97 13 -0.061 -0.533 2.355
97 14 0.183 -0.546 2.037
97 15 0.140 -0.849 1.955
97 16 0.182 -0.884 1.876
97 17 0.091 -0.492 2.454
97 18 0.421 -0.486 2.185
97 19 0.468 -0.768 2.046
97 20 0.510 -0.809 1.970
98 1 -0.018 -0.448 2.426
98 2 -0.047 -0.405 2.452
98 3 -0.133 -0.149 2.478
98 4 -0.190 0.045 2.454
98 5 -0.218 -0.292 2.396
98 6 -0.246 -0.466 2.296
98 7 -0.131 -0.589 2.183
98 8 -0.093 -0.624 2.141
98 9 0.067 -0.215 2.562
98 10 0.193 -0.379 2.621
98 11 0.300 -0.366 2.414
98 12 0.309 -0.347 2.362
98 13 -0.070 -0.540 2.366
98 14 0.181 -0.547 2.043
98 15 0.146 -0.856 1.927
98 16 0.191 -0.886 1.834
98 17 0.083 -0.493 2.459
98 18 0.436 -0.491 2.181
98 19 0.475 -0.769 2.048
98 20 0.531 -0.814 2.011
99 1 -0.023 -0.454 2.432
99 2 -0.054 -0.414 2.460
99 3 -0.160 -0.165 2.493
99 4 -0.216 0.030 2.462
99 5 -0.231 -0.306 2.405
99 6 -0.265 -0.503 2.308
99 7 -0.143 -0.596 2.186
99 8 -0.106 -0.629 2.143
99 9 0.031 -0.234 2.569
99 10 0.185 -0.374 2.622
99 11 0.295 -0.362 2.417
99 12 0.306 -0.327 2.341
99 13 -0.072 -0.546 2.376
99 14 0.179 -0.547 2.047
99 15 0.190 -0.857 1.898
99 16 0.237 -0.885 1.789
99 17 0.078 -0.494 2.463
99 18 0.442 -0.491 2.179
99 19 0.485 -0.769 2.053
99 20 0.541 -0.821 2.028
100 1 -0.029 -0.460 2.435
100 2 -0.062 -0.424 2.466
100 3 -0.179 -0.178 2.503
100 4 -0.245 0.010 2.471
100 5 -0.245 -0.321 2.415
100 6 -0.272 -0.517 2.313
100 7 -0.150 -0.601 2.187
100 8 -0.114 -0.633 2.144
100 9 0.010 -0.243 2.573
100 10 0.178 -0.367 2.616
100 11 0.289 -0.355 2.373
100 12 0.318 -0.325 2.258
100 13 -0.073 -0.551 2.381
100 14 0.175 -0.547 2.051
100 15 0.202 -0.859 1.884
100 16 0.248 -0.884 1.779
100 17 0.070 -0.496 2.464
100 18 0.435 -0.469 2.187
100 19 0.493 -0.768 2.055
100 20 0.578 -0.809 2.041
101 1 -0.075 -0.491 2.434
101 2 -0.108 -0.455 2.469
101 3 -0.197 -0.191 2.510
101 4 -0.265 -0.004 2.477
101 5 -0.258 -0.333 2.422
101 6 -0.282 -0.524 2.317
101 7 -0.156 -0.603 2.189
101 8 -0.114 -0.624 2.150
101 9 -0.039 -0.261 2.569
101 10 0.170 -0.355 2.607
101 11 0.289 -0.325 2.372
101 12 0.305 -0.333 2.272
101 13 -0.119 -0.573 2.383
101 14 0.166 -0.546 2.057
101 15 0.210 -0.849 1.882
101 16 0.256 -0.871 1.780
101 17 0.014 -0.521 2.454
101 18 0.405 -0.469 2.209
101 19 0.503 -0.773 2.059
101 20 0.588 -0.800 2.036
102 1 -0.088 -0.500 2.441
102 2 -0.123 -0.465 2.476
102 3 -0.222 -0.207 2.517
102 4 -0.289 -0.019 2.483
102 5 -0.303 -0.345 2.430
102 6 -0.288 -0.529 2.320
102 7 -0.160 -0.603 2.191
102 8 -0.094 -0.598 2.143
102 9 -0.060 -0.267 2.570
102 10 0.162 -0.348 2.602
102 11 0.271 -0.304 2.396
102 12 0.264 -0.338 2.318
102 13 -0.126 -0.580 2.395
102 14 0.159 -0.545 2.060
102 15 0.212 -0.838 1.887
102 16 0.253 -0.861 1.792
102 17 0.001 -0.524 2.461
102 18 0.388 -0.430 2.230
102 19 0.506 -0.755 2.074
102 20 0.587 -0.767 2.028
103 1 -0.095 -0.504 2.445
103 2 -0.132 -0.471 2.481
103 3 -0.242 -0.219 2.523
103 4 -0.313 -0.034 2.490
103 5 -0.324 -0.350 2.434
103 6 -0.293 -0.532 2.323
103 7 -0.160 -0.598 2.193
103 8 -0.085 -0.579 2.142
103 9 -0.078 -0.273 2.573
103 10 0.149 -0.342 2.601
103 11 0.247 -0.296 2.410
103 12 0.246 -0.341 2.329
103 13 -0.129 -0.584 2.402
103 14 0.154 -0.542 2.058
103 15 0.208 -0.827 1.898
103 16 0.243 -0.854 1.812
103 17 -0.006 -0.525 2.467
103 18 0.380 -0.403 2.244
103 19 0.506 -0.736 2.087
103 20 0.582 -0.737 2.024
104 1 -0.098 -0.499 2.456
104 2 -0.137 -0.471 2.489
104 3 -0.264 -0.231 2.528
104 4 -0.340 -0.048 2.499
104 5 -0.340 -0.355 2.438
104 6 -0.304 -0.535 2.326
104 7 -0.164 -0.594 2.197
104 8 -0.077 -0.565 2.137
104 9 -0.105 -0.283 2.578
104 10 0.138 -0.339 2.601
104 11 0.229 -0.286 2.422
104 12 0.237 -0.303 2.360
104 13 -0.126 -0.580 2.412
104 14 0.141 -0.529 2.054
104 15 0.186 -0.783 1.933
104 16 0.241 -0.811 1.930
104 17 -0.006 -0.503 2.488
104 18 0.386 -0.445 2.259
104 19 0.566 -0.766 2.077
104 20 0.628 -0.736 1.991
105 1 -0.128 -0.486 2.478
105 2 -0.168 -0.464 2.512
105 3 -0.287 -0.243 2.534
105 4 -0.364 -0.060 2.505
105 5 -0.358 -0.360 2.442
105 6 -0.308 -0.538 2.325
105 7 -0.163 -0.592 2.198
105 8 -0.075 -0.560 2.136
105 9 -0.120 -0.289 2.581
105 10 0.112 -0.341 2.611
105 11 0.207 -0.286 2.443
105 12 0.225 -0.283 2.391
105 13 -0.159 -0.570 2.456
105 14 0.108 -0.504 2.086
105 15 0.158 -0.757 1.959
105 16 0.232 -0.785 1.971
105 17 -0.023 -0.492 2.484
105 18 0.366 -0.401 2.270
105 19 0.563 -0.702 2.098
105 20 0.627 -0.693 2.005
106 1 -0.192 -0.466 2.466
106 2 -0.226 -0.450 2.505
106 3 -0.305 -0.251 2.538
106 4 -0.382 -0.068 2.511
106 5 -0.374 -0.364 2.446
106 6 -0.309 -0.545 2.322
106 7 -0.156 -0.577 2.188
106 8 -0.076 -0.552 2.132
106 9 -0.151 -0.298 2.581
106 10 0.099 -0.341 2.615
106 11 0.194 -0.287 2.449
106 12 0.220 -0.272 2.402
106 13 -0.231 -0.538 2.368
106 14 0.100 -0.489 2.076
106 15 0.141 -0.749 1.970
106 16 0.224 -0.767 1.993
106 17 -0.090 -0.500 2.491
106 18 0.233 -0.455 2.385
106 19 0.438 -0.727 2.215
106 20 0.510 -0.712 2.132
107 1 -0.262 -0.439 2.469
107 2 -0.286 -0.430 2.511
107 3 -0.331 -0.263 2.547
107 4 -0.402 -0.077 2.518
107 5 -0.398 -0.373 2.454
107 6 -0.309 -0.551 2.318
107 7 -0.149 -0.567 2.180
107 8 -0.076 -0.547 2.130
107 9 -0.165 -0.305 2.581
107 10 0.086 -0.340 2.617
107 11 0.186 -0.285 2.454
107 12 0.219 -0.263 2.403
107 13 -0.288 -0.553 2.467
107 14 0.034 -0.493 2.133
107 15 0.125 -0.748 1.975
107 16 0.212 -0.759 1.994
107 17 -0.167 -0.468 2.381
107 18 0.178 -0.471 2.419
107 19 0.368 -0.744 2.266
107 20 0.450 -0.718 2.190
108 1 -0.097 -0.472 2.491
108 2 -0.155 -0.458 2.529
108 3 -0.347 -0.270 2.552
108 4 -0.417 -0.084 2.524
108 5 -0.415 -0.380 2.459
108 6 -0.308 -0.557 2.315
108 7 -0.146 -0.560 2.175
108 8 -0.077 -0.543 2.128
108 9 -0.174 -0.310 2.582
108 10 0.051 -0.337 2.628
108 11 0.180 -0.288 2.429
108 12 0.227 -0.265 2.366
108 13 -0.049 -0.568 2.499
108 14 0.082 -0.497 2.086
108 15 0.110 -0.753 1.975
108 16 0.197 -0.754 1.993
108 17 -0.014 -0.480 2.439
108 18 0.275 -0.495 2.395
108 19 0.447 -0.768 2.248
108 20 0.519 -0.724 2.181
109 1 -0.096 -0.467 2.494
109 2 -0.151 -0.460 2.534
109 3 -0.368 -0.279 2.557
109 4 -0.434 -0.095 2.529
109 5 -0.436 -0.389 2.465
109 6 -0.308 -0.561 2.314
109 7 -0.117 -0.516 2.149
109 8 -0.044 -0.463 2.084
109 9 -0.187 -0.308 2.608
109 10 0.038 -0.327 2.640
109 11 0.174 -0.289 2.424
109 12 0.224 -0.272 2.349
109 13 -0.039 -0.568 2.516
109 14 0.069 -0.496 2.088
109 15 0.100 -0.756 1.971
109 16 0.181 -0.755 1.984
109 17 -0.004 -0.470 2.414
109 18 0.329 -0.498 2.407
109 19 0.483 -0.776 2.270
109 20 0.552 -0.723 2.200
110 1 -0.084 -0.468 2.498
110 2 -0.143 -0.464 2.538
110 3 -0.388 -0.289 2.562
110 4 -0.451 -0.105 2.534
110 5 -0.457 -0.399 2.470
110 6 -0.308 -0.564 2.314
110 7 -0.106 -0.502 2.142
110 8 -0.020 -0.421 2.063
110 9 -0.130 -0.304 2.670
110 10 0.047 -0.327 2.647
110 11 0.171 -0.288 2.411
110 12 0.213 -0.271 2.326
110 13 -0.026 -0.575 2.514
110 14 0.072 -0.497 2.080
110 15 0.093 -0.758 1.967
110 16 0.172 -0.758 1.975
110 17 0.020 -0.469 2.421
110 18 0.341 -0.500 2.407
110 19 0.499 -0.777 2.269
110 20 0.567 -0.720 2.202
111 1 -0.083 -0.469 2.502
111 2 -0.143 -0.467 2.540
111 3 -0.404 -0.298 2.565
111 4 -0.470 -0.117 2.538
111 5 -0.475 -0.409 2.474
111 6 -0.306 -0.565 2.320
111 7 -0.099 -0.489 2.142
111 8 -0.010 -0.398 2.057
111 9 -0.105 -0.307 2.702
111 10 0.058 -0.328 2.650
111 11 0.169 -0.288 2.404
111 12 0.209 -0.270 2.318
111 13 -0.023 -0.577 2.514
111 14 0.075 -0.499 2.075
111 15 0.088 -0.761 1.964
111 16 0.167 -0.760 1.968
111 17 0.030 -0.465 2.441
111 18 0.348 -0.435 2.453
111 19 0.508 -0.714 2.311
111 20 0.575 -0.672 2.236
112 1 -0.080 -0.471 2.505
112 2 -0.143 -0.470 2.542
112 3 -0.416 -0.306 2.566
112 4 -0.486 -0.130 2.540
112 5 -0.489 -0.419 2.477
112 6 -0.305 -0.564 2.326
112 7 -0.098 -0.481 2.139
112 8 -0.010 -0.386 2.052
112 9 -0.192 -0.314 2.664
112 10 0.015 -0.308 2.666
112 11 0.135 -0.287 2.474
112 12 0.158 -0.260 2.419
112 13 0.016 -0.582 2.536
112 14 0.076 -0.500 2.075
112 15 0.084 -0.762 1.962
112 16 0.161 -0.758 1.963
112 17 0.041 -0.464 2.437
112 18 0.347 -0.396 2.515
112 19 0.511 -0.679 2.365
112 20 0.576 -0.644 2.282
113 1 -0.057 -0.485 2.500
113 2 -0.128 -0.484 2.539
113 3 -0.425 -0.314 2.567
113 4 -0.498 -0.140 2.543
113 5 -0.500 -0.427 2.479
113 6 -0.263 -0.507 2.423
113 7 -0.116 -0.467 2.187
113 8 -0.015 -0.380 2.050
113 9 -0.202 -0.317 2.672
113 10 -0.022 -0.298 2.679
113 11 0.108 -0.281 2.514
113 12 0.131 -0.251 2.453
113 13 0.019 -0.581 2.508
113 14 0.090 -0.515 2.046
113 15 0.082 -0.776 1.947
113 16 0.120 -0.825 1.892
113 17 0.053 -0.469 2.454
113 18 0.357 -0.374 2.517
113 19 0.523 -0.656 2.364
113 20 0.588 -0.619 2.282
114 1 -0.034 -0.461 2.521
114 2 -0.110 -0.469 2.554
114 3 -0.431 -0.320 2.568
114 4 -0.507 -0.149 2.544
114 5 -0.508 -0.433 2.480
114 6 -0.239 -0.472 2.483
114 7 -0.134 -0.459 2.218
114 8 -0.027 -0.379 2.052
114 9 -0.233 -0.324 2.656
114 10 -0.037 -0.295 2.685
114 11 0.092 -0.275 2.537
114 12 0.116 -0.245 2.477
114 13 0.045 -0.539 2.527
114 14 0.096 -0.519 2.054
114 15 0.081 -0.783 1.940
114 16 0.123 -0.827 1.884
114 17 0.064 -0.434 2.492
114 18 0.251 -0.619 2.274
114 19 0.433 -0.871 2.148
114 20 0.449 -0.933 2.073
115 1 0.011 -0.481 2.476
115 2 -0.046 -0.500 2.502
115 3 -0.257 -0.406 2.497
115 4 -0.434 -0.205 2.516
115 5 -0.374 -0.510 2.424
115 6 -0.149 -0.467 2.507
115 7 -0.128 -0.452 2.221
115 8 -0.036 -0.375 2.052
115 9 -0.135 -0.328 2.694
115 10 0.016 -0.248 2.709
115 11 0.037 -0.262 2.541
115 12 0.067 -0.234 2.487
115 13 0.074 -0.547 2.471
115 14 0.109 -0.523 2.004
115 15 0.081 -0.795 1.932
115 16 0.101 -0.879 1.866
115 17 0.100 -0.455 2.448
115 18 0.505 -0.909 1.866
115 19 0.718 -1.259 1.679
115 20 0.716 -1.173 1.726
116 1 0.017 -0.489 2.449
116 2 -0.027 -0.514 2.475
116 3 -0.225 -0.429 2.483
116 4 -0.408 -0.230 2.505
116 5 -0.309 -0.549 2.396
116 6 -0.079 -0.471 2.538
116 7 -0.130 -0.463 2.240
116 8 -0.100 -0.424 2.088
116 9 -0.125 -0.326 2.706
116 10 0.042 -0.238 2.720
116 11 0.017 -0.253 2.543
116 12 0.044 -0.223 2.490
116 13 0.089 -0.555 2.446
116 14 0.114 -0.525 1.985
116 15 0.081 -0.803 1.926
116 16 0.092 -0.899 1.859
116 17 0.106 -0.462 2.403
116 18 0.532 -1.003 1.748
116 19 0.748 -1.359 1.561
116 20 0.750 -1.268 1.616
117 1 0.021 -0.496 2.437
117 2 -0.017 -0.521 2.463
117 3 -0.192 -0.446 2.470
117 4 -0.393 -0.243 2.500
117 5 -0.280 -0.566 2.384
117 6 -0.061 -0.465 2.552
117 7 -0.136 -0.466 2.250
117 8 -0.132 -0.447 2.104
117 9 -0.112 -0.326 2.713
117 10 0.052 -0.227 2.738
117 11 0.007 -0.248 2.548
117 12 0.034 -0.218 2.497
117 13 0.089 -0.561 2.431
117 14 0.117 -0.526 1.975
117 15 0.082 -0.810 1.922
117 16 0.087 -0.911 1.854
117 17 0.110 -0.472 2.394
117 18 0.558 -1.026 1.715
117 19 0.774 -1.381 1.533
117 20 0.783 -1.285 1.578
118 1 0.021 -0.500 2.430
118 2 -0.013 -0.526 2.456
118 3 -0.186 -0.449 2.469
118 4 -0.384 -0.252 2.498
118 5 -0.263 -0.577 2.377
118 6 -0.070 -0.451 2.570
118 7 -0.147 -0.463 2.274
118 8 -0.149 -0.458 2.108
118 9 -0.104 -0.327 2.718
118 10 0.061 -0.228 2.750
118 11 0.043 -0.157 2.525
118 12 0.086 -0.162 2.487
118 13 0.093 -0.573 2.430
118 14 0.120 -0.529 1.972
118 15 0.084 -0.815 1.919
118 16 0.084 -0.919 1.851
118 17 0.112 -0.482 2.380
118 18 0.566 -1.026 1.714
118 19 0.782 -1.381 1.532
118 20 0.794 -1.283 1.575
119 1 -0.018 -0.474 2.444
119 2 -0.062 -0.496 2.477
119 3 -0.281 -0.414 2.509
119 4 -0.438 -0.233 2.527
119 5 -0.331 -0.551 2.407
119 6 -0.119 -0.441 2.569
119 7 -0.157 -0.449 2.280
119 8 -0.164 -0.462 2.104
119 9 -0.162 -0.312 2.720
119 10 0.032 -0.232 2.747
119 11 -0.003 -0.098 2.508
119 12 0.004 -0.065 2.442
119 13 0.064 -0.550 2.443
119 14 0.120 -0.530 1.979
119 15 0.086 -0.817 1.917
119 16 0.084 -0.922 1.853
119 17 0.062 -0.439 2.398
119 18 0.311 -0.706 2.059
119 19 0.482 -0.989 1.910
119 20 0.545 -0.903 1.918
120 1 -0.043 -0.458 2.455
120 2 -0.083 -0.483 2.486
120 3 -0.288 -0.416 2.512
120 4 -0.459 -0.229 2.538
120 5 -0.368 -0.538 2.423
120 6 -0.137 -0.477 2.504
120 7 -0.158 -0.443 2.235
120 8 -0.182 -0.460 2.093
120 9 -0.176 -0.309 2.723
120 10 0.013 -0.236 2.743
120 11 -0.016 -0.073 2.499
120 12 0.041 -0.064 2.461
120 13 0.032 -0.526 2.451
120 14 0.121 -0.530 1.986
120 15 0.089 -0.818 1.915
120 16 0.087 -0.920 1.857
120 17 0.035 -0.417 2.424
120 18 0.284 -0.692 2.069
120 19 0.456 -0.975 1.920
120 20 0.526 -0.886 1.923
121 1 -0.046 -0.449 2.463
121 2 -0.090 -0.475 2.494
121 3 -0.321 -0.402 2.527
121 4 -0.523 -0.246 2.570
121 5 -0.388 -0.530 2.432
121 6 -0.145 -0.471 2.506
121 7 -0.175 -0.443 2.223
121 8 -0.210 -0.467 2.086
121 9 -0.190 -0.306 2.724
121 10 0.000 -0.239 2.740
121 11 0.021 -0.058 2.505
121 12 0.050 -0.009 2.447
121 13 0.019 -0.515 2.453
121 14 0.122 -0.532 1.991
121 15 0.093 -0.819 1.914
121 16 0.093 -0.918 1.861
121 17 0.041 -0.403 2.468
121 18 0.226 -0.606 2.173
121 19 0.390 -0.876 2.027
121 20 0.466 -0.781 2.028
122 1 0.045 -0.478 2.504
122 2 0.021 -0.481 2.550
122 3 -0.057 -0.315 2.622
122 4 -0.303 -0.206 2.645
122 5 -0.179 -0.442 2.587
122 6 -0.032 -0.383 2.594
122 7 -0.100 -0.394 2.351
122 8 -0.153 -0.421 2.238
122 9 0.021 -0.233 2.800
122 10 0.066 -0.089 2.864
122 11 0.054 -0.018 2.597
122 12 0.053 0.007 2.450
122 13 0.040 -0.552 2.459
122 14 0.125 -0.535 1.995
122 15 0.134 -0.813 1.898
122 16 0.150 -0.883 1.830
122 17 0.135 -0.496 2.489
122 18 0.549 -1.043 1.862
122 19 0.762 -1.394 1.676
122 20 0.793 -1.291 1.708
123 1 0.071 -0.540 2.485
123 2 0.031 -0.570 2.501
123 3 -0.149 -0.486 2.507
123 4 -0.301 -0.270 2.631
123 5 -0.164 -0.420 2.617
123 6 0.011 -0.342 2.631
123 7 -0.096 -0.379 2.379
123 8 -0.139 -0.368 2.330
123 9 -0.013 -0.364 2.717
123 10 -0.038 -0.140 2.669
123 11 0.001 0.012 2.539
123 12 0.041 0.035 2.459
123 13 0.065 -0.574 2.453
123 14 0.129 -0.536 1.996
123 15 0.155 -0.812 1.891
123 16 0.173 -0.885 1.841
123 17 0.150 -0.554 2.496
123 18 0.557 -1.056 1.872
123 19 0.769 -1.406 1.685
123 20 0.802 -1.302 1.717
124 1 -0.056 -0.485 2.502
124 2 -0.085 -0.474 2.475
124 3 -0.131 -0.500 2.505
124 4 -0.264 -0.292 2.628
124 5 -0.134 -0.404 2.642
124 6 0.030 -0.321 2.649
124 7 -0.090 -0.364 2.407
124 8 -0.108 -0.321 2.377
124 9 0.060 -0.472 2.503
124 10 0.284 -0.430 2.375
124 11 0.359 -0.296 2.247
124 12 0.403 -0.275 2.201
124 13 -0.096 -0.432 2.452
124 14 -0.276 -0.396 2.165
124 15 -0.258 -0.653 2.110
124 16 -0.190 -0.608 2.112
124 17 0.069 -0.488 2.549
124 18 0.461 -0.451 2.336
124 19 0.641 -0.764 2.164
124 20 0.690 -0.670 2.187
125 1 0.033 -0.485 2.372
125 2 -0.020 -0.498 2.365
125 3 -0.125 -0.533 2.486
125 4 -0.259 -0.302 2.615
125 5 -0.146 -0.409 2.625
125 6 -0.258 -0.302 2.674
125 7 -0.258 -0.351 2.409
125 8 -0.291 -0.390 2.063
125 9 0.091 -0.507 2.457
125 10 0.302 -0.421 2.333
125 11 0.470 -0.358 2.262
125 12 0.515 -0.333 2.211
125 13 0.032 -0.454 2.290
125 14 0.039 -0.470 1.853
125 15 0.072 -0.678 2.075
125 16 0.105 -0.694 2.018
125 17 0.129 -0.485 2.373
125 18 0.583 -0.456 2.299
125 19 0.763 -0.772 2.142
125 20 0.799 -0.675 2.173
126 1 -0.246 -0.505 2.505
126 2 -0.228 -0.536 2.511
126 3 -0.131 -0.545 2.475
126 4 -0.241 -0.312 2.617
126 5 -0.154 -0.402 2.628
126 6 -0.290 -0.344 2.466
126 7 -0.306 -0.395 2.193
126 8 -0.321 -0.381 2.064
126 9 0.107 -0.531 2.420
126 10 0.329 -0.475 2.325
126 11 0.507 -0.393 2.272
126 12 0.587 -0.392 2.217
126 13 -0.352 -0.437 2.490
126 14 -0.209 -0.495 2.026
126 15 0.056 -0.659 2.021
126 16 0.057 -0.701 2.007
126 17 -0.268 -0.559 2.554
126 18 0.073 -0.241 2.570
126 19 0.242 -0.521 2.419
126 20 0.198 -0.599 2.391
127 1 -0.237 -0.512 2.486
127 2 -0.218 -0.546 2.493
127 3 -0.135 -0.550 2.470
127 4 -0.249 -0.304 2.587
127 5 -0.143 -0.394 2.639
127 6 -0.352 -0.382 2.453
127 7 -0.356 -0.421 2.181
127 8 -0.388 -0.403 2.014
127 9 0.078 -0.510 2.439
127 10 0.330 -0.481 2.328
127 11 0.542 -0.423 2.259
127 12 0.595 -0.403 2.226
127 13 -0.353 -0.462 2.486
127 14 -0.266 -0.527 2.043
127 15 0.066 -0.639 2.020
127 16 0.074 -0.714 1.983
127 17 -0.226 -0.550 2.513
127 18 0.145 -0.227 2.587
127 19 0.127 -0.563 2.371
127 20 0.191 -0.639 2.335
128 1 -0.238 -0.516 2.498
128 2 -0.226 -0.555 2.515
128 3 -0.139 -0.550 2.467
128 4 -0.264 -0.300 2.566
128 5 -0.154 -0.396 2.632
128 6 -0.363 -0.408 2.365
128 7 -0.386 -0.453 2.119
128 8 -0.446 -0.417 2.018
128 9 0.085 -0.512 2.431
128 10 0.343 -0.488 2.327
128 11 0.544 -0.472 2.271
128 12 0.629 -0.465 2.219
128 13 -0.374 -0.464 2.491
128 14 -0.291 -0.540 2.049
128 15 0.095 -0.648 1.977
128 16 0.088 -0.742 1.941
128 17 -0.211 -0.557 2.554
128 18 0.051 -0.521 2.187
128 19 0.078 -0.781 2.245
128 20 0.160 -0.743 2.283
129 1 -0.212 -0.523 2.496
129 2 -0.208 -0.561 2.520
129 3 -0.145 -0.545 2.468
129 4 -0.271 -0.299 2.559
129 5 -0.163 -0.400 2.625
129 6 -0.423 -0.388 2.412
129 7 -0.389 -0.466 2.154
129 8 -0.437 -0.468 2.048
129 9 0.091 -0.523 2.411
129 10 0.348 -0.500 2.331
129 11 0.544 -0.474 2.279
129 12 0.627 -0.474 2.230
129 13 -0.346 -0.488 2.467
129 14 -0.321 -0.550 2.047
129 15 0.056 -0.666 1.953
129 16 0.062 -0.761 1.921
129 17 -0.200 -0.556 2.551
129 18 0.169 -0.481 2.467
129 19 0.073 -0.754 2.265
129 20 0.147 -0.749 2.283
130 1 -0.199 -0.526 2.499
130 2 -0.190 -0.562 2.529
130 3 -0.149 -0.539 2.469
130 4 -0.278 -0.299 2.556
130 5 -0.172 -0.403 2.619
130 6 -0.440 -0.389 2.415
130 7 -0.394 -0.481 2.156
130 8 -0.438 -0.494 2.062
130 9 0.087 -0.516 2.420
130 10 0.351 -0.507 2.337
130 11 0.595 -0.494 2.297
130 12 0.656 -0.491 2.242
130 13 -0.302 -0.506 2.446
130 14 -0.338 -0.556 2.047
130 15 0.039 -0.674 1.941
130 16 0.035 -0.764 1.898
130 17 -0.172 -0.556 2.498
130 18 0.163 -0.496 2.475
130 19 -0.016 -0.726 2.254
130 20 0.076 -0.772 2.216
131 1 -0.180 -0.503 2.524
131 2 -0.178 -0.494 2.513
131 3 -0.183 -0.526 2.476
131 4 -0.273 -0.283 2.581
131 5 -0.209 -0.406 2.613
131 6 -0.484 -0.388 2.405
131 7 -0.408 -0.492 2.154
131 8 -0.439 -0.510 2.077
131 9 0.064 -0.505 2.436
131 10 0.326 -0.502 2.358
131 11 0.585 -0.496 2.314
131 12 0.646 -0.487 2.259
131 13 -0.305 -0.516 2.437
131 14 -0.346 -0.562 2.039
131 15 0.026 -0.682 1.936
131 16 0.021 -0.773 1.946
131 17 -0.166 -0.556 2.540
131 18 0.154 -0.521 2.484
131 19 0.103 -0.756 2.223
131 20 0.114 -0.836 2.253
132 1 -0.247 -0.508 2.498
132 2 -0.243 -0.526 2.500
132 3 -0.197 -0.521 2.480
132 4 -0.273 -0.277 2.594
132 5 -0.228 -0.391 2.624
132 6 -0.501 -0.341 2.483
132 7 -0.425 -0.448 2.256
132 8 -0.445 -0.521 2.083
132 9 0.051 -0.498 2.447
132 10 0.312 -0.498 2.371
132 11 0.560 -0.503 2.324
132 12 0.628 -0.490 2.271
132 13 -0.362 -0.488 2.419
132 14 -0.349 -0.566 2.028
132 15 0.018 -0.686 1.935
132 16 0.015 -0.777 1.949
132 17 -0.267 -0.560 2.516
132 18 0.154 -0.539 2.491
132 19 -0.001 -0.759 2.200
132 20 0.055 -0.751 2.137
133 1 -0.253 -0.507 2.501
133 2 -0.255 -0.530 2.504
133 3 -0.205 -0.518 2.482
133 4 -0.280 -0.276 2.610
133 5 -0.235 -0.386 2.627
133 6 -0.503 -0.313 2.531
133 7 -0.437 -0.438 2.293
133 8 -0.445 -0.524 2.090
133 9 0.042 -0.493 2.454
133 10 0.302 -0.496 2.381
133 11 0.551 -0.506 2.328
133 12 0.617 -0.492 2.277
133 13 -0.382 -0.480 2.416
133 14 -0.038 -0.487 2.172
133 15 0.149 -0.743 1.938
133 16 0.188 -0.758 1.941
133 17 -0.273 -0.562 2.555
133 18 0.153 -0.535 2.484
133 19 0.073 -0.778 2.206
133 20 0.105 -0.779 2.109
134 1 -0.264 -0.508 2.501
134 2 -0.265 -0.535 2.506
134 3 -0.210 -0.516 2.483
134 4 -0.288 -0.280 2.628
134 5 -0.240 -0.382 2.630
134 6 -0.494 -0.317 2.543
134 7 -0.441 -0.435 2.305
134 8 -0.448 -0.524 2.096
134 9 0.035 -0.490 2.459
134 10 0.296 -0.495 2.387
134 11 0.548 -0.509 2.331
134 12 0.626 -0.510 2.303
134 13 -0.414 -0.462 2.401
134 14 -0.013 -0.477 2.183
134 15 0.185 -0.762 1.937
134 16 0.267 -0.750 1.939
134 17 -0.325 -0.564 2.616
134 18 0.095 -0.511 2.471
134 19 0.092 -0.779 2.207
134 20 0.120 -0.768 2.096
135 1 -0.271 -0.513 2.504
135 2 -0.263 -0.539 2.516
135 3 -0.206 -0.513 2.481
135 4 -0.290 -0.283 2.636
135 5 -0.237 -0.378 2.631
135 6 -0.479 -0.311 2.554
135 7 -0.443 -0.433 2.314
135 8 -0.451 -0.522 2.101
135 9 0.033 -0.487 2.461
135 10 0.293 -0.494 2.390
135 11 0.553 -0.517 2.325
135 12 0.640 -0.529 2.304
135 13 -0.416 -0.495 2.416
135 14 0.067 -0.501 2.241
135 15 0.214 -0.774 1.939
135 16 0.304 -0.746 1.938
135 17 -0.338 -0.586 2.675
135 18 0.061 -0.498 2.454
135 19 0.107 -0.784 2.208
135 20 0.131 -0.768 2.081
136 1 -0.351 -0.481 2.512
136 2 -0.321 -0.519 2.520
136 3 -0.155 -0.512 2.469
136 4 -0.283 -0.306 2.617
136 5 -0.185 -0.373 2.624
136 6 -0.426 -0.318 2.553
136 7 -0.432 -0.437 2.311
136 8 -0.454 -0.521 2.104
136 9 0.055 -0.485 2.441
136 10 0.304 -0.492 2.387
136 11 0.579 -0.531 2.309
136 12 0.671 -0.549 2.295
136 13 -0.468 -0.442 2.475
136 14 -0.018 -0.416 2.274
136 15 0.052 -0.704 2.059
136 16 0.189 -0.718 2.002
136 17 -0.398 -0.503 2.579
136 18 0.042 -0.491 2.445
136 19 0.115 -0.786 2.208
136 20 0.141 -0.767 2.082
137 1 -0.070 -0.353 2.577
137 2 -0.092 -0.364 2.537
137 3 -0.108 -0.503 2.469
137 4 -0.278 -0.310 2.615
137 5 -0.144 -0.365 2.626
137 6 -0.370 -0.339 2.523
137 7 -0.423 -0.449 2.275
137 8 -0.503 -0.506 2.107
137 9 0.095 -0.489 2.399
137 10 0.351 -0.491 2.365
137 11 0.612 -0.526 2.295
137 12 0.668 -0.538 2.332
137 13 -0.199 -0.508 2.245
137 14 0.216 -0.546 2.104
137 15 0.304 -0.849 1.911
137 16 0.409 -0.863 1.867
137 17 -0.100 -0.577 2.688
137 18 -0.056 -0.390 2.438
137 19 0.064 -0.633 2.196
137 20 0.094 -0.685 2.215
138 1 -0.108 -0.325 2.571
138 2 -0.125 -0.341 2.526
138 3 -0.091 -0.500 2.469
138 4 -0.274 -0.314 2.613
138 5 -0.127 -0.361 2.627
138 6 -0.343 -0.353 2.502
138 7 -0.419 -0.456 2.253
138 8 -0.529 -0.498 2.108
138 9 0.102 -0.489 2.387
138 10 0.360 -0.490 2.361
138 11 0.620 -0.528 2.289
138 12 0.650 -0.526 2.326
138 13 -0.184 -0.513 2.228
138 14 0.283 -0.572 2.072
138 15 0.356 -0.890 1.886
138 16 0.468 -0.911 1.833
138 17 -0.081 -0.580 2.700
138 18 -0.125 -0.348 2.443
138 19 0.034 -0.598 2.201
138 20 0.098 -0.647 2.187
139 1 -0.136 -0.373 2.578
139 2 -0.154 -0.378 2.529
139 3 -0.082 -0.498 2.469
139 4 -0.273 -0.317 2.613
139 5 -0.117 -0.358 2.627
139 6 -0.351 -0.342 2.520
139 7 -0.454 -0.426 2.266
139 8 -0.628 -0.448 2.093
139 9 0.106 -0.489 2.380
139 10 0.364 -0.490 2.356
139 11 0.625 -0.529 2.286
139 12 0.644 -0.520 2.325
139 13 -0.133 -0.531 2.187
139 14 0.282 -0.401 2.216
139 15 0.385 -0.705 2.042
139 16 0.489 -0.733 2.011
139 17 0.042 -0.628 2.651
139 18 0.130 -0.530 2.198
139 19 0.237 -0.743 1.975
139 20 0.207 -0.721 2.038
140 1 -0.159 -0.368 2.534
140 2 -0.177 -0.384 2.487
140 3 -0.094 -0.507 2.453
140 4 -0.275 -0.324 2.608
140 5 -0.115 -0.361 2.620
140 6 -0.360 -0.353 2.490
140 7 -0.492 -0.409 2.248
140 8 -0.684 -0.420 2.082
140 9 0.105 -0.494 2.366
140 10 0.367 -0.491 2.349
140 11 0.629 -0.530 2.283
140 12 0.635 -0.512 2.318
140 13 -0.126 -0.555 2.165
140 14 0.307 -0.566 2.058
140 15 0.414 -0.864 1.894
140 16 0.519 -0.896 1.854
140 17 0.020 -0.629 2.654
140 18 0.051 -0.495 2.253
140 19 0.203 -0.713 1.994
140 20 0.160 -0.686 2.101
141 1 -0.155 -0.423 2.499
141 2 -0.178 -0.445 2.461
141 3 -0.098 -0.512 2.441
141 4 -0.276 -0.330 2.601
141 5 -0.114 -0.364 2.611
141 6 -0.323 -0.383 2.431
141 7 -0.517 -0.399 2.246
141 8 -0.691 -0.416 2.076
141 9 0.085 -0.504 2.339
141 10 0.351 -0.500 2.321
141 11 0.615 -0.538 2.265
141 12 0.660 -0.534 2.270
141 13 -0.039 -0.586 2.095
141 14 0.381 -0.613 1.990
141 15 0.491 -0.912 1.827
141 16 0.594 -0.948 1.788
141 17 0.095 -0.656 2.616
141 18 0.192 -0.583 2.167
141 19 0.210 -0.772 1.954
141 20 0.236 -0.734 1.972
142 1 -0.189 -0.467 2.509
142 2 -0.174 -0.471 2.495
142 3 -0.101 -0.515 2.434
142 4 -0.277 -0.334 2.596
142 5 -0.115 -0.367 2.603
142 6 -0.374 -0.388 2.490
142 7 -0.539 -0.396 2.257
142 8 -0.689 -0.420 2.067
142 9 0.098 -0.502 2.350
142 10 0.361 -0.502 2.319
142 11 0.621 -0.542 2.261
142 12 0.703 -0.555 2.246
142 13 -0.067 -0.515 2.092
142 14 0.375 -0.563 1.924
142 15 0.493 -0.858 1.756
142 16 0.590 -0.882 1.717
142 17 0.090 -0.616 2.600
142 18 0.277 -0.633 2.133
142 19 0.223 -0.785 1.929
142 20 0.264 -0.752 1.923
143 1 -0.146 -0.549 2.438
143 2 -0.131 -0.551 2.466
143 3 -0.102 -0.492 2.458
143 4 -0.274 -0.326 2.603
143 5 -0.116 -0.359 2.609
143 6 -0.375 -0.381 2.522
143 7 -0.495 -0.408 2.284
143 8 -0.591 -0.410 2.191
143 9 0.109 -0.500 2.364
143 10 0.366 -0.502 2.319
143 11 0.629 -0.543 2.264
143 12 0.727 -0.561 2.241
143 13 -0.142 -0.573 2.296
143 14 0.275 -0.614 2.036
143 15 0.396 -0.907 1.861
143 16 0.492 -0.932 1.811
143 17 -0.046 -0.641 2.429
143 18 0.317 -0.657 2.099
143 19 0.237 -0.809 1.882
143 20 0.250 -0.839 1.817
144 1 -0.157 -0.574 2.423
144 2 -0.136 -0.558 2.464
144 3 -0.197 -0.491 2.468
144 4 -0.354 -0.321 2.613
144 5 -0.203 -0.356 2.618
144 6 -0.486 -0.381 2.585
144 7 -0.541 -0.419 2.314
144 8 -0.641 -0.437 2.092
144 9 0.101 -0.497 2.375
144 10 0.362 -0.502 2.325
144 11 0.624 -0.541 2.272
144 12 0.725 -0.558 2.249
144 13 -0.061 -0.612 2.172
144 14 0.336 -0.646 1.978
144 15 0.458 -0.938 1.803
144 16 0.553 -0.962 1.759
144 17 0.083 -0.700 2.470
144 18 0.438 -0.813 1.964
144 19 0.341 -0.955 1.772
144 20 0.317 -0.931 1.761
145 1 -0.118 -0.620 2.393
145 2 -0.101 -0.596 2.444
145 3 -0.241 -0.490 2.473
145 4 -0.391 -0.319 2.617
145 5 -0.248 -0.355 2.622
145 6 -0.525 -0.389 2.562
145 7 -0.575 -0.428 2.301
145 8 -0.640 -0.447 2.086
145 9 0.099 -0.496 2.380
145 10 0.359 -0.501 2.332
145 11 0.620 -0.538 2.278
145 12 0.721 -0.554 2.257
145 13 -0.061 -0.650 2.314
145 14 0.322 -0.674 2.041
145 15 0.443 -0.966 1.864
145 16 0.536 -0.985 1.811
145 17 0.019 -0.671 2.376
145 18 0.351 -0.825 2.029
145 19 0.281 -0.997 1.817
145 20 0.269 -0.905 1.846
146 1 -0.099 -0.637 2.382
146 2 -0.088 -0.602 2.431
146 3 -0.260 -0.490 2.475
146 4 -0.408 -0.318 2.619
146 5 -0.267 -0.354 2.624
146 6 -0.530 -0.380 2.522
146 7 -0.555 -0.446 2.265
146 8 -0.648 -0.461 2.068
146 9 0.075 -0.505 2.356
146 10 0.352 -0.501 2.332
146 11 0.608 -0.534 2.285
146 12 0.700 -0.546 2.270
146 13 -0.057 -0.672 2.365
146 14 0.316 -0.685 2.069
146 15 0.437 -0.978 1.891
146 16 0.528 -0.995 1.833
146 17 -0.002 -0.664 2.352
146 18 0.342 -0.843 2.033
146 19 0.267 -1.023 1.824
146 20 0.228 -1.028 1.809
147 1 -0.091 -0.635 2.383
147 2 -0.083 -0.608 2.428
147 3 -0.271 -0.490 2.477
147 4 -0.419 -0.317 2.621
147 5 -0.279 -0.353 2.626
147 6 -0.538 -0.377 2.506
147 7 -0.572 -0.448 2.252
147 8 -0.653 -0.470 2.064
147 9 0.106 -0.502 2.373
147 10 0.379 -0.500 2.340
147 11 0.636 -0.534 2.287
147 12 0.722 -0.545 2.273
147 13 -0.061 -0.674 2.379
147 14 0.312 -0.690 2.084
147 15 0.432 -0.983 1.905
147 16 0.523 -0.999 1.846
147 17 -0.010 -0.658 2.352
147 18 0.327 -0.853 2.044
147 19 0.252 -1.033 1.837
147 20 0.226 -0.940 1.876
148 1 -0.089 -0.629 2.386
148 2 -0.084 -0.605 2.431
148 3 -0.273 -0.491 2.476
148 4 -0.426 -0.317 2.622
148 5 -0.287 -0.353 2.626
148 6 -0.525 -0.362 2.480
148 7 -0.581 -0.448 2.244
148 8 -0.655 -0.475 2.065
148 9 0.115 -0.500 2.378
148 10 0.391 -0.499 2.344
148 11 0.649 -0.534 2.289
148 12 0.734 -0.545 2.274
148 13 -0.067 -0.668 2.380
148 14 0.308 -0.691 2.094
148 15 0.427 -0.984 1.915
148 16 0.518 -0.999 1.855
148 17 -0.015 -0.653 2.353
148 18 0.307 -0.841 2.062
148 19 0.238 -1.024 1.853
148 20 0.222 -0.916 1.901
149 1 -0.089 -0.621 2.390
149 2 -0.087 -0.595 2.434
149 3 -0.267 -0.492 2.475
149 4 -0.430 -0.316 2.622
149 5 -0.290 -0.353 2.627
149 6 -0.522 -0.337 2.500
149 7 -0.480 -0.455 2.279
149 8 -0.514 -0.503 2.112
149 9 0.113 -0.499 2.383
149 10 0.385 -0.498 2.347
149 11 0.645 -0.532 2.291
149 12 0.670 -0.523 2.291
149 13 -0.071 -0.665 2.382
149 14 0.305 -0.689 2.100
149 15 0.424 -0.982 1.921
149 16 0.515 -0.998 1.860
149 17 -0.017 -0.648 2.358
149 18 0.296 -0.831 2.072
149 19 0.229 -1.014 1.865
149 20 0.222 -0.890 1.917
150 1 -0.094 -0.618 2.397
150 2 -0.093 -0.594 2.440
150 3 -0.259 -0.495 2.474
150 4 -0.430 -0.317 2.623
150 5 -0.290 -0.354 2.628
150 6 -0.500 -0.346 2.476
150 7 -0.490 -0.458 2.261
150 8 -0.496 -0.510 2.119
150 9 0.114 -0.497 2.387
150 10 0.385 -0.498 2.348
150 11 0.646 -0.532 2.292
150 12 0.687 -0.528 2.287
150 13 -0.077 -0.676 2.390
150 14 0.511 -0.735 1.956
150 15 0.664 -1.096 1.736
150 16 0.739 -1.088 1.722
150 17 -0.021 -0.655 2.363
150 18 0.290 -0.827 2.077
150 19 0.224 -1.010 1.869
150 20 0.222 -0.881 1.924
151 1 -0.054 -0.593 2.334
151 2 -0.073 -0.601 2.369
151 3 -0.190 -0.509 2.408
151 4 -0.370 -0.328 2.565
151 5 -0.227 -0.366 2.571
151 6 -0.462 -0.347 2.488
151 7 -0.429 -0.473 2.261
151 8 -0.415 -0.532 2.137
151 9 0.115 -0.496 2.389
151 10 0.386 -0.498 2.349
151 11 0.647 -0.531 2.292
151 12 0.703 -0.533 2.282
151 13 -0.016 -0.636 2.282
151 14 0.420 -0.663 1.943
151 15 0.529 -0.968 1.757
151 16 0.620 -0.978 1.705
151 17 0.030 -0.621 2.289
151 18 0.380 -0.854 1.989
151 19 0.317 -1.018 1.803
151 20 0.290 -0.908 1.865
152 1 -0.052 -0.590 2.358
152 2 -0.060 -0.603 2.396
152 3 -0.131 -0.511 2.425
152 4 -0.302 -0.331 2.575
152 5 -0.157 -0.370 2.581
152 6 -0.406 -0.368 2.501
152 7 -0.391 -0.482 2.254
152 8 -0.484 -0.521 2.114
152 9 0.154 -0.497 2.399
152 10 0.421 -0.499 2.346
152 11 0.676 -0.535 2.285
152 12 0.751 -0.544 2.270
152 13 -0.037 -0.647 2.311
152 14 0.366 -0.661 2.018
152 15 0.482 -0.967 1.841
152 16 0.575 -0.980 1.784
152 17 0.014 -0.638 2.321
152 18 0.358 -0.835 2.006
152 19 0.302 -1.003 1.811
152 20 0.287 -0.901 1.866
153 1 -0.074 -0.587 2.379
153 2 -0.082 -0.589 2.421
153 3 -0.195 -0.495 2.459
153 4 -0.330 -0.322 2.595
153 5 -0.184 -0.361 2.602
153 6 -0.469 -0.338 2.520
153 7 -0.384 -0.453 2.260
153 8 -0.431 -0.494 2.073
153 9 0.153 -0.496 2.400
153 10 0.418 -0.499 2.346
153 11 0.675 -0.535 2.285
153 12 0.758 -0.546 2.268
153 13 -0.044 -0.647 2.313
153 14 0.331 -0.653 2.051
153 15 0.449 -0.952 1.871
153 16 0.540 -0.967 1.816
153 17 0.008 -0.642 2.336
153 18 0.339 -0.819 2.023
153 19 0.281 -0.990 1.824
153 20 0.276 -0.892 1.872
154 1 -0.086 -0.588 2.390
154 2 -0.089 -0.574 2.429
154 3 -0.200 -0.491 2.466
154 4 -0.352 -0.316 2.608
154 5 -0.206 -0.355 2.615
154 6 -0.480 -0.329 2.529
154 7 -0.644 -0.282 2.417
154 8 -0.711 -0.281 2.359
154 9 0.097 -0.505 2.360
154 10 0.368 -0.502 2.335
154 11 0.628 -0.537 2.281
154 12 0.666 -0.523 2.286
154 13 -0.053 -0.645 2.312
154 14 0.313 -0.650 2.066
154 15 0.428 -0.943 1.890
154 16 0.522 -0.961 1.833
154 17 0.005 -0.656 2.377
154 18 0.321 -0.808 2.047
154 19 0.261 -0.981 1.845
154 20 0.263 -0.883 1.882
155 1 -0.132 -0.562 2.423
155 2 -0.130 -0.553 2.463
155 3 -0.220 -0.487 2.475
155 4 -0.367 -0.312 2.616
155 5 -0.222 -0.351 2.623
155 6 -0.499 -0.322 2.535
155 7 -0.664 -0.254 2.439
155 8 -0.756 -0.234 2.407
155 9 0.125 -0.499 2.384
155 10 0.384 -0.501 2.338
155 11 0.640 -0.543 2.273
155 12 0.707 -0.542 2.267
155 13 -0.058 -0.638 2.190
155 14 0.326 -0.649 2.030
155 15 0.441 -0.939 1.856
155 16 0.536 -0.961 1.810
155 17 0.080 -0.709 2.465
155 18 0.386 -0.840 1.983
155 19 0.329 -1.001 1.794
155 20 0.304 -0.915 1.840
156 1 -0.117 -0.530 2.452
156 2 -0.100 -0.526 2.484
156 3 -0.139 -0.495 2.466
156 4 -0.310 -0.317 2.615
156 5 -0.165 -0.355 2.622
156 6 -0.422 -0.329 2.541
156 7 -0.682 -0.238 2.472
156 8 -0.762 -0.223 2.467
156 9 0.105 -0.494 2.397
156 10 0.369 -0.499 2.343
156 11 0.625 -0.544 2.274
156 12 0.662 -0.529 2.278
156 13 -0.038 -0.633 2.135
156 14 0.364 -0.650 1.991
156 15 0.479 -0.940 1.815
156 16 0.577 -0.967 1.775
156 17 0.110 -0.735 2.505
156 18 0.427 -0.861 1.943
156 19 0.368 -1.013 1.764
156 20 0.321 -0.929 1.821
157 1 -0.147 -0.524 2.461
157 2 -0.130 -0.519 2.494
157 3 -0.191 -0.492 2.477
157 4 -0.341 -0.315 2.623
157 5 -0.197 -0.353 2.630
157 6 -0.468 -0.324 2.540
157 7 -0.710 -0.220 2.483
157 8 -0.792 -0.210 2.469
157 9 0.100 -0.493 2.400
157 10 0.364 -0.499 2.344
157 11 0.621 -0.544 2.273
157 12 0.673 -0.542 2.267
157 13 -0.037 -0.631 2.108
157 14 0.372 -0.650 1.978
157 15 0.488 -0.939 1.802
157 16 0.587 -0.968 1.764
157 17 0.122 -0.745 2.520
157 18 0.443 -0.869 1.928
157 19 0.384 -1.018 1.752
157 20 0.330 -0.937 1.811
158 1 -0.094 -0.567 2.435
158 2 -0.084 -0.564 2.475
158 3 -0.147 -0.489 2.485
158 4 -0.322 -0.313 2.630
158 5 -0.177 -0.351 2.637
158 6 -0.427 -0.327 2.550
158 7 -0.679 -0.241 2.489
158 8 -0.756 -0.229 2.483
158 9 0.142 -0.494 2.402
158 10 0.407 -0.499 2.343
158 11 0.659 -0.552 2.264
158 12 0.699 -0.526 2.285
158 13 -0.062 -0.644 2.318
158 14 0.337 -0.655 2.038
158 15 0.454 -0.946 1.862
158 16 0.549 -0.970 1.814
158 17 0.017 -0.670 2.409
158 18 0.351 -0.827 2.017
158 19 0.294 -0.994 1.819
158 20 0.276 -0.904 1.857
159 1 -0.101 -0.579 2.425
159 2 -0.096 -0.565 2.471
159 3 -0.192 -0.488 2.483
159 4 -0.351 -0.311 2.632
159 5 -0.207 -0.349 2.638
159 6 -0.469 -0.327 2.544
159 7 -0.693 -0.239 2.485
159 8 -0.782 -0.221 2.481
159 9 0.144 -0.494 2.403
159 10 0.409 -0.499 2.343
159 11 0.661 -0.553 2.263
159 12 0.686 -0.508 2.304
159 13 -0.072 -0.641 2.320
159 14 0.315 -0.656 2.069
159 15 0.432 -0.948 1.892
159 16 0.527 -0.970 1.838
159 17 0.010 -0.665 2.410
159 18 0.310 -0.807 2.058
159 19 0.245 -0.980 1.857
159 20 0.242 -0.882 1.888
160 1 -0.099 -0.589 2.418
160 2 -0.097 -0.571 2.464
160 3 -0.218 -0.487 2.482
160 4 -0.369 -0.310 2.632
160 5 -0.225 -0.348 2.638
160 6 -0.492 -0.325 2.530
160 7 -0.680 -0.247 2.446
160 8 -0.764 -0.233 2.426
160 9 0.142 -0.495 2.403
160 10 0.408 -0.498 2.344
160 11 0.660 -0.552 2.264
160 12 0.676 -0.499 2.314
160 13 -0.084 -0.642 2.369
160 14 0.304 -0.656 2.084
160 15 0.421 -0.949 1.906
160 16 0.516 -0.970 1.850
160 17 -0.019 -0.643 2.381
160 18 0.288 -0.797 2.080
160 19 0.223 -0.974 1.875
160 20 0.227 -0.873 1.901
161 1 -0.143 -0.559 2.434
161 2 -0.134 -0.549 2.475
161 3 -0.229 -0.487 2.481
161 4 -0.380 -0.309 2.632
161 5 -0.236 -0.347 2.638
161 6 -0.500 -0.325 2.526
161 7 -0.672 -0.252 2.424
161 8 -0.755 -0.239 2.399
161 9 0.139 -0.495 2.402
161 10 0.405 -0.498 2.344
161 11 0.658 -0.552 2.265
161 12 0.672 -0.495 2.318
161 13 -0.064 -0.629 2.182
161 14 0.333 -0.655 2.029
161 15 0.450 -0.949 1.851
161 16 0.548 -0.972 1.804
161 17 0.077 -0.702 2.478
161 18 0.379 -0.843 1.988
161 19 0.315 -1.003 1.802
161 20 0.277 -0.907 1.857
162 1 -0.121 -0.584 2.413
162 2 -0.121 -0.570 2.458
162 3 -0.236 -0.487 2.480
162 4 -0.388 -0.309 2.632
162 5 -0.243 -0.347 2.638
162 6 -0.505 -0.325 2.524
162 7 -0.669 -0.255 2.414
162 8 -0.752 -0.242 2.388
162 9 0.122 -0.493 2.408
162 10 0.387 -0.497 2.347
162 11 0.641 -0.544 2.274
162 12 0.670 -0.492 2.320
162 13 -0.078 -0.638 2.285
162 14 0.329 -0.656 2.034
162 15 0.446 -0.950 1.856
162 16 0.543 -0.972 1.808
162 17 0.023 -0.667 2.421
162 18 0.333 -0.821 2.038
162 19 0.273 -0.991 1.838
162 20 0.261 -0.897 1.872
163 1 -0.089 -0.587 2.412
163 2 -0.085 -0.584 2.457
163 3 -0.144 -0.489 2.479
163 4 -0.321 -0.310 2.630
163 5 -0.177 -0.348 2.636
163 6 -0.432 -0.326 2.523
163 7 -0.587 -0.265 2.409
163 8 -0.670 -0.252 2.383
163 9 0.180 -0.490 2.419
163 10 0.436 -0.497 2.340
163 11 0.670 -0.544 2.273
163 12 0.710 -0.500 2.304
163 13 -0.075 -0.640 2.328
163 14 0.320 -0.656 2.052
163 15 0.437 -0.951 1.874
163 16 0.534 -0.972 1.822
163 17 0.011 -0.658 2.406
163 18 0.318 -0.813 2.054
163 19 0.258 -0.987 1.851
163 20 0.249 -0.890 1.883
164 1 -0.076 -0.588 2.412
164 2 -0.070 -0.590 2.457
164 3 -0.131 -0.487 2.484
164 4 -0.306 -0.310 2.632
164 5 -0.161 -0.348 2.638
164 6 -0.413 -0.325 2.525
164 7 -0.565 -0.268 2.408
164 8 -0.649 -0.254 2.383
164 9 0.193 -0.488 2.424
164 10 0.450 -0.497 2.338
164 11 0.683 -0.543 2.273
164 12 0.735 -0.506 2.292
164 13 -0.073 -0.641 2.349
164 14 0.314 -0.657 2.065
164 15 0.432 -0.952 1.887
164 16 0.527 -0.972 1.832
164 17 0.004 -0.653 2.397
164 18 0.309 -0.809 2.063
164 19 0.247 -0.984 1.859
164 20 0.241 -0.884 1.890
165 1 -0.073 -0.591 2.410
165 2 -0.073 -0.585 2.450
165 3 -0.196 -0.489 2.476
165 4 -0.346 -0.311 2.627
165 5 -0.202 -0.349 2.633
165 6 -0.472 -0.324 2.527
165 7 -0.611 -0.266 2.415
165 8 -0.697 -0.251 2.391
165 9 0.116 -0.491 2.405
165 10 0.383 -0.496 2.342
165 11 0.641 -0.535 2.283
165 12 0.703 -0.507 2.288
165 13 -0.073 -0.642 2.358
165 14 0.310 -0.657 2.074
165 15 0.428 -0.952 1.896
165 16 0.522 -0.972 1.840
165 17 -0.000 -0.650 2.392
165 18 0.302 -0.805 2.070
165 19 0.240 -0.981 1.864
165 20 0.236 -0.880 1.896
166 1 -0.082 -0.592 2.410
166 2 -0.087 -0.585 2.450
166 3 -0.217 -0.490 2.473
166 4 -0.369 -0.311 2.624
166 5 -0.225 -0.350 2.630
166 6 -0.481 -0.323 2.527
166 7 -0.637 -0.264 2.418
166 8 -0.724 -0.249 2.395
166 9 0.148 -0.496 2.408
166 10 0.411 -0.497 2.340
166 11 0.667 -0.538 2.280
166 12 0.720 -0.512 2.281
166 13 -0.074 -0.642 2.364
166 14 0.306 -0.657 2.080
166 15 0.423 -0.953 1.903
166 16 0.517 -0.972 1.846
166 17 -0.002 -0.648 2.390
166 18 0.298 -0.803 2.074
166 19 0.235 -0.980 1.868
166 20 0.232 -0.877 1.900
167 1 -0.087 -0.618 2.403
167 2 -0.088 -0.584 2.440
167 3 -0.233 -0.492 2.472
167 4 -0.384 -0.313 2.623
167 5 -0.239 -0.351 2.629
167 6 -0.502 -0.324 2.529
167 7 -0.653 -0.263 2.421
167 8 -0.739 -0.247 2.399
167 9 -0.009 -0.508 2.411
167 10 0.256 -0.507 2.354
167 11 0.518 -0.532 2.299
167 12 0.628 -0.528 2.283
167 13 -0.061 -0.661 2.374
167 14 0.510 -0.726 1.951
167 15 0.664 -1.089 1.731
167 16 0.627 -1.140 1.710
167 17 -0.030 -0.663 2.377
167 18 0.292 -0.802 2.077
167 19 0.228 -0.979 1.871
167 20 0.180 -0.985 1.868
168 1 -0.089 -0.629 2.401
168 2 -0.088 -0.584 2.433
168 3 -0.242 -0.493 2.471
168 4 -0.393 -0.314 2.622
168 5 -0.248 -0.353 2.628
168 6 -0.512 -0.325 2.529
168 7 -0.663 -0.262 2.423
168 8 -0.749 -0.247 2.401
168 9 -0.056 -0.512 2.412
168 10 0.209 -0.510 2.358
168 11 0.476 -0.530 2.305
168 12 0.577 -0.538 2.283
168 13 -0.056 -0.670 2.379
168 14 0.579 -0.749 1.908
168 15 0.729 -1.127 1.687
168 16 0.665 -1.200 1.663
168 17 -0.040 -0.668 2.372
168 18 0.288 -0.802 2.078
168 19 0.223 -0.979 1.872
168 20 0.148 -1.057 1.846
169 1 -0.089 -0.635 2.398
169 2 -0.087 -0.585 2.428
169 3 -0.247 -0.494 2.471
169 4 -0.398 -0.315 2.621
169 5 -0.254 -0.354 2.627
169 6 -0.517 -0.325 2.529
169 7 -0.669 -0.262 2.424
169 8 -0.755 -0.246 2.402
169 9 -0.087 -0.514 2.413
169 10 0.178 -0.511 2.361
169 11 0.446 -0.529 2.309
169 12 0.555 -0.542 2.283
169 13 -0.053 -0.673 2.360
169 14 0.619 -0.763 1.882
169 15 0.777 -1.154 1.653
169 16 0.687 -1.233 1.636
169 17 -0.044 -0.673 2.371
169 18 0.285 -0.802 2.080
169 19 0.220 -0.979 1.874
169 20 0.137 -1.081 1.840
170 1 -0.090 -0.639 2.397
170 2 -0.087 -0.585 2.424
170 3 -0.250 -0.495 2.471
170 4 -0.402 -0.316 2.621
170 5 -0.258 -0.354 2.627
170 6 -0.521 -0.325 2.529
170 7 -0.672 -0.261 2.423
170 8 -0.758 -0.246 2.402
170 9 -0.105 -0.515 2.414
170 10 0.175 -0.511 2.362
170 11 0.437 -0.529 2.310
170 12 0.543 -0.544 2.283
170 13 -0.050 -0.676 2.362
170 14 0.640 -0.770 1.869
170 15 0.783 -1.156 1.648
170 16 0.699 -1.251 1.621
170 17 -0.048 -0.675 2.370
170 18 0.283 -0.801 2.080
170 19 0.218 -0.979 1.874
170 20 0.130 -1.096 1.835
171 1 -0.090 -0.642 2.396
171 2 -0.087 -0.585 2.422
171 3 -0.251 -0.497 2.471
171 4 -0.405 -0.317 2.621
171 5 -0.261 -0.355 2.627
171 6 -0.523 -0.325 2.529
171 7 -0.675 -0.261 2.423
171 8 -0.761 -0.245 2.402
171 9 -0.090 -0.512 2.417
171 10 0.175 -0.507 2.364
171 11 0.438 -0.526 2.311
171 12 0.535 -0.544 2.285
171 13 -0.049 -0.678 2.363
171 14 0.640 -0.769 1.868
171 15 0.783 -1.156 1.647
171 16 0.700 -1.250 1.620
171 17 -0.050 -0.676 2.369
171 18 0.281 -0.801 2.081
171 19 0.216 -0.979 1.875
171 20 0.128 -1.102 1.833
172 1 -0.102 -0.611 2.405
172 2 -0.098 -0.584 2.437
172 3 -0.250 -0.497 2.472
172 4 -0.407 -0.317 2.621
172 5 -0.263 -0.355 2.627
172 6 -0.521 -0.326 2.527
172 7 -0.675 -0.261 2.421
172 8 -0.761 -0.245 2.400
172 9 0.112 -0.499 2.416
172 10 0.373 -0.501 2.343
172 11 0.633 -0.537 2.283
172 12 0.719 -0.552 2.264
172 13 -0.073 -0.650 2.335
172 14 0.362 -0.674 2.035
172 15 0.473 -0.980 1.856
172 16 0.545 -1.022 1.800
172 17 -0.013 -0.665 2.395
172 18 0.282 -0.801 2.081
172 19 0.216 -0.979 1.876
172 20 0.199 -0.943 1.887
173 1 -0.108 -0.597 2.408
173 2 -0.104 -0.582 2.445
173 3 -0.250 -0.498 2.472
173 4 -0.409 -0.318 2.621
173 5 -0.264 -0.356 2.627
173 6 -0.522 -0.326 2.526
173 7 -0.676 -0.260 2.421
173 8 -0.762 -0.244 2.399
173 9 0.138 -0.497 2.414
173 10 0.401 -0.499 2.341
173 11 0.659 -0.538 2.279
173 12 0.748 -0.555 2.261
173 13 -0.083 -0.642 2.327
173 14 0.310 -0.659 2.069
173 15 0.428 -0.957 1.890
173 16 0.514 -0.981 1.837
173 17 0.004 -0.658 2.405
173 18 0.282 -0.801 2.082
173 19 0.217 -0.979 1.876
173 20 0.224 -0.883 1.906
174 1 -0.128 -0.542 2.405
174 2 -0.141 -0.557 2.443
174 3 -0.255 -0.466 2.477
174 4 -0.415 -0.301 2.624
174 5 -0.270 -0.340 2.630
174 6 -0.523 -0.322 2.520
174 7 -0.672 -0.258 2.400
174 8 -0.758 -0.242 2.379
174 9 0.202 -0.493 2.417
174 10 0.462 -0.497 2.332
174 11 0.719 -0.546 2.267
174 12 0.802 -0.564 2.250
174 13 -0.106 -0.588 2.318
174 14 0.215 -0.558 2.099
174 15 0.325 -0.835 1.931
174 16 0.450 -0.838 1.867
174 17 0.013 -0.604 2.378
174 18 0.285 -0.796 2.078
174 19 0.220 -0.973 1.872
174 20 0.240 -0.838 1.915
175 1 -0.120 -0.559 2.403
175 2 -0.137 -0.564 2.447
175 3 -0.249 -0.467 2.477
175 4 -0.415 -0.300 2.624
175 5 -0.270 -0.338 2.630
175 6 -0.518 -0.322 2.516
175 7 -0.668 -0.258 2.395
175 8 -0.754 -0.242 2.373
175 9 0.179 -0.492 2.412
175 10 0.441 -0.498 2.332
175 11 0.700 -0.545 2.269
175 12 0.786 -0.561 2.252
175 13 -0.097 -0.613 2.323
175 14 0.243 -0.609 2.103
175 15 0.364 -0.901 1.928
175 16 0.476 -0.904 1.871
175 17 0.013 -0.613 2.380
175 18 0.286 -0.796 2.077
175 19 0.221 -0.973 1.872
175 20 0.248 -0.818 1.921
176 1 -0.117 -0.566 2.403
176 2 -0.131 -0.570 2.450
176 3 -0.244 -0.471 2.477
176 4 -0.414 -0.299 2.624
176 5 -0.270 -0.338 2.630
176 6 -0.517 -0.344 2.543
176 7 -0.690 -0.302 2.450
176 8 -0.775 -0.287 2.429
176 9 0.213 -0.490 2.413
176 10 0.440 -0.498 2.332
176 11 0.698 -0.547 2.266
176 12 0.784 -0.563 2.250
176 13 -0.095 -0.622 2.326
176 14 0.238 -0.619 2.113
176 15 0.360 -0.908 1.937
176 16 0.474 -0.908 1.881
176 17 0.012 -0.621 2.382
176 18 0.287 -0.795 2.076
176 19 0.222 -0.972 1.871
176 20 0.252 -0.812 1.922
177 1 -0.113 -0.586 2.405
177 2 -0.124 -0.578 2.453
177 3 -0.239 -0.477 2.476
177 4 -0.413 -0.300 2.624
177 5 -0.269 -0.339 2.631
177 6 -0.516 -0.345 2.546
177 7 -0.691 -0.305 2.456
177 8 -0.777 -0.289 2.434
177 9 0.163 -0.492 2.407
177 10 0.426 -0.498 2.332
177 11 0.683 -0.548 2.266
177 12 0.766 -0.563 2.250
177 13 -0.092 -0.640 2.333
177 14 0.509 -0.721 1.944
177 15 0.664 -1.086 1.724
177 16 0.746 -1.070 1.715
177 17 0.002 -0.651 2.393
177 18 0.288 -0.796 2.076
177 19 0.223 -0.972 1.871
177 20 0.248 -0.820 1.921
178 1 -0.112 -0.594 2.406
178 2 -0.120 -0.582 2.455
178 3 -0.236 -0.482 2.476
178 4 -0.412 -0.302 2.624
178 5 -0.267 -0.340 2.631
178 6 -0.515 -0.346 2.547
178 7 -0.691 -0.301 2.458
178 8 -0.776 -0.285 2.436
178 9 0.156 -0.491 2.405
178 10 0.402 -0.497 2.335
178 11 0.659 -0.547 2.268
178 12 0.745 -0.562 2.251
178 13 -0.087 -0.653 2.343
178 14 0.362 -0.689 2.052
178 15 0.474 -0.995 1.874
178 16 0.575 -1.005 1.826
178 17 -0.006 -0.653 2.385
178 18 0.289 -0.796 2.074
178 19 0.223 -0.972 1.870
178 20 0.244 -0.831 1.915
179 1 -0.095 -0.566 2.401
179 2 -0.107 -0.579 2.444
179 3 -0.173 -0.489 2.474
179 4 -0.345 -0.308 2.623
179 5 -0.200 -0.347 2.629
179 6 -0.455 -0.339 2.550
179 7 -0.664 -0.297 2.465
179 8 -0.750 -0.282 2.443
179 9 0.169 -0.487 2.403
179 10 0.425 -0.495 2.336
179 11 0.664 -0.550 2.266
179 12 0.744 -0.566 2.248
179 13 -0.090 -0.613 2.332
179 14 0.322 -0.599 2.041
179 15 0.437 -0.895 1.859
179 16 0.531 -0.902 1.806
179 17 -0.004 -0.615 2.354
179 18 0.291 -0.793 2.070
179 19 0.226 -0.970 1.865
179 20 0.241 -0.836 1.911
180 1 -0.101 -0.568 2.408
180 2 -0.107 -0.578 2.450
180 3 -0.188 -0.491 2.477
180 4 -0.343 -0.310 2.625
180 5 -0.198 -0.348 2.631
180 6 -0.464 -0.332 2.536
180 7 -0.655 -0.286 2.444
180 8 -0.741 -0.270 2.422
180 9 0.172 -0.487 2.401
180 10 0.432 -0.495 2.334
180 11 0.669 -0.552 2.264
180 12 0.750 -0.569 2.245
180 13 -0.089 -0.622 2.347
180 14 0.303 -0.623 2.071
180 15 0.421 -0.923 1.892
180 16 0.511 -0.936 1.837
180 17 -0.007 -0.620 2.361
180 18 0.292 -0.793 2.069
180 19 0.227 -0.970 1.865
180 20 0.237 -0.844 1.908
181 1 -0.109 -0.579 2.416
181 2 -0.109 -0.580 2.456
181 3 -0.198 -0.493 2.478
181 4 -0.348 -0.312 2.626
181 5 -0.203 -0.350 2.632
181 6 -0.472 -0.329 2.527
181 7 -0.650 -0.279 2.430
181 8 -0.736 -0.263 2.408
181 9 0.174 -0.488 2.400
181 10 0.436 -0.495 2.333
181 11 0.674 -0.553 2.262
181 12 0.755 -0.572 2.244
181 13 -0.092 -0.647 2.364
181 14 0.509 -0.716 1.946
181 15 0.664 -1.082 1.727
181 16 0.739 -1.074 1.713
181 17 -0.012 -0.651 2.371
181 18 0.293 -0.794 2.068
181 19 0.227 -0.971 1.864
181 20 0.234 -0.856 1.905
182 1 -0.111 -0.597 2.418
182 2 -0.108 -0.581 2.457
182 3 -0.210 -0.496 2.480
182 4 -0.357 -0.314 2.627
182 5 -0.213 -0.353 2.633
182 6 -0.482 -0.327 2.523
182 7 -0.649 -0.274 2.424
182 8 -0.734 -0.258 2.402
182 9 0.117 -0.490 2.394
182 10 0.383 -0.495 2.335
182 11 0.633 -0.544 2.273
182 12 0.717 -0.559 2.257
182 13 -0.092 -0.657 2.369
182 14 0.567 -0.741 1.912
182 15 0.715 -1.116 1.693
182 16 0.791 -1.108 1.684
182 17 -0.015 -0.669 2.382
182 18 0.293 -0.796 2.068
182 19 0.228 -0.972 1.864
182 20 0.231 -0.863 1.903
183 1 -0.112 -0.608 2.418
183 2 -0.107 -0.585 2.458
183 3 -0.218 -0.498 2.480
183 4 -0.367 -0.317 2.628
183 5 -0.222 -0.355 2.634
183 6 -0.490 -0.326 2.523
183 7 -0.649 -0.270 2.420
183 8 -0.734 -0.255 2.399
183 9 0.104 -0.492 2.392
183 10 0.372 -0.496 2.335
183 11 0.626 -0.542 2.276
183 12 0.711 -0.556 2.260
183 13 -0.093 -0.669 2.357
183 14 0.610 -0.761 1.886
183 15 0.767 -1.149 1.658
183 16 0.839 -1.137 1.658
183 17 -0.014 -0.681 2.390
183 18 0.293 -0.798 2.069
183 19 0.228 -0.974 1.864
183 20 0.230 -0.870 1.903
184 1 -0.153 -0.563 2.438
184 2 -0.140 -0.553 2.477
184 3 -0.224 -0.499 2.480
184 4 -0.375 -0.318 2.629
184 5 -0.230 -0.356 2.635
184 6 -0.496 -0.326 2.523
184 7 -0.650 -0.268 2.418
184 8 -0.735 -0.252 2.397
184 9 0.091 -0.493 2.390
184 10 0.362 -0.496 2.334
184 11 0.618 -0.539 2.278
184 12 0.704 -0.553 2.264
184 13 -0.062 -0.634 2.163
184 14 0.437 -0.677 1.935
184 15 0.546 -0.983 1.754
184 16 0.649 -1.006 1.721
184 17 0.069 -0.710 2.472
184 18 0.379 -0.843 1.985
184 19 0.319 -1.005 1.796
184 20 0.292 -0.920 1.849
185 1 -0.136 -0.575 2.426
185 2 -0.130 -0.557 2.471
185 3 -0.227 -0.499 2.480
185 4 -0.381 -0.318 2.629
185 5 -0.236 -0.357 2.635
185 6 -0.500 -0.325 2.524
185 7 -0.652 -0.266 2.417
185 8 -0.737 -0.250 2.396
185 9 0.087 -0.494 2.390
185 10 0.357 -0.496 2.334
185 11 0.581 -0.513 2.297
185 12 0.655 -0.521 2.284
185 13 -0.077 -0.646 2.307
185 14 0.351 -0.667 2.029
185 15 0.466 -0.969 1.852
185 16 0.564 -0.988 1.802
185 17 0.017 -0.667 2.418
185 18 0.344 -0.826 2.023
185 19 0.287 -0.995 1.825
185 20 0.279 -0.912 1.865
186 1 -0.128 -0.581 2.415
186 2 -0.125 -0.560 2.463
186 3 -0.238 -0.499 2.475
186 4 -0.392 -0.319 2.626
186 5 -0.248 -0.358 2.632
186 6 -0.512 -0.326 2.523
186 7 -0.658 -0.262 2.416
186 8 -0.744 -0.247 2.394
186 9 0.088 -0.495 2.391
186 10 0.357 -0.497 2.334
186 11 0.603 -0.519 2.288
186 12 0.669 -0.529 2.277
186 13 -0.076 -0.645 2.302
186 14 0.283 -0.648 2.079
186 15 0.398 -0.935 1.905
186 16 0.493 -0.957 1.847
186 17 0.015 -0.658 2.411
186 18 0.328 -0.818 2.039
186 19 0.267 -0.988 1.840
186 20 0.267 -0.903 1.878
187 1 -0.122 -0.586 2.409
187 2 -0.121 -0.565 2.457
187 3 -0.243 -0.499 2.473
187 4 -0.399 -0.319 2.624
187 5 -0.254 -0.358 2.630
187 6 -0.517 -0.326 2.523
187 7 -0.663 -0.260 2.415
187 8 -0.748 -0.245 2.394
187 9 0.092 -0.496 2.392
187 10 0.359 -0.498 2.334
187 11 0.587 -0.514 2.289
187 12 0.657 -0.524 2.281
187 13 -0.079 -0.644 2.325
187 14 0.253 -0.640 2.102
187 15 0.364 -0.919 1.932
187 16 0.460 -0.943 1.869
187 17 0.000 -0.643 2.390
187 18 0.315 -0.811 2.051
187 19 0.254 -0.984 1.849
187 20 0.258 -0.895 1.889
188 1 -0.119 -0.589 2.405
188 2 -0.118 -0.569 2.453
188 3 -0.245 -0.498 2.472
188 4 -0.403 -0.319 2.623
188 5 -0.258 -0.358 2.629
188 6 -0.520 -0.326 2.523
188 7 -0.667 -0.259 2.416
188 8 -0.753 -0.243 2.395
188 9 0.094 -0.496 2.393
188 10 0.362 -0.498 2.333
188 11 0.580 -0.511 2.290
188 12 0.654 -0.522 2.281
188 13 -0.081 -0.644 2.334
188 14 0.234 -0.635 2.115
188 15 0.351 -0.914 1.943
188 16 0.441 -0.935 1.882
188 17 -0.005 -0.638 2.383
188 18 0.306 -0.806 2.060
188 19 0.244 -0.981 1.856
188 20 0.250 -0.890 1.896
189 1 -0.082 -0.575 2.376
189 2 -0.090 -0.583 2.419
189 3 -0.178 -0.493 2.470
189 4 -0.348 -0.315 2.621
189 5 -0.203 -0.353 2.627
189 6 -0.459 -0.329 2.536
189 7 -0.651 -0.269 2.434
189 8 -0.736 -0.253 2.412
189 9 0.093 -0.496 2.394
189 10 0.359 -0.499 2.334
189 11 0.582 -0.514 2.289
189 12 0.657 -0.528 2.279
189 13 -0.071 -0.606 2.319
189 14 0.251 -0.566 2.079
189 15 0.366 -0.845 1.905
189 16 0.457 -0.863 1.843
189 17 -0.009 -0.608 2.348
189 18 0.302 -0.802 2.062
189 19 0.240 -0.978 1.858
189 20 0.247 -0.885 1.899
190 1 -0.064 -0.567 2.363
190 2 -0.078 -0.590 2.402
190 3 -0.131 -0.493 2.466
190 4 -0.315 -0.315 2.617
190 5 -0.170 -0.353 2.623
190 6 -0.413 -0.332 2.541
190 7 -0.639 -0.275 2.443
190 8 -0.725 -0.260 2.421
190 9 0.112 -0.496 2.399
190 10 0.375 -0.499 2.334
190 11 0.581 -0.513 2.289
190 12 0.660 -0.529 2.277
190 13 -0.067 -0.586 2.309
190 14 0.266 -0.529 2.054
190 15 0.379 -0.814 1.881
190 16 0.473 -0.827 1.817
190 17 -0.010 -0.596 2.335
190 18 0.299 -0.799 2.063
190 19 0.236 -0.975 1.859
190 20 0.243 -0.881 1.901
