1 1 0.341 0.011 1.906
1 2 0.334 0.055 1.947
1 3 0.335 0.318 1.960
1 4 0.363 0.555 1.971
1 5 0.198 0.301 1.947
1 6 0.134 0.070 1.934
1 7 0.126 -0.143 1.860
1 8 0.128 -0.196 1.842
1 9 0.486 0.295 1.989
1 10 0.525 0.060 1.986
1 11 0.532 -0.161 1.909
1 12 0.532 -0.234 1.888
1 13 0.281 -0.053 1.880
1 14 0.226 -0.464 1.885
1 15 0.231 -0.712 1.879
1 16 0.254 -0.766 1.845
1 17 0.405 -0.056 1.905
1 18 0.402 -0.462 1.896
1 19 0.398 -0.713 1.895
1 20 0.413 -0.742 1.822
2 1 0.342 0.010 1.906
2 2 0.334 0.054 1.947
2 3 0.335 0.319 1.960
2 4 0.363 0.556 1.971
2 5 0.198 0.301 1.946
2 6 0.134 0.070 1.933
2 7 0.127 -0.143 1.859
2 8 0.129 -0.196 1.841
2 9 0.486 0.295 1.989
2 10 0.525 0.060 1.986
2 11 0.532 -0.161 1.910
2 12 0.532 -0.234 1.889
2 13 0.282 -0.054 1.880
2 14 0.227 -0.465 1.885
2 15 0.232 -0.712 1.879
2 16 0.254 -0.766 1.845
2 17 0.406 -0.056 1.905
2 18 0.402 -0.462 1.896
2 19 0.398 -0.713 1.895
2 20 0.415 -0.739 1.818
3 1 0.342 0.010 1.906
3 2 0.335 0.054 1.947
3 3 0.335 0.320 1.960
3 4 0.364 0.557 1.971
3 5 0.199 0.301 1.946
3 6 0.135 0.070 1.933
3 7 0.128 -0.143 1.857
3 8 0.130 -0.196 1.840
3 9 0.487 0.295 1.989
3 10 0.525 0.060 1.986
3 11 0.532 -0.161 1.910
3 12 0.532 -0.234 1.889
3 13 0.283 -0.054 1.879
3 14 0.227 -0.465 1.885
3 15 0.233 -0.712 1.879
3 16 0.255 -0.766 1.844
3 17 0.407 -0.057 1.905
3 18 0.402 -0.462 1.896
3 19 0.398 -0.713 1.895
3 20 0.417 -0.737 1.815
4 1 0.343 0.009 1.906
4 2 0.335 0.054 1.947
4 3 0.336 0.321 1.960
4 4 0.365 0.558 1.972
4 5 0.199 0.301 1.945
4 6 0.135 0.070 1.932
4 7 0.128 -0.142 1.856
4 8 0.130 -0.196 1.839
4 9 0.487 0.295 1.989
4 10 0.525 0.060 1.986
4 11 0.532 -0.161 1.911
4 12 0.532 -0.234 1.890
4 13 0.283 -0.054 1.879
4 14 0.227 -0.465 1.885
4 15 0.233 -0.712 1.879
4 16 0.255 -0.766 1.844
4 17 0.407 -0.057 1.906
4 18 0.402 -0.462 1.896
4 19 0.399 -0.713 1.895
4 20 0.418 -0.736 1.814
5 1 0.343 0.009 1.906
5 2 0.335 0.054 1.947
5 3 0.336 0.322 1.960
5 4 0.365 0.559 1.972
5 5 0.200 0.301 1.944
5 6 0.135 0.070 1.931
5 7 0.129 -0.142 1.855
5 8 0.131 -0.196 1.838
5 9 0.487 0.295 1.989
5 10 0.526 0.060 1.987
5 11 0.533 -0.161 1.911
5 12 0.532 -0.234 1.891
5 13 0.284 -0.055 1.879
5 14 0.228 -0.465 1.885
5 15 0.233 -0.713 1.879
5 16 0.255 -0.766 1.843
5 17 0.408 -0.058 1.906
5 18 0.402 -0.462 1.896
5 19 0.399 -0.713 1.895
5 20 0.419 -0.736 1.813
6 1 0.344 0.009 1.906
6 2 0.336 0.054 1.947
6 3 0.336 0.323 1.960
6 4 0.366 0.561 1.973
6 5 0.200 0.301 1.944
6 6 0.135 0.070 1.930
6 7 0.129 -0.142 1.854
6 8 0.131 -0.196 1.837
6 9 0.487 0.295 1.989
6 10 0.526 0.060 1.987
6 11 0.533 -0.161 1.912
6 12 0.532 -0.234 1.892
6 13 0.285 -0.055 1.879
6 14 0.228 -0.465 1.885
6 15 0.234 -0.713 1.879
6 16 0.256 -0.765 1.843
6 17 0.409 -0.058 1.907
6 18 0.402 -0.462 1.896
6 19 0.399 -0.713 1.895
6 20 0.400 -0.759 1.849
7 1 0.344 0.008 1.906
7 2 0.336 0.054 1.947
7 3 0.336 0.324 1.960
7 4 0.366 0.562 1.973
7 5 0.200 0.301 1.943
7 6 0.135 0.070 1.929
7 7 0.130 -0.142 1.853
7 8 0.132 -0.195 1.836
7 9 0.487 0.295 1.989
7 10 0.526 0.060 1.988
7 11 0.533 -0.161 1.912
7 12 0.532 -0.234 1.893
7 13 0.285 -0.055 1.879
7 14 0.228 -0.465 1.885
7 15 0.234 -0.713 1.879
7 16 0.256 -0.765 1.843
7 17 0.409 -0.059 1.907
7 18 0.402 -0.462 1.897
7 19 0.399 -0.713 1.895
7 20 0.401 -0.759 1.847
8 1 0.345 0.008 1.906
8 2 0.336 0.054 1.947
8 3 0.336 0.325 1.960
8 4 0.367 0.563 1.974
8 5 0.201 0.301 1.943
8 6 0.136 0.070 1.928
8 7 0.130 -0.141 1.852
8 8 0.132 -0.195 1.835
8 9 0.487 0.295 1.989
8 10 0.526 0.060 1.988
8 11 0.533 -0.161 1.913
8 12 0.533 -0.235 1.894
8 13 0.286 -0.056 1.879
8 14 0.228 -0.465 1.885
8 15 0.234 -0.713 1.880
8 16 0.256 -0.765 1.842
8 17 0.410 -0.059 1.908
8 18 0.402 -0.462 1.897
8 19 0.399 -0.713 1.895
8 20 0.388 -0.771 1.868
9 1 0.345 0.008 1.906
9 2 0.337 0.054 1.947
9 3 0.337 0.326 1.960
9 4 0.367 0.565 1.974
9 5 0.201 0.301 1.942
9 6 0.136 0.070 1.927
9 7 0.131 -0.141 1.851
9 8 0.133 -0.194 1.835
9 9 0.487 0.295 1.989
9 10 0.526 0.060 1.988
9 11 0.533 -0.161 1.913
9 12 0.533 -0.235 1.895
9 13 0.286 -0.056 1.879
9 14 0.228 -0.466 1.885
9 15 0.235 -0.713 1.880
9 16 0.256 -0.765 1.842
9 17 0.410 -0.059 1.908
9 18 0.403 -0.463 1.897
9 19 0.399 -0.713 1.895
9 20 0.384 -0.775 1.876
10 1 0.346 0.007 1.906
10 2 0.337 0.054 1.948
10 3 0.337 0.328 1.961
10 4 0.368 0.566 1.974
10 5 0.201 0.301 1.942
10 6 0.136 0.070 1.927
10 7 0.131 -0.140 1.851
10 8 0.133 -0.194 1.834
10 9 0.487 0.295 1.989
10 10 0.527 0.060 1.989
10 11 0.533 -0.161 1.914
10 12 0.533 -0.235 1.895
10 13 0.286 -0.056 1.878
10 14 0.229 -0.466 1.885
10 15 0.235 -0.713 1.880
10 16 0.257 -0.765 1.842
10 17 0.411 -0.060 1.909
10 18 0.403 -0.463 1.897
10 19 0.400 -0.713 1.895
10 20 0.382 -0.778 1.880
11 1 0.346 0.007 1.906
11 2 0.337 0.054 1.948
11 3 0.337 0.329 1.961
11 4 0.368 0.567 1.974
11 5 0.201 0.301 1.942
11 6 0.136 0.070 1.926
11 7 0.131 -0.140 1.850
11 8 0.133 -0.194 1.834
11 9 0.487 0.295 1.989
11 10 0.527 0.060 1.989
11 11 0.533 -0.162 1.914
11 12 0.533 -0.235 1.896
11 13 0.287 -0.057 1.878
11 14 0.229 -0.466 1.885
11 15 0.235 -0.714 1.880
11 16 0.257 -0.765 1.841
11 17 0.411 -0.060 1.909
11 18 0.403 -0.463 1.897
11 19 0.400 -0.713 1.895
11 20 0.380 -0.780 1.883
12 1 0.346 0.007 1.906
12 2 0.338 0.053 1.948
12 3 0.337 0.330 1.961
12 4 0.368 0.568 1.975
12 5 0.201 0.301 1.942
12 6 0.136 0.070 1.926
12 7 0.131 -0.140 1.850
12 8 0.134 -0.193 1.834
12 9 0.487 0.295 1.989
12 10 0.527 0.060 1.989
12 11 0.533 -0.162 1.915
12 12 0.533 -0.235 1.896
12 13 0.287 -0.057 1.878
12 14 0.229 -0.466 1.885
12 15 0.235 -0.714 1.880
12 16 0.258 -0.764 1.841
12 17 0.412 -0.060 1.909
12 18 0.403 -0.463 1.897
12 19 0.400 -0.713 1.895
12 20 0.380 -0.781 1.884
13 1 0.347 0.007 1.906
13 2 0.338 0.053 1.948
13 3 0.337 0.331 1.961
13 4 0.369 0.569 1.975
13 5 0.201 0.301 1.941
13 6 0.136 0.070 1.926
13 7 0.131 -0.139 1.850
13 8 0.134 -0.193 1.834
13 9 0.487 0.295 1.989
13 10 0.527 0.060 1.989
13 11 0.533 -0.162 1.915
13 12 0.533 -0.235 1.897
13 13 0.287 -0.057 1.878
13 14 0.229 -0.466 1.885
13 15 0.235 -0.714 1.880
13 16 0.258 -0.764 1.841
13 17 0.412 -0.060 1.909
13 18 0.403 -0.463 1.897
13 19 0.400 -0.713 1.895
13 20 0.380 -0.781 1.884
14 1 0.347 0.006 1.907
14 2 0.338 0.053 1.948
14 3 0.337 0.332 1.961
14 4 0.369 0.570 1.975
14 5 0.201 0.301 1.941
14 6 0.136 0.070 1.925
14 7 0.131 -0.139 1.849
14 8 0.134 -0.193 1.833
14 9 0.487 0.296 1.989
14 10 0.527 0.060 1.990
14 11 0.534 -0.162 1.915
14 12 0.533 -0.236 1.897
14 13 0.287 -0.057 1.878
14 14 0.229 -0.466 1.885
14 15 0.235 -0.714 1.880
14 16 0.258 -0.764 1.840
14 17 0.412 -0.061 1.910
14 18 0.403 -0.463 1.898
14 19 0.400 -0.713 1.895
14 20 0.381 -0.781 1.883
15 1 0.347 0.006 1.907
15 2 0.338 0.053 1.948
15 3 0.337 0.333 1.961
15 4 0.369 0.571 1.974
15 5 0.201 0.301 1.941
15 6 0.136 0.070 1.925
15 7 0.132 -0.139 1.849
15 8 0.134 -0.193 1.833
15 9 0.487 0.296 1.989
15 10 0.527 0.060 1.990
15 11 0.534 -0.162 1.915
15 12 0.533 -0.236 1.897
15 13 0.288 -0.057 1.878
15 14 0.229 -0.466 1.885
15 15 0.236 -0.714 1.880
15 16 0.258 -0.764 1.840
15 17 0.412 -0.061 1.910
15 18 0.403 -0.463 1.898
15 19 0.400 -0.713 1.895
15 20 0.382 -0.780 1.882
16 1 0.347 0.006 1.907
16 2 0.338 0.053 1.948
16 3 0.338 0.334 1.961
16 4 0.370 0.572 1.974
16 5 0.201 0.302 1.941
16 6 0.136 0.070 1.925
16 7 0.132 -0.137 1.850
16 8 0.134 -0.192 1.834
16 9 0.487 0.296 1.989
16 10 0.527 0.060 1.990
16 11 0.534 -0.162 1.916
16 12 0.534 -0.236 1.897
16 13 0.288 -0.058 1.878
16 14 0.230 -0.466 1.885
16 15 0.236 -0.714 1.880
16 16 0.258 -0.764 1.840
16 17 0.413 -0.061 1.910
16 18 0.403 -0.463 1.898
16 19 0.400 -0.713 1.895
16 20 0.383 -0.780 1.881
17 1 0.348 0.006 1.907
17 2 0.339 0.053 1.948
17 3 0.338 0.335 1.961
17 4 0.370 0.574 1.974
17 5 0.201 0.302 1.941
17 6 0.136 0.070 1.925
17 7 0.132 -0.135 1.851
17 8 0.134 -0.190 1.834
17 9 0.488 0.296 1.989
17 10 0.527 0.060 1.990
17 11 0.534 -0.162 1.916
17 12 0.534 -0.236 1.898
17 13 0.288 -0.058 1.878
17 14 0.230 -0.466 1.885
17 15 0.236 -0.714 1.880
17 16 0.258 -0.764 1.840
17 17 0.413 -0.061 1.910
17 18 0.403 -0.463 1.898
17 19 0.400 -0.713 1.895
17 20 0.383 -0.779 1.879
18 1 0.348 0.006 1.907
18 2 0.339 0.053 1.948
18 3 0.338 0.336 1.962
18 4 0.371 0.575 1.974
18 5 0.201 0.302 1.940
18 6 0.136 0.070 1.925
18 7 0.133 -0.133 1.852
18 8 0.135 -0.189 1.835
18 9 0.488 0.296 1.990
18 10 0.527 0.060 1.990
18 11 0.534 -0.162 1.917
18 12 0.534 -0.235 1.898
18 13 0.288 -0.058 1.879
18 14 0.230 -0.466 1.886
18 15 0.236 -0.714 1.880
18 16 0.258 -0.764 1.840
18 17 0.414 -0.061 1.911
18 18 0.403 -0.463 1.898
18 19 0.401 -0.713 1.895
18 20 0.384 -0.779 1.878
19 1 0.349 0.006 1.908
19 2 0.340 0.054 1.949
19 3 0.339 0.338 1.962
19 4 0.373 0.577 1.973
19 5 0.201 0.302 1.940
19 6 0.136 0.071 1.925
19 7 0.133 -0.132 1.853
19 8 0.135 -0.188 1.836
19 9 0.489 0.297 1.990
19 10 0.527 0.060 1.990
19 11 0.535 -0.161 1.919
19 12 0.534 -0.234 1.900
19 13 0.289 -0.058 1.879
19 14 0.230 -0.466 1.886
19 15 0.236 -0.714 1.880
19 16 0.258 -0.764 1.840
19 17 0.415 -0.062 1.912
19 18 0.403 -0.463 1.898
19 19 0.401 -0.713 1.895
19 20 0.385 -0.778 1.877
20 1 0.350 0.006 1.908
20 2 0.341 0.054 1.950
20 3 0.340 0.340 1.962
20 4 0.375 0.580 1.972
20 5 0.201 0.303 1.940
20 6 0.137 0.071 1.925
20 7 0.134 -0.130 1.854
20 8 0.136 -0.186 1.838
20 9 0.491 0.297 1.990
20 10 0.528 0.060 1.991
20 11 0.536 -0.160 1.921
20 12 0.535 -0.234 1.902
20 13 0.289 -0.059 1.880
20 14 0.231 -0.466 1.886
20 15 0.236 -0.714 1.880
20 16 0.258 -0.763 1.840
20 17 0.416 -0.062 1.913
20 18 0.404 -0.463 1.899
20 19 0.401 -0.713 1.895
20 20 0.386 -0.777 1.876
21 1 0.351 0.006 1.910
21 2 0.342 0.054 1.951
21 3 0.341 0.343 1.962
21 4 0.377 0.582 1.971
21 5 0.202 0.303 1.940
21 6 0.137 0.071 1.925
21 7 0.135 -0.129 1.856
21 8 0.137 -0.184 1.839
21 9 0.494 0.299 1.991
21 10 0.528 0.061 1.991
21 11 0.537 -0.159 1.924
21 12 0.536 -0.232 1.904
21 13 0.290 -0.059 1.881
21 14 0.231 -0.466 1.886
21 15 0.235 -0.714 1.880
21 16 0.258 -0.763 1.840
21 17 0.418 -0.062 1.915
21 18 0.404 -0.463 1.899
21 19 0.401 -0.713 1.895
21 20 0.405 -0.756 1.842
22 1 0.352 0.005 1.911
22 2 0.343 0.055 1.952
22 3 0.342 0.345 1.962
22 4 0.380 0.585 1.969
22 5 0.203 0.304 1.940
22 6 0.138 0.072 1.925
22 7 0.136 -0.127 1.857
22 8 0.139 -0.183 1.842
22 9 0.496 0.300 1.992
22 10 0.529 0.061 1.992
22 11 0.539 -0.158 1.927
22 12 0.538 -0.232 1.908
22 13 0.291 -0.059 1.883
22 14 0.232 -0.466 1.887
22 15 0.235 -0.714 1.881
22 16 0.258 -0.763 1.840
22 17 0.420 -0.063 1.917
22 18 0.404 -0.462 1.900
22 19 0.401 -0.713 1.896
22 20 0.415 -0.745 1.826
23 1 0.354 0.005 1.913
23 2 0.345 0.055 1.954
23 3 0.344 0.347 1.962
23 4 0.383 0.587 1.968
23 5 0.204 0.305 1.940
23 6 0.139 0.072 1.926
23 7 0.138 -0.125 1.860
23 8 0.141 -0.181 1.844
23 9 0.499 0.301 1.993
23 10 0.530 0.062 1.993
23 11 0.540 -0.157 1.931
23 12 0.539 -0.231 1.912
23 13 0.292 -0.060 1.886
23 14 0.232 -0.466 1.887
23 15 0.235 -0.714 1.881
23 16 0.259 -0.763 1.841
23 17 0.422 -0.063 1.920
23 18 0.405 -0.462 1.902
23 19 0.401 -0.713 1.896
23 20 0.419 -0.741 1.819
24 1 0.355 0.005 1.915
24 2 0.347 0.056 1.955
24 3 0.346 0.350 1.962
24 4 0.387 0.589 1.967
24 5 0.205 0.306 1.940
24 6 0.141 0.073 1.927
24 7 0.139 -0.123 1.863
24 8 0.142 -0.179 1.847
24 9 0.501 0.302 1.993
24 10 0.532 0.062 1.995
24 11 0.541 -0.157 1.934
24 12 0.540 -0.231 1.914
24 13 0.293 -0.061 1.888
24 14 0.233 -0.466 1.888
24 15 0.235 -0.714 1.881
24 16 0.259 -0.763 1.841
24 17 0.424 -0.064 1.922
24 18 0.406 -0.462 1.903
24 19 0.401 -0.713 1.896
24 20 0.422 -0.738 1.815
25 1 0.357 0.005 1.918
25 2 0.349 0.056 1.957
25 3 0.348 0.352 1.962
25 4 0.391 0.591 1.966
25 5 0.207 0.307 1.941
25 6 0.143 0.074 1.928
25 7 0.142 -0.123 1.865
25 8 0.144 -0.179 1.849
25 9 0.504 0.302 1.994
25 10 0.534 0.063 1.997
25 11 0.543 -0.157 1.936
25 12 0.541 -0.231 1.917
25 13 0.295 -0.061 1.891
25 14 0.233 -0.466 1.889
25 15 0.235 -0.715 1.882
25 16 0.262 -0.764 1.845
25 17 0.426 -0.064 1.925
25 18 0.408 -0.462 1.906
25 19 0.402 -0.714 1.897
25 20 0.424 -0.737 1.813
26 1 0.360 0.004 1.920
26 2 0.351 0.057 1.960
26 3 0.351 0.353 1.963
26 4 0.394 0.593 1.965
26 5 0.209 0.308 1.941
26 6 0.145 0.075 1.930
26 7 0.144 -0.123 1.868
26 8 0.146 -0.178 1.852
26 9 0.506 0.302 1.995
26 10 0.536 0.063 1.999
26 11 0.544 -0.157 1.939
26 12 0.542 -0.231 1.919
26 13 0.296 -0.062 1.894
26 14 0.234 -0.466 1.891
26 15 0.236 -0.716 1.883
26 16 0.267 -0.766 1.851
26 17 0.428 -0.065 1.928
26 18 0.409 -0.462 1.908
26 19 0.403 -0.714 1.898
26 20 0.426 -0.737 1.814
27 1 0.362 0.004 1.922
27 2 0.353 0.057 1.962
27 3 0.353 0.355 1.963
27 4 0.398 0.594 1.965
27 5 0.211 0.309 1.942
27 6 0.148 0.075 1.931
27 7 0.145 -0.123 1.870
27 8 0.148 -0.178 1.854
27 9 0.508 0.302 1.995
27 10 0.538 0.063 2.001
27 11 0.545 -0.157 1.941
27 12 0.543 -0.231 1.921
27 13 0.298 -0.062 1.896
27 14 0.235 -0.467 1.894
27 15 0.237 -0.718 1.886
27 16 0.269 -0.766 1.853
27 17 0.430 -0.066 1.930
27 18 0.411 -0.463 1.911
27 19 0.405 -0.715 1.900
27 20 0.427 -0.740 1.818
28 1 0.364 0.003 1.925
28 2 0.356 0.057 1.964
28 3 0.356 0.356 1.964
28 4 0.402 0.595 1.965
28 5 0.214 0.309 1.942
28 6 0.150 0.076 1.933
28 7 0.147 -0.123 1.872
28 8 0.149 -0.177 1.856
28 9 0.511 0.302 1.996
28 10 0.540 0.062 2.003
28 11 0.552 -0.131 1.958
28 12 0.549 -0.204 1.936
28 13 0.300 -0.063 1.899
28 14 0.236 -0.468 1.896
28 15 0.239 -0.720 1.889
28 16 0.271 -0.767 1.854
28 17 0.433 -0.066 1.933
28 18 0.412 -0.464 1.913
28 19 0.407 -0.716 1.901
28 20 0.428 -0.742 1.822
29 1 0.366 0.003 1.927
29 2 0.359 0.057 1.966
29 3 0.360 0.358 1.965
29 4 0.406 0.596 1.965
29 5 0.216 0.310 1.943
29 6 0.152 0.077 1.935
29 7 0.149 -0.123 1.874
29 8 0.151 -0.177 1.858
29 9 0.513 0.302 1.997
29 10 0.541 0.062 2.005
29 11 0.555 -0.134 1.961
29 12 0.551 -0.207 1.939
29 13 0.302 -0.064 1.902
29 14 0.238 -0.469 1.899
29 15 0.240 -0.722 1.891
29 16 0.271 -0.767 1.854
29 17 0.435 -0.067 1.936
29 18 0.413 -0.464 1.915
29 19 0.408 -0.717 1.903
29 20 0.429 -0.745 1.825
30 1 0.369 0.003 1.930
30 2 0.361 0.057 1.969
30 3 0.363 0.360 1.966
30 4 0.409 0.597 1.965
30 5 0.219 0.311 1.944
30 6 0.155 0.077 1.937
30 7 0.150 -0.122 1.876
30 8 0.152 -0.177 1.860
30 9 0.515 0.301 1.997
30 10 0.543 0.061 2.007
30 11 0.557 -0.127 1.966
30 12 0.553 -0.200 1.943
30 13 0.304 -0.064 1.904
30 14 0.238 -0.470 1.901
30 15 0.241 -0.723 1.893
30 16 0.272 -0.767 1.855
30 17 0.437 -0.067 1.938
30 18 0.415 -0.465 1.917
30 19 0.409 -0.718 1.904
30 20 0.429 -0.746 1.828
31 1 0.371 0.002 1.932
31 2 0.363 0.057 1.971
31 3 0.367 0.361 1.968
31 4 0.413 0.597 1.966
31 5 0.222 0.311 1.945
31 6 0.157 0.078 1.939
31 7 0.151 -0.122 1.877
31 8 0.153 -0.177 1.862
31 9 0.518 0.300 1.998
31 10 0.545 0.060 2.009
31 11 0.559 -0.123 1.969
31 12 0.555 -0.196 1.946
31 13 0.305 -0.064 1.906
31 14 0.239 -0.471 1.903
31 15 0.242 -0.724 1.894
31 16 0.272 -0.767 1.855
31 17 0.439 -0.067 1.941
31 18 0.416 -0.465 1.919
31 19 0.410 -0.718 1.905
31 20 0.420 -0.768 1.859
32 1 0.373 0.002 1.934
32 2 0.366 0.058 1.974
32 3 0.382 0.391 1.979
32 4 0.418 0.596 1.966
32 5 0.225 0.312 1.947
32 6 0.159 0.078 1.941
32 7 0.153 -0.122 1.879
32 8 0.154 -0.176 1.863
32 9 0.520 0.299 1.999
32 10 0.546 0.059 2.010
32 11 0.560 -0.134 1.966
32 12 0.556 -0.207 1.943
32 13 0.307 -0.064 1.909
32 14 0.240 -0.471 1.904
32 15 0.243 -0.724 1.895
32 16 0.273 -0.768 1.854
32 17 0.441 -0.068 1.944
32 18 0.417 -0.466 1.921
32 19 0.411 -0.719 1.906
32 20 0.417 -0.776 1.871
33 1 0.375 0.002 1.937
33 2 0.369 0.059 1.977
33 3 0.388 0.403 1.983
33 4 0.425 0.593 1.965
33 5 0.228 0.312 1.949
33 6 0.162 0.078 1.943
33 7 0.154 -0.122 1.880
33 8 0.156 -0.176 1.865
33 9 0.523 0.297 1.999
33 10 0.548 0.058 2.012
33 11 0.562 -0.134 1.967
33 12 0.557 -0.206 1.944
33 13 0.309 -0.065 1.912
33 14 0.241 -0.472 1.906
33 15 0.243 -0.725 1.895
33 16 0.273 -0.768 1.854
33 17 0.443 -0.068 1.947
33 18 0.418 -0.466 1.922
33 19 0.412 -0.719 1.906
33 20 0.416 -0.780 1.877
34 1 0.377 0.001 1.941
34 2 0.372 0.060 1.980
34 3 0.391 0.409 1.985
34 4 0.432 0.591 1.964
34 5 0.231 0.313 1.951
34 6 0.164 0.079 1.946
34 7 0.157 -0.122 1.882
34 8 0.157 -0.176 1.867
34 9 0.526 0.295 2.000
34 10 0.549 0.056 2.013
34 11 0.563 -0.136 1.968
34 12 0.558 -0.208 1.945
34 13 0.311 -0.065 1.915
34 14 0.241 -0.472 1.907
34 15 0.243 -0.725 1.895
34 16 0.273 -0.768 1.854
34 17 0.445 -0.069 1.951
34 18 0.419 -0.466 1.924
34 19 0.413 -0.719 1.907
34 20 0.415 -0.783 1.881
35 1 0.380 0.001 1.946
35 2 0.375 0.061 1.985
35 3 0.393 0.413 1.987
35 4 0.443 0.583 1.961
35 5 0.235 0.313 1.953
35 6 0.167 0.079 1.948
35 7 0.160 -0.123 1.885
35 8 0.160 -0.177 1.868
35 9 0.530 0.293 2.002
35 10 0.551 0.055 2.015
35 11 0.564 -0.138 1.968
35 12 0.559 -0.211 1.945
35 13 0.313 -0.065 1.920
35 14 0.242 -0.472 1.908
35 15 0.243 -0.725 1.895
35 16 0.273 -0.767 1.854
35 17 0.447 -0.070 1.957
35 18 0.420 -0.466 1.925
35 19 0.414 -0.719 1.907
35 20 0.414 -0.785 1.883
36 1 0.383 -0.000 1.952
36 2 0.378 0.061 1.990
36 3 0.395 0.415 1.988
36 4 0.454 0.575 1.958
36 5 0.238 0.313 1.956
36 6 0.170 0.080 1.951
36 7 0.165 -0.123 1.887
36 8 0.166 -0.178 1.871
36 9 0.533 0.291 2.003
36 10 0.552 0.054 2.017
36 11 0.564 -0.142 1.968
36 12 0.560 -0.216 1.946
36 13 0.315 -0.066 1.927
36 14 0.242 -0.472 1.910
36 15 0.243 -0.725 1.895
36 16 0.273 -0.767 1.853
36 17 0.450 -0.071 1.964
36 18 0.421 -0.466 1.927
36 19 0.415 -0.719 1.907
36 20 0.414 -0.785 1.884
37 1 0.386 -0.001 1.959
37 2 0.381 0.061 1.996
37 3 0.398 0.414 1.989
37 4 0.464 0.566 1.953
37 5 0.241 0.313 1.958
37 6 0.172 0.080 1.954
37 7 0.170 -0.122 1.891
37 8 0.172 -0.178 1.874
37 9 0.537 0.288 2.006
37 10 0.554 0.052 2.020
37 11 0.564 -0.149 1.970
37 12 0.561 -0.220 1.949
37 13 0.318 -0.068 1.935
37 14 0.243 -0.473 1.911
37 15 0.243 -0.724 1.895
37 16 0.273 -0.766 1.852
37 17 0.454 -0.073 1.974
37 18 0.423 -0.466 1.930
37 19 0.416 -0.718 1.907
37 20 0.414 -0.784 1.884
38 1 0.389 -0.004 1.967
38 2 0.385 0.061 2.002
38 3 0.401 0.410 1.991
38 4 0.481 0.543 1.943
38 5 0.245 0.313 1.961
38 6 0.175 0.080 1.958
38 7 0.174 -0.121 1.894
38 8 0.181 -0.179 1.877
38 9 0.540 0.285 2.008
38 10 0.556 0.051 2.024
38 11 0.573 -0.141 1.987
38 12 0.565 -0.213 1.961
38 13 0.320 -0.070 1.944
38 14 0.244 -0.472 1.915
38 15 0.243 -0.724 1.894
38 16 0.272 -0.766 1.851
38 17 0.456 -0.076 1.984
38 18 0.424 -0.467 1.933
38 19 0.418 -0.718 1.908
38 20 0.414 -0.783 1.883
39 1 0.391 -0.006 1.975
39 2 0.387 0.059 2.007
39 3 0.404 0.404 1.992
39 4 0.488 0.533 1.939
39 5 0.248 0.312 1.964
39 6 0.177 0.080 1.962
39 7 0.179 -0.120 1.897
39 8 0.189 -0.180 1.881
39 9 0.543 0.283 2.010
39 10 0.559 0.050 2.029
39 11 0.571 -0.150 1.995
39 12 0.565 -0.221 1.967
39 13 0.321 -0.072 1.952
39 14 0.244 -0.472 1.918
39 15 0.242 -0.723 1.894
39 16 0.271 -0.766 1.850
39 17 0.458 -0.080 1.994
39 18 0.426 -0.468 1.938
39 19 0.419 -0.719 1.909
39 20 0.413 -0.783 1.883
40 1 0.393 -0.009 1.984
40 2 0.389 0.057 2.013
40 3 0.407 0.398 1.993
40 4 0.494 0.523 1.936
40 5 0.251 0.311 1.967
40 6 0.179 0.079 1.966
40 7 0.185 -0.122 1.901
40 8 0.196 -0.181 1.884
40 9 0.546 0.280 2.012
40 10 0.561 0.048 2.037
40 11 0.570 -0.157 2.001
40 12 0.565 -0.228 1.973
40 13 0.322 -0.075 1.960
40 14 0.244 -0.470 1.923
40 15 0.241 -0.723 1.893
40 16 0.269 -0.766 1.849
40 17 0.458 -0.085 2.007
40 18 0.429 -0.469 1.946
40 19 0.421 -0.719 1.910
40 20 0.413 -0.782 1.883
41 1 0.393 -0.013 1.992
41 2 0.390 0.055 2.018
41 3 0.410 0.391 1.995
41 4 0.499 0.513 1.932
41 5 0.254 0.309 1.969
41 6 0.180 0.077 1.970
41 7 0.193 -0.127 1.905
41 8 0.203 -0.184 1.888
41 9 0.549 0.275 2.016
41 10 0.563 0.046 2.047
41 11 0.569 -0.162 2.006
41 12 0.564 -0.235 1.981
41 13 0.322 -0.077 1.968
41 14 0.243 -0.467 1.927
41 15 0.238 -0.722 1.893
41 16 0.262 -0.767 1.850
41 17 0.457 -0.089 2.019
41 18 0.431 -0.470 1.954
41 19 0.424 -0.721 1.914
41 20 0.411 -0.782 1.886
42 1 0.392 -0.015 2.001
42 2 0.391 0.053 2.022
42 3 0.412 0.385 1.996
42 4 0.502 0.505 1.930
42 5 0.257 0.307 1.971
42 6 0.181 0.076 1.974
42 7 0.198 -0.131 1.909
42 8 0.210 -0.186 1.892
42 9 0.551 0.272 2.020
42 10 0.564 0.044 2.057
42 11 0.568 -0.166 2.013
42 12 0.564 -0.240 1.991
42 13 0.321 -0.080 1.975
42 14 0.242 -0.465 1.931
42 15 0.235 -0.720 1.892
42 16 0.250 -0.769 1.851
42 17 0.456 -0.093 2.031
42 18 0.432 -0.472 1.963
42 19 0.426 -0.724 1.921
42 20 0.406 -0.783 1.893
43 1 0.391 -0.018 2.008
43 2 0.391 0.051 2.026
43 3 0.415 0.378 1.998
43 4 0.505 0.498 1.929
43 5 0.259 0.305 1.973
43 6 0.181 0.074 1.978
43 7 0.202 -0.134 1.912
43 8 0.216 -0.189 1.898
43 9 0.552 0.269 2.024
43 10 0.565 0.043 2.062
43 11 0.566 -0.170 2.021
43 12 0.564 -0.245 2.003
43 13 0.319 -0.082 1.982
43 14 0.240 -0.462 1.934
43 15 0.231 -0.718 1.892
43 16 0.236 -0.769 1.853
43 17 0.453 -0.096 2.041
43 18 0.432 -0.474 1.972
43 19 0.429 -0.729 1.930
43 20 0.398 -0.784 1.905
44 1 0.389 -0.020 2.016
44 2 0.390 0.048 2.030
44 3 0.416 0.372 2.000
44 4 0.507 0.493 1.929
44 5 0.261 0.302 1.975
44 6 0.179 0.073 1.984
44 7 0.189 -0.118 1.933
44 8 0.212 -0.184 1.910
44 9 0.553 0.265 2.030
44 10 0.565 0.042 2.068
44 11 0.559 -0.155 2.053
44 12 0.562 -0.235 2.025
44 13 0.317 -0.083 1.989
44 14 0.239 -0.460 1.938
44 15 0.226 -0.714 1.894
44 16 0.229 -0.756 1.841
44 17 0.450 -0.098 2.051
44 18 0.432 -0.477 1.981
44 19 0.430 -0.735 1.940
44 20 0.391 -0.787 1.918
45 1 0.386 -0.022 2.024
45 2 0.388 0.046 2.035
45 3 0.418 0.368 2.001
45 4 0.508 0.487 1.930
45 5 0.263 0.300 1.976
45 6 0.177 0.072 1.988
45 7 0.187 -0.118 1.941
45 8 0.214 -0.186 1.915
45 9 0.553 0.263 2.035
45 10 0.565 0.041 2.073
45 11 0.555 -0.146 2.070
45 12 0.557 -0.221 2.056
45 13 0.314 -0.084 1.996
45 14 0.236 -0.458 1.944
45 15 0.219 -0.710 1.903
45 16 0.225 -0.752 1.841
45 17 0.443 -0.100 2.063
45 18 0.429 -0.482 1.991
45 19 0.431 -0.740 1.949
45 20 0.387 -0.791 1.931
46 1 0.380 -0.026 2.034
46 2 0.384 0.042 2.041
46 3 0.418 0.363 2.004
46 4 0.509 0.481 1.932
46 5 0.264 0.297 1.977
46 6 0.173 0.071 1.993
46 7 0.186 -0.120 1.946
46 8 0.215 -0.189 1.921
46 9 0.549 0.260 2.042
46 10 0.563 0.040 2.078
46 11 0.549 -0.150 2.083
46 12 0.552 -0.222 2.067
46 13 0.307 -0.088 2.005
46 14 0.232 -0.458 1.955
46 15 0.213 -0.712 1.926
46 16 0.224 -0.750 1.851
46 17 0.438 -0.102 2.072
46 18 0.426 -0.487 2.000
46 19 0.429 -0.746 1.960
46 20 0.383 -0.793 1.939
47 1 0.375 -0.029 2.042
47 2 0.380 0.038 2.047
47 3 0.418 0.358 2.007
47 4 0.510 0.476 1.936
47 5 0.265 0.294 1.978
47 6 0.170 0.069 1.996
47 7 0.184 -0.120 1.950
47 8 0.210 -0.192 1.928
47 9 0.544 0.257 2.049
47 10 0.559 0.038 2.084
47 11 0.544 -0.153 2.092
47 12 0.549 -0.223 2.076
47 13 0.301 -0.091 2.014
47 14 0.230 -0.458 1.971
47 15 0.211 -0.721 1.960
47 16 0.227 -0.757 1.883
47 17 0.432 -0.104 2.081
47 18 0.422 -0.491 2.008
47 19 0.426 -0.751 1.969
47 20 0.380 -0.796 1.945
48 1 0.369 -0.032 2.052
48 2 0.374 0.034 2.055
48 3 0.416 0.354 2.010
48 4 0.509 0.471 1.942
48 5 0.264 0.291 1.979
48 6 0.164 0.068 1.998
48 7 0.178 -0.132 1.953
48 8 0.205 -0.195 1.933
48 9 0.537 0.254 2.057
48 10 0.533 0.033 2.130
48 11 0.536 -0.162 2.104
48 12 0.538 -0.236 2.093
48 13 0.294 -0.095 2.026
48 14 0.226 -0.460 1.993
48 15 0.211 -0.733 1.988
48 16 0.231 -0.770 1.916
48 17 0.426 -0.105 2.090
48 18 0.417 -0.495 2.016
48 19 0.422 -0.754 1.976
48 20 0.378 -0.800 1.949
49 1 0.363 -0.036 2.062
49 2 0.368 0.030 2.062
49 3 0.413 0.349 2.015
49 4 0.507 0.467 1.949
49 5 0.261 0.285 1.980
49 6 0.154 0.064 1.999
49 7 0.173 -0.143 1.954
49 8 0.194 -0.202 1.939
49 9 0.529 0.250 2.067
49 10 0.523 0.030 2.149
49 11 0.527 -0.169 2.114
49 12 0.531 -0.243 2.103
49 13 0.287 -0.100 2.039
49 14 0.220 -0.466 2.022
49 15 0.211 -0.742 2.009
49 16 0.235 -0.781 1.940
49 17 0.420 -0.107 2.098
49 18 0.410 -0.497 2.026
49 19 0.417 -0.756 1.982
49 20 0.377 -0.804 1.955
50 1 0.357 -0.040 2.074
50 2 0.362 0.026 2.072
50 3 0.407 0.344 2.021
50 4 0.503 0.461 1.958
50 5 0.255 0.276 1.981
50 6 0.139 0.058 1.996
50 7 0.167 -0.153 1.954
50 8 0.184 -0.212 1.944
50 9 0.519 0.249 2.082
50 10 0.504 0.027 2.174
50 11 0.513 -0.185 2.129
50 12 0.523 -0.251 2.110
50 13 0.282 -0.105 2.053
50 14 0.215 -0.471 2.040
50 15 0.211 -0.752 2.026
50 16 0.237 -0.792 1.960
50 17 0.414 -0.109 2.110
50 18 0.401 -0.500 2.037
50 19 0.410 -0.758 1.987
50 20 0.405 -0.801 1.940
51 1 0.351 -0.046 2.089
51 2 0.356 0.020 2.083
51 3 0.401 0.339 2.025
51 4 0.500 0.457 1.966
51 5 0.249 0.266 1.982
51 6 0.125 0.051 1.992
51 7 0.159 -0.166 1.953
51 8 0.174 -0.223 1.946
51 9 0.514 0.248 2.088
51 10 0.494 0.026 2.186
51 11 0.502 -0.193 2.142
51 12 0.509 -0.258 2.129
51 13 0.278 -0.112 2.073
51 14 0.211 -0.478 2.056
51 15 0.210 -0.760 2.039
51 16 0.238 -0.801 1.975
51 17 0.408 -0.113 2.127
51 18 0.392 -0.502 2.047
51 19 0.404 -0.759 1.993
51 20 0.389 -0.814 1.972
52 1 0.344 -0.053 2.106
52 2 0.349 0.013 2.096
52 3 0.393 0.333 2.029
52 4 0.495 0.454 1.973
52 5 0.241 0.256 1.983
52 6 0.115 0.042 1.983
52 7 0.151 -0.176 1.953
52 8 0.159 -0.245 1.949
52 9 0.494 0.241 2.107
52 10 0.477 0.023 2.207
52 11 0.491 -0.199 2.159
52 12 0.502 -0.262 2.139
52 13 0.274 -0.119 2.089
52 14 0.207 -0.486 2.068
52 15 0.209 -0.768 2.051
52 16 0.222 -0.825 2.009
52 17 0.397 -0.118 2.151
52 18 0.382 -0.504 2.059
52 19 0.398 -0.762 1.999
52 20 0.405 -0.813 1.965
53 1 0.333 -0.063 2.127
53 2 0.337 0.003 2.113
53 3 0.376 0.320 2.033
53 4 0.486 0.446 1.979
53 5 0.232 0.244 1.983
53 6 0.105 0.031 1.976
53 7 0.141 -0.185 1.951
53 8 0.149 -0.258 1.949
53 9 0.484 0.237 2.115
53 10 0.465 0.019 2.220
53 11 0.472 -0.224 2.186
53 12 0.489 -0.281 2.158
53 13 0.267 -0.128 2.110
53 14 0.204 -0.491 2.076
53 15 0.209 -0.773 2.057
53 16 0.212 -0.836 2.024
53 17 0.385 -0.125 2.175
53 18 0.374 -0.506 2.070
53 19 0.391 -0.766 2.009
53 20 0.411 -0.815 1.965
54 1 0.323 -0.074 2.147
54 2 0.326 -0.008 2.130
54 3 0.362 0.306 2.037
54 4 0.477 0.439 1.982
54 5 0.223 0.232 1.984
54 6 0.097 0.021 1.970
54 7 0.128 -0.198 1.949
54 8 0.139 -0.272 1.948
54 9 0.474 0.230 2.122
54 10 0.458 0.014 2.228
54 11 0.465 -0.234 2.195
54 12 0.481 -0.294 2.170
54 13 0.259 -0.138 2.135
54 14 0.200 -0.498 2.084
54 15 0.208 -0.776 2.062
54 16 0.221 -0.836 2.021
54 17 0.376 -0.132 2.193
54 18 0.368 -0.508 2.080
54 19 0.387 -0.771 2.018
54 20 0.416 -0.817 1.966
55 1 0.316 -0.082 2.162
55 2 0.319 -0.017 2.143
55 3 0.351 0.295 2.040
55 4 0.466 0.430 1.984
55 5 0.216 0.222 1.985
55 6 0.091 0.012 1.966
55 7 0.116 -0.210 1.946
55 8 0.128 -0.286 1.946
55 9 0.466 0.222 2.127
55 10 0.452 0.009 2.234
55 11 0.460 -0.242 2.201
55 12 0.475 -0.304 2.177
55 13 0.253 -0.145 2.153
55 14 0.195 -0.498 2.091
55 15 0.208 -0.778 2.064
55 16 0.228 -0.835 2.016
55 17 0.368 -0.138 2.209
55 18 0.363 -0.509 2.089
55 19 0.384 -0.776 2.028
55 20 0.383 -0.833 2.020
56 1 0.310 -0.088 2.175
56 2 0.313 -0.023 2.153
56 3 0.344 0.287 2.041
56 4 0.457 0.423 1.983
56 5 0.211 0.214 1.987
56 6 0.086 0.004 1.964
56 7 0.107 -0.221 1.944
56 8 0.118 -0.299 1.943
56 9 0.459 0.215 2.130
56 10 0.436 0.001 2.244
56 11 0.447 -0.250 2.217
56 12 0.455 -0.332 2.204
56 13 0.249 -0.150 2.169
56 14 0.190 -0.499 2.097
56 15 0.208 -0.779 2.065
56 16 0.204 -0.837 2.029
56 17 0.361 -0.143 2.222
56 18 0.361 -0.508 2.100
56 19 0.383 -0.779 2.038
56 20 0.366 -0.845 2.047
57 1 0.304 -0.093 2.185
57 2 0.307 -0.029 2.161
57 3 0.338 0.279 2.043
57 4 0.444 0.410 1.978
57 5 0.206 0.208 1.988
57 6 0.083 -0.003 1.963
57 7 0.100 -0.230 1.944
57 8 0.109 -0.309 1.941
57 9 0.444 0.192 2.135
57 10 0.424 -0.007 2.260
57 11 0.439 -0.256 2.230
57 12 0.446 -0.341 2.218
57 13 0.244 -0.153 2.180
57 14 0.185 -0.500 2.103
57 15 0.207 -0.779 2.064
57 16 0.216 -0.829 2.015
57 17 0.354 -0.148 2.233
57 18 0.363 -0.501 2.118
57 19 0.386 -0.781 2.055
57 20 0.399 -0.837 2.035
58 1 0.297 -0.097 2.194
58 2 0.302 -0.033 2.169
58 3 0.333 0.273 2.044
58 4 0.438 0.400 1.975
58 5 0.202 0.202 1.991
58 6 0.079 -0.009 1.965
58 7 0.093 -0.237 1.946
58 8 0.101 -0.316 1.941
58 9 0.436 0.178 2.138
58 10 0.414 -0.015 2.269
58 11 0.391 -0.258 2.209
58 12 0.402 -0.341 2.199
58 13 0.236 -0.154 2.194
58 14 0.180 -0.500 2.107
58 15 0.206 -0.778 2.064
58 16 0.221 -0.825 2.010
58 17 0.347 -0.152 2.242
58 18 0.366 -0.481 2.148
58 19 0.389 -0.769 2.077
58 20 0.413 -0.821 2.039
59 1 0.290 -0.099 2.204
59 2 0.295 -0.037 2.177
59 3 0.329 0.267 2.046
59 4 0.432 0.389 1.971
59 5 0.198 0.196 1.994
59 6 0.075 -0.015 1.969
59 7 0.084 -0.242 1.951
59 8 0.092 -0.320 1.945
59 9 0.429 0.161 2.141
59 10 0.406 -0.024 2.278
59 11 0.372 -0.261 2.202
59 12 0.381 -0.341 2.191
59 13 0.226 -0.154 2.208
59 14 0.177 -0.499 2.113
59 15 0.203 -0.777 2.065
59 16 0.196 -0.826 2.023
59 17 0.340 -0.154 2.251
59 18 0.368 -0.473 2.161
59 19 0.393 -0.762 2.093
59 20 0.422 -0.813 2.043
60 1 0.283 -0.101 2.212
60 2 0.290 -0.039 2.184
60 3 0.325 0.261 2.047
60 4 0.428 0.381 1.967
60 5 0.194 0.191 1.997
60 6 0.070 -0.020 1.975
60 7 0.073 -0.248 1.965
60 8 0.080 -0.326 1.963
60 9 0.424 0.149 2.143
60 10 0.400 -0.032 2.284
60 11 0.361 -0.246 2.194
60 12 0.369 -0.313 2.180
60 13 0.219 -0.154 2.218
60 14 0.175 -0.498 2.117
60 15 0.190 -0.775 2.073
60 16 0.186 -0.827 2.035
60 17 0.333 -0.156 2.258
60 18 0.370 -0.468 2.169
60 19 0.399 -0.757 2.109
60 20 0.431 -0.808 2.049
61 1 0.276 -0.104 2.221
61 2 0.283 -0.043 2.191
61 3 0.321 0.255 2.048
61 4 0.425 0.374 1.964
61 5 0.189 0.184 2.002
61 6 0.064 -0.025 1.984
61 7 0.062 -0.254 1.982
61 8 0.070 -0.331 1.986
61 9 0.421 0.140 2.144
61 10 0.396 -0.037 2.289
61 11 0.358 -0.253 2.198
61 12 0.363 -0.312 2.180
61 13 0.212 -0.156 2.229
61 14 0.173 -0.498 2.120
61 15 0.181 -0.769 2.082
61 16 0.185 -0.824 2.039
61 17 0.326 -0.159 2.266
61 18 0.372 -0.467 2.178
61 19 0.408 -0.756 2.126
61 20 0.440 -0.807 2.061
62 1 0.269 -0.110 2.232
62 2 0.276 -0.050 2.200
62 3 0.316 0.241 2.050
62 4 0.421 0.358 1.960
62 5 0.184 0.172 2.008
62 6 0.058 -0.029 1.994
62 7 0.051 -0.269 2.015
62 8 0.059 -0.345 2.022
62 9 0.417 0.125 2.146
62 10 0.391 -0.047 2.296
62 11 0.359 -0.259 2.203
62 12 0.362 -0.314 2.182
62 13 0.204 -0.160 2.241
62 14 0.171 -0.499 2.124
62 15 0.176 -0.764 2.089
62 16 0.186 -0.820 2.042
62 17 0.318 -0.164 2.276
62 18 0.376 -0.470 2.191
62 19 0.427 -0.760 2.151
62 20 0.422 -0.816 2.117
63 1 0.263 -0.119 2.244
63 2 0.271 -0.059 2.211
63 3 0.312 0.226 2.052
63 4 0.417 0.344 1.956
63 5 0.179 0.161 2.014
63 6 0.050 -0.037 2.007
63 7 0.043 -0.284 2.042
63 8 0.052 -0.359 2.052
63 9 0.416 0.119 2.147
63 10 0.389 -0.052 2.300
63 11 0.360 -0.267 2.210
63 12 0.364 -0.323 2.192
63 13 0.199 -0.168 2.260
63 14 0.170 -0.501 2.128
63 15 0.173 -0.762 2.092
63 16 0.187 -0.818 2.044
63 17 0.313 -0.169 2.284
63 18 0.380 -0.477 2.202
63 19 0.451 -0.767 2.182
63 20 0.412 -0.819 2.163
64 1 0.259 -0.135 2.261
64 2 0.266 -0.077 2.226
64 3 0.309 0.202 2.056
64 4 0.415 0.321 1.953
64 5 0.172 0.140 2.022
64 6 0.040 -0.053 2.025
64 7 0.038 -0.297 2.062
64 8 0.047 -0.373 2.075
64 9 0.413 0.083 2.152
64 10 0.387 -0.076 2.314
64 11 0.367 -0.282 2.226
64 12 0.374 -0.340 2.211
64 13 0.194 -0.184 2.286
64 14 0.170 -0.504 2.131
64 15 0.172 -0.761 2.095
64 16 0.190 -0.818 2.044
64 17 0.308 -0.183 2.297
64 18 0.385 -0.488 2.210
64 19 0.461 -0.774 2.192
64 20 0.421 -0.839 2.202
65 1 0.259 -0.152 2.281
65 2 0.266 -0.096 2.243
65 3 0.305 0.172 2.062
65 4 0.409 0.283 1.952
65 5 0.167 0.109 2.031
65 6 0.033 -0.070 2.040
65 7 0.035 -0.316 2.090
65 8 0.040 -0.390 2.096
65 9 0.412 0.068 2.154
65 10 0.391 -0.104 2.319
65 11 0.383 -0.316 2.250
65 12 0.393 -0.378 2.238
65 13 0.195 -0.200 2.310
65 14 0.170 -0.506 2.133
65 15 0.175 -0.762 2.094
65 16 0.198 -0.819 2.041
65 17 0.310 -0.199 2.315
65 18 0.389 -0.498 2.213
65 19 0.467 -0.781 2.195
65 20 0.424 -0.846 2.219
66 1 0.261 -0.166 2.294
66 2 0.267 -0.112 2.256
66 3 0.304 0.142 2.067
66 4 0.406 0.262 1.953
66 5 0.164 0.092 2.037
66 6 0.029 -0.093 2.054
66 7 0.033 -0.335 2.109
66 8 0.033 -0.411 2.117
66 9 0.412 0.046 2.158
66 10 0.397 -0.122 2.325
66 11 0.394 -0.346 2.267
66 12 0.406 -0.435 2.255
66 13 0.197 -0.215 2.324
66 14 0.173 -0.517 2.136
66 15 0.180 -0.763 2.092
66 16 0.206 -0.821 2.044
66 17 0.313 -0.214 2.333
66 18 0.392 -0.505 2.213
66 19 0.470 -0.789 2.190
66 20 0.432 -0.852 2.227
67 1 0.263 -0.179 2.305
67 2 0.270 -0.127 2.266
67 3 0.303 0.120 2.071
67 4 0.404 0.248 1.953
67 5 0.163 0.052 2.049
67 6 0.051 -0.136 2.074
67 7 0.039 -0.359 2.126
67 8 0.029 -0.433 2.137
67 9 0.413 0.025 2.161
67 10 0.404 -0.142 2.328
67 11 0.391 -0.378 2.258
67 12 0.384 -0.462 2.232
67 13 0.200 -0.229 2.334
67 14 0.185 -0.551 2.131
67 15 0.187 -0.768 2.088
67 16 0.214 -0.823 2.045
67 17 0.318 -0.228 2.353
67 18 0.394 -0.511 2.210
67 19 0.469 -0.795 2.178
67 20 0.439 -0.854 2.229
68 1 0.268 -0.211 2.324
68 2 0.272 -0.163 2.283
68 3 0.296 0.071 2.079
68 4 0.392 0.190 1.962
68 5 0.160 0.015 2.060
68 6 0.038 -0.180 2.094
68 7 0.032 -0.408 2.146
68 8 0.019 -0.482 2.160
68 9 0.411 -0.012 2.166
68 10 0.413 -0.187 2.337
68 11 0.387 -0.401 2.249
68 12 0.369 -0.482 2.217
68 13 0.203 -0.258 2.348
68 14 0.193 -0.570 2.126
68 15 0.193 -0.775 2.085
68 16 0.225 -0.826 2.043
68 17 0.324 -0.253 2.375
68 18 0.398 -0.520 2.200
68 19 0.469 -0.804 2.159
68 20 0.444 -0.854 2.222
69 1 0.270 -0.225 2.333
69 2 0.273 -0.179 2.291
69 3 0.293 0.047 2.084
69 4 0.386 0.159 1.968
69 5 0.158 -0.015 2.069
69 6 0.032 -0.199 2.101
69 7 0.025 -0.430 2.157
69 8 0.010 -0.504 2.176
69 9 0.412 -0.030 2.168
69 10 0.417 -0.202 2.338
69 11 0.388 -0.423 2.237
69 12 0.365 -0.490 2.207
69 13 0.206 -0.276 2.357
69 14 0.199 -0.583 2.122
69 15 0.201 -0.783 2.081
69 16 0.238 -0.828 2.040
69 17 0.327 -0.265 2.386
69 18 0.403 -0.525 2.193
69 19 0.469 -0.809 2.148
69 20 0.449 -0.854 2.214
70 1 0.267 -0.271 2.339
70 2 0.271 -0.224 2.297
70 3 0.289 0.019 2.089
70 4 0.384 0.140 1.972
70 5 0.161 -0.047 2.079
70 6 0.024 -0.222 2.108
70 7 0.016 -0.447 2.166
70 8 0.004 -0.519 2.188
70 9 0.415 -0.076 2.179
70 10 0.418 -0.234 2.350
70 11 0.388 -0.444 2.226
70 12 0.368 -0.498 2.192
70 13 0.202 -0.325 2.356
70 14 0.206 -0.599 2.117
70 15 0.214 -0.850 2.082
70 16 0.240 -0.902 2.036
70 17 0.326 -0.309 2.399
70 18 0.416 -0.532 2.180
70 19 0.479 -0.819 2.123
70 20 0.454 -0.853 2.203
71 1 0.269 -0.307 2.346
71 2 0.271 -0.257 2.304
71 3 0.286 -0.018 2.101
71 4 0.385 0.098 1.990
71 5 0.163 -0.080 2.090
71 6 0.020 -0.235 2.113
71 7 0.009 -0.455 2.172
71 8 -0.001 -0.527 2.196
71 9 0.417 -0.095 2.184
71 10 0.419 -0.251 2.355
71 11 0.403 -0.463 2.214
71 12 0.396 -0.502 2.176
71 13 0.201 -0.364 2.362
71 14 0.215 -0.614 2.110
71 15 0.217 -0.879 2.085
71 16 0.239 -0.937 2.037
71 17 0.330 -0.346 2.406
71 18 0.429 -0.546 2.172
71 19 0.487 -0.840 2.107
71 20 0.490 -0.889 2.111
72 1 0.274 -0.338 2.355
72 2 0.276 -0.289 2.313
72 3 0.284 -0.048 2.112
72 4 0.381 0.068 2.004
72 5 0.165 -0.110 2.100
72 6 0.017 -0.247 2.116
72 7 -0.001 -0.455 2.174
72 8 -0.009 -0.527 2.200
72 9 0.418 -0.125 2.195
72 10 0.418 -0.271 2.360
72 11 0.411 -0.474 2.209
72 12 0.430 -0.507 2.166
72 13 0.207 -0.396 2.372
72 14 0.222 -0.623 2.106
72 15 0.220 -0.896 2.089
72 16 0.239 -0.956 2.039
72 17 0.338 -0.374 2.414
72 18 0.445 -0.551 2.161
72 19 0.492 -0.844 2.095
72 20 0.514 -0.900 2.045
73 1 0.278 -0.361 2.362
73 2 0.278 -0.312 2.320
73 3 0.278 -0.075 2.122
73 4 0.370 0.038 2.021
73 5 0.163 -0.131 2.106
73 6 0.010 -0.268 2.119
73 7 -0.012 -0.456 2.176
73 8 -0.020 -0.520 2.202
73 9 0.409 -0.165 2.212
73 10 0.408 -0.305 2.372
73 11 0.415 -0.480 2.205
73 12 0.440 -0.510 2.162
73 13 0.212 -0.419 2.378
73 14 0.228 -0.628 2.102
73 15 0.220 -0.905 2.094
73 16 0.238 -0.967 2.044
73 17 0.343 -0.398 2.420
73 18 0.455 -0.556 2.154
73 19 0.518 -0.841 2.058
73 20 0.542 -0.903 1.992
74 1 0.279 -0.380 2.369
74 2 0.278 -0.333 2.328
74 3 0.271 -0.105 2.138
74 4 0.362 0.017 2.034
74 5 0.155 -0.166 2.118
74 6 0.004 -0.284 2.122
74 7 -0.029 -0.457 2.177
74 8 -0.031 -0.515 2.203
74 9 0.405 -0.187 2.222
74 10 0.402 -0.328 2.381
74 11 0.418 -0.486 2.204
74 12 0.448 -0.513 2.159
74 13 0.214 -0.440 2.386
74 14 0.237 -0.634 2.098
74 15 0.222 -0.912 2.099
74 16 0.239 -0.975 2.048
74 17 0.345 -0.417 2.427
74 18 0.462 -0.558 2.149
74 19 0.521 -0.841 2.054
74 20 0.549 -0.906 1.975
75 1 0.280 -0.409 2.376
75 2 0.278 -0.359 2.337
75 3 0.268 -0.123 2.149
75 4 0.358 0.006 2.044
75 5 0.153 -0.185 2.126
75 6 -0.002 -0.298 2.125
75 7 -0.047 -0.461 2.178
75 8 -0.046 -0.509 2.200
75 9 0.402 -0.206 2.237
75 10 0.397 -0.350 2.394
75 11 0.421 -0.490 2.203
75 12 0.453 -0.516 2.159
75 13 0.215 -0.461 2.392
75 14 0.252 -0.656 2.093
75 15 0.220 -0.920 2.115
75 16 0.238 -0.981 2.062
75 17 0.347 -0.450 2.432
75 18 0.473 -0.638 2.161
75 19 0.521 -0.918 2.085
75 20 0.550 -0.980 2.008
76 1 0.280 -0.424 2.382
76 2 0.277 -0.376 2.344
76 3 0.265 -0.158 2.172
76 4 0.350 -0.022 2.079
76 5 0.151 -0.200 2.134
76 6 -0.007 -0.307 2.127
76 7 -0.065 -0.465 2.177
76 8 -0.060 -0.504 2.196
76 9 0.399 -0.223 2.252
76 10 0.393 -0.370 2.408
76 11 0.423 -0.494 2.210
76 12 0.456 -0.520 2.165
76 13 0.214 -0.480 2.397
76 14 0.258 -0.665 2.092
76 15 0.218 -0.922 2.127
76 16 0.236 -0.984 2.074
76 17 0.346 -0.468 2.439
76 18 0.479 -0.683 2.168
76 19 0.508 -0.949 2.161
76 20 0.535 -1.010 2.091
77 1 0.278 -0.434 2.384
77 2 0.275 -0.386 2.347
77 3 0.262 -0.171 2.181
77 4 0.343 -0.029 2.095
77 5 0.145 -0.216 2.147
77 6 -0.028 -0.331 2.140
77 7 -0.089 -0.489 2.179
77 8 -0.096 -0.535 2.194
77 9 0.394 -0.234 2.265
77 10 0.388 -0.385 2.421
77 11 0.423 -0.498 2.220
77 12 0.457 -0.525 2.174
77 13 0.207 -0.509 2.382
77 14 0.266 -0.671 2.086
77 15 0.230 -0.910 2.119
77 16 0.274 -0.886 2.057
77 17 0.340 -0.483 2.449
77 18 0.483 -0.699 2.172
77 19 0.502 -0.960 2.193
77 20 0.527 -1.019 2.135
78 1 0.247 -0.443 2.380
78 2 0.253 -0.396 2.348
78 3 0.255 -0.181 2.195
78 4 0.331 -0.031 2.115
78 5 0.136 -0.233 2.167
78 6 -0.043 -0.349 2.150
78 7 -0.104 -0.509 2.181
78 8 -0.118 -0.561 2.195
78 9 0.386 -0.245 2.287
78 10 0.381 -0.398 2.439
78 11 0.422 -0.501 2.233
78 12 0.461 -0.522 2.197
78 13 0.185 -0.523 2.369
78 14 0.271 -0.675 2.083
78 15 0.241 -0.898 2.112
78 16 0.300 -0.821 2.044
78 17 0.299 -0.500 2.462
78 18 0.484 -0.709 2.175
78 19 0.498 -0.963 2.211
78 20 0.523 -1.020 2.155
79 1 0.220 -0.449 2.379
79 2 0.228 -0.404 2.352
79 3 0.245 -0.190 2.224
79 4 0.310 -0.031 2.153
79 5 0.128 -0.245 2.183
79 6 -0.050 -0.358 2.156
79 7 -0.113 -0.520 2.182
79 8 -0.131 -0.573 2.194
79 9 0.378 -0.251 2.306
79 10 0.374 -0.408 2.457
79 11 0.422 -0.504 2.241
79 12 0.464 -0.522 2.206
79 13 0.154 -0.532 2.360
79 14 0.280 -0.672 2.083
79 15 0.247 -0.895 2.118
79 16 0.298 -0.872 2.068
79 17 0.261 -0.512 2.470
79 18 0.456 -0.658 2.198
79 19 0.469 -0.894 2.233
79 20 0.496 -0.852 2.171
80 1 0.171 -0.453 2.398
80 2 0.183 -0.410 2.373
80 3 0.236 -0.196 2.248
80 4 0.296 -0.027 2.185
80 5 0.122 -0.255 2.199
80 6 -0.062 -0.367 2.160
80 7 -0.119 -0.532 2.183
80 8 -0.140 -0.586 2.194
80 9 0.364 -0.267 2.346
80 10 0.361 -0.424 2.494
80 11 0.419 -0.502 2.266
80 12 0.465 -0.518 2.224
80 13 0.100 -0.529 2.373
80 14 0.284 -0.671 2.086
80 15 0.252 -0.895 2.120
80 16 0.300 -0.922 2.077
80 17 0.204 -0.517 2.493
80 18 0.465 -0.675 2.205
80 19 0.466 -0.887 2.242
80 20 0.490 -0.836 2.202
81 1 0.152 -0.470 2.418
81 2 0.164 -0.422 2.391
81 3 0.220 -0.199 2.276
81 4 0.279 -0.024 2.220
81 5 0.111 -0.267 2.223
81 6 -0.081 -0.371 2.163
81 7 -0.115 -0.540 2.183
81 8 -0.140 -0.592 2.192
81 9 0.352 -0.275 2.376
81 10 0.350 -0.434 2.523
81 11 0.417 -0.504 2.284
81 12 0.464 -0.514 2.246
81 13 0.082 -0.542 2.391
81 14 0.254 -0.677 2.110
81 15 0.247 -0.893 2.123
81 16 0.252 -0.857 2.124
81 17 0.190 -0.528 2.505
81 18 0.467 -0.679 2.210
81 19 0.472 -0.892 2.241
81 20 0.512 -0.907 2.183
82 1 0.201 -0.505 2.470
82 2 0.195 -0.452 2.440
82 3 0.203 -0.202 2.313
82 4 0.265 -0.037 2.262
82 5 0.104 -0.275 2.239
82 6 -0.099 -0.384 2.165
82 7 -0.104 -0.560 2.187
82 8 -0.142 -0.599 2.190
82 9 0.337 -0.276 2.406
82 10 0.337 -0.438 2.553
82 11 0.408 -0.504 2.310
82 12 0.456 -0.509 2.277
82 13 0.136 -0.571 2.461
82 14 0.221 -0.695 2.154
82 15 0.213 -0.924 2.182
82 16 0.233 -0.941 2.160
82 17 0.279 -0.548 2.532
82 18 0.469 -0.681 2.213
82 19 0.478 -0.904 2.238
82 20 0.523 -0.944 2.180
83 1 0.219 -0.522 2.495
83 2 0.213 -0.468 2.467
83 3 0.188 -0.202 2.334
83 4 0.251 -0.041 2.295
83 5 0.093 -0.283 2.260
83 6 -0.108 -0.390 2.166
83 7 -0.097 -0.568 2.189
83 8 -0.142 -0.604 2.188
83 9 0.318 -0.274 2.451
83 10 0.318 -0.438 2.599
83 11 0.372 -0.511 2.365
83 12 0.426 -0.520 2.306
83 13 0.149 -0.585 2.491
83 14 0.205 -0.706 2.177
83 15 0.196 -0.941 2.210
83 16 0.222 -0.976 2.179
83 17 0.299 -0.558 2.546
83 18 0.457 -0.551 2.225
83 19 0.496 -0.825 2.188
83 20 0.509 -0.913 2.196
84 1 0.231 -0.525 2.508
84 2 0.220 -0.472 2.480
84 3 0.169 -0.200 2.361
84 4 0.237 -0.044 2.320
84 5 0.078 -0.286 2.282
84 6 -0.116 -0.397 2.166
84 7 -0.036 -0.287 2.201
84 8 -0.014 -0.235 2.216
84 9 0.309 -0.272 2.474
84 10 0.307 -0.437 2.625
84 11 0.345 -0.514 2.404
84 12 0.409 -0.526 2.321
84 13 0.164 -0.590 2.505
84 14 0.198 -0.713 2.188
84 15 0.187 -0.953 2.233
84 16 0.217 -0.996 2.193
84 17 0.325 -0.555 2.565
84 18 0.449 -0.515 2.242
84 19 0.497 -0.807 2.185
84 20 0.525 -0.865 2.161
85 1 0.235 -0.527 2.517
85 2 0.222 -0.474 2.490
85 3 0.153 -0.195 2.386
85 4 0.217 -0.037 2.344
85 5 0.059 -0.286 2.304
85 6 -0.109 -0.362 2.184
85 7 -0.102 -0.474 2.171
85 8 -0.112 -0.533 2.164
85 9 0.287 -0.288 2.508
85 10 0.289 -0.446 2.657
85 11 0.321 -0.531 2.434
85 12 0.371 -0.532 2.338
85 13 0.169 -0.593 2.514
85 14 0.195 -0.717 2.196
85 15 0.183 -0.960 2.244
85 16 0.215 -1.007 2.200
85 17 0.334 -0.557 2.572
85 18 0.439 -0.489 2.248
85 19 0.495 -0.790 2.179
85 20 0.525 -0.830 2.134
86 1 0.232 -0.514 2.525
86 2 0.216 -0.461 2.501
86 3 0.135 -0.185 2.413
86 4 0.196 -0.021 2.368
86 5 0.042 -0.280 2.322
86 6 -0.106 -0.343 2.196
86 7 -0.117 -0.474 2.164
86 8 -0.136 -0.521 2.142
86 9 0.274 -0.289 2.527
86 10 0.275 -0.448 2.679
86 11 0.306 -0.536 2.453
86 12 0.350 -0.529 2.351
86 13 0.171 -0.589 2.516
86 14 0.193 -0.720 2.202
86 15 0.179 -0.964 2.252
86 16 0.213 -1.014 2.205
86 17 0.331 -0.551 2.582
86 18 0.433 -0.476 2.256
86 19 0.488 -0.780 2.176
86 20 0.524 -0.818 2.126
87 1 0.225 -0.479 2.541
87 2 0.207 -0.431 2.519
87 3 0.118 -0.178 2.435
87 4 0.175 -0.016 2.384
87 5 0.022 -0.275 2.340
87 6 -0.121 -0.344 2.203
87 7 -0.119 -0.507 2.153
87 8 -0.135 -0.552 2.126
87 9 0.264 -0.288 2.538
87 10 0.264 -0.447 2.694
87 11 0.295 -0.538 2.465
87 12 0.335 -0.525 2.360
87 13 0.177 -0.565 2.518
87 14 0.194 -0.708 2.206
87 15 0.184 -0.925 2.234
87 16 0.230 -0.894 2.164
87 17 0.321 -0.519 2.608
87 18 0.415 -0.484 2.283
87 19 0.471 -0.779 2.189
87 20 0.517 -0.814 2.128
88 1 0.218 -0.444 2.575
88 2 0.197 -0.400 2.553
88 3 0.100 -0.173 2.455
88 4 0.152 -0.009 2.399
88 5 -0.005 -0.265 2.360
88 6 -0.129 -0.337 2.216
88 7 -0.129 -0.518 2.147
88 8 -0.147 -0.571 2.116
88 9 0.246 -0.279 2.547
88 10 0.249 -0.443 2.706
88 11 0.282 -0.536 2.475
88 12 0.327 -0.523 2.366
88 13 0.180 -0.536 2.551
88 14 0.195 -0.691 2.218
88 15 0.184 -0.900 2.235
88 16 0.238 -0.865 2.165
88 17 0.314 -0.478 2.648
88 18 0.392 -0.495 2.302
88 19 0.463 -0.775 2.189
88 20 0.510 -0.809 2.125
89 1 0.107 -0.444 2.518
89 2 0.105 -0.397 2.514
89 3 0.079 -0.170 2.474
89 4 0.120 -0.003 2.416
89 5 -0.032 -0.256 2.377
89 6 -0.143 -0.340 2.226
89 7 -0.143 -0.532 2.147
89 8 -0.156 -0.585 2.114
89 9 0.229 -0.272 2.554
89 10 0.233 -0.438 2.715
89 11 0.268 -0.533 2.482
89 12 0.321 -0.522 2.370
89 13 0.047 -0.524 2.464
89 14 0.065 -0.700 2.185
89 15 0.047 -0.937 2.212
89 16 0.075 -0.954 2.141
89 17 0.174 -0.510 2.576
89 18 0.365 -0.502 2.291
89 19 0.466 -0.749 2.170
89 20 0.488 -0.816 2.157
90 1 0.071 -0.444 2.512
90 2 0.066 -0.398 2.509
90 3 0.055 -0.172 2.494
90 4 0.099 0.001 2.431
90 5 -0.050 -0.255 2.389
90 6 -0.157 -0.349 2.236
90 7 -0.141 -0.563 2.172
90 8 -0.140 -0.625 2.147
90 9 0.195 -0.273 2.556
90 10 0.207 -0.452 2.705
90 11 0.243 -0.551 2.473
90 12 0.312 -0.552 2.353
90 13 0.016 -0.520 2.454
90 14 0.357 -0.633 2.214
90 15 0.305 -0.857 2.220
90 16 0.421 -0.822 2.174
90 17 0.139 -0.510 2.572
90 18 0.332 -0.505 2.242
90 19 0.467 -0.740 2.163
90 20 0.498 -0.790 2.126
91 1 0.045 -0.454 2.503
91 2 0.043 -0.406 2.503
91 3 0.036 -0.176 2.508
91 4 0.057 -0.004 2.453
91 5 -0.078 -0.260 2.402
91 6 -0.174 -0.363 2.250
91 7 -0.177 -0.556 2.162
91 8 -0.155 -0.616 2.147
91 9 0.169 -0.279 2.557
91 10 0.218 -0.447 2.680
91 11 0.251 -0.519 2.441
91 12 0.339 -0.519 2.296
91 13 -0.013 -0.525 2.442
91 14 0.358 -0.623 2.216
91 15 0.339 -0.837 2.225
91 16 0.417 -0.809 2.173
91 17 0.108 -0.522 2.556
91 18 0.320 -0.505 2.230
91 19 0.468 -0.734 2.159
91 20 0.488 -0.794 2.142
92 1 0.018 -0.471 2.524
92 2 0.015 -0.423 2.523
92 3 0.006 -0.189 2.523
92 4 0.024 -0.020 2.477
92 5 -0.101 -0.271 2.410
92 6 -0.192 -0.377 2.264
92 7 -0.196 -0.550 2.155
92 8 -0.165 -0.609 2.146
92 9 0.129 -0.300 2.553
92 10 0.245 -0.441 2.574
92 11 0.298 -0.511 2.350
92 12 0.375 -0.509 2.283
92 13 -0.031 -0.547 2.465
92 14 0.403 -0.608 2.237
92 15 0.375 -0.821 2.235
92 16 0.453 -0.803 2.200
92 17 0.084 -0.535 2.585
92 18 0.316 -0.503 2.235
92 19 0.468 -0.730 2.156
92 20 0.477 -0.810 2.161
93 1 0.010 -0.482 2.541
93 2 0.005 -0.434 2.536
93 3 -0.016 -0.201 2.532
93 4 -0.016 -0.035 2.495
93 5 -0.123 -0.285 2.417
93 6 -0.215 -0.398 2.281
93 7 -0.207 -0.549 2.153
93 8 -0.175 -0.607 2.144
93 9 0.104 -0.316 2.550
93 10 0.251 -0.433 2.443
93 11 0.340 -0.531 2.296
93 12 0.387 -0.509 2.271
93 13 -0.035 -0.565 2.488
93 14 0.400 -0.610 2.246
93 15 0.393 -0.812 2.241
93 16 0.452 -0.810 2.211
93 17 0.078 -0.541 2.602
93 18 0.331 -0.500 2.279
93 19 0.468 -0.727 2.155
93 20 0.473 -0.815 2.169
94 1 0.012 -0.496 2.571
94 2 0.002 -0.448 2.561
94 3 -0.042 -0.220 2.543
94 4 -0.033 -0.041 2.504
94 5 -0.141 -0.300 2.423
94 6 -0.233 -0.415 2.294
94 7 -0.230 -0.550 2.153
94 8 -0.203 -0.596 2.174
94 9 0.087 -0.327 2.550
94 10 0.241 -0.459 2.602
94 11 0.273 -0.472 2.422
94 12 0.325 -0.444 2.377
94 13 -0.032 -0.585 2.525
94 14 0.386 -0.611 2.261
94 15 0.478 -0.827 2.209
94 16 0.555 -0.806 2.187
94 17 0.083 -0.542 2.631
94 18 0.336 -0.485 2.344
94 19 0.455 -0.702 2.175
94 20 0.470 -0.803 2.181
95 1 0.013 -0.522 2.548
95 2 -0.003 -0.475 2.548
95 3 -0.071 -0.241 2.553
95 4 -0.072 -0.060 2.503
95 5 -0.156 -0.316 2.429
95 6 -0.245 -0.430 2.302
95 7 -0.266 -0.555 2.154
95 8 -0.237 -0.598 2.162
95 9 0.066 -0.342 2.554
95 10 0.219 -0.494 2.605
95 11 0.231 -0.477 2.444
95 12 0.268 -0.436 2.419
95 13 -0.019 -0.601 2.491
95 14 0.406 -0.610 2.249
95 15 0.510 -0.832 2.196
95 16 0.580 -0.844 2.171
95 17 0.087 -0.566 2.598
95 18 0.339 -0.531 2.289
95 19 0.458 -0.705 2.168
95 20 0.473 -0.805 2.182
96 1 0.020 -0.522 2.580
96 2 -0.002 -0.481 2.577
96 3 -0.091 -0.265 2.563
96 4 -0.103 -0.091 2.510
96 5 -0.172 -0.340 2.439
96 6 -0.258 -0.449 2.309
96 7 -0.277 -0.558 2.153
96 8 -0.255 -0.602 2.150
96 9 0.031 -0.365 2.555
96 10 0.195 -0.518 2.645
96 11 0.199 -0.478 2.470
96 12 0.241 -0.434 2.439
96 13 0.004 -0.612 2.520
96 14 0.402 -0.613 2.249
96 15 0.527 -0.834 2.190
96 16 0.584 -0.856 2.162
96 17 0.094 -0.553 2.644
96 18 0.361 -0.525 2.354
96 19 0.458 -0.699 2.169
96 20 0.481 -0.794 2.181
97 1 -0.011 -0.512 2.595
97 2 -0.031 -0.478 2.592
97 3 -0.115 -0.291 2.572
97 4 -0.149 -0.135 2.514
97 5 -0.209 -0.373 2.438
97 6 -0.288 -0.484 2.304
97 7 -0.273 -0.570 2.142
97 8 -0.262 -0.612 2.134
97 9 0.013 -0.377 2.557
97 10 0.184 -0.528 2.663
97 11 0.186 -0.480 2.484
97 12 0.228 -0.436 2.450
97 13 -0.028 -0.610 2.517
97 14 0.337 -0.614 2.231
97 15 0.542 -0.826 2.182
97 16 0.585 -0.848 2.122
97 17 0.077 -0.548 2.679
97 18 0.365 -0.522 2.373
97 19 0.476 -0.675 2.166
97 20 0.511 -0.764 2.165
98 1 0.029 -0.563 2.423
98 2 0.002 -0.529 2.447
98 3 -0.127 -0.347 2.555
98 4 -0.186 -0.172 2.514
98 5 -0.236 -0.394 2.437
98 6 -0.306 -0.508 2.300
98 7 -0.273 -0.583 2.139
98 8 -0.261 -0.620 2.115
98 9 -0.008 -0.388 2.561
98 10 0.192 -0.520 2.541
98 11 0.173 -0.474 2.393
98 12 0.219 -0.435 2.343
98 13 0.002 -0.620 2.353
98 14 0.295 -0.667 2.159
98 15 0.530 -0.868 2.131
98 16 0.557 -0.920 2.071
98 17 0.133 -0.617 2.419
98 18 0.438 -0.682 2.135
98 19 0.510 -0.685 2.136
98 20 0.544 -0.755 2.104
99 1 0.035 -0.532 2.401
99 2 0.001 -0.506 2.430
99 3 -0.160 -0.355 2.572
99 4 -0.205 -0.186 2.512
99 5 -0.282 -0.388 2.462
99 6 -0.314 -0.518 2.302
99 7 -0.274 -0.593 2.141
99 8 -0.265 -0.622 2.108
99 9 -0.026 -0.396 2.570
99 10 0.171 -0.531 2.513
99 11 0.147 -0.473 2.325
99 12 0.192 -0.436 2.275
99 13 0.022 -0.574 2.306
99 14 0.309 -0.597 2.128
99 15 0.543 -0.783 2.113
99 16 0.550 -0.827 2.088
99 17 0.154 -0.590 2.403
99 18 0.466 -0.707 2.081
99 19 0.566 -0.734 2.141
99 20 0.615 -0.777 2.078
100 1 0.028 -0.513 2.379
100 2 -0.006 -0.494 2.408
100 3 -0.193 -0.358 2.578
100 4 -0.248 -0.200 2.505
100 5 -0.317 -0.386 2.472
100 6 -0.318 -0.525 2.307
100 7 -0.275 -0.603 2.146
100 8 -0.266 -0.625 2.104
100 9 -0.038 -0.403 2.578
100 10 0.165 -0.528 2.480
100 11 0.139 -0.472 2.300
100 12 0.185 -0.437 2.247
100 13 0.018 -0.537 2.276
100 14 0.298 -0.559 2.110
100 15 0.518 -0.729 2.100
100 16 0.565 -0.775 2.084
100 17 0.161 -0.575 2.372
100 18 0.480 -0.726 2.047
100 19 0.485 -0.674 2.266
100 20 0.545 -0.699 2.198
101 1 -0.097 -0.439 2.525
101 2 -0.116 -0.430 2.529
101 3 -0.228 -0.364 2.580
101 4 -0.296 -0.219 2.509
101 5 -0.349 -0.389 2.478
101 6 -0.325 -0.533 2.313
101 7 -0.272 -0.604 2.150
101 8 -0.248 -0.617 2.104
101 9 -0.045 -0.421 2.589
101 10 0.170 -0.514 2.458
101 11 0.157 -0.469 2.277
101 12 0.204 -0.435 2.223
101 13 -0.097 -0.482 2.378
101 14 0.268 -0.532 2.115
101 15 0.501 -0.707 2.095
101 16 0.564 -0.710 2.097
101 17 0.077 -0.508 2.627
101 18 0.333 -0.548 2.316
101 19 0.343 -0.531 2.517
101 20 0.375 -0.539 2.473
102 1 -0.092 -0.433 2.538
102 2 -0.126 -0.423 2.542
102 3 -0.247 -0.368 2.581
102 4 -0.320 -0.227 2.509
102 5 -0.370 -0.392 2.481
102 6 -0.333 -0.540 2.318
102 7 -0.269 -0.604 2.155
102 8 -0.235 -0.610 2.108
102 9 -0.040 -0.442 2.613
102 10 0.196 -0.491 2.507
102 11 0.212 -0.475 2.311
102 12 0.259 -0.442 2.257
102 13 -0.058 -0.493 2.414
102 14 0.306 -0.553 2.184
102 15 0.583 -0.747 2.139
102 16 0.626 -0.687 2.123
102 17 0.100 -0.487 2.643
102 18 0.317 -0.535 2.336
102 19 0.372 -0.358 2.533
102 20 0.430 -0.391 2.448
103 1 -0.039 -0.436 2.627
103 2 -0.084 -0.426 2.619
103 3 -0.264 -0.373 2.584
103 4 -0.340 -0.236 2.510
103 5 -0.389 -0.397 2.484
103 6 -0.231 -0.505 2.429
103 7 -0.208 -0.603 2.248
103 8 -0.248 -0.589 2.158
103 9 -0.103 -0.444 2.610
103 10 0.076 -0.496 2.519
103 11 0.135 -0.493 2.310
103 12 0.182 -0.461 2.258
103 13 -0.018 -0.468 2.523
103 14 0.369 -0.545 2.299
103 15 0.666 -0.744 2.233
103 16 0.696 -0.645 2.203
103 17 0.122 -0.460 2.745
103 18 0.276 -0.487 2.411
103 19 0.375 -0.280 2.540
103 20 0.436 -0.351 2.447
104 1 0.075 -0.482 2.439
104 2 0.024 -0.471 2.453
104 3 -0.232 -0.402 2.527
104 4 -0.349 -0.244 2.506
104 5 -0.371 -0.429 2.434
104 6 -0.166 -0.521 2.409
104 7 -0.204 -0.596 2.260
104 8 -0.259 -0.581 2.176
104 9 -0.152 -0.441 2.608
104 10 0.013 -0.493 2.512
104 11 0.048 -0.501 2.303
104 12 0.095 -0.468 2.252
104 13 0.093 -0.510 2.386
104 14 0.451 -0.598 2.159
104 15 0.867 -0.848 1.961
104 16 0.893 -0.757 1.915
104 17 0.181 -0.486 2.456
104 18 0.363 -0.478 2.225
104 19 0.462 -0.269 2.336
104 20 0.481 -0.365 2.296
105 1 0.122 -0.468 2.490
105 2 0.073 -0.465 2.492
105 3 -0.148 -0.432 2.508
105 4 -0.313 -0.266 2.499
105 5 -0.295 -0.465 2.405
105 6 -0.055 -0.540 2.407
105 7 -0.184 -0.584 2.271
105 8 -0.255 -0.575 2.198
105 9 -0.201 -0.437 2.612
105 10 -0.044 -0.493 2.513
105 11 -0.005 -0.504 2.303
105 12 0.042 -0.472 2.252
105 13 0.157 -0.486 2.479
105 14 0.550 -0.609 2.252
105 15 0.930 -0.849 2.131
105 16 0.885 -0.750 2.128
105 17 0.178 -0.457 2.495
105 18 0.427 -0.441 2.181
105 19 0.683 -0.242 2.127
105 20 0.684 -0.325 2.124
106 1 0.057 -0.421 2.536
106 2 0.032 -0.424 2.530
106 3 -0.114 -0.425 2.510
106 4 -0.330 -0.299 2.548
106 5 -0.263 -0.466 2.404
106 6 -0.017 -0.537 2.413
106 7 -0.174 -0.576 2.276
106 8 -0.252 -0.572 2.208
106 9 -0.218 -0.436 2.616
106 10 -0.069 -0.493 2.516
106 11 -0.029 -0.506 2.305
106 12 0.017 -0.474 2.254
106 13 0.159 -0.437 2.501
106 14 0.599 -0.551 2.362
106 15 0.919 -0.748 2.316
106 16 0.868 -0.679 2.267
106 17 0.187 -0.424 2.577
106 18 0.446 -0.417 2.185
106 19 0.762 -0.190 2.044
106 20 0.751 -0.282 2.055
107 1 0.135 -0.510 2.488
107 2 0.091 -0.496 2.496
107 3 -0.141 -0.441 2.535
107 4 -0.360 -0.321 2.587
107 5 -0.263 -0.477 2.412
107 6 -0.035 -0.550 2.423
107 7 -0.197 -0.574 2.224
107 8 -0.258 -0.571 2.217
107 9 -0.229 -0.434 2.628
107 10 -0.086 -0.495 2.524
107 11 -0.047 -0.507 2.314
107 12 -0.000 -0.474 2.264
107 13 0.192 -0.537 2.419
107 14 0.631 -0.569 2.357
107 15 0.858 -0.782 2.303
107 16 0.830 -0.692 2.292
107 17 0.237 -0.548 2.518
107 18 0.489 -0.555 2.134
107 19 0.722 -0.412 2.053
107 20 0.727 -0.489 2.046
108 1 0.024 -0.488 2.659
108 2 -0.028 -0.477 2.648
108 3 -0.282 -0.402 2.602
108 4 -0.187 -0.355 2.610
108 5 -0.381 -0.449 2.478
108 6 -0.176 -0.522 2.473
108 7 -0.295 -0.542 2.240
108 8 -0.255 -0.571 2.214
108 9 -0.317 -0.400 2.689
108 10 -0.177 -0.467 2.588
108 11 -0.142 -0.473 2.380
108 12 -0.096 -0.440 2.329
108 13 0.056 -0.513 2.630
108 14 0.486 -0.564 2.421
108 15 0.837 -0.773 2.339
108 16 0.794 -0.685 2.328
108 17 0.074 -0.484 2.709
108 18 0.349 -0.523 2.402
108 19 0.464 -0.330 2.492
108 20 0.501 -0.374 2.470
109 1 0.099 -0.462 2.620
109 2 0.041 -0.458 2.618
109 3 -0.247 -0.413 2.601
109 4 -0.285 -0.285 2.636
109 5 -0.379 -0.450 2.487
109 6 -0.159 -0.525 2.479
109 7 -0.308 -0.535 2.238
109 8 -0.249 -0.574 2.212
109 9 -0.252 -0.409 2.705
109 10 -0.143 -0.473 2.612
109 11 -0.061 -0.505 2.433
109 12 -0.014 -0.472 2.383
109 13 0.146 -0.487 2.642
109 14 0.547 -0.489 2.460
109 15 0.844 -0.677 2.387
109 16 0.808 -0.589 2.384
109 17 0.160 -0.446 2.580
109 18 0.432 -0.550 2.288
109 19 0.578 -0.367 2.326
109 20 0.589 -0.440 2.320
110 1 0.089 -0.469 2.602
110 2 0.035 -0.463 2.606
110 3 -0.251 -0.410 2.610
110 4 -0.283 -0.280 2.661
110 5 -0.385 -0.448 2.496
110 6 -0.168 -0.524 2.486
110 7 -0.310 -0.532 2.236
110 8 -0.243 -0.576 2.209
110 9 -0.237 -0.417 2.674
110 10 -0.114 -0.483 2.594
110 11 -0.010 -0.526 2.438
110 12 0.036 -0.492 2.387
110 13 0.156 -0.503 2.682
110 14 0.544 -0.501 2.458
110 15 0.958 -0.732 2.276
110 16 0.883 -0.732 2.265
110 17 0.170 -0.459 2.491
110 18 0.423 -0.546 2.266
110 19 0.471 -0.348 2.401
110 20 0.468 -0.417 2.394
111 1 0.033 -0.430 2.654
111 2 -0.022 -0.428 2.650
111 3 -0.307 -0.400 2.623
111 4 -0.301 -0.234 2.680
111 5 -0.432 -0.438 2.513
111 6 -0.237 -0.516 2.493
111 7 -0.343 -0.529 2.241
111 8 -0.338 -0.556 2.190
111 9 -0.233 -0.412 2.695
111 10 -0.100 -0.484 2.599
111 11 0.010 -0.533 2.450
111 12 0.056 -0.499 2.400
111 13 0.089 -0.449 2.776
111 14 0.485 -0.461 2.539
111 15 0.854 -0.660 2.414
111 16 0.789 -0.695 2.377
111 17 0.143 -0.417 2.542
111 18 0.381 -0.519 2.272
111 19 0.435 -0.334 2.422
111 20 0.443 -0.394 2.392
112 1 0.003 -0.407 2.707
112 2 -0.051 -0.408 2.701
112 3 -0.322 -0.394 2.668
112 4 -0.315 -0.217 2.675
112 5 -0.447 -0.432 2.550
112 6 -0.257 -0.513 2.520
112 7 -0.355 -0.528 2.277
112 8 -0.276 -0.570 2.186
112 9 -0.205 -0.412 2.732
112 10 -0.062 -0.485 2.641
112 11 0.065 -0.530 2.506
112 12 0.112 -0.497 2.455
112 13 0.075 -0.421 2.854
112 14 0.464 -0.444 2.620
112 15 0.817 -0.643 2.510
112 16 0.740 -0.703 2.459
112 17 0.140 -0.402 2.574
112 18 0.363 -0.505 2.276
112 19 0.419 -0.321 2.427
112 20 0.439 -0.383 2.391
113 1 0.098 -0.415 2.618
113 2 0.044 -0.416 2.622
113 3 -0.229 -0.401 2.645
113 4 -0.328 -0.247 2.682
113 5 -0.387 -0.434 2.551
113 6 -0.199 -0.517 2.517
113 7 -0.244 -0.515 2.305
113 8 -0.264 -0.572 2.182
113 9 -0.192 -0.379 2.787
113 10 -0.045 -0.453 2.692
113 11 0.092 -0.529 2.532
113 12 0.132 -0.497 2.475
113 13 0.137 -0.436 2.593
113 14 0.522 -0.471 2.426
113 15 0.959 -0.684 2.279
113 16 0.889 -0.734 2.221
113 17 0.174 -0.394 2.602
113 18 0.354 -0.496 2.279
113 19 0.417 -0.309 2.424
113 20 0.440 -0.376 2.390
114 1 0.106 -0.359 2.629
114 2 0.054 -0.368 2.632
114 3 -0.211 -0.398 2.651
114 4 -0.335 -0.265 2.688
114 5 -0.355 -0.434 2.549
114 6 -0.165 -0.518 2.514
114 7 -0.115 -0.506 2.327
114 8 -0.170 -0.549 2.236
114 9 -0.187 -0.366 2.808
114 10 -0.038 -0.439 2.713
114 11 0.100 -0.531 2.541
114 12 0.169 -0.528 2.416
114 13 0.118 -0.382 2.645
114 14 0.511 -0.420 2.422
114 15 0.980 -0.626 2.262
114 16 0.910 -0.689 2.193
114 17 0.192 -0.329 2.608
114 18 0.349 -0.491 2.281
114 19 0.428 -0.300 2.414
114 20 0.443 -0.371 2.392
115 1 0.032 -0.359 2.631
115 2 0.004 -0.364 2.631
115 3 -0.180 -0.392 2.648
115 4 -0.339 -0.279 2.695
115 5 -0.332 -0.429 2.549
115 6 -0.141 -0.513 2.514
115 7 -0.039 -0.503 2.337
115 8 -0.113 -0.535 2.272
115 9 -0.183 -0.353 2.823
115 10 -0.033 -0.426 2.729
115 11 0.099 -0.529 2.545
115 12 0.164 -0.519 2.437
115 13 0.112 -0.359 2.526
115 14 0.523 -0.396 2.347
115 15 1.012 -0.608 2.218
115 16 0.947 -0.664 2.145
115 17 0.189 -0.344 2.718
115 18 0.348 -0.480 2.308
115 19 0.453 -0.295 2.403
115 20 0.473 -0.372 2.383
116 1 0.161 -0.446 2.665
116 2 0.113 -0.435 2.679
116 3 -0.114 -0.384 2.754
116 4 -0.279 -0.272 2.769
116 5 -0.230 -0.417 2.647
116 6 -0.046 -0.502 2.601
116 7 -0.080 -0.528 2.414
116 8 -0.203 -0.568 2.209
116 9 -0.137 -0.334 2.929
116 10 0.014 -0.405 2.833
116 11 0.084 -0.503 2.610
116 12 0.160 -0.509 2.448
116 13 0.191 -0.484 2.632
116 14 0.575 -0.507 2.388
116 15 1.050 -0.726 2.236
116 16 0.986 -0.768 2.170
116 17 0.223 -0.425 2.688
116 18 0.354 -0.478 2.312
116 19 0.472 -0.293 2.397
116 20 0.494 -0.374 2.380
117 1 0.173 -0.408 2.687
117 2 0.126 -0.403 2.709
117 3 -0.113 -0.363 2.825
117 4 -0.268 -0.262 2.799
117 5 -0.183 -0.413 2.687
117 6 -0.156 -0.488 2.508
117 7 -0.115 -0.551 2.338
117 8 -0.201 -0.571 2.207
117 9 -0.136 -0.309 3.015
117 10 0.014 -0.379 2.920
117 11 0.057 -0.353 2.690
117 12 0.117 -0.340 2.596
117 13 0.195 -0.431 2.659
117 14 0.587 -0.466 2.405
117 15 1.048 -0.662 2.250
117 16 0.981 -0.696 2.191
117 17 0.216 -0.384 2.710
117 18 0.354 -0.483 2.338
117 19 0.476 -0.298 2.417
117 20 0.489 -0.386 2.422
118 1 0.360 -0.589 2.499
118 2 0.303 -0.566 2.536
118 3 0.023 -0.433 2.728
118 4 -0.186 -0.305 2.798
118 5 -0.031 -0.478 2.602
118 6 -0.081 -0.528 2.416
118 7 -0.174 -0.567 2.304
118 8 -0.229 -0.580 2.189
118 9 -0.005 -0.371 2.932
118 10 0.144 -0.441 2.837
118 11 0.138 -0.476 2.577
118 12 0.191 -0.452 2.465
118 13 0.363 -0.607 2.498
118 14 0.714 -0.460 2.357
118 15 1.042 -0.639 2.266
118 16 0.977 -0.670 2.208
118 17 0.394 -0.591 2.469
118 18 0.575 -0.760 2.132
118 19 0.734 -0.617 2.150
118 20 0.740 -0.700 2.144
119 1 0.408 -0.652 2.488
119 2 0.351 -0.623 2.527
119 3 0.064 -0.468 2.720
119 4 -0.138 -0.342 2.796
119 5 0.048 -0.529 2.562
119 6 -0.063 -0.544 2.334
119 7 -0.229 -0.577 2.270
119 8 -0.240 -0.584 2.182
119 9 0.050 -0.409 2.916
119 10 0.199 -0.479 2.821
119 11 0.159 -0.490 2.555
119 12 0.209 -0.457 2.451
119 13 0.410 -0.673 2.480
119 14 0.804 -0.534 2.313
119 15 1.022 -0.705 2.279
119 16 0.957 -0.735 2.223
119 17 0.417 -0.654 2.465
119 18 0.621 -0.826 2.100
119 19 0.790 -0.680 2.100
119 20 0.794 -0.764 2.097
120 1 0.370 -0.637 2.408
120 2 0.321 -0.616 2.448
120 3 0.076 -0.487 2.669
120 4 -0.122 -0.364 2.774
120 5 0.072 -0.557 2.508
120 6 0.120 -0.511 2.546
120 7 -0.132 -0.544 2.398
120 8 -0.092 -0.549 2.351
120 9 0.080 -0.441 2.855
120 10 0.226 -0.481 2.671
120 11 0.255 -0.504 2.429
120 12 0.337 -0.508 2.253
120 13 0.390 -0.666 2.410
120 14 0.843 -0.572 2.291
120 15 1.011 -0.741 2.284
120 16 0.946 -0.772 2.230
120 17 0.390 -0.635 2.368
120 18 0.598 -0.796 1.978
120 19 0.767 -0.647 1.945
120 20 0.770 -0.729 1.938
121 1 0.473 -0.631 2.450
121 2 0.469 -0.610 2.468
121 3 0.474 -0.457 2.563
121 4 0.415 -0.289 2.618
121 5 0.230 -0.513 2.586
121 6 0.104 -0.524 2.510
121 7 -0.155 -0.546 2.397
121 8 -0.214 -0.575 2.219
121 9 0.426 -0.421 2.744
121 10 0.585 -0.519 2.542
121 11 0.755 -0.546 2.454
121 12 0.776 -0.518 2.420
121 13 0.409 -0.725 2.467
121 14 0.855 -0.594 2.284
121 15 1.006 -0.758 2.287
121 16 0.941 -0.790 2.233
121 17 0.500 -0.668 2.354
121 18 0.715 -0.861 1.956
121 19 0.842 -0.665 2.041
121 20 0.830 -0.749 2.000
122 1 0.442 -0.557 2.447
122 2 0.456 -0.546 2.465
122 3 0.541 -0.459 2.539
122 4 0.487 -0.292 2.601
122 5 0.276 -0.485 2.615
122 6 0.134 -0.518 2.527
122 7 -0.103 -0.543 2.377
122 8 -0.163 -0.564 2.274
122 9 0.554 -0.422 2.699
122 10 0.652 -0.525 2.508
122 11 0.822 -0.554 2.441
122 12 0.895 -0.530 2.417
122 13 0.334 -0.620 2.460
122 14 0.783 -0.532 2.475
122 15 0.962 -0.717 2.456
122 16 0.897 -0.752 2.398
122 17 0.477 -0.571 2.353
122 18 0.682 -0.708 1.941
122 19 0.831 -0.543 1.953
122 20 0.814 -0.626 1.908
123 1 0.490 -0.603 2.426
123 2 0.502 -0.585 2.453
123 3 0.542 -0.451 2.544
123 4 0.487 -0.278 2.596
123 5 0.284 -0.473 2.627
123 6 0.116 -0.521 2.566
123 7 -0.084 -0.544 2.382
123 8 -0.149 -0.562 2.294
123 9 0.627 -0.429 2.564
123 10 0.724 -0.586 2.474
123 11 0.843 -0.509 2.455
123 12 0.930 -0.488 2.459
123 13 0.376 -0.722 2.430
123 14 0.927 -0.802 2.090
123 15 1.104 -0.989 2.074
123 16 1.017 -0.958 2.086
123 17 0.531 -0.653 2.295
123 18 0.652 -0.778 1.954
123 19 0.760 -0.596 2.038
123 20 0.702 -0.676 2.040
124 1 0.526 -0.459 2.532
124 2 0.533 -0.461 2.523
124 3 0.544 -0.446 2.544
124 4 0.485 -0.275 2.595
124 5 0.338 -0.433 2.623
124 6 0.142 -0.516 2.595
124 7 -0.058 -0.543 2.393
124 8 -0.114 -0.556 2.332
124 9 0.658 -0.523 2.529
124 10 0.551 -0.592 2.418
124 11 0.750 -0.541 2.464
124 12 0.799 -0.514 2.476
124 13 0.352 -0.489 2.703
124 14 0.490 -0.529 2.280
124 15 0.718 -0.746 2.211
124 16 0.706 -0.755 2.283
124 17 0.490 -0.530 2.405
124 18 0.792 -0.611 2.169
124 19 0.614 -0.708 2.124
124 20 0.649 -0.763 2.073
125 1 0.505 -0.462 2.645
125 2 0.515 -0.451 2.627
125 3 0.541 -0.435 2.544
125 4 0.482 -0.264 2.595
125 5 0.338 -0.421 2.620
125 6 0.149 -0.516 2.604
125 7 -0.072 -0.514 2.463
125 8 -0.106 -0.532 2.403
125 9 0.664 -0.536 2.524
125 10 0.544 -0.606 2.403
125 11 0.755 -0.540 2.466
125 12 0.804 -0.514 2.485
125 13 0.380 -0.489 2.760
125 14 0.492 -0.542 2.338
125 15 0.672 -0.724 2.321
125 16 0.674 -0.742 2.281
125 17 0.537 -0.540 2.678
125 18 0.794 -0.566 2.282
125 19 0.608 -0.697 2.153
125 20 0.629 -0.759 2.112
126 1 0.471 -0.424 2.621
126 2 0.485 -0.411 2.609
126 3 0.543 -0.427 2.541
126 4 0.475 -0.261 2.594
126 5 0.399 -0.512 2.317
126 6 0.213 -0.523 2.471
126 7 -0.032 -0.503 2.471
126 8 -0.055 -0.523 2.411
126 9 0.701 -0.551 2.496
126 10 0.504 -0.610 2.397
126 11 0.702 -0.533 2.506
126 12 0.775 -0.522 2.502
126 13 0.351 -0.451 2.676
126 14 0.442 -0.497 2.256
126 15 0.633 -0.686 2.221
126 16 0.717 -0.703 2.134
126 17 0.481 -0.451 2.633
126 18 0.781 -0.476 2.318
126 19 0.539 -0.640 2.198
126 20 0.615 -0.663 2.157
127 1 0.323 -0.417 2.651
127 2 0.357 -0.401 2.632
127 3 0.526 -0.411 2.541
127 4 0.467 -0.247 2.595
127 5 0.422 -0.507 2.273
127 6 0.234 -0.522 2.446
127 7 -0.021 -0.498 2.477
127 8 -0.035 -0.520 2.410
127 9 0.695 -0.556 2.493
127 10 0.474 -0.603 2.404
127 11 0.670 -0.527 2.519
127 12 0.744 -0.524 2.511
127 13 0.223 -0.418 2.681
127 14 0.391 -0.467 2.264
127 15 0.613 -0.655 2.208
127 16 0.729 -0.656 2.152
127 17 0.304 -0.438 2.682
127 18 0.436 -0.479 2.358
127 19 0.526 -0.556 2.240
127 20 0.553 -0.632 2.231
128 1 0.423 -0.393 2.596
128 2 0.427 -0.380 2.588
128 3 0.490 -0.396 2.540
128 4 0.430 -0.236 2.609
128 5 0.419 -0.518 2.211
128 6 0.243 -0.521 2.421
128 7 -0.018 -0.495 2.474
128 8 -0.035 -0.518 2.402
128 9 0.664 -0.545 2.503
128 10 0.453 -0.591 2.410
128 11 0.633 -0.518 2.525
128 12 0.712 -0.523 2.508
128 13 0.349 -0.408 2.647
128 14 0.430 -0.459 2.222
128 15 0.614 -0.643 2.193
128 16 0.745 -0.616 2.171
128 17 0.425 -0.399 2.630
128 18 0.675 -0.459 2.300
128 19 0.854 -0.512 2.175
128 20 0.832 -0.557 2.163
129 1 0.350 -0.458 2.533
129 2 0.364 -0.422 2.542
129 3 0.469 -0.328 2.550
129 4 0.337 -0.250 2.625
129 5 0.392 -0.447 2.222
129 6 0.226 -0.492 2.406
129 7 -0.019 -0.490 2.471
129 8 -0.042 -0.510 2.393
129 9 0.576 -0.423 2.535
129 10 0.401 -0.495 2.433
129 11 0.564 -0.431 2.530
129 12 0.645 -0.443 2.505
129 13 0.279 -0.485 2.533
129 14 0.418 -0.455 2.219
129 15 0.602 -0.640 2.198
129 16 0.728 -0.592 2.167
129 17 0.373 -0.505 2.511
129 18 0.587 -0.522 2.148
129 19 0.806 -0.554 2.041
129 20 0.819 -0.536 2.127
130 1 0.256 -0.443 2.613
130 2 0.288 -0.407 2.597
130 3 0.461 -0.286 2.556
130 4 0.281 -0.265 2.628
130 5 0.384 -0.420 2.213
130 6 0.219 -0.480 2.398
130 7 -0.023 -0.487 2.466
130 8 -0.067 -0.505 2.385
130 9 0.547 -0.387 2.543
130 10 0.379 -0.443 2.446
130 11 0.536 -0.388 2.532
130 12 0.616 -0.402 2.503
130 13 0.193 -0.457 2.634
130 14 0.416 -0.464 2.250
130 15 0.612 -0.648 2.209
130 16 0.730 -0.587 2.183
130 17 0.250 -0.472 2.626
130 18 0.423 -0.528 2.235
130 19 0.632 -0.564 2.146
130 20 0.688 -0.547 2.184
131 1 0.363 -0.369 2.640
131 2 0.363 -0.350 2.627
131 3 0.445 -0.269 2.560
131 4 0.419 -0.148 2.646
131 5 0.351 -0.396 2.239
131 6 0.187 -0.474 2.410
131 7 -0.055 -0.484 2.454
131 8 -0.090 -0.503 2.384
131 9 0.533 -0.358 2.550
131 10 0.370 -0.419 2.451
131 11 0.525 -0.365 2.532
131 12 0.605 -0.380 2.502
131 13 0.291 -0.407 2.688
131 14 0.427 -0.471 2.267
131 15 0.624 -0.657 2.224
131 16 0.731 -0.590 2.202
131 17 0.396 -0.391 2.664
131 18 0.626 -0.429 2.286
131 19 0.830 -0.466 2.161
131 20 0.850 -0.488 2.233
132 1 0.397 -0.406 2.565
132 2 0.398 -0.381 2.569
132 3 0.445 -0.263 2.561
132 4 0.306 -0.251 2.626
132 5 0.345 -0.385 2.249
132 6 0.182 -0.470 2.410
132 7 -0.061 -0.484 2.447
132 8 -0.095 -0.503 2.379
132 9 0.534 -0.350 2.550
132 10 0.366 -0.404 2.454
132 11 0.523 -0.350 2.530
132 12 0.600 -0.366 2.500
132 13 0.338 -0.453 2.588
132 14 0.446 -0.480 2.263
132 15 0.634 -0.664 2.236
132 16 0.725 -0.596 2.252
132 17 0.428 -0.444 2.534
132 18 0.664 -0.454 2.188
132 19 0.912 -0.466 2.085
132 20 0.960 -0.510 2.062
133 1 0.424 -0.539 2.469
133 2 0.417 -0.496 2.491
133 3 0.434 -0.264 2.562
133 4 0.273 -0.238 2.608
133 5 0.332 -0.382 2.263
133 6 0.168 -0.476 2.421
133 7 -0.069 -0.486 2.443
133 8 -0.105 -0.508 2.374
133 9 0.523 -0.337 2.551
133 10 0.362 -0.393 2.455
133 11 0.521 -0.341 2.527
133 12 0.597 -0.356 2.498
133 13 0.366 -0.611 2.474
133 14 0.530 -0.618 2.098
133 15 0.735 -0.809 2.039
133 16 0.766 -0.740 2.106
133 17 0.479 -0.570 2.422
133 18 0.693 -0.548 2.123
133 19 0.903 -0.585 2.015
133 20 0.923 -0.569 2.072
134 1 0.407 -0.459 2.621
134 2 0.407 -0.434 2.607
134 3 0.430 -0.276 2.561
134 4 0.269 -0.216 2.591
134 5 0.325 -0.384 2.273
134 6 0.161 -0.480 2.427
134 7 -0.075 -0.489 2.440
134 8 -0.111 -0.511 2.372
134 9 0.523 -0.336 2.548
134 10 0.363 -0.388 2.455
134 11 0.524 -0.337 2.523
134 12 0.597 -0.351 2.496
134 13 0.326 -0.513 2.669
134 14 0.468 -0.553 2.315
134 15 0.655 -0.734 2.299
134 16 0.716 -0.677 2.310
134 17 0.461 -0.484 2.630
134 18 0.701 -0.503 2.205
134 19 0.905 -0.526 2.099
134 20 0.888 -0.500 2.222
135 1 0.397 -0.526 2.620
135 2 0.398 -0.487 2.612
135 3 0.428 -0.285 2.561
135 4 0.309 -0.169 2.593
135 5 0.320 -0.387 2.281
135 6 0.159 -0.492 2.433
135 7 -0.078 -0.492 2.437
135 8 -0.115 -0.517 2.368
135 9 0.532 -0.363 2.528
135 10 0.370 -0.404 2.441
135 11 0.535 -0.352 2.507
135 12 0.606 -0.361 2.484
135 13 0.319 -0.575 2.659
135 14 0.468 -0.560 2.345
135 15 0.656 -0.745 2.328
135 16 0.706 -0.680 2.366
135 17 0.443 -0.589 2.615
135 18 0.676 -0.587 2.215
135 19 0.869 -0.612 2.110
135 20 0.890 -0.640 2.122
136 1 0.429 -0.413 2.667
136 2 0.425 -0.393 2.654
136 3 0.427 -0.291 2.562
136 4 0.518 -0.170 2.614
136 5 0.317 -0.390 2.288
136 6 0.156 -0.494 2.436
136 7 -0.082 -0.494 2.436
136 8 -0.118 -0.519 2.367
136 9 0.528 -0.427 2.501
136 10 0.509 -0.514 2.577
136 11 0.588 -0.399 2.499
136 12 0.659 -0.406 2.478
136 13 0.371 -0.454 2.763
136 14 0.475 -0.519 2.425
136 15 0.659 -0.704 2.414
136 16 0.720 -0.644 2.442
136 17 0.488 -0.469 2.679
136 18 0.706 -0.532 2.272
136 19 0.892 -0.560 2.166
136 20 0.902 -0.527 2.255
137 1 0.419 -0.405 2.729
137 2 0.418 -0.381 2.708
137 3 0.427 -0.296 2.564
137 4 0.600 -0.220 2.609
137 5 0.315 -0.394 2.294
137 6 0.154 -0.496 2.439
137 7 -0.084 -0.496 2.435
137 8 -0.124 -0.521 2.369
137 9 0.527 -0.466 2.492
137 10 0.565 -0.556 2.636
137 11 0.613 -0.419 2.499
137 12 0.685 -0.426 2.479
137 13 0.351 -0.426 2.804
137 14 0.471 -0.512 2.446
137 15 0.654 -0.697 2.438
137 16 0.718 -0.639 2.465
137 17 0.480 -0.464 2.762
137 18 0.710 -0.485 2.360
137 19 0.894 -0.514 2.253
137 20 0.894 -0.527 2.337
138 1 0.410 -0.405 2.692
138 2 0.412 -0.380 2.684
138 3 0.429 -0.300 2.569
138 4 0.655 -0.270 2.605
138 5 0.316 -0.398 2.301
138 6 0.154 -0.497 2.443
138 7 -0.085 -0.497 2.435
138 8 -0.122 -0.522 2.370
138 9 0.546 -0.446 2.541
138 10 0.618 -0.558 2.716
138 11 0.647 -0.412 2.539
138 12 0.720 -0.418 2.520
138 13 0.340 -0.447 2.718
138 14 0.490 -0.492 2.336
138 15 0.680 -0.677 2.303
138 16 0.736 -0.631 2.368
138 17 0.453 -0.455 2.707
138 18 0.721 -0.468 2.375
138 19 0.905 -0.498 2.267
138 20 0.907 -0.502 2.339
139 1 0.416 -0.397 2.683
139 2 0.415 -0.374 2.679
139 3 0.436 -0.304 2.581
139 4 0.703 -0.289 2.607
139 5 0.320 -0.402 2.311
139 6 0.157 -0.497 2.451
139 7 -0.085 -0.498 2.436
139 8 -0.116 -0.523 2.372
139 9 0.557 -0.444 2.564
139 10 0.640 -0.560 2.748
139 11 0.664 -0.407 2.562
139 12 0.737 -0.413 2.543
139 13 0.351 -0.441 2.711
139 14 0.512 -0.488 2.289
139 15 0.707 -0.674 2.251
139 16 0.766 -0.633 2.310
139 17 0.460 -0.450 2.674
139 18 0.745 -0.452 2.357
139 19 0.933 -0.481 2.247
139 20 0.930 -0.489 2.349
140 1 0.417 -0.394 2.674
140 2 0.415 -0.374 2.672
140 3 0.443 -0.306 2.601
140 4 0.704 -0.310 2.613
140 5 0.325 -0.406 2.326
140 6 0.156 -0.497 2.459
140 7 -0.086 -0.500 2.436
140 8 -0.117 -0.524 2.373
140 9 0.569 -0.435 2.597
140 10 0.651 -0.558 2.771
140 11 0.675 -0.404 2.586
140 12 0.748 -0.410 2.566
140 13 0.352 -0.443 2.693
140 14 0.517 -0.482 2.266
140 15 0.712 -0.670 2.232
140 16 0.772 -0.630 2.292
140 17 0.456 -0.439 2.676
140 18 0.754 -0.445 2.351
140 19 0.943 -0.474 2.241
140 20 0.960 -0.479 2.327
141 1 0.242 -0.414 2.678
141 2 0.287 -0.387 2.674
141 3 0.474 -0.309 2.632
141 4 0.719 -0.323 2.624
141 5 0.350 -0.412 2.354
141 6 0.161 -0.495 2.464
141 7 -0.085 -0.501 2.437
141 8 -0.112 -0.524 2.374
141 9 0.577 -0.432 2.616
141 10 0.653 -0.553 2.785
141 11 0.683 -0.402 2.606
141 12 0.756 -0.408 2.585
141 13 0.138 -0.439 2.683
141 14 -0.017 -0.507 2.329
141 15 0.168 -0.692 2.311
141 16 0.257 -0.668 2.340
141 17 0.260 -0.437 2.680
141 18 0.661 -0.444 2.401
141 19 0.852 -0.473 2.292
141 20 0.899 -0.481 2.359
142 1 0.456 -0.424 2.828
142 2 0.452 -0.397 2.797
142 3 0.488 -0.310 2.646
142 4 0.717 -0.331 2.635
142 5 0.364 -0.415 2.369
142 6 0.165 -0.494 2.468
142 7 -0.083 -0.502 2.439
142 8 -0.108 -0.524 2.376
142 9 0.580 -0.431 2.626
142 10 0.646 -0.544 2.789
142 11 0.686 -0.400 2.619
142 12 0.759 -0.407 2.598
142 13 0.403 -0.444 2.864
142 14 0.451 -0.457 2.421
142 15 0.641 -0.642 2.385
142 16 0.674 -0.700 2.362
142 17 0.509 -0.446 2.859
142 18 0.768 -0.496 2.513
142 19 0.961 -0.525 2.405
142 20 1.006 -0.565 2.398
143 1 0.421 -0.409 2.691
143 2 0.421 -0.415 2.688
143 3 0.413 -0.414 2.666
143 4 0.515 -0.299 2.680
143 5 0.317 -0.502 2.397
143 6 0.117 -0.510 2.501
143 7 -0.113 -0.507 2.443
143 8 -0.153 -0.528 2.378
143 9 0.506 -0.511 2.645
143 10 0.636 -0.522 2.657
143 11 0.742 -0.440 2.663
143 12 0.799 -0.433 2.677
143 13 0.375 -0.374 2.680
143 14 0.467 -0.488 2.299
143 15 0.651 -0.672 2.281
143 16 0.655 -0.663 2.334
143 17 0.514 -0.403 2.670
143 18 0.753 -0.509 2.387
143 19 0.947 -0.537 2.279
143 20 0.982 -0.543 2.319
144 1 0.206 -0.435 2.621
144 2 0.244 -0.434 2.630
144 3 0.394 -0.465 2.687
144 4 0.476 -0.312 2.694
144 5 0.282 -0.575 2.420
144 6 0.102 -0.518 2.516
144 7 -0.122 -0.509 2.445
144 8 -0.165 -0.530 2.380
144 9 0.456 -0.580 2.662
144 10 0.631 -0.528 2.598
144 11 0.771 -0.476 2.692
144 12 0.823 -0.468 2.732
144 13 0.099 -0.429 2.595
144 14 0.044 -0.522 2.170
144 15 0.230 -0.706 2.155
144 16 0.260 -0.683 2.200
144 17 0.239 -0.419 2.611
144 18 0.667 -0.503 2.400
144 19 0.861 -0.531 2.292
144 20 0.902 -0.529 2.335
145 1 0.479 -0.425 2.820
145 2 0.462 -0.431 2.786
145 3 0.375 -0.501 2.695
145 4 0.417 -0.300 2.701
145 5 0.274 -0.472 2.651
145 6 0.095 -0.521 2.522
145 7 -0.128 -0.511 2.447
145 8 -0.171 -0.531 2.381
145 9 0.438 -0.607 2.669
145 10 0.598 -0.497 2.545
145 11 0.768 -0.488 2.702
145 12 0.810 -0.481 2.754
145 13 0.456 -0.363 2.864
145 14 0.458 -0.443 2.399
145 15 0.645 -0.635 2.333
145 16 0.675 -0.586 2.430
145 17 0.570 -0.448 2.850
145 18 0.808 -0.524 2.489
145 19 1.001 -0.552 2.381
145 20 0.982 -0.522 2.419
146 1 0.446 -0.448 2.774
146 2 0.438 -0.446 2.753
146 3 0.373 -0.444 2.670
146 4 0.433 -0.261 2.692
146 5 0.243 -0.480 2.714
146 6 0.091 -0.523 2.526
146 7 -0.132 -0.512 2.448
146 8 -0.175 -0.532 2.382
146 9 0.428 -0.595 2.661
146 10 0.595 -0.480 2.523
146 11 0.714 -0.485 2.732
146 12 0.761 -0.471 2.740
146 13 0.403 -0.409 2.814
146 14 0.445 -0.472 2.359
146 15 0.646 -0.666 2.245
146 16 0.603 -0.622 2.323
146 17 0.550 -0.475 2.797
146 18 0.787 -0.542 2.488
146 19 0.980 -0.570 2.380
146 20 0.941 -0.611 2.391
147 1 0.508 -0.486 2.795
147 2 0.492 -0.476 2.775
147 3 0.376 -0.474 2.702
147 4 0.408 -0.270 2.692
147 5 0.239 -0.446 2.730
147 6 0.090 -0.524 2.526
147 7 -0.136 -0.513 2.450
147 8 -0.178 -0.531 2.384
147 9 0.430 -0.599 2.672
147 10 0.608 -0.479 2.551
147 11 0.703 -0.499 2.764
147 12 0.738 -0.503 2.817
147 13 0.490 -0.458 2.891
147 14 0.577 -0.547 2.442
147 15 0.790 -0.758 2.290
147 16 0.747 -0.813 2.340
147 17 0.641 -0.543 2.778
147 18 0.802 -0.555 2.484
147 19 0.995 -0.583 2.377
147 20 0.980 -0.585 2.417
148 1 0.135 -0.470 2.656
148 2 0.197 -0.463 2.659
148 3 0.442 -0.418 2.645
148 4 0.397 -0.231 2.692
148 5 0.238 -0.437 2.724
148 6 0.092 -0.525 2.523
148 7 -0.138 -0.513 2.453
148 8 -0.175 -0.531 2.387
148 9 0.488 -0.555 2.630
148 10 0.671 -0.524 2.555
148 11 0.776 -0.487 2.716
148 12 0.855 -0.476 2.710
148 13 0.071 -0.455 2.680
148 14 0.501 -0.515 2.459
148 15 0.702 -0.707 2.392
148 16 0.753 -0.701 2.416
148 17 0.063 -0.511 2.636
148 18 -0.016 -0.572 2.216
148 19 0.177 -0.601 2.108
148 20 0.250 -0.592 2.166
149 1 0.473 -0.508 2.622
149 2 0.470 -0.487 2.626
149 3 0.467 -0.394 2.620
149 4 0.411 -0.207 2.685
149 5 0.237 -0.429 2.712
149 6 0.094 -0.525 2.520
149 7 -0.140 -0.512 2.455
149 8 -0.175 -0.529 2.391
149 9 0.532 -0.515 2.593
149 10 0.703 -0.541 2.553
149 11 0.828 -0.469 2.672
149 12 0.898 -0.466 2.670
149 13 0.412 -0.565 2.699
149 14 0.591 -0.594 2.395
149 15 0.791 -0.781 2.362
149 16 0.782 -0.814 2.302
149 17 0.584 -0.608 2.550
149 18 0.749 -0.574 2.186
149 19 0.942 -0.603 2.078
149 20 0.922 -0.635 2.021
150 1 0.490 -0.421 2.706
150 2 0.474 -0.419 2.687
150 3 0.408 -0.398 2.659
150 4 0.432 -0.224 2.663
150 5 0.234 -0.424 2.706
150 6 0.097 -0.524 2.516
150 7 -0.140 -0.512 2.457
150 8 -0.173 -0.528 2.393
150 9 0.503 -0.508 2.615
150 10 0.672 -0.572 2.599
150 11 0.720 -0.426 2.570
150 12 0.785 -0.391 2.557
150 13 0.481 -0.390 2.820
150 14 0.515 -0.531 2.420
150 15 0.702 -0.714 2.409
150 16 0.625 -0.659 2.411
150 17 0.629 -0.451 2.645
150 18 0.845 -0.512 2.265
150 19 1.038 -0.541 2.157
150 20 1.029 -0.535 2.233
151 1 0.495 -0.431 2.635
151 2 0.477 -0.431 2.649
151 3 0.420 -0.397 2.700
151 4 0.455 -0.245 2.644
151 5 0.243 -0.424 2.710
151 6 0.103 -0.522 2.516
151 7 -0.139 -0.511 2.459
151 8 -0.165 -0.527 2.397
151 9 0.495 -0.514 2.669
151 10 0.590 -0.473 2.575
151 11 0.681 -0.315 2.485
151 12 0.753 -0.274 2.464
151 13 0.482 -0.416 2.664
151 14 0.492 -0.543 2.295
151 15 0.670 -0.725 2.283
151 16 0.627 -0.682 2.328
151 17 0.599 -0.487 2.494
151 18 0.876 -0.510 2.208
151 19 1.069 -0.539 2.100
151 20 1.055 -0.533 2.175
152 1 0.376 -0.380 2.627
152 2 0.377 -0.377 2.626
152 3 0.355 -0.379 2.649
152 4 0.439 -0.233 2.632
152 5 0.263 -0.433 2.668
152 6 0.122 -0.523 2.501
152 7 -0.134 -0.512 2.460
152 8 -0.139 -0.531 2.393
152 9 0.436 -0.497 2.634
152 10 0.497 -0.397 2.488
152 11 0.579 -0.218 2.358
152 12 0.649 -0.170 2.337
152 13 0.343 -0.369 2.819
152 14 0.511 -0.514 2.392
152 15 0.746 -0.733 2.281
152 16 0.699 -0.678 2.345
152 17 0.481 -0.381 2.534
152 18 0.600 -0.447 2.222
152 19 0.793 -0.476 2.114
152 20 0.805 -0.478 2.199
153 1 0.453 -0.476 2.639
153 2 0.436 -0.456 2.641
153 3 0.348 -0.384 2.646
153 4 0.423 -0.230 2.626
153 5 0.273 -0.439 2.644
153 6 0.129 -0.524 2.495
153 7 -0.130 -0.512 2.461
153 8 -0.134 -0.531 2.393
153 9 0.424 -0.497 2.627
153 10 0.507 -0.389 2.488
153 11 0.619 -0.239 2.391
153 12 0.688 -0.196 2.380
153 13 0.432 -0.472 2.784
153 14 0.574 -0.532 2.372
153 15 0.796 -0.738 2.285
153 16 0.718 -0.677 2.347
153 17 0.570 -0.562 2.514
153 18 0.660 -0.531 2.185
153 19 0.853 -0.560 2.078
153 20 0.828 -0.624 2.062
154 1 0.385 -0.435 2.599
154 2 0.376 -0.431 2.604
154 3 0.342 -0.390 2.634
154 4 0.414 -0.230 2.623
154 5 0.278 -0.441 2.635
154 6 0.133 -0.524 2.491
154 7 -0.127 -0.511 2.462
154 8 -0.131 -0.531 2.393
154 9 0.416 -0.500 2.619
154 10 0.508 -0.383 2.482
154 11 0.621 -0.237 2.383
154 12 0.661 -0.184 2.359
154 13 0.352 -0.396 2.840
154 14 0.569 -0.518 2.438
154 15 0.816 -0.743 2.285
154 16 0.732 -0.680 2.347
154 17 0.468 -0.430 2.504
154 18 0.569 -0.469 2.179
154 19 0.762 -0.498 2.071
154 20 0.783 -0.493 2.140
155 1 0.338 -0.334 2.625
155 2 0.338 -0.352 2.612
155 3 0.341 -0.397 2.619
155 4 0.409 -0.230 2.620
155 5 0.281 -0.442 2.629
155 6 0.135 -0.524 2.490
155 7 -0.122 -0.514 2.457
155 8 -0.125 -0.534 2.386
155 9 0.413 -0.505 2.608
155 10 0.555 -0.351 2.480
155 11 0.639 -0.198 2.372
155 12 0.664 -0.141 2.339
155 13 0.271 -0.266 2.771
155 14 0.502 -0.424 2.402
155 15 0.753 -0.654 2.250
155 16 0.683 -0.621 2.325
155 17 0.396 -0.284 2.560
155 18 0.493 -0.428 2.248
155 19 0.685 -0.456 2.140
155 20 0.662 -0.484 2.234
156 1 0.362 -0.433 2.713
156 2 0.361 -0.421 2.687
156 3 0.344 -0.402 2.606
156 4 0.407 -0.231 2.618
156 5 0.283 -0.444 2.624
156 6 0.136 -0.524 2.489
156 7 -0.119 -0.508 2.465
156 8 -0.139 -0.524 2.401
156 9 0.413 -0.511 2.596
156 10 0.565 -0.338 2.477
156 11 0.660 -0.191 2.381
156 12 0.680 -0.135 2.351
156 13 0.312 -0.409 2.834
156 14 0.474 -0.429 2.418
156 15 0.677 -0.644 2.345
156 16 0.629 -0.677 2.361
156 17 0.424 -0.488 2.708
156 18 0.552 -0.519 2.302
156 19 0.744 -0.548 2.194
156 20 0.699 -0.520 2.268
157 1 0.384 -0.402 2.588
157 2 0.375 -0.407 2.589
157 3 0.349 -0.409 2.596
157 4 0.444 -0.262 2.593
157 5 0.285 -0.445 2.621
157 6 0.135 -0.524 2.489
157 7 -0.118 -0.505 2.468
157 8 -0.142 -0.521 2.406
157 9 0.415 -0.518 2.585
157 10 0.578 -0.336 2.477
157 11 0.674 -0.191 2.389
157 12 0.695 -0.139 2.363
157 13 0.364 -0.327 2.638
157 14 0.503 -0.441 2.269
157 15 0.684 -0.630 2.254
157 16 0.666 -0.626 2.302
157 17 0.463 -0.437 2.452
157 18 0.618 -0.570 2.239
157 19 0.811 -0.598 2.131
157 20 0.770 -0.566 2.209
158 1 0.389 -0.405 2.574
158 2 0.382 -0.413 2.567
158 3 0.364 -0.423 2.586
158 4 0.470 -0.283 2.577
158 5 0.291 -0.447 2.617
158 6 0.135 -0.524 2.489
158 7 -0.117 -0.504 2.471
158 8 -0.146 -0.518 2.410
158 9 0.425 -0.530 2.573
158 10 0.596 -0.343 2.477
158 11 0.701 -0.450 2.367
158 12 0.713 -0.461 2.352
158 13 0.362 -0.320 2.611
158 14 0.516 -0.445 2.201
158 15 0.689 -0.626 2.207
158 16 0.694 -0.596 2.266
158 17 0.454 -0.441 2.451
158 18 0.660 -0.603 2.214
158 19 0.853 -0.631 2.106
158 20 0.800 -0.586 2.192
159 1 0.397 -0.419 2.559
159 2 0.389 -0.425 2.554
159 3 0.373 -0.432 2.579
159 4 0.483 -0.295 2.568
159 5 0.294 -0.449 2.614
159 6 0.102 -0.522 2.501
159 7 -0.128 -0.500 2.474
159 8 -0.168 -0.514 2.412
159 9 0.433 -0.540 2.564
159 10 0.592 -0.541 2.435
159 11 0.449 -0.554 2.422
159 12 0.431 -0.536 2.419
159 13 0.410 -0.387 2.613
159 14 0.523 -0.448 2.171
159 15 0.694 -0.626 2.184
159 16 0.721 -0.577 2.242
159 17 0.468 -0.449 2.414
159 18 0.681 -0.617 2.200
159 19 0.874 -0.645 2.093
159 20 0.826 -0.594 2.177
160 1 0.183 -0.492 2.527
160 2 0.221 -0.490 2.539
160 3 0.379 -0.440 2.575
160 4 0.490 -0.304 2.562
160 5 0.297 -0.452 2.611
160 6 0.092 -0.523 2.505
160 7 -0.138 -0.497 2.477
160 8 -0.181 -0.512 2.413
160 9 0.440 -0.550 2.557
160 10 0.593 -0.626 2.417
160 11 0.417 -0.627 2.426
160 12 0.352 -0.622 2.437
160 13 0.080 -0.472 2.560
160 14 0.069 -0.524 2.167
160 15 0.255 -0.704 2.162
160 16 0.164 -0.681 2.168
160 17 0.180 -0.536 2.453
160 18 0.610 -0.608 2.228
160 19 0.802 -0.636 2.120
160 20 0.778 -0.582 2.215
161 1 0.334 -0.523 2.654
161 2 0.343 -0.507 2.640
161 3 0.383 -0.444 2.572
161 4 0.495 -0.309 2.559
161 5 0.299 -0.454 2.608
161 6 0.085 -0.523 2.508
161 7 -0.145 -0.495 2.478
161 8 -0.188 -0.511 2.414
161 9 0.444 -0.556 2.553
161 10 0.592 -0.667 2.408
161 11 0.389 -0.603 2.427
161 12 0.314 -0.620 2.440
161 13 0.285 -0.515 2.760
161 14 0.367 -0.552 2.339
161 15 0.549 -0.734 2.330
161 16 0.462 -0.730 2.300
161 17 0.376 -0.597 2.625
161 18 0.613 -0.611 2.236
161 19 0.806 -0.639 2.128
161 20 0.790 -0.648 2.152
162 1 0.337 -0.517 2.642
162 2 0.347 -0.507 2.639
162 3 0.385 -0.447 2.570
162 4 0.498 -0.311 2.557
162 5 0.301 -0.455 2.606
162 6 0.081 -0.522 2.509
162 7 -0.149 -0.494 2.480
162 8 -0.192 -0.511 2.415
162 9 0.447 -0.560 2.549
162 10 0.592 -0.690 2.403
162 11 0.384 -0.599 2.423
162 12 0.302 -0.613 2.435
162 13 0.280 -0.529 2.784
162 14 0.360 -0.568 2.362
162 15 0.543 -0.750 2.355
162 16 0.456 -0.740 2.321
162 17 0.344 -0.606 2.593
162 18 0.619 -0.609 2.235
162 19 0.812 -0.637 2.127
162 20 0.797 -0.681 2.089
163 1 0.360 -0.529 2.669
163 2 0.375 -0.510 2.662
163 3 0.393 -0.454 2.570
163 4 0.497 -0.312 2.561
163 5 0.307 -0.460 2.604
163 6 0.080 -0.524 2.511
163 7 -0.151 -0.493 2.482
163 8 -0.192 -0.511 2.417
163 9 0.455 -0.567 2.548
163 10 0.595 -0.702 2.402
163 11 0.381 -0.597 2.421
163 12 0.290 -0.603 2.431
163 13 0.293 -0.532 2.817
163 14 0.400 -0.582 2.414
163 15 0.585 -0.764 2.402
163 16 0.475 -0.768 2.351
163 17 0.395 -0.611 2.646
163 18 0.623 -0.606 2.237
163 19 0.816 -0.634 2.129
163 20 0.798 -0.693 2.074
164 1 0.374 -0.530 2.681
164 2 0.387 -0.511 2.672
164 3 0.399 -0.458 2.572
164 4 0.495 -0.310 2.582
164 5 0.312 -0.464 2.604
164 6 0.082 -0.526 2.513
164 7 -0.152 -0.493 2.483
164 8 -0.189 -0.511 2.419
164 9 0.461 -0.572 2.547
164 10 0.599 -0.698 2.406
164 11 0.380 -0.594 2.418
164 12 0.291 -0.589 2.425
164 13 0.296 -0.526 2.820
164 14 0.429 -0.584 2.436
164 15 0.616 -0.767 2.421
164 16 0.510 -0.768 2.371
164 17 0.413 -0.614 2.665
164 18 0.627 -0.603 2.239
164 19 0.820 -0.631 2.131
164 20 0.799 -0.701 2.063
165 1 0.412 -0.509 2.637
165 2 0.416 -0.506 2.645
165 3 0.414 -0.471 2.589
165 4 0.498 -0.315 2.605
165 5 0.323 -0.474 2.610
165 6 0.088 -0.527 2.518
165 7 -0.149 -0.493 2.485
165 8 -0.182 -0.512 2.423
165 9 0.473 -0.582 2.556
165 10 0.608 -0.691 2.420
165 11 0.389 -0.581 2.415
165 12 0.304 -0.567 2.415
165 13 0.379 -0.442 2.750
165 14 0.508 -0.546 2.404
165 15 0.695 -0.730 2.388
165 16 0.593 -0.739 2.347
165 17 0.473 -0.535 2.593
165 18 0.653 -0.593 2.212
165 19 0.846 -0.622 2.104
165 20 0.851 -0.683 2.012
166 1 0.447 -0.492 2.602
166 2 0.438 -0.498 2.607
166 3 0.423 -0.478 2.600
166 4 0.507 -0.322 2.641
166 5 0.332 -0.483 2.617
166 6 0.095 -0.530 2.525
166 7 -0.145 -0.493 2.488
166 8 -0.174 -0.513 2.427
166 9 0.482 -0.590 2.565
166 10 0.615 -0.684 2.433
166 11 0.392 -0.572 2.416
166 12 0.348 -0.574 2.391
166 13 0.427 -0.443 2.624
166 14 0.585 -0.530 2.309
166 15 0.772 -0.715 2.292
166 16 0.672 -0.719 2.271
166 17 0.504 -0.513 2.493
166 18 0.669 -0.589 2.198
166 19 0.862 -0.617 2.090
166 20 0.898 -0.626 2.090
167 1 0.454 -0.487 2.607
167 2 0.449 -0.493 2.613
167 3 0.433 -0.487 2.616
167 4 0.513 -0.328 2.659
167 5 0.343 -0.493 2.630
167 6 0.106 -0.535 2.537
167 7 -0.136 -0.496 2.491
167 8 -0.162 -0.516 2.431
167 9 0.493 -0.598 2.578
167 10 0.624 -0.678 2.448
167 11 0.398 -0.568 2.419
167 12 0.368 -0.577 2.380
167 13 0.365 -0.419 2.664
167 14 0.559 -0.536 2.325
167 15 0.744 -0.721 2.308
167 16 0.655 -0.717 2.288
167 17 0.465 -0.540 2.524
167 18 0.678 -0.586 2.189
167 19 0.871 -0.615 2.082
167 20 0.894 -0.631 2.054
168 1 0.471 -0.466 2.646
168 2 0.463 -0.465 2.670
168 3 0.445 -0.389 2.776
168 4 0.527 -0.350 2.686
168 5 0.295 -0.491 2.704
168 6 0.067 -0.530 2.606
168 7 -0.138 -0.496 2.493
168 8 -0.169 -0.516 2.431
168 9 0.513 -0.528 2.717
168 10 0.641 -0.587 2.587
168 11 0.413 -0.489 2.537
168 12 0.394 -0.506 2.485
168 13 0.395 -0.478 2.665
168 14 0.549 -0.540 2.333
168 15 0.732 -0.725 2.320
168 16 0.644 -0.718 2.301
168 17 0.531 -0.497 2.531
168 18 0.768 -0.532 2.210
168 19 0.960 -0.561 2.103
168 20 0.972 -0.560 2.153
169 1 0.445 -0.490 2.849
169 2 0.459 -0.466 2.836
169 3 0.509 -0.369 2.814
169 4 0.527 -0.378 2.678
169 5 0.342 -0.472 2.717
169 6 0.098 -0.513 2.625
169 7 -0.119 -0.495 2.502
169 8 -0.140 -0.513 2.445
169 9 0.579 -0.488 2.787
169 10 0.691 -0.500 2.600
169 11 0.480 -0.527 2.480
169 12 0.434 -0.562 2.431
169 13 0.348 -0.516 2.887
169 14 0.531 -0.527 2.438
169 15 0.739 -0.715 2.351
169 16 0.652 -0.713 2.325
169 17 0.478 -0.546 2.858
169 18 0.716 -0.592 2.468
169 19 0.909 -0.620 2.360
169 20 0.950 -0.565 2.412
170 1 0.448 -0.506 2.883
170 2 0.463 -0.474 2.893
170 3 0.559 -0.350 2.893
170 4 0.530 -0.391 2.691
170 5 0.374 -0.464 2.768
170 6 0.141 -0.502 2.678
170 7 -0.075 -0.495 2.535
170 8 -0.099 -0.512 2.478
170 9 0.631 -0.470 2.869
170 10 0.725 -0.461 2.638
170 11 0.522 -0.518 2.512
170 12 0.453 -0.592 2.402
170 13 0.329 -0.547 2.905
170 14 0.496 -0.539 2.489
170 15 0.730 -0.720 2.362
170 16 0.643 -0.719 2.335
170 17 0.484 -0.586 2.807
170 18 0.723 -0.602 2.539
170 19 0.916 -0.630 2.431
170 20 0.964 -0.560 2.471
171 1 0.198 -0.483 2.720
171 2 0.236 -0.470 2.746
171 3 0.447 -0.391 2.817
171 4 0.533 -0.398 2.696
171 5 0.315 -0.477 2.746
171 6 0.086 -0.515 2.655
171 7 -0.115 -0.493 2.519
171 8 -0.165 -0.510 2.441
171 9 0.543 -0.498 2.821
171 10 0.646 -0.480 2.588
171 11 0.436 -0.565 2.436
171 12 0.461 -0.608 2.387
171 13 0.137 -0.499 2.661
171 14 0.490 -0.546 2.467
171 15 0.722 -0.724 2.369
171 16 0.635 -0.725 2.342
171 17 0.104 -0.523 2.709
171 18 0.006 -0.566 2.294
171 19 0.198 -0.594 2.187
171 20 0.284 -0.576 2.223
172 1 0.096 -0.492 2.665
172 2 0.129 -0.482 2.642
172 3 0.285 -0.514 2.538
172 4 0.485 -0.427 2.675
172 5 0.140 -0.592 2.476
172 6 -0.039 -0.521 2.552
172 7 -0.202 -0.484 2.456
172 8 -0.263 -0.557 2.257
172 9 0.372 -0.620 2.547
172 10 0.476 -0.607 2.318
172 11 0.298 -0.675 2.195
172 12 0.331 -0.719 2.153
172 13 0.027 -0.510 2.709
172 14 0.043 -0.531 2.266
172 15 0.226 -0.719 2.179
172 16 0.137 -0.737 2.171
172 17 0.037 -0.485 2.684
172 18 0.090 -0.595 2.386
172 19 0.283 -0.624 2.279
172 20 0.375 -0.593 2.319
173 1 0.238 -0.485 2.560
173 2 0.253 -0.482 2.542
173 3 0.311 -0.530 2.504
173 4 0.478 -0.435 2.671
173 5 0.135 -0.628 2.394
173 6 -0.053 -0.568 2.407
173 7 -0.217 -0.506 2.409
173 8 -0.299 -0.556 2.256
173 9 0.377 -0.649 2.485
173 10 0.476 -0.632 2.240
173 11 0.295 -0.721 2.096
173 12 0.341 -0.765 2.056
173 13 0.088 -0.464 2.646
173 14 -0.046 -0.528 2.228
173 15 0.132 -0.718 2.149
173 16 0.042 -0.741 2.144
173 17 0.279 -0.429 2.567
173 18 0.627 -0.500 2.340
173 19 0.819 -0.528 2.232
173 20 0.898 -0.515 2.312
174 1 0.035 -0.486 2.520
174 2 0.066 -0.483 2.498
174 3 0.196 -0.548 2.444
174 4 0.413 -0.454 2.638
174 5 0.032 -0.653 2.315
174 6 -0.138 -0.549 2.420
174 7 -0.293 -0.501 2.399
174 8 -0.310 -0.578 2.174
174 9 0.268 -0.680 2.396
174 10 0.370 -0.669 2.160
174 11 0.186 -0.739 2.038
174 12 0.236 -0.780 2.001
174 13 -0.071 -0.465 2.598
174 14 -0.112 -0.530 2.150
174 15 0.076 -0.717 2.124
174 16 -0.015 -0.741 2.121
174 17 -0.006 -0.433 2.539
174 18 -0.024 -0.558 2.177
174 19 0.169 -0.587 2.069
174 20 0.249 -0.579 2.118
175 1 0.162 -0.447 2.680
175 2 0.213 -0.438 2.709
175 3 0.490 -0.385 2.791
175 4 0.492 -0.413 2.661
175 5 0.304 -0.487 2.665
175 6 0.132 -0.388 2.778
175 7 -0.066 -0.426 2.626
175 8 -0.029 -0.459 2.546
175 9 0.536 -0.517 2.737
175 10 0.641 -0.515 2.513
175 11 0.444 -0.547 2.442
175 12 0.358 -0.626 2.321
175 13 0.075 -0.451 2.728
175 14 0.390 -0.506 2.436
175 15 0.663 -0.704 2.361
175 16 0.573 -0.712 2.335
175 17 0.083 -0.459 2.586
175 18 -0.046 -0.514 2.192
175 19 0.146 -0.542 2.084
175 20 0.256 -0.538 2.153
176 1 0.069 -0.428 2.639
176 2 0.098 -0.428 2.656
176 3 0.255 -0.415 2.694
176 4 0.458 -0.407 2.679
176 5 0.115 -0.507 2.589
176 6 -0.043 -0.386 2.740
176 7 -0.181 -0.439 2.568
176 8 -0.257 -0.553 2.255
176 9 0.344 -0.539 2.659
176 10 0.530 -0.528 2.523
176 11 0.361 -0.579 2.358
176 12 0.363 -0.626 2.307
176 13 -0.030 -0.428 2.599
176 14 0.030 -0.523 2.211
176 15 0.225 -0.713 2.182
176 16 0.135 -0.732 2.173
176 17 -0.024 -0.444 2.673
176 18 -0.056 -0.504 2.210
176 19 0.137 -0.532 2.103
176 20 0.253 -0.533 2.164
177 1 0.025 -0.420 2.634
177 2 0.053 -0.418 2.663
177 3 0.232 -0.390 2.708
177 4 0.460 -0.396 2.687
177 5 0.084 -0.482 2.612
177 6 -0.078 -0.490 2.485
177 7 -0.235 -0.493 2.441
177 8 -0.256 -0.561 2.232
177 9 0.313 -0.515 2.680
177 10 0.543 -0.495 2.611
177 11 0.376 -0.540 2.443
177 12 0.394 -0.583 2.397
177 13 -0.043 -0.425 2.590
177 14 -0.014 -0.528 2.178
177 15 0.186 -0.715 2.169
177 16 0.095 -0.734 2.159
177 17 -0.048 -0.435 2.622
177 18 -0.062 -0.499 2.214
177 19 0.130 -0.528 2.106
177 20 0.251 -0.532 2.162
178 1 0.011 -0.419 2.629
178 2 0.046 -0.414 2.637
178 3 0.232 -0.439 2.634
178 4 0.463 -0.392 2.688
178 5 0.067 -0.506 2.571
178 6 -0.077 -0.531 2.403
178 7 -0.219 -0.480 2.417
178 8 -0.244 -0.455 2.385
178 9 0.297 -0.538 2.640
178 10 0.555 -0.531 2.575
178 11 0.380 -0.570 2.424
178 12 0.409 -0.610 2.382
178 13 -0.051 -0.426 2.587
178 14 -0.037 -0.531 2.160
178 15 0.151 -0.716 2.155
178 16 0.060 -0.737 2.146
178 17 -0.047 -0.432 2.607
178 18 -0.065 -0.496 2.222
178 19 0.127 -0.524 2.114
178 20 0.250 -0.530 2.165
179 1 0.190 -0.461 2.562
179 2 0.222 -0.471 2.586
179 3 0.415 -0.469 2.631
179 4 0.518 -0.351 2.693
179 5 0.215 -0.547 2.543
179 6 0.079 -0.492 2.574
179 7 -0.089 -0.487 2.455
179 8 -0.130 -0.488 2.469
179 9 0.446 -0.578 2.613
179 10 0.705 -0.558 2.576
179 11 0.524 -0.597 2.429
179 12 0.559 -0.637 2.389
179 13 0.058 -0.462 2.574
179 14 -0.050 -0.532 2.150
179 15 0.134 -0.717 2.148
179 16 0.043 -0.738 2.139
179 17 0.204 -0.456 2.494
179 18 0.556 -0.536 2.269
179 19 0.748 -0.564 2.161
179 20 0.796 -0.553 2.235
180 1 0.438 -0.448 2.606
180 2 0.432 -0.454 2.635
180 3 0.461 -0.389 2.724
180 4 0.547 -0.365 2.649
180 5 0.293 -0.492 2.612
180 6 0.092 -0.512 2.535
180 7 -0.071 -0.488 2.451
180 8 -0.139 -0.475 2.493
180 9 0.524 -0.522 2.682
180 10 0.790 -0.506 2.644
180 11 0.609 -0.549 2.499
180 12 0.646 -0.588 2.459
180 13 0.375 -0.472 2.494
180 14 0.553 -0.532 2.223
180 15 0.692 -0.705 2.257
180 16 0.600 -0.713 2.242
180 17 0.507 -0.492 2.597
180 18 0.743 -0.538 2.256
180 19 0.936 -0.566 2.148
180 20 0.957 -0.554 2.235
181 1 0.142 -0.477 2.655
181 2 0.195 -0.465 2.695
181 3 0.503 -0.375 2.774
181 4 0.554 -0.364 2.644
181 5 0.343 -0.463 2.677
181 6 0.151 -0.523 2.520
181 7 -0.038 -0.490 2.462
181 8 -0.120 -0.475 2.515
181 9 0.575 -0.493 2.749
181 10 0.829 -0.484 2.687
181 11 0.645 -0.529 2.544
181 12 0.683 -0.569 2.504
181 13 0.101 -0.483 2.598
181 14 0.522 -0.519 2.371
181 15 0.750 -0.703 2.340
181 16 0.660 -0.710 2.316
181 17 0.053 -0.512 2.655
181 18 -0.001 -0.563 2.221
181 19 0.191 -0.591 2.114
181 20 0.277 -0.584 2.154
182 1 0.199 -0.480 2.653
182 2 0.242 -0.471 2.700
182 3 0.505 -0.365 2.804
182 4 0.553 -0.370 2.642
182 5 0.362 -0.453 2.703
182 6 0.175 -0.527 2.514
182 7 -0.021 -0.491 2.466
182 8 -0.106 -0.477 2.524
182 9 0.594 -0.482 2.774
182 10 0.846 -0.475 2.707
182 11 0.662 -0.521 2.566
182 12 0.700 -0.561 2.526
182 13 0.155 -0.485 2.647
182 14 0.588 -0.514 2.444
182 15 0.826 -0.701 2.405
182 16 0.737 -0.706 2.375
182 17 0.136 -0.514 2.599
182 18 -0.005 -0.571 2.185
182 19 0.188 -0.599 2.077
182 20 0.272 -0.591 2.120
