1 1 -0.002 -0.417 2.621
1 2 0.009 -0.405 2.688
1 3 0.069 -0.164 2.853
1 4 0.059 0.031 2.877
1 5 -0.076 -0.262 2.754
1 6 -0.139 -0.439 2.597
1 7 -0.041 -0.491 2.421
1 8 -0.008 -0.511 2.367
1 9 0.218 -0.266 2.774
1 10 0.334 -0.418 2.669
1 11 0.168 -0.476 2.452
1 12 0.238 -0.513 2.338
1 13 -0.086 -0.448 2.584
1 14 -0.009 -0.580 2.181
1 15 -0.005 -0.801 2.085
1 16 0.042 -0.869 2.086
1 17 0.057 -0.477 2.565
1 18 0.365 -0.571 2.218
1 19 0.402 -0.793 2.113
1 20 0.408 -0.863 2.046
2 1 -0.001 -0.417 2.620
2 2 0.010 -0.405 2.688
2 3 0.069 -0.164 2.853
2 4 0.059 0.031 2.877
2 5 -0.076 -0.262 2.754
2 6 -0.139 -0.439 2.597
2 7 -0.033 -0.481 2.423
2 8 -0.002 -0.502 2.369
2 9 0.218 -0.266 2.774
2 10 0.333 -0.418 2.668
2 11 0.169 -0.477 2.452
2 12 0.238 -0.513 2.338
2 13 -0.085 -0.448 2.583
2 14 -0.009 -0.580 2.181
2 15 -0.005 -0.801 2.085
2 16 0.024 -0.870 2.057
2 17 0.059 -0.477 2.564
2 18 0.365 -0.571 2.217
2 19 0.402 -0.793 2.114
2 20 0.407 -0.863 2.047
3 1 0.001 -0.416 2.619
3 2 0.010 -0.405 2.687
3 3 0.069 -0.164 2.853
3 4 0.059 0.031 2.877
3 5 -0.076 -0.262 2.754
3 6 -0.139 -0.439 2.597
3 7 -0.033 -0.480 2.423
3 8 -0.001 -0.500 2.369
3 9 0.218 -0.266 2.774
3 10 0.333 -0.417 2.668
3 11 0.170 -0.478 2.451
3 12 0.238 -0.513 2.338
3 13 -0.083 -0.447 2.582
3 14 -0.010 -0.580 2.181
3 15 -0.005 -0.801 2.085
3 16 0.014 -0.871 2.042
3 17 0.063 -0.476 2.562
3 18 0.366 -0.571 2.217
3 19 0.401 -0.794 2.114
3 20 0.407 -0.864 2.047
4 1 0.002 -0.416 2.618
4 2 0.011 -0.405 2.687
4 3 0.069 -0.164 2.853
4 4 0.059 0.031 2.876
4 5 -0.076 -0.262 2.754
4 6 -0.139 -0.439 2.597
4 7 -0.029 -0.475 2.424
4 8 0.004 -0.494 2.370
4 9 0.218 -0.266 2.774
4 10 0.330 -0.416 2.664
4 11 0.168 -0.479 2.447
4 12 0.238 -0.513 2.338
4 13 -0.082 -0.447 2.581
4 14 -0.010 -0.580 2.181
4 15 -0.005 -0.801 2.084
4 16 0.008 -0.872 2.032
4 17 0.065 -0.476 2.561
4 18 0.366 -0.571 2.216
4 19 0.401 -0.794 2.114
4 20 0.407 -0.864 2.048
5 1 0.003 -0.416 2.618
5 2 0.011 -0.405 2.687
5 3 0.069 -0.165 2.853
5 4 0.059 0.031 2.876
5 5 -0.076 -0.262 2.754
5 6 -0.139 -0.439 2.597
5 7 -0.026 -0.473 2.425
5 8 0.008 -0.489 2.371
5 9 0.218 -0.267 2.774
5 10 0.325 -0.415 2.660
5 11 0.165 -0.481 2.444
5 12 0.238 -0.513 2.338
5 13 -0.082 -0.447 2.581
5 14 -0.010 -0.580 2.181
5 15 -0.005 -0.801 2.084
5 16 0.004 -0.872 2.026
5 17 0.066 -0.476 2.560
5 18 0.367 -0.571 2.216
5 19 0.401 -0.795 2.114
5 20 0.406 -0.865 2.048
6 1 0.003 -0.416 2.618
6 2 0.012 -0.405 2.686
6 3 0.069 -0.165 2.853
6 4 0.059 0.031 2.876
6 5 -0.076 -0.262 2.754
6 6 -0.138 -0.440 2.597
6 7 -0.024 -0.470 2.425
6 8 0.013 -0.483 2.372
6 9 0.218 -0.267 2.774
6 10 0.321 -0.414 2.657
6 11 0.152 -0.477 2.443
6 12 0.238 -0.513 2.338
6 13 -0.081 -0.447 2.581
6 14 -0.010 -0.580 2.181
6 15 -0.005 -0.801 2.084
6 16 0.001 -0.872 2.022
6 17 0.066 -0.476 2.560
6 18 0.367 -0.571 2.215
6 19 0.400 -0.795 2.114
6 20 0.406 -0.865 2.048
7 1 0.004 -0.416 2.617
7 2 0.012 -0.405 2.686
7 3 0.069 -0.165 2.853
7 4 0.059 0.031 2.876
7 5 -0.076 -0.262 2.754
7 6 -0.138 -0.440 2.597
7 7 -0.023 -0.469 2.426
7 8 0.015 -0.480 2.372
7 9 0.218 -0.267 2.774
7 10 0.319 -0.414 2.655
7 11 0.140 -0.469 2.459
7 12 0.238 -0.513 2.338
7 13 -0.080 -0.447 2.580
7 14 -0.010 -0.580 2.181
7 15 -0.005 -0.801 2.084
7 16 -0.001 -0.872 2.019
7 17 0.067 -0.476 2.560
7 18 0.367 -0.571 2.215
7 19 0.400 -0.795 2.114
7 20 0.406 -0.865 2.048
8 1 0.004 -0.416 2.617
8 2 0.012 -0.405 2.686
8 3 0.069 -0.165 2.853
8 4 0.059 0.031 2.876
8 5 -0.076 -0.262 2.754
8 6 -0.138 -0.440 2.597
8 7 -0.022 -0.468 2.426
8 8 0.016 -0.479 2.373
8 9 0.218 -0.267 2.774
8 10 0.317 -0.414 2.653
8 11 0.139 -0.472 2.453
8 12 0.238 -0.513 2.338
8 13 -0.079 -0.447 2.579
8 14 -0.010 -0.579 2.181
8 15 -0.005 -0.801 2.084
8 16 -0.002 -0.872 2.017
8 17 0.067 -0.476 2.560
8 18 0.368 -0.571 2.215
8 19 0.400 -0.795 2.114
8 20 0.406 -0.865 2.048
9 1 0.004 -0.416 2.617
9 2 0.013 -0.405 2.686
9 3 0.069 -0.165 2.853
9 4 0.059 0.031 2.876
9 5 -0.076 -0.262 2.754
9 6 -0.138 -0.440 2.597
9 7 -0.028 -0.472 2.422
9 8 0.012 -0.481 2.370
9 9 0.218 -0.267 2.774
9 10 0.316 -0.413 2.653
9 11 0.141 -0.473 2.452
9 12 0.238 -0.513 2.338
9 13 -0.079 -0.447 2.579
9 14 -0.010 -0.579 2.181
9 15 -0.005 -0.801 2.084
9 16 -0.003 -0.872 2.015
9 17 0.067 -0.476 2.560
9 18 0.368 -0.571 2.215
9 19 0.400 -0.795 2.114
9 20 0.406 -0.865 2.048
10 1 0.001 -0.417 2.619
10 2 0.011 -0.405 2.687
10 3 0.069 -0.165 2.853
10 4 0.060 0.031 2.875
10 5 -0.076 -0.263 2.754
10 6 -0.138 -0.440 2.596
10 7 -0.030 -0.474 2.421
10 8 0.007 -0.485 2.367
10 9 0.218 -0.267 2.774
10 10 0.315 -0.413 2.652
10 11 0.143 -0.474 2.448
10 12 0.238 -0.513 2.338
10 13 -0.084 -0.449 2.583
10 14 -0.010 -0.579 2.182
10 15 -0.005 -0.801 2.084
10 16 -0.004 -0.872 2.014
10 17 0.054 -0.480 2.567
10 18 0.368 -0.571 2.215
10 19 0.400 -0.795 2.114
10 20 0.406 -0.864 2.048
11 1 0.000 -0.417 2.619
11 2 0.010 -0.405 2.687
11 3 0.069 -0.165 2.853
11 4 0.060 0.031 2.875
11 5 -0.076 -0.263 2.754
11 6 -0.138 -0.440 2.596
11 7 -0.032 -0.476 2.420
11 8 0.004 -0.487 2.365
11 9 0.218 -0.267 2.774
11 10 0.314 -0.413 2.652
11 11 0.143 -0.474 2.447
11 12 0.238 -0.513 2.338
11 13 -0.085 -0.449 2.583
11 14 -0.010 -0.579 2.182
11 15 -0.005 -0.801 2.084
11 16 -0.004 -0.872 2.013
11 17 0.052 -0.480 2.568
11 18 0.368 -0.571 2.215
11 19 0.400 -0.794 2.114
11 20 0.406 -0.864 2.048
12 1 -0.000 -0.417 2.619
12 2 0.010 -0.405 2.687
12 3 0.069 -0.165 2.853
12 4 0.060 0.031 2.875
12 5 -0.076 -0.263 2.754
12 6 -0.138 -0.440 2.596
12 7 -0.035 -0.479 2.418
12 8 0.001 -0.490 2.363
12 9 0.218 -0.267 2.774
12 10 0.313 -0.414 2.650
12 11 0.141 -0.475 2.444
12 12 0.238 -0.513 2.338
12 13 -0.084 -0.449 2.583
12 14 -0.010 -0.579 2.182
12 15 -0.005 -0.801 2.084
12 16 -0.004 -0.872 2.013
12 17 0.052 -0.480 2.568
12 18 0.368 -0.571 2.215
12 19 0.400 -0.794 2.115
12 20 0.406 -0.864 2.048
13 1 0.000 -0.417 2.619
13 2 0.010 -0.405 2.687
13 3 0.069 -0.165 2.853
13 4 0.061 0.031 2.874
13 5 -0.075 -0.263 2.754
13 6 -0.138 -0.440 2.596
13 7 -0.036 -0.479 2.417
13 8 -0.000 -0.491 2.363
13 9 0.218 -0.267 2.774
13 10 0.312 -0.414 2.649
13 11 0.141 -0.475 2.443
13 12 0.238 -0.513 2.338
13 13 -0.083 -0.448 2.582
13 14 -0.010 -0.579 2.182
13 15 -0.005 -0.801 2.084
13 16 -0.004 -0.872 2.013
13 17 0.053 -0.479 2.567
13 18 0.368 -0.571 2.214
13 19 0.401 -0.794 2.114
13 20 0.406 -0.864 2.048
14 1 0.001 -0.417 2.619
14 2 0.010 -0.405 2.687
14 3 0.069 -0.165 2.853
14 4 0.061 0.031 2.874
14 5 -0.075 -0.263 2.754
14 6 -0.138 -0.440 2.596
14 7 -0.033 -0.475 2.418
14 8 0.001 -0.488 2.363
14 9 0.218 -0.267 2.774
14 10 0.326 -0.420 2.660
14 11 0.149 -0.476 2.446
14 12 0.238 -0.513 2.338
14 13 -0.082 -0.448 2.580
14 14 -0.010 -0.579 2.182
14 15 -0.005 -0.801 2.084
14 16 0.026 -0.866 2.053
14 17 0.054 -0.478 2.566
14 18 0.368 -0.571 2.214
14 19 0.401 -0.793 2.114
14 20 0.407 -0.864 2.048
15 1 0.001 -0.417 2.618
15 2 0.010 -0.405 2.686
15 3 0.069 -0.165 2.853
15 4 0.062 0.031 2.874
15 5 -0.075 -0.263 2.753
15 6 -0.137 -0.440 2.596
15 7 -0.030 -0.471 2.418
15 8 0.004 -0.484 2.363
15 9 0.218 -0.267 2.774
15 10 0.329 -0.421 2.663
15 11 0.155 -0.476 2.447
15 12 0.238 -0.513 2.338
15 13 -0.080 -0.448 2.579
15 14 -0.010 -0.579 2.182
15 15 -0.005 -0.801 2.084
15 16 0.040 -0.865 2.082
15 17 0.055 -0.478 2.566
15 18 0.368 -0.571 2.214
15 19 0.402 -0.792 2.113
15 20 0.407 -0.863 2.048
16 1 0.002 -0.416 2.617
16 2 0.011 -0.405 2.686
16 3 0.069 -0.165 2.853
16 4 0.062 0.030 2.873
16 5 -0.075 -0.263 2.753
16 6 -0.137 -0.440 2.595
16 7 -0.027 -0.466 2.418
16 8 0.006 -0.479 2.363
16 9 0.218 -0.267 2.774
16 10 0.332 -0.423 2.666
16 11 0.167 -0.478 2.445
16 12 0.238 -0.513 2.338
16 13 -0.079 -0.447 2.578
16 14 -0.010 -0.579 2.182
16 15 -0.005 -0.801 2.084
16 16 0.047 -0.866 2.093
16 17 0.057 -0.478 2.564
16 18 0.368 -0.571 2.214
16 19 0.403 -0.792 2.112
16 20 0.408 -0.863 2.047
17 1 0.003 -0.416 2.617
17 2 0.011 -0.405 2.685
17 3 0.069 -0.165 2.853
17 4 0.063 0.030 2.873
17 5 -0.075 -0.263 2.753
17 6 -0.137 -0.440 2.595
17 7 -0.026 -0.465 2.418
17 8 0.007 -0.477 2.363
17 9 0.218 -0.268 2.774
17 10 0.332 -0.422 2.667
17 11 0.170 -0.478 2.445
17 12 0.238 -0.513 2.338
17 13 -0.077 -0.447 2.576
17 14 -0.010 -0.579 2.182
17 15 -0.005 -0.801 2.084
17 16 0.031 -0.867 2.069
17 17 0.060 -0.477 2.563
17 18 0.368 -0.571 2.214
17 19 0.403 -0.792 2.113
17 20 0.408 -0.863 2.048
18 1 0.004 -0.416 2.616
18 2 0.012 -0.405 2.684
18 3 0.069 -0.165 2.853
18 4 0.063 0.030 2.872
18 5 -0.075 -0.263 2.753
18 6 -0.137 -0.440 2.594
18 7 -0.033 -0.471 2.414
18 8 0.003 -0.481 2.360
18 9 0.218 -0.268 2.774
18 10 0.333 -0.422 2.667
18 11 0.172 -0.478 2.445
18 12 0.238 -0.513 2.338
18 13 -0.075 -0.447 2.575
18 14 -0.010 -0.579 2.182
18 15 -0.005 -0.801 2.084
18 16 0.033 -0.868 2.075
18 17 0.062 -0.476 2.562
18 18 0.369 -0.571 2.214
18 19 0.403 -0.792 2.113
18 20 0.408 -0.863 2.048
19 1 0.005 -0.415 2.615
19 2 0.012 -0.404 2.684
19 3 0.069 -0.165 2.853
19 4 0.064 0.029 2.872
19 5 -0.075 -0.263 2.753
19 6 -0.136 -0.440 2.594
19 7 -0.034 -0.471 2.413
19 8 0.002 -0.481 2.359
19 9 0.218 -0.268 2.774
19 10 0.331 -0.421 2.666
19 11 0.172 -0.478 2.444
19 12 0.238 -0.513 2.338
19 13 -0.074 -0.447 2.574
19 14 -0.010 -0.579 2.182
19 15 -0.005 -0.801 2.084
19 16 0.035 -0.869 2.078
19 17 0.063 -0.476 2.561
19 18 0.369 -0.571 2.214
19 19 0.404 -0.791 2.112
19 20 0.408 -0.863 2.048
20 1 0.005 -0.415 2.615
20 2 0.013 -0.404 2.684
20 3 0.069 -0.165 2.853
20 4 0.064 0.029 2.872
20 5 -0.074 -0.263 2.753
20 6 -0.136 -0.440 2.594
20 7 -0.033 -0.471 2.413
20 8 0.002 -0.481 2.359
20 9 0.218 -0.268 2.774
20 10 0.329 -0.420 2.664
20 11 0.171 -0.478 2.443
20 12 0.239 -0.512 2.338
20 13 -0.074 -0.446 2.574
20 14 -0.010 -0.579 2.182
20 15 -0.005 -0.802 2.084
20 16 0.037 -0.869 2.081
20 17 0.063 -0.476 2.561
20 18 0.369 -0.571 2.214
20 19 0.404 -0.792 2.112
20 20 0.408 -0.864 2.048
21 1 0.006 -0.415 2.614
21 2 0.013 -0.404 2.683
21 3 0.070 -0.165 2.853
21 4 0.065 0.029 2.872
21 5 -0.074 -0.263 2.752
21 6 -0.136 -0.440 2.593
21 7 -0.032 -0.471 2.413
21 8 0.003 -0.480 2.359
21 9 0.218 -0.268 2.774
21 10 0.327 -0.418 2.663
21 11 0.171 -0.478 2.442
21 12 0.239 -0.512 2.338
21 13 -0.074 -0.446 2.574
21 14 -0.010 -0.579 2.182
21 15 -0.005 -0.802 2.084
21 16 0.039 -0.869 2.085
21 17 0.064 -0.475 2.561
21 18 0.369 -0.571 2.213
21 19 0.405 -0.792 2.111
21 20 0.409 -0.864 2.047
22 1 0.006 -0.415 2.614
22 2 0.013 -0.404 2.683
22 3 0.070 -0.165 2.853
22 4 0.065 0.029 2.872
22 5 -0.074 -0.262 2.752
22 6 -0.136 -0.440 2.593
22 7 -0.030 -0.467 2.414
22 8 0.005 -0.477 2.360
22 9 0.219 -0.268 2.774
22 10 0.324 -0.416 2.661
22 11 0.170 -0.478 2.442
22 12 0.239 -0.512 2.338
22 13 -0.073 -0.446 2.573
22 14 -0.010 -0.579 2.182
22 15 -0.005 -0.802 2.084
22 16 0.021 -0.869 2.056
22 17 0.065 -0.475 2.560
22 18 0.369 -0.571 2.213
22 19 0.405 -0.792 2.111
22 20 0.409 -0.864 2.047
23 1 0.007 -0.415 2.614
23 2 0.014 -0.404 2.683
23 3 0.070 -0.165 2.852
23 4 0.065 0.029 2.872
23 5 -0.074 -0.262 2.752
23 6 -0.136 -0.440 2.593
23 7 -0.029 -0.464 2.414
23 8 0.005 -0.474 2.360
23 9 0.219 -0.268 2.774
23 10 0.322 -0.415 2.660
23 11 0.170 -0.478 2.440
23 12 0.239 -0.512 2.338
23 13 -0.073 -0.446 2.573
23 14 -0.010 -0.579 2.182
23 15 -0.005 -0.802 2.084
23 16 0.011 -0.871 2.040
23 17 0.065 -0.475 2.560
23 18 0.369 -0.571 2.213
23 19 0.406 -0.793 2.110
23 20 0.409 -0.864 2.047
24 1 0.007 -0.414 2.614
24 2 0.014 -0.404 2.683
24 3 0.070 -0.165 2.852
24 4 0.066 0.029 2.873
24 5 -0.074 -0.262 2.752
24 6 -0.136 -0.440 2.593
24 7 -0.029 -0.462 2.414
24 8 0.006 -0.472 2.360
24 9 0.219 -0.268 2.774
24 10 0.321 -0.414 2.658
24 11 0.169 -0.479 2.439
24 12 0.239 -0.511 2.338
24 13 -0.073 -0.446 2.573
24 14 -0.010 -0.579 2.181
24 15 -0.005 -0.802 2.084
24 16 0.006 -0.872 2.032
24 17 0.065 -0.475 2.560
24 18 0.369 -0.571 2.213
24 19 0.406 -0.793 2.110
24 20 0.410 -0.864 2.047
25 1 0.007 -0.414 2.614
25 2 0.014 -0.404 2.683
25 3 0.070 -0.165 2.852
25 4 0.066 0.028 2.873
25 5 -0.074 -0.262 2.752
25 6 -0.136 -0.440 2.593
25 7 -0.027 -0.459 2.415
25 8 0.008 -0.468 2.361
25 9 0.219 -0.268 2.774
25 10 0.319 -0.414 2.658
25 11 0.168 -0.479 2.439
25 12 0.239 -0.511 2.338
25 13 -0.072 -0.446 2.573
25 14 -0.010 -0.579 2.181
25 15 -0.005 -0.802 2.085
25 16 0.014 -0.875 2.046
25 17 0.066 -0.475 2.560
25 18 0.369 -0.571 2.213
25 19 0.406 -0.793 2.110
25 20 0.410 -0.864 2.047
26 1 0.007 -0.414 2.614
26 2 0.015 -0.403 2.682
26 3 0.070 -0.165 2.852
26 4 0.067 0.028 2.873
26 5 -0.074 -0.262 2.752
26 6 -0.136 -0.441 2.593
26 7 -0.025 -0.457 2.416
26 8 0.010 -0.466 2.361
26 9 0.219 -0.268 2.774
26 10 0.318 -0.413 2.657
26 11 0.165 -0.478 2.438
26 12 0.240 -0.511 2.338
26 13 -0.072 -0.446 2.573
26 14 -0.010 -0.579 2.181
26 15 -0.005 -0.803 2.085
26 16 0.020 -0.876 2.058
26 17 0.066 -0.475 2.560
26 18 0.369 -0.571 2.213
26 19 0.406 -0.792 2.110
26 20 0.410 -0.864 2.046
27 1 0.008 -0.414 2.614
27 2 0.015 -0.403 2.682
27 3 0.070 -0.165 2.852
27 4 0.067 0.028 2.873
27 5 -0.074 -0.262 2.752
27 6 -0.136 -0.441 2.592
27 7 -0.024 -0.456 2.417
27 8 0.011 -0.464 2.362
27 9 0.219 -0.268 2.774
27 10 0.317 -0.412 2.655
27 11 0.157 -0.476 2.438
27 12 0.240 -0.511 2.339
27 13 -0.072 -0.446 2.573
27 14 -0.010 -0.579 2.181
27 15 -0.005 -0.803 2.085
27 16 0.026 -0.877 2.067
27 17 0.066 -0.474 2.560
27 18 0.369 -0.571 2.213
27 19 0.407 -0.791 2.109
27 20 0.411 -0.863 2.046
28 1 0.008 -0.414 2.613
28 2 0.015 -0.403 2.682
28 3 0.070 -0.165 2.852
28 4 0.068 0.027 2.873
28 5 -0.074 -0.262 2.752
28 6 -0.136 -0.441 2.592
28 7 -0.023 -0.454 2.417
28 8 0.013 -0.462 2.363
28 9 0.219 -0.268 2.774
28 10 0.317 -0.412 2.654
28 11 0.155 -0.476 2.439
28 12 0.240 -0.511 2.339
28 13 -0.072 -0.445 2.573
28 14 -0.010 -0.579 2.181
28 15 -0.005 -0.804 2.085
28 16 0.030 -0.878 2.073
28 17 0.066 -0.474 2.560
28 18 0.369 -0.571 2.213
28 19 0.407 -0.791 2.109
28 20 0.411 -0.863 2.046
29 1 0.008 -0.414 2.613
29 2 0.015 -0.403 2.682
29 3 0.070 -0.165 2.852
29 4 0.068 0.027 2.873
29 5 -0.074 -0.262 2.753
29 6 -0.136 -0.441 2.592
29 7 -0.022 -0.453 2.417
29 8 0.014 -0.460 2.363
29 9 0.219 -0.268 2.774
29 10 0.314 -0.414 2.646
29 11 0.152 -0.477 2.436
29 12 0.240 -0.510 2.339
29 13 -0.072 -0.445 2.573
29 14 -0.010 -0.579 2.181
29 15 -0.005 -0.804 2.085
29 16 0.035 -0.877 2.078
29 17 0.067 -0.474 2.560
29 18 0.369 -0.571 2.213
29 19 0.407 -0.791 2.109
29 20 0.411 -0.863 2.046
30 1 0.008 -0.414 2.613
30 2 0.016 -0.403 2.682
30 3 0.070 -0.165 2.852
30 4 0.068 0.027 2.873
30 5 -0.074 -0.261 2.753
30 6 -0.136 -0.441 2.592
30 7 -0.022 -0.451 2.418
30 8 0.015 -0.458 2.364
30 9 0.219 -0.268 2.774
30 10 0.317 -0.415 2.646
30 11 0.151 -0.477 2.436
30 12 0.240 -0.510 2.339
30 13 -0.072 -0.445 2.572
30 14 -0.010 -0.579 2.181
30 15 -0.005 -0.804 2.085
30 16 0.040 -0.874 2.084
30 17 0.067 -0.474 2.560
30 18 0.369 -0.571 2.213
30 19 0.407 -0.791 2.108
30 20 0.412 -0.863 2.046
31 1 0.009 -0.413 2.613
31 2 0.016 -0.403 2.682
31 3 0.070 -0.165 2.852
31 4 0.068 0.027 2.873
31 5 -0.074 -0.261 2.753
31 6 -0.136 -0.441 2.591
31 7 -0.021 -0.451 2.418
31 8 0.015 -0.457 2.364
31 9 0.219 -0.268 2.774
31 10 0.320 -0.416 2.647
31 11 0.153 -0.478 2.438
31 12 0.240 -0.510 2.339
31 13 -0.071 -0.445 2.572
31 14 -0.010 -0.579 2.181
31 15 -0.004 -0.804 2.085
31 16 0.043 -0.874 2.086
31 17 0.067 -0.474 2.560
31 18 0.369 -0.571 2.213
31 19 0.407 -0.791 2.108
31 20 0.412 -0.863 2.045
32 1 0.009 -0.413 2.613
32 2 0.016 -0.403 2.682
32 3 0.070 -0.165 2.852
32 4 0.068 0.027 2.873
32 5 -0.074 -0.261 2.753
32 6 -0.136 -0.441 2.591
32 7 -0.025 -0.461 2.416
32 8 0.013 -0.464 2.362
32 9 0.220 -0.268 2.774
32 10 0.324 -0.417 2.648
32 11 0.154 -0.478 2.439
32 12 0.240 -0.510 2.339
32 13 -0.071 -0.445 2.572
32 14 -0.010 -0.579 2.181
32 15 -0.004 -0.804 2.085
32 16 0.045 -0.873 2.088
32 17 0.068 -0.474 2.559
32 18 0.369 -0.571 2.213
32 19 0.407 -0.791 2.108
32 20 0.412 -0.863 2.045
33 1 0.009 -0.413 2.613
33 2 0.016 -0.403 2.681
33 3 0.070 -0.165 2.852
33 4 0.068 0.027 2.873
33 5 -0.074 -0.261 2.753
33 6 -0.136 -0.441 2.591
33 7 -0.027 -0.465 2.415
33 8 0.010 -0.470 2.361
33 9 0.220 -0.267 2.774
33 10 0.327 -0.418 2.650
33 11 0.154 -0.479 2.441
33 12 0.240 -0.509 2.339
33 13 -0.071 -0.445 2.572
33 14 -0.010 -0.579 2.181
33 15 -0.004 -0.804 2.085
33 16 0.046 -0.872 2.090
33 17 0.068 -0.473 2.559
33 18 0.369 -0.571 2.213
33 19 0.406 -0.791 2.109
33 20 0.411 -0.863 2.046
34 1 0.009 -0.413 2.613
34 2 0.016 -0.402 2.681
34 3 0.070 -0.165 2.852
34 4 0.068 0.027 2.873
34 5 -0.074 -0.261 2.753
34 6 -0.136 -0.441 2.591
34 7 -0.029 -0.470 2.414
34 8 0.008 -0.476 2.360
34 9 0.220 -0.267 2.774
34 10 0.329 -0.418 2.651
34 11 0.157 -0.479 2.442
34 12 0.240 -0.508 2.339
34 13 -0.071 -0.445 2.572
34 14 -0.010 -0.579 2.181
34 15 -0.004 -0.805 2.085
34 16 0.047 -0.872 2.090
34 17 0.068 -0.473 2.559
34 18 0.369 -0.571 2.213
34 19 0.406 -0.792 2.109
34 20 0.411 -0.863 2.046
35 1 0.009 -0.413 2.613
35 2 0.017 -0.402 2.681
35 3 0.070 -0.165 2.852
35 4 0.069 0.027 2.873
35 5 -0.074 -0.261 2.754
35 6 -0.136 -0.441 2.590
35 7 -0.030 -0.472 2.413
35 8 0.006 -0.480 2.359
35 9 0.220 -0.267 2.773
35 10 0.330 -0.418 2.651
35 11 0.160 -0.478 2.443
35 12 0.240 -0.508 2.339
35 13 -0.071 -0.445 2.572
35 14 -0.010 -0.579 2.181
35 15 -0.004 -0.805 2.085
35 16 0.048 -0.872 2.091
35 17 0.068 -0.473 2.559
35 18 0.369 -0.571 2.213
35 19 0.406 -0.792 2.109
35 20 0.411 -0.863 2.046
36 1 0.010 -0.413 2.613
36 2 0.017 -0.402 2.681
36 3 0.070 -0.165 2.852
36 4 0.069 0.027 2.872
36 5 -0.075 -0.260 2.754
36 6 -0.136 -0.441 2.590
36 7 -0.033 -0.477 2.413
36 8 0.003 -0.486 2.359
36 9 0.220 -0.267 2.773
36 10 0.332 -0.418 2.652
36 11 0.162 -0.478 2.443
36 12 0.239 -0.507 2.339
36 13 -0.071 -0.445 2.572
36 14 -0.010 -0.579 2.181
36 15 -0.004 -0.804 2.085
36 16 0.049 -0.871 2.091
36 17 0.069 -0.473 2.559
36 18 0.369 -0.571 2.213
36 19 0.405 -0.791 2.109
36 20 0.411 -0.863 2.046
37 1 0.010 -0.413 2.613
37 2 0.017 -0.402 2.681
37 3 0.070 -0.165 2.851
37 4 0.070 0.026 2.870
37 5 -0.075 -0.260 2.755
37 6 -0.136 -0.441 2.590
37 7 -0.034 -0.480 2.412
37 8 0.001 -0.491 2.358
37 9 0.220 -0.267 2.773
37 10 0.333 -0.418 2.653
37 11 0.164 -0.477 2.444
37 12 0.239 -0.506 2.339
37 13 -0.071 -0.445 2.572
37 14 -0.010 -0.579 2.181
37 15 -0.004 -0.803 2.085
37 16 0.049 -0.870 2.091
37 17 0.069 -0.473 2.559
37 18 0.369 -0.571 2.213
37 19 0.404 -0.789 2.110
37 20 0.409 -0.861 2.047
38 1 0.010 -0.413 2.613
38 2 0.017 -0.402 2.681
38 3 0.071 -0.165 2.850
38 4 0.073 0.025 2.862
38 5 -0.075 -0.260 2.755
38 6 -0.136 -0.441 2.590
38 7 -0.035 -0.482 2.413
38 8 -0.000 -0.494 2.358
38 9 0.220 -0.267 2.772
38 10 0.333 -0.418 2.654
38 11 0.166 -0.477 2.444
38 12 0.239 -0.506 2.339
38 13 -0.071 -0.445 2.572
38 14 -0.010 -0.579 2.181
38 15 -0.003 -0.802 2.084
38 16 0.049 -0.868 2.090
38 17 0.069 -0.473 2.558
38 18 0.369 -0.571 2.212
38 19 0.403 -0.788 2.111
38 20 0.408 -0.859 2.048
39 1 0.010 -0.413 2.612
39 2 0.018 -0.402 2.681
39 3 0.073 -0.165 2.845
39 4 0.075 0.024 2.852
39 5 -0.075 -0.260 2.754
39 6 -0.136 -0.441 2.590
39 7 -0.035 -0.484 2.413
39 8 -0.001 -0.496 2.358
39 9 0.221 -0.267 2.771
39 10 0.334 -0.418 2.655
39 11 0.168 -0.477 2.444
39 12 0.238 -0.505 2.339
39 13 -0.071 -0.445 2.572
39 14 -0.010 -0.579 2.181
39 15 -0.003 -0.800 2.084
39 16 0.048 -0.867 2.090
39 17 0.069 -0.473 2.558
39 18 0.369 -0.571 2.212
39 19 0.402 -0.787 2.111
39 20 0.407 -0.858 2.047
40 1 0.010 -0.413 2.612
40 2 0.018 -0.402 2.680
40 3 0.075 -0.166 2.839
40 4 0.078 0.025 2.838
40 5 -0.075 -0.260 2.753
40 6 -0.136 -0.441 2.591
40 7 -0.036 -0.484 2.413
40 8 -0.001 -0.497 2.359
40 9 0.223 -0.268 2.770
40 10 0.334 -0.418 2.655
40 11 0.168 -0.477 2.444
40 12 0.237 -0.504 2.339
40 13 -0.071 -0.445 2.572
40 14 -0.009 -0.579 2.182
40 15 -0.003 -0.799 2.083
40 16 0.047 -0.866 2.089
40 17 0.070 -0.473 2.558
40 18 0.368 -0.571 2.212
40 19 0.396 -0.793 2.114
40 20 0.415 -0.861 2.062
41 1 0.042 -0.401 2.598
41 2 0.045 -0.394 2.663
41 3 0.080 -0.168 2.825
41 4 0.084 0.020 2.802
41 5 -0.076 -0.259 2.751
41 6 -0.136 -0.441 2.591
41 7 -0.035 -0.485 2.415
41 8 -0.001 -0.498 2.360
41 9 0.227 -0.269 2.766
41 10 0.335 -0.418 2.656
41 11 0.173 -0.478 2.444
41 12 0.237 -0.503 2.339
41 13 -0.042 -0.439 2.553
41 14 -0.008 -0.578 2.182
41 15 -0.002 -0.797 2.083
41 16 0.025 -0.865 2.055
41 17 0.109 -0.462 2.545
41 18 0.368 -0.571 2.212
41 19 0.397 -0.795 2.113
41 20 0.415 -0.863 2.062
42 1 0.065 -0.406 2.590
42 2 0.061 -0.395 2.655
42 3 0.083 -0.170 2.809
42 4 0.087 0.017 2.781
42 5 -0.076 -0.259 2.746
42 6 -0.136 -0.441 2.591
42 7 -0.034 -0.485 2.416
42 8 0.000 -0.498 2.361
42 9 0.231 -0.270 2.761
42 10 0.336 -0.420 2.657
42 11 0.206 -0.482 2.427
42 12 0.203 -0.503 2.340
42 13 -0.017 -0.447 2.541
42 14 -0.006 -0.577 2.183
42 15 -0.002 -0.796 2.082
42 16 0.014 -0.862 2.032
42 17 0.149 -0.482 2.541
42 18 0.368 -0.572 2.212
42 19 0.397 -0.796 2.112
42 20 0.415 -0.863 2.059
43 1 0.050 -0.414 2.589
43 2 0.057 -0.398 2.652
43 3 0.086 -0.172 2.793
43 4 0.096 0.013 2.753
43 5 -0.075 -0.258 2.737
43 6 -0.136 -0.442 2.591
43 7 -0.033 -0.485 2.416
43 8 0.001 -0.498 2.362
43 9 0.235 -0.271 2.756
43 10 0.337 -0.421 2.658
43 11 0.218 -0.482 2.421
43 12 0.192 -0.499 2.339
43 13 -0.042 -0.455 2.540
43 14 -0.004 -0.576 2.184
43 15 -0.002 -0.796 2.082
43 16 0.019 -0.860 2.044
43 17 0.114 -0.500 2.548
43 18 0.368 -0.572 2.211
43 19 0.397 -0.797 2.111
43 20 0.412 -0.859 2.048
44 1 0.034 -0.422 2.590
44 2 0.047 -0.402 2.651
44 3 0.090 -0.172 2.780
44 4 0.106 0.014 2.728
44 5 -0.072 -0.256 2.725
44 6 -0.136 -0.443 2.591
44 7 -0.025 -0.485 2.412
44 8 0.016 -0.499 2.355
44 9 0.240 -0.272 2.751
44 10 0.340 -0.424 2.660
44 11 0.234 -0.482 2.416
44 12 0.188 -0.498 2.339
44 13 -0.060 -0.460 2.541
44 14 -0.002 -0.576 2.185
44 15 -0.002 -0.795 2.082
44 16 0.041 -0.851 2.064
44 17 0.086 -0.515 2.555
44 18 0.367 -0.572 2.211
44 19 0.394 -0.800 2.112
44 20 0.409 -0.859 2.045
45 1 0.028 -0.425 2.589
45 2 0.041 -0.404 2.650
45 3 0.094 -0.172 2.762
45 4 0.112 0.015 2.711
45 5 -0.069 -0.252 2.708
45 6 -0.135 -0.443 2.591
45 7 -0.023 -0.486 2.412
45 8 0.018 -0.499 2.354
45 9 0.246 -0.272 2.743
45 10 0.343 -0.427 2.661
45 11 0.243 -0.484 2.412
45 12 0.187 -0.499 2.337
45 13 -0.068 -0.463 2.540
45 14 -0.001 -0.575 2.186
45 15 -0.001 -0.794 2.082
45 16 0.049 -0.848 2.069
45 17 0.077 -0.520 2.557
45 18 0.367 -0.572 2.211
45 19 0.391 -0.803 2.113
45 20 0.415 -0.864 2.058
46 1 0.065 -0.434 2.583
46 2 0.069 -0.411 2.641
46 3 0.099 -0.170 2.745
46 4 0.123 0.015 2.678
46 5 -0.065 -0.250 2.692
46 6 -0.134 -0.445 2.588
46 7 -0.021 -0.486 2.411
46 8 0.020 -0.499 2.353
46 9 0.256 -0.271 2.731
46 10 0.342 -0.432 2.655
46 11 0.248 -0.487 2.405
46 12 0.189 -0.503 2.330
46 13 -0.029 -0.480 2.533
46 14 0.002 -0.575 2.183
46 15 0.000 -0.793 2.081
46 16 0.055 -0.845 2.072
46 17 0.137 -0.523 2.554
46 18 0.367 -0.572 2.210
46 19 0.389 -0.806 2.113
46 20 0.420 -0.867 2.065
47 1 0.084 -0.438 2.579
47 2 0.080 -0.413 2.638
47 3 0.104 -0.168 2.728
47 4 0.127 0.016 2.664
47 5 -0.061 -0.247 2.675
47 6 -0.131 -0.445 2.582
47 7 -0.020 -0.484 2.407
47 8 0.021 -0.498 2.351
47 9 0.263 -0.270 2.721
47 10 0.340 -0.437 2.644
47 11 0.221 -0.480 2.394
47 12 0.218 -0.508 2.337
47 13 -0.007 -0.488 2.530
47 14 0.005 -0.575 2.180
47 15 0.002 -0.792 2.080
47 16 0.061 -0.843 2.074
47 17 0.170 -0.524 2.552
47 18 0.367 -0.573 2.210
47 19 0.386 -0.808 2.115
47 20 0.421 -0.867 2.069
48 1 0.093 -0.439 2.577
48 2 0.087 -0.413 2.636
48 3 0.108 -0.165 2.712
48 4 0.135 0.020 2.647
48 5 -0.057 -0.243 2.661
48 6 -0.126 -0.442 2.571
48 7 -0.018 -0.485 2.404
48 8 0.022 -0.500 2.349
48 9 0.270 -0.267 2.713
48 10 0.339 -0.439 2.638
48 11 0.209 -0.477 2.390
48 12 0.233 -0.512 2.341
48 13 0.002 -0.492 2.528
48 14 0.009 -0.575 2.178
48 15 0.007 -0.790 2.078
48 16 0.067 -0.841 2.074
48 17 0.184 -0.524 2.551
48 18 0.366 -0.573 2.209
48 19 0.384 -0.810 2.116
48 20 0.422 -0.868 2.071
49 1 0.098 -0.440 2.575
49 2 0.091 -0.413 2.633
49 3 0.113 -0.162 2.695
49 4 0.142 0.027 2.629
49 5 -0.052 -0.238 2.648
49 6 -0.120 -0.439 2.559
49 7 -0.016 -0.485 2.399
49 8 0.023 -0.501 2.346
49 9 0.277 -0.263 2.704
49 10 0.338 -0.440 2.630
49 11 0.200 -0.474 2.387
49 12 0.181 -0.495 2.325
49 13 0.008 -0.493 2.526
49 14 0.012 -0.575 2.175
49 15 0.013 -0.789 2.075
49 16 0.075 -0.840 2.074
49 17 0.192 -0.524 2.551
49 18 0.366 -0.574 2.209
49 19 0.383 -0.811 2.117
49 20 0.422 -0.868 2.073
50 1 0.102 -0.439 2.574
50 2 0.093 -0.411 2.631
50 3 0.117 -0.160 2.680
50 4 0.148 0.030 2.612
50 5 -0.048 -0.234 2.636
50 6 -0.115 -0.436 2.548
50 7 0.077 -0.494 2.403
50 8 0.130 -0.513 2.358
50 9 0.284 -0.259 2.694
50 10 0.353 -0.437 2.635
50 11 0.201 -0.471 2.393
50 12 0.198 -0.502 2.328
50 13 0.011 -0.494 2.525
50 14 0.015 -0.575 2.172
50 15 0.022 -0.790 2.072
50 16 0.085 -0.842 2.070
50 17 0.196 -0.523 2.550
50 18 0.366 -0.574 2.208
50 19 0.382 -0.812 2.117
50 20 0.423 -0.868 2.074
51 1 0.104 -0.438 2.572
51 2 0.095 -0.408 2.628
51 3 0.122 -0.157 2.665
51 4 0.154 0.033 2.596
51 5 -0.043 -0.229 2.622
51 6 -0.109 -0.432 2.537
51 7 0.096 -0.486 2.357
51 8 0.158 -0.504 2.298
51 9 0.291 -0.253 2.683
51 10 0.352 -0.437 2.612
51 11 0.197 -0.471 2.383
51 12 0.176 -0.496 2.313
51 13 0.012 -0.493 2.524
51 14 0.018 -0.575 2.170
51 15 0.046 -0.796 2.065
51 16 0.095 -0.848 2.067
51 17 0.197 -0.522 2.550
51 18 0.366 -0.575 2.208
51 19 0.381 -0.813 2.118
51 20 0.423 -0.868 2.075
52 1 0.148 -0.418 2.556
52 2 0.135 -0.389 2.608
52 3 0.127 -0.152 2.646
52 4 0.162 0.038 2.575
52 5 -0.037 -0.225 2.608
52 6 -0.103 -0.430 2.528
52 7 0.140 -0.487 2.369
52 8 0.169 -0.498 2.281
52 9 0.298 -0.248 2.673
52 10 0.351 -0.437 2.600
52 11 0.196 -0.469 2.378
52 12 0.164 -0.490 2.302
52 13 0.063 -0.480 2.511
52 14 0.022 -0.575 2.165
52 15 0.056 -0.799 2.063
52 16 0.110 -0.853 2.063
52 17 0.248 -0.498 2.543
52 18 0.366 -0.577 2.205
52 19 0.380 -0.813 2.118
52 20 0.422 -0.868 2.075
53 1 0.158 -0.413 2.551
53 2 0.145 -0.383 2.600
53 3 0.133 -0.149 2.628
53 4 0.170 0.037 2.552
53 5 -0.030 -0.222 2.591
53 6 -0.098 -0.427 2.518
53 7 0.131 -0.481 2.333
53 8 0.112 -0.480 2.221
53 9 0.305 -0.243 2.660
53 10 0.349 -0.439 2.582
53 11 0.194 -0.480 2.360
53 12 0.155 -0.493 2.292
53 13 0.072 -0.479 2.508
53 14 0.026 -0.576 2.160
53 15 0.063 -0.798 2.061
53 16 0.116 -0.853 2.061
53 17 0.256 -0.495 2.542
53 18 0.366 -0.578 2.205
53 19 0.380 -0.814 2.119
53 20 0.422 -0.868 2.075
54 1 0.163 -0.411 2.548
54 2 0.151 -0.379 2.596
54 3 0.137 -0.146 2.612
54 4 0.175 0.038 2.538
54 5 -0.025 -0.219 2.579
54 6 -0.093 -0.424 2.509
54 7 0.140 -0.481 2.326
54 8 0.084 -0.478 2.237
54 9 0.313 -0.239 2.645
54 10 0.349 -0.438 2.572
54 11 0.194 -0.479 2.353
54 12 0.148 -0.489 2.283
54 13 0.079 -0.478 2.506
54 14 0.030 -0.577 2.156
54 15 0.069 -0.797 2.060
54 16 0.124 -0.852 2.060
54 17 0.259 -0.493 2.542
54 18 0.366 -0.580 2.204
54 19 0.380 -0.814 2.119
54 20 0.423 -0.867 2.074
55 1 0.169 -0.407 2.543
55 2 0.157 -0.375 2.590
55 3 0.142 -0.145 2.597
55 4 0.181 0.039 2.522
55 5 -0.020 -0.216 2.567
55 6 -0.087 -0.422 2.499
55 7 0.146 -0.481 2.323
55 8 0.175 -0.499 2.279
55 9 0.323 -0.237 2.630
55 10 0.349 -0.438 2.564
55 11 0.196 -0.486 2.342
55 12 0.145 -0.493 2.275
55 13 0.085 -0.476 2.501
55 14 0.033 -0.578 2.151
55 15 0.082 -0.798 2.061
55 16 0.144 -0.852 2.062
55 17 0.266 -0.490 2.540
55 18 0.367 -0.583 2.201
55 19 0.380 -0.815 2.119
55 20 0.430 -0.862 2.076
56 1 0.177 -0.403 2.536
56 2 0.164 -0.371 2.582
56 3 0.149 -0.144 2.578
56 4 0.191 0.040 2.500
56 5 -0.014 -0.214 2.554
56 6 -0.082 -0.418 2.490
56 7 0.149 -0.482 2.323
56 8 0.199 -0.505 2.287
56 9 0.330 -0.234 2.619
56 10 0.349 -0.438 2.558
56 11 0.197 -0.488 2.337
56 12 0.144 -0.496 2.269
56 13 0.094 -0.474 2.495
56 14 0.035 -0.580 2.147
56 15 0.104 -0.806 2.064
56 16 0.156 -0.857 2.064
56 17 0.273 -0.487 2.536
56 18 0.369 -0.586 2.198
56 19 0.383 -0.817 2.119
56 20 0.442 -0.858 2.075
57 1 0.181 -0.401 2.529
57 2 0.168 -0.368 2.574
57 3 0.156 -0.143 2.560
57 4 0.200 0.042 2.483
57 5 -0.002 -0.212 2.530
57 6 -0.078 -0.413 2.480
57 7 0.151 -0.482 2.323
57 8 0.225 -0.512 2.299
57 9 0.342 -0.234 2.604
57 10 0.350 -0.438 2.554
57 11 0.198 -0.490 2.333
57 12 0.144 -0.499 2.264
57 13 0.098 -0.472 2.491
57 14 0.039 -0.582 2.142
57 15 0.113 -0.808 2.066
57 16 0.170 -0.860 2.067
57 17 0.278 -0.486 2.533
57 18 0.371 -0.592 2.194
57 19 0.388 -0.819 2.119
57 20 0.450 -0.856 2.074
58 1 0.187 -0.400 2.520
58 2 0.174 -0.365 2.564
58 3 0.164 -0.142 2.545
58 4 0.211 0.043 2.466
58 5 0.006 -0.210 2.512
58 6 -0.071 -0.407 2.464
58 7 0.154 -0.483 2.322
58 8 0.210 -0.521 2.284
58 9 0.349 -0.233 2.595
58 10 0.353 -0.438 2.550
58 11 0.201 -0.491 2.329
58 12 0.147 -0.501 2.260
58 13 0.104 -0.472 2.482
58 14 0.043 -0.586 2.135
58 15 0.100 -0.801 2.049
58 16 0.161 -0.845 2.073
58 17 0.283 -0.486 2.529
58 18 0.374 -0.597 2.189
58 19 0.393 -0.821 2.118
58 20 0.457 -0.854 2.073
59 1 0.192 -0.400 2.510
59 2 0.179 -0.364 2.553
59 3 0.171 -0.139 2.533
59 4 0.218 0.046 2.454
59 5 0.014 -0.208 2.494
59 6 -0.059 -0.408 2.438
59 7 0.159 -0.487 2.304
59 8 0.181 -0.522 2.250
59 9 0.356 -0.232 2.585
59 10 0.358 -0.437 2.547
59 11 0.205 -0.491 2.326
59 12 0.151 -0.502 2.256
59 13 0.110 -0.472 2.471
59 14 0.057 -0.593 2.121
59 15 0.097 -0.795 2.056
59 16 0.161 -0.842 2.074
59 17 0.287 -0.487 2.523
59 18 0.377 -0.603 2.183
59 19 0.400 -0.843 2.119
59 20 0.448 -0.880 2.056
60 1 0.199 -0.399 2.499
60 2 0.184 -0.362 2.542
60 3 0.177 -0.133 2.521
60 4 0.224 0.051 2.443
60 5 0.024 -0.203 2.472
60 6 -0.048 -0.403 2.414
60 7 0.053 -0.518 2.225
60 8 0.043 -0.535 2.185
60 9 0.362 -0.229 2.576
60 10 0.378 -0.426 2.543
60 11 0.213 -0.487 2.325
60 12 0.159 -0.501 2.255
60 13 0.118 -0.472 2.459
60 14 0.093 -0.604 2.107
60 15 0.131 -0.796 2.072
60 16 0.154 -0.848 2.069
60 17 0.292 -0.488 2.516
60 18 0.379 -0.608 2.177
60 19 0.409 -0.868 2.108
60 20 0.445 -0.904 2.038
61 1 0.204 -0.399 2.491
61 2 0.188 -0.360 2.533
61 3 0.181 -0.125 2.510
61 4 0.227 0.055 2.437
61 5 0.031 -0.198 2.449
61 6 -0.040 -0.397 2.395
61 7 0.034 -0.527 2.233
61 8 -0.025 -0.536 2.186
61 9 0.366 -0.224 2.569
61 10 0.394 -0.413 2.543
61 11 0.224 -0.480 2.326
61 12 0.169 -0.495 2.256
61 13 0.126 -0.471 2.448
61 14 0.140 -0.613 2.097
61 15 0.156 -0.809 2.051
61 16 0.173 -0.852 1.994
61 17 0.297 -0.488 2.510
61 18 0.381 -0.611 2.173
61 19 0.412 -0.883 2.102
61 20 0.443 -0.917 2.028
62 1 0.208 -0.396 2.482
62 2 0.190 -0.356 2.523
62 3 0.178 -0.110 2.498
62 4 0.227 0.064 2.433
62 5 0.034 -0.195 2.436
62 6 -0.033 -0.392 2.374
62 7 0.091 -0.445 2.239
62 8 0.099 -0.458 2.198
62 9 0.369 -0.218 2.564
62 10 0.402 -0.404 2.543
62 11 0.231 -0.472 2.326
62 12 0.177 -0.490 2.257
62 13 0.134 -0.470 2.435
62 14 0.216 -0.606 2.089
62 15 0.188 -0.805 2.067
62 16 0.234 -0.844 2.025
62 17 0.302 -0.486 2.504
62 18 0.384 -0.614 2.169
62 19 0.414 -0.892 2.098
62 20 0.442 -0.925 2.023
63 1 0.210 -0.390 2.473
63 2 0.189 -0.349 2.512
63 3 0.172 -0.097 2.491
63 4 0.222 0.076 2.432
63 5 0.035 -0.190 2.427
63 6 -0.030 -0.383 2.359
63 7 0.085 -0.432 2.222
63 8 0.115 -0.441 2.184
63 9 0.367 -0.205 2.563
63 10 0.405 -0.392 2.541
63 11 0.238 -0.457 2.324
63 12 0.184 -0.475 2.254
63 13 0.138 -0.465 2.423
63 14 0.314 -0.600 2.110
63 15 0.222 -0.809 2.091
63 16 0.269 -0.850 2.036
63 17 0.304 -0.479 2.497
63 18 0.423 -0.596 2.170
63 19 0.414 -0.851 2.102
63 20 0.453 -0.894 2.050
64 1 0.203 -0.365 2.462
64 2 0.178 -0.325 2.501
64 3 0.158 -0.077 2.488
64 4 0.200 0.106 2.440
64 5 0.032 -0.182 2.420
64 6 -0.031 -0.372 2.349
64 7 0.093 -0.419 2.222
64 8 0.152 -0.432 2.191
64 9 0.360 -0.175 2.579
64 10 0.401 -0.366 2.540
64 11 0.243 -0.444 2.322
64 12 0.190 -0.464 2.253
64 13 0.137 -0.449 2.411
64 14 0.374 -0.588 2.139
64 15 0.254 -0.818 2.110
64 16 0.307 -0.859 2.063
64 17 0.300 -0.457 2.490
64 18 0.445 -0.584 2.178
64 19 0.428 -0.823 2.115
64 20 0.488 -0.861 2.084
65 1 0.199 -0.350 2.458
65 2 0.172 -0.311 2.497
65 3 0.142 -0.059 2.489
65 4 0.180 0.129 2.449
65 5 0.020 -0.169 2.416
65 6 -0.035 -0.361 2.343
65 7 0.099 -0.409 2.224
65 8 0.168 -0.424 2.194
65 9 0.351 -0.160 2.589
65 10 0.395 -0.350 2.539
65 11 0.244 -0.432 2.321
65 12 0.193 -0.454 2.251
65 13 0.135 -0.437 2.405
65 14 0.402 -0.582 2.152
65 15 0.317 -0.825 2.124
65 16 0.379 -0.869 2.089
65 17 0.296 -0.439 2.489
65 18 0.462 -0.579 2.195
65 19 0.438 -0.813 2.122
65 20 0.520 -0.836 2.111
66 1 0.175 -0.329 2.455
66 2 0.147 -0.292 2.494
66 3 0.128 -0.048 2.492
66 4 0.153 0.148 2.458
66 5 0.010 -0.161 2.414
66 6 -0.043 -0.350 2.339
66 7 0.102 -0.401 2.227
66 8 0.175 -0.419 2.198
66 9 0.320 -0.145 2.602
66 10 0.384 -0.333 2.543
66 11 0.243 -0.419 2.322
66 12 0.193 -0.443 2.252
66 13 0.111 -0.413 2.391
66 14 0.430 -0.579 2.180
66 15 0.347 -0.828 2.129
66 16 0.406 -0.872 2.098
66 17 0.264 -0.414 2.488
66 18 0.491 -0.559 2.240
66 19 0.496 -0.806 2.126
66 20 0.523 -0.839 2.116
67 1 0.166 -0.321 2.454
67 2 0.136 -0.285 2.493
67 3 0.107 -0.041 2.495
67 4 0.141 0.155 2.461
67 5 0.001 -0.157 2.412
67 6 -0.052 -0.344 2.336
67 7 0.103 -0.396 2.230
67 8 0.177 -0.415 2.203
67 9 0.298 -0.139 2.608
67 10 0.375 -0.323 2.548
67 11 0.318 -0.422 2.363
67 12 0.271 -0.420 2.288
67 13 0.104 -0.404 2.387
67 14 0.434 -0.579 2.191
67 15 0.364 -0.829 2.131
67 16 0.423 -0.874 2.103
67 17 0.252 -0.403 2.494
67 18 0.502 -0.550 2.261
67 19 0.523 -0.804 2.127
67 20 0.558 -0.840 2.082
68 1 0.159 -0.317 2.455
68 2 0.127 -0.282 2.494
68 3 0.081 -0.039 2.497
68 4 0.122 0.155 2.468
68 5 -0.014 -0.159 2.409
68 6 -0.060 -0.341 2.330
68 7 0.104 -0.391 2.232
68 8 0.177 -0.410 2.208
68 9 0.274 -0.140 2.611
68 10 0.365 -0.318 2.554
68 11 0.352 -0.411 2.344
68 12 0.430 -0.490 2.253
68 13 0.100 -0.400 2.386
68 14 0.437 -0.580 2.197
68 15 0.375 -0.828 2.131
68 16 0.435 -0.875 2.107
68 17 0.246 -0.398 2.498
68 18 0.508 -0.546 2.270
68 19 0.535 -0.800 2.128
68 20 0.577 -0.834 2.059
69 1 0.135 -0.333 2.447
69 2 0.101 -0.298 2.487
69 3 0.065 -0.041 2.498
69 4 0.103 0.148 2.475
69 5 -0.029 -0.164 2.405
69 6 -0.071 -0.343 2.322
69 7 0.116 -0.376 2.233
69 8 0.193 -0.383 2.210
69 9 0.248 -0.147 2.613
69 10 0.330 -0.326 2.561
69 11 0.365 -0.408 2.343
69 12 0.484 -0.503 2.251
69 13 0.086 -0.408 2.378
69 14 0.451 -0.589 2.195
69 15 0.381 -0.828 2.128
69 16 0.469 -0.847 2.112
69 17 0.220 -0.414 2.485
69 18 0.510 -0.544 2.275
69 19 0.542 -0.797 2.127
69 20 0.585 -0.831 2.049
70 1 0.123 -0.342 2.442
70 2 0.087 -0.307 2.482
70 3 0.043 -0.056 2.498
70 4 0.081 0.133 2.483
70 5 -0.046 -0.176 2.401
70 6 -0.084 -0.350 2.310
70 7 0.111 -0.380 2.236
70 8 0.178 -0.391 2.219
70 9 0.225 -0.162 2.610
70 10 0.290 -0.339 2.544
70 11 0.371 -0.414 2.340
70 12 0.511 -0.520 2.245
70 13 0.077 -0.416 2.370
70 14 0.456 -0.599 2.189
70 15 0.380 -0.826 2.123
70 16 0.482 -0.835 2.113
70 17 0.209 -0.421 2.479
70 18 0.499 -0.563 2.260
70 19 0.544 -0.796 2.126
70 20 0.590 -0.830 2.043
71 1 0.118 -0.383 2.427
71 2 0.078 -0.348 2.469
71 3 0.027 -0.074 2.498
71 4 0.062 0.113 2.487
71 5 -0.062 -0.192 2.396
71 6 -0.096 -0.362 2.296
71 7 0.115 -0.378 2.235
71 8 0.185 -0.387 2.218
71 9 0.202 -0.192 2.604
71 10 0.265 -0.370 2.553
71 11 0.371 -0.455 2.353
71 12 0.420 -0.532 2.225
71 13 0.074 -0.442 2.361
71 14 0.421 -0.596 2.199
71 15 0.349 -0.823 2.112
71 16 0.430 -0.820 2.085
71 17 0.208 -0.467 2.453
71 18 0.500 -0.567 2.238
71 19 0.542 -0.795 2.124
71 20 0.591 -0.829 2.040
72 1 0.123 -0.417 2.423
72 2 0.078 -0.378 2.463
72 3 0.011 -0.094 2.498
72 4 0.049 0.095 2.489
72 5 -0.074 -0.205 2.393
72 6 -0.107 -0.373 2.284
72 7 0.118 -0.378 2.233
72 8 0.189 -0.388 2.218
72 9 0.186 -0.210 2.600
72 10 0.234 -0.396 2.542
72 11 0.352 -0.479 2.351
72 12 0.354 -0.543 2.256
72 13 0.097 -0.478 2.375
72 14 0.412 -0.596 2.201
72 15 0.316 -0.825 2.103
72 16 0.400 -0.815 2.074
72 17 0.213 -0.498 2.437
72 18 0.498 -0.568 2.219
72 19 0.542 -0.794 2.122
72 20 0.593 -0.829 2.038
73 1 0.125 -0.432 2.420
73 2 0.078 -0.394 2.461
73 3 0.000 -0.107 2.499
73 4 0.041 0.085 2.489
73 5 -0.083 -0.214 2.391
73 6 -0.126 -0.378 2.272
73 7 0.119 -0.388 2.234
73 8 0.189 -0.387 2.220
73 9 0.169 -0.225 2.596
73 10 0.243 -0.414 2.601
73 11 0.346 -0.522 2.403
73 12 0.349 -0.577 2.316
73 13 0.107 -0.495 2.381
73 14 0.407 -0.597 2.202
73 15 0.278 -0.820 2.093
73 16 0.356 -0.816 2.063
73 17 0.214 -0.512 2.430
73 18 0.494 -0.570 2.204
73 19 0.541 -0.794 2.120
73 20 0.593 -0.830 2.037
74 1 0.099 -0.447 2.407
74 2 0.057 -0.409 2.451
74 3 -0.010 -0.115 2.499
74 4 0.034 0.077 2.491
74 5 -0.100 -0.220 2.391
74 6 -0.169 -0.409 2.252
74 7 0.097 -0.416 2.242
74 8 0.120 -0.433 2.197
74 9 0.159 -0.234 2.593
74 10 0.252 -0.444 2.655
74 11 0.297 -0.482 2.411
74 12 0.292 -0.542 2.288
74 13 0.076 -0.505 2.365
74 14 0.386 -0.596 2.199
74 15 0.259 -0.818 2.085
74 16 0.338 -0.816 2.055
74 17 0.181 -0.531 2.407
74 18 0.481 -0.567 2.197
74 19 0.539 -0.794 2.118
74 20 0.593 -0.830 2.036
75 1 0.073 -0.452 2.398
75 2 0.036 -0.415 2.444
75 3 -0.022 -0.120 2.500
75 4 0.025 0.071 2.493
75 5 -0.115 -0.223 2.391
75 6 -0.201 -0.390 2.252
75 7 0.075 -0.425 2.247
75 8 0.108 -0.440 2.200
75 9 0.143 -0.241 2.586
75 10 0.254 -0.452 2.674
75 11 0.260 -0.446 2.414
75 12 0.246 -0.487 2.299
75 13 0.022 -0.499 2.352
75 14 0.316 -0.606 2.187
75 15 0.236 -0.829 2.066
75 16 0.288 -0.858 2.001
75 17 0.163 -0.539 2.396
75 18 0.457 -0.534 2.183
75 19 0.560 -0.773 2.094
75 20 0.613 -0.811 2.019
76 1 0.056 -0.452 2.394
76 2 0.019 -0.415 2.441
76 3 -0.041 -0.121 2.503
76 4 0.001 0.067 2.499
76 5 -0.133 -0.223 2.390
76 6 -0.224 -0.407 2.241
76 7 0.057 -0.430 2.250
76 8 0.099 -0.444 2.203
76 9 0.127 -0.243 2.576
76 10 0.253 -0.458 2.683
76 11 0.241 -0.421 2.404
76 12 0.229 -0.467 2.303
76 13 -0.009 -0.492 2.346
76 14 0.273 -0.614 2.182
76 15 0.219 -0.821 2.054
76 16 0.289 -0.840 2.017
76 17 0.149 -0.541 2.390
76 18 0.445 -0.535 2.183
76 19 0.585 -0.772 2.079
76 20 0.635 -0.811 2.008
77 1 0.027 -0.435 2.406
77 2 -0.008 -0.402 2.451
77 3 -0.064 -0.119 2.505
77 4 -0.019 0.065 2.502
77 5 -0.158 -0.220 2.389
77 6 -0.238 -0.397 2.244
77 7 0.041 -0.428 2.253
77 8 0.091 -0.442 2.212
77 9 0.108 -0.241 2.566
77 10 0.242 -0.451 2.677
77 11 0.221 -0.414 2.383
77 12 0.216 -0.459 2.298
77 13 -0.028 -0.486 2.347
77 14 0.184 -0.606 2.110
77 15 0.210 -0.829 2.051
77 16 0.262 -0.869 1.992
77 17 0.121 -0.516 2.414
77 18 0.419 -0.547 2.196
77 19 0.589 -0.771 2.077
77 20 0.637 -0.810 2.007
78 1 0.011 -0.424 2.412
78 2 -0.024 -0.392 2.456
78 3 -0.081 -0.117 2.506
78 4 -0.065 0.071 2.504
78 5 -0.179 -0.217 2.389
78 6 -0.242 -0.386 2.243
78 7 -0.016 -0.427 2.254
78 8 0.045 -0.423 2.237
78 9 0.096 -0.239 2.560
78 10 0.223 -0.389 2.638
78 11 0.200 -0.374 2.356
78 12 0.200 -0.416 2.258
78 13 -0.044 -0.478 2.351
78 14 0.131 -0.597 2.071
78 15 0.205 -0.836 2.049
78 16 0.253 -0.880 1.984
78 17 0.105 -0.499 2.427
78 18 0.391 -0.516 2.202
78 19 0.581 -0.731 2.081
78 20 0.628 -0.770 2.010
79 1 0.001 -0.420 2.415
79 2 -0.036 -0.388 2.460
79 3 -0.105 -0.116 2.506
79 4 -0.091 0.073 2.505
79 5 -0.196 -0.217 2.389
79 6 -0.246 -0.382 2.241
79 7 -0.044 -0.425 2.255
79 8 0.020 -0.411 2.250
79 9 0.080 -0.236 2.554
79 10 0.221 -0.362 2.403
79 11 0.313 -0.515 2.217
79 12 0.303 -0.544 2.145
79 13 -0.053 -0.475 2.354
79 14 0.111 -0.610 2.059
79 15 0.215 -0.878 2.053
79 16 0.258 -0.922 1.980
79 17 0.095 -0.493 2.433
79 18 0.378 -0.501 2.207
79 19 0.563 -0.715 2.102
79 20 0.632 -0.754 2.039
80 1 -0.006 -0.418 2.417
80 2 -0.042 -0.386 2.461
80 3 -0.124 -0.117 2.506
80 4 -0.119 0.068 2.501
80 5 -0.217 -0.220 2.388
80 6 -0.278 -0.375 2.228
80 7 -0.056 -0.425 2.256
80 8 0.010 -0.407 2.255
80 9 0.060 -0.233 2.549
80 10 0.204 -0.350 2.352
80 11 0.324 -0.526 2.190
80 12 0.353 -0.599 2.095
80 13 -0.058 -0.474 2.356
80 14 0.119 -0.587 2.055
80 15 0.214 -0.839 2.050
80 16 0.293 -0.847 2.021
80 17 0.090 -0.489 2.436
80 18 0.370 -0.494 2.210
80 19 0.575 -0.682 2.102
80 20 0.633 -0.724 2.035
81 1 -0.014 -0.406 2.417
81 2 -0.049 -0.382 2.462
81 3 -0.138 -0.121 2.506
81 4 -0.144 0.061 2.499
81 5 -0.234 -0.225 2.385
81 6 -0.293 -0.380 2.222
81 7 -0.063 -0.425 2.256
81 8 0.004 -0.405 2.256
81 9 0.024 -0.241 2.535
81 10 0.183 -0.371 2.324
81 11 0.350 -0.556 2.175
81 12 0.389 -0.638 2.068
81 13 -0.072 -0.446 2.359
81 14 0.091 -0.588 2.049
81 15 0.232 -0.833 2.010
81 16 0.300 -0.826 2.032
81 17 0.088 -0.468 2.430
81 18 0.369 -0.491 2.211
81 19 0.605 -0.641 2.091
81 20 0.655 -0.686 2.021
82 1 -0.018 -0.400 2.416
82 2 -0.053 -0.380 2.461
82 3 -0.149 -0.130 2.507
82 4 -0.180 0.040 2.496
82 5 -0.246 -0.230 2.384
82 6 -0.302 -0.384 2.220
82 7 -0.069 -0.424 2.257
82 8 -0.001 -0.404 2.256
82 9 -0.009 -0.261 2.515
82 10 0.173 -0.387 2.312
82 11 0.381 -0.545 2.186
82 12 0.478 -0.667 2.042
82 13 -0.077 -0.437 2.359
82 14 0.083 -0.588 2.049
82 15 0.236 -0.833 2.002
82 16 0.297 -0.856 1.983
82 17 0.088 -0.457 2.426
82 18 0.373 -0.491 2.214
82 19 0.626 -0.620 2.086
82 20 0.668 -0.669 2.017
83 1 -0.033 -0.397 2.404
83 2 -0.071 -0.381 2.450
83 3 -0.162 -0.140 2.508
83 4 -0.220 0.021 2.493
83 5 -0.254 -0.233 2.384
83 6 -0.307 -0.387 2.221
83 7 -0.097 -0.405 2.290
83 8 -0.021 -0.399 2.267
83 9 -0.029 -0.278 2.501
83 10 0.166 -0.401 2.308
83 11 0.391 -0.550 2.191
83 12 0.466 -0.564 2.151
83 13 -0.087 -0.429 2.351
83 14 0.080 -0.614 2.074
83 15 0.245 -0.838 1.994
83 16 0.304 -0.881 1.950
83 17 0.066 -0.460 2.402
83 18 0.373 -0.490 2.218
83 19 0.632 -0.608 2.088
83 20 0.703 -0.615 2.033
84 1 -0.041 -0.396 2.401
84 2 -0.079 -0.382 2.446
84 3 -0.190 -0.161 2.505
84 4 -0.253 0.005 2.491
84 5 -0.269 -0.237 2.389
84 6 -0.309 -0.392 2.225
84 7 -0.063 -0.430 2.249
84 8 -0.006 -0.421 2.231
84 9 -0.047 -0.291 2.489
84 10 0.154 -0.412 2.310
84 11 0.364 -0.505 2.216
84 12 0.445 -0.520 2.178
84 13 -0.093 -0.426 2.347
84 14 0.079 -0.628 2.088
84 15 0.251 -0.840 1.990
84 16 0.306 -0.894 1.933
84 17 0.059 -0.459 2.403
84 18 0.381 -0.489 2.226
84 19 0.649 -0.583 2.097
84 20 0.741 -0.560 2.045
85 1 -0.056 -0.392 2.404
85 2 -0.093 -0.380 2.448
85 3 -0.203 -0.171 2.504
85 4 -0.270 -0.003 2.491
85 5 -0.278 -0.240 2.391
85 6 -0.213 -0.391 2.292
85 7 -0.041 -0.446 2.227
85 8 0.014 -0.441 2.202
85 9 -0.005 -0.306 2.494
85 10 0.197 -0.418 2.331
85 11 0.371 -0.502 2.219
85 12 0.465 -0.499 2.194
85 13 -0.102 -0.426 2.349
85 14 0.089 -0.641 2.125
85 15 0.255 -0.841 1.986
85 16 0.307 -0.899 1.923
85 17 0.055 -0.457 2.404
85 18 0.383 -0.487 2.229
85 19 0.662 -0.544 2.112
85 20 0.716 -0.565 2.047
86 1 -0.040 -0.369 2.451
86 2 -0.087 -0.365 2.486
86 3 -0.215 -0.179 2.505
86 4 -0.282 -0.007 2.492
86 5 -0.289 -0.244 2.396
86 6 -0.183 -0.389 2.317
86 7 -0.029 -0.458 2.213
86 8 0.021 -0.451 2.190
86 9 -0.078 -0.226 2.585
86 10 0.112 -0.356 2.435
86 11 0.321 -0.446 2.281
86 12 0.409 -0.427 2.264
86 13 -0.056 -0.422 2.415
86 14 0.167 -0.623 2.212
86 15 0.262 -0.817 2.000
86 16 0.327 -0.827 2.023
86 17 0.066 -0.388 2.471
86 18 0.424 -0.478 2.251
86 19 0.697 -0.526 2.124
86 20 0.775 -0.502 2.063
87 1 -0.045 -0.362 2.463
87 2 -0.093 -0.361 2.496
87 3 -0.233 -0.190 2.507
87 4 -0.290 -0.012 2.495
87 5 -0.304 -0.250 2.401
87 6 -0.166 -0.386 2.332
87 7 -0.026 -0.465 2.206
87 8 0.023 -0.457 2.182
87 9 -0.101 -0.214 2.605
87 10 0.089 -0.342 2.467
87 11 0.292 -0.417 2.336
87 12 0.374 -0.388 2.314
87 13 -0.054 -0.420 2.431
87 14 0.152 -0.581 2.104
87 15 0.242 -0.792 2.020
87 16 0.316 -0.808 2.027
87 17 0.043 -0.373 2.478
87 18 0.107 -0.564 2.129
87 19 0.385 -0.620 1.986
87 20 0.489 -0.579 1.993
88 1 -0.053 -0.358 2.471
88 2 -0.102 -0.360 2.501
88 3 -0.248 -0.199 2.509
88 4 -0.298 -0.019 2.500
88 5 -0.320 -0.258 2.406
88 6 -0.157 -0.384 2.341
88 7 -0.025 -0.468 2.202
88 8 0.024 -0.462 2.177
88 9 -0.119 -0.203 2.622
88 10 0.064 -0.329 2.492
88 11 0.281 -0.405 2.356
88 12 0.363 -0.384 2.328
88 13 -0.055 -0.420 2.409
88 14 0.161 -0.574 2.103
88 15 0.235 -0.782 2.027
88 16 0.315 -0.795 2.038
88 17 0.032 -0.374 2.507
88 18 0.075 -0.575 2.120
88 19 0.245 -0.698 2.014
88 20 0.367 -0.627 2.018
89 1 -0.057 -0.356 2.475
89 2 -0.107 -0.360 2.504
89 3 -0.261 -0.208 2.512
89 4 -0.334 -0.021 2.510
89 5 -0.334 -0.267 2.410
89 6 -0.159 -0.381 2.348
89 7 -0.028 -0.470 2.201
89 8 0.024 -0.464 2.174
89 9 -0.173 -0.187 2.641
89 10 0.023 -0.306 2.517
89 11 0.260 -0.392 2.380
89 12 0.325 -0.356 2.363
89 13 -0.029 -0.435 2.385
89 14 0.230 -0.624 2.048
89 15 0.205 -0.826 2.050
89 16 0.270 -0.870 2.020
89 17 0.029 -0.377 2.521
89 18 0.009 -0.592 2.165
89 19 0.146 -0.685 2.010
89 20 0.244 -0.643 2.028
90 1 -0.022 -0.379 2.481
90 2 -0.082 -0.382 2.509
90 3 -0.279 -0.216 2.515
90 4 -0.351 -0.023 2.514
90 5 -0.353 -0.276 2.415
90 6 -0.175 -0.372 2.353
90 7 -0.243 -0.516 2.211
90 8 -0.231 -0.552 2.173
90 9 -0.193 -0.182 2.649
90 10 0.008 -0.295 2.528
90 11 0.249 -0.381 2.397
90 12 0.314 -0.344 2.377
90 13 0.023 -0.453 2.462
90 14 0.246 -0.631 2.041
90 15 0.201 -0.833 2.051
90 16 0.255 -0.898 1.980
90 17 0.062 -0.392 2.464
90 18 0.088 -0.595 2.082
90 19 0.190 -0.695 1.910
90 20 0.284 -0.647 1.952
91 1 -0.082 -0.371 2.466
91 2 -0.128 -0.380 2.500
91 3 -0.290 -0.222 2.518
91 4 -0.364 -0.025 2.518
91 5 -0.366 -0.283 2.418
91 6 -0.186 -0.365 2.357
91 7 -0.289 -0.529 2.210
91 8 -0.318 -0.584 2.168
91 9 -0.207 -0.180 2.653
91 10 -0.001 -0.291 2.534
91 11 0.239 -0.384 2.422
91 12 0.305 -0.337 2.388
91 13 -0.057 -0.437 2.370
91 14 0.264 -0.664 2.052
91 15 0.208 -0.859 2.036
91 16 0.256 -0.934 1.958
91 17 0.017 -0.395 2.482
91 18 0.043 -0.593 2.117
91 19 0.182 -0.709 1.986
91 20 0.240 -0.665 1.993
92 1 -0.072 -0.368 2.479
92 2 -0.126 -0.379 2.509
92 3 -0.299 -0.228 2.527
92 4 -0.373 -0.029 2.523
92 5 -0.377 -0.290 2.425
92 6 -0.192 -0.363 2.363
92 7 -0.322 -0.535 2.213
92 8 -0.368 -0.602 2.166
92 9 -0.217 -0.182 2.657
92 10 -0.120 -0.334 2.442
92 11 0.106 -0.437 2.336
92 12 0.144 -0.479 2.262
92 13 -0.011 -0.417 2.387
92 14 0.330 -0.683 2.128
92 15 0.194 -0.808 2.043
92 16 0.284 -0.833 2.017
92 17 0.059 -0.414 2.527
92 18 0.090 -0.582 2.098
92 19 0.192 -0.713 1.957
92 20 0.283 -0.661 1.992
93 1 -0.064 -0.448 2.462
93 2 -0.123 -0.439 2.502
93 3 -0.306 -0.235 2.536
93 4 -0.380 -0.034 2.529
93 5 -0.385 -0.297 2.432
93 6 -0.197 -0.362 2.368
93 7 -0.292 -0.520 2.230
93 8 -0.267 -0.541 2.195
93 9 -0.223 -0.188 2.661
93 10 -0.171 -0.344 2.424
93 11 0.042 -0.458 2.310
93 12 0.111 -0.476 2.320
93 13 -0.025 -0.488 2.391
93 14 0.219 -0.780 2.116
93 15 0.319 -0.792 2.041
93 16 0.349 -0.855 1.990
93 17 0.032 -0.504 2.486
93 18 0.110 -0.576 2.095
93 19 0.227 -0.708 1.963
93 20 0.288 -0.730 1.942
94 1 -0.059 -0.488 2.454
94 2 -0.118 -0.478 2.495
94 3 -0.307 -0.260 2.536
94 4 -0.431 -0.086 2.533
94 5 -0.390 -0.316 2.434
94 6 -0.169 -0.380 2.375
94 7 -0.097 -0.457 2.195
94 8 -0.075 -0.470 2.169
94 9 -0.222 -0.220 2.652
94 10 -0.215 -0.362 2.382
94 11 0.016 -0.465 2.301
94 12 0.084 -0.489 2.329
94 13 -0.028 -0.520 2.391
94 14 0.174 -0.826 2.115
94 15 0.348 -0.785 2.043
94 16 0.381 -0.852 1.989
94 17 0.025 -0.543 2.476
94 18 0.137 -0.568 2.100
94 19 0.277 -0.722 2.020
94 20 0.310 -0.793 1.965
95 1 -0.058 -0.503 2.452
95 2 -0.117 -0.491 2.494
95 3 -0.314 -0.263 2.551
95 4 -0.461 -0.119 2.535
95 5 -0.397 -0.322 2.443
95 6 -0.156 -0.382 2.399
95 7 -0.182 -0.471 2.238
95 8 -0.201 -0.502 2.199
95 9 -0.225 -0.228 2.656
95 10 -0.187 -0.382 2.427
95 11 0.026 -0.473 2.347
95 12 0.140 -0.478 2.385
95 13 -0.031 -0.535 2.397
95 14 0.146 -0.847 2.111
95 15 0.369 -0.782 2.043
95 16 0.428 -0.835 2.040
95 17 0.020 -0.561 2.471
95 18 0.152 -0.564 2.106
95 19 0.305 -0.726 2.058
95 20 0.321 -0.822 1.984
96 1 0.035 -0.452 2.494
96 2 -0.032 -0.458 2.523
96 3 -0.281 -0.278 2.552
96 4 -0.465 -0.140 2.537
96 5 -0.380 -0.337 2.447
96 6 -0.116 -0.400 2.410
96 7 -0.178 -0.517 2.311
96 8 -0.199 -0.556 2.286
96 9 -0.200 -0.249 2.654
96 10 -0.198 -0.397 2.422
96 11 0.052 -0.479 2.381
96 12 0.155 -0.489 2.399
96 13 0.058 -0.484 2.503
96 14 0.236 -0.672 2.195
96 15 0.468 -0.657 2.120
96 16 0.538 -0.689 2.147
96 17 0.102 -0.460 2.471
96 18 0.170 -0.559 2.120
96 19 0.330 -0.720 2.084
96 20 0.338 -0.828 2.017
97 1 0.054 -0.429 2.500
97 2 -0.006 -0.441 2.531
97 3 -0.265 -0.285 2.553
97 4 -0.463 -0.150 2.540
97 5 -0.368 -0.346 2.449
97 6 -0.098 -0.408 2.417
97 7 -0.109 -0.455 2.241
97 8 -0.129 -0.484 2.207
97 9 -0.185 -0.261 2.654
97 10 -0.178 -0.402 2.439
97 11 0.071 -0.481 2.400
97 12 0.180 -0.489 2.415
97 13 0.108 -0.445 2.422
97 14 0.278 -0.659 2.202
97 15 0.547 -0.607 2.148
97 16 0.568 -0.674 2.155
97 17 0.148 -0.450 2.528
97 18 0.218 -0.563 2.133
97 19 0.375 -0.736 2.102
97 20 0.376 -0.849 2.050
98 1 0.039 -0.403 2.528
98 2 -0.026 -0.416 2.557
98 3 -0.291 -0.271 2.571
98 4 -0.483 -0.134 2.553
98 5 -0.377 -0.344 2.460
98 6 -0.107 -0.403 2.431
98 7 -0.075 -0.441 2.266
98 8 -0.038 -0.423 2.247
98 9 -0.193 -0.259 2.664
98 10 -0.184 -0.398 2.445
98 11 0.061 -0.481 2.395
98 12 0.149 -0.481 2.393
98 13 0.039 -0.447 2.516
98 14 0.297 -0.599 2.262
98 15 0.557 -0.565 2.209
98 16 0.534 -0.657 2.184
98 17 0.115 -0.398 2.527
98 18 0.267 -0.559 2.148
98 19 0.416 -0.752 2.113
98 20 0.479 -0.823 2.088
99 1 -0.066 -0.349 2.582
99 2 -0.115 -0.368 2.603
99 3 -0.307 -0.262 2.580
99 4 -0.477 -0.135 2.555
99 5 -0.384 -0.341 2.468
99 6 -0.117 -0.399 2.440
99 7 -0.059 -0.429 2.265
99 8 0.003 -0.382 2.252
99 9 -0.201 -0.257 2.672
99 10 -0.187 -0.394 2.448
99 11 0.054 -0.481 2.389
99 12 0.137 -0.479 2.381
99 13 0.021 -0.419 2.652
99 14 0.333 -0.501 2.433
99 15 0.464 -0.634 2.241
99 16 0.483 -0.712 2.200
99 17 0.071 -0.354 2.511
99 18 0.326 -0.551 2.161
99 19 0.432 -0.756 2.120
99 20 0.534 -0.799 2.104
100 1 -0.015 -0.352 2.562
100 2 -0.077 -0.370 2.592
100 3 -0.313 -0.259 2.588
100 4 -0.469 -0.135 2.556
100 5 -0.390 -0.339 2.477
100 6 -0.124 -0.396 2.449
100 7 -0.052 -0.421 2.265
100 8 -0.039 -0.420 2.217
100 9 -0.207 -0.255 2.681
100 10 -0.233 -0.353 2.489
100 11 0.013 -0.431 2.443
100 12 0.094 -0.436 2.428
100 13 0.019 -0.406 2.529
100 14 0.369 -0.474 2.497
100 15 0.524 -0.626 2.284
100 16 0.521 -0.718 2.246
100 17 0.085 -0.334 2.544
100 18 0.323 -0.511 2.185
100 19 0.427 -0.727 2.135
100 20 0.521 -0.735 2.115
101 1 -0.016 -0.352 2.570
101 2 -0.079 -0.368 2.598
101 3 -0.317 -0.258 2.593
101 4 -0.463 -0.136 2.557
101 5 -0.393 -0.338 2.483
101 6 -0.148 -0.414 2.445
101 7 -0.048 -0.416 2.261
101 8 -0.015 -0.401 2.202
101 9 -0.211 -0.254 2.688
101 10 -0.208 -0.347 2.517
101 11 0.034 -0.425 2.467
101 12 0.133 -0.435 2.448
101 13 0.011 -0.398 2.595
101 14 0.363 -0.471 2.499
101 15 0.531 -0.623 2.302
101 16 0.526 -0.722 2.258
101 17 0.073 -0.345 2.545
101 18 0.336 -0.503 2.194
101 19 0.430 -0.691 2.148
101 20 0.551 -0.699 2.127
102 1 -0.038 -0.349 2.575
102 2 -0.093 -0.367 2.602
102 3 -0.319 -0.258 2.598
102 4 -0.458 -0.136 2.559
102 5 -0.396 -0.338 2.489
102 6 -0.155 -0.419 2.445
102 7 -0.045 -0.412 2.258
102 8 -0.020 -0.406 2.190
102 9 -0.214 -0.253 2.695
102 10 -0.210 -0.342 2.528
102 11 0.033 -0.415 2.485
102 12 0.123 -0.420 2.469
102 13 0.016 -0.403 2.496
102 14 0.377 -0.462 2.531
102 15 0.542 -0.621 2.314
102 16 0.538 -0.720 2.271
102 17 0.078 -0.365 2.602
102 18 0.347 -0.491 2.208
102 19 0.434 -0.677 2.195
102 20 0.552 -0.676 2.158
103 1 -0.012 -0.364 2.570
103 2 -0.070 -0.382 2.598
103 3 -0.320 -0.260 2.603
103 4 -0.455 -0.137 2.560
103 5 -0.398 -0.338 2.494
103 6 -0.160 -0.423 2.445
103 7 -0.045 -0.411 2.257
103 8 -0.025 -0.409 2.186
103 9 -0.217 -0.253 2.700
103 10 -0.213 -0.338 2.535
103 11 0.030 -0.409 2.497
103 12 0.113 -0.417 2.474
103 13 0.018 -0.404 2.491
103 14 0.394 -0.441 2.564
103 15 0.550 -0.619 2.321
103 16 0.550 -0.718 2.279
103 17 0.090 -0.371 2.617
103 18 0.388 -0.485 2.226
103 19 0.460 -0.673 2.222
103 20 0.578 -0.656 2.178
104 1 0.000 -0.372 2.566
104 2 -0.059 -0.389 2.596
104 3 -0.319 -0.263 2.607
104 4 -0.452 -0.138 2.563
104 5 -0.399 -0.339 2.499
104 6 -0.163 -0.426 2.446
104 7 -0.168 -0.466 2.250
104 8 -0.183 -0.483 2.186
104 9 -0.218 -0.253 2.705
104 10 -0.216 -0.336 2.539
104 11 0.028 -0.405 2.505
104 12 0.106 -0.415 2.475
104 13 0.020 -0.407 2.479
104 14 0.394 -0.451 2.557
104 15 0.556 -0.618 2.323
104 16 0.558 -0.716 2.283
104 17 0.097 -0.375 2.624
104 18 0.400 -0.482 2.233
104 19 0.473 -0.673 2.234
104 20 0.588 -0.645 2.187
105 1 -0.002 -0.374 2.566
105 2 -0.060 -0.393 2.595
105 3 -0.320 -0.266 2.610
105 4 -0.450 -0.139 2.565
105 5 -0.400 -0.339 2.502
105 6 -0.165 -0.429 2.445
105 7 -0.168 -0.482 2.248
105 8 -0.221 -0.501 2.198
105 9 -0.220 -0.254 2.709
105 10 -0.218 -0.335 2.542
105 11 0.027 -0.402 2.510
105 12 0.102 -0.415 2.474
105 13 0.046 -0.413 2.454
105 14 0.400 -0.463 2.553
105 15 0.567 -0.617 2.325
105 16 0.572 -0.714 2.289
105 17 0.108 -0.387 2.634
105 18 0.408 -0.480 2.238
105 19 0.481 -0.673 2.243
105 20 0.593 -0.637 2.194
106 1 0.009 -0.388 2.545
106 2 -0.055 -0.401 2.583
106 3 -0.320 -0.269 2.612
106 4 -0.449 -0.141 2.567
106 5 -0.402 -0.340 2.505
106 6 -0.167 -0.431 2.445
106 7 -0.204 -0.493 2.246
106 8 -0.262 -0.516 2.194
106 9 -0.222 -0.255 2.712
106 10 -0.228 -0.336 2.541
106 11 0.020 -0.402 2.511
106 12 0.087 -0.417 2.467
106 13 0.029 -0.430 2.466
106 14 0.388 -0.471 2.539
106 15 0.567 -0.614 2.322
106 16 0.574 -0.710 2.290
106 17 0.110 -0.384 2.576
106 18 0.416 -0.486 2.231
106 19 0.493 -0.681 2.236
106 20 0.596 -0.632 2.191
107 1 -0.051 -0.389 2.546
107 2 -0.101 -0.406 2.585
107 3 -0.324 -0.281 2.647
107 4 -0.449 -0.143 2.570
107 5 -0.407 -0.347 2.531
107 6 -0.171 -0.438 2.461
107 7 -0.198 -0.505 2.268
107 8 -0.237 -0.501 2.250
107 9 -0.227 -0.261 2.738
107 10 -0.239 -0.338 2.553
107 11 0.010 -0.406 2.522
107 12 0.073 -0.420 2.479
107 13 -0.076 -0.429 2.458
107 14 0.290 -0.485 2.506
107 15 0.478 -0.610 2.295
107 16 0.484 -0.704 2.272
107 17 0.074 -0.386 2.583
107 18 0.404 -0.489 2.235
107 19 0.564 -0.529 2.230
107 20 0.653 -0.525 2.178
108 1 -0.087 -0.388 2.547
108 2 -0.128 -0.408 2.586
108 3 -0.326 -0.288 2.661
108 4 -0.451 -0.146 2.573
108 5 -0.410 -0.352 2.545
108 6 -0.173 -0.443 2.472
108 7 -0.214 -0.508 2.281
108 8 -0.229 -0.496 2.249
108 9 -0.230 -0.266 2.752
108 10 -0.245 -0.339 2.559
108 11 0.005 -0.407 2.527
108 12 0.068 -0.420 2.482
108 13 -0.122 -0.429 2.451
108 14 0.231 -0.492 2.488
108 15 0.424 -0.608 2.280
108 16 0.430 -0.701 2.263
108 17 0.056 -0.387 2.582
108 18 0.394 -0.493 2.237
108 19 0.590 -0.476 2.228
108 20 0.681 -0.467 2.173
109 1 -0.099 -0.387 2.548
109 2 -0.137 -0.409 2.586
109 3 -0.327 -0.292 2.669
109 4 -0.454 -0.151 2.577
109 5 -0.412 -0.356 2.555
109 6 -0.175 -0.447 2.480
109 7 -0.196 -0.509 2.293
109 8 -0.221 -0.493 2.266
109 9 -0.233 -0.270 2.762
109 10 -0.248 -0.340 2.563
109 11 0.002 -0.409 2.531
109 12 0.065 -0.420 2.484
109 13 -0.142 -0.422 2.516
109 14 0.199 -0.447 2.545
109 15 0.393 -0.561 2.337
109 16 0.397 -0.653 2.324
109 17 0.041 -0.367 2.554
109 18 0.390 -0.496 2.234
109 19 0.661 -0.419 2.203
109 20 0.748 -0.429 2.141
110 1 -0.066 -0.403 2.653
110 2 -0.123 -0.419 2.669
110 3 -0.328 -0.294 2.674
110 4 -0.459 -0.154 2.581
110 5 -0.413 -0.359 2.561
110 6 -0.176 -0.451 2.486
110 7 -0.202 -0.509 2.300
110 8 -0.201 -0.481 2.268
110 9 -0.234 -0.272 2.768
110 10 -0.250 -0.340 2.565
110 11 0.000 -0.410 2.533
110 12 0.064 -0.420 2.486
110 13 -0.060 -0.459 2.632
110 14 0.258 -0.456 2.662
110 15 0.447 -0.570 2.451
110 16 0.462 -0.653 2.418
110 17 0.048 -0.382 2.686
110 18 0.339 -0.493 2.287
110 19 0.681 -0.396 2.200
110 20 0.762 -0.393 2.137
111 1 -0.093 -0.405 2.573
111 2 -0.139 -0.425 2.611
111 3 -0.329 -0.297 2.676
111 4 -0.463 -0.157 2.584
111 5 -0.414 -0.361 2.565
111 6 -0.177 -0.453 2.489
111 7 -0.207 -0.509 2.304
111 8 -0.194 -0.476 2.271
111 9 -0.235 -0.275 2.773
111 10 -0.251 -0.341 2.567
111 11 -0.001 -0.412 2.535
111 12 0.064 -0.420 2.487
111 13 -0.119 -0.449 2.561
111 14 0.231 -0.469 2.545
111 15 0.421 -0.587 2.332
111 16 0.430 -0.675 2.311
111 17 0.011 -0.388 2.543
111 18 0.339 -0.500 2.275
111 19 0.692 -0.386 2.200
111 20 0.756 -0.379 2.141
112 1 -0.100 -0.403 2.546
112 2 -0.145 -0.426 2.582
112 3 -0.330 -0.300 2.674
112 4 -0.467 -0.160 2.586
112 5 -0.416 -0.364 2.567
112 6 -0.178 -0.455 2.491
112 7 -0.213 -0.509 2.305
112 8 -0.186 -0.471 2.272
112 9 -0.237 -0.277 2.775
112 10 -0.252 -0.342 2.568
112 11 -0.002 -0.414 2.534
112 12 0.065 -0.419 2.487
112 13 -0.121 -0.430 2.485
112 14 0.223 -0.478 2.530
112 15 0.412 -0.597 2.316
112 16 0.419 -0.686 2.298
112 17 0.000 -0.392 2.524
112 18 0.337 -0.515 2.221
112 19 0.700 -0.421 2.152
112 20 0.769 -0.361 2.125
113 1 -0.105 -0.402 2.525
113 2 -0.148 -0.425 2.565
113 3 -0.333 -0.303 2.670
113 4 -0.469 -0.161 2.588
113 5 -0.417 -0.366 2.568
113 6 -0.179 -0.457 2.492
113 7 -0.196 -0.506 2.300
113 8 -0.190 -0.473 2.264
113 9 -0.238 -0.279 2.775
113 10 -0.253 -0.343 2.568
113 11 -0.004 -0.416 2.533
113 12 0.066 -0.419 2.486
113 13 -0.129 -0.436 2.509
113 14 0.216 -0.482 2.493
113 15 0.404 -0.603 2.278
113 16 0.408 -0.694 2.262
113 17 -0.006 -0.395 2.498
113 18 0.335 -0.518 2.213
113 19 0.680 -0.434 2.166
113 20 0.734 -0.362 2.146
114 1 -0.065 -0.405 2.529
114 2 -0.015 -0.423 2.592
114 3 0.076 -0.326 2.913
114 4 -0.113 -0.265 2.823
114 5 0.130 -0.423 2.815
114 6 0.333 -0.509 2.729
114 7 0.140 -0.439 2.657
114 8 0.043 -0.417 2.600
114 9 0.167 -0.379 2.850
114 10 0.123 -0.431 2.638
114 11 0.371 -0.507 2.601
114 12 0.451 -0.490 2.537
114 13 -0.098 -0.414 2.464
114 14 0.226 -0.494 2.482
114 15 0.413 -0.616 2.267
114 16 0.398 -0.700 2.258
114 17 -0.033 -0.422 2.503
114 18 0.318 -0.527 2.198
114 19 0.662 -0.469 2.134
114 20 0.739 -0.438 2.157
115 1 -0.006 -0.363 2.726
115 2 0.016 -0.393 2.770
115 3 0.129 -0.320 2.965
115 4 -0.063 -0.275 2.872
115 5 0.195 -0.400 2.872
115 6 0.434 -0.490 2.802
115 7 0.193 -0.410 2.721
115 8 0.110 -0.384 2.696
115 9 0.219 -0.393 2.862
115 10 0.214 -0.453 2.656
115 11 0.461 -0.530 2.618
115 12 0.505 -0.498 2.545
115 13 -0.114 -0.384 2.716
115 14 0.170 -0.484 2.466
115 15 0.357 -0.607 2.251
115 16 0.409 -0.621 2.247
115 17 -0.038 -0.414 2.500
115 18 0.321 -0.525 2.197
115 19 0.657 -0.470 2.146
115 20 0.744 -0.479 2.209
116 1 -0.086 -0.401 2.574
116 2 -0.061 -0.424 2.649
116 3 0.139 -0.320 2.965
116 4 -0.053 -0.280 2.873
116 5 0.216 -0.375 2.893
116 6 0.491 -0.470 2.840
116 7 0.208 -0.389 2.745
116 8 0.148 -0.363 2.755
116 9 0.270 -0.413 2.858
116 10 0.266 -0.472 2.651
116 11 0.514 -0.550 2.613
116 12 0.524 -0.508 2.527
116 13 -0.117 -0.368 2.503
116 14 0.167 -0.487 2.461
116 15 0.355 -0.611 2.247
116 16 0.466 -0.580 2.247
116 17 -0.108 -0.450 2.515
116 18 0.264 -0.536 2.207
116 19 0.644 -0.486 2.136
116 20 0.734 -0.501 2.196
117 1 -0.045 -0.394 2.624
117 2 -0.009 -0.416 2.701
117 3 0.139 -0.320 2.964
117 4 -0.053 -0.281 2.872
117 5 0.215 -0.372 2.894
117 6 0.491 -0.465 2.842
117 7 0.207 -0.386 2.746
117 8 0.146 -0.359 2.756
117 9 0.231 -0.397 2.853
117 10 0.264 -0.468 2.654
117 11 0.512 -0.545 2.616
117 12 0.521 -0.498 2.539
117 13 -0.083 -0.366 2.523
117 14 0.217 -0.510 2.460
117 15 0.405 -0.634 2.245
117 16 0.535 -0.571 2.244
117 17 -0.088 -0.461 2.553
117 18 0.254 -0.539 2.207
117 19 0.636 -0.494 2.130
117 20 0.730 -0.511 2.189
118 1 0.008 -0.365 2.742
118 2 0.028 -0.398 2.786
118 3 0.156 -0.310 2.996
118 4 -0.034 -0.277 2.899
118 5 0.214 -0.366 2.901
118 6 0.489 -0.458 2.850
118 7 0.205 -0.382 2.751
118 8 0.145 -0.354 2.760
118 9 0.285 -0.395 2.891
118 10 0.281 -0.454 2.689
118 11 0.529 -0.531 2.651
118 12 0.536 -0.484 2.579
118 13 -0.046 -0.355 2.519
118 14 0.240 -0.532 2.450
118 15 0.428 -0.656 2.236
118 16 0.561 -0.576 2.236
118 17 -0.072 -0.433 2.691
118 18 0.242 -0.510 2.298
118 19 0.637 -0.476 2.175
118 20 0.676 -0.547 2.205
119 1 -0.090 -0.432 2.540
119 2 -0.073 -0.449 2.622
119 3 0.112 -0.326 2.938
119 4 -0.080 -0.281 2.848
119 5 0.194 -0.362 2.902
119 6 0.470 -0.452 2.851
119 7 0.187 -0.379 2.749
119 8 0.129 -0.350 2.756
119 9 0.198 -0.376 2.883
119 10 0.232 -0.444 2.687
119 11 0.480 -0.520 2.649
119 12 0.524 -0.485 2.576
119 13 -0.100 -0.401 2.506
119 14 0.242 -0.524 2.453
119 15 0.430 -0.648 2.238
119 16 0.567 -0.570 2.235
119 17 -0.091 -0.465 2.520
119 18 0.238 -0.553 2.224
119 19 0.611 -0.518 2.126
119 20 0.678 -0.539 2.152
120 1 -0.069 -0.415 2.593
120 2 -0.055 -0.436 2.664
120 3 0.118 -0.327 2.939
120 4 -0.077 -0.282 2.847
120 5 0.190 -0.358 2.907
120 6 0.438 -0.448 2.842
120 7 0.182 -0.375 2.753
120 8 0.106 -0.351 2.735
120 9 0.196 -0.374 2.887
120 10 0.200 -0.436 2.685
120 11 0.449 -0.513 2.648
120 12 0.491 -0.495 2.579
120 13 -0.095 -0.394 2.554
120 14 0.240 -0.521 2.448
120 15 0.428 -0.645 2.234
120 16 0.559 -0.570 2.228
120 17 -0.080 -0.450 2.575
120 18 0.232 -0.556 2.221
120 19 0.602 -0.527 2.115
120 20 0.679 -0.528 2.138
121 1 -0.078 -0.417 2.582
121 2 -0.065 -0.439 2.653
121 3 0.098 -0.329 2.918
121 4 -0.094 -0.279 2.830
121 5 0.159 -0.356 2.896
121 6 0.412 -0.446 2.832
121 7 0.159 -0.379 2.732
121 8 0.091 -0.354 2.720
121 9 0.170 -0.369 2.883
121 10 0.179 -0.432 2.682
121 11 0.428 -0.508 2.645
121 12 0.476 -0.501 2.579
121 13 -0.100 -0.394 2.586
121 14 0.236 -0.516 2.445
121 15 0.424 -0.640 2.230
121 16 0.547 -0.571 2.223
121 17 -0.075 -0.443 2.568
121 18 0.229 -0.559 2.214
121 19 0.596 -0.532 2.109
121 20 0.684 -0.516 2.130
122 1 -0.025 -0.463 2.551
122 2 -0.014 -0.482 2.621
122 3 0.099 -0.350 2.878
122 4 -0.097 -0.288 2.804
122 5 0.147 -0.356 2.890
122 6 0.400 -0.445 2.827
122 7 0.150 -0.381 2.724
122 8 0.083 -0.355 2.711
122 9 0.161 -0.367 2.881
122 10 0.170 -0.430 2.680
122 11 0.419 -0.506 2.643
122 12 0.471 -0.504 2.578
122 13 -0.025 -0.458 2.568
122 14 0.224 -0.615 2.372
122 15 0.413 -0.739 2.157
122 16 0.515 -0.672 2.163
122 17 -0.018 -0.471 2.546
122 18 0.304 -0.555 2.197
122 19 0.652 -0.514 2.116
122 20 0.763 -0.483 2.152
123 1 -0.063 -0.435 2.585
123 2 -0.091 -0.393 2.590
123 3 -0.290 -0.322 2.665
123 4 -0.437 -0.186 2.605
123 5 0.139 -0.356 2.886
123 6 0.392 -0.445 2.823
123 7 0.145 -0.382 2.719
123 8 0.078 -0.356 2.704
123 9 0.155 -0.369 2.874
123 10 0.162 -0.430 2.675
123 11 0.411 -0.507 2.638
123 12 0.467 -0.509 2.572
123 13 -0.018 -0.457 2.657
123 14 0.302 -0.542 2.625
123 15 0.491 -0.666 2.410
123 16 0.578 -0.599 2.425
123 17 0.041 -0.469 2.504
123 18 0.375 -0.555 2.162
123 19 0.543 -0.498 2.355
123 20 0.647 -0.481 2.310
124 1 -0.041 -0.494 2.585
124 2 -0.076 -0.422 2.576
124 3 -0.348 -0.325 2.620
124 4 -0.492 -0.174 2.564
124 5 0.135 -0.357 2.883
124 6 0.386 -0.445 2.820
124 7 0.142 -0.384 2.716
124 8 0.074 -0.358 2.700
124 9 0.152 -0.370 2.869
124 10 0.157 -0.431 2.671
124 11 0.406 -0.507 2.635
124 12 0.466 -0.513 2.568
124 13 0.001 -0.513 2.612
124 14 0.322 -0.539 2.679
124 15 0.511 -0.663 2.464
124 16 0.512 -0.691 2.487
124 17 0.017 -0.531 2.578
124 18 0.311 -0.594 2.165
124 19 0.287 -0.397 2.359
124 20 0.396 -0.403 2.331
125 1 -0.130 -0.517 2.493
125 2 -0.159 -0.479 2.529
125 3 -0.360 -0.317 2.630
125 4 -0.504 -0.164 2.568
125 5 0.101 -0.400 2.838
125 6 0.345 -0.489 2.771
125 7 0.107 -0.413 2.684
125 8 0.036 -0.382 2.667
125 9 0.155 -0.372 2.865
125 10 0.155 -0.431 2.668
125 11 0.404 -0.508 2.631
125 12 0.468 -0.515 2.563
125 13 -0.132 -0.529 2.490
125 14 0.047 -0.686 2.266
125 15 0.232 -0.813 2.047
125 16 0.241 -0.891 1.981
125 17 -0.094 -0.537 2.454
125 18 0.275 -0.617 2.133
125 19 0.229 -0.378 2.366
125 20 0.351 -0.390 2.313
126 1 -0.205 -0.453 2.529
126 2 -0.230 -0.452 2.557
126 3 -0.361 -0.313 2.627
126 4 -0.504 -0.159 2.567
126 5 0.098 -0.406 2.830
126 6 0.338 -0.496 2.762
126 7 0.140 -0.457 2.614
126 8 0.152 -0.506 2.578
126 9 0.157 -0.372 2.863
126 10 0.153 -0.431 2.666
126 11 0.403 -0.508 2.629
126 12 0.470 -0.514 2.561
126 13 -0.136 -0.503 2.415
126 14 0.032 -0.719 2.260
126 15 0.217 -0.853 2.046
126 16 0.202 -0.941 1.969
126 17 -0.134 -0.541 2.533
126 18 0.204 -0.621 2.167
126 19 0.127 -0.346 2.405
126 20 0.262 -0.371 2.362
127 1 -0.088 -0.418 2.599
127 2 -0.140 -0.425 2.633
127 3 -0.366 -0.310 2.627
127 4 -0.507 -0.159 2.573
127 5 0.098 -0.409 2.826
127 6 0.334 -0.500 2.756
127 7 0.156 -0.472 2.577
127 8 -0.253 -0.444 2.205
127 9 0.157 -0.371 2.863
127 10 0.152 -0.431 2.665
127 11 0.401 -0.507 2.628
127 12 0.470 -0.511 2.562
127 13 -0.037 -0.467 2.628
127 14 0.279 -0.545 2.414
127 15 0.469 -0.670 2.199
127 16 0.574 -0.635 2.196
127 17 0.013 -0.429 2.549
127 18 0.349 -0.556 2.392
127 19 0.577 -0.469 2.446
127 20 0.659 -0.464 2.374
128 1 -0.007 -0.420 2.631
128 2 -0.074 -0.428 2.666
128 3 -0.367 -0.306 2.632
128 4 -0.509 -0.160 2.576
128 5 0.104 -0.408 2.828
128 6 0.336 -0.501 2.754
128 7 0.166 -0.478 2.561
128 8 0.090 -0.494 2.482
128 9 0.158 -0.369 2.865
128 10 0.151 -0.430 2.664
128 11 0.400 -0.507 2.628
128 12 0.471 -0.506 2.564
128 13 0.018 -0.453 2.602
128 14 0.306 -0.540 2.385
128 15 0.616 -0.548 2.300
128 16 0.610 -0.618 2.190
128 17 0.022 -0.424 2.629
128 18 0.384 -0.541 2.472
128 19 0.592 -0.463 2.457
128 20 0.673 -0.460 2.381
129 1 -0.020 -0.446 2.521
129 2 -0.064 -0.413 2.573
129 3 -0.378 -0.271 2.602
129 4 -0.520 -0.154 2.576
129 5 0.112 -0.405 2.832
129 6 0.341 -0.500 2.756
129 7 0.174 -0.474 2.561
129 8 0.104 -0.501 2.477
129 9 0.145 -0.339 2.835
129 10 0.138 -0.399 2.629
129 11 0.387 -0.475 2.593
129 12 0.459 -0.471 2.532
129 13 -0.002 -0.465 2.531
129 14 0.354 -0.495 2.428
129 15 0.642 -0.509 2.321
129 16 0.607 -0.567 2.265
129 17 0.003 -0.450 2.496
129 18 0.303 -0.600 2.168
129 19 0.517 -0.521 2.349
129 20 0.600 -0.509 2.296
130 1 -0.037 -0.444 2.630
130 2 -0.083 -0.403 2.656
130 3 -0.372 -0.254 2.596
130 4 -0.516 -0.154 2.585
130 5 0.118 -0.406 2.833
130 6 0.346 -0.501 2.757
130 7 0.180 -0.473 2.557
130 8 0.143 -0.508 2.495
130 9 0.138 -0.322 2.820
130 10 0.130 -0.383 2.613
130 11 0.380 -0.459 2.577
130 12 0.449 -0.449 2.514
130 13 -0.010 -0.478 2.628
130 14 0.362 -0.484 2.691
130 15 0.661 -0.487 2.598
130 16 0.684 -0.511 2.521
130 17 -0.021 -0.433 2.636
130 18 0.274 -0.541 2.266
130 19 0.486 -0.498 2.409
130 20 0.587 -0.491 2.360
131 1 -0.156 -0.355 2.658
131 2 -0.174 -0.321 2.628
131 3 -0.385 -0.225 2.577
131 4 -0.530 -0.147 2.595
131 5 0.119 -0.404 2.828
131 6 0.348 -0.499 2.753
131 7 0.172 -0.456 2.553
131 8 0.161 -0.502 2.511
131 9 -0.337 -0.284 2.572
131 10 -0.306 -0.347 2.383
131 11 -0.056 -0.423 2.346
131 12 -0.002 -0.424 2.316
131 13 0.026 -0.423 2.648
131 14 0.120 -0.522 2.336
131 15 0.428 -0.527 2.258
131 16 0.399 -0.580 2.308
131 17 -0.190 -0.386 2.739
131 18 0.147 -0.486 2.337
131 19 0.382 -0.453 2.514
131 20 0.344 -0.501 2.574
132 1 -0.147 -0.359 2.662
132 2 -0.171 -0.307 2.617
132 3 -0.388 -0.213 2.569
132 4 -0.538 -0.146 2.601
132 5 0.145 -0.388 2.849
132 6 0.372 -0.486 2.769
132 7 0.190 -0.429 2.589
132 8 0.187 -0.476 2.557
132 9 -0.390 -0.267 2.534
132 10 -0.396 -0.328 2.326
132 11 -0.146 -0.405 2.289
132 12 -0.055 -0.405 2.281
132 13 0.038 -0.409 2.653
132 14 0.128 -0.503 2.313
132 15 0.432 -0.502 2.237
132 16 0.510 -0.522 2.228
132 17 -0.138 -0.442 2.727
132 18 0.125 -0.476 2.339
132 19 0.424 -0.481 2.485
132 20 0.378 -0.545 2.536
133 1 -0.214 -0.346 2.566
133 2 -0.206 -0.286 2.570
133 3 -0.232 -0.254 2.715
133 4 -0.423 -0.183 2.681
133 5 0.150 -0.384 2.854
133 6 0.258 -0.501 2.726
133 7 0.041 -0.422 2.531
133 8 0.043 -0.460 2.504
133 9 -0.187 -0.356 2.582
133 10 -0.354 -0.346 2.626
133 11 -0.117 -0.406 2.527
133 12 -0.010 -0.410 2.523
133 13 -0.147 -0.365 2.490
133 14 0.132 -0.496 2.419
133 15 0.419 -0.488 2.278
133 16 0.420 -0.573 2.352
133 17 -0.264 -0.395 2.510
133 18 0.114 -0.450 2.234
133 19 0.390 -0.467 2.374
133 20 0.476 -0.477 2.338
134 1 -0.294 -0.305 2.583
134 2 -0.261 -0.257 2.580
134 3 -0.207 -0.240 2.757
134 4 -0.386 -0.169 2.721
134 5 0.152 -0.383 2.856
134 6 0.189 -0.515 2.693
134 7 0.006 -0.404 2.526
134 8 0.011 -0.454 2.500
134 9 -0.187 -0.359 2.582
134 10 -0.347 -0.297 2.677
134 11 -0.113 -0.380 2.579
134 12 0.003 -0.385 2.562
134 13 -0.253 -0.318 2.531
134 14 0.052 -0.470 2.415
134 15 0.349 -0.478 2.300
134 16 0.324 -0.562 2.367
134 17 -0.355 -0.356 2.539
134 18 0.048 -0.379 2.270
134 19 0.347 -0.436 2.361
134 20 0.429 -0.454 2.349
135 1 -0.268 -0.290 2.600
135 2 -0.250 -0.240 2.608
135 3 -0.191 -0.232 2.806
135 4 -0.366 -0.167 2.741
135 5 0.152 -0.383 2.856
135 6 0.169 -0.518 2.684
135 7 -0.014 -0.402 2.521
135 8 -0.007 -0.453 2.496
135 9 -0.184 -0.366 2.577
135 10 -0.356 -0.286 2.726
135 11 -0.124 -0.371 2.619
135 12 -0.002 -0.382 2.582
135 13 -0.233 -0.306 2.450
135 14 0.078 -0.482 2.444
135 15 0.340 -0.485 2.314
135 16 0.333 -0.592 2.378
135 17 -0.304 -0.357 2.548
135 18 0.050 -0.369 2.264
135 19 0.349 -0.434 2.369
135 20 0.451 -0.441 2.332
136 1 -0.282 -0.277 2.687
136 2 -0.256 -0.235 2.674
136 3 -0.210 -0.218 2.811
136 4 -0.362 -0.163 2.750
136 5 0.150 -0.385 2.855
136 6 0.158 -0.520 2.678
136 7 -0.021 -0.406 2.522
136 8 -0.018 -0.453 2.494
136 9 -0.183 -0.370 2.585
136 10 -0.354 -0.273 2.772
136 11 -0.124 -0.361 2.659
136 12 -0.019 -0.371 2.617
136 13 -0.240 -0.357 2.472
136 14 0.088 -0.478 2.449
136 15 0.350 -0.490 2.324
136 16 0.333 -0.582 2.392
136 17 -0.340 -0.379 2.720
136 18 0.093 -0.333 2.499
136 19 0.364 -0.412 2.420
136 20 0.374 -0.475 2.494
137 1 -0.236 -0.295 2.681
137 2 -0.229 -0.244 2.685
137 3 -0.236 -0.198 2.818
137 4 -0.337 -0.099 2.736
137 5 0.147 -0.386 2.853
137 6 0.155 -0.522 2.675
137 7 -0.036 -0.405 2.518
137 8 -0.025 -0.456 2.492
137 9 -0.257 -0.300 2.696
137 10 -0.181 -0.338 2.662
137 11 0.038 -0.409 2.612
137 12 0.151 -0.424 2.550
137 13 -0.116 -0.370 2.483
137 14 0.188 -0.539 2.429
137 15 0.439 -0.544 2.318
137 16 0.406 -0.641 2.373
137 17 -0.258 -0.427 2.648
137 18 0.111 -0.330 2.430
137 19 0.400 -0.411 2.410
137 20 0.497 -0.440 2.372
138 1 -0.231 -0.268 2.703
138 2 -0.223 -0.227 2.704
138 3 -0.267 -0.166 2.834
138 4 -0.346 -0.056 2.729
138 5 0.144 -0.388 2.851
138 6 0.159 -0.523 2.675
138 7 -0.033 -0.416 2.529
138 8 -0.029 -0.461 2.493
138 9 -0.248 -0.219 2.815
138 10 -0.162 -0.334 2.674
138 11 0.075 -0.415 2.616
138 12 0.162 -0.421 2.573
138 13 -0.116 -0.369 2.481
138 14 0.201 -0.565 2.421
138 15 0.474 -0.578 2.310
138 16 0.436 -0.673 2.352
138 17 -0.234 -0.363 2.659
138 18 0.142 -0.333 2.410
138 19 0.435 -0.417 2.398
138 20 0.528 -0.435 2.360
139 1 -0.311 -0.303 2.584
139 2 -0.313 -0.270 2.555
139 3 -0.386 -0.189 2.602
139 4 -0.440 -0.029 2.620
139 5 0.141 -0.389 2.850
139 6 0.165 -0.523 2.676
139 7 -0.033 -0.421 2.533
139 8 -0.031 -0.467 2.495
139 9 -0.248 -0.228 2.797
139 10 -0.122 -0.368 2.657
139 11 0.100 -0.418 2.622
139 12 0.183 -0.422 2.580
139 13 -0.135 -0.411 2.476
139 14 0.190 -0.484 2.516
139 15 0.488 -0.531 2.383
139 16 0.443 -0.565 2.475
139 17 -0.319 -0.441 2.601
139 18 0.066 -0.355 2.341
139 19 0.333 -0.419 2.355
139 20 0.443 -0.429 2.321
140 1 -0.300 -0.284 2.578
140 2 -0.315 -0.259 2.542
140 3 -0.420 -0.178 2.570
140 4 -0.468 -0.006 2.594
140 5 0.139 -0.391 2.849
140 6 0.179 -0.523 2.681
140 7 -0.024 -0.486 2.544
140 8 -0.025 -0.536 2.503
140 9 -0.269 -0.200 2.859
140 10 -0.134 -0.370 2.619
140 11 0.098 -0.430 2.582
140 12 0.163 -0.434 2.525
140 13 -0.107 -0.402 2.493
140 14 0.210 -0.543 2.505
140 15 0.497 -0.547 2.395
140 16 0.469 -0.612 2.459
140 17 -0.241 -0.417 2.616
140 18 0.135 -0.362 2.332
140 19 0.442 -0.430 2.378
140 20 0.548 -0.437 2.325
141 1 -0.305 -0.284 2.561
141 2 -0.326 -0.262 2.515
141 3 -0.441 -0.186 2.531
141 4 -0.508 -0.011 2.581
141 5 0.138 -0.391 2.848
141 6 0.191 -0.522 2.685
141 7 -0.012 -0.478 2.555
141 8 -0.021 -0.541 2.508
141 9 -0.283 -0.203 2.856
141 10 -0.139 -0.372 2.601
141 11 0.098 -0.437 2.562
141 12 0.173 -0.443 2.508
141 13 -0.099 -0.396 2.502
141 14 0.211 -0.555 2.512
141 15 0.501 -0.558 2.403
141 16 0.480 -0.619 2.475
141 17 -0.212 -0.410 2.614
141 18 0.166 -0.366 2.329
141 19 0.468 -0.434 2.380
141 20 0.582 -0.440 2.326
142 1 -0.311 -0.283 2.552
142 2 -0.333 -0.262 2.503
142 3 -0.449 -0.189 2.528
142 4 -0.529 -0.007 2.571
142 5 0.137 -0.392 2.847
142 6 0.200 -0.521 2.688
142 7 -0.005 -0.473 2.560
142 8 -0.465 -0.268 2.279
142 9 -0.309 -0.232 2.787
142 10 -0.148 -0.371 2.589
142 11 0.095 -0.442 2.547
142 12 0.167 -0.447 2.495
142 13 -0.098 -0.388 2.508
142 14 0.132 -0.632 2.476
142 15 0.441 -0.632 2.379
142 16 0.420 -0.688 2.455
142 17 -0.208 -0.415 2.646
142 18 0.176 -0.366 2.336
142 19 0.477 -0.435 2.386
142 20 0.457 -0.484 2.451
143 1 -0.191 -0.333 2.594
143 2 -0.236 -0.349 2.569
143 3 -0.436 -0.251 2.528
143 4 -0.533 -0.094 2.591
143 5 0.136 -0.393 2.846
143 6 0.207 -0.520 2.691
143 7 0.000 -0.466 2.563
143 8 -0.085 -0.363 2.516
143 9 -0.324 -0.246 2.818
143 10 -0.186 -0.353 2.606
143 11 0.068 -0.433 2.559
143 12 0.133 -0.432 2.522
143 13 -0.003 -0.382 2.607
143 14 0.282 -0.575 2.561
143 15 0.572 -0.593 2.451
143 16 0.679 -0.566 2.404
143 17 -0.153 -0.392 2.638
143 18 0.178 -0.365 2.345
143 19 0.477 -0.434 2.392
143 20 0.532 -0.452 2.385
144 1 -0.163 -0.348 2.593
144 2 -0.219 -0.371 2.565
144 3 -0.434 -0.267 2.526
144 4 -0.495 -0.101 2.595
144 5 0.135 -0.393 2.846
144 6 0.213 -0.519 2.693
144 7 0.004 -0.459 2.564
144 8 -0.083 -0.354 2.523
144 9 -0.329 -0.254 2.818
144 10 -0.227 -0.337 2.620
144 11 0.041 -0.426 2.564
144 12 0.103 -0.423 2.531
144 13 0.047 -0.409 2.666
144 14 0.353 -0.563 2.585
144 15 0.646 -0.583 2.475
144 16 0.726 -0.566 2.390
144 17 -0.103 -0.378 2.576
144 18 0.189 -0.363 2.346
144 19 0.492 -0.431 2.384
144 20 0.576 -0.443 2.355
145 1 -0.140 -0.359 2.599
145 2 -0.200 -0.386 2.572
145 3 -0.424 -0.283 2.538
145 4 -0.468 -0.112 2.598
145 5 0.135 -0.393 2.846
145 6 0.217 -0.518 2.694
145 7 0.006 -0.454 2.565
145 8 -0.072 -0.337 2.538
145 9 -0.333 -0.260 2.818
145 10 -0.255 -0.328 2.625
145 11 0.017 -0.420 2.566
145 12 0.082 -0.417 2.535
145 13 0.073 -0.426 2.698
145 14 0.394 -0.551 2.598
145 15 0.687 -0.573 2.488
145 16 0.780 -0.539 2.374
145 17 -0.077 -0.370 2.533
145 18 0.197 -0.362 2.346
145 19 0.501 -0.428 2.377
145 20 0.605 -0.437 2.331
146 1 -0.125 -0.367 2.601
146 2 -0.183 -0.390 2.571
146 3 -0.413 -0.287 2.552
146 4 -0.431 -0.111 2.602
146 5 0.135 -0.393 2.846
146 6 0.220 -0.518 2.696
146 7 0.008 -0.450 2.565
146 8 -0.472 -0.224 2.297
146 9 -0.333 -0.264 2.819
146 10 -0.262 -0.327 2.628
146 11 0.010 -0.419 2.567
146 12 0.078 -0.418 2.537
146 13 0.088 -0.433 2.699
146 14 0.421 -0.546 2.604
146 15 0.713 -0.568 2.494
146 16 0.728 -0.596 2.530
146 17 -0.072 -0.369 2.517
146 18 0.202 -0.361 2.346
146 19 0.506 -0.427 2.374
146 20 0.617 -0.434 2.321
147 1 -0.116 -0.372 2.602
147 2 -0.174 -0.386 2.568
147 3 -0.408 -0.288 2.562
147 4 -0.420 -0.111 2.605
147 5 0.135 -0.393 2.846
147 6 0.222 -0.517 2.697
147 7 0.009 -0.446 2.565
147 8 -0.489 -0.202 2.293
147 9 -0.331 -0.268 2.821
147 10 -0.260 -0.348 2.597
147 11 -0.008 -0.442 2.513
147 12 0.072 -0.442 2.485
147 13 0.093 -0.436 2.697
147 14 0.436 -0.543 2.608
147 15 0.728 -0.566 2.498
147 16 0.738 -0.596 2.551
147 17 -0.077 -0.370 2.509
147 18 0.205 -0.360 2.346
147 19 0.509 -0.426 2.371
147 20 0.623 -0.432 2.315
148 1 -0.110 -0.375 2.602
148 2 -0.165 -0.373 2.562
148 3 -0.398 -0.289 2.575
148 4 -0.414 -0.114 2.605
148 5 0.134 -0.394 2.846
148 6 0.224 -0.517 2.697
148 7 0.010 -0.443 2.565
148 8 -0.539 -0.207 2.258
148 9 -0.321 -0.273 2.829
148 10 -0.260 -0.355 2.588
148 11 -0.015 -0.452 2.492
148 12 0.072 -0.457 2.453
148 13 0.101 -0.439 2.691
148 14 0.445 -0.539 2.600
148 15 0.737 -0.562 2.489
148 16 0.729 -0.605 2.562
148 17 -0.078 -0.372 2.504
148 18 0.207 -0.359 2.346
148 19 0.511 -0.425 2.369
148 20 0.627 -0.431 2.311
149 1 -0.108 -0.376 2.600
149 2 -0.161 -0.364 2.557
149 3 -0.396 -0.290 2.580
149 4 -0.415 -0.113 2.606
149 5 0.134 -0.394 2.846
149 6 0.225 -0.517 2.698
149 7 0.010 -0.442 2.565
149 8 -0.068 -0.376 2.529
149 9 -0.318 -0.276 2.832
149 10 -0.259 -0.362 2.579
149 11 -0.021 -0.457 2.479
149 12 0.069 -0.463 2.440
149 13 0.101 -0.439 2.676
149 14 0.447 -0.538 2.588
149 15 0.739 -0.560 2.477
149 16 0.717 -0.614 2.567
149 17 -0.086 -0.375 2.506
149 18 0.209 -0.359 2.345
149 19 0.512 -0.424 2.367
149 20 0.629 -0.431 2.309
150 1 -0.111 -0.375 2.597
150 2 -0.162 -0.360 2.554
150 3 -0.416 -0.268 2.573
150 4 -0.413 -0.097 2.614
150 5 0.134 -0.394 2.845
150 6 0.226 -0.516 2.698
150 7 0.011 -0.440 2.565
150 8 -0.069 -0.378 2.528
150 9 -0.320 -0.273 2.832
150 10 -0.259 -0.365 2.574
150 11 -0.024 -0.460 2.472
150 12 0.067 -0.466 2.433
150 13 0.105 -0.441 2.674
150 14 0.449 -0.539 2.571
150 15 0.741 -0.560 2.460
150 16 0.717 -0.617 2.556
150 17 -0.096 -0.376 2.509
150 18 0.211 -0.359 2.345
150 19 0.512 -0.424 2.365
150 20 0.626 -0.432 2.310
151 1 -0.115 -0.373 2.594
151 2 -0.164 -0.356 2.551
151 3 -0.427 -0.259 2.569
151 4 -0.416 -0.088 2.620
151 5 0.134 -0.394 2.845
151 6 0.227 -0.516 2.699
151 7 0.011 -0.439 2.565
151 8 -0.005 -0.405 2.563
151 9 -0.322 -0.271 2.831
151 10 -0.260 -0.366 2.570
151 11 -0.027 -0.462 2.467
151 12 0.066 -0.467 2.428
151 13 0.107 -0.442 2.670
151 14 0.449 -0.540 2.562
151 15 0.742 -0.560 2.451
151 16 0.715 -0.619 2.551
151 17 -0.101 -0.377 2.512
151 18 0.212 -0.358 2.345
151 19 0.512 -0.424 2.364
151 20 0.623 -0.434 2.311
152 1 -0.119 -0.371 2.592
152 2 -0.175 -0.363 2.556
152 3 -0.432 -0.254 2.566
152 4 -0.418 -0.083 2.624
152 5 0.134 -0.394 2.845
152 6 0.228 -0.516 2.699
152 7 0.011 -0.439 2.565
152 8 -0.004 -0.405 2.562
152 9 -0.342 -0.263 2.872
152 10 -0.266 -0.348 2.605
152 11 -0.027 -0.436 2.524
152 12 0.063 -0.437 2.496
152 13 0.107 -0.442 2.667
152 14 0.448 -0.541 2.555
152 15 0.741 -0.561 2.444
152 16 0.772 -0.563 2.380
152 17 -0.106 -0.378 2.516
152 18 0.212 -0.358 2.345
152 19 0.511 -0.424 2.363
152 20 0.619 -0.436 2.312
153 1 -0.123 -0.369 2.591
153 2 -0.183 -0.368 2.560
153 3 -0.435 -0.251 2.564
153 4 -0.422 -0.079 2.627
153 5 0.134 -0.394 2.845
153 6 0.228 -0.516 2.699
153 7 0.011 -0.438 2.565
153 8 -0.003 -0.406 2.562
153 9 -0.355 -0.257 2.901
153 10 -0.275 -0.333 2.630
153 11 -0.032 -0.425 2.545
153 12 0.053 -0.421 2.522
153 13 0.107 -0.442 2.664
153 14 0.446 -0.542 2.551
153 15 0.739 -0.562 2.440
153 16 0.783 -0.553 2.340
153 17 -0.110 -0.379 2.522
153 18 0.212 -0.358 2.345
153 19 0.508 -0.425 2.364
153 20 0.614 -0.438 2.315
154 1 -0.129 -0.366 2.590
154 2 -0.191 -0.371 2.564
154 3 -0.438 -0.249 2.563
154 4 -0.445 -0.078 2.640
154 5 0.134 -0.394 2.845
154 6 0.229 -0.516 2.699
154 7 0.011 -0.438 2.565
154 8 -0.005 -0.407 2.562
154 9 -0.360 -0.256 2.910
154 10 -0.280 -0.328 2.638
154 11 -0.037 -0.417 2.556
154 12 0.045 -0.413 2.535
154 13 0.107 -0.442 2.665
154 14 0.444 -0.543 2.546
154 15 0.721 -0.527 2.413
154 16 0.797 -0.522 2.284
154 17 -0.115 -0.378 2.526
154 18 0.211 -0.358 2.345
154 19 0.504 -0.427 2.365
154 20 0.608 -0.441 2.319
155 1 -0.134 -0.364 2.590
155 2 -0.195 -0.373 2.567
155 3 -0.439 -0.248 2.562
155 4 -0.467 -0.082 2.643
155 5 0.134 -0.394 2.845
155 6 0.229 -0.516 2.700
155 7 0.011 -0.438 2.565
155 8 -0.003 -0.409 2.561
155 9 -0.363 -0.256 2.917
155 10 -0.284 -0.324 2.645
155 11 -0.040 -0.413 2.562
155 12 0.041 -0.408 2.541
155 13 0.105 -0.440 2.664
155 14 0.441 -0.544 2.544
155 15 0.714 -0.515 2.406
155 16 0.792 -0.515 2.290
155 17 -0.118 -0.378 2.529
155 18 0.210 -0.358 2.346
155 19 0.502 -0.427 2.366
155 20 0.603 -0.442 2.321
156 1 -0.143 -0.361 2.592
156 2 -0.202 -0.375 2.571
156 3 -0.441 -0.248 2.561
156 4 -0.482 -0.085 2.643
156 5 0.134 -0.394 2.845
156 6 0.230 -0.516 2.700
156 7 0.012 -0.438 2.565
156 8 -0.017 -0.405 2.552
156 9 -0.365 -0.256 2.922
156 10 -0.287 -0.322 2.648
156 11 -0.044 -0.410 2.564
156 12 0.034 -0.407 2.537
156 13 0.102 -0.439 2.666
156 14 0.437 -0.546 2.545
156 15 0.709 -0.509 2.404
156 16 0.798 -0.505 2.265
156 17 -0.123 -0.378 2.533
156 18 0.206 -0.358 2.347
156 19 0.494 -0.429 2.370
156 20 0.596 -0.444 2.325
157 1 0.005 -0.370 2.735
157 2 0.031 -0.335 2.767
157 3 0.122 -0.306 2.997
157 4 0.116 -0.144 3.104
157 5 0.134 -0.395 2.845
157 6 0.231 -0.516 2.700
157 7 0.012 -0.438 2.565
157 8 -0.027 -0.403 2.545
157 9 -0.372 -0.256 2.922
157 10 -0.290 -0.320 2.651
157 11 -0.049 -0.408 2.564
157 12 0.028 -0.407 2.530
157 13 0.100 -0.439 2.673
157 14 0.433 -0.548 2.546
157 15 0.706 -0.504 2.402
157 16 0.782 -0.510 2.295
157 17 -0.131 -0.376 2.537
157 18 0.200 -0.359 2.349
157 19 0.485 -0.432 2.374
157 20 0.588 -0.445 2.329
158 1 0.017 -0.365 2.763
158 2 0.053 -0.326 2.797
158 3 0.169 -0.311 3.033
158 4 0.160 -0.159 3.160
158 5 0.133 -0.407 2.836
158 6 0.236 -0.517 2.698
158 7 0.017 -0.441 2.565
158 8 -0.029 -0.402 2.541
158 9 -0.377 -0.256 2.921
158 10 -0.294 -0.323 2.650
158 11 -0.070 -0.415 2.533
158 12 0.008 -0.418 2.493
158 13 0.053 -0.410 2.664
158 14 0.390 -0.538 2.573
158 15 0.668 -0.488 2.429
158 16 0.743 -0.501 2.338
158 17 -0.148 -0.369 2.599
158 18 0.180 -0.361 2.359
158 19 0.456 -0.436 2.391
158 20 0.560 -0.448 2.344
159 1 0.053 -0.370 2.783
159 2 0.084 -0.322 2.811
159 3 0.184 -0.314 3.043
159 4 0.190 -0.170 3.184
159 5 0.133 -0.409 2.835
159 6 0.237 -0.517 2.698
159 7 0.017 -0.441 2.566
159 8 -0.032 -0.402 2.538
159 9 -0.384 -0.259 2.911
159 10 -0.296 -0.325 2.649
159 11 -0.080 -0.421 2.514
159 12 -0.000 -0.425 2.471
159 13 0.079 -0.418 2.673
159 14 0.394 -0.543 2.575
159 15 0.687 -0.497 2.429
159 16 0.752 -0.510 2.342
159 17 -0.146 -0.372 2.571
159 18 0.176 -0.361 2.360
159 19 0.453 -0.438 2.392
159 20 0.558 -0.449 2.345
160 1 0.059 -0.372 2.780
160 2 0.088 -0.323 2.808
160 3 0.183 -0.314 3.043
160 4 0.191 -0.174 3.188
160 5 0.133 -0.410 2.836
160 6 0.238 -0.517 2.698
160 7 0.017 -0.442 2.567
160 8 -0.034 -0.402 2.537
160 9 -0.391 -0.266 2.896
160 10 -0.298 -0.330 2.643
160 11 -0.086 -0.426 2.500
160 12 -0.002 -0.431 2.458
160 13 0.096 -0.424 2.677
160 14 0.403 -0.547 2.575
160 15 0.700 -0.503 2.426
160 16 0.756 -0.513 2.343
160 17 -0.145 -0.374 2.557
160 18 0.174 -0.362 2.360
160 19 0.454 -0.438 2.391
160 20 0.559 -0.449 2.344
161 1 0.065 -0.374 2.778
161 2 0.092 -0.324 2.807
161 3 0.183 -0.314 3.044
161 4 0.295 -0.225 3.187
161 5 0.134 -0.409 2.837
161 6 0.239 -0.517 2.698
161 7 0.017 -0.443 2.569
161 8 -0.493 -0.263 2.308
161 9 -0.394 -0.269 2.891
161 10 -0.276 -0.366 2.649
161 11 -0.078 -0.455 2.495
161 12 0.015 -0.462 2.463
161 13 0.107 -0.428 2.680
161 14 0.412 -0.551 2.573
161 15 0.706 -0.506 2.425
161 16 0.771 -0.523 2.337
161 17 -0.143 -0.376 2.546
161 18 0.173 -0.363 2.360
161 19 0.458 -0.439 2.389
161 20 0.563 -0.450 2.342
162 1 0.069 -0.376 2.775
162 2 0.096 -0.325 2.806
162 3 0.183 -0.314 3.044
162 4 0.305 -0.233 3.178
162 5 0.132 -0.415 2.833
162 6 0.244 -0.517 2.698
162 7 0.021 -0.444 2.570
162 8 -0.548 -0.248 2.281
162 9 -0.397 -0.271 2.889
162 10 -0.271 -0.376 2.654
162 11 -0.076 -0.470 2.498
162 12 0.020 -0.475 2.476
162 13 0.114 -0.431 2.682
162 14 0.420 -0.555 2.571
162 15 0.710 -0.509 2.423
162 16 0.779 -0.528 2.332
162 17 -0.142 -0.376 2.540
162 18 0.172 -0.363 2.359
162 19 0.462 -0.439 2.388
162 20 0.567 -0.450 2.341
163 1 0.063 -0.376 2.766
163 2 0.088 -0.327 2.796
163 3 0.183 -0.315 3.042
163 4 0.308 -0.240 3.170
163 5 0.130 -0.419 2.830
163 6 0.248 -0.517 2.697
163 7 0.024 -0.446 2.571
163 8 -0.568 -0.243 2.274
163 9 -0.400 -0.273 2.889
163 10 -0.266 -0.387 2.664
163 11 -0.055 -0.491 2.537
163 12 0.040 -0.491 2.516
163 13 0.118 -0.433 2.683
163 14 0.426 -0.557 2.569
163 15 0.715 -0.513 2.420
163 16 0.785 -0.531 2.329
163 17 -0.141 -0.376 2.536
163 18 0.172 -0.364 2.358
163 19 0.465 -0.439 2.386
163 20 0.570 -0.450 2.339
164 1 0.057 -0.376 2.759
164 2 0.080 -0.329 2.788
164 3 0.153 -0.314 3.019
164 4 0.305 -0.254 3.154
164 5 0.129 -0.421 2.828
164 6 0.251 -0.518 2.697
164 7 0.026 -0.447 2.572
164 8 -0.569 -0.244 2.275
164 9 -0.404 -0.274 2.889
164 10 -0.267 -0.395 2.669
164 11 -0.052 -0.501 2.554
164 12 0.040 -0.499 2.534
164 13 0.121 -0.435 2.684
164 14 0.431 -0.559 2.567
164 15 0.718 -0.514 2.419
164 16 0.789 -0.533 2.327
164 17 -0.141 -0.377 2.534
164 18 0.172 -0.364 2.358
164 19 0.467 -0.439 2.386
164 20 0.571 -0.450 2.339
165 1 0.054 -0.377 2.755
165 2 0.075 -0.330 2.784
165 3 0.137 -0.314 3.007
165 4 0.287 -0.256 3.138
165 5 0.131 -0.417 2.832
165 6 0.252 -0.517 2.697
165 7 0.025 -0.447 2.573
165 8 -0.569 -0.245 2.275
165 9 -0.407 -0.275 2.890
165 10 -0.269 -0.400 2.674
165 11 -0.050 -0.507 2.566
165 12 0.041 -0.503 2.545
165 13 0.123 -0.436 2.684
165 14 0.435 -0.561 2.565
165 15 0.720 -0.515 2.418
165 16 0.791 -0.534 2.325
165 17 -0.141 -0.377 2.532
165 18 0.172 -0.365 2.356
165 19 0.467 -0.439 2.386
165 20 0.572 -0.450 2.338
166 1 0.051 -0.377 2.753
166 2 0.072 -0.331 2.782
166 3 0.130 -0.313 3.003
166 4 0.280 -0.252 3.132
166 5 0.133 -0.412 2.836
166 6 0.252 -0.517 2.697
166 7 0.024 -0.447 2.574
166 8 -0.568 -0.246 2.275
166 9 -0.408 -0.274 2.895
166 10 -0.284 -0.369 2.672
166 11 -0.061 -0.474 2.555
166 12 0.023 -0.459 2.522
166 13 0.124 -0.437 2.685
166 14 0.438 -0.562 2.564
166 15 0.721 -0.516 2.416
166 16 0.792 -0.534 2.323
166 17 -0.141 -0.377 2.531
166 18 0.172 -0.366 2.355
166 19 0.468 -0.439 2.386
166 20 0.573 -0.450 2.338
167 1 0.047 -0.377 2.750
167 2 0.069 -0.332 2.780
167 3 0.129 -0.312 3.003
167 4 0.275 -0.245 3.132
167 5 0.134 -0.408 2.840
167 6 0.252 -0.517 2.698
167 7 0.023 -0.447 2.574
167 8 -0.567 -0.247 2.275
167 9 -0.409 -0.274 2.899
167 10 -0.290 -0.359 2.671
167 11 -0.071 -0.452 2.544
167 12 0.011 -0.433 2.506
167 13 0.114 -0.434 2.678
167 14 0.439 -0.562 2.564
167 15 0.720 -0.516 2.417
167 16 0.791 -0.534 2.324
167 17 -0.140 -0.378 2.532
167 18 0.173 -0.366 2.354
167 19 0.469 -0.439 2.386
167 20 0.574 -0.450 2.338
168 1 0.064 -0.401 2.721
168 2 0.081 -0.363 2.745
168 3 0.153 -0.398 2.865
168 4 0.225 -0.302 3.041
168 5 0.135 -0.405 2.842
168 6 0.252 -0.516 2.698
168 7 0.021 -0.446 2.575
168 8 -0.540 -0.255 2.287
168 9 -0.402 -0.339 2.795
168 10 -0.260 -0.381 2.562
168 11 -0.039 -0.451 2.422
168 12 0.060 -0.446 2.375
168 13 0.109 -0.425 2.667
168 14 0.439 -0.563 2.565
168 15 0.720 -0.517 2.418
168 16 0.788 -0.534 2.327
168 17 -0.116 -0.404 2.536
168 18 0.180 -0.365 2.351
168 19 0.485 -0.435 2.380
168 20 0.588 -0.447 2.331
169 1 0.058 -0.414 2.727
169 2 0.073 -0.380 2.744
169 3 0.109 -0.430 2.812
169 4 0.183 -0.334 2.989
169 5 0.136 -0.403 2.844
169 6 0.251 -0.516 2.699
169 7 0.020 -0.446 2.575
169 8 -0.530 -0.258 2.291
169 9 -0.393 -0.303 2.860
169 10 -0.239 -0.357 2.626
169 11 -0.002 -0.433 2.509
169 12 0.087 -0.431 2.508
169 13 0.104 -0.406 2.619
169 14 0.437 -0.565 2.573
169 15 0.717 -0.520 2.426
169 16 0.779 -0.533 2.339
169 17 -0.135 -0.392 2.649
169 18 0.178 -0.365 2.354
169 19 0.477 -0.435 2.386
169 20 0.580 -0.447 2.336
170 1 0.063 -0.421 2.729
170 2 0.080 -0.390 2.742
170 3 0.136 -0.449 2.795
170 4 0.171 -0.345 2.972
170 5 0.145 -0.378 2.866
170 6 0.244 -0.510 2.705
170 7 0.012 -0.440 2.579
170 8 -0.523 -0.261 2.293
170 9 -0.347 -0.304 2.870
170 10 -0.231 -0.359 2.604
170 11 0.010 -0.431 2.507
170 12 0.100 -0.433 2.485
170 13 0.092 -0.389 2.588
170 14 0.431 -0.564 2.582
170 15 0.709 -0.519 2.434
170 16 0.771 -0.531 2.346
170 17 -0.088 -0.417 2.692
170 18 0.176 -0.366 2.357
170 19 0.471 -0.436 2.390
170 20 0.574 -0.447 2.340
171 1 0.067 -0.425 2.731
171 2 0.085 -0.395 2.741
171 3 0.139 -0.453 2.793
171 4 0.171 -0.348 2.972
171 5 0.147 -0.373 2.870
171 6 0.241 -0.508 2.708
171 7 0.009 -0.438 2.580
171 8 -0.518 -0.262 2.294
171 9 -0.331 -0.296 2.887
171 10 -0.238 -0.345 2.629
171 11 0.012 -0.422 2.556
171 12 0.099 -0.428 2.531
171 13 0.114 -0.424 2.660
171 14 0.432 -0.564 2.579
171 15 0.709 -0.519 2.431
171 16 0.774 -0.530 2.334
171 17 -0.108 -0.392 2.568
171 18 0.181 -0.366 2.356
171 19 0.483 -0.436 2.386
171 20 0.585 -0.448 2.335
172 1 0.071 -0.427 2.732
172 2 0.090 -0.398 2.740
172 3 0.154 -0.450 2.796
172 4 0.181 -0.346 2.978
172 5 0.149 -0.369 2.873
172 6 0.238 -0.505 2.710
172 7 0.006 -0.436 2.581
172 8 -0.515 -0.263 2.294
172 9 -0.318 -0.290 2.898
172 10 -0.239 -0.344 2.635
172 11 0.004 -0.426 2.554
172 12 0.078 -0.438 2.513
172 13 0.118 -0.431 2.675
172 14 0.433 -0.564 2.576
172 15 0.710 -0.519 2.427
172 16 0.775 -0.529 2.329
172 17 -0.104 -0.392 2.566
172 18 0.187 -0.366 2.355
172 19 0.491 -0.436 2.383
172 20 0.593 -0.448 2.331
173 1 0.072 -0.429 2.738
173 2 0.089 -0.399 2.747
173 3 0.121 -0.451 2.794
173 4 0.175 -0.351 2.972
173 5 0.147 -0.371 2.870
173 6 0.236 -0.505 2.711
173 7 0.005 -0.435 2.581
173 8 -0.514 -0.264 2.293
173 9 -0.348 -0.283 2.911
173 10 -0.258 -0.346 2.647
173 11 -0.016 -0.431 2.549
173 12 0.051 -0.441 2.505
173 13 0.123 -0.441 2.702
173 14 0.433 -0.563 2.572
173 15 0.711 -0.518 2.424
173 16 0.776 -0.529 2.325
173 17 -0.116 -0.384 2.528
173 18 0.190 -0.366 2.355
173 19 0.495 -0.437 2.382
173 20 0.597 -0.448 2.330
174 1 0.074 -0.430 2.741
174 2 0.091 -0.400 2.749
174 3 0.140 -0.444 2.812
174 4 0.183 -0.345 2.985
174 5 0.147 -0.370 2.870
174 6 0.235 -0.504 2.712
174 7 0.004 -0.435 2.581
174 8 -0.513 -0.264 2.292
174 9 -0.342 -0.281 2.918
174 10 -0.261 -0.346 2.650
174 11 -0.024 -0.435 2.543
174 12 0.046 -0.444 2.499
174 13 0.125 -0.445 2.713
174 14 0.434 -0.563 2.569
174 15 0.711 -0.518 2.420
174 16 0.777 -0.529 2.322
174 17 -0.119 -0.381 2.515
174 18 0.193 -0.366 2.355
174 19 0.498 -0.437 2.381
174 20 0.600 -0.448 2.328
175 1 0.046 -0.416 2.737
175 2 0.081 -0.393 2.749
175 3 0.149 -0.440 2.820
175 4 0.189 -0.341 2.993
175 5 0.146 -0.374 2.866
175 6 0.234 -0.503 2.713
175 7 0.004 -0.435 2.581
175 8 -0.514 -0.264 2.291
175 9 -0.378 -0.271 2.915
175 10 -0.280 -0.341 2.652
175 11 -0.035 -0.431 2.559
175 12 0.035 -0.434 2.528
175 13 0.047 -0.400 2.675
175 14 0.386 -0.542 2.582
175 15 0.665 -0.497 2.432
175 16 0.737 -0.516 2.348
175 17 -0.154 -0.377 2.609
175 18 0.185 -0.367 2.361
175 19 0.477 -0.437 2.389
175 20 0.579 -0.448 2.336
176 1 0.053 -0.416 2.736
176 2 0.081 -0.391 2.749
176 3 0.154 -0.438 2.825
176 4 0.194 -0.339 2.998
176 5 0.144 -0.379 2.861
176 6 0.234 -0.503 2.713
176 7 0.004 -0.435 2.580
176 8 -0.515 -0.264 2.289
176 9 -0.396 -0.266 2.912
176 10 -0.296 -0.337 2.652
176 11 -0.045 -0.427 2.570
176 12 0.027 -0.428 2.542
176 13 0.084 -0.423 2.689
176 14 0.396 -0.544 2.575
176 15 0.674 -0.499 2.425
176 16 0.759 -0.524 2.334
176 17 -0.157 -0.373 2.572
176 18 0.184 -0.367 2.362
176 19 0.474 -0.438 2.390
176 20 0.577 -0.448 2.337
177 1 0.060 -0.417 2.736
177 2 0.083 -0.390 2.749
177 3 0.158 -0.437 2.828
177 4 0.197 -0.337 3.002
177 5 0.144 -0.378 2.863
177 6 0.232 -0.502 2.714
177 7 0.004 -0.435 2.580
177 8 -0.516 -0.264 2.288
177 9 -0.403 -0.264 2.911
177 10 -0.306 -0.334 2.653
177 11 -0.053 -0.423 2.579
177 12 0.022 -0.424 2.550
177 13 0.097 -0.430 2.690
177 14 0.406 -0.548 2.569
177 15 0.698 -0.507 2.413
177 16 0.774 -0.530 2.325
177 17 -0.160 -0.373 2.566
177 18 0.183 -0.367 2.363
177 19 0.472 -0.438 2.390
177 20 0.575 -0.448 2.337
178 1 0.067 -0.418 2.738
178 2 0.086 -0.388 2.751
178 3 0.160 -0.436 2.830
178 4 0.200 -0.336 3.004
178 5 0.144 -0.376 2.864
178 6 0.231 -0.501 2.715
178 7 0.003 -0.434 2.580
178 8 -0.516 -0.263 2.287
178 9 -0.407 -0.263 2.911
178 10 -0.336 -0.326 2.655
178 11 -0.087 -0.413 2.593
178 12 -0.015 -0.412 2.564
178 13 0.107 -0.435 2.693
178 14 0.414 -0.551 2.564
178 15 0.703 -0.509 2.408
178 16 0.781 -0.532 2.320
178 17 -0.160 -0.374 2.559
178 18 0.183 -0.367 2.363
178 19 0.471 -0.438 2.390
178 20 0.574 -0.448 2.337
179 1 0.072 -0.419 2.743
179 2 0.088 -0.388 2.753
179 3 0.148 -0.433 2.830
179 4 0.201 -0.335 3.005
179 5 0.143 -0.379 2.862
179 6 0.231 -0.501 2.715
179 7 0.003 -0.435 2.579
179 8 -0.517 -0.263 2.286
179 9 -0.419 -0.263 2.907
179 10 -0.343 -0.324 2.657
179 11 -0.094 -0.410 2.599
179 12 -0.020 -0.409 2.570
179 13 0.113 -0.437 2.695
179 14 0.420 -0.553 2.560
179 15 0.707 -0.510 2.405
179 16 0.786 -0.534 2.317
179 17 -0.159 -0.375 2.554
179 18 0.182 -0.367 2.364
179 19 0.471 -0.438 2.390
179 20 0.573 -0.448 2.337
180 1 0.075 -0.419 2.746
180 2 0.090 -0.387 2.755
180 3 0.147 -0.432 2.831
180 4 0.202 -0.335 3.006
180 5 0.142 -0.381 2.860
180 6 0.231 -0.502 2.715
180 7 0.004 -0.435 2.579
180 8 -0.518 -0.263 2.285
180 9 -0.423 -0.263 2.905
180 10 -0.347 -0.323 2.658
180 11 -0.098 -0.408 2.603
180 12 -0.020 -0.408 2.573
180 13 0.116 -0.439 2.696
180 14 0.425 -0.555 2.557
180 15 0.710 -0.511 2.403
180 16 0.789 -0.535 2.315
180 17 -0.157 -0.376 2.550
180 18 0.182 -0.367 2.364
180 19 0.471 -0.438 2.389
180 20 0.573 -0.448 2.337
181 1 0.078 -0.420 2.749
181 2 0.092 -0.387 2.757
181 3 0.142 -0.430 2.831
181 4 0.202 -0.334 3.007
181 5 0.143 -0.383 2.858
181 6 0.231 -0.502 2.714
181 7 0.004 -0.436 2.578
181 8 -0.519 -0.263 2.285
181 9 -0.428 -0.263 2.904
181 10 -0.345 -0.323 2.659
181 11 -0.099 -0.407 2.606
181 12 -0.011 -0.410 2.572
181 13 0.119 -0.440 2.697
181 14 0.429 -0.556 2.555
181 15 0.713 -0.512 2.402
181 16 0.791 -0.536 2.313
181 17 -0.156 -0.377 2.547
181 18 0.182 -0.367 2.364
181 19 0.470 -0.437 2.389
181 20 0.573 -0.448 2.336
182 1 0.079 -0.421 2.753
182 2 0.092 -0.387 2.759
182 3 0.138 -0.429 2.831
182 4 0.202 -0.334 3.007
182 5 0.144 -0.382 2.859
182 6 0.231 -0.502 2.714
182 7 0.004 -0.436 2.578
182 8 -0.519 -0.263 2.284
182 9 -0.431 -0.264 2.903
182 10 -0.340 -0.324 2.659
182 11 -0.098 -0.407 2.607
182 12 -0.004 -0.412 2.570
182 13 0.120 -0.441 2.698
182 14 0.431 -0.557 2.553
182 15 0.714 -0.513 2.400
182 16 0.792 -0.537 2.312
182 17 -0.155 -0.377 2.545
182 18 0.181 -0.367 2.364
182 19 0.470 -0.437 2.389
182 20 0.573 -0.448 2.336
183 1 0.062 -0.389 2.785
183 2 0.082 -0.350 2.801
183 3 0.143 -0.340 2.983
183 4 0.260 -0.260 3.117
183 5 0.145 -0.380 2.861
183 6 0.230 -0.502 2.714
183 7 0.004 -0.436 2.577
183 8 -0.520 -0.263 2.284
183 9 -0.427 -0.199 3.018
183 10 -0.357 -0.274 2.788
183 11 -0.139 -0.378 2.650
183 12 -0.047 -0.384 2.610
183 13 0.122 -0.444 2.704
183 14 0.433 -0.558 2.551
183 15 0.715 -0.513 2.399
183 16 0.793 -0.537 2.311
183 17 -0.151 -0.366 2.557
183 18 0.179 -0.367 2.365
183 19 0.469 -0.438 2.389
183 20 0.572 -0.448 2.337
184 1 0.052 -0.372 2.802
184 2 0.074 -0.328 2.825
184 3 0.141 -0.315 3.021
184 4 0.276 -0.238 3.152
184 5 0.146 -0.378 2.862
184 6 0.230 -0.502 2.714
184 7 0.004 -0.436 2.578
184 8 -0.520 -0.263 2.284
184 9 -0.425 -0.157 3.090
184 10 -0.363 -0.257 2.829
184 11 -0.156 -0.368 2.666
184 12 -0.076 -0.367 2.633
184 13 0.123 -0.447 2.710
184 14 0.434 -0.558 2.550
184 15 0.715 -0.513 2.398
184 16 0.793 -0.537 2.311
184 17 -0.150 -0.359 2.565
184 18 0.177 -0.368 2.367
184 19 0.468 -0.438 2.391
184 20 0.571 -0.448 2.338
185 1 0.048 -0.365 2.809
185 2 0.072 -0.320 2.834
185 3 0.141 -0.299 3.048
185 4 0.286 -0.224 3.173
185 5 0.147 -0.376 2.864
185 6 0.229 -0.502 2.714
185 7 0.003 -0.436 2.578
185 8 -0.520 -0.263 2.284
185 9 -0.424 -0.143 3.115
185 10 -0.366 -0.249 2.851
185 11 -0.164 -0.362 2.674
185 12 -0.086 -0.361 2.642
185 13 0.123 -0.449 2.715
185 14 0.434 -0.558 2.549
185 15 0.715 -0.513 2.397
185 16 0.793 -0.537 2.310
185 17 -0.149 -0.355 2.570
185 18 0.175 -0.368 2.368
185 19 0.467 -0.438 2.392
185 20 0.570 -0.448 2.339
