1 1 0.070 -0.392 2.480
1 2 0.063 -0.350 2.532
1 3 0.061 -0.076 2.553
1 4 0.076 0.116 2.533
1 5 -0.100 -0.176 2.511
1 6 -0.126 -0.375 2.407
1 7 -0.080 -0.489 2.236
1 8 -0.063 -0.547 2.231
1 9 0.233 -0.191 2.563
1 10 0.292 -0.390 2.452
1 11 0.297 -0.519 2.205
1 12 0.305 -0.573 2.139
1 13 -0.011 -0.466 2.443
1 14 -0.049 -0.570 2.115
1 15 -0.040 -0.816 2.077
1 16 -0.032 -0.847 2.006
1 17 0.151 -0.465 2.479
1 18 0.302 -0.554 2.182
1 19 0.270 -0.802 2.147
1 20 0.256 -0.858 2.098
2 1 0.070 -0.392 2.480
2 2 0.062 -0.350 2.531
2 3 0.062 -0.077 2.553
2 4 0.076 0.116 2.532
2 5 -0.100 -0.176 2.511
2 6 -0.126 -0.375 2.407
2 7 -0.080 -0.489 2.236
2 8 -0.063 -0.547 2.231
2 9 0.233 -0.192 2.562
2 10 0.292 -0.390 2.452
2 11 0.246 -0.536 2.223
2 12 0.232 -0.592 2.151
2 13 -0.012 -0.466 2.443
2 14 -0.049 -0.570 2.115
2 15 -0.038 -0.817 2.075
2 16 -0.032 -0.848 2.003
2 17 0.150 -0.465 2.479
2 18 0.302 -0.554 2.182
2 19 0.270 -0.802 2.147
2 20 0.256 -0.858 2.098
3 1 0.069 -0.392 2.480
3 2 0.062 -0.350 2.531
3 3 0.062 -0.077 2.552
3 4 0.076 0.116 2.531
3 5 -0.100 -0.176 2.511
3 6 -0.126 -0.375 2.407
3 7 -0.079 -0.489 2.236
3 8 -0.062 -0.546 2.231
3 9 0.233 -0.192 2.562
3 10 0.292 -0.389 2.452
3 11 0.269 -0.513 2.207
3 12 0.252 -0.565 2.129
3 13 -0.012 -0.466 2.444
3 14 -0.049 -0.570 2.116
3 15 -0.036 -0.817 2.074
3 16 -0.032 -0.849 2.000
3 17 0.150 -0.465 2.479
3 18 0.302 -0.554 2.182
3 19 0.270 -0.802 2.146
3 20 0.256 -0.859 2.098
4 1 0.069 -0.392 2.480
4 2 0.062 -0.350 2.531
4 3 0.062 -0.077 2.552
4 4 0.076 0.116 2.530
4 5 -0.100 -0.176 2.511
4 6 -0.126 -0.375 2.407
4 7 -0.079 -0.489 2.236
4 8 -0.061 -0.546 2.231
4 9 0.233 -0.192 2.562
4 10 0.292 -0.389 2.452
4 11 0.281 -0.501 2.199
4 12 0.266 -0.549 2.117
4 13 -0.013 -0.467 2.444
4 14 -0.049 -0.570 2.116
4 15 -0.037 -0.813 2.085
4 16 -0.036 -0.857 2.022
4 17 0.149 -0.465 2.479
4 18 0.302 -0.554 2.183
4 19 0.270 -0.802 2.146
4 20 0.256 -0.859 2.098
5 1 0.069 -0.393 2.480
5 2 0.062 -0.351 2.531
5 3 0.063 -0.077 2.551
5 4 0.076 0.115 2.529
5 5 -0.100 -0.176 2.511
5 6 -0.126 -0.375 2.407
5 7 -0.078 -0.489 2.235
5 8 -0.061 -0.546 2.231
5 9 0.233 -0.192 2.562
5 10 0.293 -0.390 2.452
5 11 0.286 -0.497 2.195
5 12 0.277 -0.539 2.107
5 13 -0.013 -0.467 2.444
5 14 -0.049 -0.570 2.116
5 15 -0.037 -0.813 2.085
5 16 -0.036 -0.858 2.021
5 17 0.149 -0.465 2.479
5 18 0.302 -0.554 2.183
5 19 0.270 -0.802 2.146
5 20 0.256 -0.859 2.098
6 1 0.069 -0.393 2.480
6 2 0.062 -0.351 2.531
6 3 0.063 -0.077 2.551
6 4 0.075 0.115 2.528
6 5 -0.100 -0.176 2.511
6 6 -0.126 -0.376 2.407
6 7 -0.078 -0.489 2.235
6 8 -0.060 -0.546 2.231
6 9 0.233 -0.192 2.562
6 10 0.293 -0.390 2.452
6 11 0.293 -0.493 2.190
6 12 0.285 -0.533 2.101
6 13 -0.013 -0.467 2.444
6 14 -0.049 -0.570 2.116
6 15 -0.089 -0.798 2.146
6 16 -0.046 -0.837 2.074
6 17 0.149 -0.465 2.479
6 18 0.302 -0.554 2.183
6 19 0.269 -0.802 2.146
6 20 0.256 -0.859 2.098
7 1 0.069 -0.393 2.480
7 2 0.062 -0.351 2.531
7 3 0.063 -0.077 2.550
7 4 0.075 0.115 2.527
7 5 -0.100 -0.176 2.510
7 6 -0.126 -0.376 2.407
7 7 -0.078 -0.489 2.235
7 8 -0.060 -0.546 2.231
7 9 0.233 -0.192 2.562
7 10 0.293 -0.390 2.452
7 11 0.297 -0.492 2.187
7 12 0.290 -0.529 2.098
7 13 -0.013 -0.467 2.444
7 14 -0.049 -0.570 2.116
7 15 -0.069 -0.808 2.112
7 16 -0.043 -0.838 2.056
7 17 0.149 -0.466 2.479
7 18 0.302 -0.554 2.183
7 19 0.269 -0.802 2.146
7 20 0.256 -0.859 2.098
8 1 0.069 -0.393 2.480
8 2 0.061 -0.351 2.531
8 3 0.064 -0.077 2.550
8 4 0.075 0.115 2.527
8 5 -0.100 -0.176 2.510
8 6 -0.126 -0.376 2.407
8 7 -0.077 -0.489 2.235
8 8 -0.060 -0.546 2.231
8 9 0.232 -0.192 2.561
8 10 0.293 -0.391 2.452
8 11 0.249 -0.524 2.210
8 12 0.235 -0.567 2.130
8 13 -0.013 -0.467 2.444
8 14 -0.049 -0.570 2.116
8 15 -0.104 -0.803 2.140
8 16 -0.044 -0.829 2.079
8 17 0.149 -0.466 2.479
8 18 0.302 -0.554 2.183
8 19 0.269 -0.802 2.146
8 20 0.256 -0.859 2.098
9 1 0.069 -0.393 2.480
9 2 0.061 -0.351 2.531
9 3 0.064 -0.078 2.550
9 4 0.075 0.115 2.526
9 5 -0.100 -0.176 2.510
9 6 -0.126 -0.376 2.407
9 7 -0.077 -0.489 2.235
9 8 -0.059 -0.546 2.231
9 9 0.232 -0.192 2.561
9 10 0.293 -0.391 2.451
9 11 0.277 -0.508 2.199
9 12 0.265 -0.549 2.120
9 13 -0.013 -0.467 2.444
9 14 -0.049 -0.570 2.116
9 15 -0.116 -0.802 2.148
9 16 -0.044 -0.826 2.089
9 17 0.149 -0.466 2.479
9 18 0.302 -0.554 2.183
9 19 0.269 -0.802 2.146
9 20 0.256 -0.859 2.098
10 1 0.069 -0.393 2.480
10 2 0.061 -0.351 2.531
10 3 0.064 -0.078 2.549
10 4 0.075 0.115 2.525
10 5 -0.099 -0.176 2.510
10 6 -0.126 -0.376 2.407
10 7 -0.077 -0.489 2.235
10 8 -0.059 -0.545 2.231
10 9 0.232 -0.193 2.561
10 10 0.293 -0.391 2.451
10 11 0.282 -0.514 2.201
10 12 0.271 -0.554 2.123
10 13 -0.012 -0.467 2.444
10 14 -0.049 -0.570 2.116
10 15 -0.122 -0.801 2.153
10 16 -0.045 -0.823 2.095
10 17 0.149 -0.466 2.479
10 18 0.302 -0.554 2.183
10 19 0.269 -0.802 2.146
10 20 0.256 -0.859 2.098
11 1 0.069 -0.393 2.480
11 2 0.061 -0.351 2.531
11 3 0.064 -0.078 2.549
11 4 0.075 0.115 2.524
11 5 -0.099 -0.176 2.509
11 6 -0.126 -0.376 2.407
11 7 -0.077 -0.489 2.235
11 8 -0.059 -0.545 2.231
11 9 0.232 -0.193 2.561
11 10 0.293 -0.391 2.451
11 11 0.295 -0.505 2.195
11 12 0.286 -0.544 2.117
11 13 -0.012 -0.467 2.444
11 14 -0.049 -0.570 2.116
11 15 -0.079 -0.811 2.108
11 16 -0.040 -0.836 2.046
11 17 0.149 -0.466 2.479
11 18 0.302 -0.554 2.183
11 19 0.269 -0.802 2.146
11 20 0.256 -0.859 2.098
12 1 0.069 -0.393 2.480
12 2 0.061 -0.351 2.531
12 3 0.064 -0.078 2.549
12 4 0.075 0.115 2.524
12 5 -0.099 -0.176 2.509
12 6 -0.126 -0.376 2.407
12 7 -0.077 -0.489 2.235
12 8 -0.059 -0.545 2.231
12 9 0.232 -0.193 2.560
12 10 0.293 -0.391 2.451
12 11 0.297 -0.530 2.209
12 12 0.292 -0.565 2.128
12 13 -0.012 -0.467 2.443
12 14 -0.049 -0.570 2.116
12 15 -0.097 -0.807 2.126
12 16 -0.041 -0.833 2.060
12 17 0.149 -0.466 2.479
12 18 0.302 -0.554 2.183
12 19 0.269 -0.802 2.146
12 20 0.256 -0.859 2.098
13 1 0.069 -0.393 2.479
13 2 0.061 -0.351 2.531
13 3 0.064 -0.078 2.549
13 4 0.075 0.115 2.523
13 5 -0.099 -0.176 2.509
13 6 -0.126 -0.376 2.407
13 7 -0.077 -0.489 2.236
13 8 -0.059 -0.545 2.231
13 9 0.232 -0.193 2.560
13 10 0.293 -0.391 2.451
13 11 0.302 -0.517 2.201
13 12 0.299 -0.557 2.123
13 13 -0.011 -0.467 2.443
13 14 -0.049 -0.570 2.116
13 15 -0.106 -0.805 2.135
13 16 -0.042 -0.830 2.071
13 17 0.149 -0.466 2.478
13 18 0.302 -0.554 2.183
13 19 0.269 -0.802 2.146
13 20 0.256 -0.859 2.098
14 1 0.069 -0.393 2.479
14 2 0.061 -0.352 2.530
14 3 0.064 -0.078 2.548
14 4 0.075 0.115 2.523
14 5 -0.099 -0.176 2.509
14 6 -0.126 -0.376 2.407
14 7 -0.077 -0.489 2.236
14 8 -0.059 -0.545 2.231
14 9 0.232 -0.193 2.560
14 10 0.293 -0.391 2.452
14 11 0.306 -0.507 2.197
14 12 0.305 -0.550 2.119
14 13 -0.011 -0.468 2.443
14 14 -0.049 -0.570 2.116
14 15 -0.072 -0.812 2.104
14 16 -0.039 -0.838 2.042
14 17 0.149 -0.466 2.478
14 18 0.302 -0.554 2.183
14 19 0.269 -0.802 2.146
14 20 0.256 -0.859 2.098
15 1 0.069 -0.394 2.479
15 2 0.062 -0.352 2.530
15 3 0.064 -0.078 2.548
15 4 0.075 0.115 2.522
15 5 -0.099 -0.176 2.509
15 6 -0.126 -0.376 2.407
15 7 -0.077 -0.489 2.236
15 8 -0.059 -0.545 2.231
15 9 0.232 -0.193 2.560
15 10 0.293 -0.391 2.452
15 11 0.308 -0.501 2.194
15 12 0.309 -0.543 2.115
15 13 -0.011 -0.468 2.443
15 14 -0.049 -0.570 2.117
15 15 -0.095 -0.806 2.125
15 16 -0.041 -0.833 2.064
15 17 0.150 -0.466 2.478
15 18 0.302 -0.554 2.183
15 19 0.269 -0.801 2.146
15 20 0.256 -0.859 2.098
16 1 0.069 -0.394 2.479
16 2 0.062 -0.352 2.530
16 3 0.064 -0.078 2.548
16 4 0.075 0.115 2.522
16 5 -0.099 -0.176 2.508
16 6 -0.126 -0.376 2.407
16 7 -0.077 -0.489 2.236
16 8 -0.059 -0.545 2.231
16 9 0.231 -0.193 2.560
16 10 0.293 -0.391 2.452
16 11 0.305 -0.497 2.191
16 12 0.308 -0.539 2.113
16 13 -0.010 -0.468 2.443
16 14 -0.049 -0.570 2.117
16 15 -0.066 -0.812 2.098
16 16 -0.038 -0.839 2.039
16 17 0.150 -0.466 2.478
16 18 0.302 -0.554 2.183
16 19 0.269 -0.801 2.146
16 20 0.256 -0.859 2.098
17 1 0.069 -0.394 2.479
17 2 0.062 -0.352 2.530
17 3 0.065 -0.079 2.548
17 4 0.075 0.115 2.522
17 5 -0.099 -0.176 2.508
17 6 -0.127 -0.377 2.408
17 7 -0.078 -0.489 2.236
17 8 -0.059 -0.545 2.231
17 9 0.231 -0.193 2.560
17 10 0.293 -0.391 2.452
17 11 0.305 -0.495 2.190
17 12 0.309 -0.536 2.111
17 13 -0.010 -0.468 2.443
17 14 -0.049 -0.570 2.117
17 15 -0.052 -0.815 2.085
17 16 -0.036 -0.843 2.023
17 17 0.150 -0.466 2.478
17 18 0.302 -0.554 2.183
17 19 0.269 -0.801 2.146
17 20 0.256 -0.859 2.098
18 1 0.069 -0.394 2.479
18 2 0.062 -0.352 2.530
18 3 0.065 -0.079 2.548
18 4 0.075 0.115 2.522
18 5 -0.099 -0.176 2.508
18 6 -0.128 -0.378 2.410
18 7 -0.078 -0.489 2.237
18 8 -0.059 -0.545 2.232
18 9 0.231 -0.193 2.559
18 10 0.293 -0.391 2.452
18 11 0.305 -0.493 2.189
18 12 0.309 -0.533 2.110
18 13 -0.010 -0.468 2.443
18 14 -0.049 -0.570 2.117
18 15 -0.045 -0.816 2.078
18 16 -0.035 -0.846 2.013
18 17 0.150 -0.466 2.478
18 18 0.302 -0.554 2.183
18 19 0.269 -0.801 2.146
18 20 0.256 -0.859 2.099
19 1 0.069 -0.394 2.479
19 2 0.062 -0.352 2.530
19 3 0.065 -0.079 2.547
19 4 0.075 0.115 2.521
19 5 -0.099 -0.176 2.509
19 6 -0.130 -0.379 2.413
19 7 -0.081 -0.489 2.240
19 8 -0.060 -0.545 2.233
19 9 0.231 -0.193 2.559
19 10 0.293 -0.391 2.452
19 11 0.243 -0.528 2.232
19 12 0.234 -0.573 2.158
19 13 -0.010 -0.468 2.443
19 14 -0.049 -0.570 2.117
19 15 -0.041 -0.817 2.075
19 16 -0.034 -0.848 2.006
19 17 0.150 -0.466 2.478
19 18 0.302 -0.554 2.183
19 19 0.269 -0.801 2.146
19 20 0.256 -0.859 2.099
20 1 0.069 -0.394 2.479
20 2 0.062 -0.352 2.530
20 3 0.065 -0.079 2.547
20 4 0.075 0.115 2.521
20 5 -0.099 -0.177 2.509
20 6 -0.132 -0.381 2.419
20 7 -0.085 -0.489 2.244
20 8 -0.062 -0.545 2.236
20 9 0.231 -0.193 2.559
20 10 0.293 -0.391 2.452
20 11 0.274 -0.508 2.211
20 12 0.254 -0.557 2.144
20 13 -0.010 -0.468 2.443
20 14 -0.048 -0.570 2.118
20 15 -0.038 -0.818 2.072
20 16 -0.034 -0.849 2.002
20 17 0.150 -0.466 2.478
20 18 0.302 -0.554 2.183
20 19 0.269 -0.801 2.146
20 20 0.256 -0.859 2.099
21 1 0.069 -0.394 2.479
21 2 0.062 -0.352 2.530
21 3 0.065 -0.079 2.547
21 4 0.074 0.115 2.521
21 5 -0.100 -0.177 2.510
21 6 -0.135 -0.382 2.426
21 7 -0.091 -0.490 2.251
21 8 -0.066 -0.546 2.241
21 9 0.232 -0.194 2.558
21 10 0.294 -0.390 2.452
21 11 0.285 -0.500 2.204
21 12 0.271 -0.544 2.132
21 13 -0.010 -0.469 2.444
21 14 -0.048 -0.570 2.119
21 15 -0.037 -0.818 2.071
21 16 -0.034 -0.849 1.999
21 17 0.150 -0.466 2.477
21 18 0.302 -0.554 2.183
21 19 0.269 -0.801 2.146
21 20 0.256 -0.859 2.099
22 1 0.069 -0.394 2.479
22 2 0.062 -0.352 2.530
22 3 0.065 -0.079 2.547
22 4 0.074 0.115 2.520
22 5 -0.100 -0.178 2.511
22 6 -0.137 -0.384 2.437
22 7 -0.097 -0.490 2.259
22 8 -0.071 -0.545 2.247
22 9 0.232 -0.194 2.557
22 10 0.295 -0.390 2.452
22 11 0.295 -0.494 2.197
22 12 0.283 -0.536 2.123
22 13 -0.011 -0.469 2.445
22 14 -0.048 -0.571 2.120
22 15 -0.037 -0.818 2.072
22 16 -0.023 -0.871 2.079
22 17 0.150 -0.466 2.477
22 18 0.302 -0.554 2.183
22 19 0.269 -0.801 2.146
22 20 0.256 -0.859 2.099
23 1 0.069 -0.395 2.479
23 2 0.062 -0.352 2.530
23 3 0.065 -0.079 2.547
23 4 0.074 0.114 2.520
23 5 -0.101 -0.179 2.513
23 6 -0.139 -0.387 2.449
23 7 -0.103 -0.489 2.268
23 8 -0.076 -0.545 2.255
23 9 0.231 -0.194 2.555
23 10 0.296 -0.389 2.452
23 11 0.301 -0.491 2.194
23 12 0.292 -0.531 2.118
23 13 -0.012 -0.471 2.447
23 14 -0.048 -0.571 2.122
23 15 -0.037 -0.819 2.073
23 16 -0.027 -0.867 2.057
23 17 0.149 -0.467 2.476
23 18 0.302 -0.554 2.183
23 19 0.269 -0.801 2.146
23 20 0.256 -0.859 2.099
24 1 0.068 -0.396 2.479
24 2 0.062 -0.353 2.530
24 3 0.065 -0.079 2.547
24 4 0.074 0.114 2.519
24 5 -0.101 -0.180 2.515
24 6 -0.142 -0.388 2.466
24 7 -0.108 -0.488 2.277
24 8 -0.083 -0.544 2.267
24 9 0.231 -0.195 2.552
24 10 0.297 -0.388 2.452
24 11 0.305 -0.489 2.192
24 12 0.298 -0.528 2.114
24 13 -0.013 -0.472 2.451
24 14 -0.048 -0.572 2.124
24 15 -0.037 -0.818 2.074
24 16 -0.030 -0.863 2.044
24 17 0.148 -0.468 2.475
24 18 0.302 -0.554 2.183
24 19 0.269 -0.801 2.146
24 20 0.256 -0.858 2.099
25 1 0.067 -0.397 2.480
25 2 0.062 -0.354 2.531
25 3 0.065 -0.080 2.546
25 4 0.072 0.111 2.514
25 5 -0.101 -0.182 2.517
25 6 -0.145 -0.391 2.486
25 7 -0.109 -0.489 2.276
25 8 -0.085 -0.544 2.269
25 9 0.231 -0.196 2.548
25 10 0.299 -0.387 2.451
25 11 0.307 -0.488 2.190
25 12 0.302 -0.526 2.111
25 13 -0.016 -0.475 2.457
25 14 -0.047 -0.572 2.129
25 15 -0.037 -0.842 2.089
25 16 -0.032 -0.877 2.040
25 17 0.146 -0.470 2.475
25 18 0.302 -0.553 2.183
25 19 0.269 -0.801 2.147
25 20 0.256 -0.858 2.099
26 1 0.065 -0.399 2.482
26 2 0.062 -0.355 2.531
26 3 0.066 -0.082 2.545
26 4 0.070 0.108 2.505
26 5 -0.101 -0.183 2.519
26 6 -0.146 -0.392 2.501
26 7 -0.114 -0.491 2.290
26 8 -0.090 -0.545 2.279
26 9 0.231 -0.197 2.545
26 10 0.300 -0.386 2.451
26 11 0.310 -0.487 2.189
26 12 0.306 -0.524 2.109
26 13 -0.019 -0.478 2.462
26 14 -0.046 -0.573 2.134
26 15 -0.036 -0.858 2.101
26 16 -0.032 -0.887 2.038
26 17 0.144 -0.472 2.475
26 18 0.302 -0.553 2.183
26 19 0.269 -0.801 2.148
26 20 0.256 -0.857 2.099
27 1 0.063 -0.403 2.484
27 2 0.061 -0.357 2.532
27 3 0.067 -0.084 2.543
27 4 0.068 0.104 2.491
27 5 -0.101 -0.184 2.521
27 6 -0.157 -0.396 2.544
27 7 -0.123 -0.495 2.310
27 8 -0.097 -0.548 2.294
27 9 0.231 -0.198 2.541
27 10 0.301 -0.385 2.451
27 11 0.312 -0.487 2.188
27 12 0.309 -0.523 2.107
27 13 -0.021 -0.481 2.467
27 14 -0.045 -0.575 2.138
27 15 -0.035 -0.868 2.108
27 16 -0.033 -0.896 2.037
27 17 0.141 -0.476 2.475
27 18 0.301 -0.553 2.184
27 19 0.269 -0.801 2.150
27 20 0.256 -0.856 2.100
28 1 0.061 -0.406 2.486
28 2 0.061 -0.359 2.534
28 3 0.067 -0.087 2.541
28 4 0.065 0.099 2.475
28 5 -0.101 -0.185 2.523
28 6 -0.159 -0.399 2.559
28 7 -0.136 -0.499 2.331
28 8 -0.115 -0.554 2.322
28 9 0.231 -0.199 2.538
28 10 0.301 -0.385 2.451
28 11 0.313 -0.487 2.188
28 12 0.312 -0.523 2.106
28 13 -0.024 -0.484 2.473
28 14 -0.044 -0.576 2.141
28 15 -0.034 -0.854 2.120
28 16 -0.044 -0.854 2.043
28 17 0.138 -0.479 2.476
28 18 0.301 -0.552 2.185
28 19 0.269 -0.801 2.151
28 20 0.256 -0.855 2.100
29 1 0.059 -0.409 2.488
29 2 0.060 -0.361 2.535
29 3 0.068 -0.091 2.538
29 4 0.058 0.094 2.455
29 5 -0.101 -0.186 2.525
29 6 -0.160 -0.401 2.567
29 7 -0.170 -0.512 2.370
29 8 -0.144 -0.565 2.357
29 9 0.230 -0.200 2.534
29 10 0.302 -0.385 2.451
29 11 0.314 -0.487 2.187
29 12 0.313 -0.522 2.106
29 13 -0.027 -0.486 2.479
29 14 -0.039 -0.587 2.146
29 15 -0.037 -0.870 2.127
29 16 -0.048 -0.885 2.046
29 17 0.134 -0.483 2.478
29 18 0.300 -0.551 2.186
29 19 0.269 -0.801 2.151
29 20 0.256 -0.855 2.100
30 1 0.042 -0.412 2.499
30 2 0.054 -0.364 2.540
30 3 0.069 -0.095 2.535
30 4 0.051 0.088 2.439
30 5 -0.101 -0.187 2.529
30 6 -0.160 -0.405 2.573
30 7 -0.203 -0.533 2.405
30 8 -0.173 -0.582 2.389
30 9 0.230 -0.201 2.530
30 10 0.301 -0.386 2.450
30 11 0.314 -0.487 2.187
30 12 0.315 -0.522 2.105
30 13 -0.059 -0.486 2.506
30 14 -0.037 -0.593 2.148
30 15 -0.039 -0.877 2.129
30 16 -0.051 -0.899 2.043
30 17 0.108 -0.490 2.488
30 18 0.296 -0.519 2.210
30 19 0.268 -0.801 2.152
30 20 0.256 -0.855 2.100
31 1 0.034 -0.414 2.504
31 2 0.049 -0.366 2.542
31 3 0.070 -0.099 2.532
31 4 0.045 0.084 2.429
31 5 -0.102 -0.190 2.534
31 6 -0.162 -0.426 2.607
31 7 -0.214 -0.538 2.422
31 8 -0.186 -0.588 2.412
31 9 0.229 -0.201 2.526
31 10 0.299 -0.387 2.449
31 11 0.315 -0.488 2.186
31 12 0.316 -0.522 2.104
31 13 -0.072 -0.486 2.518
31 14 -0.035 -0.596 2.149
31 15 -0.040 -0.882 2.129
31 16 -0.053 -0.909 2.040
31 17 0.097 -0.492 2.492
31 18 0.294 -0.505 2.220
31 19 0.268 -0.801 2.152
31 20 0.256 -0.855 2.100
32 1 0.029 -0.416 2.508
32 2 0.047 -0.367 2.545
32 3 0.070 -0.103 2.528
32 4 0.036 0.079 2.421
32 5 -0.104 -0.192 2.540
32 6 -0.162 -0.436 2.621
32 7 -0.256 -0.530 2.455
32 8 -0.225 -0.585 2.444
32 9 0.228 -0.202 2.520
32 10 0.298 -0.389 2.448
32 11 0.269 -0.507 2.210
32 12 0.259 -0.545 2.136
32 13 -0.077 -0.488 2.527
32 14 -0.033 -0.599 2.150
32 15 -0.042 -0.885 2.127
32 16 -0.055 -0.915 2.038
32 17 0.092 -0.494 2.495
32 18 0.292 -0.498 2.225
32 19 0.268 -0.801 2.152
32 20 0.256 -0.855 2.100
33 1 0.023 -0.418 2.513
33 2 0.042 -0.368 2.547
33 3 0.070 -0.107 2.525
33 4 0.023 0.072 2.415
33 5 -0.107 -0.195 2.548
33 6 -0.162 -0.441 2.628
33 7 -0.283 -0.533 2.480
33 8 -0.249 -0.588 2.466
33 9 0.225 -0.202 2.515
33 10 0.296 -0.390 2.446
33 11 0.223 -0.541 2.226
33 12 0.201 -0.590 2.157
33 13 -0.082 -0.489 2.535
33 14 -0.031 -0.601 2.150
33 15 -0.044 -0.887 2.118
33 16 -0.057 -0.919 2.031
33 17 0.085 -0.497 2.499
33 18 0.291 -0.493 2.229
33 19 0.268 -0.801 2.152
33 20 0.256 -0.855 2.100
34 1 0.017 -0.419 2.518
34 2 0.038 -0.370 2.549
34 3 0.069 -0.111 2.522
34 4 0.012 0.067 2.412
34 5 -0.110 -0.197 2.555
34 6 -0.164 -0.446 2.635
34 7 -0.293 -0.534 2.490
34 8 -0.260 -0.590 2.477
34 9 0.222 -0.202 2.509
34 10 0.294 -0.392 2.445
34 11 0.234 -0.557 2.223
34 12 0.203 -0.607 2.159
34 13 -0.085 -0.490 2.541
34 14 -0.029 -0.602 2.150
34 15 -0.045 -0.887 2.109
34 16 -0.059 -0.921 2.025
34 17 0.080 -0.498 2.501
34 18 0.289 -0.490 2.231
34 19 0.267 -0.801 2.152
34 20 0.256 -0.855 2.101
35 1 0.014 -0.420 2.520
35 2 0.035 -0.370 2.550
35 3 0.068 -0.114 2.519
35 4 0.002 0.063 2.411
35 5 -0.112 -0.200 2.561
35 6 -0.164 -0.449 2.639
35 7 -0.287 -0.539 2.488
35 8 -0.266 -0.592 2.484
35 9 0.220 -0.202 2.505
35 10 0.292 -0.392 2.444
35 11 0.262 -0.511 2.190
35 12 0.239 -0.562 2.121
35 13 -0.087 -0.491 2.545
35 14 -0.027 -0.603 2.150
35 15 -0.046 -0.886 2.102
35 16 -0.060 -0.922 2.020
35 17 0.077 -0.499 2.503
35 18 0.288 -0.488 2.232
35 19 0.266 -0.801 2.151
35 20 0.256 -0.855 2.101
36 1 0.011 -0.421 2.523
36 2 0.031 -0.371 2.550
36 3 0.066 -0.117 2.517
36 4 -0.008 0.060 2.414
36 5 -0.115 -0.203 2.567
36 6 -0.159 -0.461 2.614
36 7 -0.296 -0.544 2.486
36 8 -0.273 -0.596 2.485
36 9 0.217 -0.202 2.501
36 10 0.292 -0.393 2.443
36 11 0.234 -0.531 2.201
36 12 0.223 -0.569 2.124
36 13 -0.089 -0.492 2.549
36 14 -0.026 -0.603 2.150
36 15 -0.047 -0.884 2.096
36 16 -0.062 -0.922 2.016
36 17 0.074 -0.500 2.504
36 18 0.253 -0.506 2.214
36 19 0.265 -0.800 2.150
36 20 0.255 -0.855 2.101
37 1 0.009 -0.421 2.524
37 2 0.028 -0.372 2.550
37 3 0.064 -0.120 2.516
37 4 -0.015 0.057 2.417
37 5 -0.117 -0.206 2.574
37 6 -0.159 -0.463 2.612
37 7 -0.279 -0.547 2.471
37 8 -0.269 -0.598 2.480
37 9 0.215 -0.203 2.498
37 10 0.291 -0.392 2.441
37 11 0.234 -0.514 2.189
37 12 0.221 -0.559 2.115
37 13 -0.090 -0.493 2.551
37 14 -0.025 -0.604 2.150
37 15 -0.047 -0.883 2.092
37 16 -0.063 -0.922 2.013
37 17 0.072 -0.500 2.505
37 18 0.207 -0.504 2.193
37 19 0.263 -0.799 2.149
37 20 0.255 -0.856 2.102
38 1 0.008 -0.421 2.525
38 2 0.027 -0.372 2.550
38 3 0.062 -0.122 2.515
38 4 -0.021 0.055 2.421
38 5 -0.118 -0.208 2.578
38 6 -0.157 -0.463 2.608
38 7 -0.269 -0.550 2.462
38 8 -0.263 -0.602 2.473
38 9 0.213 -0.203 2.496
38 10 0.290 -0.392 2.439
38 11 0.230 -0.483 2.173
38 12 0.216 -0.530 2.099
38 13 -0.087 -0.495 2.554
38 14 -0.024 -0.604 2.150
38 15 -0.046 -0.882 2.089
38 16 -0.063 -0.921 2.011
38 17 0.073 -0.500 2.504
38 18 0.214 -0.485 2.181
38 19 0.265 -0.796 2.123
38 20 0.250 -0.858 2.115
39 1 0.008 -0.422 2.526
39 2 0.026 -0.373 2.548
39 3 0.060 -0.124 2.514
39 4 -0.025 0.054 2.424
39 5 -0.119 -0.211 2.581
39 6 -0.155 -0.461 2.604
39 7 -0.258 -0.553 2.453
39 8 -0.252 -0.606 2.464
39 9 0.212 -0.203 2.495
39 10 0.289 -0.389 2.435
39 11 0.228 -0.469 2.164
39 12 0.212 -0.512 2.088
39 13 -0.082 -0.497 2.554
39 14 -0.023 -0.604 2.150
39 15 -0.046 -0.881 2.087
39 16 -0.064 -0.921 2.009
39 17 0.074 -0.500 2.503
39 18 0.219 -0.475 2.176
39 19 0.265 -0.795 2.113
39 20 0.246 -0.859 2.122
40 1 0.008 -0.422 2.526
40 2 0.025 -0.373 2.547
40 3 0.060 -0.125 2.514
40 4 -0.027 0.052 2.428
40 5 -0.119 -0.212 2.583
40 6 -0.154 -0.460 2.602
40 7 -0.250 -0.555 2.448
40 8 -0.243 -0.608 2.457
40 9 0.212 -0.203 2.494
40 10 0.290 -0.384 2.427
40 11 0.216 -0.443 2.152
40 12 0.184 -0.451 2.094
40 13 -0.079 -0.499 2.554
40 14 -0.023 -0.604 2.150
40 15 -0.046 -0.881 2.086
40 16 -0.064 -0.921 2.008
40 17 0.076 -0.500 2.502
40 18 0.226 -0.471 2.179
40 19 0.262 -0.795 2.129
40 20 0.246 -0.858 2.122
41 1 0.008 -0.423 2.527
41 2 0.024 -0.374 2.546
41 3 0.059 -0.127 2.514
41 4 -0.027 0.051 2.432
41 5 -0.119 -0.214 2.585
41 6 -0.153 -0.457 2.602
41 7 -0.242 -0.556 2.446
41 8 -0.234 -0.610 2.452
41 9 0.211 -0.203 2.493
41 10 0.305 -0.384 2.395
41 11 0.197 -0.423 2.140
41 12 0.160 -0.419 2.091
41 13 -0.081 -0.500 2.555
41 14 -0.023 -0.606 2.150
41 15 -0.045 -0.881 2.084
41 16 -0.064 -0.921 2.006
41 17 0.071 -0.502 2.503
41 18 0.232 -0.470 2.200
41 19 0.264 -0.795 2.130
41 20 0.246 -0.859 2.123
42 1 0.003 -0.424 2.528
42 2 0.021 -0.376 2.544
42 3 0.060 -0.130 2.515
42 4 -0.023 0.049 2.436
42 5 -0.118 -0.216 2.586
42 6 -0.152 -0.453 2.602
42 7 -0.237 -0.557 2.444
42 8 -0.225 -0.611 2.448
42 9 0.211 -0.205 2.491
42 10 0.308 -0.382 2.382
42 11 0.184 -0.410 2.144
42 12 0.129 -0.396 2.097
42 13 -0.094 -0.499 2.559
42 14 -0.026 -0.615 2.151
42 15 -0.043 -0.882 2.080
42 16 -0.063 -0.921 2.004
42 17 0.059 -0.504 2.503
42 18 0.246 -0.460 2.232
42 19 0.272 -0.789 2.137
42 20 0.255 -0.832 2.092
43 1 -0.007 -0.425 2.534
43 2 0.015 -0.377 2.544
43 3 0.066 -0.136 2.515
43 4 -0.007 0.045 2.437
43 5 -0.114 -0.218 2.586
43 6 -0.151 -0.450 2.602
43 7 -0.233 -0.557 2.442
43 8 -0.218 -0.611 2.444
43 9 0.214 -0.208 2.489
43 10 0.310 -0.381 2.372
43 11 0.175 -0.402 2.170
43 12 0.098 -0.380 2.104
43 13 -0.117 -0.493 2.568
43 14 -0.029 -0.621 2.152
43 15 -0.039 -0.881 2.077
43 16 -0.060 -0.919 2.001
43 17 0.035 -0.508 2.516
43 18 0.244 -0.461 2.260
43 19 0.275 -0.787 2.150
43 20 0.256 -0.826 2.086
44 1 -0.014 -0.426 2.538
44 2 0.010 -0.379 2.544
44 3 0.074 -0.142 2.514
44 4 0.013 0.041 2.433
44 5 -0.105 -0.220 2.583
44 6 -0.148 -0.447 2.601
44 7 -0.215 -0.552 2.436
44 8 -0.204 -0.609 2.437
44 9 0.225 -0.220 2.480
44 10 0.311 -0.383 2.359
44 11 0.170 -0.401 2.182
44 12 0.054 -0.376 2.109
44 13 -0.129 -0.489 2.573
44 14 -0.032 -0.628 2.154
44 15 -0.033 -0.879 2.076
44 16 -0.055 -0.918 1.998
44 17 0.024 -0.510 2.522
44 18 0.241 -0.460 2.271
44 19 0.278 -0.785 2.159
44 20 0.257 -0.821 2.083
45 1 -0.016 -0.427 2.539
45 2 0.009 -0.380 2.543
45 3 0.089 -0.150 2.509
45 4 0.036 0.036 2.426
45 5 -0.093 -0.222 2.579
45 6 -0.143 -0.443 2.601
45 7 -0.205 -0.548 2.433
45 8 -0.194 -0.606 2.433
45 9 0.239 -0.234 2.467
45 10 0.312 -0.390 2.337
45 11 0.130 -0.400 2.180
45 12 0.023 -0.391 2.131
45 13 -0.130 -0.486 2.572
45 14 -0.035 -0.565 2.147
45 15 -0.009 -0.838 2.098
45 16 -0.044 -0.865 2.032
45 17 0.024 -0.512 2.521
45 18 0.243 -0.460 2.271
45 19 0.285 -0.784 2.162
45 20 0.261 -0.818 2.078
46 1 0.020 -0.425 2.528
46 2 0.042 -0.381 2.528
46 3 0.118 -0.160 2.491
46 4 0.060 0.029 2.410
46 5 -0.076 -0.223 2.572
46 6 -0.126 -0.435 2.598
46 7 -0.197 -0.543 2.432
46 8 -0.186 -0.603 2.431
46 9 0.251 -0.244 2.454
46 10 0.312 -0.396 2.318
46 11 0.104 -0.402 2.176
46 12 0.011 -0.392 2.139
46 13 -0.093 -0.483 2.563
46 14 -0.028 -0.472 2.154
46 15 0.001 -0.782 2.111
46 16 -0.033 -0.812 2.042
46 17 0.071 -0.510 2.510
46 18 0.254 -0.462 2.234
46 19 0.305 -0.783 2.141
46 20 0.288 -0.838 2.116
47 1 0.060 -0.409 2.504
47 2 0.075 -0.371 2.505
47 3 0.133 -0.166 2.481
47 4 0.078 0.024 2.394
47 5 -0.060 -0.224 2.565
47 6 -0.112 -0.427 2.598
47 7 -0.182 -0.527 2.426
47 8 -0.166 -0.583 2.422
47 9 0.263 -0.252 2.439
47 10 0.308 -0.402 2.291
47 11 0.093 -0.404 2.174
47 12 0.013 -0.392 2.150
47 13 -0.050 -0.466 2.534
47 14 -0.025 -0.416 2.161
47 15 0.005 -0.757 2.118
47 16 -0.029 -0.790 2.047
47 17 0.124 -0.490 2.484
47 18 0.274 -0.523 2.190
47 19 0.305 -0.813 2.157
47 20 0.313 -0.868 2.126
48 1 0.102 -0.391 2.464
48 2 0.114 -0.357 2.468
48 3 0.150 -0.170 2.468
48 4 0.098 0.019 2.376
48 5 -0.039 -0.225 2.553
48 6 -0.100 -0.420 2.600
48 7 -0.173 -0.516 2.425
48 8 -0.155 -0.571 2.420
48 9 0.271 -0.258 2.422
48 10 0.295 -0.407 2.262
48 11 0.086 -0.407 2.173
48 12 0.014 -0.392 2.155
48 13 -0.007 -0.451 2.487
48 14 -0.024 -0.428 2.145
48 15 0.002 -0.762 2.098
48 16 -0.031 -0.796 2.023
48 17 0.174 -0.465 2.438
48 18 0.293 -0.581 2.141
48 19 0.303 -0.827 2.166
48 20 0.320 -0.883 2.132
49 1 0.121 -0.384 2.445
49 2 0.131 -0.352 2.451
49 3 0.163 -0.172 2.455
49 4 0.114 0.017 2.358
49 5 -0.018 -0.223 2.539
49 6 -0.089 -0.415 2.604
49 7 -0.165 -0.508 2.425
49 8 -0.145 -0.562 2.420
49 9 0.277 -0.260 2.406
49 10 0.223 -0.415 2.216
49 11 0.024 -0.420 2.144
49 12 -0.020 -0.396 2.138
49 13 0.018 -0.446 2.463
49 14 -0.031 -0.454 2.140
49 15 -0.003 -0.784 2.125
49 16 -0.001 -0.812 2.054
49 17 0.198 -0.454 2.411
49 18 0.304 -0.612 2.114
49 19 0.303 -0.833 2.170
49 20 0.322 -0.893 2.138
50 1 0.130 -0.379 2.436
50 2 0.140 -0.349 2.442
50 3 0.175 -0.171 2.438
50 4 0.124 0.017 2.343
50 5 -0.000 -0.220 2.523
50 6 -0.080 -0.412 2.605
50 7 -0.155 -0.502 2.425
50 8 -0.134 -0.556 2.419
50 9 0.282 -0.257 2.389
50 10 0.185 -0.402 2.200
50 11 0.009 -0.431 2.135
50 12 -0.029 -0.402 2.133
50 13 0.021 -0.440 2.459
50 14 -0.034 -0.482 2.147
50 15 -0.007 -0.802 2.135
50 16 0.017 -0.836 2.072
50 17 0.192 -0.446 2.403
50 18 0.312 -0.633 2.132
50 19 0.302 -0.837 2.173
50 20 0.321 -0.900 2.142
51 1 0.131 -0.377 2.431
51 2 0.143 -0.346 2.437
51 3 0.182 -0.169 2.423
51 4 0.132 0.019 2.328
51 5 0.010 -0.215 2.512
51 6 -0.046 -0.399 2.567
51 7 -0.123 -0.481 2.390
51 8 -0.103 -0.535 2.385
51 9 0.285 -0.250 2.370
51 10 0.176 -0.394 2.199
51 11 0.003 -0.446 2.132
51 12 -0.033 -0.407 2.130
51 13 0.021 -0.436 2.459
51 14 -0.043 -0.518 2.154
51 15 -0.009 -0.811 2.140
51 16 0.025 -0.854 2.083
51 17 0.189 -0.443 2.398
51 18 0.317 -0.646 2.139
51 19 0.312 -0.860 2.152
51 20 0.289 -0.878 2.174
52 1 0.125 -0.378 2.430
52 2 0.141 -0.345 2.434
52 3 0.187 -0.165 2.408
52 4 0.136 0.024 2.316
52 5 0.018 -0.209 2.502
52 6 -0.028 -0.391 2.543
52 7 -0.110 -0.473 2.375
52 8 -0.089 -0.528 2.370
52 9 0.287 -0.238 2.351
52 10 0.172 -0.387 2.201
52 11 0.001 -0.455 2.131
52 12 -0.034 -0.413 2.129
52 13 0.015 -0.434 2.463
52 14 -0.044 -0.574 2.161
52 15 -0.011 -0.819 2.142
52 16 0.003 -0.873 2.093
52 17 0.179 -0.445 2.400
52 18 0.319 -0.649 2.149
52 19 0.315 -0.868 2.143
52 20 0.267 -0.866 2.191
53 1 0.152 -0.406 2.450
53 2 0.163 -0.363 2.443
53 3 0.189 -0.153 2.389
53 4 0.134 0.035 2.299
53 5 0.024 -0.199 2.490
53 6 -0.010 -0.390 2.501
53 7 -0.093 -0.471 2.344
53 8 -0.073 -0.526 2.340
53 9 0.288 -0.222 2.333
53 10 0.173 -0.384 2.204
53 11 0.003 -0.460 2.133
53 12 -0.036 -0.416 2.128
53 13 0.071 -0.467 2.504
53 14 -0.001 -0.581 2.166
53 15 -0.012 -0.822 2.143
53 16 -0.010 -0.881 2.094
53 17 0.206 -0.474 2.426
53 18 0.317 -0.647 2.149
53 19 0.315 -0.873 2.124
53 20 0.263 -0.862 2.196
54 1 0.165 -0.418 2.459
54 2 0.171 -0.367 2.446
54 3 0.189 -0.138 2.373
54 4 0.127 0.049 2.282
54 5 0.026 -0.193 2.484
54 6 -0.004 -0.389 2.474
54 7 -0.089 -0.474 2.326
54 8 -0.069 -0.529 2.322
54 9 0.288 -0.207 2.320
54 10 0.170 -0.383 2.203
54 11 0.001 -0.463 2.133
54 12 -0.038 -0.418 2.127
54 13 0.101 -0.483 2.527
54 14 0.044 -0.540 2.170
54 15 -0.012 -0.825 2.144
54 16 -0.015 -0.885 2.096
54 17 0.221 -0.487 2.437
54 18 0.316 -0.650 2.150
54 19 0.314 -0.879 2.119
54 20 0.261 -0.852 2.198
55 1 0.171 -0.422 2.463
55 2 0.175 -0.369 2.446
55 3 0.185 -0.121 2.360
55 4 0.116 0.063 2.270
55 5 0.027 -0.187 2.479
55 6 -0.013 -0.390 2.435
55 7 -0.100 -0.482 2.304
55 8 -0.080 -0.538 2.300
55 9 0.287 -0.192 2.308
55 10 0.168 -0.379 2.202
55 11 -0.002 -0.461 2.132
55 12 -0.040 -0.418 2.125
55 13 0.113 -0.489 2.536
55 14 0.050 -0.582 2.164
55 15 -0.013 -0.831 2.143
55 16 -0.056 -0.867 2.098
55 17 0.227 -0.490 2.441
55 18 0.314 -0.649 2.152
55 19 0.312 -0.883 2.117
55 20 0.261 -0.843 2.199
56 1 0.174 -0.419 2.466
56 2 0.178 -0.365 2.447
56 3 0.179 -0.105 2.352
56 4 0.098 0.078 2.261
56 5 0.023 -0.179 2.475
56 6 -0.016 -0.390 2.420
56 7 -0.110 -0.487 2.291
56 8 -0.090 -0.543 2.287
56 9 0.283 -0.172 2.298
56 10 0.167 -0.364 2.199
56 11 -0.002 -0.458 2.130
56 12 -0.041 -0.417 2.123
56 13 0.120 -0.491 2.541
56 14 0.061 -0.546 2.179
56 15 -0.013 -0.833 2.143
56 16 -0.070 -0.871 2.116
56 17 0.233 -0.482 2.446
56 18 0.311 -0.645 2.156
56 19 0.289 -0.909 2.175
56 20 0.243 -0.914 2.174
57 1 0.176 -0.398 2.467
57 2 0.177 -0.347 2.447
57 3 0.171 -0.090 2.347
57 4 0.079 0.090 2.257
57 5 0.014 -0.166 2.474
57 6 -0.001 -0.359 2.478
57 7 -0.080 -0.453 2.301
57 8 -0.060 -0.509 2.297
57 9 0.277 -0.153 2.292
57 10 0.167 -0.348 2.195
57 11 0.001 -0.435 2.116
57 12 -0.042 -0.407 2.113
57 13 0.123 -0.478 2.543
57 14 0.063 -0.579 2.175
57 15 -0.012 -0.852 2.141
57 16 -0.072 -0.900 2.103
57 17 0.240 -0.456 2.445
57 18 0.307 -0.639 2.161
57 19 0.280 -0.920 2.201
57 20 0.235 -0.952 2.163
58 1 0.176 -0.385 2.466
58 2 0.176 -0.335 2.447
58 3 0.161 -0.077 2.346
58 4 0.056 0.102 2.260
58 5 0.007 -0.160 2.474
58 6 0.003 -0.352 2.483
58 7 -0.154 -0.376 2.675
58 8 -0.193 -0.394 2.709
58 9 0.270 -0.140 2.288
58 10 0.167 -0.323 2.191
58 11 0.011 -0.410 2.096
58 12 -0.037 -0.391 2.096
58 13 0.122 -0.467 2.543
58 14 0.068 -0.546 2.190
58 15 -0.008 -0.851 2.140
58 16 -0.075 -0.882 2.138
58 17 0.243 -0.438 2.443
58 18 0.305 -0.633 2.165
58 19 0.287 -0.890 2.180
58 20 0.242 -0.852 2.166
59 1 0.175 -0.376 2.466
59 2 0.174 -0.326 2.446
59 3 0.150 -0.067 2.346
59 4 0.031 0.109 2.269
59 5 0.001 -0.156 2.475
59 6 -0.050 -0.345 2.607
59 7 -0.168 -0.332 2.835
59 8 -0.221 -0.350 2.847
59 9 0.260 -0.128 2.286
59 10 0.165 -0.311 2.188
59 11 -0.001 -0.392 2.096
59 12 -0.043 -0.376 2.091
59 13 0.120 -0.459 2.540
59 14 0.070 -0.527 2.198
59 15 -0.004 -0.849 2.141
59 16 -0.071 -0.878 2.157
59 17 0.243 -0.427 2.440
59 18 0.305 -0.627 2.168
59 19 0.291 -0.870 2.169
59 20 0.232 -0.843 2.165
60 1 0.177 -0.372 2.462
60 2 0.173 -0.321 2.444
60 3 0.134 -0.061 2.351
60 4 -0.005 0.108 2.286
60 5 -0.008 -0.155 2.480
60 6 -0.069 -0.339 2.663
60 7 -0.167 -0.292 2.855
60 8 -0.205 -0.277 2.910
60 9 0.249 -0.120 2.287
60 10 0.159 -0.302 2.184
60 11 -0.053 -0.393 2.093
60 12 -0.096 -0.369 2.081
60 13 0.138 -0.462 2.511
60 14 0.075 -0.523 2.191
60 15 0.025 -0.838 2.138
60 16 0.016 -0.888 2.152
60 17 0.247 -0.419 2.435
60 18 0.306 -0.623 2.168
60 19 0.296 -0.860 2.152
60 20 0.251 -0.812 2.176
61 1 0.178 -0.369 2.459
61 2 0.172 -0.319 2.443
61 3 0.117 -0.059 2.359
61 4 -0.030 0.102 2.302
61 5 -0.015 -0.157 2.487
61 6 -0.083 -0.340 2.699
61 7 -0.070 -0.495 2.791
61 8 -0.068 -0.548 2.824
61 9 0.231 -0.117 2.292
61 10 0.151 -0.296 2.182
61 11 -0.090 -0.418 2.114
61 12 -0.124 -0.379 2.091
61 13 0.146 -0.463 2.498
61 14 0.078 -0.521 2.184
61 15 0.007 -0.841 2.115
61 16 -0.010 -0.895 2.091
61 17 0.250 -0.414 2.431
61 18 0.310 -0.619 2.166
61 19 0.300 -0.854 2.138
61 20 0.260 -0.804 2.181
62 1 0.179 -0.368 2.456
62 2 0.172 -0.317 2.442
62 3 0.101 -0.062 2.368
62 4 -0.053 0.090 2.325
62 5 -0.021 -0.171 2.501
62 6 -0.089 -0.343 2.719
62 7 -0.061 -0.520 2.830
62 8 -0.059 -0.574 2.857
62 9 0.212 -0.121 2.297
62 10 0.136 -0.295 2.185
62 11 -0.096 -0.415 2.127
62 12 -0.132 -0.376 2.097
62 13 0.150 -0.465 2.493
62 14 0.076 -0.573 2.184
62 15 -0.009 -0.868 2.132
62 16 -0.036 -0.925 2.086
62 17 0.251 -0.412 2.427
62 18 0.316 -0.616 2.163
62 19 0.302 -0.850 2.131
62 20 0.265 -0.800 2.185
63 1 0.179 -0.369 2.454
63 2 0.169 -0.318 2.441
63 3 0.080 -0.074 2.386
63 4 -0.069 0.077 2.344
63 5 -0.030 -0.190 2.531
63 6 -0.085 -0.352 2.737
63 7 -0.043 -0.554 2.867
63 8 -0.035 -0.617 2.903
63 9 0.195 -0.131 2.303
63 10 0.113 -0.299 2.192
63 11 -0.131 -0.432 2.153
63 12 -0.163 -0.388 2.120
63 13 0.153 -0.467 2.491
63 14 0.060 -0.636 2.176
63 15 -0.025 -0.906 2.142
63 16 -0.064 -0.965 2.084
63 17 0.249 -0.411 2.423
63 18 0.321 -0.614 2.161
63 19 0.303 -0.848 2.127
63 20 0.267 -0.798 2.186
64 1 0.152 -0.393 2.450
64 2 0.142 -0.340 2.442
64 3 0.063 -0.087 2.403
64 4 -0.082 0.062 2.362
64 5 -0.033 -0.217 2.553
64 6 -0.062 -0.381 2.724
64 7 0.010 -0.614 2.740
64 8 0.030 -0.683 2.738
64 9 0.178 -0.145 2.311
64 10 0.066 -0.322 2.207
64 11 -0.146 -0.439 2.166
64 12 -0.183 -0.398 2.141
64 13 0.134 -0.487 2.501
64 14 0.047 -0.673 2.172
64 15 -0.033 -0.928 2.146
64 16 -0.077 -0.984 2.083
64 17 0.210 -0.436 2.404
64 18 0.329 -0.612 2.155
64 19 0.305 -0.847 2.125
64 20 0.263 -0.802 2.180
65 1 0.136 -0.408 2.449
65 2 0.125 -0.355 2.443
65 3 0.051 -0.099 2.417
65 4 -0.090 0.049 2.377
65 5 -0.033 -0.232 2.565
65 6 -0.049 -0.398 2.715
65 7 -0.197 -0.491 2.612
65 8 -0.210 -0.469 2.631
65 9 0.162 -0.163 2.319
65 10 0.038 -0.340 2.221
65 11 -0.149 -0.442 2.218
65 12 -0.190 -0.403 2.190
65 13 0.123 -0.499 2.508
65 14 0.043 -0.687 2.171
65 15 0.017 -0.954 2.149
65 16 -0.043 -1.004 2.086
65 17 0.182 -0.455 2.393
65 18 0.332 -0.612 2.151
65 19 0.305 -0.847 2.125
65 20 0.258 -0.806 2.178
66 1 0.128 -0.415 2.449
66 2 0.117 -0.363 2.445
66 3 0.043 -0.112 2.429
66 4 -0.095 0.034 2.392
66 5 -0.033 -0.241 2.573
66 6 -0.042 -0.408 2.711
66 7 -0.205 -0.509 2.570
66 8 -0.234 -0.462 2.581
66 9 0.152 -0.176 2.329
66 10 0.032 -0.349 2.235
66 11 -0.166 -0.449 2.263
66 12 -0.206 -0.410 2.230
66 13 0.116 -0.506 2.513
66 14 0.037 -0.694 2.170
66 15 0.004 -0.963 2.148
66 16 -0.059 -1.010 2.086
66 17 0.171 -0.463 2.389
66 18 0.334 -0.611 2.147
66 19 0.292 -0.841 2.149
66 20 0.283 -0.846 2.130
67 1 0.123 -0.422 2.452
67 2 0.111 -0.372 2.450
67 3 0.035 -0.129 2.449
67 4 -0.099 0.020 2.407
67 5 -0.035 -0.250 2.583
67 6 -0.039 -0.417 2.712
67 7 -0.253 -0.484 2.560
67 8 -0.302 -0.405 2.580
67 9 0.145 -0.195 2.350
67 10 0.033 -0.356 2.247
67 11 -0.172 -0.452 2.278
67 12 -0.214 -0.413 2.248
67 13 0.113 -0.515 2.521
67 14 0.031 -0.694 2.172
67 15 -0.008 -0.965 2.145
67 16 -0.072 -1.011 2.086
67 17 0.165 -0.470 2.388
67 18 0.334 -0.611 2.142
67 19 0.286 -0.838 2.159
67 20 0.297 -0.867 2.096
68 1 0.101 -0.435 2.474
68 2 0.093 -0.385 2.470
68 3 0.031 -0.140 2.464
68 4 -0.103 0.010 2.420
68 5 -0.036 -0.258 2.593
68 6 -0.037 -0.424 2.715
68 7 -0.275 -0.473 2.575
68 8 -0.320 -0.394 2.606
68 9 0.141 -0.208 2.366
68 10 0.038 -0.363 2.258
68 11 -0.147 -0.445 2.287
68 12 -0.205 -0.412 2.261
68 13 0.083 -0.535 2.555
68 14 0.023 -0.693 2.174
68 15 -0.020 -0.963 2.140
68 16 -0.083 -1.009 2.083
68 17 0.153 -0.482 2.393
68 18 0.332 -0.608 2.140
68 19 0.284 -0.836 2.164
68 20 0.301 -0.876 2.085
69 1 0.102 -0.421 2.544
69 2 0.091 -0.377 2.534
69 3 0.025 -0.156 2.485
69 4 -0.107 0.002 2.435
69 5 -0.042 -0.268 2.603
69 6 -0.040 -0.432 2.718
69 7 -0.291 -0.471 2.588
69 8 -0.338 -0.392 2.618
69 9 0.139 -0.214 2.381
69 10 0.045 -0.367 2.265
69 11 -0.134 -0.440 2.288
69 12 -0.196 -0.409 2.268
69 13 0.079 -0.513 2.644
69 14 0.021 -0.665 2.224
69 15 -0.026 -0.910 2.185
69 16 0.008 -0.885 2.132
69 17 0.181 -0.469 2.484
69 18 0.314 -0.597 2.152
69 19 0.282 -0.835 2.167
69 20 0.299 -0.883 2.080
70 1 0.102 -0.417 2.585
70 2 0.090 -0.376 2.570
70 3 0.020 -0.167 2.502
70 4 -0.111 -0.003 2.450
70 5 -0.057 -0.275 2.611
70 6 -0.051 -0.440 2.723
70 7 -0.302 -0.473 2.608
70 8 -0.352 -0.396 2.635
70 9 0.136 -0.220 2.402
70 10 0.051 -0.372 2.271
70 11 -0.129 -0.438 2.290
70 12 -0.189 -0.406 2.272
70 13 0.069 -0.512 2.668
70 14 0.031 -0.614 2.224
70 15 -0.027 -0.858 2.169
70 16 0.040 -0.860 2.145
70 17 0.187 -0.468 2.524
70 18 0.303 -0.589 2.160
70 19 0.285 -0.832 2.172
70 20 0.292 -0.884 2.088
71 1 0.102 -0.415 2.600
71 2 0.089 -0.375 2.584
71 3 0.013 -0.179 2.523
71 4 -0.116 -0.009 2.464
71 5 -0.067 -0.280 2.618
71 6 -0.067 -0.448 2.732
71 7 -0.309 -0.481 2.633
71 8 -0.354 -0.412 2.661
71 9 0.134 -0.222 2.424
71 10 0.058 -0.375 2.276
71 11 -0.125 -0.435 2.291
71 12 -0.185 -0.407 2.277
71 13 0.066 -0.509 2.680
71 14 -0.197 -0.482 2.305
71 15 -0.060 -0.761 2.184
71 16 -0.038 -0.788 2.149
71 17 0.198 -0.447 2.559
71 18 0.297 -0.584 2.165
71 19 0.315 -0.825 2.170
71 20 0.292 -0.878 2.096
72 1 0.103 -0.413 2.609
72 2 0.088 -0.374 2.593
72 3 0.006 -0.187 2.540
72 4 -0.122 -0.015 2.484
72 5 -0.079 -0.285 2.628
72 6 -0.085 -0.456 2.746
72 7 -0.315 -0.490 2.658
72 8 -0.357 -0.428 2.684
72 9 0.130 -0.223 2.442
72 10 0.066 -0.377 2.286
72 11 -0.121 -0.432 2.293
72 12 -0.181 -0.409 2.284
72 13 0.066 -0.502 2.679
72 14 -0.240 -0.443 2.328
72 15 -0.079 -0.707 2.193
72 16 -0.083 -0.754 2.148
72 17 0.203 -0.438 2.574
72 18 0.293 -0.580 2.169
72 19 0.326 -0.823 2.151
72 20 0.290 -0.880 2.092
73 1 0.102 -0.413 2.615
73 2 0.087 -0.375 2.600
73 3 -0.002 -0.193 2.554
73 4 -0.129 -0.022 2.501
73 5 -0.092 -0.290 2.638
73 6 -0.101 -0.462 2.759
73 7 -0.319 -0.499 2.677
73 8 -0.359 -0.441 2.702
73 9 0.124 -0.221 2.466
73 10 0.071 -0.378 2.296
73 11 -0.118 -0.427 2.297
73 12 -0.177 -0.415 2.295
73 13 0.065 -0.500 2.674
73 14 -0.265 -0.446 2.328
73 15 -0.084 -0.700 2.192
73 16 -0.107 -0.741 2.144
73 17 0.205 -0.434 2.583
73 18 0.292 -0.577 2.174
73 19 0.335 -0.824 2.149
73 20 0.301 -0.874 2.091
74 1 -0.072 -0.465 2.466
74 2 -0.058 -0.420 2.487
74 3 -0.013 -0.200 2.569
74 4 -0.139 -0.031 2.517
74 5 -0.106 -0.297 2.651
74 6 -0.117 -0.470 2.774
74 7 -0.325 -0.509 2.696
74 8 -0.363 -0.454 2.719
74 9 0.118 -0.221 2.483
74 10 0.076 -0.378 2.310
74 11 -0.116 -0.424 2.300
74 12 -0.175 -0.421 2.303
74 13 -0.145 -0.535 2.467
74 14 -0.506 -0.457 2.311
74 15 -0.227 -0.656 2.204
74 16 -0.258 -0.700 2.149
74 17 -0.027 -0.501 2.407
74 18 0.296 -0.571 2.180
74 19 0.341 -0.826 2.148
74 20 0.362 -0.854 2.095
75 1 -0.109 -0.472 2.448
75 2 -0.095 -0.430 2.471
75 3 -0.027 -0.209 2.584
75 4 -0.171 -0.059 2.536
75 5 -0.121 -0.305 2.667
75 6 -0.134 -0.478 2.790
75 7 -0.333 -0.520 2.714
75 8 -0.370 -0.467 2.735
75 9 0.109 -0.223 2.500
75 10 0.077 -0.378 2.322
75 11 -0.113 -0.432 2.301
75 12 -0.161 -0.434 2.328
75 13 -0.184 -0.538 2.439
75 14 -0.559 -0.479 2.299
75 15 -0.277 -0.645 2.206
75 16 -0.343 -0.692 2.149
75 17 -0.062 -0.506 2.393
75 18 0.308 -0.559 2.187
75 19 0.356 -0.803 2.133
75 20 0.338 -0.832 2.081
76 1 -0.126 -0.484 2.418
76 2 -0.120 -0.441 2.448
76 3 -0.040 -0.218 2.599
76 4 -0.189 -0.075 2.547
76 5 -0.135 -0.314 2.682
76 6 -0.148 -0.487 2.806
76 7 -0.341 -0.532 2.730
76 8 -0.377 -0.479 2.749
76 9 0.099 -0.225 2.514
76 10 0.074 -0.377 2.332
76 11 -0.116 -0.437 2.315
76 12 -0.150 -0.432 2.357
76 13 -0.189 -0.551 2.394
76 14 -0.549 -0.505 2.295
76 15 -0.275 -0.668 2.204
76 16 -0.336 -0.714 2.149
76 17 -0.070 -0.517 2.365
76 18 0.319 -0.507 2.199
76 19 0.377 -0.769 2.117
76 20 0.334 -0.803 2.067
77 1 -0.129 -0.488 2.413
77 2 -0.124 -0.445 2.443
77 3 -0.062 -0.236 2.618
77 4 -0.219 -0.108 2.563
77 5 -0.155 -0.330 2.701
77 6 -0.166 -0.502 2.825
77 7 -0.356 -0.549 2.748
77 8 -0.392 -0.497 2.767
77 9 0.085 -0.232 2.527
77 10 0.063 -0.377 2.344
77 11 -0.123 -0.443 2.323
77 12 -0.147 -0.432 2.369
77 13 -0.193 -0.554 2.387
77 14 -0.560 -0.513 2.288
77 15 -0.286 -0.672 2.202
77 16 -0.346 -0.718 2.148
77 17 -0.072 -0.519 2.361
77 18 0.327 -0.479 2.206
77 19 0.403 -0.714 2.097
77 20 0.341 -0.753 2.048
78 1 -0.134 -0.492 2.412
78 2 -0.129 -0.451 2.442
78 3 -0.073 -0.247 2.627
78 4 -0.232 -0.123 2.571
78 5 -0.167 -0.341 2.713
78 6 -0.178 -0.513 2.836
78 7 -0.366 -0.562 2.760
78 8 -0.402 -0.511 2.778
78 9 0.075 -0.238 2.534
78 10 0.059 -0.373 2.350
78 11 -0.124 -0.447 2.327
78 12 -0.144 -0.432 2.377
78 13 -0.199 -0.557 2.386
78 14 -0.562 -0.524 2.283
78 15 -0.290 -0.681 2.200
78 16 -0.372 -0.716 2.149
78 17 -0.079 -0.522 2.360
78 18 0.331 -0.468 2.209
78 19 0.432 -0.683 2.080
78 20 0.359 -0.727 2.034
79 1 -0.176 -0.499 2.414
79 2 -0.160 -0.459 2.444
79 3 -0.080 -0.255 2.631
79 4 -0.241 -0.134 2.575
79 5 -0.175 -0.350 2.719
79 6 -0.186 -0.521 2.843
79 7 -0.373 -0.572 2.766
79 8 -0.409 -0.520 2.784
79 9 0.066 -0.242 2.539
79 10 0.055 -0.371 2.353
79 11 -0.126 -0.450 2.330
79 12 -0.142 -0.432 2.383
79 13 -0.259 -0.562 2.388
79 14 -0.581 -0.534 2.271
79 15 -0.293 -0.685 2.197
79 16 -0.361 -0.732 2.148
79 17 -0.125 -0.525 2.360
79 18 0.318 -0.462 2.219
79 19 0.443 -0.670 2.073
79 20 0.369 -0.718 2.028
80 1 -0.187 -0.499 2.423
80 2 -0.170 -0.461 2.450
80 3 -0.087 -0.262 2.633
80 4 -0.250 -0.154 2.577
80 5 -0.182 -0.358 2.724
80 6 -0.193 -0.529 2.847
80 7 -0.380 -0.580 2.770
80 8 -0.416 -0.528 2.788
80 9 0.057 -0.248 2.541
80 10 0.053 -0.369 2.355
80 11 -0.126 -0.451 2.332
80 12 -0.141 -0.432 2.387
80 13 -0.275 -0.561 2.398
80 14 -0.577 -0.567 2.249
80 15 -0.288 -0.706 2.185
80 16 -0.355 -0.750 2.144
80 17 -0.136 -0.524 2.372
80 18 0.307 -0.458 2.226
80 19 0.428 -0.661 2.087
80 20 0.357 -0.713 2.042
81 1 -0.156 -0.494 2.438
81 2 -0.151 -0.462 2.465
81 3 -0.102 -0.290 2.637
81 4 -0.257 -0.163 2.579
81 5 -0.195 -0.379 2.731
81 6 -0.205 -0.550 2.854
81 7 -0.394 -0.602 2.775
81 8 -0.431 -0.549 2.794
81 9 0.046 -0.252 2.545
81 10 0.051 -0.368 2.358
81 11 -0.127 -0.452 2.333
81 12 -0.141 -0.431 2.389
81 13 -0.224 -0.564 2.407
81 14 -0.497 -0.571 2.210
81 15 -0.221 -0.740 2.150
81 16 -0.288 -0.784 2.112
81 17 -0.095 -0.507 2.385
81 18 0.326 -0.451 2.221
81 19 0.471 -0.625 2.080
81 20 0.403 -0.675 2.037
82 1 -0.138 -0.494 2.447
82 2 -0.141 -0.464 2.473
82 3 -0.108 -0.300 2.638
82 4 -0.261 -0.170 2.581
82 5 -0.203 -0.390 2.734
82 6 -0.212 -0.562 2.857
82 7 -0.402 -0.613 2.778
82 8 -0.439 -0.560 2.797
82 9 0.035 -0.256 2.551
82 10 0.048 -0.367 2.362
82 11 -0.129 -0.452 2.334
82 12 -0.142 -0.430 2.389
82 13 -0.204 -0.568 2.413
82 14 -0.527 -0.579 2.226
82 15 -0.264 -0.766 2.211
82 16 -0.310 -0.812 2.154
82 17 -0.076 -0.506 2.397
82 18 0.332 -0.445 2.221
82 19 0.556 -0.651 2.140
82 20 0.591 -0.687 2.084
83 1 -0.131 -0.495 2.451
83 2 -0.135 -0.466 2.478
83 3 -0.113 -0.306 2.640
83 4 -0.264 -0.174 2.582
83 5 -0.209 -0.398 2.736
83 6 -0.218 -0.570 2.860
83 7 -0.409 -0.622 2.780
83 8 -0.446 -0.568 2.799
83 9 0.027 -0.260 2.556
83 10 0.047 -0.366 2.365
83 11 -0.130 -0.452 2.336
83 12 -0.143 -0.428 2.390
83 13 -0.194 -0.571 2.415
83 14 -0.534 -0.585 2.229
83 15 -0.272 -0.781 2.229
83 16 -0.321 -0.824 2.173
83 17 -0.067 -0.507 2.402
83 18 0.337 -0.434 2.223
83 19 0.601 -0.635 2.180
83 20 0.663 -0.652 2.113
84 1 -0.127 -0.497 2.454
84 2 -0.132 -0.468 2.480
84 3 -0.117 -0.310 2.640
84 4 -0.271 -0.177 2.583
84 5 -0.213 -0.404 2.738
84 6 -0.222 -0.575 2.861
84 7 -0.414 -0.627 2.781
84 8 -0.451 -0.573 2.800
84 9 0.017 -0.263 2.562
84 10 0.047 -0.367 2.371
84 11 -0.053 -0.515 2.246
84 12 -0.080 -0.542 2.230
84 13 -0.189 -0.574 2.417
84 14 -0.545 -0.585 2.236
84 15 -0.279 -0.787 2.240
84 16 -0.337 -0.827 2.192
84 17 -0.062 -0.508 2.405
84 18 0.336 -0.411 2.230
84 19 0.612 -0.620 2.189
84 20 0.695 -0.621 2.145
85 1 -0.142 -0.512 2.460
85 2 -0.139 -0.475 2.485
85 3 -0.125 -0.310 2.639
85 4 -0.279 -0.178 2.583
85 5 -0.220 -0.407 2.738
85 6 -0.229 -0.578 2.861
85 7 -0.422 -0.630 2.781
85 8 -0.459 -0.576 2.800
85 9 0.010 -0.264 2.566
85 10 0.047 -0.368 2.377
85 11 -0.032 -0.535 2.217
85 12 -0.060 -0.590 2.162
85 13 -0.213 -0.595 2.431
85 14 -0.553 -0.586 2.241
85 15 -0.284 -0.790 2.247
85 16 -0.344 -0.828 2.199
85 17 -0.082 -0.532 2.410
85 18 0.309 -0.393 2.247
85 19 0.591 -0.599 2.213
85 20 0.690 -0.595 2.183
86 1 -0.149 -0.518 2.463
86 2 -0.143 -0.479 2.488
86 3 -0.132 -0.309 2.637
86 4 -0.287 -0.176 2.582
86 5 -0.225 -0.408 2.737
86 6 -0.235 -0.580 2.861
86 7 -0.428 -0.631 2.780
86 8 -0.466 -0.577 2.799
86 9 0.006 -0.265 2.568
86 10 0.018 -0.383 2.393
86 11 -0.015 -0.549 2.206
86 12 -0.071 -0.549 2.194
86 13 -0.221 -0.603 2.435
86 14 -0.558 -0.586 2.245
86 15 -0.287 -0.791 2.251
86 16 -0.348 -0.827 2.203
86 17 -0.089 -0.541 2.412
86 18 0.289 -0.367 2.267
86 19 0.583 -0.563 2.239
86 20 0.694 -0.562 2.219
87 1 -0.154 -0.522 2.464
87 2 -0.147 -0.483 2.489
87 3 -0.138 -0.307 2.635
87 4 -0.292 -0.173 2.581
87 5 -0.230 -0.409 2.736
87 6 -0.240 -0.581 2.860
87 7 -0.434 -0.631 2.778
87 8 -0.472 -0.577 2.797
87 9 0.003 -0.266 2.570
87 10 0.023 -0.383 2.397
87 11 -0.018 -0.548 2.212
87 12 -0.065 -0.567 2.166
87 13 -0.226 -0.607 2.437
87 14 -0.561 -0.585 2.247
87 15 -0.290 -0.790 2.254
87 16 -0.351 -0.824 2.204
87 17 -0.094 -0.546 2.413
87 18 0.282 -0.358 2.273
87 19 0.578 -0.549 2.249
87 20 0.572 -0.568 2.210
88 1 -0.159 -0.525 2.464
88 2 -0.152 -0.485 2.489
88 3 -0.144 -0.304 2.633
88 4 -0.296 -0.169 2.580
88 5 -0.236 -0.409 2.735
88 6 -0.246 -0.580 2.858
88 7 -0.440 -0.631 2.777
88 8 -0.478 -0.577 2.796
88 9 -0.001 -0.266 2.572
88 10 0.030 -0.380 2.399
88 11 -0.038 -0.554 2.209
88 12 -0.108 -0.597 2.162
88 13 -0.233 -0.609 2.436
88 14 -0.562 -0.586 2.248
88 15 -0.291 -0.788 2.255
88 16 -0.226 -0.795 2.218
88 17 -0.097 -0.549 2.413
88 18 0.301 -0.418 2.284
88 19 0.662 -0.534 2.246
88 20 0.688 -0.534 2.289
89 1 -0.172 -0.526 2.463
89 2 -0.163 -0.487 2.489
89 3 -0.148 -0.303 2.632
89 4 -0.299 -0.165 2.578
89 5 -0.241 -0.409 2.734
89 6 -0.251 -0.580 2.857
89 7 -0.445 -0.630 2.776
89 8 -0.483 -0.576 2.795
89 9 -0.004 -0.267 2.573
89 10 0.034 -0.378 2.400
89 11 -0.053 -0.553 2.215
89 12 -0.074 -0.581 2.169
89 13 -0.253 -0.607 2.435
89 14 -0.562 -0.534 2.253
89 15 -0.302 -0.761 2.251
89 16 -0.331 -0.772 2.200
89 17 -0.111 -0.549 2.410
89 18 0.296 -0.432 2.290
89 19 0.696 -0.531 2.244
89 20 0.703 -0.519 2.321
90 1 -0.180 -0.527 2.462
90 2 -0.171 -0.488 2.489
90 3 -0.152 -0.302 2.632
90 4 -0.300 -0.162 2.577
90 5 -0.245 -0.409 2.733
90 6 -0.255 -0.580 2.856
90 7 -0.449 -0.630 2.775
90 8 -0.487 -0.576 2.795
90 9 -0.006 -0.267 2.574
90 10 0.035 -0.378 2.401
90 11 -0.064 -0.551 2.220
90 12 -0.058 -0.569 2.180
90 13 -0.263 -0.606 2.434
90 14 -0.555 -0.558 2.252
90 15 -0.300 -0.759 2.250
90 16 -0.215 -0.774 2.211
90 17 -0.120 -0.549 2.408
90 18 0.296 -0.446 2.292
90 19 0.712 -0.529 2.243
90 20 0.729 -0.507 2.341
91 1 -0.186 -0.527 2.461
91 2 -0.177 -0.489 2.489
91 3 -0.154 -0.302 2.632
91 4 -0.301 -0.160 2.575
91 5 -0.248 -0.409 2.733
91 6 -0.258 -0.581 2.856
91 7 -0.453 -0.630 2.775
91 8 -0.490 -0.576 2.794
91 9 -0.008 -0.267 2.574
91 10 0.034 -0.379 2.402
91 11 -0.071 -0.549 2.223
91 12 -0.052 -0.565 2.185
91 13 -0.270 -0.606 2.434
91 14 -0.552 -0.572 2.251
91 15 -0.297 -0.759 2.248
91 16 -0.172 -0.774 2.211
91 17 -0.125 -0.549 2.406
91 18 0.295 -0.456 2.294
91 19 0.611 -0.517 2.386
91 20 0.713 -0.492 2.391
92 1 -0.192 -0.527 2.461
92 2 -0.183 -0.490 2.489
92 3 -0.157 -0.303 2.632
92 4 -0.302 -0.157 2.574
92 5 -0.252 -0.409 2.733
92 6 -0.261 -0.581 2.856
92 7 -0.456 -0.630 2.775
92 8 -0.493 -0.576 2.794
92 9 -0.010 -0.268 2.575
92 10 0.032 -0.381 2.402
92 11 -0.075 -0.547 2.226
92 12 -0.049 -0.563 2.186
92 13 -0.275 -0.605 2.433
92 14 -0.553 -0.562 2.253
92 15 -0.297 -0.756 2.247
92 16 -0.163 -0.766 2.212
92 17 -0.130 -0.548 2.405
92 18 0.294 -0.463 2.294
92 19 0.593 -0.512 2.432
92 20 0.690 -0.491 2.434
93 1 -0.195 -0.527 2.461
93 2 -0.187 -0.490 2.489
93 3 -0.159 -0.303 2.632
93 4 -0.301 -0.155 2.573
93 5 -0.254 -0.410 2.732
93 6 -0.264 -0.581 2.856
93 7 -0.458 -0.631 2.774
93 8 -0.496 -0.577 2.794
93 9 -0.012 -0.269 2.575
93 10 0.030 -0.384 2.402
93 11 -0.078 -0.547 2.229
93 12 -0.049 -0.563 2.188
93 13 -0.279 -0.605 2.433
93 14 -0.553 -0.560 2.253
93 15 -0.297 -0.754 2.246
93 16 -0.160 -0.763 2.211
93 17 -0.133 -0.548 2.405
93 18 0.293 -0.468 2.295
93 19 0.569 -0.511 2.463
93 20 0.677 -0.494 2.457
94 1 -0.199 -0.527 2.461
94 2 -0.191 -0.491 2.489
94 3 -0.180 -0.332 2.632
94 4 -0.300 -0.154 2.573
94 5 -0.269 -0.425 2.731
94 6 -0.278 -0.596 2.854
94 7 -0.472 -0.646 2.773
94 8 -0.510 -0.592 2.793
94 9 -0.014 -0.269 2.576
94 10 0.028 -0.387 2.403
94 11 -0.155 -0.450 2.340
94 12 -0.121 -0.491 2.268
94 13 -0.282 -0.605 2.433
94 14 -0.556 -0.541 2.258
94 15 -0.300 -0.750 2.243
94 16 -0.181 -0.753 2.206
94 17 -0.136 -0.548 2.404
94 18 0.292 -0.471 2.295
94 19 0.557 -0.510 2.481
94 20 0.563 -0.539 2.434
95 1 -0.201 -0.527 2.461
95 2 -0.194 -0.491 2.489
95 3 -0.182 -0.328 2.634
95 4 -0.298 -0.151 2.573
95 5 -0.272 -0.425 2.731
95 6 -0.282 -0.597 2.855
95 7 -0.476 -0.646 2.773
95 8 -0.513 -0.592 2.793
95 9 -0.015 -0.270 2.577
95 10 -0.017 -0.405 2.409
95 11 -0.130 -0.360 2.261
95 12 -0.132 -0.395 2.233
95 13 -0.284 -0.603 2.433
95 14 -0.557 -0.531 2.261
95 15 -0.301 -0.748 2.241
95 16 -0.192 -0.749 2.204
95 17 -0.138 -0.548 2.404
95 18 0.299 -0.481 2.358
95 19 0.556 -0.519 2.539
95 20 0.645 -0.537 2.524
96 1 -0.199 -0.519 2.464
96 2 -0.194 -0.487 2.491
96 3 -0.182 -0.323 2.636
96 4 -0.297 -0.148 2.572
96 5 -0.274 -0.425 2.732
96 6 -0.284 -0.596 2.855
96 7 -0.478 -0.645 2.774
96 8 -0.516 -0.592 2.794
96 9 -0.017 -0.270 2.578
96 10 -0.040 -0.414 2.410
96 11 -0.201 -0.359 2.299
96 12 -0.186 -0.373 2.243
96 13 -0.274 -0.588 2.436
96 14 -0.555 -0.528 2.264
96 15 -0.300 -0.747 2.240
96 16 -0.194 -0.747 2.203
96 17 -0.136 -0.541 2.408
96 18 0.305 -0.482 2.386
96 19 0.559 -0.520 2.564
96 20 0.646 -0.541 2.550
97 1 -0.199 -0.511 2.467
97 2 -0.194 -0.481 2.493
97 3 -0.180 -0.317 2.638
97 4 -0.296 -0.146 2.572
97 5 -0.276 -0.423 2.732
97 6 -0.285 -0.595 2.856
97 7 -0.479 -0.644 2.775
97 8 -0.517 -0.590 2.794
97 9 -0.019 -0.271 2.579
97 10 -0.050 -0.418 2.411
97 11 -0.220 -0.338 2.307
97 12 -0.212 -0.365 2.250
97 13 -0.272 -0.577 2.438
97 14 -0.555 -0.528 2.265
97 15 -0.300 -0.746 2.239
97 16 -0.196 -0.746 2.201
97 17 -0.136 -0.534 2.411
97 18 0.307 -0.482 2.400
97 19 0.560 -0.521 2.579
97 20 0.663 -0.538 2.567
98 1 -0.198 -0.506 2.469
98 2 -0.194 -0.477 2.495
98 3 -0.178 -0.312 2.639
98 4 -0.295 -0.144 2.571
98 5 -0.277 -0.421 2.733
98 6 -0.286 -0.593 2.856
98 7 -0.480 -0.642 2.775
98 8 -0.518 -0.588 2.795
98 9 -0.020 -0.271 2.580
98 10 -0.050 -0.417 2.409
98 11 -0.224 -0.411 2.348
98 12 -0.229 -0.412 2.287
98 13 -0.270 -0.571 2.439
98 14 -0.549 -0.542 2.259
98 15 -0.378 -0.774 2.225
98 16 -0.292 -0.769 2.189
98 17 -0.135 -0.530 2.413
98 18 0.309 -0.482 2.410
98 19 0.564 -0.521 2.586
98 20 0.675 -0.535 2.575
99 1 -0.195 -0.501 2.469
99 2 -0.191 -0.472 2.495
99 3 -0.176 -0.306 2.638
99 4 -0.295 -0.142 2.570
99 5 -0.277 -0.418 2.733
99 6 -0.286 -0.589 2.856
99 7 -0.480 -0.638 2.775
99 8 -0.518 -0.585 2.795
99 9 -0.021 -0.271 2.581
99 10 -0.021 -0.399 2.407
99 11 -0.103 -0.531 2.244
99 12 -0.127 -0.534 2.211
99 13 -0.267 -0.566 2.438
99 14 -0.547 -0.549 2.257
99 15 -0.445 -0.796 2.223
99 16 -0.354 -0.779 2.189
99 17 -0.126 -0.522 2.416
99 18 0.315 -0.475 2.415
99 19 0.579 -0.514 2.584
99 20 0.694 -0.522 2.574
100 1 -0.191 -0.497 2.469
100 2 -0.188 -0.468 2.495
100 3 -0.175 -0.303 2.638
100 4 -0.294 -0.140 2.570
100 5 -0.276 -0.415 2.733
100 6 -0.286 -0.586 2.856
100 7 -0.480 -0.636 2.775
100 8 -0.517 -0.582 2.795
100 9 -0.022 -0.270 2.582
100 10 0.015 -0.378 2.404
100 11 -0.089 -0.552 2.236
100 12 -0.087 -0.577 2.182
100 13 -0.264 -0.563 2.437
100 14 -0.546 -0.553 2.257
100 15 -0.467 -0.804 2.221
100 16 -0.382 -0.782 2.189
100 17 -0.119 -0.518 2.417
100 18 0.321 -0.468 2.417
100 19 0.591 -0.508 2.578
100 20 0.706 -0.512 2.570
101 1 -0.186 -0.494 2.467
101 2 -0.184 -0.464 2.494
101 3 -0.173 -0.300 2.637
101 4 -0.295 -0.140 2.568
101 5 -0.276 -0.412 2.732
101 6 -0.285 -0.584 2.856
101 7 -0.479 -0.633 2.775
101 8 -0.517 -0.579 2.795
101 9 -0.023 -0.270 2.582
101 10 0.029 -0.371 2.402
101 11 -0.052 -0.569 2.212
101 12 -0.061 -0.597 2.165
101 13 -0.257 -0.561 2.434
101 14 -0.546 -0.560 2.255
101 15 -0.481 -0.808 2.220
101 16 -0.394 -0.783 2.190
101 17 -0.111 -0.513 2.417
101 18 0.328 -0.460 2.415
101 19 0.603 -0.502 2.571
101 20 0.716 -0.503 2.564
102 1 -0.182 -0.492 2.466
102 2 -0.181 -0.462 2.492
102 3 -0.170 -0.301 2.632
102 4 -0.296 -0.140 2.566
102 5 -0.274 -0.411 2.730
102 6 -0.284 -0.583 2.854
102 7 -0.478 -0.632 2.773
102 8 -0.516 -0.578 2.792
102 9 -0.024 -0.270 2.580
102 10 0.036 -0.370 2.401
102 11 -0.025 -0.533 2.210
102 12 -0.030 -0.587 2.155
102 13 -0.255 -0.559 2.431
102 14 -0.546 -0.564 2.255
102 15 -0.487 -0.811 2.221
102 16 -0.394 -0.780 2.195
102 17 -0.107 -0.509 2.416
102 18 0.332 -0.453 2.413
102 19 0.609 -0.497 2.565
102 20 0.623 -0.517 2.522
103 1 -0.261 -0.484 2.457
103 2 -0.239 -0.456 2.483
103 3 -0.168 -0.303 2.627
103 4 -0.300 -0.144 2.559
103 5 -0.273 -0.411 2.728
103 6 -0.283 -0.582 2.851
103 7 -0.477 -0.632 2.771
103 8 -0.514 -0.578 2.790
103 9 -0.034 -0.286 2.560
103 10 0.035 -0.395 2.387
103 11 0.052 -0.532 2.184
103 12 0.051 -0.565 2.131
103 13 -0.335 -0.542 2.438
103 14 -0.578 -0.587 2.218
103 15 -0.543 -0.834 2.223
103 16 -0.451 -0.798 2.203
103 17 -0.243 -0.500 2.402
103 18 0.223 -0.422 2.415
103 19 0.503 -0.470 2.563
103 20 0.458 -0.530 2.524
104 1 -0.287 -0.491 2.414
104 2 -0.269 -0.469 2.440
104 3 -0.186 -0.347 2.583
104 4 -0.305 -0.159 2.546
104 5 -0.289 -0.452 2.683
104 6 -0.298 -0.623 2.806
104 7 -0.492 -0.673 2.725
104 8 -0.530 -0.619 2.745
104 9 -0.039 -0.292 2.551
104 10 -0.013 -0.434 2.390
104 11 0.088 -0.508 2.190
104 12 0.113 -0.531 2.131
104 13 -0.347 -0.548 2.386
104 14 -0.606 -0.596 2.210
104 15 -0.567 -0.844 2.224
104 16 -0.566 -0.875 2.228
104 17 -0.279 -0.509 2.349
104 18 0.123 -0.531 2.169
104 19 0.402 -0.581 2.319
104 20 0.339 -0.656 2.299
105 1 -0.293 -0.501 2.382
105 2 -0.276 -0.480 2.410
105 3 -0.196 -0.375 2.553
105 4 -0.312 -0.171 2.534
105 5 -0.305 -0.461 2.618
105 6 -0.313 -0.632 2.745
105 7 -0.507 -0.682 2.664
105 8 -0.545 -0.628 2.684
105 9 -0.041 -0.296 2.546
105 10 -0.033 -0.446 2.389
105 11 0.150 -0.496 2.195
105 12 0.205 -0.515 2.136
105 13 -0.346 -0.553 2.347
105 14 -0.633 -0.541 2.218
105 15 -0.579 -0.848 2.224
105 16 -0.625 -0.914 2.240
105 17 -0.279 -0.532 2.308
105 18 0.097 -0.565 2.081
105 19 0.377 -0.617 2.228
105 20 0.437 -0.666 2.194
106 1 -0.324 -0.503 2.387
106 2 -0.297 -0.480 2.412
106 3 -0.183 -0.352 2.566
106 4 -0.320 -0.180 2.524
106 5 -0.306 -0.450 2.606
106 6 -0.315 -0.621 2.733
106 7 -0.508 -0.671 2.652
106 8 -0.546 -0.617 2.671
106 9 -0.043 -0.296 2.543
106 10 -0.016 -0.436 2.386
106 11 0.162 -0.489 2.202
106 12 0.230 -0.509 2.138
106 13 -0.397 -0.558 2.367
106 14 -0.650 -0.463 2.200
106 15 -0.637 -0.798 2.176
106 16 -0.700 -0.893 2.177
106 17 -0.315 -0.525 2.316
106 18 0.117 -0.465 2.296
106 19 0.396 -0.516 2.447
106 20 0.488 -0.523 2.446
107 1 -0.304 -0.523 2.376
107 2 -0.284 -0.492 2.405
107 3 -0.181 -0.346 2.567
107 4 -0.325 -0.184 2.517
107 5 -0.306 -0.438 2.602
107 6 -0.315 -0.610 2.727
107 7 -0.509 -0.659 2.647
107 8 -0.546 -0.605 2.666
107 9 -0.045 -0.293 2.540
107 10 -0.007 -0.429 2.385
107 11 0.199 -0.479 2.216
107 12 0.260 -0.502 2.151
107 13 -0.367 -0.585 2.355
107 14 -0.633 -0.428 2.232
107 15 -0.648 -0.780 2.180
107 16 -0.724 -0.887 2.166
107 17 -0.277 -0.549 2.306
107 18 0.125 -0.514 2.189
107 19 0.403 -0.567 2.339
107 20 0.510 -0.553 2.298
108 1 -0.290 -0.534 2.371
108 2 -0.274 -0.499 2.402
108 3 -0.169 -0.316 2.560
108 4 -0.328 -0.187 2.512
108 5 -0.299 -0.414 2.595
108 6 -0.309 -0.585 2.720
108 7 -0.502 -0.635 2.639
108 8 -0.540 -0.581 2.659
108 9 -0.046 -0.289 2.537
108 10 -0.002 -0.425 2.385
108 11 0.246 -0.473 2.246
108 12 0.322 -0.496 2.195
108 13 -0.353 -0.598 2.351
108 14 -0.625 -0.413 2.245
108 15 -0.651 -0.770 2.185
108 16 -0.726 -0.872 2.153
108 17 -0.266 -0.561 2.303
108 18 0.150 -0.517 2.193
108 19 0.476 -0.538 2.291
108 20 0.586 -0.509 2.257
109 1 -0.281 -0.540 2.368
109 2 -0.265 -0.503 2.399
109 3 -0.160 -0.299 2.557
109 4 -0.331 -0.189 2.508
109 5 -0.291 -0.394 2.593
109 6 -0.301 -0.566 2.717
109 7 -0.494 -0.615 2.636
109 8 -0.532 -0.561 2.656
109 9 -0.047 -0.282 2.533
109 10 0.001 -0.423 2.384
109 11 0.259 -0.443 2.254
109 12 0.341 -0.468 2.207
109 13 -0.342 -0.605 2.350
109 14 -0.617 -0.411 2.254
109 15 -0.648 -0.766 2.190
109 16 -0.717 -0.858 2.147
109 17 -0.254 -0.568 2.303
109 18 -0.522 -0.487 2.316
109 19 -0.322 -0.735 2.257
109 20 -0.224 -0.708 2.252
110 1 -0.260 -0.581 2.360
110 2 -0.248 -0.542 2.386
110 3 -0.172 -0.333 2.515
110 4 -0.333 -0.191 2.506
110 5 -0.295 -0.407 2.569
110 6 -0.305 -0.579 2.692
110 7 -0.499 -0.628 2.612
110 8 -0.536 -0.574 2.631
110 9 -0.047 -0.276 2.529
110 10 0.003 -0.421 2.384
110 11 0.270 -0.451 2.273
110 12 0.356 -0.470 2.228
110 13 -0.321 -0.658 2.349
110 14 -0.577 -0.434 2.272
110 15 -0.602 -0.780 2.211
110 16 -0.659 -0.845 2.147
110 17 -0.232 -0.615 2.297
110 18 -0.509 -0.738 2.206
110 19 -0.230 -0.934 2.163
110 20 -0.222 -0.966 2.110
111 1 -0.257 -0.597 2.362
111 2 -0.248 -0.562 2.392
111 3 -0.203 -0.386 2.547
111 4 -0.333 -0.206 2.507
111 5 -0.322 -0.455 2.596
111 6 -0.331 -0.627 2.719
111 7 -0.525 -0.676 2.638
111 8 -0.563 -0.622 2.657
111 9 -0.050 -0.269 2.522
111 10 0.004 -0.419 2.383
111 11 0.275 -0.454 2.280
111 12 0.362 -0.474 2.240
111 13 -0.317 -0.681 2.350
111 14 -0.563 -0.444 2.277
111 15 -0.584 -0.784 2.219
111 16 -0.644 -0.841 2.154
111 17 -0.226 -0.630 2.294
111 18 -0.559 -0.814 2.185
111 19 -0.258 -1.018 2.139
111 20 -0.315 -1.070 2.097
112 1 -0.255 -0.606 2.364
112 2 -0.247 -0.571 2.395
112 3 -0.216 -0.404 2.554
112 4 -0.334 -0.211 2.506
112 5 -0.330 -0.469 2.603
112 6 -0.340 -0.641 2.725
112 7 -0.534 -0.690 2.645
112 8 -0.572 -0.637 2.664
112 9 -0.053 -0.264 2.515
112 10 0.005 -0.417 2.381
112 11 0.277 -0.458 2.283
112 12 0.363 -0.479 2.248
112 13 -0.314 -0.692 2.350
112 14 -0.553 -0.454 2.280
112 15 -0.574 -0.787 2.223
112 16 -0.633 -0.840 2.159
112 17 -0.222 -0.638 2.293
112 18 -0.556 -0.836 2.176
112 19 -0.250 -1.037 2.136
112 20 -0.309 -1.086 2.095
113 1 -0.252 -0.612 2.364
113 2 -0.243 -0.578 2.393
113 3 -0.192 -0.407 2.524
113 4 -0.333 -0.216 2.502
113 5 -0.318 -0.477 2.585
113 6 -0.328 -0.649 2.708
113 7 -0.522 -0.698 2.628
113 8 -0.559 -0.644 2.647
113 9 -0.055 -0.259 2.506
113 10 0.006 -0.414 2.377
113 11 0.269 -0.478 2.295
113 12 0.359 -0.495 2.264
113 13 -0.310 -0.700 2.350
113 14 -0.546 -0.463 2.280
113 15 -0.564 -0.794 2.227
113 16 -0.625 -0.840 2.163
113 17 -0.219 -0.644 2.292
113 18 -0.554 -0.846 2.170
113 19 -0.317 -1.017 2.129
113 20 -0.382 -1.061 2.087
114 1 -0.253 -0.613 2.363
114 2 -0.243 -0.579 2.390
114 3 -0.182 -0.400 2.508
114 4 -0.333 -0.217 2.497
114 5 -0.312 -0.477 2.575
114 6 -0.322 -0.649 2.698
114 7 -0.515 -0.698 2.617
114 8 -0.553 -0.644 2.636
114 9 -0.056 -0.255 2.498
114 10 0.005 -0.410 2.369
114 11 0.264 -0.485 2.299
114 12 0.355 -0.503 2.274
114 13 -0.320 -0.693 2.347
114 14 -0.553 -0.462 2.275
114 15 -0.565 -0.792 2.226
114 16 -0.622 -0.839 2.165
114 17 -0.226 -0.644 2.292
114 18 -0.553 -0.864 2.161
114 19 -0.321 -1.015 2.127
114 20 -0.382 -1.062 2.087
115 1 -0.252 -0.614 2.362
115 2 -0.241 -0.580 2.388
115 3 -0.178 -0.397 2.499
115 4 -0.333 -0.217 2.493
115 5 -0.307 -0.477 2.566
115 6 -0.317 -0.649 2.689
115 7 -0.511 -0.698 2.608
115 8 -0.549 -0.644 2.628
115 9 -0.056 -0.253 2.494
115 10 0.004 -0.407 2.362
115 11 0.258 -0.493 2.304
115 12 0.348 -0.513 2.284
115 13 -0.314 -0.696 2.347
115 14 -0.548 -0.470 2.275
115 15 -0.557 -0.800 2.228
115 16 -0.616 -0.842 2.168
115 17 -0.225 -0.646 2.292
115 18 -0.440 -0.791 2.197
115 19 -0.256 -1.021 2.135
115 20 -0.310 -1.072 2.089
116 1 -0.108 -0.500 2.419
116 2 -0.116 -0.476 2.438
116 3 -0.160 -0.348 2.513
116 4 -0.334 -0.217 2.489
116 5 -0.288 -0.437 2.571
116 6 -0.298 -0.608 2.695
116 7 -0.492 -0.658 2.614
116 8 -0.529 -0.604 2.633
116 9 -0.056 -0.250 2.491
116 10 0.003 -0.405 2.358
116 11 0.252 -0.503 2.307
116 12 0.341 -0.527 2.292
116 13 -0.175 -0.602 2.365
116 14 -0.545 -0.474 2.275
116 15 -0.553 -0.803 2.229
116 16 -0.606 -0.841 2.166
116 17 0.000 -0.485 2.409
116 18 -0.008 -0.267 2.585
116 19 0.184 -0.598 2.457
116 20 0.300 -0.564 2.443
117 1 -0.072 -0.474 2.431
117 2 -0.081 -0.449 2.452
117 3 -0.147 -0.297 2.527
117 4 -0.335 -0.216 2.489
117 5 -0.273 -0.392 2.577
117 6 -0.283 -0.564 2.701
117 7 -0.477 -0.613 2.620
117 8 -0.514 -0.559 2.640
117 9 -0.041 -0.255 2.484
117 10 0.004 -0.408 2.351
117 11 0.250 -0.516 2.326
117 12 0.335 -0.550 2.330
117 13 -0.146 -0.569 2.365
117 14 -0.544 -0.476 2.275
117 15 -0.551 -0.805 2.229
117 16 -0.598 -0.840 2.164
117 17 0.041 -0.465 2.430
117 18 0.088 -0.184 2.641
117 19 0.268 -0.531 2.509
117 20 0.364 -0.526 2.472
118 1 -0.052 -0.449 2.439
118 2 -0.056 -0.423 2.463
118 3 -0.141 -0.273 2.533
118 4 -0.334 -0.215 2.490
118 5 -0.266 -0.370 2.580
118 6 -0.275 -0.542 2.704
118 7 -0.469 -0.591 2.623
118 8 -0.507 -0.537 2.643
118 9 -0.032 -0.257 2.479
118 10 0.005 -0.409 2.345
118 11 0.265 -0.437 2.341
118 12 0.317 -0.445 2.294
118 13 -0.139 -0.536 2.364
118 14 -0.546 -0.467 2.282
118 15 -0.550 -0.797 2.233
118 16 -0.595 -0.820 2.168
118 17 0.061 -0.448 2.442
118 18 0.094 -0.158 2.654
118 19 0.295 -0.497 2.529
118 20 0.366 -0.518 2.474
119 1 -0.071 -0.449 2.430
119 2 -0.067 -0.423 2.460
119 3 -0.138 -0.262 2.535
119 4 -0.332 -0.213 2.493
119 5 -0.261 -0.358 2.582
119 6 -0.271 -0.530 2.705
119 7 -0.465 -0.579 2.625
119 8 -0.502 -0.525 2.644
119 9 -0.023 -0.257 2.476
119 10 0.006 -0.410 2.340
119 11 0.259 -0.473 2.301
119 12 0.273 -0.511 2.255
119 13 -0.168 -0.534 2.359
119 14 -0.546 -0.463 2.284
119 15 -0.549 -0.795 2.234
119 16 -0.592 -0.816 2.168
119 17 0.031 -0.466 2.423
119 18 0.065 -0.169 2.626
119 19 0.261 -0.543 2.479
119 20 0.336 -0.559 2.432
120 1 -0.074 -0.442 2.430
120 2 -0.070 -0.420 2.461
120 3 -0.135 -0.254 2.537
120 4 -0.328 -0.210 2.496
120 5 -0.258 -0.350 2.583
120 6 -0.227 -0.575 2.568
120 7 -0.420 -0.627 2.486
120 8 -0.458 -0.573 2.506
120 9 0.013 -0.264 2.482
120 10 0.006 -0.410 2.336
120 11 0.162 -0.348 2.228
120 12 0.179 -0.412 2.194
120 13 -0.177 -0.524 2.357
120 14 -0.546 -0.462 2.285
120 15 -0.548 -0.794 2.235
120 16 -0.589 -0.814 2.167
120 17 0.035 -0.462 2.425
120 18 0.079 -0.166 2.632
120 19 0.279 -0.523 2.495
120 20 0.351 -0.542 2.447
121 1 -0.078 -0.462 2.424
121 2 -0.071 -0.437 2.459
121 3 -0.129 -0.258 2.538
121 4 -0.307 -0.205 2.508
121 5 -0.254 -0.346 2.583
121 6 -0.197 -0.534 2.385
121 7 -0.388 -0.595 2.315
121 8 -0.426 -0.541 2.334
121 9 0.024 -0.265 2.483
121 10 -0.022 -0.416 2.332
121 11 0.135 -0.343 2.233
121 12 0.135 -0.390 2.183
121 13 -0.175 -0.565 2.379
121 14 -0.494 -0.501 2.262
121 15 -0.547 -0.797 2.234
121 16 -0.586 -0.825 2.164
121 17 0.025 -0.490 2.389
121 18 0.039 -0.207 2.602
121 19 0.250 -0.558 2.464
121 20 0.324 -0.574 2.421
122 1 -0.092 -0.467 2.425
122 2 -0.080 -0.445 2.460
122 3 -0.122 -0.266 2.539
122 4 -0.288 -0.202 2.516
122 5 -0.249 -0.345 2.585
122 6 -0.179 -0.520 2.299
122 7 -0.371 -0.576 2.211
122 8 -0.409 -0.522 2.230
122 9 0.034 -0.265 2.486
122 10 -0.034 -0.418 2.331
122 11 0.123 -0.345 2.239
122 12 0.114 -0.380 2.177
122 13 -0.204 -0.571 2.403
122 14 -0.497 -0.493 2.266
122 15 -0.593 -0.754 2.251
122 16 -0.583 -0.822 2.208
122 17 0.006 -0.493 2.371
122 18 0.036 -0.225 2.602
122 19 0.233 -0.580 2.450
122 20 0.343 -0.565 2.429
123 1 -0.103 -0.470 2.427
123 2 -0.088 -0.452 2.461
123 3 -0.113 -0.296 2.551
123 4 -0.276 -0.201 2.521
123 5 -0.241 -0.359 2.593
123 6 -0.200 -0.527 2.320
123 7 -0.373 -0.577 2.187
123 8 -0.411 -0.523 2.206
123 9 0.039 -0.266 2.488
123 10 -0.040 -0.419 2.330
123 11 0.106 -0.313 2.261
123 12 0.158 -0.305 2.252
123 13 -0.217 -0.575 2.413
123 14 -0.516 -0.483 2.266
123 15 -0.614 -0.743 2.252
123 16 -0.641 -0.803 2.206
123 17 -0.013 -0.496 2.358
123 18 0.019 -0.255 2.590
123 19 0.215 -0.599 2.438
123 20 0.305 -0.597 2.412
124 1 -0.110 -0.471 2.428
124 2 -0.094 -0.455 2.462
124 3 -0.109 -0.308 2.556
124 4 -0.269 -0.201 2.525
124 5 -0.236 -0.369 2.599
124 6 -0.191 -0.521 2.282
124 7 -0.380 -0.580 2.183
124 8 -0.418 -0.526 2.202
124 9 0.041 -0.267 2.491
124 10 -0.044 -0.420 2.330
124 11 0.062 -0.465 2.193
124 12 0.097 -0.494 2.145
124 13 -0.223 -0.576 2.418
124 14 -0.522 -0.481 2.265
124 15 -0.626 -0.737 2.253
124 16 -0.665 -0.795 2.204
124 17 -0.023 -0.496 2.353
124 18 0.011 -0.269 2.586
124 19 0.205 -0.609 2.432
124 20 0.291 -0.609 2.406
125 1 -0.100 -0.488 2.429
125 2 -0.090 -0.467 2.465
125 3 -0.106 -0.315 2.559
125 4 -0.259 -0.204 2.530
125 5 -0.231 -0.377 2.603
125 6 -0.184 -0.503 2.265
125 7 -0.372 -0.563 2.160
125 8 -0.410 -0.510 2.179
125 9 0.042 -0.271 2.511
125 10 -0.047 -0.421 2.330
125 11 0.045 -0.484 2.183
125 12 0.089 -0.498 2.141
125 13 -0.187 -0.598 2.414
125 14 -0.474 -0.521 2.235
125 15 -0.577 -0.783 2.217
125 16 -0.608 -0.846 2.226
125 17 -0.021 -0.504 2.352
125 18 -0.001 -0.285 2.583
125 19 0.196 -0.626 2.426
125 20 0.282 -0.621 2.401
126 1 -0.107 -0.488 2.437
126 2 -0.091 -0.472 2.468
126 3 -0.097 -0.330 2.573
126 4 -0.252 -0.208 2.534
126 5 -0.222 -0.394 2.616
126 6 -0.184 -0.498 2.300
126 7 -0.373 -0.558 2.188
126 8 -0.410 -0.504 2.208
126 9 0.038 -0.273 2.520
126 10 -0.050 -0.421 2.331
126 11 0.057 -0.503 2.180
126 12 0.113 -0.477 2.161
126 13 -0.195 -0.594 2.418
126 14 -0.497 -0.509 2.242
126 15 -0.592 -0.778 2.219
126 16 -0.648 -0.830 2.218
126 17 -0.036 -0.490 2.363
126 18 -0.004 -0.293 2.592
126 19 0.190 -0.627 2.437
126 20 0.278 -0.614 2.425
127 1 -0.113 -0.488 2.441
127 2 -0.093 -0.475 2.470
127 3 -0.094 -0.339 2.580
127 4 -0.248 -0.214 2.537
127 5 -0.217 -0.405 2.625
127 6 -0.180 -0.497 2.326
127 7 -0.369 -0.558 2.208
127 8 -0.406 -0.504 2.228
127 9 0.035 -0.274 2.524
127 10 -0.073 -0.444 2.347
127 11 0.086 -0.504 2.200
127 12 0.121 -0.482 2.160
127 13 -0.204 -0.589 2.417
127 14 -0.514 -0.499 2.248
127 15 -0.605 -0.772 2.222
127 16 -0.664 -0.825 2.213
127 17 -0.044 -0.483 2.369
127 18 -0.006 -0.296 2.599
127 19 0.185 -0.626 2.444
127 20 0.275 -0.611 2.434
128 1 -0.233 -0.573 2.397
128 2 -0.205 -0.564 2.430
128 3 -0.145 -0.411 2.566
128 4 -0.281 -0.260 2.528
128 5 -0.260 -0.481 2.617
128 6 -0.218 -0.557 2.337
128 7 -0.405 -0.620 2.212
128 8 -0.443 -0.566 2.231
128 9 0.037 -0.351 2.439
128 10 -0.102 -0.471 2.355
128 11 0.106 -0.508 2.215
128 12 0.145 -0.462 2.181
128 13 -0.307 -0.645 2.356
128 14 -0.553 -0.480 2.240
128 15 -0.609 -0.774 2.221
128 16 -0.667 -0.832 2.210
128 17 -0.220 -0.606 2.323
128 18 -0.473 -0.719 2.221
128 19 -0.271 -0.909 2.176
128 20 -0.307 -0.982 2.142
129 1 -0.269 -0.585 2.388
129 2 -0.240 -0.579 2.427
129 3 -0.151 -0.424 2.576
129 4 -0.302 -0.293 2.520
129 5 -0.268 -0.499 2.623
129 6 -0.269 -0.568 2.359
129 7 -0.427 -0.628 2.225
129 8 -0.483 -0.616 2.218
129 9 0.089 -0.414 2.506
129 10 -0.036 -0.493 2.366
129 11 0.150 -0.495 2.235
129 12 0.166 -0.440 2.199
129 13 -0.355 -0.629 2.308
129 14 -0.597 -0.416 2.268
129 15 -0.607 -0.766 2.232
129 16 -0.636 -0.832 2.224
129 17 -0.256 -0.629 2.326
129 18 -0.550 -0.748 2.178
129 19 -0.376 -0.936 2.132
129 20 -0.402 -1.016 2.106
130 1 -0.290 -0.599 2.383
130 2 -0.265 -0.597 2.425
130 3 -0.200 -0.456 2.581
130 4 -0.309 -0.305 2.518
130 5 -0.310 -0.532 2.629
130 6 -0.294 -0.578 2.364
130 7 -0.445 -0.634 2.231
130 8 -0.509 -0.642 2.209
130 9 0.069 -0.473 2.515
130 10 0.061 -0.517 2.341
130 11 0.212 -0.455 2.212
130 12 0.212 -0.395 2.180
130 13 -0.353 -0.646 2.331
130 14 -0.597 -0.452 2.215
130 15 -0.596 -0.791 2.220
130 16 -0.605 -0.881 2.194
130 17 -0.261 -0.655 2.318
130 18 -0.561 -0.800 2.146
130 19 -0.335 -1.014 2.107
130 20 -0.349 -1.100 2.080
131 1 -0.304 -0.610 2.379
131 2 -0.282 -0.610 2.422
131 3 -0.232 -0.473 2.575
131 4 -0.313 -0.313 2.516
131 5 -0.334 -0.549 2.628
131 6 -0.307 -0.584 2.366
131 7 -0.459 -0.638 2.240
131 8 -0.524 -0.657 2.210
131 9 0.061 -0.501 2.519
131 10 0.118 -0.530 2.326
131 11 0.260 -0.409 2.218
131 12 0.254 -0.350 2.196
131 13 -0.380 -0.662 2.304
131 14 -0.604 -0.454 2.206
131 15 -0.596 -0.798 2.217
131 16 -0.599 -0.896 2.182
131 17 -0.279 -0.668 2.312
131 18 -0.562 -0.787 2.156
131 19 -0.371 -1.030 2.095
131 20 -0.387 -1.115 2.067
132 1 -0.316 -0.615 2.377
132 2 -0.294 -0.616 2.420
132 3 -0.247 -0.481 2.570
132 4 -0.315 -0.318 2.515
132 5 -0.349 -0.558 2.625
132 6 -0.314 -0.588 2.366
132 7 -0.467 -0.640 2.245
132 8 -0.533 -0.666 2.210
132 9 0.052 -0.516 2.520
132 10 0.147 -0.538 2.318
132 11 0.277 -0.391 2.221
132 12 0.269 -0.333 2.202
132 13 -0.401 -0.652 2.278
132 14 -0.669 -0.501 2.192
132 15 -0.692 -0.815 2.192
132 16 -0.618 -0.883 2.186
132 17 -0.313 -0.690 2.311
132 18 -0.606 -0.804 2.108
132 19 -0.482 -1.027 2.035
132 20 -0.502 -1.107 2.008
133 1 -0.321 -0.616 2.376
133 2 -0.300 -0.617 2.418
133 3 -0.256 -0.483 2.563
133 4 -0.315 -0.322 2.514
133 5 -0.360 -0.563 2.620
133 6 -0.318 -0.590 2.363
133 7 -0.446 -0.528 2.503
133 8 -0.578 -0.447 2.639
133 9 0.041 -0.522 2.517
133 10 0.156 -0.540 2.314
133 11 0.288 -0.383 2.222
133 12 0.279 -0.323 2.205
133 13 -0.403 -0.650 2.251
133 14 -0.682 -0.503 2.188
133 15 -0.678 -0.826 2.185
133 16 -0.619 -0.898 2.172
133 17 -0.292 -0.695 2.322
133 18 -0.563 -0.781 2.150
133 19 -0.375 -1.023 2.090
133 20 -0.389 -1.107 2.063
134 1 -0.319 -0.610 2.376
134 2 -0.301 -0.611 2.417
134 3 -0.262 -0.482 2.555
134 4 -0.317 -0.325 2.513
134 5 -0.368 -0.565 2.615
134 6 -0.319 -0.590 2.359
134 7 -0.451 -0.511 2.553
134 8 -0.596 -0.415 2.723
134 9 0.028 -0.520 2.511
134 10 0.164 -0.544 2.314
134 11 0.304 -0.428 2.229
134 12 0.303 -0.356 2.214
134 13 -0.404 -0.639 2.242
134 14 -0.626 -0.408 2.282
134 15 -0.645 -0.787 2.224
134 16 -0.620 -0.863 2.202
134 17 -0.282 -0.694 2.325
134 18 -0.578 -0.759 2.153
134 19 -0.434 -0.979 2.087
134 20 -0.454 -1.067 2.055
135 1 -0.314 -0.601 2.377
135 2 -0.298 -0.603 2.417
135 3 -0.265 -0.478 2.548
135 4 -0.319 -0.326 2.512
135 5 -0.375 -0.564 2.609
135 6 -0.342 -0.582 2.326
135 7 -0.461 -0.498 2.563
135 8 -0.597 -0.386 2.765
135 9 0.016 -0.515 2.504
135 10 0.168 -0.551 2.321
135 11 0.311 -0.461 2.232
135 12 0.314 -0.386 2.219
135 13 -0.401 -0.630 2.239
135 14 -0.627 -0.390 2.288
135 15 -0.633 -0.761 2.240
135 16 -0.631 -0.830 2.216
135 17 -0.267 -0.686 2.326
135 18 -0.529 -0.679 2.127
135 19 -0.254 -0.926 2.129
135 20 -0.117 -0.898 2.148
136 1 -0.289 -0.581 2.385
136 2 -0.285 -0.587 2.419
136 3 -0.266 -0.474 2.541
136 4 -0.320 -0.326 2.511
136 5 -0.380 -0.561 2.602
136 6 -0.349 -0.583 2.316
136 7 -0.463 -0.499 2.557
136 8 -0.594 -0.382 2.763
136 9 0.007 -0.509 2.497
136 10 0.165 -0.557 2.333
136 11 0.318 -0.506 2.238
136 12 0.326 -0.429 2.225
136 13 -0.362 -0.622 2.228
136 14 -0.513 -0.336 2.333
136 15 -0.541 -0.729 2.262
136 16 -0.548 -0.804 2.231
136 17 -0.220 -0.670 2.344
136 18 -0.481 -0.643 2.135
136 19 -0.178 -0.902 2.149
136 20 -0.077 -0.864 2.164
137 1 -0.280 -0.591 2.351
137 2 -0.274 -0.592 2.389
137 3 -0.265 -0.469 2.534
137 4 -0.321 -0.324 2.510
137 5 -0.382 -0.557 2.595
137 6 -0.323 -0.590 2.305
137 7 -0.443 -0.504 2.548
137 8 -0.591 -0.377 2.762
137 9 0.002 -0.502 2.491
137 10 0.174 -0.573 2.448
137 11 0.293 -0.542 2.252
137 12 0.310 -0.467 2.236
137 13 -0.356 -0.635 2.230
137 14 -0.558 -0.391 2.292
137 15 -0.553 -0.721 2.262
137 16 -0.579 -0.799 2.229
137 17 -0.208 -0.662 2.300
137 18 -0.484 -0.626 2.145
137 19 -0.142 -0.892 2.157
137 20 -0.053 -0.865 2.168
138 1 -0.281 -0.587 2.353
138 2 -0.276 -0.587 2.389
138 3 -0.305 -0.464 2.491
138 4 -0.338 -0.313 2.495
138 5 -0.425 -0.549 2.546
138 6 -0.312 -0.596 2.287
138 7 -0.436 -0.510 2.528
138 8 -0.589 -0.375 2.763
138 9 -0.049 -0.490 2.444
138 10 0.133 -0.546 2.494
138 11 0.287 -0.558 2.268
138 12 0.307 -0.486 2.249
138 13 -0.346 -0.645 2.220
138 14 -0.569 -0.430 2.285
138 15 -0.568 -0.776 2.235
138 16 -0.610 -0.850 2.166
138 17 -0.191 -0.681 2.334
138 18 -0.468 -0.616 2.149
138 19 -0.121 -0.887 2.163
138 20 -0.053 -0.869 2.168
139 1 -0.289 -0.563 2.376
139 2 -0.285 -0.566 2.404
139 3 -0.327 -0.460 2.457
139 4 -0.348 -0.305 2.481
139 5 -0.442 -0.544 2.521
139 6 -0.304 -0.600 2.274
139 7 -0.429 -0.516 2.512
139 8 -0.583 -0.387 2.737
139 9 -0.069 -0.484 2.419
139 10 0.106 -0.529 2.522
139 11 0.284 -0.566 2.277
139 12 0.305 -0.498 2.256
139 13 -0.340 -0.650 2.215
139 14 -0.597 -0.471 2.267
139 15 -0.578 -0.805 2.221
139 16 -0.620 -0.864 2.142
139 17 -0.187 -0.705 2.389
139 18 -0.491 -0.652 2.182
139 19 -0.273 -0.907 2.149
139 20 -0.305 -0.940 2.088
140 1 -0.292 -0.555 2.383
140 2 -0.288 -0.556 2.411
140 3 -0.335 -0.454 2.437
140 4 -0.355 -0.295 2.465
140 5 -0.451 -0.538 2.502
140 6 -0.297 -0.603 2.264
140 7 -0.424 -0.523 2.492
140 8 -0.579 -0.397 2.718
140 9 -0.079 -0.478 2.401
140 10 0.094 -0.521 2.531
140 11 0.281 -0.567 2.282
140 12 0.303 -0.504 2.261
140 13 -0.337 -0.654 2.211
140 14 -0.610 -0.490 2.259
140 15 -0.581 -0.824 2.212
140 16 -0.624 -0.875 2.125
140 17 -0.186 -0.718 2.416
140 18 -0.503 -0.671 2.197
140 19 -0.320 -0.912 2.146
140 20 -0.334 -0.940 2.076
141 1 -0.294 -0.550 2.387
141 2 -0.290 -0.551 2.414
141 3 -0.339 -0.450 2.427
141 4 -0.359 -0.288 2.454
141 5 -0.456 -0.534 2.490
141 6 -0.294 -0.605 2.257
141 7 -0.420 -0.528 2.480
141 8 -0.576 -0.404 2.706
141 9 -0.085 -0.473 2.389
141 10 0.094 -0.518 2.511
141 11 0.247 -0.569 2.276
141 12 0.276 -0.512 2.261
141 13 -0.335 -0.656 2.208
141 14 -0.616 -0.500 2.256
141 15 -0.583 -0.835 2.208
141 16 -0.626 -0.880 2.116
141 17 -0.185 -0.723 2.427
141 18 -0.511 -0.683 2.205
141 19 -0.356 -0.918 2.142
141 20 -0.416 -0.968 2.048
142 1 -0.294 -0.547 2.389
142 2 -0.291 -0.547 2.416
142 3 -0.340 -0.447 2.420
142 4 -0.362 -0.282 2.446
142 5 -0.459 -0.531 2.482
142 6 -0.292 -0.606 2.254
142 7 -0.418 -0.531 2.472
142 8 -0.575 -0.408 2.699
142 9 -0.088 -0.470 2.381
142 10 0.094 -0.515 2.498
142 11 0.233 -0.567 2.273
142 12 0.262 -0.514 2.260
142 13 -0.334 -0.658 2.206
142 14 -0.620 -0.508 2.253
142 15 -0.583 -0.841 2.205
142 16 -0.627 -0.884 2.111
142 17 -0.185 -0.726 2.433
142 18 -0.516 -0.691 2.209
142 19 -0.374 -0.921 2.140
142 20 -0.447 -0.977 2.037
143 1 -0.295 -0.546 2.389
143 2 -0.292 -0.545 2.417
143 3 -0.339 -0.445 2.416
143 4 -0.363 -0.279 2.440
143 5 -0.460 -0.528 2.476
143 6 -0.290 -0.606 2.251
143 7 -0.417 -0.533 2.467
143 8 -0.574 -0.411 2.694
143 9 -0.089 -0.467 2.375
143 10 0.099 -0.501 2.466
143 11 0.229 -0.558 2.266
143 12 0.254 -0.511 2.257
143 13 -0.333 -0.660 2.204
143 14 -0.623 -0.512 2.252
143 15 -0.584 -0.846 2.203
143 16 -0.623 -0.885 2.110
143 17 -0.187 -0.728 2.434
143 18 -0.519 -0.700 2.211
143 19 -0.384 -0.926 2.139
143 20 -0.447 -0.985 2.036
144 1 -0.296 -0.546 2.389
144 2 -0.292 -0.543 2.418
144 3 -0.337 -0.445 2.414
144 4 -0.364 -0.277 2.436
144 5 -0.460 -0.527 2.472
144 6 -0.289 -0.607 2.248
144 7 -0.416 -0.535 2.462
144 8 -0.573 -0.414 2.691
144 9 -0.089 -0.466 2.371
144 10 0.100 -0.495 2.453
144 11 0.231 -0.550 2.260
144 12 0.250 -0.507 2.253
144 13 -0.333 -0.662 2.202
144 14 -0.622 -0.513 2.252
144 15 -0.584 -0.850 2.201
144 16 -0.618 -0.885 2.113
144 17 -0.189 -0.728 2.431
144 18 -0.521 -0.707 2.212
144 19 -0.387 -0.931 2.138
144 20 -0.445 -0.991 2.036
145 1 -0.297 -0.547 2.388
145 2 -0.293 -0.544 2.418
145 3 -0.335 -0.445 2.412
145 4 -0.365 -0.276 2.432
145 5 -0.460 -0.527 2.468
145 6 -0.288 -0.607 2.247
145 7 -0.415 -0.536 2.459
145 8 -0.573 -0.415 2.688
145 9 -0.088 -0.466 2.367
145 10 0.100 -0.492 2.447
145 11 0.232 -0.546 2.256
145 12 0.247 -0.504 2.250
145 13 -0.334 -0.664 2.201
145 14 -0.620 -0.511 2.254
145 15 -0.584 -0.852 2.200
145 16 -0.615 -0.885 2.114
145 17 -0.192 -0.727 2.426
145 18 -0.522 -0.711 2.212
145 19 -0.387 -0.934 2.137
145 20 -0.428 -0.989 2.042
146 1 -0.298 -0.551 2.385
146 2 -0.293 -0.546 2.417
146 3 -0.333 -0.447 2.411
146 4 -0.365 -0.276 2.428
146 5 -0.459 -0.527 2.466
146 6 -0.287 -0.608 2.246
146 7 -0.414 -0.537 2.457
146 8 -0.572 -0.416 2.687
146 9 -0.086 -0.467 2.365
146 10 0.099 -0.490 2.442
146 11 0.213 -0.556 2.257
146 12 0.235 -0.561 2.221
146 13 -0.335 -0.666 2.200
146 14 -0.617 -0.508 2.256
146 15 -0.584 -0.853 2.200
146 16 -0.611 -0.883 2.117
146 17 -0.193 -0.727 2.422
146 18 -0.523 -0.717 2.211
146 19 -0.381 -0.941 2.136
146 20 -0.412 -0.991 2.047
147 1 -0.300 -0.554 2.382
147 2 -0.294 -0.548 2.416
147 3 -0.332 -0.448 2.411
147 4 -0.366 -0.277 2.426
147 5 -0.459 -0.527 2.464
147 6 -0.287 -0.608 2.245
147 7 -0.414 -0.538 2.456
147 8 -0.572 -0.417 2.686
147 9 -0.085 -0.468 2.363
147 10 0.098 -0.489 2.439
147 11 0.209 -0.558 2.257
147 12 0.227 -0.557 2.221
147 13 -0.336 -0.668 2.199
147 14 -0.614 -0.504 2.259
147 15 -0.583 -0.854 2.200
147 16 -0.609 -0.882 2.119
147 17 -0.195 -0.726 2.418
147 18 -0.524 -0.720 2.211
147 19 -0.377 -0.945 2.136
147 20 -0.401 -0.991 2.051
148 1 -0.301 -0.556 2.380
148 2 -0.295 -0.550 2.416
148 3 -0.331 -0.450 2.412
148 4 -0.366 -0.277 2.424
148 5 -0.458 -0.528 2.463
148 6 -0.287 -0.608 2.244
148 7 -0.413 -0.538 2.455
148 8 -0.572 -0.418 2.685
148 9 -0.084 -0.469 2.362
148 10 0.097 -0.489 2.438
148 11 0.207 -0.559 2.256
148 12 0.222 -0.549 2.223
148 13 -0.337 -0.670 2.198
148 14 -0.612 -0.501 2.260
148 15 -0.584 -0.853 2.200
148 16 -0.609 -0.881 2.121
148 17 -0.196 -0.726 2.415
148 18 -0.525 -0.722 2.210
148 19 -0.372 -0.947 2.136
148 20 -0.392 -0.989 2.053
149 1 -0.302 -0.557 2.379
149 2 -0.296 -0.551 2.415
149 3 -0.331 -0.451 2.412
149 4 -0.367 -0.278 2.422
149 5 -0.457 -0.529 2.463
149 6 -0.287 -0.608 2.244
149 7 -0.413 -0.539 2.454
149 8 -0.572 -0.418 2.684
149 9 -0.083 -0.470 2.362
149 10 0.096 -0.490 2.438
149 11 0.204 -0.561 2.255
149 12 0.227 -0.565 2.212
149 13 -0.338 -0.671 2.197
149 14 -0.610 -0.499 2.262
149 15 -0.584 -0.852 2.201
149 16 -0.608 -0.880 2.122
149 17 -0.197 -0.726 2.414
149 18 -0.525 -0.723 2.208
149 19 -0.367 -0.948 2.135
149 20 -0.386 -0.988 2.055
150 1 -0.303 -0.557 2.378
150 2 -0.296 -0.552 2.415
150 3 -0.331 -0.452 2.412
150 4 -0.367 -0.279 2.421
150 5 -0.457 -0.529 2.463
150 6 -0.287 -0.608 2.243
150 7 -0.413 -0.539 2.453
150 8 -0.572 -0.418 2.684
150 9 -0.082 -0.471 2.361
150 10 0.094 -0.492 2.438
150 11 0.204 -0.562 2.255
150 12 0.224 -0.550 2.218
150 13 -0.339 -0.672 2.197
150 14 -0.609 -0.497 2.263
150 15 -0.584 -0.851 2.202
150 16 -0.608 -0.879 2.123
150 17 -0.197 -0.726 2.414
150 18 -0.525 -0.724 2.207
150 19 -0.364 -0.948 2.135
150 20 -0.381 -0.986 2.057
151 1 -0.304 -0.557 2.378
151 2 -0.297 -0.552 2.415
151 3 -0.331 -0.453 2.413
151 4 -0.368 -0.280 2.420
151 5 -0.456 -0.530 2.462
151 6 -0.287 -0.608 2.244
151 7 -0.413 -0.539 2.453
151 8 -0.572 -0.419 2.684
151 9 -0.082 -0.471 2.361
151 10 0.093 -0.493 2.438
151 11 0.204 -0.562 2.254
151 12 0.224 -0.537 2.223
151 13 -0.339 -0.672 2.196
151 14 -0.607 -0.495 2.264
151 15 -0.584 -0.850 2.202
151 16 -0.607 -0.879 2.124
151 17 -0.197 -0.726 2.413
151 18 -0.525 -0.724 2.206
151 19 -0.360 -0.948 2.135
151 20 -0.378 -0.985 2.058
152 1 -0.304 -0.558 2.378
152 2 -0.297 -0.553 2.415
152 3 -0.331 -0.453 2.413
152 4 -0.368 -0.281 2.419
152 5 -0.456 -0.530 2.463
152 6 -0.288 -0.608 2.244
152 7 -0.414 -0.539 2.453
152 8 -0.572 -0.419 2.684
152 9 -0.082 -0.472 2.361
152 10 0.091 -0.494 2.439
152 11 0.206 -0.562 2.252
152 12 0.224 -0.526 2.226
152 13 -0.340 -0.673 2.196
152 14 -0.606 -0.494 2.265
152 15 -0.584 -0.849 2.203
152 16 -0.608 -0.877 2.125
152 17 -0.197 -0.726 2.413
152 18 -0.525 -0.724 2.205
152 19 -0.358 -0.949 2.136
152 20 -0.376 -0.984 2.058
153 1 -0.305 -0.558 2.377
153 2 -0.298 -0.553 2.415
153 3 -0.331 -0.454 2.414
153 4 -0.368 -0.281 2.419
153 5 -0.456 -0.531 2.463
153 6 -0.289 -0.608 2.244
153 7 -0.414 -0.539 2.453
153 8 -0.572 -0.419 2.684
153 9 -0.081 -0.472 2.361
153 10 0.090 -0.495 2.439
153 11 0.207 -0.563 2.252
153 12 0.223 -0.520 2.228
153 13 -0.340 -0.673 2.196
153 14 -0.606 -0.493 2.265
153 15 -0.584 -0.848 2.203
153 16 -0.607 -0.877 2.126
153 17 -0.198 -0.726 2.414
153 18 -0.525 -0.725 2.204
153 19 -0.355 -0.950 2.136
153 20 -0.374 -0.984 2.059
154 1 -0.305 -0.557 2.377
154 2 -0.298 -0.553 2.415
154 3 -0.331 -0.454 2.414
154 4 -0.369 -0.282 2.418
154 5 -0.456 -0.531 2.463
154 6 -0.283 -0.608 2.251
154 7 -0.406 -0.540 2.463
154 8 -0.560 -0.421 2.694
154 9 -0.081 -0.473 2.361
154 10 0.090 -0.496 2.440
154 11 0.207 -0.563 2.252
154 12 0.222 -0.516 2.230
154 13 -0.341 -0.673 2.195
154 14 -0.605 -0.492 2.266
154 15 -0.584 -0.848 2.204
154 16 -0.607 -0.876 2.127
154 17 -0.198 -0.727 2.415
154 18 -0.525 -0.726 2.204
154 19 -0.353 -0.951 2.136
154 20 -0.373 -0.984 2.060
155 1 -0.306 -0.557 2.377
155 2 -0.298 -0.553 2.415
155 3 -0.331 -0.454 2.414
155 4 -0.369 -0.282 2.418
155 5 -0.455 -0.531 2.463
155 6 -0.251 -0.595 2.286
155 7 -0.365 -0.524 2.506
155 8 -0.510 -0.406 2.738
155 9 -0.081 -0.473 2.361
155 10 0.089 -0.496 2.441
155 11 0.207 -0.563 2.251
155 12 0.234 -0.550 2.211
155 13 -0.341 -0.674 2.195
155 14 -0.604 -0.492 2.266
155 15 -0.583 -0.847 2.204
155 16 -0.607 -0.876 2.127
155 17 -0.197 -0.727 2.416
155 18 -0.525 -0.726 2.203
155 19 -0.352 -0.951 2.136
155 20 -0.372 -0.984 2.060
156 1 -0.306 -0.557 2.377
156 2 -0.298 -0.553 2.415
156 3 -0.331 -0.455 2.414
156 4 -0.369 -0.283 2.418
156 5 -0.455 -0.532 2.463
156 6 -0.234 -0.589 2.304
156 7 -0.345 -0.519 2.526
156 8 -0.487 -0.400 2.759
156 9 -0.080 -0.473 2.361
156 10 0.089 -0.496 2.441
156 11 0.207 -0.563 2.251
156 12 0.240 -0.568 2.200
156 13 -0.341 -0.674 2.195
156 14 -0.603 -0.491 2.267
156 15 -0.583 -0.847 2.204
156 16 -0.607 -0.876 2.127
156 17 -0.197 -0.728 2.417
156 18 -0.525 -0.726 2.203
156 19 -0.350 -0.952 2.136
156 20 -0.371 -0.985 2.060
157 1 -0.306 -0.557 2.377
157 2 -0.298 -0.553 2.415
157 3 -0.331 -0.455 2.414
157 4 -0.369 -0.283 2.417
157 5 -0.455 -0.532 2.463
157 6 -0.225 -0.586 2.313
157 7 -0.336 -0.516 2.535
157 8 -0.476 -0.397 2.768
157 9 -0.080 -0.474 2.361
157 10 0.088 -0.497 2.442
157 11 0.207 -0.564 2.251
157 12 0.244 -0.578 2.194
157 13 -0.341 -0.674 2.195
157 14 -0.603 -0.491 2.267
157 15 -0.584 -0.845 2.205
157 16 -0.608 -0.875 2.128
157 17 -0.196 -0.728 2.418
157 18 -0.524 -0.727 2.202
157 19 -0.349 -0.953 2.137
157 20 -0.370 -0.985 2.060
158 1 -0.306 -0.556 2.377
158 2 -0.298 -0.553 2.415
158 3 -0.331 -0.455 2.414
158 4 -0.368 -0.284 2.417
158 5 -0.454 -0.533 2.463
158 6 -0.260 -0.601 2.270
158 7 -0.373 -0.529 2.495
158 8 -0.524 -0.409 2.732
158 9 -0.079 -0.474 2.361
158 10 0.088 -0.497 2.442
158 11 0.207 -0.564 2.251
158 12 0.246 -0.585 2.191
158 13 -0.346 -0.673 2.195
158 14 -0.604 -0.489 2.267
158 15 -0.585 -0.844 2.205
158 16 -0.609 -0.874 2.128
158 17 -0.201 -0.728 2.421
158 18 -0.546 -0.725 2.206
158 19 -0.363 -0.955 2.141
158 20 -0.387 -0.987 2.065
159 1 -0.306 -0.556 2.377
159 2 -0.298 -0.553 2.415
159 3 -0.330 -0.455 2.414
159 4 -0.368 -0.285 2.416
159 5 -0.453 -0.533 2.463
159 6 -0.276 -0.608 2.250
159 7 -0.391 -0.536 2.474
159 8 -0.549 -0.416 2.712
159 9 -0.078 -0.475 2.361
159 10 0.089 -0.497 2.443
159 11 0.207 -0.564 2.251
159 12 0.247 -0.589 2.188
159 13 -0.347 -0.673 2.195
159 14 -0.604 -0.488 2.267
159 15 -0.585 -0.843 2.205
159 16 -0.610 -0.873 2.128
159 17 -0.202 -0.729 2.423
159 18 -0.545 -0.727 2.204
159 19 -0.348 -0.971 2.138
159 20 -0.374 -1.003 2.061
160 1 -0.337 -0.634 2.320
160 2 -0.321 -0.620 2.369
160 3 -0.329 -0.456 2.413
160 4 -0.367 -0.285 2.416
160 5 -0.452 -0.534 2.463
160 6 -0.281 -0.610 2.244
160 7 -0.397 -0.538 2.467
160 8 -0.559 -0.417 2.706
160 9 -0.077 -0.475 2.361
160 10 0.089 -0.497 2.444
160 11 0.206 -0.564 2.251
160 12 0.248 -0.592 2.186
160 13 -0.414 -0.717 2.245
160 14 -0.564 -0.448 2.234
160 15 -0.585 -0.843 2.205
160 16 -0.610 -0.873 2.129
160 17 -0.260 -0.738 2.279
160 18 -0.569 -0.731 2.198
160 19 -0.339 -0.981 2.136
160 20 -0.365 -1.017 2.060
161 1 -0.348 -0.670 2.296
161 2 -0.332 -0.656 2.345
161 3 -0.328 -0.456 2.413
161 4 -0.367 -0.286 2.416
161 5 -0.451 -0.534 2.463
161 6 -0.284 -0.611 2.240
161 7 -0.401 -0.539 2.462
161 8 -0.565 -0.418 2.703
161 9 -0.076 -0.476 2.361
161 10 0.089 -0.498 2.445
161 11 0.206 -0.565 2.251
161 12 0.248 -0.595 2.185
161 13 -0.441 -0.741 2.272
161 14 -0.547 -0.434 2.220
161 15 -0.585 -0.842 2.205
161 16 -0.610 -0.874 2.129
161 17 -0.275 -0.742 2.237
161 18 -0.581 -0.733 2.194
161 19 -0.328 -0.989 2.135
161 20 -0.354 -1.026 2.060
162 1 -0.332 -0.669 2.269
162 2 -0.327 -0.665 2.327
162 3 -0.328 -0.456 2.413
162 4 -0.366 -0.286 2.416
162 5 -0.450 -0.534 2.463
162 6 -0.286 -0.612 2.237
162 7 -0.404 -0.540 2.459
162 8 -0.569 -0.419 2.700
162 9 -0.076 -0.476 2.361
162 10 0.090 -0.498 2.446
162 11 0.207 -0.562 2.249
162 12 0.231 -0.536 2.210
162 13 -0.412 -0.735 2.251
162 14 -0.545 -0.430 2.217
162 15 -0.585 -0.842 2.206
162 16 -0.610 -0.876 2.130
162 17 -0.250 -0.702 2.193
162 18 -0.549 -0.616 2.165
162 19 -0.240 -0.915 2.117
162 20 -0.158 -0.885 2.108
163 1 -0.324 -0.668 2.258
163 2 -0.320 -0.665 2.317
163 3 -0.327 -0.456 2.413
163 4 -0.366 -0.286 2.415
163 5 -0.450 -0.535 2.463
163 6 -0.287 -0.613 2.235
163 7 -0.406 -0.541 2.456
163 8 -0.572 -0.420 2.698
163 9 -0.075 -0.476 2.361
163 10 0.090 -0.498 2.447
163 11 0.239 -0.548 2.240
163 12 0.243 -0.502 2.220
163 13 -0.405 -0.736 2.244
163 14 -0.546 -0.431 2.220
163 15 -0.585 -0.842 2.206
163 16 -0.609 -0.878 2.132
163 17 -0.238 -0.687 2.181
163 18 -0.524 -0.541 2.147
163 19 -0.187 -0.867 2.106
163 20 -0.084 -0.836 2.125
164 1 -0.355 -0.679 2.273
164 2 -0.343 -0.670 2.329
164 3 -0.327 -0.456 2.413
164 4 -0.365 -0.287 2.415
164 5 -0.449 -0.535 2.463
164 6 -0.289 -0.612 2.236
164 7 -0.408 -0.542 2.455
164 8 -0.574 -0.420 2.697
164 9 -0.075 -0.476 2.361
164 10 0.090 -0.498 2.447
164 11 0.240 -0.543 2.236
164 12 0.240 -0.486 2.225
164 13 -0.451 -0.749 2.267
164 14 -0.527 -0.427 2.211
164 15 -0.584 -0.842 2.206
164 16 -0.609 -0.879 2.132
164 17 -0.282 -0.721 2.206
164 18 -0.594 -0.659 2.191
164 19 -0.420 -0.910 2.143
164 20 -0.418 -0.930 2.095
165 1 -0.331 -0.659 2.269
165 2 -0.319 -0.652 2.322
165 3 -0.327 -0.456 2.413
165 4 -0.365 -0.287 2.415
165 5 -0.449 -0.535 2.463
165 6 -0.289 -0.612 2.236
165 7 -0.409 -0.542 2.454
165 8 -0.575 -0.420 2.695
165 9 -0.074 -0.477 2.362
165 10 0.090 -0.498 2.447
165 11 0.227 -0.551 2.241
165 12 0.241 -0.534 2.207
165 13 -0.407 -0.719 2.228
165 14 -0.547 -0.436 2.231
165 15 -0.584 -0.842 2.206
165 16 -0.608 -0.882 2.133
165 17 -0.250 -0.702 2.200
165 18 -0.542 -0.571 2.158
165 19 -0.273 -0.864 2.117
165 20 -0.178 -0.839 2.123
166 1 -0.337 -0.659 2.275
166 2 -0.322 -0.651 2.325
166 3 -0.327 -0.456 2.413
166 4 -0.365 -0.287 2.415
166 5 -0.449 -0.535 2.463
166 6 -0.289 -0.612 2.236
166 7 -0.410 -0.542 2.453
166 8 -0.577 -0.421 2.695
166 9 -0.074 -0.477 2.362
166 10 0.090 -0.498 2.448
166 11 0.223 -0.550 2.240
166 12 0.235 -0.526 2.210
166 13 -0.435 -0.731 2.247
166 14 -0.543 -0.434 2.229
166 15 -0.584 -0.842 2.206
166 16 -0.607 -0.883 2.134
166 17 -0.260 -0.713 2.213
166 18 -0.574 -0.633 2.175
166 19 -0.305 -0.913 2.125
166 20 -0.197 -0.872 2.140
167 1 -0.343 -0.659 2.280
167 2 -0.325 -0.650 2.328
167 3 -0.327 -0.457 2.413
167 4 -0.365 -0.287 2.415
167 5 -0.449 -0.535 2.463
167 6 -0.289 -0.612 2.237
167 7 -0.411 -0.543 2.452
167 8 -0.577 -0.421 2.694
167 9 -0.074 -0.477 2.362
167 10 0.090 -0.498 2.448
167 11 0.220 -0.550 2.239
167 12 0.230 -0.518 2.214
167 13 -0.444 -0.732 2.253
167 14 -0.542 -0.432 2.228
167 15 -0.584 -0.842 2.206
167 16 -0.608 -0.883 2.134
167 17 -0.269 -0.719 2.222
167 18 -0.594 -0.670 2.185
167 19 -0.317 -0.936 2.128
167 20 -0.207 -0.894 2.148
168 1 -0.347 -0.659 2.284
168 2 -0.328 -0.649 2.332
168 3 -0.327 -0.457 2.413
168 4 -0.365 -0.288 2.415
168 5 -0.448 -0.536 2.463
168 6 -0.266 -0.603 2.258
168 7 -0.389 -0.534 2.472
168 8 -0.548 -0.412 2.715
168 9 -0.074 -0.477 2.362
168 10 0.090 -0.498 2.448
168 11 0.217 -0.549 2.239
168 12 0.226 -0.512 2.216
168 13 -0.449 -0.733 2.257
168 14 -0.542 -0.430 2.227
168 15 -0.584 -0.841 2.206
168 16 -0.608 -0.884 2.134
168 17 -0.274 -0.724 2.228
168 18 -0.606 -0.694 2.190
168 19 -0.324 -0.954 2.130
168 20 -0.213 -0.913 2.153
169 1 -0.349 -0.659 2.287
169 2 -0.330 -0.648 2.334
169 3 -0.327 -0.457 2.413
169 4 -0.365 -0.288 2.415
169 5 -0.448 -0.536 2.463
169 6 -0.240 -0.597 2.290
169 7 -0.356 -0.527 2.508
169 8 -0.503 -0.407 2.745
169 9 -0.074 -0.477 2.362
169 10 0.090 -0.498 2.448
169 11 0.215 -0.549 2.238
169 12 0.224 -0.507 2.218
169 13 -0.452 -0.734 2.261
169 14 -0.541 -0.429 2.225
169 15 -0.584 -0.841 2.206
169 16 -0.609 -0.884 2.134
169 17 -0.277 -0.727 2.231
169 18 -0.611 -0.707 2.193
169 19 -0.328 -0.965 2.132
169 20 -0.218 -0.925 2.155
170 1 -0.322 -0.618 2.301
170 2 -0.314 -0.616 2.347
170 3 -0.327 -0.457 2.413
170 4 -0.365 -0.288 2.415
170 5 -0.448 -0.536 2.463
170 6 -0.234 -0.595 2.296
170 7 -0.350 -0.526 2.513
170 8 -0.496 -0.406 2.750
170 9 0.022 -0.479 2.432
170 10 0.173 -0.575 2.471
170 11 0.214 -0.548 2.238
170 12 0.222 -0.503 2.219
170 13 -0.416 -0.706 2.244
170 14 -0.566 -0.432 2.233
170 15 -0.584 -0.841 2.206
170 16 -0.605 -0.886 2.135
170 17 -0.223 -0.691 2.237
170 18 -0.539 -0.625 2.166
170 19 -0.251 -0.906 2.116
170 20 -0.147 -0.873 2.138
171 1 -0.321 -0.613 2.310
171 2 -0.314 -0.610 2.356
171 3 -0.327 -0.457 2.413
171 4 -0.365 -0.288 2.415
171 5 -0.448 -0.536 2.463
171 6 -0.260 -0.602 2.269
171 7 -0.373 -0.531 2.492
171 8 -0.526 -0.413 2.724
171 9 0.058 -0.480 2.459
171 10 0.205 -0.604 2.481
171 11 0.211 -0.550 2.239
171 12 0.220 -0.501 2.221
171 13 -0.433 -0.718 2.264
171 14 -0.558 -0.430 2.224
171 15 -0.584 -0.841 2.206
171 16 -0.600 -0.886 2.134
171 17 -0.217 -0.694 2.242
171 18 -0.536 -0.672 2.178
171 19 -0.344 -0.912 2.125
171 20 -0.329 -0.933 2.079
172 1 -0.312 -0.597 2.313
172 2 -0.313 -0.604 2.359
172 3 -0.326 -0.457 2.413
172 4 -0.364 -0.288 2.415
172 5 -0.448 -0.536 2.463
172 6 -0.267 -0.604 2.262
172 7 -0.386 -0.534 2.479
172 8 -0.542 -0.415 2.711
172 9 0.078 -0.481 2.473
172 10 0.222 -0.619 2.487
172 11 0.208 -0.553 2.241
172 12 0.218 -0.501 2.223
172 13 -0.414 -0.706 2.253
172 14 -0.568 -0.430 2.225
172 15 -0.584 -0.841 2.206
172 16 -0.599 -0.887 2.134
172 17 -0.193 -0.665 2.235
172 18 -0.506 -0.614 2.157
172 19 -0.259 -0.876 2.112
172 20 -0.167 -0.862 2.101
173 1 -0.321 -0.606 2.319
173 2 -0.315 -0.603 2.363
173 3 -0.326 -0.457 2.413
173 4 -0.364 -0.288 2.415
173 5 -0.448 -0.536 2.463
173 6 -0.276 -0.607 2.251
173 7 -0.394 -0.536 2.470
173 8 -0.553 -0.417 2.703
173 9 0.087 -0.481 2.480
173 10 0.231 -0.623 2.493
173 11 0.205 -0.556 2.242
173 12 0.216 -0.500 2.225
173 13 -0.443 -0.727 2.281
173 14 -0.556 -0.432 2.215
173 15 -0.584 -0.841 2.206
173 16 -0.597 -0.887 2.134
173 17 -0.206 -0.691 2.228
173 18 -0.525 -0.674 2.177
173 19 -0.358 -0.905 2.127
173 20 -0.333 -0.927 2.069
174 1 -0.327 -0.613 2.322
174 2 -0.317 -0.603 2.365
174 3 -0.326 -0.457 2.413
174 4 -0.364 -0.288 2.415
174 5 -0.448 -0.536 2.463
174 6 -0.316 -0.622 2.225
174 7 -0.448 -0.557 2.435
174 8 -0.605 -0.442 2.658
174 9 0.088 -0.482 2.480
174 10 0.234 -0.618 2.498
174 11 0.203 -0.557 2.243
174 12 0.215 -0.500 2.226
174 13 -0.454 -0.735 2.291
174 14 -0.545 -0.431 2.207
174 15 -0.584 -0.841 2.206
174 16 -0.596 -0.887 2.133
174 17 -0.212 -0.703 2.228
174 18 -0.536 -0.705 2.188
174 19 -0.412 -0.920 2.135
174 20 -0.399 -0.953 2.056
175 1 -0.331 -0.618 2.324
175 2 -0.320 -0.605 2.367
175 3 -0.326 -0.457 2.413
175 4 -0.364 -0.289 2.415
175 5 -0.447 -0.536 2.463
175 6 -0.317 -0.623 2.222
175 7 -0.454 -0.559 2.430
175 8 -0.611 -0.443 2.653
175 9 0.084 -0.483 2.477
175 10 0.232 -0.610 2.502
175 11 0.202 -0.559 2.244
175 12 0.214 -0.501 2.227
175 13 -0.460 -0.739 2.295
175 14 -0.541 -0.431 2.203
175 15 -0.585 -0.840 2.206
175 16 -0.595 -0.886 2.133
175 17 -0.218 -0.711 2.229
175 18 -0.543 -0.721 2.193
175 19 -0.435 -0.927 2.138
175 20 -0.429 -0.964 2.050
176 1 -0.334 -0.622 2.325
176 2 -0.323 -0.608 2.368
176 3 -0.326 -0.457 2.412
176 4 -0.364 -0.289 2.415
176 5 -0.447 -0.536 2.463
176 6 -0.306 -0.620 2.227
176 7 -0.437 -0.554 2.438
176 8 -0.592 -0.436 2.668
176 9 0.076 -0.484 2.471
176 10 0.228 -0.599 2.504
176 11 0.202 -0.559 2.244
176 12 0.213 -0.501 2.228
176 13 -0.463 -0.741 2.298
176 14 -0.536 -0.430 2.199
176 15 -0.585 -0.840 2.206
176 16 -0.594 -0.885 2.132
176 17 -0.222 -0.715 2.231
176 18 -0.547 -0.731 2.196
176 19 -0.448 -0.930 2.140
176 20 -0.446 -0.971 2.047
177 1 -0.336 -0.625 2.325
177 2 -0.325 -0.610 2.369
177 3 -0.326 -0.458 2.412
177 4 -0.363 -0.289 2.414
177 5 -0.447 -0.537 2.463
177 6 -0.304 -0.618 2.227
177 7 -0.434 -0.551 2.437
177 8 -0.589 -0.432 2.670
177 9 0.069 -0.485 2.466
177 10 0.226 -0.572 2.509
177 11 0.202 -0.559 2.244
177 12 0.213 -0.501 2.228
177 13 -0.466 -0.742 2.298
177 14 -0.533 -0.429 2.198
177 15 -0.585 -0.840 2.206
177 16 -0.593 -0.884 2.131
177 17 -0.225 -0.719 2.232
177 18 -0.549 -0.737 2.198
177 19 -0.456 -0.933 2.141
177 20 -0.454 -0.975 2.046
178 1 -0.339 -0.627 2.325
178 2 -0.329 -0.613 2.369
178 3 -0.325 -0.458 2.412
178 4 -0.363 -0.289 2.414
178 5 -0.447 -0.537 2.463
178 6 -0.299 -0.615 2.228
178 7 -0.430 -0.549 2.438
178 8 -0.587 -0.428 2.673
178 9 0.064 -0.486 2.462
178 10 0.225 -0.564 2.511
178 11 0.202 -0.558 2.243
178 12 0.213 -0.500 2.228
178 13 -0.471 -0.739 2.296
178 14 -0.531 -0.427 2.196
178 15 -0.585 -0.840 2.206
178 16 -0.593 -0.883 2.131
178 17 -0.241 -0.724 2.242
178 18 -0.560 -0.741 2.204
178 19 -0.462 -0.935 2.144
178 20 -0.464 -0.979 2.050
179 1 -0.340 -0.628 2.325
179 2 -0.331 -0.614 2.370
179 3 -0.325 -0.458 2.411
179 4 -0.363 -0.290 2.414
179 5 -0.447 -0.537 2.462
179 6 -0.295 -0.613 2.230
179 7 -0.427 -0.547 2.439
179 8 -0.585 -0.426 2.675
179 9 0.061 -0.487 2.459
179 10 0.219 -0.567 2.507
179 11 0.202 -0.558 2.243
179 12 0.213 -0.500 2.229
179 13 -0.472 -0.738 2.294
179 14 -0.529 -0.425 2.195
179 15 -0.585 -0.840 2.206
179 16 -0.593 -0.883 2.131
179 17 -0.244 -0.726 2.245
179 18 -0.562 -0.742 2.205
179 19 -0.463 -0.935 2.144
179 20 -0.452 -0.973 2.055
