1 1 0.258 -0.371 2.554
1 2 0.258 -0.335 2.594
1 3 0.260 -0.110 2.595
1 4 0.272 0.067 2.560
1 5 0.116 -0.184 2.585
1 6 0.061 -0.373 2.561
1 7 0.062 -0.526 2.468
1 8 0.081 -0.575 2.409
1 9 0.408 -0.198 2.583
1 10 0.450 -0.390 2.568
1 11 0.454 -0.547 2.483
1 12 0.454 -0.588 2.448
1 13 0.189 -0.436 2.537
1 14 0.238 -0.669 2.177
1 15 0.174 -0.867 2.072
1 16 0.174 -0.897 1.998
1 17 0.328 -0.435 2.545
1 18 0.311 -0.638 2.232
1 19 0.307 -0.877 2.059
1 20 0.307 -0.897 1.988
2 1 0.259 -0.371 2.554
2 2 0.258 -0.334 2.594
2 3 0.261 -0.110 2.594
2 4 0.272 0.067 2.560
2 5 0.116 -0.184 2.585
2 6 0.062 -0.374 2.560
2 7 0.062 -0.526 2.468
2 8 0.082 -0.578 2.408
2 9 0.408 -0.197 2.583
2 10 0.450 -0.390 2.568
2 11 0.455 -0.547 2.483
2 12 0.452 -0.587 2.445
2 13 0.189 -0.435 2.537
2 14 0.238 -0.669 2.177
2 15 0.203 -0.869 2.069
2 16 0.203 -0.899 1.996
2 17 0.328 -0.435 2.545
2 18 0.311 -0.603 2.262
2 19 0.306 -0.867 2.059
2 20 0.307 -0.893 1.987
3 1 0.259 -0.371 2.553
3 2 0.258 -0.334 2.594
3 3 0.262 -0.110 2.594
3 4 0.272 0.067 2.559
3 5 0.116 -0.184 2.584
3 6 0.062 -0.374 2.559
3 7 0.062 -0.526 2.468
3 8 0.082 -0.579 2.407
3 9 0.408 -0.197 2.583
3 10 0.450 -0.390 2.568
3 11 0.455 -0.547 2.483
3 12 0.450 -0.587 2.442
3 13 0.189 -0.435 2.537
3 14 0.238 -0.669 2.177
3 15 0.220 -0.870 2.068
3 16 0.220 -0.900 1.994
3 17 0.328 -0.435 2.545
3 18 0.311 -0.589 2.274
3 19 0.306 -0.860 2.058
3 20 0.307 -0.889 1.986
4 1 0.259 -0.370 2.553
4 2 0.259 -0.334 2.594
4 3 0.262 -0.110 2.594
4 4 0.272 0.067 2.559
4 5 0.116 -0.184 2.584
4 6 0.062 -0.374 2.559
4 7 0.062 -0.527 2.468
4 8 0.082 -0.580 2.406
4 9 0.408 -0.197 2.582
4 10 0.450 -0.390 2.568
4 11 0.455 -0.547 2.483
4 12 0.450 -0.587 2.442
4 13 0.189 -0.435 2.537
4 14 0.228 -0.679 2.174
4 15 0.221 -0.874 2.064
4 16 0.223 -0.901 1.993
4 17 0.328 -0.435 2.545
4 18 0.312 -0.580 2.282
4 19 0.306 -0.855 2.058
4 20 0.308 -0.886 1.986
5 1 0.259 -0.370 2.553
5 2 0.259 -0.334 2.594
5 3 0.263 -0.110 2.594
5 4 0.272 0.067 2.559
5 5 0.117 -0.185 2.584
5 6 0.062 -0.374 2.559
5 7 0.062 -0.527 2.468
5 8 0.081 -0.580 2.406
5 9 0.409 -0.197 2.582
5 10 0.451 -0.390 2.568
5 11 0.455 -0.547 2.484
5 12 0.450 -0.587 2.443
5 13 0.189 -0.435 2.536
5 14 0.227 -0.680 2.173
5 15 0.216 -0.875 2.065
5 16 0.218 -0.901 1.993
5 17 0.328 -0.435 2.544
5 18 0.314 -0.580 2.283
5 19 0.306 -0.851 2.058
5 20 0.308 -0.883 1.986
6 1 0.259 -0.370 2.553
6 2 0.259 -0.334 2.593
6 3 0.263 -0.110 2.594
6 4 0.271 0.067 2.559
6 5 0.117 -0.185 2.584
6 6 0.062 -0.374 2.558
6 7 0.062 -0.527 2.468
6 8 0.081 -0.580 2.406
6 9 0.409 -0.197 2.582
6 10 0.451 -0.389 2.568
6 11 0.456 -0.547 2.484
6 12 0.451 -0.587 2.444
6 13 0.189 -0.434 2.536
6 14 0.227 -0.681 2.173
6 15 0.210 -0.874 2.065
6 16 0.212 -0.901 1.993
6 17 0.328 -0.434 2.544
6 18 0.317 -0.584 2.278
6 19 0.306 -0.848 2.057
6 20 0.308 -0.881 1.985
7 1 0.259 -0.370 2.553
7 2 0.259 -0.333 2.593
7 3 0.263 -0.110 2.593
7 4 0.271 0.067 2.559
7 5 0.117 -0.185 2.583
7 6 0.062 -0.374 2.558
7 7 0.062 -0.527 2.468
7 8 0.081 -0.579 2.407
7 9 0.409 -0.197 2.582
7 10 0.451 -0.389 2.568
7 11 0.456 -0.547 2.484
7 12 0.451 -0.587 2.445
7 13 0.189 -0.434 2.536
7 14 0.227 -0.680 2.174
7 15 0.211 -0.874 2.065
7 16 0.212 -0.901 1.993
7 17 0.329 -0.434 2.544
7 18 0.320 -0.590 2.274
7 19 0.306 -0.846 2.057
7 20 0.308 -0.880 1.985
8 1 0.259 -0.369 2.553
8 2 0.259 -0.333 2.593
8 3 0.264 -0.110 2.593
8 4 0.271 0.067 2.559
8 5 0.117 -0.185 2.583
8 6 0.062 -0.374 2.558
8 7 0.062 -0.527 2.468
8 8 0.080 -0.578 2.407
8 9 0.409 -0.197 2.582
8 10 0.452 -0.389 2.568
8 11 0.457 -0.547 2.485
8 12 0.452 -0.588 2.446
8 13 0.190 -0.434 2.536
8 14 0.228 -0.679 2.174
8 15 0.203 -0.873 2.066
8 16 0.204 -0.901 1.994
8 17 0.329 -0.434 2.544
8 18 0.322 -0.595 2.269
8 19 0.306 -0.845 2.057
8 20 0.308 -0.878 1.985
9 1 0.259 -0.369 2.553
9 2 0.259 -0.333 2.593
9 3 0.264 -0.110 2.593
9 4 0.271 0.067 2.559
9 5 0.118 -0.185 2.583
9 6 0.062 -0.374 2.557
9 7 0.062 -0.527 2.468
9 8 0.080 -0.577 2.408
9 9 0.410 -0.197 2.582
9 10 0.452 -0.389 2.568
9 11 0.457 -0.547 2.485
9 12 0.453 -0.588 2.447
9 13 0.190 -0.434 2.536
9 14 0.230 -0.678 2.174
9 15 0.202 -0.873 2.066
9 16 0.203 -0.900 1.994
9 17 0.329 -0.434 2.544
9 18 0.323 -0.598 2.266
9 19 0.307 -0.844 2.057
9 20 0.308 -0.877 1.985
10 1 0.260 -0.369 2.553
10 2 0.260 -0.333 2.593
10 3 0.264 -0.110 2.593
10 4 0.271 0.067 2.558
10 5 0.118 -0.185 2.582
10 6 0.062 -0.374 2.557
10 7 0.062 -0.527 2.468
10 8 0.080 -0.576 2.408
10 9 0.410 -0.197 2.581
10 10 0.452 -0.389 2.568
10 11 0.458 -0.547 2.485
10 12 0.453 -0.588 2.448
10 13 0.190 -0.434 2.536
10 14 0.231 -0.677 2.174
10 15 0.199 -0.872 2.065
10 16 0.200 -0.900 1.993
10 17 0.329 -0.434 2.544
10 18 0.323 -0.601 2.264
10 19 0.307 -0.843 2.057
10 20 0.308 -0.876 1.985
11 1 0.260 -0.369 2.552
11 2 0.260 -0.333 2.593
11 3 0.264 -0.110 2.593
11 4 0.271 0.067 2.558
11 5 0.118 -0.185 2.582
11 6 0.063 -0.374 2.557
11 7 0.062 -0.527 2.468
11 8 0.079 -0.576 2.408
11 9 0.410 -0.197 2.581
11 10 0.452 -0.389 2.567
11 11 0.458 -0.547 2.485
11 12 0.454 -0.588 2.449
11 13 0.190 -0.434 2.536
11 14 0.232 -0.677 2.175
11 15 0.197 -0.871 2.065
11 16 0.198 -0.899 1.993
11 17 0.329 -0.433 2.543
11 18 0.324 -0.602 2.263
11 19 0.307 -0.842 2.057
11 20 0.309 -0.875 1.985
12 1 0.260 -0.369 2.552
12 2 0.260 -0.333 2.593
12 3 0.264 -0.110 2.593
12 4 0.272 0.067 2.558
12 5 0.119 -0.185 2.582
12 6 0.063 -0.374 2.557
12 7 0.062 -0.527 2.468
12 8 0.079 -0.575 2.409
12 9 0.410 -0.197 2.581
12 10 0.453 -0.389 2.567
12 11 0.458 -0.547 2.485
12 12 0.454 -0.588 2.449
12 13 0.190 -0.433 2.536
12 14 0.233 -0.676 2.175
12 15 0.195 -0.870 2.065
12 16 0.196 -0.898 1.992
12 17 0.329 -0.433 2.543
12 18 0.324 -0.603 2.262
12 19 0.307 -0.842 2.057
12 20 0.309 -0.875 1.985
13 1 0.260 -0.369 2.552
13 2 0.260 -0.333 2.593
13 3 0.264 -0.110 2.593
13 4 0.272 0.067 2.558
13 5 0.119 -0.186 2.581
13 6 0.063 -0.374 2.556
13 7 0.062 -0.528 2.467
13 8 0.079 -0.575 2.409
13 9 0.411 -0.197 2.581
13 10 0.453 -0.389 2.567
13 11 0.459 -0.547 2.485
13 12 0.455 -0.588 2.450
13 13 0.190 -0.433 2.536
13 14 0.233 -0.675 2.175
13 15 0.198 -0.870 2.063
13 16 0.199 -0.897 1.991
13 17 0.329 -0.433 2.543
13 18 0.324 -0.604 2.261
13 19 0.307 -0.841 2.057
13 20 0.309 -0.874 1.985
14 1 0.260 -0.369 2.552
14 2 0.260 -0.332 2.592
14 3 0.264 -0.110 2.593
14 4 0.272 0.067 2.558
14 5 0.119 -0.186 2.581
14 6 0.063 -0.374 2.556
14 7 0.062 -0.528 2.467
14 8 0.079 -0.575 2.409
14 9 0.411 -0.197 2.580
14 10 0.453 -0.389 2.567
14 11 0.459 -0.547 2.486
14 12 0.455 -0.588 2.451
14 13 0.190 -0.433 2.536
14 14 0.234 -0.675 2.175
14 15 0.198 -0.869 2.062
14 16 0.199 -0.897 1.990
14 17 0.329 -0.433 2.543
14 18 0.324 -0.604 2.260
14 19 0.308 -0.841 2.058
14 20 0.309 -0.873 1.985
15 1 0.260 -0.368 2.552
15 2 0.260 -0.332 2.592
15 3 0.264 -0.110 2.593
15 4 0.272 0.067 2.558
15 5 0.119 -0.186 2.581
15 6 0.063 -0.374 2.556
15 7 0.062 -0.528 2.467
15 8 0.074 -0.545 2.427
15 9 0.411 -0.197 2.580
15 10 0.453 -0.389 2.567
15 11 0.460 -0.547 2.486
15 12 0.455 -0.588 2.451
15 13 0.190 -0.433 2.536
15 14 0.234 -0.675 2.175
15 15 0.200 -0.869 2.061
15 16 0.201 -0.896 1.989
15 17 0.329 -0.433 2.543
15 18 0.320 -0.663 2.205
15 19 0.310 -0.854 2.058
15 20 0.310 -0.879 1.986
16 1 0.260 -0.368 2.552
16 2 0.260 -0.332 2.592
16 3 0.264 -0.110 2.592
16 4 0.272 0.067 2.557
16 5 0.120 -0.186 2.580
16 6 0.063 -0.374 2.556
16 7 0.062 -0.528 2.467
16 8 0.073 -0.533 2.435
16 9 0.412 -0.197 2.580
16 10 0.453 -0.389 2.567
16 11 0.460 -0.547 2.486
16 12 0.456 -0.588 2.451
16 13 0.191 -0.433 2.536
16 14 0.230 -0.679 2.173
16 15 0.206 -0.872 2.058
16 16 0.205 -0.897 1.988
16 17 0.330 -0.433 2.543
16 18 0.317 -0.696 2.174
16 19 0.312 -0.864 2.058
16 20 0.312 -0.884 1.987
17 1 0.261 -0.368 2.552
17 2 0.261 -0.332 2.592
17 3 0.265 -0.110 2.592
17 4 0.273 0.067 2.557
17 5 0.120 -0.186 2.580
17 6 0.063 -0.375 2.557
17 7 0.062 -0.528 2.467
17 8 0.072 -0.526 2.439
17 9 0.412 -0.198 2.579
17 10 0.454 -0.389 2.567
17 11 0.460 -0.547 2.486
17 12 0.456 -0.589 2.452
17 13 0.191 -0.433 2.536
17 14 0.226 -0.682 2.172
17 15 0.206 -0.873 2.057
17 16 0.206 -0.897 1.987
17 17 0.330 -0.433 2.543
17 18 0.316 -0.709 2.162
17 19 0.314 -0.871 2.058
17 20 0.313 -0.888 1.988
18 1 0.261 -0.368 2.552
18 2 0.261 -0.332 2.592
18 3 0.265 -0.110 2.591
18 4 0.274 0.067 2.557
18 5 0.120 -0.186 2.580
18 6 0.064 -0.375 2.559
18 7 0.062 -0.527 2.467
18 8 0.071 -0.522 2.442
18 9 0.413 -0.198 2.579
18 10 0.454 -0.389 2.567
18 11 0.461 -0.547 2.486
18 12 0.456 -0.589 2.452
18 13 0.192 -0.433 2.535
18 14 0.223 -0.685 2.170
18 15 0.217 -0.877 2.055
18 16 0.216 -0.898 1.986
18 17 0.330 -0.432 2.542
18 18 0.317 -0.718 2.156
18 19 0.315 -0.878 2.058
18 20 0.314 -0.892 1.989
19 1 0.262 -0.368 2.551
19 2 0.262 -0.332 2.591
19 3 0.266 -0.110 2.590
19 4 0.276 0.067 2.556
19 5 0.121 -0.186 2.579
19 6 0.064 -0.376 2.560
19 7 0.062 -0.527 2.467
19 8 0.071 -0.519 2.444
19 9 0.413 -0.198 2.578
19 10 0.454 -0.389 2.567
19 11 0.460 -0.547 2.486
19 12 0.456 -0.589 2.452
19 13 0.193 -0.432 2.535
19 14 0.221 -0.686 2.170
19 15 0.222 -0.879 2.053
19 16 0.220 -0.898 1.985
19 17 0.330 -0.432 2.542
19 18 0.321 -0.722 2.156
19 19 0.316 -0.883 2.058
19 20 0.315 -0.895 1.989
20 1 0.263 -0.368 2.551
20 2 0.263 -0.331 2.591
20 3 0.267 -0.110 2.588
20 4 0.279 0.067 2.555
20 5 0.122 -0.186 2.579
20 6 0.064 -0.376 2.562
20 7 0.062 -0.527 2.466
20 8 0.070 -0.518 2.445
20 9 0.414 -0.198 2.577
20 10 0.455 -0.389 2.567
20 11 0.460 -0.547 2.486
20 12 0.456 -0.589 2.452
20 13 0.194 -0.432 2.535
20 14 0.219 -0.688 2.169
20 15 0.226 -0.880 2.051
20 16 0.223 -0.898 1.984
20 17 0.331 -0.432 2.542
20 18 0.325 -0.721 2.161
20 19 0.317 -0.887 2.059
20 20 0.316 -0.898 1.990
21 1 0.264 -0.367 2.550
21 2 0.265 -0.331 2.590
21 3 0.268 -0.110 2.586
21 4 0.284 0.067 2.552
21 5 0.124 -0.186 2.577
21 6 0.064 -0.376 2.563
21 7 0.064 -0.526 2.466
21 8 0.070 -0.517 2.445
21 9 0.417 -0.199 2.576
21 10 0.456 -0.389 2.567
21 11 0.460 -0.547 2.485
21 12 0.456 -0.588 2.452
21 13 0.196 -0.432 2.535
21 14 0.217 -0.689 2.169
21 15 0.233 -0.880 2.049
21 16 0.230 -0.898 1.982
21 17 0.332 -0.432 2.542
21 18 0.340 -0.696 2.177
21 19 0.317 -0.888 2.061
21 20 0.317 -0.900 1.991
22 1 0.269 -0.367 2.550
22 2 0.269 -0.330 2.589
22 3 0.272 -0.110 2.583
22 4 0.294 0.066 2.549
22 5 0.129 -0.185 2.575
22 6 0.066 -0.377 2.564
22 7 0.066 -0.526 2.465
22 8 0.070 -0.518 2.445
22 9 0.422 -0.199 2.575
22 10 0.465 -0.393 2.576
22 11 0.464 -0.545 2.484
22 12 0.459 -0.588 2.451
22 13 0.202 -0.431 2.535
22 14 0.215 -0.690 2.168
22 15 0.236 -0.881 2.048
22 16 0.234 -0.898 1.982
22 17 0.337 -0.432 2.542
22 18 0.346 -0.683 2.186
22 19 0.318 -0.888 2.063
22 20 0.318 -0.902 1.992
23 1 0.275 -0.366 2.550
23 2 0.274 -0.329 2.588
23 3 0.276 -0.110 2.581
23 4 0.305 0.065 2.545
23 5 0.135 -0.184 2.572
23 6 0.073 -0.378 2.560
23 7 0.067 -0.527 2.465
23 8 0.072 -0.521 2.442
23 9 0.427 -0.200 2.574
23 10 0.478 -0.395 2.589
23 11 0.484 -0.537 2.482
23 12 0.487 -0.572 2.431
23 13 0.210 -0.431 2.537
23 14 0.213 -0.690 2.169
23 15 0.239 -0.881 2.047
23 16 0.237 -0.897 1.981
23 17 0.342 -0.432 2.543
23 18 0.350 -0.677 2.190
23 19 0.319 -0.888 2.064
23 20 0.319 -0.903 1.994
24 1 0.280 -0.366 2.550
24 2 0.279 -0.329 2.588
24 3 0.285 -0.110 2.576
24 4 0.321 0.064 2.540
24 5 0.145 -0.183 2.568
24 6 0.084 -0.379 2.551
24 7 0.068 -0.528 2.464
24 8 0.075 -0.523 2.438
24 9 0.436 -0.201 2.573
24 10 0.491 -0.393 2.599
24 11 0.506 -0.525 2.481
24 12 0.515 -0.554 2.417
24 13 0.215 -0.431 2.537
24 14 0.212 -0.690 2.169
24 15 0.241 -0.881 2.047
24 16 0.239 -0.897 1.981
24 17 0.347 -0.432 2.543
24 18 0.352 -0.673 2.192
24 19 0.319 -0.887 2.066
24 20 0.319 -0.904 1.995
25 1 0.287 -0.365 2.548
25 2 0.287 -0.327 2.585
25 3 0.299 -0.108 2.570
25 4 0.333 0.064 2.536
25 5 0.155 -0.181 2.564
25 6 0.096 -0.379 2.541
25 7 0.071 -0.529 2.462
25 8 0.077 -0.524 2.434
25 9 0.447 -0.203 2.573
25 10 0.517 -0.389 2.625
25 11 0.554 -0.513 2.502
25 12 0.545 -0.517 2.423
25 13 0.221 -0.430 2.537
25 14 0.212 -0.691 2.168
25 15 0.222 -0.882 2.048
25 16 0.225 -0.898 1.982
25 17 0.352 -0.432 2.543
25 18 0.353 -0.670 2.194
25 19 0.320 -0.886 2.067
25 20 0.320 -0.905 1.996
26 1 0.293 -0.364 2.546
26 2 0.293 -0.326 2.583
26 3 0.308 -0.107 2.567
26 4 0.347 0.064 2.531
26 5 0.168 -0.179 2.561
26 6 0.107 -0.376 2.533
26 7 0.073 -0.529 2.458
26 8 0.081 -0.524 2.428
26 9 0.459 -0.205 2.574
26 10 0.529 -0.387 2.636
26 11 0.582 -0.485 2.496
26 12 0.574 -0.495 2.427
26 13 0.226 -0.428 2.535
26 14 0.211 -0.691 2.168
26 15 0.207 -0.883 2.048
26 16 0.214 -0.899 1.982
26 17 0.357 -0.431 2.542
26 18 0.353 -0.667 2.196
26 19 0.320 -0.886 2.068
26 20 0.321 -0.906 1.997
27 1 0.299 -0.363 2.544
27 2 0.299 -0.325 2.580
27 3 0.317 -0.106 2.565
27 4 0.361 0.063 2.524
27 5 0.178 -0.177 2.558
27 6 0.115 -0.374 2.528
27 7 0.083 -0.524 2.446
27 8 0.087 -0.546 2.392
27 9 0.473 -0.207 2.577
27 10 0.539 -0.387 2.642
27 11 0.595 -0.475 2.492
27 12 0.604 -0.489 2.421
27 13 0.230 -0.427 2.533
27 14 0.211 -0.691 2.168
27 15 0.195 -0.883 2.050
27 16 0.204 -0.900 1.983
27 17 0.362 -0.432 2.540
27 18 0.353 -0.665 2.197
27 19 0.321 -0.886 2.069
27 20 0.322 -0.907 1.998
28 1 0.305 -0.363 2.542
28 2 0.305 -0.324 2.578
28 3 0.333 -0.105 2.563
28 4 0.373 0.062 2.519
28 5 0.193 -0.175 2.556
28 6 0.123 -0.370 2.527
28 7 0.103 -0.509 2.428
28 8 0.094 -0.550 2.371
28 9 0.482 -0.208 2.578
28 10 0.564 -0.375 2.619
28 11 0.612 -0.473 2.482
28 12 0.628 -0.487 2.420
28 13 0.235 -0.425 2.531
28 14 0.212 -0.691 2.168
28 15 0.186 -0.883 2.051
28 16 0.196 -0.901 1.984
28 17 0.366 -0.432 2.538
28 18 0.352 -0.664 2.197
28 19 0.321 -0.886 2.070
28 20 0.322 -0.908 1.998
29 1 0.314 -0.363 2.540
29 2 0.315 -0.324 2.576
29 3 0.346 -0.105 2.563
29 4 0.389 0.061 2.512
29 5 0.210 -0.174 2.555
29 6 0.131 -0.366 2.525
29 7 0.114 -0.500 2.416
29 8 0.103 -0.547 2.350
29 9 0.497 -0.212 2.581
29 10 0.581 -0.381 2.629
29 11 0.622 -0.470 2.480
29 12 0.650 -0.489 2.421
29 13 0.243 -0.423 2.528
29 14 0.213 -0.690 2.168
29 15 0.205 -0.883 2.051
29 16 0.215 -0.902 1.984
29 17 0.373 -0.433 2.535
29 18 0.351 -0.663 2.197
29 19 0.321 -0.885 2.070
29 20 0.323 -0.908 1.999
30 1 0.322 -0.363 2.538
30 2 0.323 -0.324 2.574
30 3 0.360 -0.105 2.562
30 4 0.412 0.057 2.504
30 5 0.228 -0.173 2.555
30 6 0.139 -0.362 2.523
30 7 0.127 -0.489 2.400
30 8 0.109 -0.546 2.339
30 9 0.507 -0.217 2.582
30 10 0.591 -0.383 2.627
30 11 0.639 -0.474 2.476
30 12 0.667 -0.491 2.424
30 13 0.250 -0.421 2.526
30 14 0.219 -0.686 2.169
30 15 0.216 -0.880 2.053
30 16 0.224 -0.903 1.985
30 17 0.378 -0.434 2.534
30 18 0.350 -0.662 2.197
30 19 0.320 -0.885 2.071
30 20 0.323 -0.909 1.999
31 1 0.330 -0.363 2.535
31 2 0.332 -0.324 2.572
31 3 0.370 -0.106 2.562
31 4 0.427 0.054 2.499
31 5 0.245 -0.172 2.554
31 6 0.147 -0.358 2.520
31 7 0.146 -0.480 2.379
31 8 0.125 -0.545 2.341
31 9 0.517 -0.223 2.583
31 10 0.600 -0.387 2.627
31 11 0.652 -0.478 2.476
31 12 0.688 -0.493 2.430
31 13 0.260 -0.417 2.522
31 14 0.226 -0.680 2.169
31 15 0.220 -0.879 2.053
31 16 0.228 -0.903 1.985
31 17 0.384 -0.435 2.532
31 18 0.350 -0.661 2.197
31 19 0.317 -0.885 2.071
31 20 0.321 -0.909 1.999
32 1 0.339 -0.362 2.533
32 2 0.341 -0.324 2.570
32 3 0.381 -0.107 2.561
32 4 0.454 0.049 2.492
32 5 0.258 -0.171 2.553
32 6 0.156 -0.353 2.515
32 7 0.171 -0.470 2.352
32 8 0.166 -0.523 2.319
32 9 0.528 -0.230 2.583
32 10 0.617 -0.402 2.633
32 11 0.667 -0.483 2.477
32 12 0.706 -0.499 2.428
32 13 0.268 -0.414 2.519
32 14 0.232 -0.675 2.170
32 15 0.222 -0.876 2.053
32 16 0.230 -0.902 1.984
32 17 0.392 -0.436 2.530
32 18 0.349 -0.661 2.197
32 19 0.313 -0.884 2.072
32 20 0.320 -0.910 2.000
33 1 0.346 -0.362 2.532
33 2 0.349 -0.324 2.569
33 3 0.396 -0.109 2.559
33 4 0.467 0.045 2.488
33 5 0.270 -0.171 2.551
33 6 0.168 -0.347 2.508
33 7 0.205 -0.487 2.322
33 8 0.197 -0.529 2.300
33 9 0.536 -0.235 2.583
33 10 0.627 -0.411 2.638
33 11 0.690 -0.486 2.484
33 12 0.722 -0.501 2.435
33 13 0.275 -0.411 2.517
33 14 0.236 -0.673 2.170
33 15 0.220 -0.872 2.051
33 16 0.229 -0.899 1.982
33 17 0.397 -0.437 2.529
33 18 0.349 -0.660 2.197
33 19 0.309 -0.883 2.072
33 20 0.317 -0.910 2.001
34 1 0.354 -0.361 2.531
34 2 0.356 -0.323 2.567
34 3 0.407 -0.111 2.557
34 4 0.479 0.042 2.485
34 5 0.286 -0.171 2.547
34 6 0.183 -0.345 2.491
34 7 0.231 -0.476 2.319
34 8 0.222 -0.520 2.296
34 9 0.544 -0.240 2.584
34 10 0.633 -0.415 2.640
34 11 0.727 -0.493 2.475
34 12 0.747 -0.506 2.430
34 13 0.283 -0.407 2.514
34 14 0.241 -0.669 2.170
34 15 0.213 -0.864 2.048
34 16 0.224 -0.894 1.979
34 17 0.403 -0.438 2.529
34 18 0.349 -0.660 2.197
34 19 0.305 -0.882 2.073
34 20 0.315 -0.910 2.001
35 1 0.377 -0.359 2.528
35 2 0.376 -0.322 2.564
35 3 0.420 -0.113 2.554
35 4 0.491 0.039 2.483
35 5 0.300 -0.171 2.543
35 6 0.201 -0.340 2.473
35 7 0.272 -0.456 2.322
35 8 0.306 -0.487 2.271
35 9 0.553 -0.244 2.584
35 10 0.643 -0.418 2.641
35 11 0.741 -0.496 2.473
35 12 0.766 -0.506 2.430
35 13 0.308 -0.400 2.507
35 14 0.245 -0.667 2.170
35 15 0.194 -0.848 2.044
35 16 0.176 -0.810 2.018
35 17 0.430 -0.437 2.531
35 18 0.349 -0.660 2.196
35 19 0.302 -0.880 2.074
35 20 0.313 -0.909 2.002
36 1 0.391 -0.357 2.526
36 2 0.389 -0.320 2.562
36 3 0.433 -0.115 2.550
36 4 0.507 0.034 2.481
36 5 0.322 -0.173 2.536
36 6 0.236 -0.340 2.440
36 7 0.329 -0.450 2.319
36 8 0.385 -0.467 2.264
36 9 0.564 -0.248 2.587
36 10 0.653 -0.420 2.642
36 11 0.751 -0.497 2.473
36 12 0.784 -0.504 2.427
36 13 0.323 -0.396 2.501
36 14 0.248 -0.665 2.170
36 15 0.182 -0.838 2.041
36 16 0.139 -0.779 2.027
36 17 0.443 -0.437 2.533
36 18 0.348 -0.661 2.196
36 19 0.273 -0.856 2.074
36 20 0.210 -0.848 2.034
37 1 0.402 -0.356 2.524
37 2 0.399 -0.318 2.559
37 3 0.445 -0.116 2.545
37 4 0.530 0.028 2.480
37 5 0.338 -0.175 2.529
37 6 0.250 -0.343 2.428
37 7 0.383 -0.446 2.318
37 8 0.450 -0.461 2.266
37 9 0.578 -0.253 2.590
37 10 0.673 -0.417 2.631
37 11 0.759 -0.497 2.472
37 12 0.801 -0.502 2.419
37 13 0.335 -0.394 2.496
37 14 0.250 -0.663 2.170
37 15 0.176 -0.833 2.039
37 16 0.116 -0.768 2.029
37 17 0.452 -0.437 2.535
37 18 0.347 -0.663 2.193
37 19 0.260 -0.848 2.073
37 20 0.169 -0.826 2.044
38 1 0.432 -0.355 2.523
38 2 0.422 -0.317 2.554
38 3 0.458 -0.117 2.537
38 4 0.541 0.026 2.481
38 5 0.356 -0.177 2.518
38 6 0.282 -0.330 2.417
38 7 0.446 -0.452 2.311
38 8 0.508 -0.467 2.275
38 9 0.613 -0.252 2.603
38 10 0.693 -0.409 2.627
38 11 0.767 -0.496 2.473
38 12 0.815 -0.498 2.413
38 13 0.371 -0.403 2.488
38 14 0.215 -0.586 2.223
38 15 0.134 -0.791 2.037
38 16 0.064 -0.768 2.019
38 17 0.489 -0.435 2.548
38 18 0.346 -0.669 2.197
38 19 0.249 -0.844 2.077
38 20 0.144 -0.812 2.054
39 1 0.450 -0.349 2.520
39 2 0.440 -0.312 2.548
39 3 0.474 -0.119 2.529
39 4 0.558 0.020 2.481
39 5 0.367 -0.180 2.511
39 6 0.306 -0.327 2.413
39 7 0.490 -0.465 2.314
39 8 0.538 -0.487 2.292
39 9 0.631 -0.249 2.609
39 10 0.704 -0.403 2.624
39 11 0.796 -0.485 2.452
39 12 0.842 -0.495 2.384
39 13 0.385 -0.402 2.481
39 14 0.179 -0.598 2.179
39 15 0.076 -0.766 2.019
39 16 0.063 -0.787 1.967
39 17 0.507 -0.431 2.552
39 18 0.346 -0.672 2.200
39 19 0.241 -0.838 2.080
39 20 0.145 -0.811 2.060
40 1 0.459 -0.347 2.518
40 2 0.449 -0.310 2.545
40 3 0.484 -0.121 2.523
40 4 0.568 0.017 2.482
40 5 0.376 -0.181 2.505
40 6 0.319 -0.327 2.410
40 7 0.483 -0.466 2.344
40 8 0.541 -0.496 2.322
40 9 0.646 -0.247 2.611
40 10 0.722 -0.405 2.598
40 11 0.813 -0.479 2.437
40 12 0.854 -0.493 2.372
40 13 0.393 -0.401 2.479
40 14 0.162 -0.558 2.237
40 15 0.041 -0.730 2.026
40 16 0.051 -0.776 1.964
40 17 0.516 -0.430 2.554
40 18 0.346 -0.673 2.200
40 19 0.237 -0.835 2.081
40 20 0.205 -0.784 2.048
41 1 0.467 -0.347 2.517
41 2 0.459 -0.309 2.541
41 3 0.496 -0.125 2.515
41 4 0.575 0.014 2.482
41 5 0.385 -0.184 2.499
41 6 0.332 -0.330 2.410
41 7 0.525 -0.478 2.353
41 8 0.590 -0.516 2.346
41 9 0.658 -0.246 2.609
41 10 0.746 -0.408 2.565
41 11 0.826 -0.479 2.421
41 12 0.883 -0.512 2.341
41 13 0.399 -0.402 2.477
41 14 0.157 -0.552 2.237
41 15 0.027 -0.731 2.010
41 16 0.005 -0.779 1.956
41 17 0.524 -0.429 2.555
41 18 0.348 -0.674 2.201
41 19 0.234 -0.833 2.081
41 20 0.219 -0.774 2.043
42 1 0.472 -0.347 2.516
42 2 0.467 -0.311 2.537
42 3 0.506 -0.129 2.509
42 4 0.581 0.012 2.481
42 5 0.398 -0.190 2.491
42 6 0.345 -0.335 2.412
42 7 0.548 -0.485 2.365
42 8 0.600 -0.524 2.355
42 9 0.669 -0.247 2.605
42 10 0.758 -0.411 2.549
42 11 0.834 -0.480 2.410
42 12 0.897 -0.520 2.318
42 13 0.403 -0.402 2.477
42 14 0.160 -0.531 2.253
42 15 0.017 -0.702 2.016
42 16 0.033 -0.747 1.954
42 17 0.529 -0.431 2.554
42 18 0.349 -0.675 2.200
42 19 0.235 -0.831 2.077
42 20 0.228 -0.766 2.055
43 1 0.479 -0.350 2.514
43 2 0.476 -0.314 2.532
43 3 0.517 -0.133 2.503
43 4 0.589 0.009 2.481
43 5 0.407 -0.194 2.485
43 6 0.404 -0.379 2.394
43 7 0.590 -0.509 2.366
43 8 0.629 -0.551 2.358
43 9 0.681 -0.251 2.595
43 10 0.774 -0.402 2.498
43 11 0.854 -0.482 2.353
43 12 0.916 -0.529 2.264
43 13 0.407 -0.403 2.476
43 14 0.157 -0.560 2.171
43 15 0.002 -0.708 1.993
43 16 -0.025 -0.735 1.922
43 17 0.534 -0.433 2.550
43 18 0.352 -0.675 2.197
43 19 0.240 -0.828 2.068
43 20 0.268 -0.818 2.015
44 1 0.485 -0.352 2.512
44 2 0.485 -0.317 2.527
44 3 0.528 -0.138 2.497
44 4 0.597 0.006 2.480
44 5 0.415 -0.197 2.481
44 6 0.445 -0.410 2.379
44 7 0.603 -0.515 2.368
44 8 0.638 -0.557 2.362
44 9 0.693 -0.255 2.583
44 10 0.775 -0.407 2.501
44 11 0.862 -0.492 2.326
44 12 0.922 -0.532 2.242
44 13 0.410 -0.404 2.476
44 14 0.155 -0.560 2.153
44 15 -0.034 -0.703 1.966
44 16 -0.073 -0.719 1.884
44 17 0.539 -0.436 2.546
44 18 0.363 -0.674 2.190
44 19 0.247 -0.822 2.059
44 20 0.226 -0.824 2.040
45 1 0.490 -0.355 2.511
45 2 0.493 -0.319 2.524
45 3 0.543 -0.146 2.493
45 4 0.605 0.003 2.480
45 5 0.424 -0.200 2.476
45 6 0.464 -0.422 2.373
45 7 0.610 -0.521 2.368
45 8 0.640 -0.558 2.363
45 9 0.704 -0.259 2.570
45 10 0.783 -0.407 2.488
45 11 0.865 -0.497 2.314
45 12 0.921 -0.535 2.225
45 13 0.414 -0.406 2.479
45 14 0.154 -0.562 2.140
45 15 -0.060 -0.681 1.959
45 16 -0.101 -0.691 1.871
45 17 0.543 -0.438 2.546
45 18 0.373 -0.671 2.186
45 19 0.252 -0.815 2.054
45 20 0.217 -0.829 2.036
46 1 0.502 -0.360 2.507
46 2 0.507 -0.324 2.517
46 3 0.554 -0.151 2.489
46 4 0.615 0.000 2.480
46 5 0.433 -0.202 2.471
46 6 0.474 -0.429 2.369
46 7 0.610 -0.525 2.366
46 8 0.636 -0.555 2.362
46 9 0.714 -0.262 2.552
46 10 0.793 -0.402 2.452
46 11 0.866 -0.499 2.300
46 12 0.915 -0.558 2.191
46 13 0.418 -0.408 2.480
46 14 0.189 -0.519 2.216
46 15 -0.023 -0.628 2.014
46 16 -0.010 -0.654 1.948
46 17 0.561 -0.444 2.531
46 18 0.378 -0.670 2.183
46 19 0.253 -0.807 2.047
46 20 0.197 -0.825 2.038
47 1 0.510 -0.364 2.507
47 2 0.517 -0.328 2.515
47 3 0.571 -0.156 2.484
47 4 0.630 -0.004 2.478
47 5 0.445 -0.205 2.465
47 6 0.480 -0.432 2.366
47 7 0.606 -0.530 2.360
47 8 0.638 -0.556 2.362
47 9 0.727 -0.273 2.528
47 10 0.804 -0.407 2.423
47 11 0.870 -0.521 2.261
47 12 0.911 -0.575 2.173
47 13 0.424 -0.411 2.488
47 14 0.196 -0.505 2.233
47 15 -0.025 -0.597 2.029
47 16 -0.015 -0.630 1.956
47 17 0.569 -0.448 2.530
47 18 0.381 -0.669 2.182
47 19 0.253 -0.794 2.040
47 20 0.185 -0.813 2.031
48 1 0.515 -0.368 2.508
48 2 0.524 -0.332 2.513
48 3 0.587 -0.161 2.478
48 4 0.646 -0.009 2.476
48 5 0.462 -0.208 2.457
48 6 0.479 -0.428 2.365
48 7 0.602 -0.533 2.356
48 8 0.639 -0.557 2.362
48 9 0.737 -0.280 2.512
48 10 0.810 -0.412 2.409
48 11 0.872 -0.532 2.244
48 12 0.906 -0.587 2.163
48 13 0.428 -0.414 2.494
48 14 0.201 -0.496 2.248
48 15 -0.023 -0.583 2.042
48 16 -0.003 -0.620 1.975
48 17 0.573 -0.451 2.530
48 18 0.383 -0.668 2.181
48 19 0.253 -0.786 2.036
48 20 0.165 -0.799 2.020
49 1 0.520 -0.372 2.509
49 2 0.530 -0.335 2.513
49 3 0.601 -0.164 2.474
49 4 0.671 -0.016 2.470
49 5 0.478 -0.212 2.450
49 6 0.476 -0.421 2.365
49 7 0.599 -0.535 2.353
49 8 0.639 -0.558 2.361
49 9 0.744 -0.286 2.500
49 10 0.847 -0.422 2.406
49 11 0.881 -0.541 2.251
49 12 0.896 -0.610 2.158
49 13 0.431 -0.416 2.499
49 14 0.200 -0.491 2.256
49 15 -0.023 -0.574 2.048
49 16 -0.002 -0.617 1.984
49 17 0.576 -0.453 2.530
49 18 0.384 -0.667 2.180
49 19 0.254 -0.783 2.032
49 20 0.158 -0.793 2.014
50 1 0.523 -0.376 2.509
50 2 0.535 -0.339 2.511
50 3 0.622 -0.169 2.466
50 4 0.691 -0.021 2.465
50 5 0.491 -0.213 2.446
50 6 0.473 -0.414 2.366
50 7 0.600 -0.538 2.352
50 8 0.643 -0.564 2.360
50 9 0.751 -0.292 2.488
50 10 0.853 -0.430 2.392
50 11 0.878 -0.570 2.234
50 12 0.883 -0.636 2.168
50 13 0.433 -0.417 2.502
50 14 0.197 -0.489 2.259
50 15 -0.025 -0.573 2.051
50 16 -0.011 -0.625 1.987
50 17 0.574 -0.457 2.527
50 18 0.371 -0.665 2.180
50 19 0.327 -0.844 2.071
50 20 0.238 -0.829 2.044
51 1 0.549 -0.393 2.484
51 2 0.564 -0.355 2.487
51 3 0.636 -0.171 2.462
51 4 0.706 -0.024 2.460
51 5 0.502 -0.215 2.442
51 6 0.472 -0.409 2.365
51 7 0.602 -0.542 2.352
51 8 0.646 -0.567 2.359
51 9 0.759 -0.296 2.475
51 10 0.862 -0.433 2.391
51 11 0.884 -0.571 2.264
51 12 0.894 -0.608 2.229
51 13 0.462 -0.428 2.480
51 14 0.193 -0.483 2.285
51 15 0.115 -0.682 2.082
51 16 0.042 -0.657 2.027
51 17 0.592 -0.471 2.495
51 18 0.370 -0.645 2.188
51 19 0.338 -0.860 2.086
51 20 0.307 -0.880 2.037
52 1 0.557 -0.395 2.466
52 2 0.575 -0.359 2.473
52 3 0.665 -0.174 2.455
52 4 0.716 -0.027 2.454
52 5 0.516 -0.217 2.440
52 6 0.471 -0.404 2.367
52 7 0.605 -0.544 2.351
52 8 0.648 -0.570 2.358
52 9 0.770 -0.301 2.459
52 10 0.869 -0.441 2.398
52 11 0.886 -0.574 2.274
52 12 0.894 -0.611 2.238
52 13 0.470 -0.420 2.454
52 14 0.167 -0.477 2.282
52 15 0.148 -0.712 2.084
52 16 0.074 -0.686 2.042
52 17 0.582 -0.467 2.458
52 18 0.370 -0.635 2.193
52 19 0.361 -0.892 2.114
52 20 0.370 -0.933 2.051
53 1 0.560 -0.395 2.456
53 2 0.580 -0.360 2.465
53 3 0.681 -0.175 2.452
53 4 0.726 -0.028 2.448
53 5 0.530 -0.217 2.440
53 6 0.474 -0.399 2.367
53 7 0.615 -0.545 2.347
53 8 0.658 -0.573 2.352
53 9 0.780 -0.304 2.448
53 10 0.874 -0.448 2.404
53 11 0.887 -0.577 2.278
53 12 0.896 -0.609 2.248
53 13 0.473 -0.414 2.442
53 14 0.153 -0.474 2.279
53 15 0.185 -0.741 2.084
53 16 0.104 -0.736 2.035
53 17 0.578 -0.465 2.443
53 18 0.369 -0.630 2.196
53 19 0.371 -0.906 2.126
53 20 0.392 -0.950 2.056
54 1 0.563 -0.394 2.450
54 2 0.585 -0.359 2.460
54 3 0.695 -0.176 2.450
54 4 0.738 -0.028 2.442
54 5 0.546 -0.217 2.443
54 6 0.477 -0.395 2.368
54 7 0.624 -0.546 2.343
54 8 0.667 -0.576 2.347
54 9 0.799 -0.304 2.435
54 10 0.881 -0.459 2.406
54 11 0.896 -0.586 2.282
54 12 0.908 -0.615 2.254
54 13 0.476 -0.411 2.436
54 14 0.142 -0.473 2.277
54 15 0.189 -0.742 2.081
54 16 0.117 -0.756 2.032
54 17 0.576 -0.463 2.435
54 18 0.369 -0.627 2.197
54 19 0.377 -0.914 2.133
54 20 0.404 -0.960 2.058
55 1 0.566 -0.392 2.446
55 2 0.590 -0.359 2.457
55 3 0.716 -0.176 2.452
55 4 0.773 -0.028 2.435
55 5 0.573 -0.213 2.449
55 6 0.483 -0.390 2.370
55 7 0.632 -0.545 2.341
55 8 0.674 -0.577 2.345
55 9 0.816 -0.301 2.429
55 10 0.888 -0.473 2.409
55 11 0.902 -0.592 2.284
55 12 0.916 -0.620 2.257
55 13 0.481 -0.408 2.434
55 14 0.136 -0.472 2.277
55 15 0.112 -0.709 2.056
55 16 0.100 -0.745 1.995
55 17 0.576 -0.462 2.431
55 18 0.370 -0.625 2.199
55 19 0.381 -0.920 2.138
55 20 0.406 -0.966 2.058
56 1 0.576 -0.388 2.445
56 2 0.602 -0.355 2.457
56 3 0.736 -0.178 2.456
56 4 0.795 -0.031 2.434
56 5 0.591 -0.212 2.454
56 6 0.489 -0.387 2.371
56 7 0.642 -0.544 2.341
56 8 0.682 -0.577 2.344
56 9 0.848 -0.295 2.427
56 10 0.891 -0.485 2.410
56 11 0.906 -0.599 2.285
56 12 0.895 -0.654 2.206
56 13 0.491 -0.405 2.437
56 14 0.108 -0.474 2.275
56 15 0.137 -0.724 2.062
56 16 0.094 -0.752 1.994
56 17 0.584 -0.457 2.432
56 18 0.370 -0.624 2.200
56 19 0.368 -0.912 2.132
56 20 0.377 -0.946 2.048
57 1 0.589 -0.384 2.449
57 2 0.617 -0.352 2.461
57 3 0.755 -0.179 2.462
57 4 0.811 -0.032 2.433
57 5 0.611 -0.211 2.461
57 6 0.506 -0.364 2.396
57 7 0.655 -0.529 2.354
57 8 0.694 -0.565 2.355
57 9 0.862 -0.292 2.426
57 10 0.889 -0.484 2.412
57 11 0.908 -0.597 2.284
57 12 0.875 -0.682 2.184
57 13 0.507 -0.403 2.446
57 14 0.101 -0.474 2.275
57 15 0.131 -0.716 2.062
57 16 0.087 -0.747 1.992
57 17 0.598 -0.453 2.439
57 18 0.373 -0.622 2.202
57 19 0.367 -0.909 2.132
57 20 0.372 -0.940 2.048
58 1 0.624 -0.379 2.454
58 2 0.650 -0.349 2.468
58 3 0.777 -0.182 2.470
58 4 0.838 -0.038 2.433
58 5 0.643 -0.215 2.474
58 6 0.516 -0.351 2.410
58 7 0.670 -0.512 2.371
58 8 0.709 -0.549 2.371
58 9 0.877 -0.292 2.430
58 10 0.896 -0.494 2.413
58 11 0.915 -0.605 2.284
58 12 0.868 -0.694 2.174
58 13 0.540 -0.397 2.457
58 14 0.213 -0.454 2.499
58 15 0.114 -0.634 2.217
58 16 0.098 -0.665 2.146
58 17 0.640 -0.450 2.440
58 18 0.387 -0.623 2.208
58 19 0.212 -0.792 2.095
58 20 0.160 -0.788 2.019
59 1 0.654 -0.372 2.456
59 2 0.677 -0.345 2.472
59 3 0.795 -0.186 2.479
59 4 0.856 -0.043 2.435
59 5 0.661 -0.218 2.482
59 6 0.523 -0.345 2.420
59 7 0.679 -0.504 2.383
59 8 0.717 -0.541 2.383
59 9 0.887 -0.292 2.435
59 10 0.899 -0.496 2.413
59 11 0.919 -0.607 2.285
59 12 0.865 -0.699 2.169
59 13 0.571 -0.383 2.459
59 14 0.240 -0.407 2.545
59 15 0.119 -0.550 2.298
59 16 0.117 -0.584 2.222
59 17 0.679 -0.443 2.439
59 18 0.402 -0.624 2.214
59 19 0.183 -0.761 2.084
59 20 0.125 -0.754 2.010
60 1 0.675 -0.366 2.460
60 2 0.698 -0.342 2.479
60 3 0.811 -0.192 2.489
60 4 0.870 -0.050 2.438
60 5 0.681 -0.224 2.495
60 6 0.526 -0.307 2.457
60 7 0.621 -0.424 2.359
60 8 0.671 -0.470 2.365
60 9 0.896 -0.293 2.440
60 10 0.902 -0.497 2.414
60 11 0.924 -0.608 2.286
60 12 0.863 -0.700 2.166
60 13 0.591 -0.375 2.464
60 14 0.281 -0.439 2.554
60 15 0.127 -0.543 2.322
60 16 0.140 -0.603 2.230
60 17 0.699 -0.439 2.439
60 18 0.424 -0.625 2.222
60 19 0.164 -0.741 2.078
60 20 0.123 -0.738 2.012
61 1 0.690 -0.374 2.469
61 2 0.715 -0.351 2.490
61 3 0.833 -0.203 2.503
61 4 0.890 -0.061 2.446
61 5 0.707 -0.245 2.510
61 6 0.534 -0.281 2.482
61 7 0.601 -0.391 2.350
61 8 0.649 -0.438 2.356
61 9 0.910 -0.298 2.451
61 10 0.910 -0.497 2.418
61 11 0.935 -0.610 2.290
61 12 0.865 -0.695 2.167
61 13 0.612 -0.398 2.486
61 14 0.314 -0.500 2.575
61 15 0.154 -0.627 2.314
61 16 0.159 -0.688 2.220
61 17 0.709 -0.438 2.440
61 18 0.446 -0.630 2.231
61 19 0.165 -0.732 2.076
61 20 0.141 -0.738 2.018
62 1 0.700 -0.383 2.477
62 2 0.726 -0.362 2.501
62 3 0.850 -0.216 2.517
62 4 0.920 -0.088 2.467
62 5 0.721 -0.256 2.520
62 6 0.537 -0.272 2.492
62 7 0.593 -0.377 2.346
62 8 0.641 -0.423 2.352
62 9 0.925 -0.307 2.466
62 10 0.923 -0.499 2.426
62 11 0.951 -0.614 2.299
62 12 0.868 -0.689 2.168
62 13 0.621 -0.409 2.495
62 14 0.295 -0.465 2.527
62 15 0.156 -0.606 2.318
62 16 0.159 -0.632 2.217
62 17 0.716 -0.443 2.444
62 18 0.466 -0.635 2.240
62 19 0.193 -0.715 2.086
62 20 0.109 -0.698 2.017
63 1 0.711 -0.401 2.491
63 2 0.738 -0.380 2.517
63 3 0.865 -0.229 2.530
63 4 0.932 -0.100 2.477
63 5 0.731 -0.266 2.529
63 6 0.539 -0.268 2.500
63 7 0.588 -0.368 2.345
63 8 0.636 -0.414 2.350
63 9 0.940 -0.320 2.481
63 10 0.940 -0.505 2.438
63 11 0.970 -0.622 2.310
63 12 0.871 -0.684 2.170
63 13 0.628 -0.422 2.506
63 14 0.317 -0.471 2.542
63 15 0.177 -0.596 2.290
63 16 0.184 -0.621 2.199
63 17 0.725 -0.462 2.458
63 18 0.498 -0.666 2.260
63 19 0.222 -0.686 2.096
63 20 0.181 -0.696 2.027
64 1 0.755 -0.428 2.507
64 2 0.778 -0.406 2.535
64 3 0.876 -0.241 2.542
64 4 0.954 -0.114 2.498
64 5 0.737 -0.275 2.539
64 6 0.541 -0.285 2.509
64 7 0.595 -0.378 2.345
64 8 0.635 -0.411 2.349
64 9 0.954 -0.332 2.496
64 10 0.957 -0.513 2.451
64 11 0.987 -0.632 2.323
64 12 0.877 -0.663 2.172
64 13 0.665 -0.451 2.513
64 14 0.346 -0.565 2.255
64 15 0.118 -0.598 2.068
64 16 0.086 -0.619 1.986
64 17 0.783 -0.493 2.475
64 18 0.486 -0.528 2.476
64 19 0.225 -0.545 2.271
64 20 0.214 -0.573 2.198
65 1 0.778 -0.442 2.515
65 2 0.797 -0.418 2.544
65 3 0.884 -0.254 2.556
65 4 0.963 -0.122 2.510
65 5 0.741 -0.282 2.548
65 6 0.549 -0.284 2.525
65 7 0.618 -0.401 2.352
65 8 0.646 -0.421 2.352
65 9 0.965 -0.345 2.512
65 10 0.971 -0.523 2.467
65 11 1.001 -0.643 2.338
65 12 0.882 -0.642 2.179
65 13 0.682 -0.465 2.516
65 14 0.364 -0.590 2.209
65 15 0.159 -0.630 2.057
65 16 0.099 -0.624 2.002
65 17 0.825 -0.513 2.486
65 18 0.508 -0.484 2.537
65 19 0.239 -0.453 2.365
65 20 0.215 -0.487 2.293
66 1 0.790 -0.448 2.521
66 2 0.807 -0.425 2.551
66 3 0.889 -0.265 2.570
66 4 0.971 -0.130 2.526
66 5 0.738 -0.283 2.568
66 6 0.552 -0.283 2.531
66 7 0.638 -0.419 2.358
66 8 0.670 -0.457 2.338
66 9 0.973 -0.357 2.526
66 10 0.981 -0.533 2.481
66 11 1.011 -0.653 2.353
66 12 0.949 -0.642 2.275
66 13 0.691 -0.472 2.519
66 14 0.372 -0.609 2.162
66 15 0.172 -0.642 2.050
66 16 0.097 -0.621 2.005
66 17 0.840 -0.520 2.491
66 18 0.511 -0.454 2.584
66 19 0.244 -0.419 2.410
66 20 0.213 -0.455 2.341
67 1 0.797 -0.452 2.525
67 2 0.813 -0.430 2.557
67 3 0.893 -0.272 2.580
67 4 0.975 -0.135 2.542
67 5 0.739 -0.287 2.578
67 6 0.555 -0.283 2.534
67 7 0.650 -0.428 2.361
67 8 0.687 -0.479 2.331
67 9 0.978 -0.366 2.538
67 10 0.989 -0.541 2.494
67 11 1.018 -0.662 2.365
67 12 0.982 -0.638 2.320
67 13 0.697 -0.476 2.521
67 14 0.373 -0.618 2.153
67 15 0.174 -0.570 2.072
67 16 0.148 -0.586 2.003
67 17 0.843 -0.524 2.499
67 18 0.508 -0.441 2.607
67 19 0.240 -0.416 2.424
67 20 0.220 -0.448 2.357
68 1 0.797 -0.455 2.532
68 2 0.813 -0.434 2.565
68 3 0.893 -0.279 2.592
68 4 0.976 -0.138 2.555
68 5 0.740 -0.290 2.584
68 6 0.560 -0.286 2.535
68 7 0.654 -0.432 2.363
68 8 0.694 -0.487 2.329
68 9 0.981 -0.374 2.550
68 10 0.993 -0.549 2.506
68 11 1.022 -0.669 2.377
68 12 1.000 -0.640 2.352
68 13 0.698 -0.480 2.524
68 14 0.374 -0.627 2.157
68 15 0.185 -0.543 2.074
68 16 0.126 -0.558 2.011
68 17 0.839 -0.525 2.507
68 18 0.503 -0.438 2.616
68 19 0.238 -0.411 2.438
68 20 0.227 -0.443 2.371
69 1 0.789 -0.470 2.547
69 2 0.803 -0.446 2.581
69 3 0.888 -0.284 2.607
69 4 0.974 -0.142 2.568
69 5 0.740 -0.294 2.589
69 6 0.563 -0.287 2.535
69 7 0.657 -0.435 2.364
69 8 0.699 -0.491 2.329
69 9 0.980 -0.380 2.563
69 10 0.993 -0.555 2.520
69 11 1.021 -0.675 2.391
69 12 1.008 -0.639 2.371
69 13 0.696 -0.495 2.535
69 14 0.376 -0.650 2.187
69 15 0.167 -0.482 2.104
69 16 0.095 -0.488 2.054
69 17 0.829 -0.536 2.522
69 18 0.490 -0.491 2.610
69 19 0.232 -0.451 2.440
69 20 0.235 -0.482 2.369
70 1 0.785 -0.477 2.555
70 2 0.799 -0.452 2.590
70 3 0.883 -0.287 2.619
70 4 0.968 -0.144 2.590
70 5 0.740 -0.297 2.592
70 6 0.563 -0.307 2.511
70 7 0.705 -0.451 2.368
70 8 0.724 -0.504 2.330
70 9 0.978 -0.384 2.574
70 10 0.991 -0.559 2.532
70 11 1.019 -0.679 2.403
70 12 1.013 -0.638 2.383
70 13 0.697 -0.502 2.540
70 14 0.378 -0.658 2.211
70 15 0.154 -0.450 2.133
70 16 0.080 -0.459 2.076
70 17 0.824 -0.543 2.540
70 18 0.485 -0.523 2.599
70 19 0.230 -0.476 2.434
70 20 0.241 -0.506 2.363
71 1 0.783 -0.482 2.560
71 2 0.795 -0.457 2.596
71 3 0.878 -0.288 2.628
71 4 0.964 -0.145 2.602
71 5 0.738 -0.301 2.593
71 6 0.563 -0.320 2.494
71 7 0.721 -0.458 2.370
71 8 0.733 -0.509 2.331
71 9 0.974 -0.387 2.584
71 10 0.988 -0.562 2.542
71 11 1.016 -0.682 2.413
71 12 1.018 -0.678 2.398
71 13 0.697 -0.507 2.543
71 14 0.378 -0.662 2.226
71 15 0.147 -0.438 2.147
71 16 0.071 -0.444 2.089
71 17 0.822 -0.548 2.548
71 18 0.403 -0.491 2.557
71 19 0.164 -0.468 2.393
71 20 0.180 -0.496 2.321
72 1 0.782 -0.485 2.565
72 2 0.793 -0.460 2.602
72 3 0.873 -0.288 2.635
72 4 0.960 -0.145 2.611
72 5 0.736 -0.304 2.594
72 6 0.564 -0.323 2.490
72 7 0.730 -0.460 2.371
72 8 0.739 -0.512 2.331
72 9 0.970 -0.388 2.592
72 10 0.984 -0.564 2.550
72 11 1.011 -0.684 2.422
72 12 1.019 -0.698 2.406
72 13 0.697 -0.510 2.546
72 14 0.273 -0.502 2.422
72 15 0.138 -0.465 2.164
72 16 0.065 -0.445 2.104
72 17 0.823 -0.550 2.554
72 18 0.378 -0.482 2.542
72 19 0.141 -0.464 2.376
72 20 0.160 -0.491 2.303
73 1 0.782 -0.486 2.570
73 2 0.792 -0.461 2.607
73 3 0.869 -0.288 2.641
73 4 0.958 -0.146 2.616
73 5 0.735 -0.306 2.594
73 6 0.566 -0.324 2.488
73 7 0.735 -0.461 2.373
73 8 0.743 -0.514 2.332
73 9 0.966 -0.389 2.599
73 10 0.980 -0.565 2.557
73 11 0.978 -0.494 2.362
73 12 0.991 -0.426 2.353
73 13 0.698 -0.513 2.549
73 14 0.258 -0.478 2.468
73 15 0.127 -0.472 2.179
73 16 0.057 -0.450 2.117
73 17 0.827 -0.550 2.562
73 18 0.367 -0.477 2.535
73 19 0.131 -0.463 2.369
73 20 0.151 -0.490 2.296
74 1 0.775 -0.483 2.579
74 2 0.786 -0.459 2.616
74 3 0.866 -0.287 2.645
74 4 0.956 -0.146 2.620
74 5 0.734 -0.307 2.595
74 6 0.568 -0.323 2.487
74 7 0.737 -0.461 2.374
74 8 0.744 -0.513 2.334
74 9 0.963 -0.389 2.604
74 10 0.976 -0.565 2.562
74 11 0.981 -0.423 2.381
74 12 1.001 -0.364 2.396
74 13 0.691 -0.509 2.558
74 14 0.235 -0.449 2.505
74 15 0.112 -0.482 2.187
74 16 0.091 -0.493 2.117
74 17 0.811 -0.541 2.579
74 18 0.351 -0.463 2.538
74 19 0.171 -0.477 2.312
74 20 0.182 -0.504 2.243
75 1 0.775 -0.482 2.584
75 2 0.785 -0.458 2.620
75 3 0.863 -0.287 2.647
75 4 0.955 -0.147 2.622
75 5 0.732 -0.309 2.594
75 6 0.569 -0.327 2.478
75 7 0.738 -0.461 2.375
75 8 0.745 -0.512 2.336
75 9 0.960 -0.389 2.607
75 10 0.973 -0.566 2.565
75 11 1.001 -0.375 2.403
75 12 1.013 -0.310 2.442
75 13 0.691 -0.510 2.560
75 14 0.227 -0.436 2.521
75 15 0.108 -0.486 2.191
75 16 0.111 -0.512 2.120
75 17 0.822 -0.546 2.594
75 18 0.355 -0.465 2.541
75 19 0.186 -0.487 2.296
75 20 0.201 -0.514 2.224
76 1 0.802 -0.491 2.567
76 2 0.799 -0.466 2.607
76 3 0.862 -0.287 2.648
76 4 0.955 -0.147 2.624
76 5 0.732 -0.310 2.592
76 6 0.571 -0.311 2.487
76 7 0.731 -0.452 2.380
76 8 0.746 -0.511 2.338
76 9 0.956 -0.403 2.639
76 10 0.970 -0.574 2.584
76 11 1.019 -0.351 2.429
76 12 1.026 -0.281 2.473
76 13 0.719 -0.519 2.536
76 14 0.252 -0.441 2.515
76 15 0.116 -0.493 2.194
76 16 0.111 -0.516 2.125
76 17 0.860 -0.559 2.569
76 18 0.400 -0.498 2.504
76 19 0.201 -0.498 2.274
76 20 0.223 -0.526 2.203
77 1 0.815 -0.496 2.560
77 2 0.808 -0.469 2.601
77 3 0.872 -0.293 2.639
77 4 0.954 -0.149 2.624
77 5 0.732 -0.314 2.587
77 6 0.573 -0.303 2.492
77 7 0.727 -0.448 2.382
77 8 0.747 -0.511 2.338
77 9 0.956 -0.412 2.650
77 10 0.970 -0.581 2.593
77 11 1.043 -0.354 2.455
77 12 1.047 -0.281 2.502
77 13 0.732 -0.524 2.526
77 14 0.267 -0.446 2.509
77 15 0.121 -0.498 2.196
77 16 0.106 -0.515 2.130
77 17 0.880 -0.569 2.556
77 18 0.421 -0.518 2.492
77 19 0.209 -0.504 2.264
77 20 0.235 -0.534 2.194
78 1 0.803 -0.496 2.574
78 2 0.809 -0.469 2.604
78 3 0.900 -0.305 2.625
78 4 0.954 -0.152 2.623
78 5 0.734 -0.319 2.582
78 6 0.575 -0.299 2.495
78 7 0.724 -0.445 2.383
78 8 0.747 -0.511 2.338
78 9 0.965 -0.421 2.653
78 10 0.979 -0.593 2.599
78 11 1.077 -0.378 2.474
78 12 1.078 -0.305 2.520
78 13 0.716 -0.520 2.536
78 14 0.266 -0.453 2.498
78 15 0.092 -0.521 2.282
78 16 0.055 -0.496 2.220
78 17 0.819 -0.579 2.592
78 18 0.381 -0.571 2.520
78 19 0.162 -0.545 2.295
78 20 0.185 -0.577 2.227
79 1 0.857 -0.491 2.649
79 2 0.861 -0.457 2.663
79 3 0.912 -0.310 2.618
79 4 0.968 -0.164 2.619
79 5 0.737 -0.325 2.576
79 6 0.588 -0.333 2.484
79 7 0.736 -0.473 2.371
79 8 0.792 -0.495 2.361
79 9 0.973 -0.429 2.653
79 10 0.987 -0.601 2.601
79 11 1.093 -0.394 2.481
79 12 1.094 -0.325 2.525
79 13 0.761 -0.522 2.643
79 14 0.329 -0.470 2.502
79 15 0.188 -0.572 2.344
79 16 0.107 -0.516 2.306
79 17 0.927 -0.569 2.698
79 18 0.478 -0.536 2.687
79 19 0.267 -0.526 2.452
79 20 0.277 -0.569 2.385
80 1 0.865 -0.499 2.623
80 2 0.873 -0.465 2.649
80 3 0.927 -0.318 2.609
80 4 0.984 -0.177 2.612
80 5 0.754 -0.347 2.562
80 6 0.606 -0.373 2.474
80 7 0.747 -0.512 2.353
80 8 0.810 -0.548 2.329
80 9 0.986 -0.439 2.647
80 10 0.999 -0.612 2.598
80 11 1.108 -0.413 2.480
80 12 1.108 -0.349 2.521
80 13 0.761 -0.532 2.607
80 14 0.340 -0.476 2.497
80 15 0.185 -0.585 2.352
80 16 0.113 -0.519 2.329
80 17 0.911 -0.577 2.626
80 18 0.474 -0.542 2.640
80 19 0.257 -0.531 2.423
80 20 0.271 -0.570 2.354
81 1 0.868 -0.503 2.616
81 2 0.875 -0.470 2.640
81 3 0.934 -0.322 2.605
81 4 1.007 -0.195 2.602
81 5 0.780 -0.365 2.549
81 6 0.624 -0.394 2.465
81 7 0.760 -0.535 2.338
81 8 0.824 -0.576 2.307
81 9 0.995 -0.445 2.642
81 10 1.007 -0.620 2.595
81 11 1.110 -0.460 2.494
81 12 1.123 -0.419 2.496
81 13 0.766 -0.536 2.604
81 14 0.345 -0.480 2.491
81 15 0.186 -0.589 2.349
81 16 0.116 -0.520 2.343
81 17 0.915 -0.579 2.622
81 18 0.478 -0.536 2.632
81 19 0.258 -0.527 2.414
81 20 0.274 -0.566 2.348
82 1 0.869 -0.516 2.594
82 2 0.876 -0.482 2.623
82 3 0.940 -0.327 2.600
82 4 1.030 -0.211 2.596
82 5 0.790 -0.374 2.545
82 6 0.634 -0.405 2.460
82 7 0.768 -0.547 2.331
82 8 0.832 -0.590 2.296
82 9 1.003 -0.452 2.634
82 10 1.015 -0.627 2.590
82 11 1.111 -0.482 2.500
82 12 1.128 -0.461 2.478
82 13 0.777 -0.554 2.578
82 14 0.358 -0.507 2.467
82 15 0.162 -0.529 2.384
82 16 0.111 -0.506 2.348
82 17 0.910 -0.586 2.591
82 18 0.474 -0.540 2.591
82 19 0.253 -0.533 2.370
82 20 0.271 -0.569 2.302
83 1 0.869 -0.523 2.583
83 2 0.876 -0.490 2.613
83 3 0.947 -0.333 2.594
83 4 1.051 -0.227 2.592
83 5 0.800 -0.381 2.542
83 6 0.642 -0.412 2.457
83 7 0.773 -0.554 2.326
83 8 0.836 -0.598 2.290
83 9 1.013 -0.458 2.625
83 10 1.025 -0.635 2.582
83 11 1.119 -0.487 2.483
83 12 1.148 -0.450 2.426
83 13 0.782 -0.561 2.573
83 14 0.362 -0.519 2.455
83 15 0.150 -0.506 2.392
83 16 0.103 -0.492 2.341
83 17 0.908 -0.593 2.574
83 18 0.471 -0.548 2.574
83 19 0.251 -0.543 2.353
83 20 0.269 -0.577 2.285
84 1 0.911 -0.551 2.642
84 2 0.912 -0.509 2.653
84 3 0.951 -0.337 2.591
84 4 1.067 -0.240 2.588
84 5 0.807 -0.386 2.541
84 6 0.648 -0.416 2.455
84 7 0.777 -0.559 2.323
84 8 0.839 -0.604 2.286
84 9 1.019 -0.463 2.619
84 10 1.031 -0.639 2.577
84 11 1.123 -0.488 2.469
84 12 1.156 -0.443 2.403
84 13 0.817 -0.587 2.631
84 14 0.400 -0.538 2.457
84 15 0.186 -0.489 2.408
84 16 0.117 -0.486 2.346
84 17 0.996 -0.618 2.689
84 18 0.540 -0.558 2.680
84 19 0.319 -0.535 2.527
84 20 0.318 -0.581 2.426
85 1 0.933 -0.565 2.674
85 2 0.932 -0.520 2.678
85 3 0.953 -0.339 2.589
85 4 1.075 -0.248 2.586
85 5 0.813 -0.391 2.540
85 6 0.653 -0.419 2.452
85 7 0.780 -0.563 2.320
85 8 0.842 -0.608 2.282
85 9 1.023 -0.466 2.615
85 10 1.035 -0.643 2.574
85 11 1.126 -0.487 2.460
85 12 1.160 -0.437 2.391
85 13 0.838 -0.602 2.663
85 14 0.417 -0.547 2.457
85 15 0.210 -0.482 2.409
85 16 0.191 -0.519 2.340
85 17 1.019 -0.626 2.715
85 18 0.580 -0.563 2.747
85 19 0.335 -0.536 2.560
85 20 0.344 -0.582 2.497
86 1 0.941 -0.571 2.685
86 2 0.940 -0.524 2.685
86 3 0.955 -0.341 2.588
86 4 1.081 -0.253 2.584
86 5 0.816 -0.394 2.540
86 6 0.657 -0.421 2.451
86 7 0.783 -0.565 2.318
86 8 0.843 -0.611 2.280
86 9 1.026 -0.468 2.613
86 10 1.038 -0.645 2.572
86 11 1.127 -0.486 2.454
86 12 1.163 -0.432 2.384
86 13 0.845 -0.608 2.674
86 14 0.428 -0.552 2.458
86 15 0.221 -0.479 2.406
86 16 0.229 -0.535 2.330
86 17 1.033 -0.632 2.736
86 18 0.594 -0.566 2.768
86 19 0.346 -0.536 2.589
86 20 0.353 -0.584 2.524
87 1 0.892 -0.558 2.610
87 2 0.902 -0.524 2.633
87 3 0.956 -0.345 2.589
87 4 1.083 -0.258 2.583
87 5 0.818 -0.396 2.541
87 6 0.660 -0.422 2.450
87 7 0.785 -0.567 2.317
87 8 0.844 -0.613 2.278
87 9 1.028 -0.470 2.611
87 10 1.040 -0.648 2.571
87 11 1.129 -0.486 2.451
87 12 1.164 -0.428 2.383
87 13 0.808 -0.587 2.590
87 14 0.410 -0.551 2.448
87 15 0.201 -0.490 2.345
87 16 0.232 -0.546 2.271
87 17 0.931 -0.623 2.609
87 18 0.509 -0.562 2.636
87 19 0.233 -0.526 2.430
87 20 0.271 -0.565 2.398
88 1 0.915 -0.564 2.650
88 2 0.917 -0.526 2.657
88 3 0.957 -0.349 2.593
88 4 1.085 -0.262 2.586
88 5 0.819 -0.397 2.542
88 6 0.663 -0.422 2.450
88 7 0.787 -0.568 2.317
88 8 0.844 -0.614 2.277
88 9 1.030 -0.472 2.611
88 10 1.042 -0.650 2.571
88 11 1.130 -0.486 2.450
88 12 1.164 -0.425 2.387
88 13 0.828 -0.594 2.630
88 14 0.415 -0.552 2.450
88 15 0.215 -0.494 2.333
88 16 0.249 -0.553 2.260
88 17 0.983 -0.631 2.689
88 18 0.541 -0.570 2.709
88 19 0.285 -0.533 2.539
88 20 0.300 -0.575 2.476
89 1 0.920 -0.564 2.659
89 2 0.921 -0.527 2.664
89 3 0.961 -0.351 2.600
89 4 1.086 -0.265 2.587
89 5 0.821 -0.399 2.544
89 6 0.665 -0.421 2.451
89 7 0.788 -0.567 2.318
89 8 0.843 -0.614 2.278
89 9 1.033 -0.474 2.613
89 10 1.045 -0.652 2.573
89 11 1.131 -0.485 2.450
89 12 1.165 -0.421 2.395
89 13 0.833 -0.595 2.640
89 14 0.420 -0.553 2.452
89 15 0.225 -0.497 2.326
89 16 0.260 -0.557 2.254
89 17 0.990 -0.634 2.697
89 18 0.549 -0.574 2.726
89 19 0.292 -0.537 2.556
89 20 0.308 -0.579 2.494
90 1 0.913 -0.526 2.703
90 2 0.920 -0.493 2.699
90 3 0.964 -0.355 2.605
90 4 1.092 -0.271 2.600
90 5 0.822 -0.401 2.547
90 6 0.666 -0.419 2.454
90 7 0.790 -0.565 2.321
90 8 0.842 -0.613 2.280
90 9 1.037 -0.477 2.616
90 10 1.048 -0.655 2.575
90 11 1.133 -0.485 2.450
90 12 1.167 -0.420 2.401
90 13 0.814 -0.539 2.702
90 14 0.405 -0.483 2.522
90 15 0.217 -0.498 2.315
90 16 0.246 -0.561 2.250
90 17 0.977 -0.597 2.755
90 18 0.546 -0.575 2.738
90 19 0.290 -0.538 2.566
90 20 0.301 -0.586 2.510
91 1 0.864 -0.554 2.678
91 2 0.883 -0.516 2.683
91 3 0.967 -0.360 2.610
91 4 1.093 -0.275 2.607
91 5 0.823 -0.403 2.550
91 6 0.671 -0.425 2.455
91 7 0.791 -0.573 2.319
91 8 0.837 -0.623 2.276
91 9 1.039 -0.481 2.619
91 10 1.051 -0.658 2.578
91 11 1.135 -0.486 2.452
91 12 1.168 -0.421 2.408
91 13 0.751 -0.577 2.658
91 14 0.345 -0.524 2.513
91 15 0.230 -0.500 2.286
91 16 0.204 -0.536 2.219
91 17 0.919 -0.627 2.715
91 18 0.543 -0.579 2.744
91 19 0.287 -0.542 2.571
91 20 0.298 -0.589 2.516
92 1 0.832 -0.544 2.612
92 2 0.853 -0.515 2.630
92 3 0.969 -0.364 2.613
92 4 1.095 -0.280 2.612
92 5 0.825 -0.407 2.553
92 6 0.675 -0.429 2.455
92 7 0.791 -0.578 2.318
92 8 0.834 -0.630 2.274
92 9 1.042 -0.485 2.622
92 10 1.054 -0.662 2.580
92 11 1.136 -0.487 2.454
92 12 1.169 -0.422 2.414
92 13 0.703 -0.563 2.580
92 14 0.275 -0.551 2.477
92 15 0.218 -0.497 2.247
92 16 0.145 -0.516 2.179
92 17 0.891 -0.601 2.619
92 18 0.509 -0.501 2.632
92 19 0.256 -0.467 2.456
92 20 0.275 -0.502 2.388
93 1 0.817 -0.562 2.622
93 2 0.840 -0.531 2.632
93 3 0.968 -0.377 2.618
93 4 1.093 -0.289 2.619
93 5 0.828 -0.414 2.556
93 6 0.678 -0.433 2.456
93 7 0.792 -0.582 2.317
93 8 0.832 -0.635 2.272
93 9 1.042 -0.494 2.626
93 10 1.054 -0.671 2.585
93 11 1.137 -0.493 2.458
93 12 1.168 -0.430 2.421
93 13 0.695 -0.590 2.599
93 14 0.260 -0.563 2.473
93 15 -0.023 -0.518 2.195
93 16 -0.041 -0.524 2.127
93 17 0.876 -0.624 2.658
93 18 0.499 -0.546 2.676
93 19 0.249 -0.514 2.498
93 20 0.266 -0.556 2.436
94 1 0.819 -0.571 2.629
94 2 0.843 -0.538 2.639
94 3 0.997 -0.384 2.636
94 4 1.102 -0.291 2.620
94 5 0.830 -0.418 2.558
94 6 0.680 -0.436 2.457
94 7 0.792 -0.586 2.316
94 8 0.830 -0.638 2.271
94 9 1.062 -0.501 2.641
94 10 1.074 -0.679 2.599
94 11 1.156 -0.498 2.473
94 12 1.185 -0.437 2.438
94 13 0.691 -0.601 2.602
94 14 0.253 -0.572 2.470
94 15 -0.052 -0.518 2.174
94 16 -0.085 -0.543 2.107
94 17 0.872 -0.629 2.662
94 18 0.494 -0.571 2.700
94 19 0.245 -0.539 2.520
94 20 0.264 -0.581 2.457
95 1 0.946 -0.488 2.661
95 2 0.950 -0.476 2.664
95 3 1.010 -0.425 2.646
95 4 1.104 -0.303 2.625
95 5 0.832 -0.422 2.559
95 6 0.682 -0.438 2.457
95 7 0.792 -0.588 2.315
95 8 0.829 -0.641 2.270
95 9 1.076 -0.536 2.654
95 10 1.088 -0.713 2.611
95 11 1.171 -0.532 2.487
95 12 1.198 -0.471 2.452
95 13 0.819 -0.554 2.629
95 14 0.365 -0.487 2.530
95 15 0.179 -0.511 2.320
95 16 0.178 -0.566 2.268
95 17 0.930 -0.569 2.787
95 18 0.496 -0.585 2.715
95 19 0.247 -0.554 2.535
95 20 0.259 -0.606 2.480
96 1 0.781 -0.509 2.598
96 2 0.797 -0.499 2.610
96 3 0.895 -0.468 2.614
96 4 1.065 -0.348 2.634
96 5 0.827 -0.425 2.560
96 6 0.681 -0.439 2.458
96 7 0.789 -0.590 2.315
96 8 0.824 -0.643 2.269
96 9 0.994 -0.585 2.638
96 10 1.007 -0.762 2.595
96 11 1.090 -0.580 2.472
96 12 1.116 -0.520 2.436
96 13 0.575 -0.527 2.491
96 14 0.180 -0.490 2.371
96 15 0.370 -0.535 2.358
96 16 0.261 -0.554 2.290
96 17 0.781 -0.584 2.683
96 18 0.468 -0.603 2.746
96 19 0.218 -0.572 2.566
96 20 0.236 -0.618 2.504
97 1 0.766 -0.499 2.587
97 2 0.779 -0.494 2.601
97 3 0.865 -0.488 2.606
97 4 1.044 -0.372 2.639
97 5 0.825 -0.428 2.560
97 6 0.680 -0.441 2.458
97 7 0.788 -0.591 2.315
97 8 0.822 -0.644 2.270
97 9 0.950 -0.608 2.626
97 10 0.962 -0.786 2.583
97 11 1.045 -0.603 2.460
97 12 1.071 -0.544 2.424
97 13 0.561 -0.516 2.472
97 14 0.139 -0.480 2.329
97 15 0.423 -0.540 2.386
97 16 0.359 -0.554 2.335
97 17 0.760 -0.575 2.681
97 18 0.459 -0.611 2.760
97 19 0.209 -0.580 2.580
97 20 0.228 -0.625 2.515
98 1 0.746 -0.497 2.579
98 2 0.761 -0.494 2.594
98 3 0.858 -0.486 2.601
98 4 1.040 -0.379 2.641
98 5 0.825 -0.429 2.561
98 6 0.679 -0.441 2.461
98 7 0.789 -0.592 2.319
98 8 0.824 -0.644 2.275
98 9 0.937 -0.618 2.623
98 10 0.949 -0.795 2.581
98 11 1.032 -0.613 2.458
98 12 1.058 -0.553 2.422
98 13 0.531 -0.508 2.456
98 14 0.112 -0.475 2.306
98 15 0.462 -0.545 2.381
98 16 0.387 -0.553 2.332
98 17 0.739 -0.573 2.669
98 18 0.454 -0.616 2.768
98 19 0.203 -0.585 2.588
98 20 0.222 -0.629 2.522
99 1 0.735 -0.496 2.575
99 2 0.750 -0.493 2.590
99 3 0.856 -0.482 2.599
99 4 1.043 -0.377 2.644
99 5 0.863 -0.431 2.568
99 6 0.699 -0.441 2.470
99 7 0.815 -0.591 2.331
99 8 0.853 -0.641 2.289
99 9 0.929 -0.620 2.621
99 10 0.942 -0.798 2.578
99 11 1.025 -0.616 2.456
99 12 1.051 -0.556 2.419
99 13 0.532 -0.509 2.460
99 14 0.096 -0.472 2.293
99 15 0.467 -0.546 2.379
99 16 0.392 -0.552 2.330
99 17 0.729 -0.572 2.663
99 18 0.450 -0.620 2.773
99 19 0.200 -0.589 2.593
99 20 0.219 -0.632 2.527
100 1 0.693 -0.500 2.564
100 2 0.722 -0.493 2.584
100 3 0.857 -0.476 2.598
100 4 1.049 -0.370 2.645
100 5 0.839 -0.429 2.563
100 6 0.691 -0.439 2.471
100 7 0.809 -0.589 2.334
100 8 0.848 -0.639 2.292
100 9 0.929 -0.616 2.619
100 10 0.942 -0.794 2.577
100 11 1.025 -0.612 2.454
100 12 1.051 -0.553 2.417
100 13 0.508 -0.491 2.466
100 14 0.083 -0.469 2.291
100 15 0.443 -0.533 2.378
100 16 0.370 -0.542 2.327
100 17 0.724 -0.559 2.624
100 18 0.449 -0.622 2.777
100 19 0.199 -0.591 2.597
100 20 0.218 -0.633 2.531
101 1 0.713 -0.504 2.579
101 2 0.733 -0.492 2.596
101 3 0.868 -0.462 2.600
101 4 1.057 -0.361 2.646
101 5 0.826 -0.428 2.560
101 6 0.684 -0.439 2.472
101 7 0.805 -0.588 2.335
101 8 0.845 -0.638 2.293
101 9 0.935 -0.606 2.619
101 10 0.947 -0.784 2.577
101 11 1.030 -0.603 2.454
101 12 1.057 -0.543 2.417
101 13 0.518 -0.497 2.476
101 14 0.086 -0.472 2.300
101 15 0.459 -0.540 2.379
101 16 0.385 -0.545 2.329
101 17 0.737 -0.571 2.638
101 18 0.448 -0.623 2.780
101 19 0.197 -0.592 2.600
101 20 0.216 -0.633 2.532
102 1 0.820 -0.556 2.641
102 2 0.835 -0.530 2.651
102 3 0.935 -0.439 2.624
102 4 1.083 -0.339 2.647
102 5 0.817 -0.428 2.558
102 6 0.678 -0.440 2.470
102 7 0.801 -0.589 2.335
102 8 0.842 -0.638 2.294
102 9 1.003 -0.575 2.640
102 10 1.015 -0.753 2.598
102 11 1.098 -0.573 2.475
102 12 1.126 -0.512 2.437
102 13 0.695 -0.579 2.614
102 14 0.246 -0.554 2.432
102 15 0.029 -0.522 2.212
102 16 0.000 -0.553 2.136
102 17 0.867 -0.624 2.674
102 18 0.475 -0.615 2.765
102 19 0.223 -0.584 2.586
102 20 0.239 -0.627 2.521
103 1 0.850 -0.571 2.659
103 2 0.867 -0.542 2.668
103 3 0.979 -0.427 2.637
103 4 1.094 -0.331 2.648
103 5 0.816 -0.429 2.557
103 6 0.677 -0.441 2.469
103 7 0.802 -0.589 2.336
103 8 0.844 -0.638 2.295
103 9 1.040 -0.561 2.650
103 10 1.053 -0.738 2.608
103 11 1.136 -0.558 2.485
103 12 1.164 -0.498 2.447
103 13 0.725 -0.591 2.642
103 14 0.301 -0.582 2.478
103 15 -0.003 -0.511 2.200
103 16 -0.034 -0.545 2.121
103 17 0.903 -0.640 2.680
103 18 0.491 -0.611 2.756
103 19 0.239 -0.579 2.576
103 20 0.253 -0.623 2.513
104 1 0.872 -0.583 2.671
104 2 0.889 -0.551 2.678
104 3 0.996 -0.423 2.642
104 4 1.100 -0.326 2.648
104 5 0.817 -0.429 2.558
104 6 0.676 -0.441 2.469
104 7 0.802 -0.589 2.336
104 8 0.844 -0.638 2.295
104 9 1.058 -0.554 2.655
104 10 1.070 -0.731 2.613
104 11 1.153 -0.552 2.490
104 12 1.181 -0.491 2.451
104 13 0.754 -0.605 2.662
104 14 0.334 -0.599 2.505
104 15 -0.057 -0.504 2.180
104 16 -0.052 -0.541 2.115
104 17 0.929 -0.652 2.687
104 18 0.500 -0.608 2.750
104 19 0.248 -0.576 2.571
104 20 0.261 -0.620 2.507
105 1 0.884 -0.588 2.678
105 2 0.900 -0.556 2.684
105 3 1.007 -0.422 2.645
105 4 1.103 -0.324 2.649
105 5 0.821 -0.430 2.559
105 6 0.676 -0.442 2.470
105 7 0.802 -0.589 2.337
105 8 0.844 -0.639 2.295
105 9 1.070 -0.551 2.658
105 10 1.082 -0.728 2.615
105 11 1.165 -0.549 2.492
105 12 1.193 -0.489 2.454
105 13 0.753 -0.607 2.659
105 14 0.352 -0.608 2.520
105 15 -0.056 -0.502 2.181
105 16 -0.052 -0.541 2.116
105 17 0.937 -0.656 2.691
105 18 0.506 -0.606 2.747
105 19 0.253 -0.574 2.567
105 20 0.266 -0.618 2.504
106 1 0.895 -0.527 2.648
106 2 0.914 -0.514 2.661
106 3 1.014 -0.425 2.645
106 4 1.106 -0.322 2.649
106 5 0.825 -0.430 2.561
106 6 0.676 -0.442 2.470
106 7 0.802 -0.589 2.337
106 8 0.843 -0.639 2.295
106 9 1.078 -0.550 2.659
106 10 1.090 -0.727 2.617
106 11 1.173 -0.548 2.494
106 12 1.201 -0.487 2.455
106 13 0.735 -0.531 2.548
106 14 0.331 -0.590 2.491
106 15 -0.055 -0.500 2.181
106 16 -0.051 -0.540 2.116
106 17 0.875 -0.585 2.706
106 18 0.465 -0.461 2.641
106 19 0.212 -0.428 2.461
106 20 0.226 -0.470 2.395
107 1 0.907 -0.534 2.656
107 2 0.922 -0.513 2.662
107 3 1.012 -0.429 2.643
107 4 1.107 -0.321 2.649
107 5 0.828 -0.430 2.562
107 6 0.676 -0.442 2.470
107 7 0.801 -0.590 2.337
107 8 0.842 -0.639 2.295
107 9 1.082 -0.549 2.660
107 10 1.095 -0.727 2.618
107 11 1.178 -0.547 2.494
107 12 1.206 -0.487 2.456
107 13 0.763 -0.582 2.571
107 14 0.335 -0.593 2.489
107 15 -0.052 -0.498 2.182
107 16 -0.051 -0.539 2.116
107 17 0.897 -0.617 2.740
107 18 0.489 -0.537 2.685
107 19 0.236 -0.505 2.505
107 20 0.249 -0.549 2.441
108 1 0.765 -0.508 2.585
108 2 0.781 -0.497 2.598
108 3 0.881 -0.451 2.604
108 4 1.061 -0.347 2.648
108 5 0.830 -0.429 2.563
108 6 0.677 -0.442 2.471
108 7 0.801 -0.590 2.337
108 8 0.841 -0.639 2.294
108 9 0.988 -0.567 2.630
108 10 1.000 -0.744 2.588
108 11 1.083 -0.565 2.464
108 12 1.111 -0.505 2.426
108 13 0.576 -0.526 2.470
108 14 0.176 -0.517 2.349
108 15 0.334 -0.514 2.334
108 16 0.300 -0.530 2.292
108 17 0.769 -0.580 2.660
108 18 0.456 -0.561 2.712
108 19 0.202 -0.528 2.532
108 20 0.220 -0.568 2.466
109 1 0.877 -0.432 2.646
109 2 0.897 -0.426 2.648
109 3 0.973 -0.449 2.626
109 4 1.075 -0.340 2.653
109 5 0.832 -0.429 2.564
109 6 0.677 -0.441 2.471
109 7 0.800 -0.590 2.336
109 8 0.839 -0.639 2.294
109 9 1.022 -0.573 2.636
109 10 1.034 -0.750 2.594
109 11 1.117 -0.570 2.470
109 12 1.145 -0.510 2.432
109 13 0.723 -0.373 2.610
109 14 0.264 -0.431 2.484
109 15 0.435 -0.500 2.368
109 16 0.369 -0.525 2.313
109 17 0.894 -0.465 2.715
109 18 0.474 -0.457 2.652
109 19 0.221 -0.424 2.471
109 20 0.215 -0.486 2.429
110 1 0.759 -0.486 2.587
110 2 0.778 -0.475 2.601
110 3 0.890 -0.457 2.608
110 4 1.059 -0.350 2.653
110 5 0.833 -0.429 2.565
110 6 0.678 -0.441 2.471
110 7 0.799 -0.590 2.336
110 8 0.838 -0.640 2.293
110 9 0.971 -0.580 2.625
110 10 0.984 -0.757 2.583
110 11 1.067 -0.578 2.460
110 12 1.094 -0.518 2.422
110 13 0.564 -0.494 2.476
110 14 0.157 -0.453 2.358
110 15 0.492 -0.503 2.405
110 16 0.426 -0.522 2.350
110 17 0.770 -0.552 2.652
110 18 0.458 -0.539 2.719
110 19 0.204 -0.506 2.538
110 20 0.213 -0.543 2.477
111 1 0.736 -0.466 2.551
111 2 0.749 -0.464 2.570
111 3 0.849 -0.457 2.589
111 4 1.048 -0.356 2.651
111 5 0.835 -0.429 2.565
111 6 0.679 -0.441 2.472
111 7 0.799 -0.590 2.335
111 8 0.837 -0.640 2.292
111 9 0.943 -0.582 2.613
111 10 0.955 -0.759 2.571
111 11 1.038 -0.579 2.448
111 12 1.066 -0.520 2.410
111 13 0.544 -0.464 2.444
111 14 0.118 -0.454 2.300
111 15 0.497 -0.494 2.406
111 16 0.429 -0.514 2.351
111 17 0.740 -0.509 2.598
111 18 0.431 -0.481 2.633
111 19 0.176 -0.449 2.452
111 20 0.198 -0.489 2.393
112 1 0.716 -0.495 2.551
112 2 0.731 -0.480 2.567
112 3 0.836 -0.459 2.584
112 4 1.043 -0.358 2.650
112 5 0.836 -0.430 2.565
112 6 0.679 -0.441 2.472
112 7 0.798 -0.590 2.335
112 8 0.835 -0.640 2.291
112 9 0.931 -0.584 2.609
112 10 0.944 -0.761 2.567
112 11 1.027 -0.581 2.444
112 12 1.054 -0.521 2.406
112 13 0.529 -0.499 2.438
112 14 0.100 -0.459 2.279
112 15 0.493 -0.499 2.415
112 16 0.427 -0.516 2.357
112 17 0.733 -0.560 2.612
112 18 0.431 -0.549 2.695
112 19 0.176 -0.516 2.513
112 20 0.199 -0.552 2.447
113 1 0.704 -0.508 2.548
113 2 0.721 -0.492 2.568
113 3 0.829 -0.460 2.582
113 4 1.040 -0.360 2.650
113 5 0.836 -0.430 2.566
113 6 0.680 -0.441 2.472
113 7 0.798 -0.590 2.335
113 8 0.834 -0.640 2.290
113 9 0.924 -0.585 2.606
113 10 0.936 -0.762 2.564
113 11 1.019 -0.583 2.441
113 12 1.047 -0.523 2.403
113 13 0.522 -0.514 2.436
113 14 0.092 -0.467 2.269
113 15 0.490 -0.499 2.419
113 16 0.424 -0.515 2.360
113 17 0.722 -0.575 2.607
113 18 0.433 -0.589 2.732
113 19 0.178 -0.556 2.550
113 20 0.202 -0.590 2.480
114 1 0.721 -0.495 2.534
114 2 0.727 -0.488 2.559
114 3 0.829 -0.459 2.579
114 4 1.038 -0.361 2.649
114 5 0.837 -0.430 2.566
114 6 0.681 -0.441 2.473
114 7 0.797 -0.590 2.334
114 8 0.833 -0.641 2.289
114 9 0.919 -0.586 2.604
114 10 0.931 -0.763 2.561
114 11 1.014 -0.583 2.438
114 12 1.042 -0.523 2.400
114 13 0.532 -0.508 2.425
114 14 0.093 -0.471 2.262
114 15 0.469 -0.492 2.405
114 16 0.403 -0.510 2.346
114 17 0.731 -0.544 2.571
114 18 0.437 -0.464 2.607
114 19 0.181 -0.431 2.426
114 20 0.213 -0.464 2.359
115 1 0.722 -0.492 2.529
115 2 0.727 -0.487 2.556
115 3 0.830 -0.456 2.577
115 4 1.037 -0.362 2.649
115 5 0.838 -0.431 2.566
115 6 0.682 -0.441 2.473
115 7 0.797 -0.591 2.334
115 8 0.832 -0.641 2.289
115 9 0.915 -0.585 2.602
115 10 0.927 -0.763 2.559
115 11 1.010 -0.583 2.436
115 12 1.038 -0.523 2.398
115 13 0.540 -0.507 2.423
115 14 0.099 -0.476 2.263
115 15 0.452 -0.488 2.395
115 16 0.387 -0.508 2.336
115 17 0.736 -0.528 2.556
115 18 0.430 -0.452 2.591
115 19 0.175 -0.420 2.409
115 20 0.208 -0.450 2.340
116 1 0.724 -0.505 2.549
116 2 0.733 -0.495 2.572
116 3 0.835 -0.455 2.579
116 4 1.036 -0.363 2.648
116 5 0.838 -0.431 2.567
116 6 0.682 -0.441 2.473
116 7 0.796 -0.591 2.334
116 8 0.831 -0.641 2.288
116 9 0.913 -0.585 2.600
116 10 0.926 -0.762 2.558
116 11 1.008 -0.582 2.435
116 12 1.036 -0.523 2.397
116 13 0.547 -0.517 2.449
116 14 0.108 -0.486 2.276
116 15 0.440 -0.490 2.394
116 16 0.375 -0.509 2.333
116 17 0.746 -0.558 2.598
116 18 0.438 -0.541 2.685
116 19 0.182 -0.508 2.502
116 20 0.204 -0.544 2.434
117 1 0.717 -0.514 2.555
117 2 0.732 -0.501 2.579
117 3 0.841 -0.453 2.583
117 4 1.036 -0.362 2.648
117 5 0.839 -0.431 2.567
117 6 0.683 -0.441 2.474
117 7 0.796 -0.591 2.333
117 8 0.831 -0.641 2.288
117 9 0.913 -0.584 2.601
117 10 0.926 -0.761 2.558
117 11 1.009 -0.582 2.435
117 12 1.036 -0.522 2.397
117 13 0.552 -0.521 2.470
117 14 0.116 -0.494 2.292
117 15 0.432 -0.491 2.394
117 16 0.368 -0.510 2.333
117 17 0.755 -0.563 2.596
117 18 0.459 -0.574 2.715
117 19 0.202 -0.541 2.532
117 20 0.223 -0.576 2.463
118 1 0.815 -0.565 2.630
118 2 0.832 -0.537 2.648
118 3 0.956 -0.426 2.629
118 4 1.082 -0.335 2.650
118 5 0.839 -0.431 2.568
118 6 0.684 -0.441 2.474
118 7 0.796 -0.591 2.333
118 8 0.830 -0.641 2.288
118 9 1.008 -0.559 2.637
118 10 1.021 -0.736 2.595
118 11 1.104 -0.556 2.472
118 12 1.131 -0.497 2.434
118 13 0.689 -0.590 2.584
118 14 0.236 -0.555 2.411
118 15 0.438 -0.480 2.388
118 16 0.371 -0.503 2.329
118 17 0.858 -0.629 2.671
118 18 0.477 -0.595 2.732
118 19 0.221 -0.563 2.549
118 20 0.240 -0.602 2.481
119 1 0.855 -0.579 2.659
119 2 0.872 -0.549 2.675
119 3 0.994 -0.420 2.647
119 4 1.101 -0.325 2.652
119 5 0.839 -0.431 2.569
119 6 0.685 -0.441 2.474
119 7 0.796 -0.591 2.332
119 8 0.830 -0.642 2.287
119 9 1.056 -0.548 2.658
119 10 1.069 -0.725 2.616
119 11 1.152 -0.546 2.493
119 12 1.179 -0.486 2.455
119 13 0.733 -0.613 2.613
119 14 0.303 -0.588 2.473
119 15 0.447 -0.472 2.383
119 16 0.377 -0.497 2.326
119 17 0.897 -0.653 2.719
119 18 0.486 -0.606 2.741
119 19 0.230 -0.574 2.558
119 20 0.248 -0.614 2.491
120 1 0.898 -0.539 2.646
120 2 0.912 -0.520 2.670
120 3 1.014 -0.416 2.658
120 4 1.110 -0.319 2.653
120 5 0.840 -0.431 2.569
120 6 0.689 -0.445 2.471
120 7 0.797 -0.595 2.329
120 8 0.831 -0.645 2.283
120 9 1.077 -0.543 2.667
120 10 1.089 -0.720 2.625
120 11 1.172 -0.541 2.502
120 12 1.199 -0.481 2.464
120 13 0.759 -0.572 2.536
120 14 0.329 -0.599 2.493
120 15 0.458 -0.457 2.368
120 16 0.385 -0.488 2.317
120 17 0.918 -0.619 2.696
120 18 0.499 -0.514 2.632
120 19 0.243 -0.481 2.450
120 20 0.266 -0.517 2.381
121 1 0.890 -0.566 2.668
121 2 0.907 -0.536 2.685
121 3 1.023 -0.413 2.664
121 4 1.115 -0.316 2.654
121 5 0.840 -0.431 2.571
121 6 0.692 -0.447 2.469
121 7 0.798 -0.598 2.326
121 8 0.832 -0.648 2.280
121 9 1.089 -0.540 2.673
121 10 1.101 -0.717 2.631
121 11 1.184 -0.538 2.508
121 12 1.212 -0.478 2.470
121 13 0.763 -0.610 2.601
121 14 0.345 -0.606 2.507
121 15 0.461 -0.453 2.365
121 16 0.387 -0.485 2.315
121 17 0.927 -0.645 2.724
121 18 0.507 -0.554 2.681
121 19 0.251 -0.522 2.499
121 20 0.272 -0.564 2.435
122 1 0.896 -0.571 2.676
122 2 0.911 -0.540 2.691
122 3 1.021 -0.413 2.667
122 4 1.119 -0.315 2.655
122 5 0.840 -0.431 2.571
122 6 0.695 -0.451 2.467
122 7 0.800 -0.601 2.323
122 8 0.834 -0.652 2.277
122 9 1.057 -0.498 2.658
122 10 1.083 -0.684 2.622
122 11 1.165 -0.505 2.499
122 12 1.193 -0.445 2.461
122 13 0.779 -0.619 2.608
122 14 0.354 -0.610 2.513
122 15 0.467 -0.451 2.363
122 16 0.393 -0.483 2.314
122 17 0.932 -0.650 2.738
122 18 0.512 -0.573 2.703
122 19 0.256 -0.540 2.521
122 20 0.276 -0.584 2.457
123 1 0.896 -0.572 2.680
123 2 0.909 -0.542 2.693
123 3 1.015 -0.415 2.668
123 4 1.119 -0.315 2.656
123 5 0.840 -0.432 2.572
123 6 0.697 -0.452 2.466
123 7 0.801 -0.603 2.321
123 8 0.835 -0.653 2.275
123 9 1.041 -0.477 2.652
123 10 1.069 -0.666 2.616
123 11 1.152 -0.487 2.493
123 12 1.179 -0.427 2.455
123 13 0.773 -0.624 2.604
123 14 0.350 -0.607 2.506
123 15 0.472 -0.450 2.362
123 16 0.397 -0.482 2.314
123 17 0.923 -0.648 2.750
123 18 0.515 -0.584 2.716
123 19 0.258 -0.551 2.534
123 20 0.278 -0.595 2.470
124 1 0.753 -0.526 2.600
124 2 0.770 -0.512 2.620
124 3 0.889 -0.451 2.629
124 4 1.072 -0.342 2.658
124 5 0.841 -0.432 2.573
124 6 0.698 -0.453 2.465
124 7 0.801 -0.604 2.320
124 8 0.835 -0.654 2.274
124 9 0.943 -0.486 2.622
124 10 0.965 -0.671 2.584
124 11 1.047 -0.492 2.461
124 12 1.075 -0.432 2.423
124 13 0.574 -0.542 2.484
124 14 0.176 -0.531 2.359
124 15 0.440 -0.478 2.375
124 16 0.377 -0.498 2.318
124 17 0.766 -0.583 2.662
124 18 0.468 -0.603 2.752
124 19 0.212 -0.570 2.570
124 20 0.238 -0.611 2.503
125 1 0.720 -0.517 2.584
125 2 0.735 -0.506 2.605
125 3 0.852 -0.461 2.619
125 4 1.041 -0.359 2.659
125 5 0.841 -0.432 2.574
125 6 0.699 -0.453 2.465
125 7 0.801 -0.604 2.320
125 8 0.835 -0.655 2.274
125 9 0.889 -0.495 2.606
125 10 0.903 -0.677 2.564
125 11 0.986 -0.498 2.442
125 12 1.013 -0.438 2.404
125 13 0.543 -0.532 2.467
125 14 0.122 -0.508 2.313
125 15 0.425 -0.492 2.383
125 16 0.365 -0.508 2.321
125 17 0.733 -0.570 2.649
125 18 0.450 -0.610 2.765
125 19 0.193 -0.577 2.583
125 20 0.220 -0.617 2.516
126 1 0.691 -0.507 2.568
126 2 0.706 -0.499 2.590
126 3 0.826 -0.468 2.611
126 4 1.030 -0.365 2.660
126 5 0.842 -0.432 2.574
126 6 0.699 -0.453 2.465
126 7 0.801 -0.604 2.319
126 8 0.835 -0.655 2.273
126 9 0.867 -0.498 2.599
126 10 0.879 -0.679 2.557
126 11 0.962 -0.500 2.434
126 12 0.990 -0.440 2.397
126 13 0.510 -0.517 2.447
126 14 0.086 -0.492 2.284
126 15 0.416 -0.500 2.386
126 16 0.357 -0.515 2.323
126 17 0.700 -0.556 2.629
126 18 0.439 -0.614 2.772
126 19 0.182 -0.581 2.589
126 20 0.209 -0.620 2.523
127 1 0.685 -0.505 2.564
127 2 0.698 -0.497 2.587
127 3 0.814 -0.471 2.608
127 4 1.023 -0.369 2.660
127 5 0.842 -0.432 2.575
127 6 0.700 -0.453 2.465
127 7 0.801 -0.604 2.319
127 8 0.835 -0.655 2.273
127 9 0.854 -0.500 2.595
127 10 0.865 -0.679 2.553
127 11 0.947 -0.500 2.430
127 12 0.975 -0.440 2.392
127 13 0.510 -0.517 2.447
127 14 0.067 -0.484 2.267
127 15 0.411 -0.505 2.389
127 16 0.352 -0.519 2.324
127 17 0.700 -0.555 2.627
127 18 0.431 -0.616 2.776
127 19 0.174 -0.583 2.593
127 20 0.202 -0.622 2.526
128 1 0.686 -0.505 2.564
128 2 0.699 -0.497 2.589
128 3 0.814 -0.472 2.607
128 4 1.019 -0.371 2.661
128 5 0.842 -0.432 2.575
128 6 0.700 -0.453 2.465
128 7 0.801 -0.604 2.319
128 8 0.835 -0.654 2.273
128 9 0.847 -0.504 2.594
128 10 0.858 -0.682 2.551
128 11 0.940 -0.503 2.428
128 12 0.968 -0.443 2.390
128 13 0.511 -0.516 2.447
128 14 0.060 -0.481 2.262
128 15 0.407 -0.509 2.391
128 16 0.349 -0.522 2.325
128 17 0.702 -0.555 2.625
128 18 0.426 -0.617 2.778
128 19 0.169 -0.584 2.595
128 20 0.197 -0.622 2.528
129 1 0.686 -0.505 2.563
129 2 0.700 -0.497 2.590
129 3 0.818 -0.471 2.606
129 4 1.018 -0.371 2.661
129 5 0.842 -0.433 2.576
129 6 0.699 -0.452 2.466
129 7 0.801 -0.603 2.319
129 8 0.834 -0.654 2.274
129 9 0.848 -0.507 2.594
129 10 0.858 -0.685 2.551
129 11 0.941 -0.506 2.428
129 12 0.968 -0.446 2.390
129 13 0.511 -0.515 2.448
129 14 0.068 -0.484 2.269
129 15 0.405 -0.511 2.392
129 16 0.346 -0.524 2.326
129 17 0.702 -0.555 2.624
129 18 0.423 -0.617 2.778
129 19 0.165 -0.584 2.595
129 20 0.193 -0.622 2.528
130 1 0.697 -0.508 2.568
130 2 0.710 -0.499 2.597
130 3 0.827 -0.468 2.607
130 4 1.017 -0.370 2.661
130 5 0.842 -0.433 2.576
130 6 0.699 -0.452 2.466
130 7 0.800 -0.603 2.320
130 8 0.834 -0.653 2.274
130 9 0.852 -0.510 2.595
130 10 0.863 -0.687 2.552
130 11 0.946 -0.508 2.429
130 12 0.973 -0.449 2.391
130 13 0.522 -0.519 2.454
130 14 0.079 -0.489 2.279
130 15 0.408 -0.524 2.378
130 16 0.344 -0.530 2.323
130 17 0.714 -0.559 2.628
130 18 0.421 -0.616 2.776
130 19 0.163 -0.583 2.593
130 20 0.190 -0.621 2.526
131 1 0.703 -0.510 2.572
131 2 0.716 -0.500 2.601
131 3 0.835 -0.464 2.609
131 4 1.018 -0.369 2.662
131 5 0.843 -0.433 2.577
131 6 0.699 -0.451 2.467
131 7 0.800 -0.602 2.321
131 8 0.833 -0.653 2.275
131 9 0.859 -0.512 2.596
131 10 0.870 -0.689 2.554
131 11 0.953 -0.510 2.431
131 12 0.980 -0.450 2.393
131 13 0.530 -0.522 2.459
131 14 0.090 -0.494 2.288
131 15 0.410 -0.530 2.370
131 16 0.342 -0.534 2.320
131 17 0.722 -0.562 2.632
131 18 0.420 -0.614 2.774
131 19 0.162 -0.581 2.591
131 20 0.189 -0.619 2.524
132 1 0.707 -0.512 2.574
132 2 0.720 -0.501 2.604
132 3 0.841 -0.462 2.611
132 4 1.023 -0.365 2.662
132 5 0.843 -0.433 2.577
132 6 0.699 -0.450 2.468
132 7 0.799 -0.602 2.321
132 8 0.833 -0.652 2.276
132 9 0.865 -0.513 2.598
132 10 0.877 -0.690 2.556
132 11 0.959 -0.511 2.433
132 12 0.987 -0.451 2.395
132 13 0.535 -0.524 2.463
132 14 0.097 -0.497 2.295
132 15 0.411 -0.534 2.366
132 16 0.341 -0.537 2.318
132 17 0.727 -0.564 2.634
132 18 0.420 -0.613 2.772
132 19 0.161 -0.580 2.589
132 20 0.188 -0.618 2.522
133 1 0.806 -0.568 2.639
133 2 0.816 -0.538 2.663
133 3 0.932 -0.425 2.650
133 4 1.110 -0.321 2.681
133 5 0.843 -0.433 2.577
133 6 0.698 -0.450 2.469
133 7 0.799 -0.601 2.322
133 8 0.833 -0.651 2.276
133 9 0.987 -0.482 2.642
133 10 0.978 -0.665 2.592
133 11 1.060 -0.486 2.469
133 12 1.088 -0.426 2.431
133 13 0.691 -0.606 2.578
133 14 0.232 -0.559 2.414
133 15 0.039 -0.519 2.209
133 16 0.035 -0.553 2.156
133 17 0.851 -0.623 2.693
133 18 0.463 -0.603 2.748
133 19 0.204 -0.570 2.564
133 20 0.227 -0.610 2.499
134 1 0.842 -0.589 2.663
134 2 0.855 -0.554 2.686
134 3 0.977 -0.409 2.669
134 4 1.151 -0.301 2.691
134 5 0.843 -0.433 2.578
134 6 0.698 -0.449 2.470
134 7 0.799 -0.600 2.323
134 8 0.832 -0.650 2.277
134 9 1.030 -0.472 2.658
134 10 1.037 -0.650 2.613
134 11 1.119 -0.471 2.490
134 12 1.147 -0.412 2.453
134 13 0.730 -0.626 2.607
134 14 0.299 -0.589 2.473
134 15 -0.048 -0.527 2.171
134 16 -0.086 -0.567 2.097
134 17 0.892 -0.642 2.712
134 18 0.482 -0.598 2.737
134 19 0.222 -0.565 2.552
134 20 0.245 -0.606 2.487
135 1 0.896 -0.582 2.688
135 2 0.906 -0.547 2.708
135 3 0.999 -0.403 2.678
135 4 1.171 -0.292 2.696
135 5 0.843 -0.434 2.578
135 6 0.698 -0.448 2.470
135 7 0.798 -0.599 2.324
135 8 0.832 -0.650 2.278
135 9 1.052 -0.466 2.666
135 10 1.057 -0.645 2.621
135 11 1.140 -0.466 2.498
135 12 1.167 -0.406 2.460
135 13 0.766 -0.641 2.603
135 14 0.332 -0.603 2.497
135 15 0.062 -0.529 2.202
135 16 0.049 -0.574 2.123
135 17 0.927 -0.649 2.764
135 18 0.497 -0.596 2.732
135 19 0.238 -0.563 2.548
135 20 0.261 -0.605 2.484
136 1 0.880 -0.593 2.685
136 2 0.896 -0.556 2.704
136 3 1.010 -0.400 2.683
136 4 1.132 -0.310 2.669
136 5 0.843 -0.434 2.578
136 6 0.698 -0.448 2.471
136 7 0.798 -0.599 2.325
136 8 0.832 -0.649 2.279
136 9 1.055 -0.463 2.668
136 10 1.071 -0.641 2.626
136 11 1.153 -0.462 2.503
136 12 1.181 -0.403 2.466
136 13 0.768 -0.645 2.617
136 14 0.351 -0.611 2.512
136 15 -0.093 -0.527 2.151
136 16 -0.113 -0.578 2.061
136 17 0.921 -0.651 2.746
136 18 0.507 -0.595 2.730
136 19 0.248 -0.562 2.546
136 20 0.271 -0.605 2.482
137 1 0.905 -0.570 2.687
137 2 0.914 -0.541 2.703
137 3 1.007 -0.403 2.679
137 4 1.122 -0.315 2.660
137 5 0.843 -0.434 2.578
137 6 0.697 -0.447 2.472
137 7 0.798 -0.598 2.326
137 8 0.831 -0.649 2.280
137 9 1.054 -0.462 2.669
137 10 1.076 -0.639 2.629
137 11 1.159 -0.460 2.506
137 12 1.186 -0.401 2.468
137 13 0.774 -0.644 2.601
137 14 0.359 -0.613 2.514
137 15 -0.038 -0.521 2.177
137 16 -0.103 -0.572 2.073
137 17 0.931 -0.646 2.777
137 18 0.514 -0.595 2.729
137 19 0.254 -0.562 2.545
137 20 0.278 -0.605 2.481
138 1 0.855 -0.558 2.610
138 2 0.871 -0.536 2.640
138 3 1.003 -0.406 2.676
138 4 1.109 -0.321 2.653
138 5 0.843 -0.435 2.579
138 6 0.697 -0.447 2.473
138 7 0.798 -0.598 2.327
138 8 0.831 -0.648 2.281
138 9 1.050 -0.462 2.668
138 10 1.074 -0.639 2.629
138 11 1.157 -0.460 2.506
138 12 1.184 -0.400 2.468
138 13 0.738 -0.593 2.545
138 14 0.320 -0.594 2.480
138 15 -0.087 -0.523 2.158
138 16 -0.135 -0.575 2.058
138 17 0.893 -0.610 2.634
138 18 0.512 -0.510 2.633
138 19 0.252 -0.477 2.449
138 20 0.280 -0.513 2.382
139 1 0.841 -0.578 2.636
139 2 0.856 -0.550 2.658
139 3 0.993 -0.410 2.671
139 4 1.102 -0.324 2.650
139 5 0.843 -0.435 2.580
139 6 0.697 -0.446 2.474
139 7 0.798 -0.597 2.328
139 8 0.831 -0.647 2.282
139 9 1.039 -0.464 2.665
139 10 1.068 -0.639 2.627
139 11 1.150 -0.460 2.505
139 12 1.178 -0.401 2.467
139 13 0.733 -0.609 2.582
139 14 0.313 -0.592 2.476
139 15 -0.037 -0.521 2.179
139 16 -0.013 -0.567 2.113
139 17 0.891 -0.629 2.676
139 18 0.509 -0.546 2.680
139 19 0.250 -0.513 2.495
139 20 0.275 -0.555 2.433
140 1 0.825 -0.589 2.643
140 2 0.844 -0.556 2.661
140 3 0.988 -0.414 2.669
140 4 1.098 -0.326 2.648
140 5 0.843 -0.435 2.580
140 6 0.697 -0.446 2.475
140 7 0.797 -0.597 2.328
140 8 0.831 -0.647 2.283
140 9 1.031 -0.465 2.663
140 10 1.060 -0.640 2.625
140 11 1.142 -0.461 2.503
140 12 1.169 -0.402 2.465
140 13 0.720 -0.611 2.594
140 14 0.308 -0.590 2.474
140 15 -0.053 -0.521 2.174
140 16 -0.044 -0.569 2.099
140 17 0.879 -0.634 2.678
140 18 0.507 -0.564 2.702
140 19 0.248 -0.531 2.518
140 20 0.274 -0.574 2.455
141 1 0.818 -0.594 2.647
141 2 0.838 -0.559 2.662
141 3 0.984 -0.417 2.666
141 4 1.095 -0.328 2.647
141 5 0.843 -0.436 2.580
141 6 0.697 -0.445 2.475
141 7 0.797 -0.596 2.329
141 8 0.831 -0.646 2.283
141 9 1.025 -0.466 2.661
141 10 1.052 -0.641 2.623
141 11 1.134 -0.462 2.500
141 12 1.162 -0.403 2.463
141 13 0.714 -0.612 2.601
141 14 0.304 -0.588 2.471
141 15 0.045 -0.526 2.212
141 16 0.059 -0.572 2.143
141 17 0.872 -0.637 2.683
141 18 0.506 -0.577 2.719
141 19 0.247 -0.544 2.534
141 20 0.271 -0.589 2.472
142 1 0.814 -0.596 2.649
142 2 0.834 -0.561 2.663
142 3 0.980 -0.419 2.663
142 4 1.094 -0.329 2.646
142 5 0.843 -0.436 2.581
142 6 0.696 -0.445 2.476
142 7 0.797 -0.596 2.329
142 8 0.831 -0.646 2.284
142 9 1.021 -0.467 2.660
142 10 1.046 -0.642 2.621
142 11 1.128 -0.463 2.499
142 12 1.155 -0.404 2.461
142 13 0.710 -0.613 2.605
142 14 0.300 -0.587 2.470
142 15 0.089 -0.529 2.229
142 16 0.112 -0.573 2.165
142 17 0.868 -0.639 2.686
142 18 0.505 -0.585 2.728
142 19 0.246 -0.552 2.544
142 20 0.270 -0.598 2.482
143 1 0.813 -0.598 2.652
143 2 0.833 -0.563 2.664
143 3 0.978 -0.421 2.661
143 4 1.093 -0.330 2.647
143 5 0.843 -0.436 2.581
143 6 0.696 -0.445 2.476
143 7 0.797 -0.596 2.330
143 8 0.830 -0.646 2.284
143 9 1.018 -0.468 2.659
143 10 1.041 -0.644 2.620
143 11 1.123 -0.465 2.497
143 12 1.151 -0.405 2.459
143 13 0.709 -0.615 2.609
143 14 0.298 -0.587 2.469
143 15 0.110 -0.530 2.238
143 16 0.134 -0.573 2.174
143 17 0.868 -0.640 2.691
143 18 0.505 -0.591 2.735
143 19 0.246 -0.558 2.551
143 20 0.270 -0.604 2.489
144 1 0.815 -0.598 2.655
144 2 0.835 -0.563 2.666
144 3 0.977 -0.423 2.659
144 4 1.092 -0.331 2.647
144 5 0.843 -0.437 2.581
144 6 0.696 -0.444 2.476
144 7 0.797 -0.595 2.330
144 8 0.830 -0.645 2.285
144 9 1.016 -0.470 2.658
144 10 1.037 -0.645 2.618
144 11 1.120 -0.467 2.496
144 12 1.147 -0.407 2.458
144 13 0.708 -0.615 2.612
144 14 0.297 -0.586 2.468
144 15 0.123 -0.530 2.242
144 16 0.149 -0.574 2.180
144 17 0.870 -0.640 2.695
144 18 0.505 -0.595 2.739
144 19 0.246 -0.562 2.555
144 20 0.270 -0.608 2.493
