1 1 0.155 0.010 1.407
1 2 0.150 0.070 1.460
1 3 0.140 0.428 1.480
1 4 0.125 0.581 1.419
1 5 -0.026 0.303 1.452
1 6 -0.094 0.062 1.439
1 7 -0.072 -0.136 1.390
1 8 -0.066 -0.202 1.372
1 9 0.311 0.312 1.476
1 10 0.432 0.101 1.526
1 11 0.414 -0.096 1.471
1 12 0.401 -0.141 1.447
1 13 0.082 -0.066 1.387
1 14 0.097 -0.439 1.438
1 15 0.057 -0.757 1.474
1 16 0.064 -0.796 1.381
1 17 0.233 -0.062 1.397
1 18 0.285 -0.433 1.433
1 19 0.287 -0.757 1.436
1 20 0.294 -0.799 1.343
2 1 0.155 0.009 1.407
2 2 0.149 0.070 1.461
2 3 0.139 0.428 1.480
2 4 0.123 0.581 1.420
2 5 -0.027 0.303 1.452
2 6 -0.095 0.062 1.439
2 7 -0.074 -0.137 1.391
2 8 -0.067 -0.202 1.372
2 9 0.309 0.312 1.477
2 10 0.430 0.101 1.526
2 11 0.414 -0.097 1.474
2 12 0.402 -0.139 1.450
2 13 0.081 -0.066 1.387
2 14 0.097 -0.439 1.438
2 15 0.057 -0.757 1.475
2 16 0.064 -0.796 1.382
2 17 0.232 -0.063 1.397
2 18 0.284 -0.433 1.434
2 19 0.286 -0.757 1.437
2 20 0.292 -0.799 1.344
3 1 0.154 0.009 1.407
3 2 0.148 0.070 1.461
3 3 0.138 0.428 1.481
3 4 0.123 0.581 1.421
3 5 -0.028 0.303 1.453
3 6 -0.096 0.062 1.439
3 7 -0.075 -0.137 1.391
3 8 -0.068 -0.202 1.372
3 9 0.308 0.312 1.477
3 10 0.429 0.101 1.527
3 11 0.415 -0.098 1.476
3 12 0.403 -0.137 1.453
3 13 0.081 -0.066 1.387
3 14 0.096 -0.439 1.438
3 15 0.058 -0.757 1.476
3 16 0.064 -0.796 1.383
3 17 0.232 -0.063 1.397
3 18 0.283 -0.434 1.435
3 19 0.284 -0.757 1.437
3 20 0.290 -0.799 1.344
4 1 0.153 0.009 1.407
4 2 0.148 0.070 1.461
4 3 0.137 0.428 1.482
4 4 0.122 0.581 1.421
4 5 -0.029 0.302 1.454
4 6 -0.097 0.061 1.439
4 7 -0.076 -0.137 1.391
4 8 -0.069 -0.202 1.373
4 9 0.308 0.311 1.478
4 10 0.428 0.101 1.527
4 11 0.415 -0.098 1.478
4 12 0.404 -0.135 1.456
4 13 0.080 -0.067 1.387
4 14 0.096 -0.439 1.438
4 15 0.058 -0.757 1.476
4 16 0.065 -0.797 1.384
4 17 0.231 -0.063 1.398
4 18 0.283 -0.434 1.435
4 19 0.283 -0.758 1.438
4 20 0.289 -0.799 1.345
5 1 0.152 0.009 1.408
5 2 0.147 0.070 1.462
5 3 0.136 0.428 1.482
5 4 0.121 0.581 1.422
5 5 -0.030 0.302 1.454
5 6 -0.097 0.061 1.439
5 7 -0.077 -0.138 1.392
5 8 -0.070 -0.202 1.373
5 9 0.307 0.311 1.479
5 10 0.427 0.101 1.528
5 11 0.415 -0.099 1.479
5 12 0.404 -0.134 1.458
5 13 0.079 -0.067 1.387
5 14 0.095 -0.439 1.438
5 15 0.059 -0.757 1.477
5 16 0.065 -0.797 1.385
5 17 0.231 -0.063 1.398
5 18 0.282 -0.434 1.436
5 19 0.281 -0.758 1.438
5 20 0.287 -0.799 1.345
6 1 0.152 0.009 1.408
6 2 0.146 0.069 1.462
6 3 0.136 0.428 1.483
6 4 0.121 0.581 1.423
6 5 -0.031 0.302 1.455
6 6 -0.098 0.061 1.439
6 7 -0.077 -0.138 1.392
6 8 -0.070 -0.203 1.374
6 9 0.306 0.311 1.479
6 10 0.426 0.100 1.528
6 11 0.415 -0.099 1.480
6 12 0.405 -0.132 1.459
6 13 0.079 -0.067 1.388
6 14 0.095 -0.440 1.438
6 15 0.060 -0.757 1.479
6 16 0.066 -0.797 1.386
6 17 0.230 -0.063 1.399
6 18 0.282 -0.435 1.437
6 19 0.279 -0.759 1.438
6 20 0.286 -0.799 1.345
7 1 0.151 0.008 1.409
7 2 0.146 0.069 1.463
7 3 0.135 0.427 1.483
7 4 0.121 0.581 1.423
7 5 -0.031 0.302 1.455
7 6 -0.098 0.061 1.439
7 7 -0.078 -0.138 1.393
7 8 -0.071 -0.203 1.374
7 9 0.305 0.311 1.480
7 10 0.425 0.100 1.529
7 11 0.415 -0.099 1.481
7 12 0.405 -0.131 1.461
7 13 0.078 -0.068 1.388
7 14 0.095 -0.440 1.438
7 15 0.061 -0.757 1.480
7 16 0.068 -0.797 1.387
7 17 0.230 -0.064 1.399
7 18 0.281 -0.435 1.438
7 19 0.278 -0.759 1.438
7 20 0.284 -0.799 1.345
8 1 0.151 0.008 1.409
8 2 0.145 0.069 1.463
8 3 0.135 0.427 1.483
8 4 0.120 0.581 1.423
8 5 -0.032 0.302 1.456
8 6 -0.099 0.060 1.439
8 7 -0.079 -0.138 1.393
8 8 -0.072 -0.203 1.375
8 9 0.305 0.311 1.481
8 10 0.424 0.100 1.531
8 11 0.415 -0.099 1.482
8 12 0.404 -0.140 1.460
8 13 0.077 -0.068 1.388
8 14 0.095 -0.440 1.438
8 15 0.063 -0.757 1.481
8 16 0.069 -0.797 1.389
8 17 0.229 -0.064 1.400
8 18 0.281 -0.436 1.439
8 19 0.275 -0.760 1.437
8 20 0.282 -0.799 1.344
9 1 0.150 0.008 1.410
9 2 0.144 0.068 1.464
9 3 0.134 0.427 1.484
9 4 0.120 0.581 1.424
9 5 -0.032 0.301 1.456
9 6 -0.099 0.060 1.440
9 7 -0.079 -0.139 1.394
9 8 -0.072 -0.203 1.375
9 9 0.304 0.311 1.482
9 10 0.424 0.100 1.532
9 11 0.414 -0.099 1.483
9 12 0.403 -0.146 1.460
9 13 0.077 -0.069 1.388
9 14 0.094 -0.440 1.438
9 15 0.065 -0.757 1.483
9 16 0.071 -0.798 1.391
9 17 0.228 -0.065 1.401
9 18 0.281 -0.436 1.440
9 19 0.273 -0.760 1.437
9 20 0.280 -0.800 1.344
10 1 0.150 0.007 1.410
10 2 0.144 0.068 1.464
10 3 0.134 0.427 1.484
10 4 0.120 0.581 1.424
10 5 -0.033 0.301 1.456
10 6 -0.100 0.060 1.440
10 7 -0.080 -0.139 1.394
10 8 -0.073 -0.204 1.376
10 9 0.303 0.311 1.483
10 10 0.423 0.100 1.534
10 11 0.413 -0.099 1.484
10 12 0.403 -0.151 1.459
10 13 0.076 -0.069 1.389
10 14 0.094 -0.440 1.438
10 15 0.066 -0.757 1.484
10 16 0.073 -0.798 1.392
10 17 0.228 -0.065 1.401
10 18 0.281 -0.437 1.441
10 19 0.266 -0.761 1.437
10 20 0.274 -0.799 1.344
11 1 0.149 0.007 1.411
11 2 0.143 0.068 1.465
11 3 0.134 0.427 1.485
11 4 0.120 0.581 1.424
11 5 -0.033 0.301 1.457
11 6 -0.100 0.060 1.440
11 7 -0.081 -0.139 1.395
11 8 -0.074 -0.204 1.377
11 9 0.303 0.311 1.485
11 10 0.422 0.100 1.535
11 11 0.412 -0.099 1.485
11 12 0.402 -0.154 1.459
11 13 0.076 -0.069 1.389
11 14 0.094 -0.440 1.438
11 15 0.068 -0.757 1.485
11 16 0.075 -0.798 1.393
11 17 0.228 -0.065 1.402
11 18 0.280 -0.437 1.442
11 19 0.260 -0.761 1.438
11 20 0.268 -0.799 1.345
12 1 0.149 0.007 1.411
12 2 0.143 0.068 1.465
12 3 0.133 0.427 1.485
12 4 0.120 0.580 1.424
12 5 -0.033 0.301 1.457
12 6 -0.101 0.060 1.440
12 7 -0.081 -0.140 1.395
12 8 -0.074 -0.204 1.378
12 9 0.302 0.311 1.486
12 10 0.421 0.099 1.537
12 11 0.411 -0.099 1.486
12 12 0.401 -0.158 1.461
12 13 0.075 -0.070 1.390
12 14 0.093 -0.441 1.438
12 15 0.070 -0.758 1.486
12 16 0.077 -0.799 1.394
12 17 0.227 -0.066 1.403
12 18 0.280 -0.438 1.443
12 19 0.255 -0.761 1.438
12 20 0.263 -0.799 1.345
13 1 0.148 0.006 1.412
13 2 0.142 0.067 1.466
13 3 0.133 0.427 1.485
13 4 0.120 0.580 1.424
13 5 -0.034 0.301 1.457
13 6 -0.101 0.060 1.440
13 7 -0.081 -0.140 1.396
13 8 -0.075 -0.205 1.379
13 9 0.301 0.311 1.488
13 10 0.420 0.099 1.538
13 11 0.411 -0.100 1.486
13 12 0.401 -0.161 1.465
13 13 0.075 -0.070 1.390
13 14 0.093 -0.441 1.438
13 15 0.071 -0.758 1.487
13 16 0.079 -0.799 1.395
13 17 0.227 -0.066 1.404
13 18 0.280 -0.438 1.444
13 19 0.251 -0.761 1.437
13 20 0.260 -0.799 1.345
14 1 0.148 0.006 1.413
14 2 0.142 0.067 1.467
14 3 0.133 0.427 1.486
14 4 0.120 0.580 1.425
14 5 -0.034 0.301 1.457
14 6 -0.101 0.059 1.440
14 7 -0.082 -0.140 1.396
14 8 -0.076 -0.205 1.379
14 9 0.301 0.311 1.489
14 10 0.419 0.099 1.540
14 11 0.412 -0.101 1.497
14 12 0.404 -0.166 1.478
14 13 0.075 -0.070 1.390
14 14 0.093 -0.441 1.439
14 15 0.073 -0.758 1.487
14 16 0.081 -0.800 1.396
14 17 0.227 -0.066 1.406
14 18 0.280 -0.439 1.445
14 19 0.249 -0.761 1.437
14 20 0.257 -0.799 1.345
15 1 0.148 0.006 1.413
15 2 0.141 0.067 1.467
15 3 0.133 0.427 1.486
15 4 0.120 0.580 1.425
15 5 -0.034 0.300 1.458
15 6 -0.102 0.059 1.440
15 7 -0.082 -0.140 1.397
15 8 -0.076 -0.206 1.380
15 9 0.300 0.311 1.491
15 10 0.418 0.099 1.541
15 11 0.414 -0.102 1.504
15 12 0.406 -0.168 1.485
15 13 0.074 -0.071 1.391
15 14 0.093 -0.441 1.439
15 15 0.074 -0.758 1.488
15 16 0.083 -0.800 1.396
15 17 0.226 -0.067 1.407
15 18 0.280 -0.439 1.446
15 19 0.246 -0.761 1.438
15 20 0.255 -0.799 1.345
16 1 0.147 0.006 1.414
16 2 0.141 0.067 1.468
16 3 0.132 0.427 1.486
16 4 0.120 0.580 1.425
16 5 -0.035 0.300 1.458
16 6 -0.102 0.059 1.440
16 7 -0.082 -0.141 1.397
16 8 -0.077 -0.206 1.380
16 9 0.300 0.311 1.492
16 10 0.417 0.098 1.543
16 11 0.415 -0.103 1.510
16 12 0.408 -0.142 1.498
16 13 0.074 -0.071 1.391
16 14 0.092 -0.442 1.439
16 15 0.076 -0.759 1.488
16 16 0.085 -0.800 1.397
16 17 0.226 -0.067 1.408
16 18 0.280 -0.440 1.447
16 19 0.244 -0.761 1.438
16 20 0.254 -0.799 1.345
17 1 0.147 0.006 1.415
17 2 0.140 0.067 1.468
17 3 0.132 0.427 1.487
17 4 0.120 0.580 1.425
17 5 -0.035 0.300 1.458
17 6 -0.103 0.058 1.440
17 7 -0.083 -0.141 1.397
17 8 -0.077 -0.206 1.381
17 9 0.299 0.311 1.494
17 10 0.416 0.098 1.546
17 11 0.416 -0.103 1.513
17 12 0.409 -0.145 1.504
17 13 0.074 -0.071 1.392
17 14 0.092 -0.442 1.440
17 15 0.077 -0.759 1.488
17 16 0.087 -0.800 1.397
17 17 0.226 -0.067 1.409
17 18 0.280 -0.440 1.449
17 19 0.243 -0.761 1.438
17 20 0.252 -0.799 1.345
18 1 0.147 0.005 1.415
18 2 0.140 0.067 1.469
18 3 0.132 0.426 1.487
18 4 0.120 0.580 1.425
18 5 -0.035 0.300 1.458
18 6 -0.103 0.058 1.440
18 7 -0.083 -0.141 1.397
18 8 -0.078 -0.207 1.381
18 9 0.299 0.311 1.496
18 10 0.414 0.098 1.548
18 11 0.416 -0.104 1.516
18 12 0.408 -0.131 1.510
18 13 0.073 -0.071 1.392
18 14 0.092 -0.442 1.440
18 15 0.079 -0.759 1.489
18 16 0.089 -0.801 1.397
18 17 0.225 -0.067 1.410
18 18 0.280 -0.441 1.451
18 19 0.242 -0.761 1.438
18 20 0.251 -0.799 1.346
19 1 0.146 0.005 1.416
19 2 0.139 0.066 1.470
19 3 0.132 0.426 1.487
19 4 0.120 0.579 1.425
19 5 -0.036 0.300 1.458
19 6 -0.104 0.058 1.439
19 7 -0.083 -0.142 1.398
19 8 -0.078 -0.207 1.382
19 9 0.298 0.311 1.497
19 10 0.412 0.098 1.551
19 11 0.417 -0.104 1.517
19 12 0.408 -0.127 1.512
19 13 0.073 -0.071 1.392
19 14 0.091 -0.442 1.440
19 15 0.080 -0.760 1.489
19 16 0.090 -0.801 1.398
19 17 0.225 -0.067 1.412
19 18 0.280 -0.442 1.452
19 19 0.241 -0.761 1.439
19 20 0.251 -0.798 1.346
20 1 0.146 0.005 1.417
20 2 0.139 0.066 1.470
20 3 0.131 0.426 1.487
20 4 0.120 0.579 1.425
20 5 -0.036 0.300 1.458
20 6 -0.105 0.057 1.438
20 7 -0.083 -0.142 1.398
20 8 -0.078 -0.208 1.382
20 9 0.297 0.311 1.499
20 10 0.411 0.098 1.554
20 11 0.416 -0.104 1.519
20 12 0.408 -0.124 1.514
20 13 0.073 -0.072 1.393
20 14 0.091 -0.443 1.441
20 15 0.080 -0.760 1.489
20 16 0.091 -0.801 1.398
20 17 0.225 -0.068 1.413
20 18 0.280 -0.442 1.454
20 19 0.240 -0.761 1.439
20 20 0.250 -0.798 1.346
21 1 0.146 0.005 1.418
21 2 0.138 0.066 1.471
21 3 0.131 0.426 1.488
21 4 0.120 0.579 1.425
21 5 -0.037 0.300 1.458
21 6 -0.106 0.056 1.437
21 7 -0.084 -0.143 1.398
21 8 -0.079 -0.208 1.382
21 9 0.296 0.311 1.501
21 10 0.409 0.098 1.557
21 11 0.416 -0.104 1.520
21 12 0.408 -0.123 1.516
21 13 0.073 -0.072 1.393
21 14 0.090 -0.443 1.442
21 15 0.081 -0.760 1.489
21 16 0.092 -0.801 1.398
21 17 0.225 -0.068 1.415
21 18 0.279 -0.443 1.456
21 19 0.239 -0.761 1.439
21 20 0.250 -0.798 1.346
22 1 0.146 0.005 1.418
22 2 0.138 0.066 1.472
22 3 0.130 0.426 1.488
22 4 0.120 0.579 1.425
22 5 -0.037 0.300 1.457
22 6 -0.107 0.055 1.436
22 7 -0.084 -0.143 1.398
22 8 -0.079 -0.209 1.382
22 9 0.296 0.311 1.503
22 10 0.408 0.098 1.559
22 11 0.415 -0.104 1.522
22 12 0.402 -0.144 1.512
22 13 0.072 -0.072 1.394
22 14 0.090 -0.443 1.442
22 15 0.082 -0.760 1.489
22 16 0.093 -0.801 1.398
22 17 0.225 -0.068 1.416
22 18 0.279 -0.443 1.458
22 19 0.238 -0.761 1.439
22 20 0.249 -0.798 1.347
23 1 0.145 0.005 1.419
23 2 0.137 0.066 1.472
23 3 0.129 0.425 1.488
23 4 0.120 0.579 1.425
23 5 -0.038 0.300 1.457
23 6 -0.108 0.054 1.434
23 7 -0.084 -0.144 1.398
23 8 -0.079 -0.209 1.382
23 9 0.295 0.312 1.505
23 10 0.407 0.098 1.562
23 11 0.414 -0.104 1.523
23 12 0.400 -0.150 1.511
23 13 0.072 -0.072 1.394
23 14 0.089 -0.444 1.443
23 15 0.083 -0.761 1.490
23 16 0.095 -0.801 1.398
23 17 0.224 -0.068 1.418
23 18 0.279 -0.444 1.460
23 19 0.238 -0.761 1.440
23 20 0.249 -0.798 1.347
24 1 0.145 0.005 1.421
24 2 0.136 0.066 1.473
24 3 0.128 0.425 1.488
24 4 0.120 0.578 1.426
24 5 -0.039 0.300 1.456
24 6 -0.109 0.053 1.433
24 7 -0.084 -0.145 1.397
24 8 -0.079 -0.210 1.383
24 9 0.293 0.313 1.508
24 10 0.405 0.098 1.565
24 11 0.412 -0.104 1.525
24 12 0.395 -0.165 1.510
24 13 0.072 -0.072 1.395
24 14 0.089 -0.444 1.444
24 15 0.083 -0.761 1.490
24 16 0.096 -0.801 1.399
24 17 0.224 -0.068 1.420
24 18 0.278 -0.444 1.462
24 19 0.237 -0.761 1.440
24 20 0.249 -0.798 1.347
25 1 0.144 0.005 1.422
25 2 0.135 0.066 1.474
25 3 0.127 0.424 1.488
25 4 0.120 0.578 1.425
25 5 -0.040 0.300 1.455
25 6 -0.110 0.053 1.431
25 7 -0.085 -0.146 1.397
25 8 -0.079 -0.211 1.383
25 9 0.292 0.314 1.511
25 10 0.403 0.097 1.569
25 11 0.410 -0.104 1.528
25 12 0.391 -0.170 1.514
25 13 0.072 -0.072 1.397
25 14 0.088 -0.445 1.446
25 15 0.083 -0.761 1.490
25 16 0.097 -0.802 1.399
25 17 0.224 -0.068 1.423
25 18 0.277 -0.445 1.466
25 19 0.237 -0.761 1.441
25 20 0.249 -0.798 1.348
26 1 0.144 0.005 1.424
26 2 0.134 0.066 1.476
26 3 0.126 0.424 1.488
26 4 0.120 0.578 1.425
26 5 -0.041 0.300 1.454
26 6 -0.111 0.052 1.430
26 7 -0.085 -0.147 1.397
26 8 -0.079 -0.212 1.383
26 9 0.291 0.315 1.513
26 10 0.400 0.097 1.576
26 11 0.408 -0.104 1.533
26 12 0.388 -0.172 1.515
26 13 0.071 -0.072 1.398
26 14 0.087 -0.445 1.448
26 15 0.084 -0.762 1.491
26 16 0.099 -0.802 1.401
26 17 0.223 -0.068 1.427
26 18 0.277 -0.446 1.471
26 19 0.235 -0.760 1.445
26 20 0.248 -0.798 1.353
27 1 0.143 0.005 1.426
27 2 0.133 0.067 1.477
27 3 0.125 0.423 1.487
27 4 0.120 0.577 1.425
27 5 -0.043 0.299 1.452
27 6 -0.112 0.051 1.428
27 7 -0.085 -0.148 1.397
27 8 -0.079 -0.213 1.384
27 9 0.289 0.316 1.516
27 10 0.398 0.097 1.585
27 11 0.408 -0.104 1.568
27 12 0.400 -0.175 1.552
27 13 0.071 -0.072 1.400
27 14 0.086 -0.446 1.451
27 15 0.085 -0.762 1.492
27 16 0.100 -0.802 1.401
27 17 0.223 -0.068 1.432
27 18 0.276 -0.448 1.480
27 19 0.232 -0.759 1.453
27 20 0.247 -0.797 1.361
28 1 0.143 0.005 1.429
28 2 0.132 0.067 1.479
28 3 0.123 0.423 1.487
28 4 0.120 0.576 1.424
28 5 -0.045 0.299 1.449
28 6 -0.113 0.050 1.426
28 7 -0.086 -0.149 1.397
28 8 -0.079 -0.214 1.384
28 9 0.288 0.317 1.519
28 10 0.395 0.098 1.595
28 11 0.404 -0.105 1.579
28 12 0.401 -0.176 1.560
28 13 0.071 -0.072 1.402
28 14 0.086 -0.448 1.454
28 15 0.086 -0.762 1.492
28 16 0.102 -0.802 1.403
28 17 0.223 -0.067 1.437
28 18 0.275 -0.449 1.491
28 19 0.230 -0.758 1.462
28 20 0.247 -0.796 1.372
29 1 0.143 0.006 1.433
29 2 0.130 0.067 1.481
29 3 0.122 0.422 1.486
29 4 0.121 0.575 1.423
29 5 -0.046 0.298 1.447
29 6 -0.114 0.049 1.424
29 7 -0.086 -0.150 1.397
29 8 -0.062 -0.224 1.381
29 9 0.286 0.319 1.522
29 10 0.392 0.100 1.608
29 11 0.401 -0.107 1.586
29 12 0.402 -0.178 1.566
29 13 0.071 -0.072 1.405
29 14 0.085 -0.449 1.459
29 15 0.086 -0.763 1.494
29 16 0.104 -0.802 1.404
29 17 0.223 -0.067 1.444
29 18 0.274 -0.451 1.501
29 19 0.229 -0.758 1.473
29 20 0.249 -0.796 1.383
30 1 0.142 0.006 1.437
30 2 0.129 0.068 1.484
30 3 0.120 0.422 1.486
30 4 0.121 0.574 1.422
30 5 -0.047 0.298 1.444
30 6 -0.114 0.047 1.421
30 7 -0.086 -0.151 1.398
30 8 -0.053 -0.230 1.380
30 9 0.284 0.322 1.528
30 10 0.390 0.103 1.623
30 11 0.399 -0.109 1.590
30 12 0.402 -0.180 1.570
30 13 0.071 -0.072 1.408
30 14 0.085 -0.451 1.465
30 15 0.086 -0.763 1.495
30 16 0.105 -0.803 1.406
30 17 0.223 -0.066 1.452
30 18 0.273 -0.452 1.509
30 19 0.232 -0.757 1.487
30 20 0.255 -0.796 1.400
31 1 0.142 0.007 1.441
31 2 0.127 0.069 1.487
31 3 0.119 0.421 1.486
31 4 0.122 0.573 1.421
31 5 -0.048 0.297 1.440
31 6 -0.114 0.046 1.418
31 7 -0.085 -0.153 1.397
31 8 -0.044 -0.234 1.378
31 9 0.283 0.325 1.534
31 10 0.388 0.108 1.637
31 11 0.397 -0.111 1.594
31 12 0.402 -0.182 1.574
31 13 0.071 -0.072 1.410
31 14 0.086 -0.454 1.471
31 15 0.086 -0.763 1.495
31 16 0.106 -0.803 1.407
31 17 0.224 -0.065 1.459
31 18 0.272 -0.453 1.516
31 19 0.234 -0.756 1.508
31 20 0.259 -0.795 1.422
32 1 0.143 0.008 1.445
32 2 0.127 0.070 1.489
32 3 0.118 0.421 1.485
32 4 0.124 0.571 1.419
32 5 -0.048 0.297 1.438
32 6 -0.114 0.045 1.415
32 7 -0.084 -0.154 1.397
32 8 -0.043 -0.225 1.381
32 9 0.281 0.328 1.540
32 10 0.386 0.113 1.649
32 11 0.352 -0.089 1.493
32 12 0.364 -0.150 1.464
32 13 0.072 -0.072 1.413
32 14 0.088 -0.455 1.476
32 15 0.085 -0.763 1.496
32 16 0.106 -0.803 1.407
32 17 0.225 -0.064 1.466
32 18 0.270 -0.454 1.522
32 19 0.238 -0.755 1.528
32 20 0.266 -0.794 1.443
33 1 0.144 0.008 1.449
33 2 0.126 0.070 1.492
33 3 0.118 0.421 1.485
33 4 0.128 0.570 1.419
33 5 -0.047 0.297 1.435
33 6 -0.114 0.044 1.412
33 7 -0.082 -0.155 1.397
33 8 -0.042 -0.224 1.383
33 9 0.280 0.330 1.546
33 10 0.386 0.118 1.660
33 11 0.336 -0.077 1.462
33 12 0.352 -0.135 1.432
33 13 0.074 -0.072 1.416
33 14 0.088 -0.457 1.481
33 15 0.084 -0.764 1.497
33 16 0.107 -0.803 1.409
33 17 0.226 -0.063 1.472
33 18 0.268 -0.455 1.530
33 19 0.242 -0.754 1.549
33 20 0.273 -0.794 1.465
34 1 0.145 0.008 1.454
34 2 0.126 0.071 1.496
34 3 0.117 0.421 1.485
34 4 0.134 0.570 1.419
34 5 -0.046 0.296 1.433
34 6 -0.113 0.043 1.410
34 7 -0.081 -0.157 1.396
34 8 -0.040 -0.222 1.383
34 9 0.279 0.332 1.551
34 10 0.386 0.123 1.671
34 11 0.328 -0.069 1.446
34 12 0.346 -0.125 1.414
34 13 0.076 -0.072 1.420
34 14 0.089 -0.458 1.483
34 15 0.084 -0.764 1.499
34 16 0.109 -0.803 1.412
34 17 0.227 -0.063 1.478
34 18 0.265 -0.458 1.545
34 19 0.244 -0.753 1.571
34 20 0.278 -0.792 1.487
35 1 0.148 0.008 1.459
35 2 0.127 0.071 1.500
35 3 0.117 0.421 1.486
35 4 0.142 0.570 1.423
35 5 -0.044 0.296 1.431
35 6 -0.112 0.042 1.407
35 7 -0.079 -0.158 1.396
35 8 -0.037 -0.220 1.382
35 9 0.278 0.333 1.554
35 10 0.389 0.155 1.700
35 11 0.335 -0.039 1.474
35 12 0.354 -0.093 1.441
35 13 0.080 -0.072 1.424
35 14 0.089 -0.459 1.486
35 15 0.083 -0.764 1.502
35 16 0.109 -0.804 1.416
35 17 0.228 -0.063 1.484
35 18 0.263 -0.460 1.560
35 19 0.239 -0.747 1.614
35 20 0.274 -0.787 1.529
36 1 0.151 0.007 1.465
36 2 0.128 0.070 1.505
36 3 0.117 0.422 1.489
36 4 0.152 0.571 1.432
36 5 -0.041 0.296 1.430
36 6 -0.111 0.041 1.405
36 7 -0.071 -0.159 1.394
36 8 -0.033 -0.217 1.380
36 9 0.277 0.333 1.557
36 10 0.391 0.167 1.716
36 11 0.340 -0.027 1.494
36 12 0.362 -0.081 1.460
36 13 0.085 -0.073 1.429
36 14 0.089 -0.459 1.487
36 15 0.081 -0.765 1.505
36 16 0.109 -0.804 1.419
36 17 0.230 -0.064 1.490
36 18 0.260 -0.465 1.577
36 19 0.236 -0.745 1.638
36 20 0.272 -0.784 1.553
37 1 0.155 0.005 1.471
37 2 0.131 0.070 1.511
37 3 0.118 0.423 1.495
37 4 0.165 0.574 1.445
37 5 -0.036 0.296 1.430
37 6 -0.110 0.040 1.403
37 7 -0.066 -0.159 1.392
37 8 -0.032 -0.217 1.380
37 9 0.276 0.333 1.560
37 10 0.332 0.086 1.548
37 11 0.341 -0.094 1.478
37 12 0.365 -0.137 1.452
37 13 0.091 -0.073 1.433
37 14 0.089 -0.460 1.489
37 15 0.076 -0.766 1.509
37 16 0.107 -0.805 1.422
37 17 0.233 -0.065 1.497
37 18 0.259 -0.469 1.594
37 19 0.233 -0.742 1.658
37 20 0.269 -0.782 1.573
38 1 0.159 0.004 1.477
38 2 0.135 0.069 1.518
38 3 0.121 0.425 1.506
38 4 0.175 0.576 1.458
38 5 -0.029 0.297 1.433
38 6 -0.108 0.039 1.402
38 7 -0.061 -0.160 1.391
38 8 0.002 -0.196 1.368
38 9 0.276 0.331 1.566
38 10 0.321 0.072 1.527
38 11 0.342 -0.127 1.478
38 12 0.368 -0.167 1.451
38 13 0.097 -0.074 1.438
38 14 0.089 -0.460 1.490
38 15 0.071 -0.766 1.511
38 16 0.105 -0.805 1.425
38 17 0.236 -0.066 1.503
38 18 0.259 -0.473 1.609
38 19 0.231 -0.741 1.670
38 20 0.268 -0.780 1.586
39 1 0.164 0.003 1.483
39 2 0.139 0.068 1.524
39 3 0.126 0.428 1.519
39 4 0.186 0.579 1.473
39 5 -0.018 0.299 1.438
39 6 -0.106 0.039 1.401
39 7 -0.010 -0.140 1.374
39 8 0.055 -0.159 1.349
39 9 0.277 0.329 1.576
39 10 0.311 0.050 1.498
39 11 0.343 -0.150 1.482
39 12 0.371 -0.186 1.454
39 13 0.102 -0.074 1.442
39 14 0.089 -0.460 1.490
39 15 0.066 -0.766 1.513
39 16 0.102 -0.805 1.427
39 17 0.239 -0.066 1.510
39 18 0.259 -0.477 1.625
39 19 0.229 -0.740 1.682
39 20 0.268 -0.779 1.598
40 1 0.169 0.003 1.490
40 2 0.144 0.068 1.532
40 3 0.132 0.431 1.532
40 4 0.199 0.585 1.496
40 5 -0.007 0.302 1.445
40 6 -0.100 0.041 1.400
40 7 0.018 -0.129 1.366
40 8 0.083 -0.140 1.340
40 9 0.280 0.326 1.591
40 10 0.315 0.043 1.507
40 11 0.344 -0.163 1.491
40 12 0.372 -0.199 1.460
40 13 0.108 -0.073 1.446
40 14 0.088 -0.460 1.491
40 15 0.062 -0.766 1.513
40 16 0.100 -0.805 1.428
40 17 0.244 -0.067 1.519
40 18 0.261 -0.480 1.638
40 19 0.228 -0.739 1.690
40 20 0.267 -0.778 1.607
41 1 0.175 0.003 1.498
41 2 0.149 0.068 1.541
41 3 0.139 0.434 1.546
41 4 0.208 0.589 1.513
41 5 0.005 0.306 1.455
41 6 -0.089 0.044 1.401
41 7 0.031 -0.125 1.362
41 8 0.077 -0.160 1.352
41 9 0.288 0.322 1.615
41 10 0.318 0.037 1.521
41 11 0.348 -0.169 1.511
41 12 0.374 -0.210 1.474
41 13 0.114 -0.072 1.450
41 14 0.088 -0.460 1.492
41 15 0.059 -0.766 1.513
41 16 0.099 -0.805 1.428
41 17 0.249 -0.068 1.530
41 18 0.263 -0.484 1.651
41 19 0.227 -0.739 1.697
41 20 0.267 -0.778 1.614
42 1 0.183 0.005 1.509
42 2 0.155 0.069 1.552
42 3 0.147 0.437 1.561
42 4 0.216 0.593 1.531
42 5 0.016 0.309 1.464
42 6 -0.078 0.048 1.404
42 7 0.040 -0.121 1.362
42 8 0.069 -0.172 1.363
42 9 0.297 0.320 1.641
42 10 0.324 0.036 1.545
42 11 0.353 -0.169 1.536
42 12 0.376 -0.218 1.493
42 13 0.123 -0.070 1.456
42 14 0.088 -0.459 1.494
42 15 0.056 -0.766 1.512
42 16 0.098 -0.805 1.429
42 17 0.256 -0.070 1.545
42 18 0.265 -0.486 1.661
42 19 0.226 -0.739 1.701
42 20 0.267 -0.778 1.620
43 1 0.193 0.006 1.524
43 2 0.163 0.071 1.566
43 3 0.154 0.440 1.577
43 4 0.228 0.597 1.555
43 5 0.029 0.311 1.476
43 6 -0.065 0.051 1.408
43 7 0.048 -0.120 1.364
43 8 0.063 -0.182 1.371
43 9 0.305 0.320 1.666
43 10 0.336 0.042 1.586
43 11 0.357 -0.164 1.558
43 12 0.380 -0.220 1.517
43 13 0.135 -0.067 1.465
43 14 0.089 -0.456 1.497
43 15 0.053 -0.765 1.510
43 16 0.098 -0.804 1.428
43 17 0.266 -0.072 1.565
43 18 0.267 -0.488 1.671
43 19 0.225 -0.740 1.705
43 20 0.268 -0.779 1.624
44 1 0.206 0.009 1.543
44 2 0.173 0.073 1.584
44 3 0.161 0.444 1.593
44 4 0.235 0.601 1.572
44 5 0.040 0.312 1.487
44 6 -0.051 0.054 1.414
44 7 0.046 -0.125 1.377
44 8 0.062 -0.188 1.376
44 9 0.310 0.321 1.687
44 10 0.344 0.046 1.612
44 11 0.361 -0.157 1.579
44 12 0.384 -0.218 1.536
44 13 0.151 -0.065 1.478
44 14 0.091 -0.452 1.503
44 15 0.051 -0.764 1.507
44 16 0.098 -0.803 1.427
44 17 0.277 -0.073 1.589
44 18 0.269 -0.490 1.679
44 19 0.224 -0.742 1.707
44 20 0.268 -0.781 1.627
45 1 0.218 0.007 1.564
45 2 0.183 0.070 1.605
45 3 0.175 0.417 1.619
45 4 0.241 0.594 1.603
45 5 0.053 0.312 1.501
45 6 -0.036 0.054 1.422
45 7 0.044 -0.132 1.390
45 8 0.066 -0.192 1.383
45 9 0.313 0.321 1.699
45 10 0.350 0.049 1.634
45 11 0.367 -0.150 1.601
45 12 0.396 -0.210 1.583
45 13 0.168 -0.066 1.497
45 14 0.095 -0.447 1.512
45 15 0.050 -0.763 1.504
45 16 0.099 -0.803 1.426
45 17 0.286 -0.075 1.612
45 18 0.272 -0.493 1.688
45 19 0.223 -0.746 1.708
45 20 0.269 -0.784 1.629
46 1 0.229 0.006 1.585
46 2 0.192 0.066 1.622
46 3 0.183 0.404 1.634
46 4 0.249 0.591 1.632
46 5 0.067 0.309 1.517
46 6 -0.021 0.054 1.430
46 7 0.052 -0.136 1.405
46 8 0.078 -0.196 1.394
46 9 0.313 0.330 1.730
46 10 0.355 0.057 1.658
46 11 0.375 -0.138 1.630
46 12 0.402 -0.203 1.605
46 13 0.184 -0.067 1.517
46 14 0.100 -0.441 1.521
46 15 0.051 -0.762 1.501
46 16 0.102 -0.802 1.424
46 17 0.293 -0.078 1.633
46 18 0.274 -0.494 1.699
46 19 0.224 -0.750 1.710
46 20 0.274 -0.790 1.634
47 1 0.240 0.007 1.609
47 2 0.200 0.065 1.642
47 3 0.193 0.393 1.650
47 4 0.263 0.591 1.663
47 5 0.081 0.307 1.533
47 6 -0.006 0.053 1.441
47 7 0.065 -0.139 1.419
47 8 0.101 -0.196 1.411
47 9 0.313 0.357 1.784
47 10 0.362 0.087 1.720
47 11 0.380 -0.127 1.650
47 12 0.405 -0.191 1.629
47 13 0.201 -0.066 1.540
47 14 0.107 -0.435 1.532
47 15 0.054 -0.761 1.499
47 16 0.111 -0.800 1.425
47 17 0.300 -0.077 1.657
47 18 0.278 -0.496 1.719
47 19 0.230 -0.756 1.720
47 20 0.290 -0.797 1.653
48 1 0.248 0.006 1.627
48 2 0.207 0.063 1.659
48 3 0.203 0.386 1.667
48 4 0.273 0.592 1.683
48 5 0.095 0.305 1.549
48 6 0.012 0.051 1.455
48 7 0.086 -0.140 1.437
48 8 0.121 -0.198 1.427
48 9 0.312 0.372 1.810
48 10 0.364 0.099 1.745
48 11 0.390 -0.120 1.675
48 12 0.406 -0.184 1.649
48 13 0.212 -0.066 1.559
48 14 0.112 -0.430 1.541
48 15 0.060 -0.759 1.498
48 16 0.123 -0.798 1.428
48 17 0.304 -0.077 1.674
48 18 0.285 -0.529 1.759
48 19 0.236 -0.768 1.734
48 20 0.303 -0.803 1.671
49 1 0.256 0.004 1.651
49 2 0.214 0.060 1.682
49 3 0.211 0.384 1.686
49 4 0.283 0.594 1.705
49 5 0.108 0.303 1.565
49 6 0.030 0.049 1.469
49 7 0.107 -0.141 1.454
49 8 0.161 -0.184 1.457
49 9 0.312 0.379 1.826
49 10 0.366 0.107 1.764
49 11 0.402 -0.115 1.704
49 12 0.404 -0.176 1.668
49 13 0.222 -0.066 1.586
49 14 0.120 -0.426 1.549
49 15 0.067 -0.756 1.499
49 16 0.136 -0.797 1.433
49 17 0.309 -0.078 1.696
49 18 0.296 -0.509 1.788
49 19 0.242 -0.771 1.744
49 20 0.313 -0.806 1.684
50 1 0.262 -0.000 1.671
50 2 0.220 0.056 1.701
50 3 0.222 0.377 1.708
50 4 0.293 0.593 1.724
50 5 0.122 0.302 1.581
50 6 0.046 0.049 1.483
50 7 0.115 -0.143 1.464
50 8 0.183 -0.161 1.479
50 9 0.313 0.381 1.839
50 10 0.368 0.110 1.779
50 11 0.410 -0.112 1.730
50 12 0.402 -0.173 1.686
50 13 0.229 -0.067 1.604
50 14 0.131 -0.424 1.559
50 15 0.073 -0.754 1.501
50 16 0.145 -0.796 1.438
50 17 0.312 -0.084 1.721
50 18 0.302 -0.498 1.801
50 19 0.253 -0.779 1.765
50 20 0.326 -0.815 1.709
51 1 0.267 -0.003 1.687
51 2 0.225 0.054 1.717
51 3 0.230 0.376 1.725
51 4 0.303 0.594 1.745
51 5 0.137 0.304 1.598
51 6 0.064 0.050 1.498
51 7 0.122 -0.144 1.476
51 8 0.203 -0.152 1.496
51 9 0.316 0.382 1.851
51 10 0.371 0.112 1.793
51 11 0.418 -0.116 1.753
51 12 0.404 -0.177 1.712
51 13 0.234 -0.068 1.617
51 14 0.146 -0.429 1.571
51 15 0.078 -0.754 1.504
51 16 0.153 -0.796 1.445
51 17 0.314 -0.087 1.740
51 18 0.312 -0.514 1.819
51 19 0.260 -0.783 1.780
51 20 0.336 -0.820 1.726
52 1 0.272 -0.006 1.716
52 2 0.230 0.051 1.743
52 3 0.238 0.374 1.742
52 4 0.313 0.593 1.764
52 5 0.151 0.307 1.613
52 6 0.082 0.053 1.512
52 7 0.131 -0.144 1.492
52 8 0.222 -0.150 1.512
52 9 0.322 0.380 1.864
52 10 0.376 0.111 1.806
52 11 0.427 -0.126 1.791
52 12 0.410 -0.185 1.750
52 13 0.239 -0.071 1.638
52 14 0.175 -0.474 1.586
52 15 0.079 -0.752 1.507
52 16 0.154 -0.793 1.450
52 17 0.318 -0.098 1.783
52 18 0.321 -0.524 1.831
52 19 0.268 -0.790 1.795
52 20 0.345 -0.828 1.743
53 1 0.279 -0.044 1.747
53 2 0.238 0.019 1.773
53 3 0.248 0.369 1.761
53 4 0.323 0.590 1.785
53 5 0.166 0.312 1.631
53 6 0.103 0.057 1.528
53 7 0.146 -0.141 1.511
53 8 0.239 -0.146 1.529
53 9 0.331 0.373 1.881
53 10 0.345 0.124 1.746
53 11 0.429 -0.126 1.803
53 12 0.420 -0.185 1.803
53 13 0.243 -0.086 1.706
53 14 0.192 -0.503 1.594
53 15 0.054 -0.738 1.551
53 16 0.129 -0.778 1.500
53 17 0.321 -0.107 1.787
53 18 0.330 -0.538 1.845
53 19 0.282 -0.798 1.817
53 20 0.358 -0.837 1.765
54 1 0.275 -0.035 1.743
54 2 0.236 0.035 1.776
54 3 0.258 0.437 1.798
54 4 0.336 0.621 1.820
54 5 0.180 0.313 1.646
54 6 0.121 0.059 1.540
54 7 0.161 -0.141 1.525
54 8 0.228 -0.174 1.544
54 9 0.349 0.427 1.921
54 10 0.343 0.189 1.759
54 11 0.429 -0.065 1.851
54 12 0.423 -0.108 1.827
54 13 0.239 -0.083 1.727
54 14 0.206 -0.518 1.602
54 15 0.064 -0.736 1.564
54 16 0.139 -0.776 1.515
54 17 0.314 -0.076 1.741
54 18 0.314 -0.462 1.810
54 19 0.260 -0.761 1.793
54 20 0.337 -0.814 1.744
55 1 0.274 -0.032 1.746
55 2 0.235 0.045 1.779
55 3 0.266 0.478 1.822
55 4 0.344 0.639 1.840
55 5 0.195 0.316 1.664
55 6 0.141 0.061 1.553
55 7 0.182 -0.139 1.541
55 8 0.238 -0.175 1.560
55 9 0.357 0.452 1.940
55 10 0.342 0.216 1.763
55 11 0.430 -0.037 1.873
55 12 0.410 -0.075 1.835
55 13 0.236 -0.080 1.738
55 14 0.221 -0.522 1.613
55 15 0.132 -0.742 1.552
55 16 0.208 -0.781 1.503
55 17 0.312 -0.062 1.724
55 18 0.306 -0.418 1.794
55 19 0.251 -0.743 1.785
55 20 0.327 -0.801 1.736
56 1 0.272 -0.039 1.743
56 2 0.235 0.033 1.777
56 3 0.273 0.419 1.824
56 4 0.353 0.627 1.856
56 5 0.205 0.318 1.676
56 6 0.158 0.062 1.564
56 7 0.205 -0.137 1.554
56 8 0.249 -0.179 1.571
56 9 0.368 0.425 1.953
56 10 0.350 0.189 1.772
56 11 0.435 -0.060 1.887
56 12 0.406 -0.108 1.830
56 13 0.233 -0.077 1.742
56 14 0.246 -0.522 1.631
56 15 0.183 -0.748 1.545
56 16 0.259 -0.787 1.496
56 17 0.309 -0.073 1.717
56 18 0.298 -0.450 1.773
56 19 0.188 -0.716 1.809
56 20 0.214 -0.698 1.726
57 1 0.272 -0.045 1.742
57 2 0.235 0.025 1.777
57 3 0.282 0.407 1.836
57 4 0.360 0.618 1.865
57 5 0.217 0.319 1.691
57 6 0.179 0.064 1.576
57 7 0.233 -0.135 1.570
57 8 0.260 -0.187 1.580
57 9 0.376 0.406 1.961
57 10 0.359 0.167 1.781
57 11 0.440 -0.080 1.894
57 12 0.407 -0.131 1.827
57 13 0.232 -0.077 1.747
57 14 0.280 -0.514 1.660
57 15 0.199 -0.750 1.552
57 16 0.276 -0.790 1.504
57 17 0.308 -0.083 1.714
57 18 0.297 -0.471 1.768
57 19 0.121 -0.648 1.727
57 20 0.195 -0.631 1.654
58 1 0.275 -0.053 1.747
58 2 0.239 0.016 1.782
58 3 0.289 0.391 1.841
58 4 0.367 0.610 1.874
58 5 0.226 0.321 1.701
58 6 0.196 0.064 1.585
58 7 0.254 -0.135 1.583
58 8 0.274 -0.193 1.589
58 9 0.384 0.392 1.968
58 10 0.369 0.150 1.791
58 11 0.447 -0.094 1.900
58 12 0.411 -0.147 1.828
58 13 0.233 -0.079 1.752
58 14 0.316 -0.506 1.690
58 15 0.214 -0.752 1.566
58 16 0.291 -0.792 1.518
58 17 0.314 -0.098 1.726
58 18 0.259 -0.506 1.770
58 19 0.303 -0.650 1.583
58 20 0.384 -0.673 1.527
59 1 0.281 -0.058 1.759
59 2 0.245 0.012 1.793
59 3 0.295 0.387 1.848
59 4 0.373 0.606 1.882
59 5 0.238 0.323 1.713
59 6 0.215 0.066 1.596
59 7 0.278 -0.139 1.598
59 8 0.288 -0.204 1.598
59 9 0.390 0.387 1.974
59 10 0.378 0.144 1.804
59 11 0.452 -0.099 1.907
59 12 0.415 -0.153 1.832
59 13 0.239 -0.082 1.762
59 14 0.364 -0.503 1.721
59 15 0.254 -0.754 1.603
59 16 0.331 -0.794 1.555
59 17 0.322 -0.104 1.747
59 18 0.242 -0.524 1.774
59 19 0.361 -0.654 1.559
59 20 0.442 -0.683 1.510
60 1 0.289 -0.067 1.778
60 2 0.253 0.006 1.809
60 3 0.301 0.384 1.855
60 4 0.380 0.602 1.889
60 5 0.248 0.323 1.723
60 6 0.233 0.066 1.606
60 7 0.301 -0.147 1.614
60 8 0.316 -0.216 1.620
60 9 0.395 0.382 1.981
60 10 0.387 0.137 1.815
60 11 0.458 -0.105 1.912
60 12 0.422 -0.160 1.837
60 13 0.246 -0.088 1.776
60 14 0.383 -0.505 1.742
60 15 0.273 -0.757 1.630
60 16 0.351 -0.798 1.583
60 17 0.330 -0.114 1.774
60 18 0.245 -0.563 1.793
60 19 0.440 -0.699 1.582
60 20 0.520 -0.739 1.536
61 1 0.299 -0.067 1.804
61 2 0.263 0.007 1.834
61 3 0.311 0.386 1.867
61 4 0.390 0.600 1.900
61 5 0.260 0.323 1.734
61 6 0.248 0.066 1.615
61 7 0.317 -0.154 1.627
61 8 0.339 -0.223 1.641
61 9 0.403 0.380 1.989
61 10 0.398 0.135 1.829
61 11 0.467 -0.108 1.920
61 12 0.432 -0.163 1.846
61 13 0.257 -0.091 1.799
61 14 0.393 -0.504 1.763
61 15 0.283 -0.758 1.656
61 16 0.361 -0.799 1.610
61 17 0.338 -0.112 1.801
61 18 0.253 -0.567 1.817
61 19 0.472 -0.723 1.625
61 20 0.553 -0.771 1.583
62 1 0.310 -0.071 1.830
62 2 0.274 0.004 1.858
62 3 0.325 0.384 1.880
62 4 0.405 0.593 1.914
62 5 0.274 0.322 1.745
62 6 0.264 0.064 1.625
62 7 0.328 -0.158 1.636
62 8 0.351 -0.227 1.651
62 9 0.414 0.374 1.999
62 10 0.411 0.130 1.843
62 11 0.480 -0.114 1.930
62 12 0.447 -0.169 1.858
62 13 0.268 -0.095 1.821
62 14 0.268 -0.559 1.873
62 15 0.251 -0.793 1.802
62 16 0.330 -0.823 1.758
62 17 0.349 -0.117 1.834
62 18 0.335 -0.575 1.817
62 19 0.458 -0.796 1.719
62 20 0.540 -0.846 1.676
63 1 0.316 -0.073 1.845
63 2 0.281 0.003 1.872
63 3 0.338 0.386 1.892
63 4 0.418 0.591 1.926
63 5 0.289 0.319 1.757
63 6 0.278 0.062 1.634
63 7 0.341 -0.167 1.651
63 8 0.361 -0.231 1.660
63 9 0.425 0.373 2.010
63 10 0.424 0.129 1.856
63 11 0.492 -0.116 1.939
63 12 0.461 -0.170 1.870
63 13 0.275 -0.098 1.836
63 14 0.222 -0.521 1.925
63 15 0.246 -0.796 1.873
63 16 0.324 -0.830 1.830
63 17 0.353 -0.118 1.849
63 18 0.369 -0.518 1.820
63 19 0.455 -0.825 1.805
63 20 0.534 -0.882 1.764
64 1 0.320 -0.076 1.859
64 2 0.285 0.001 1.884
64 3 0.347 0.385 1.900
64 4 0.431 0.586 1.936
64 5 0.306 0.314 1.767
64 6 0.293 0.057 1.644
64 7 0.351 -0.175 1.664
64 8 0.372 -0.238 1.673
64 9 0.435 0.370 2.019
64 10 0.434 0.127 1.866
64 11 0.503 -0.118 1.948
64 12 0.473 -0.173 1.880
64 13 0.280 -0.101 1.846
64 14 0.188 -0.506 1.947
64 15 0.245 -0.799 1.904
64 16 0.324 -0.834 1.862
64 17 0.356 -0.121 1.867
64 18 0.402 -0.557 1.850
64 19 0.445 -0.849 1.864
64 20 0.525 -0.901 1.822
65 1 0.324 -0.079 1.872
65 2 0.289 -0.001 1.895
65 3 0.358 0.382 1.910
65 4 0.443 0.580 1.946
65 5 0.321 0.307 1.777
65 6 0.306 0.051 1.654
65 7 0.357 -0.179 1.671
65 8 0.381 -0.240 1.685
65 9 0.446 0.367 2.029
65 10 0.444 0.124 1.876
65 11 0.515 -0.122 1.957
65 12 0.485 -0.176 1.890
65 13 0.284 -0.104 1.859
65 14 0.190 -0.501 1.952
65 15 0.247 -0.801 1.926
65 16 0.326 -0.838 1.884
65 17 0.357 -0.124 1.880
65 18 0.416 -0.579 1.868
65 19 0.444 -0.860 1.889
65 20 0.523 -0.911 1.848
66 1 0.327 -0.081 1.884
66 2 0.294 -0.002 1.907
66 3 0.371 0.381 1.920
66 4 0.456 0.577 1.954
66 5 0.333 0.299 1.787
66 6 0.319 0.043 1.663
66 7 0.361 -0.180 1.676
66 8 0.385 -0.239 1.694
66 9 0.459 0.365 2.039
66 10 0.456 0.123 1.886
66 11 0.343 0.002 1.709
66 12 0.294 -0.036 1.640
66 13 0.289 -0.106 1.873
66 14 0.206 -0.510 1.974
66 15 0.265 -0.801 1.940
66 16 0.343 -0.841 1.899
66 17 0.359 -0.125 1.890
66 18 0.424 -0.590 1.876
66 19 0.442 -0.867 1.904
66 20 0.519 -0.913 1.863
67 1 0.335 -0.087 1.902
67 2 0.304 -0.007 1.924
67 3 0.386 0.376 1.930
67 4 0.469 0.571 1.962
67 5 0.344 0.288 1.796
67 6 0.330 0.032 1.672
67 7 0.376 -0.207 1.708
67 8 0.396 -0.278 1.728
67 9 0.473 0.361 2.049
67 10 0.436 0.156 1.863
67 11 0.267 0.108 1.643
67 12 0.221 0.062 1.568
67 13 0.298 -0.114 1.892
67 14 0.228 -0.515 1.982
67 15 0.275 -0.805 1.947
67 16 0.353 -0.848 1.906
67 17 0.366 -0.133 1.908
67 18 0.429 -0.598 1.881
67 19 0.441 -0.869 1.911
67 20 0.518 -0.914 1.869
68 1 0.343 -0.088 1.916
68 2 0.314 -0.006 1.940
68 3 0.413 0.399 1.947
68 4 0.483 0.573 1.970
68 5 0.353 0.276 1.805
68 6 0.340 0.021 1.680
68 7 0.382 -0.218 1.722
68 8 0.398 -0.296 1.744
68 9 0.497 0.376 2.066
68 10 0.434 0.209 1.854
68 11 0.199 0.241 1.576
68 12 0.141 0.226 1.506
68 13 0.304 -0.118 1.904
68 14 0.254 -0.525 2.003
68 15 0.290 -0.806 1.949
68 16 0.367 -0.850 1.907
68 17 0.372 -0.136 1.921
68 18 0.433 -0.604 1.885
68 19 0.442 -0.868 1.909
68 20 0.518 -0.910 1.865
69 1 0.350 -0.094 1.927
69 2 0.322 -0.012 1.951
69 3 0.427 0.374 1.957
69 4 0.497 0.562 1.977
69 5 0.359 0.264 1.813
69 6 0.347 0.009 1.689
69 7 0.382 -0.221 1.731
69 8 0.397 -0.300 1.752
69 9 0.511 0.365 2.076
69 10 0.431 0.217 1.846
69 11 0.194 0.266 1.577
69 12 0.129 0.278 1.513
69 13 0.309 -0.125 1.915
69 14 0.294 -0.573 2.029
69 15 0.298 -0.812 1.952
69 16 0.374 -0.855 1.910
69 17 0.379 -0.142 1.931
69 18 0.436 -0.593 1.894
69 19 0.444 -0.866 1.894
69 20 0.519 -0.908 1.849
70 1 0.353 -0.100 1.934
70 2 0.327 -0.018 1.959
70 3 0.432 0.361 1.961
70 4 0.505 0.551 1.981
70 5 0.364 0.253 1.822
70 6 0.351 -0.000 1.695
70 7 0.377 -0.220 1.737
70 8 0.390 -0.298 1.757
70 9 0.519 0.357 2.082
70 10 0.429 0.217 1.840
70 11 0.194 0.273 1.584
70 12 0.130 0.291 1.524
70 13 0.312 -0.132 1.923
70 14 0.343 -0.591 2.009
70 15 0.291 -0.818 1.974
70 16 0.366 -0.863 1.931
70 17 0.382 -0.149 1.938
70 18 0.437 -0.585 1.899
70 19 0.449 -0.865 1.885
70 20 0.523 -0.908 1.840
71 1 0.355 -0.103 1.940
71 2 0.329 -0.020 1.964
71 3 0.437 0.362 1.966
71 4 0.511 0.546 1.985
71 5 0.366 0.244 1.829
71 6 0.353 -0.007 1.699
71 7 0.367 -0.217 1.743
71 8 0.367 -0.287 1.762
71 9 0.526 0.356 2.087
71 10 0.430 0.221 1.843
71 11 0.206 0.279 1.606
71 12 0.142 0.292 1.548
71 13 0.313 -0.136 1.929
71 14 0.358 -0.598 2.007
71 15 0.280 -0.816 2.006
71 16 0.258 -0.773 1.968
71 17 0.383 -0.152 1.944
71 18 0.436 -0.579 1.903
71 19 0.453 -0.863 1.879
71 20 0.527 -0.907 1.834
72 1 0.355 -0.105 1.945
72 2 0.330 -0.022 1.969
72 3 0.439 0.364 1.970
72 4 0.514 0.543 1.988
72 5 0.368 0.236 1.838
72 6 0.351 -0.013 1.704
72 7 0.351 -0.214 1.752
72 8 0.346 -0.280 1.772
72 9 0.530 0.356 2.091
72 10 0.432 0.216 1.854
72 11 0.199 0.248 1.653
72 12 0.127 0.251 1.602
72 13 0.313 -0.142 1.937
72 14 0.357 -0.618 2.034
72 15 0.276 -0.826 2.019
72 16 0.302 -0.831 1.986
72 17 0.383 -0.156 1.949
72 18 0.433 -0.574 1.908
72 19 0.456 -0.862 1.874
72 20 0.530 -0.907 1.829
73 1 0.350 -0.112 1.954
73 2 0.327 -0.026 1.976
73 3 0.440 0.365 1.974
73 4 0.516 0.540 1.991
73 5 0.369 0.230 1.845
73 6 0.344 -0.019 1.709
73 7 0.334 -0.211 1.766
73 8 0.328 -0.273 1.788
73 9 0.533 0.355 2.095
73 10 0.434 0.210 1.865
73 11 0.206 0.214 1.692
73 12 0.131 0.213 1.643
73 13 0.305 -0.151 1.950
73 14 0.364 -0.626 2.038
73 15 0.261 -0.830 2.048
73 16 0.256 -0.784 2.015
73 17 0.376 -0.164 1.956
73 18 0.426 -0.570 1.916
73 19 0.461 -0.862 1.869
73 20 0.535 -0.908 1.824
74 1 0.340 -0.119 1.966
74 2 0.319 -0.032 1.986
74 3 0.438 0.364 1.979
74 4 0.516 0.535 1.997
74 5 0.369 0.220 1.856
74 6 0.331 -0.026 1.717
74 7 0.322 -0.212 1.777
74 8 0.319 -0.272 1.797
74 9 0.534 0.354 2.100
74 10 0.432 0.200 1.877
74 11 0.208 0.198 1.710
74 12 0.133 0.195 1.662
74 13 0.292 -0.161 1.970
74 14 0.299 -0.547 2.010
74 15 0.275 -0.785 2.060
74 16 0.222 -0.788 2.046
74 17 0.366 -0.172 1.963
74 18 0.400 -0.564 1.939
74 19 0.471 -0.860 1.862
74 20 0.545 -0.907 1.818
75 1 0.326 -0.130 1.980
75 2 0.306 -0.042 2.000
75 3 0.430 0.356 1.989
75 4 0.511 0.526 2.007
75 5 0.367 0.209 1.872
75 6 0.309 0.003 1.716
75 7 0.314 -0.209 1.784
75 8 0.312 -0.272 1.805
75 9 0.531 0.348 2.108
75 10 0.428 0.188 1.888
75 11 0.209 0.189 1.721
75 12 0.133 0.185 1.673
75 13 0.279 -0.172 1.991
75 14 0.289 -0.542 2.012
75 15 0.290 -0.754 2.071
75 16 0.214 -0.792 2.063
75 17 0.352 -0.182 1.971
75 18 0.385 -0.565 1.951
75 19 0.477 -0.860 1.860
75 20 0.552 -0.908 1.817
76 1 0.313 -0.141 1.995
76 2 0.292 -0.053 2.015
76 3 0.416 0.337 2.003
76 4 0.499 0.507 2.023
76 5 0.353 0.181 1.894
76 6 0.291 -0.026 1.727
76 7 0.309 -0.220 1.795
76 8 0.310 -0.277 1.814
76 9 0.523 0.333 2.120
76 10 0.418 0.170 1.900
76 11 0.207 0.181 1.729
76 12 0.132 0.178 1.681
76 13 0.263 -0.186 2.014
76 14 0.281 -0.534 2.011
76 15 0.296 -0.749 2.079
76 16 0.207 -0.798 2.074
76 17 0.339 -0.194 1.980
76 18 0.367 -0.569 1.966
76 19 0.486 -0.859 1.861
76 20 0.560 -0.908 1.818
77 1 0.298 -0.158 2.015
77 2 0.277 -0.072 2.035
77 3 0.401 0.313 2.018
77 4 0.484 0.484 2.039
77 5 0.338 0.157 1.911
77 6 0.283 -0.042 1.733
77 7 0.308 -0.228 1.800
77 8 0.313 -0.288 1.822
77 9 0.511 0.313 2.135
77 10 0.406 0.149 1.911
77 11 0.202 0.172 1.736
77 12 0.129 0.171 1.687
77 13 0.251 -0.199 2.032
77 14 0.275 -0.530 2.012
77 15 0.302 -0.755 2.087
77 16 0.206 -0.804 2.078
77 17 0.321 -0.222 2.000
77 18 0.356 -0.574 1.977
77 19 0.494 -0.860 1.863
77 20 0.568 -0.910 1.821
78 1 0.254 -0.171 2.049
78 2 0.237 -0.086 2.066
78 3 0.383 0.278 2.037
78 4 0.466 0.453 2.058
78 5 0.315 0.127 1.931
78 6 0.278 -0.050 1.738
78 7 0.319 -0.251 1.813
78 8 0.325 -0.313 1.837
78 9 0.492 0.279 2.155
78 10 0.394 0.116 1.926
78 11 0.195 0.155 1.743
78 12 0.124 0.159 1.691
78 13 0.204 -0.212 2.044
78 14 0.269 -0.537 2.023
78 15 0.311 -0.830 2.115
78 16 0.317 -0.895 2.088
78 17 0.274 -0.232 2.055
78 18 0.347 -0.580 1.989
78 19 0.496 -0.862 1.869
78 20 0.569 -0.914 1.828
79 1 0.232 -0.188 2.072
79 2 0.216 -0.103 2.088
79 3 0.363 0.242 2.055
79 4 0.445 0.416 2.076
79 5 0.294 0.099 1.953
79 6 0.270 -0.064 1.750
79 7 0.341 -0.299 1.833
79 8 0.353 -0.362 1.851
79 9 0.472 0.244 2.174
79 10 0.384 0.093 1.937
79 11 0.181 0.125 1.753
79 12 0.112 0.132 1.697
79 13 0.184 -0.225 2.054
79 14 0.267 -0.568 2.050
79 15 0.315 -0.888 2.156
79 16 0.378 -0.953 2.117
79 17 0.250 -0.249 2.095
79 18 0.343 -0.586 2.001
79 19 0.497 -0.864 1.872
79 20 0.570 -0.917 1.832
80 1 0.232 -0.213 2.138
80 2 0.213 -0.131 2.147
80 3 0.343 0.199 2.078
80 4 0.426 0.380 2.095
80 5 0.266 0.063 1.980
80 6 0.254 -0.096 1.779
80 7 0.352 -0.306 1.825
80 8 0.367 -0.375 1.854
80 9 0.449 0.199 2.199
80 10 0.368 0.055 1.956
80 11 0.160 0.078 1.771
80 12 0.091 0.088 1.713
80 13 0.184 -0.258 2.120
80 14 0.271 -0.601 2.077
80 15 0.313 -0.931 2.183
80 16 0.405 -0.995 2.135
80 17 0.254 -0.265 2.169
80 18 0.343 -0.641 2.014
80 19 0.498 -0.866 1.876
80 20 0.570 -0.920 1.836
81 1 0.240 -0.241 2.195
81 2 0.219 -0.162 2.201
81 3 0.327 0.155 2.103
81 4 0.409 0.337 2.118
81 5 0.238 0.026 2.012
81 6 0.235 -0.136 1.812
81 7 0.374 -0.331 1.821
81 8 0.401 -0.395 1.848
81 9 0.431 0.155 2.224
81 10 0.352 0.011 1.980
81 11 0.141 0.029 1.795
81 12 0.072 0.038 1.736
81 13 0.190 -0.301 2.162
81 14 0.267 -0.646 2.123
81 15 0.342 -0.985 2.152
81 16 0.448 -1.057 2.098
81 17 0.265 -0.305 2.256
81 18 0.346 -0.668 2.021
81 19 0.499 -0.871 1.881
81 20 0.570 -0.925 1.839
82 1 0.234 -0.280 2.230
82 2 0.212 -0.203 2.237
82 3 0.309 0.106 2.130
82 4 0.390 0.288 2.141
82 5 0.210 -0.021 2.047
82 6 0.211 -0.186 1.849
82 7 0.381 -0.340 1.821
82 8 0.431 -0.408 1.846
82 9 0.411 0.103 2.252
82 10 0.289 -0.023 2.073
82 11 0.099 0.106 2.023
82 12 0.039 0.159 2.020
82 13 0.180 -0.350 2.187
82 14 0.260 -0.691 2.161
82 15 0.394 -0.998 2.063
82 16 0.494 -1.063 2.006
82 17 0.263 -0.348 2.301
82 18 0.343 -0.680 2.024
82 19 0.513 -0.875 1.904
82 20 0.580 -0.930 1.856
83 1 0.224 -0.326 2.258
83 2 0.201 -0.252 2.267
83 3 0.287 0.052 2.163
83 4 0.370 0.236 2.168
83 5 0.183 -0.070 2.082
83 6 0.187 -0.244 1.889
83 7 0.383 -0.348 1.821
83 8 0.438 -0.407 1.844
83 9 0.387 0.046 2.286
83 10 0.237 -0.067 2.149
83 11 0.065 0.093 2.133
83 12 0.008 0.148 2.130
83 13 0.170 -0.402 2.207
83 14 0.251 -0.738 2.197
83 15 0.434 -0.921 1.963
83 16 0.520 -0.972 1.904
83 17 0.254 -0.397 2.334
83 18 0.355 -0.713 2.029
83 19 0.472 -0.907 1.866
83 20 0.537 -0.961 1.814
84 1 0.194 -0.389 2.265
84 2 0.172 -0.316 2.280
84 3 0.259 -0.000 2.199
84 4 0.341 0.183 2.199
84 5 0.153 -0.121 2.119
84 6 0.163 -0.301 1.927
84 7 0.367 -0.367 1.831
84 8 0.446 -0.411 1.844
84 9 0.366 -0.071 2.347
84 10 0.204 -0.173 2.229
84 11 0.040 0.014 2.245
84 12 -0.013 0.070 2.245
84 13 0.136 -0.459 2.211
84 14 0.287 -0.809 2.178
84 15 0.332 -0.832 2.078
84 16 0.423 -0.893 1.994
84 17 0.225 -0.467 2.324
84 18 0.359 -0.725 2.031
84 19 0.476 -0.926 1.819
84 20 0.540 -0.980 1.761
85 1 0.171 -0.431 2.268
85 2 0.148 -0.362 2.292
85 3 0.231 -0.049 2.240
85 4 0.313 0.137 2.235
85 5 0.123 -0.165 2.162
85 6 0.144 -0.348 1.965
85 7 0.347 -0.396 1.864
85 8 0.443 -0.421 1.864
85 9 0.348 -0.168 2.402
85 10 0.183 -0.266 2.287
85 11 0.153 -0.235 2.436
85 12 0.196 -0.284 2.450
85 13 0.113 -0.491 2.212
85 14 0.336 -0.792 2.131
85 15 0.271 -0.909 2.120
85 16 0.302 -0.853 2.107
85 17 0.205 -0.517 2.334
85 18 0.361 -0.732 2.033
85 19 0.483 -0.929 1.792
85 20 0.546 -0.980 1.730
86 1 0.166 -0.459 2.305
86 2 0.139 -0.394 2.330
86 3 0.199 -0.092 2.279
86 4 0.285 0.091 2.271
86 5 0.095 -0.204 2.201
86 6 0.124 -0.383 2.008
86 7 0.345 -0.427 1.908
86 8 0.432 -0.434 1.899
86 9 0.331 -0.211 2.448
86 10 0.319 -0.413 2.436
86 11 0.196 -0.288 2.519
86 12 0.173 -0.244 2.520
86 13 0.108 -0.525 2.240
86 14 0.341 -0.826 2.141
86 15 0.192 -0.938 2.140
86 16 0.251 -0.842 2.122
86 17 0.212 -0.540 2.381
86 18 0.351 -0.700 2.063
86 19 0.500 -0.930 1.861
86 20 0.563 -0.978 1.797
87 1 0.144 -0.468 2.356
87 2 0.116 -0.406 2.379
87 3 0.168 -0.123 2.318
87 4 0.263 0.056 2.314
87 5 0.069 -0.231 2.241
87 6 0.094 -0.401 2.055
87 7 0.338 -0.451 1.949
87 8 0.417 -0.448 1.940
87 9 0.309 -0.242 2.484
87 10 0.342 -0.449 2.486
87 11 0.207 -0.300 2.535
87 12 0.173 -0.248 2.536
87 13 0.082 -0.532 2.292
87 14 0.323 -0.814 2.155
87 15 0.282 -0.945 2.041
87 16 0.340 -0.826 2.030
87 17 0.193 -0.552 2.434
87 18 0.345 -0.702 2.068
87 19 0.506 -0.902 1.884
87 20 0.568 -0.950 1.821
88 1 0.123 -0.466 2.398
88 2 0.095 -0.404 2.420
88 3 0.149 -0.128 2.343
88 4 0.242 0.041 2.343
88 5 0.052 -0.237 2.267
88 6 0.071 -0.405 2.090
88 7 0.324 -0.468 1.993
88 8 0.394 -0.466 1.983
88 9 0.291 -0.246 2.500
88 10 0.341 -0.484 2.517
88 11 0.210 -0.340 2.571
88 12 0.174 -0.290 2.575
88 13 0.061 -0.530 2.333
88 14 0.283 -0.808 2.194
88 15 0.282 -0.904 2.001
88 16 0.380 -0.788 1.992
88 17 0.172 -0.553 2.484
88 18 0.330 -0.703 2.069
88 19 0.484 -0.873 1.897
88 20 0.544 -0.922 1.833
89 1 0.088 -0.449 2.432
89 2 0.062 -0.387 2.452
89 3 0.125 -0.121 2.372
89 4 0.214 0.055 2.379
89 5 0.033 -0.232 2.296
89 6 0.036 -0.393 2.140
89 7 0.292 -0.467 2.033
89 8 0.356 -0.470 2.021
89 9 0.264 -0.234 2.536
89 10 0.343 -0.485 2.526
89 11 0.210 -0.343 2.570
89 12 0.167 -0.289 2.575
89 13 0.024 -0.513 2.367
89 14 0.232 -0.791 2.247
89 15 0.296 -0.852 1.985
89 16 0.372 -0.763 1.961
89 17 0.137 -0.537 2.517
89 18 0.308 -0.701 2.071
89 19 0.465 -0.850 1.909
89 20 0.525 -0.899 1.848
90 1 0.072 -0.439 2.446
90 2 0.049 -0.379 2.465
90 3 0.102 -0.098 2.407
90 4 0.186 0.081 2.406
90 5 0.008 -0.212 2.322
90 6 0.017 -0.380 2.168
90 7 0.274 -0.464 2.057
90 8 0.335 -0.472 2.047
90 9 0.244 -0.211 2.557
90 10 0.335 -0.474 2.538
90 11 0.209 -0.346 2.587
90 12 0.160 -0.289 2.593
90 13 0.007 -0.502 2.382
90 14 0.270 -0.707 2.149
90 15 0.353 -0.757 1.873
90 16 0.422 -0.753 1.822
90 17 0.121 -0.524 2.525
90 18 0.263 -0.679 2.076
90 19 0.440 -0.826 1.924
90 20 0.500 -0.875 1.862
91 1 0.075 -0.417 2.443
91 2 0.047 -0.365 2.466
91 3 0.084 -0.068 2.434
91 4 0.163 0.112 2.443
91 5 -0.005 -0.195 2.336
91 6 -0.002 -0.356 2.194
91 7 0.248 -0.449 2.078
91 8 0.309 -0.462 2.074
91 9 0.227 -0.179 2.589
91 10 0.332 -0.457 2.567
91 11 0.195 -0.322 2.573
91 12 0.143 -0.265 2.575
91 13 0.015 -0.479 2.374
91 14 0.296 -0.636 2.154
91 15 0.399 -0.670 1.854
91 16 0.456 -0.727 1.790
91 17 0.141 -0.495 2.505
91 18 0.194 -0.619 2.108
91 19 0.382 -0.809 1.955
91 20 0.447 -0.854 1.893
92 1 0.080 -0.398 2.444
92 2 0.050 -0.349 2.471
92 3 0.065 -0.036 2.465
92 4 0.142 0.140 2.470
92 5 -0.024 -0.165 2.358
92 6 -0.014 -0.338 2.206
92 7 0.231 -0.433 2.089
92 8 0.302 -0.456 2.068
92 9 0.219 -0.153 2.604
92 10 0.315 -0.407 2.578
92 11 0.166 -0.273 2.563
92 12 0.113 -0.225 2.565
92 13 0.022 -0.464 2.371
92 14 0.317 -0.581 2.145
92 15 0.404 -0.530 1.821
92 16 0.373 -0.633 1.859
92 17 0.151 -0.476 2.503
92 18 0.174 -0.582 2.127
92 19 0.347 -0.802 1.957
92 20 0.412 -0.843 1.893
93 1 0.084 -0.387 2.442
93 2 0.051 -0.338 2.472
93 3 0.053 -0.019 2.484
93 4 0.111 0.166 2.499
93 5 -0.033 -0.151 2.368
93 6 -0.023 -0.323 2.212
93 7 0.172 -0.401 2.101
93 8 0.234 -0.429 2.076
93 9 0.214 -0.145 2.613
93 10 0.296 -0.366 2.574
93 11 0.150 -0.238 2.554
93 12 0.096 -0.189 2.554
93 13 0.027 -0.452 2.364
93 14 0.344 -0.555 2.176
93 15 0.317 -0.779 1.989
93 16 0.371 -0.817 1.920
93 17 0.158 -0.466 2.497
93 18 0.162 -0.565 2.135
93 19 0.289 -0.797 1.931
93 20 0.363 -0.843 1.877
94 1 0.084 -0.378 2.441
94 2 0.050 -0.330 2.474
94 3 0.039 -0.006 2.502
94 4 0.094 0.175 2.518
94 5 -0.043 -0.140 2.376
94 6 -0.030 -0.310 2.214
94 7 0.143 -0.380 2.105
94 8 0.216 -0.396 2.078
94 9 0.210 -0.140 2.619
94 10 0.284 -0.345 2.573
94 11 0.142 -0.217 2.553
94 12 0.089 -0.169 2.553
94 13 0.029 -0.443 2.359
94 14 0.348 -0.544 2.190
94 15 0.321 -0.775 2.002
94 16 0.366 -0.854 1.946
94 17 0.161 -0.461 2.494
94 18 0.153 -0.554 2.140
94 19 0.267 -0.793 1.924
94 20 0.343 -0.839 1.874
95 1 0.084 -0.373 2.440
95 2 0.049 -0.326 2.475
95 3 0.024 0.003 2.521
95 4 0.058 0.184 2.552
95 5 -0.050 -0.132 2.383
95 6 -0.040 -0.299 2.215
95 7 0.129 -0.366 2.107
95 8 0.202 -0.374 2.082
95 9 0.206 -0.140 2.626
95 10 0.275 -0.334 2.574
95 11 0.137 -0.203 2.552
95 12 0.085 -0.153 2.551
95 13 0.030 -0.438 2.357
95 14 0.350 -0.539 2.199
95 15 0.304 -0.850 2.053
95 16 0.363 -0.896 1.976
95 17 0.163 -0.458 2.489
95 18 0.163 -0.594 2.144
95 19 0.266 -0.802 1.889
95 20 0.339 -0.845 1.829
96 1 0.084 -0.370 2.440
96 2 0.048 -0.324 2.476
96 3 0.011 0.004 2.539
96 4 0.036 0.184 2.573
96 5 -0.058 -0.127 2.395
96 6 -0.048 -0.291 2.215
96 7 0.124 -0.352 2.107
96 8 0.196 -0.357 2.085
96 9 0.197 -0.148 2.635
96 10 0.263 -0.331 2.579
96 11 0.133 -0.193 2.553
96 12 0.083 -0.142 2.552
96 13 0.030 -0.435 2.356
96 14 0.347 -0.542 2.204
96 15 0.291 -0.878 2.074
96 16 0.356 -0.916 1.991
96 17 0.162 -0.459 2.484
96 18 0.171 -0.623 2.145
96 19 0.260 -0.806 1.861
96 20 0.330 -0.847 1.795
97 1 0.083 -0.369 2.441
97 2 0.046 -0.325 2.479
97 3 -0.003 -0.005 2.557
97 4 0.014 0.171 2.606
97 5 -0.065 -0.126 2.404
97 6 -0.056 -0.285 2.216
97 7 0.116 -0.336 2.109
97 8 0.189 -0.341 2.090
97 9 0.180 -0.159 2.644
97 10 0.248 -0.334 2.583
97 11 0.128 -0.185 2.554
97 12 0.080 -0.132 2.553
97 13 0.031 -0.433 2.356
97 14 0.345 -0.545 2.207
97 15 0.284 -0.894 2.086
97 16 0.353 -0.928 2.001
97 17 0.161 -0.461 2.481
97 18 0.177 -0.643 2.148
97 19 0.260 -0.799 1.840
97 20 0.328 -0.839 1.773
98 1 0.081 -0.371 2.442
98 2 0.040 -0.329 2.483
98 3 -0.017 -0.020 2.574
98 4 -0.028 0.154 2.624
98 5 -0.071 -0.130 2.413
98 6 -0.063 -0.283 2.216
98 7 0.111 -0.327 2.111
98 8 0.185 -0.329 2.096
98 9 0.158 -0.171 2.651
98 10 0.235 -0.339 2.583
98 11 0.122 -0.179 2.556
98 12 0.076 -0.125 2.555
98 13 0.031 -0.432 2.356
98 14 0.320 -0.562 2.179
98 15 0.253 -0.895 2.080
98 16 0.328 -0.929 2.002
98 17 0.156 -0.467 2.479
98 18 0.179 -0.653 2.149
98 19 0.260 -0.794 1.827
98 20 0.328 -0.834 1.760
99 1 0.089 -0.388 2.442
99 2 0.041 -0.343 2.485
99 3 -0.029 -0.034 2.585
99 4 -0.039 0.144 2.636
99 5 -0.077 -0.140 2.424
99 6 -0.070 -0.285 2.215
99 7 0.108 -0.320 2.112
99 8 0.182 -0.321 2.100
99 9 0.137 -0.183 2.654
99 10 0.218 -0.351 2.579
99 11 0.087 -0.229 2.491
99 12 0.041 -0.189 2.468
99 13 0.058 -0.448 2.358
99 14 0.329 -0.594 2.167
99 15 0.264 -0.906 2.065
99 16 0.335 -0.940 1.996
99 17 0.161 -0.472 2.475
99 18 0.179 -0.661 2.149
99 19 0.260 -0.791 1.819
99 20 0.327 -0.831 1.752
100 1 0.094 -0.398 2.441
100 2 0.042 -0.354 2.485
100 3 -0.040 -0.046 2.591
100 4 -0.067 0.130 2.641
100 5 -0.088 -0.156 2.435
100 6 -0.077 -0.290 2.214
100 7 0.107 -0.315 2.115
100 8 0.185 -0.312 2.107
100 9 0.112 -0.195 2.652
100 10 0.208 -0.355 2.577
100 11 0.069 -0.251 2.455
100 12 0.021 -0.220 2.413
100 13 0.068 -0.455 2.359
100 14 0.351 -0.590 2.170
100 15 0.368 -0.887 2.039
100 16 0.437 -0.927 1.978
100 17 0.164 -0.475 2.470
100 18 0.177 -0.673 2.048
100 19 0.187 -0.841 1.834
100 20 0.254 -0.876 1.770
101 1 0.063 -0.420 2.445
101 2 0.013 -0.377 2.492
101 3 -0.051 -0.055 2.596
101 4 -0.084 0.121 2.643
101 5 -0.102 -0.168 2.440
101 6 -0.084 -0.296 2.215
101 7 0.108 -0.312 2.118
101 8 0.184 -0.306 2.117
101 9 0.098 -0.201 2.650
101 10 0.200 -0.359 2.574
101 11 0.060 -0.260 2.440
101 12 0.014 -0.230 2.393
101 13 0.037 -0.468 2.373
101 14 0.348 -0.576 2.184
101 15 0.421 -0.824 2.043
101 16 0.381 -0.827 1.982
101 17 0.131 -0.492 2.465
101 18 0.176 -0.680 2.005
101 19 0.155 -0.866 1.841
101 20 0.224 -0.895 1.777
102 1 0.022 -0.435 2.456
102 2 -0.021 -0.391 2.502
102 3 -0.062 -0.062 2.598
102 4 -0.095 0.115 2.642
102 5 -0.113 -0.175 2.443
102 6 -0.094 -0.303 2.219
102 7 0.109 -0.310 2.123
102 8 0.183 -0.302 2.126
102 9 0.087 -0.206 2.648
102 10 0.193 -0.364 2.572
102 11 0.026 -0.203 2.514
102 12 -0.028 -0.131 2.522
102 13 -0.008 -0.476 2.388
102 14 0.346 -0.568 2.192
102 15 0.454 -0.787 2.042
102 16 0.354 -0.776 1.985
102 17 0.084 -0.511 2.473
102 18 0.175 -0.682 1.989
102 19 0.140 -0.878 1.850
102 20 0.211 -0.903 1.782
103 1 -0.006 -0.439 2.461
103 2 -0.043 -0.395 2.507
103 3 -0.074 -0.069 2.599
103 4 -0.103 0.110 2.640
103 5 -0.134 -0.179 2.445
103 6 -0.104 -0.309 2.226
103 7 0.110 -0.309 2.132
103 8 0.181 -0.300 2.139
103 9 0.079 -0.209 2.646
103 10 0.182 -0.370 2.569
103 11 0.005 -0.167 2.561
103 12 -0.049 -0.095 2.565
103 13 -0.048 -0.477 2.394
103 14 0.345 -0.562 2.197
103 15 0.469 -0.772 2.040
103 16 0.339 -0.752 1.986
103 17 0.058 -0.521 2.477
103 18 0.171 -0.681 1.979
103 19 0.139 -0.888 1.869
103 20 0.207 -0.911 1.793
104 1 -0.045 -0.436 2.476
104 2 -0.077 -0.391 2.520
104 3 -0.089 -0.073 2.599
104 4 -0.143 0.102 2.633
104 5 -0.147 -0.180 2.446
104 6 -0.111 -0.313 2.231
104 7 0.090 -0.320 2.158
104 8 0.174 -0.302 2.152
104 9 0.067 -0.211 2.638
104 10 0.176 -0.374 2.570
104 11 0.005 -0.214 2.527
104 12 -0.041 -0.175 2.500
104 13 -0.085 -0.473 2.402
104 14 0.347 -0.558 2.201
104 15 0.480 -0.761 2.036
104 16 0.482 -0.792 1.963
104 17 0.017 -0.530 2.501
104 18 0.156 -0.666 1.998
104 19 0.156 -0.889 1.929
104 20 0.216 -0.907 1.830
105 1 -0.057 -0.437 2.479
105 2 -0.089 -0.392 2.523
105 3 -0.102 -0.076 2.598
105 4 -0.157 0.099 2.630
105 5 -0.154 -0.181 2.446
105 6 -0.117 -0.316 2.234
105 7 0.086 -0.321 2.170
105 8 0.163 -0.302 2.168
105 9 0.053 -0.214 2.627
105 10 0.173 -0.375 2.573
105 11 0.009 -0.244 2.505
105 12 -0.039 -0.209 2.477
105 13 -0.098 -0.473 2.403
105 14 0.342 -0.518 2.220
105 15 0.479 -0.723 2.044
105 16 0.510 -0.750 1.976
105 17 0.005 -0.534 2.505
105 18 0.150 -0.659 2.003
105 19 0.169 -0.891 1.962
105 20 0.230 -0.913 1.862
106 1 -0.066 -0.437 2.481
106 2 -0.097 -0.393 2.525
106 3 -0.113 -0.079 2.597
106 4 -0.166 0.097 2.628
106 5 -0.179 -0.186 2.439
106 6 -0.131 -0.317 2.240
106 7 0.063 -0.329 2.181
106 8 0.149 -0.306 2.178
106 9 0.038 -0.215 2.617
106 10 0.131 -0.290 2.374
106 11 0.070 -0.278 2.549
106 12 0.081 -0.305 2.543
106 13 -0.106 -0.473 2.403
106 14 0.340 -0.501 2.229
106 15 0.455 -0.698 2.058
106 16 0.523 -0.744 1.982
106 17 -0.003 -0.536 2.507
106 18 0.141 -0.653 2.008
106 19 0.183 -0.889 1.990
106 20 0.244 -0.917 1.891
107 1 -0.066 -0.443 2.466
107 2 -0.101 -0.398 2.516
107 3 -0.125 -0.083 2.595
107 4 -0.175 0.095 2.625
107 5 -0.187 -0.190 2.437
107 6 -0.140 -0.318 2.244
107 7 0.066 -0.325 2.188
107 8 0.146 -0.305 2.185
107 9 0.029 -0.215 2.613
107 10 0.117 -0.273 2.333
107 11 0.199 -0.431 2.478
107 12 0.220 -0.465 2.506
107 13 -0.106 -0.477 2.395
107 14 0.339 -0.492 2.233
107 15 0.448 -0.688 2.063
107 16 0.522 -0.741 1.991
107 17 -0.004 -0.532 2.486
107 18 0.137 -0.650 2.008
107 19 0.276 -0.854 2.019
107 20 0.335 -0.891 1.938
108 1 -0.048 -0.441 2.438
108 2 -0.091 -0.401 2.493
108 3 -0.136 -0.086 2.592
108 4 -0.182 0.093 2.620
108 5 -0.195 -0.193 2.435
108 6 -0.139 -0.345 2.217
108 7 0.063 -0.325 2.192
108 8 0.145 -0.303 2.189
108 9 0.021 -0.216 2.610
108 10 0.099 -0.261 2.296
108 11 0.241 -0.482 2.464
108 12 0.303 -0.557 2.480
108 13 -0.078 -0.480 2.358
108 14 0.338 -0.487 2.236
108 15 0.441 -0.683 2.067
108 16 0.518 -0.743 1.999
108 17 0.025 -0.514 2.454
108 18 0.131 -0.648 2.005
108 19 0.320 -0.809 2.051
108 20 0.412 -0.825 2.010
109 1 -0.039 -0.440 2.424
109 2 -0.085 -0.403 2.479
109 3 -0.146 -0.090 2.587
109 4 -0.197 0.087 2.609
109 5 -0.200 -0.197 2.432
109 6 -0.138 -0.360 2.200
109 7 0.061 -0.324 2.194
109 8 0.144 -0.301 2.193
109 9 0.012 -0.218 2.607
109 10 0.099 -0.263 2.302
109 11 0.200 -0.465 2.449
109 12 0.271 -0.542 2.467
109 13 -0.061 -0.483 2.338
109 14 0.337 -0.483 2.238
109 15 0.467 -0.702 2.048
109 16 0.559 -0.751 1.981
109 17 0.040 -0.505 2.437
109 18 0.125 -0.647 2.001
109 19 0.330 -0.784 2.064
109 20 0.443 -0.790 2.049
110 1 -0.039 -0.445 2.413
110 2 -0.086 -0.408 2.468
110 3 -0.155 -0.095 2.582
110 4 -0.210 0.081 2.599
110 5 -0.205 -0.203 2.428
110 6 -0.139 -0.367 2.193
110 7 0.059 -0.323 2.195
110 8 0.143 -0.300 2.195
110 9 -0.001 -0.221 2.604
110 10 0.093 -0.264 2.301
110 11 0.197 -0.466 2.444
110 12 0.267 -0.546 2.460
110 13 -0.060 -0.488 2.327
110 14 0.313 -0.468 2.257
110 15 0.499 -0.652 2.040
110 16 0.581 -0.700 1.976
110 17 0.033 -0.511 2.424
110 18 0.119 -0.647 1.997
110 19 0.324 -0.769 2.077
110 20 0.285 -0.827 2.033
111 1 -0.037 -0.448 2.406
111 2 -0.085 -0.412 2.460
111 3 -0.165 -0.101 2.577
111 4 -0.222 0.075 2.590
111 5 -0.213 -0.210 2.423
111 6 -0.140 -0.372 2.189
111 7 0.057 -0.322 2.195
111 8 0.141 -0.299 2.197
111 9 -0.025 -0.228 2.591
111 10 0.087 -0.260 2.282
111 11 0.193 -0.467 2.440
111 12 0.260 -0.545 2.455
111 13 -0.057 -0.492 2.321
111 14 0.334 -0.455 2.266
111 15 0.509 -0.674 2.057
111 16 0.594 -0.678 1.985
111 17 0.036 -0.511 2.419
111 18 0.114 -0.648 1.994
111 19 0.315 -0.762 2.086
111 20 0.279 -0.819 2.043
112 1 -0.040 -0.453 2.400
112 2 -0.089 -0.417 2.453
112 3 -0.178 -0.109 2.570
112 4 -0.232 0.070 2.582
112 5 -0.220 -0.217 2.419
112 6 -0.142 -0.375 2.185
112 7 0.054 -0.321 2.194
112 8 0.118 -0.299 2.198
112 9 -0.035 -0.232 2.586
112 10 0.127 -0.336 2.363
112 11 0.192 -0.499 2.480
112 12 0.246 -0.555 2.485
112 13 -0.061 -0.498 2.317
112 14 0.329 -0.457 2.262
112 15 0.544 -0.639 2.043
112 16 0.609 -0.663 1.978
112 17 0.026 -0.520 2.411
112 18 0.104 -0.666 1.977
112 19 0.174 -0.767 1.779
112 20 0.202 -0.816 1.740
113 1 -0.003 -0.439 2.400
113 2 -0.058 -0.411 2.448
113 3 -0.194 -0.117 2.560
113 4 -0.243 0.065 2.573
113 5 -0.261 -0.232 2.401
113 6 -0.152 -0.374 2.182
113 7 0.045 -0.320 2.191
113 8 0.102 -0.301 2.200
113 9 -0.043 -0.233 2.584
113 10 0.134 -0.355 2.387
113 11 0.186 -0.510 2.501
113 12 0.238 -0.560 2.499
113 13 -0.016 -0.489 2.330
113 14 0.397 -0.517 2.203
113 15 0.601 -0.638 2.005
113 16 0.671 -0.616 1.946
113 17 0.073 -0.492 2.412
113 18 0.111 -0.633 2.048
113 19 0.266 -0.790 2.012
113 20 0.283 -0.850 1.923
114 1 -0.027 -0.416 2.389
114 2 -0.079 -0.396 2.434
114 3 -0.209 -0.125 2.550
114 4 -0.251 0.061 2.567
114 5 -0.276 -0.238 2.395
114 6 -0.159 -0.376 2.175
114 7 0.035 -0.318 2.190
114 8 0.092 -0.302 2.202
114 9 -0.049 -0.234 2.582
114 10 0.138 -0.369 2.406
114 11 0.182 -0.517 2.509
114 12 0.231 -0.564 2.507
114 13 -0.063 -0.460 2.319
114 14 0.394 -0.510 2.207
114 15 0.650 -0.623 1.981
114 16 0.713 -0.575 1.933
114 17 0.068 -0.471 2.403
114 18 0.127 -0.648 2.060
114 19 0.306 -0.835 2.023
114 20 0.348 -0.906 1.964
115 1 -0.049 -0.401 2.384
115 2 -0.095 -0.386 2.429
115 3 -0.220 -0.131 2.543
115 4 -0.260 0.056 2.561
115 5 -0.287 -0.242 2.390
115 6 -0.162 -0.377 2.172
115 7 0.029 -0.317 2.189
115 8 0.086 -0.303 2.202
115 9 -0.078 -0.255 2.547
115 10 0.135 -0.387 2.402
115 11 0.163 -0.499 2.528
115 12 0.187 -0.535 2.561
115 13 -0.093 -0.441 2.311
115 14 0.396 -0.512 2.203
115 15 0.668 -0.616 1.975
115 16 0.728 -0.559 1.931
115 17 0.057 -0.456 2.404
115 18 0.092 -0.615 2.083
115 19 0.261 -0.787 2.044
115 20 0.305 -0.852 1.981
116 1 -0.066 -0.369 2.412
116 2 -0.112 -0.361 2.450
116 3 -0.233 -0.137 2.536
116 4 -0.275 0.051 2.550
116 5 -0.298 -0.247 2.385
116 6 -0.166 -0.378 2.170
116 7 0.018 -0.316 2.194
116 8 0.044 -0.310 2.198
116 9 -0.099 -0.203 2.604
116 10 0.105 -0.341 2.445
116 11 0.157 -0.495 2.480
116 12 0.208 -0.509 2.450
116 13 -0.104 -0.420 2.360
116 14 0.393 -0.510 2.205
116 15 0.679 -0.611 1.972
116 16 0.736 -0.548 1.933
116 17 0.039 -0.401 2.422
116 18 0.064 -0.581 2.123
116 19 0.247 -0.771 2.062
116 20 0.300 -0.843 1.998
117 1 -0.073 -0.355 2.426
117 2 -0.120 -0.350 2.460
117 3 -0.247 -0.143 2.529
117 4 -0.288 0.045 2.541
117 5 -0.310 -0.251 2.380
117 6 -0.173 -0.380 2.166
117 7 0.004 -0.318 2.198
117 8 0.036 -0.311 2.199
117 9 -0.114 -0.184 2.628
117 10 0.088 -0.325 2.475
117 11 0.128 -0.503 2.445
117 12 0.149 -0.542 2.438
117 13 -0.107 -0.410 2.391
117 14 0.387 -0.506 2.209
117 15 0.682 -0.608 1.976
117 16 0.737 -0.544 1.939
117 17 0.028 -0.375 2.432
117 18 0.055 -0.567 2.139
117 19 0.237 -0.760 2.069
117 20 0.289 -0.831 2.005
118 1 -0.077 -0.348 2.433
118 2 -0.124 -0.345 2.465
118 3 -0.258 -0.148 2.524
118 4 -0.305 0.032 2.531
118 5 -0.320 -0.255 2.376
118 6 -0.181 -0.384 2.163
118 7 -0.009 -0.321 2.200
118 8 0.030 -0.313 2.202
118 9 -0.122 -0.175 2.639
118 10 0.078 -0.313 2.485
118 11 0.158 -0.484 2.410
118 12 0.173 -0.519 2.344
118 13 -0.109 -0.407 2.404
118 14 0.382 -0.503 2.213
118 15 0.678 -0.608 1.982
118 16 0.732 -0.545 1.947
118 17 0.024 -0.363 2.436
118 18 0.051 -0.559 2.147
118 19 0.219 -0.752 2.059
118 20 0.278 -0.812 2.041
119 1 -0.089 -0.353 2.434
119 2 -0.136 -0.349 2.466
119 3 -0.273 -0.156 2.517
119 4 -0.319 0.021 2.524
119 5 -0.333 -0.262 2.370
119 6 -0.196 -0.391 2.158
119 7 -0.029 -0.330 2.201
119 8 0.023 -0.317 2.205
119 9 -0.128 -0.170 2.646
119 10 0.071 -0.306 2.490
119 11 0.181 -0.467 2.369
119 12 0.178 -0.516 2.306
119 13 -0.115 -0.412 2.408
119 14 0.368 -0.503 2.217
119 15 0.665 -0.614 1.988
119 16 0.719 -0.555 1.953
119 17 0.005 -0.370 2.431
119 18 0.126 -0.615 2.085
119 19 0.251 -0.818 2.040
119 20 0.303 -0.881 2.010
120 1 -0.096 -0.360 2.433
120 2 -0.144 -0.355 2.465
120 3 -0.286 -0.165 2.513
120 4 -0.334 0.008 2.517
120 5 -0.345 -0.270 2.365
120 6 -0.271 -0.409 2.178
120 7 -0.042 -0.336 2.201
120 8 0.022 -0.318 2.206
120 9 -0.168 -0.171 2.643
120 10 0.037 -0.297 2.489
120 11 0.189 -0.459 2.356
120 12 0.191 -0.509 2.303
120 13 -0.119 -0.419 2.408
120 14 0.357 -0.505 2.218
120 15 0.683 -0.544 2.109
120 16 0.735 -0.506 2.049
120 17 -0.007 -0.379 2.426
120 18 0.156 -0.661 2.073
120 19 0.316 -0.856 2.029
120 20 0.356 -0.924 1.984
121 1 -0.111 -0.408 2.419
121 2 -0.162 -0.397 2.456
121 3 -0.297 -0.175 2.512
121 4 -0.345 -0.002 2.514
121 5 -0.356 -0.279 2.363
121 6 -0.305 -0.419 2.188
121 7 -0.069 -0.350 2.201
121 8 -0.003 -0.331 2.215
121 9 -0.185 -0.173 2.642
121 10 0.026 -0.293 2.491
121 11 0.195 -0.454 2.349
121 12 0.197 -0.506 2.303
121 13 -0.121 -0.474 2.374
121 14 0.323 -0.602 2.191
121 15 0.706 -0.626 2.111
121 16 0.763 -0.580 2.072
121 17 -0.030 -0.432 2.423
121 18 0.112 -0.617 2.083
121 19 0.264 -0.801 2.018
121 20 0.313 -0.850 2.040
122 1 -0.119 -0.436 2.411
122 2 -0.170 -0.421 2.450
122 3 -0.312 -0.190 2.512
122 4 -0.360 -0.017 2.512
122 5 -0.371 -0.291 2.361
122 6 -0.327 -0.428 2.193
122 7 -0.081 -0.356 2.200
122 8 -0.008 -0.334 2.215
122 9 -0.196 -0.175 2.642
122 10 0.017 -0.295 2.492
122 11 0.200 -0.450 2.352
122 12 0.207 -0.505 2.314
122 13 -0.122 -0.507 2.351
122 14 0.305 -0.658 2.175
122 15 0.718 -0.665 2.118
122 16 0.777 -0.623 2.077
122 17 -0.042 -0.466 2.421
122 18 0.118 -0.627 2.078
122 19 0.262 -0.795 2.017
122 20 0.319 -0.844 2.050
123 1 -0.083 -0.446 2.427
123 2 -0.142 -0.434 2.464
123 3 -0.321 -0.201 2.513
123 4 -0.369 -0.027 2.511
123 5 -0.381 -0.302 2.361
123 6 -0.341 -0.435 2.197
123 7 -0.088 -0.359 2.200
123 8 -0.011 -0.335 2.214
123 9 -0.204 -0.180 2.642
123 10 0.012 -0.295 2.495
123 11 0.191 -0.474 2.358
123 12 0.226 -0.494 2.340
123 13 -0.054 -0.517 2.414
123 14 0.361 -0.663 2.228
123 15 0.840 -0.677 2.154
123 16 0.899 -0.635 2.112
123 17 -0.008 -0.449 2.411
123 18 0.114 -0.609 2.084
123 19 0.254 -0.788 2.019
123 20 0.320 -0.821 2.062
124 1 -0.077 -0.448 2.433
124 2 -0.137 -0.439 2.469
124 3 -0.328 -0.211 2.516
124 4 -0.377 -0.036 2.511
124 5 -0.390 -0.312 2.362
124 6 -0.321 -0.488 2.183
124 7 -0.093 -0.361 2.199
124 8 -0.018 -0.320 2.213
124 9 -0.211 -0.189 2.643
124 10 0.011 -0.298 2.500
124 11 0.186 -0.488 2.365
124 12 0.238 -0.490 2.357
124 13 -0.051 -0.526 2.437
124 14 0.365 -0.663 2.236
124 15 0.822 -0.656 2.160
124 16 0.880 -0.612 2.118
124 17 -0.006 -0.447 2.406
124 18 0.113 -0.597 2.089
124 19 0.266 -0.817 2.042
124 20 0.319 -0.879 2.043
125 1 -0.074 -0.446 2.439
125 2 -0.134 -0.440 2.473
125 3 -0.335 -0.222 2.521
125 4 -0.387 -0.048 2.513
125 5 -0.398 -0.324 2.365
125 6 -0.318 -0.508 2.180
125 7 -0.130 -0.359 2.189
125 8 -0.062 -0.307 2.201
125 9 -0.216 -0.200 2.645
125 10 0.011 -0.307 2.510
125 11 0.143 -0.486 2.400
125 12 0.195 -0.505 2.382
125 13 -0.059 -0.497 2.393
125 14 0.199 -0.652 2.099
125 15 0.526 -0.639 2.055
125 16 0.585 -0.594 2.014
125 17 0.012 -0.453 2.448
125 18 0.128 -0.584 2.091
125 19 0.288 -0.791 2.053
125 20 0.321 -0.877 2.033
126 1 -0.074 -0.444 2.443
126 2 -0.133 -0.441 2.476
126 3 -0.340 -0.231 2.527
126 4 -0.395 -0.057 2.515
126 5 -0.404 -0.333 2.369
126 6 -0.314 -0.521 2.178
126 7 -0.145 -0.358 2.185
126 8 -0.081 -0.300 2.195
126 9 -0.220 -0.212 2.648
126 10 0.013 -0.317 2.522
126 11 0.108 -0.485 2.421
126 12 0.168 -0.511 2.409
126 13 -0.059 -0.497 2.421
126 14 0.163 -0.662 2.069
126 15 0.460 -0.639 2.031
126 16 0.519 -0.594 1.989
126 17 0.009 -0.449 2.448
126 18 0.133 -0.579 2.092
126 19 0.300 -0.777 2.058
126 20 0.322 -0.875 2.026
127 1 -0.074 -0.441 2.447
127 2 -0.133 -0.440 2.480
127 3 -0.345 -0.238 2.532
127 4 -0.406 -0.067 2.518
127 5 -0.410 -0.341 2.374
127 6 -0.312 -0.529 2.178
127 7 -0.152 -0.351 2.185
127 8 -0.095 -0.284 2.195
127 9 -0.225 -0.221 2.651
127 10 0.011 -0.323 2.529
127 11 0.094 -0.484 2.431
127 12 0.160 -0.513 2.419
127 13 -0.063 -0.493 2.432
127 14 0.132 -0.663 2.042
127 15 0.390 -0.636 2.002
127 16 0.449 -0.591 1.961
127 17 0.003 -0.445 2.447
127 18 0.137 -0.576 2.094
127 19 0.306 -0.770 2.061
127 20 0.324 -0.872 2.021
128 1 -0.076 -0.438 2.452
128 2 -0.134 -0.438 2.484
128 3 -0.349 -0.242 2.535
128 4 -0.413 -0.072 2.520
128 5 -0.415 -0.346 2.377
128 6 -0.312 -0.535 2.177
128 7 -0.157 -0.344 2.188
128 8 -0.103 -0.273 2.197
128 9 -0.228 -0.227 2.653
128 10 0.012 -0.326 2.543
128 11 0.083 -0.482 2.437
128 12 0.152 -0.513 2.426
128 13 -0.067 -0.489 2.441
128 14 0.115 -0.663 2.027
128 15 0.371 -0.636 1.993
128 16 0.429 -0.590 1.952
128 17 -0.001 -0.441 2.447
128 18 0.143 -0.574 2.097
128 19 0.309 -0.767 2.063
128 20 0.325 -0.871 2.018
129 1 -0.076 -0.435 2.458
129 2 -0.135 -0.436 2.489
129 3 -0.353 -0.244 2.539
129 4 -0.419 -0.076 2.522
129 5 -0.419 -0.350 2.380
129 6 -0.312 -0.539 2.177
129 7 -0.183 -0.349 2.197
129 8 -0.133 -0.297 2.195
129 9 -0.231 -0.232 2.656
129 10 0.011 -0.328 2.552
129 11 0.076 -0.481 2.442
129 12 0.147 -0.512 2.431
129 13 -0.066 -0.485 2.453
129 14 0.117 -0.662 2.027
129 15 0.387 -0.638 1.999
129 16 0.426 -0.683 1.957
129 17 -0.003 -0.438 2.449
129 18 0.180 -0.556 2.124
129 19 0.314 -0.762 2.065
129 20 0.332 -0.858 2.016
130 1 -0.089 -0.415 2.473
130 2 -0.143 -0.424 2.500
130 3 -0.356 -0.246 2.541
130 4 -0.423 -0.079 2.523
130 5 -0.423 -0.353 2.382
130 6 -0.312 -0.541 2.178
130 7 -0.193 -0.351 2.201
130 8 -0.146 -0.309 2.198
130 9 -0.234 -0.236 2.657
130 10 0.010 -0.330 2.559
130 11 0.072 -0.480 2.445
130 12 0.143 -0.512 2.435
130 13 -0.068 -0.482 2.461
130 14 0.129 -0.659 2.037
130 15 0.393 -0.640 2.000
130 16 0.447 -0.731 1.970
130 17 -0.025 -0.393 2.462
130 18 0.203 -0.550 2.139
130 19 0.329 -0.754 2.068
130 20 0.350 -0.845 2.020
131 1 -0.095 -0.406 2.480
131 2 -0.148 -0.417 2.506
131 3 -0.358 -0.247 2.542
131 4 -0.426 -0.081 2.524
131 5 -0.425 -0.355 2.384
131 6 -0.312 -0.542 2.178
131 7 -0.196 -0.350 2.206
131 8 -0.144 -0.318 2.203
131 9 -0.236 -0.238 2.658
131 10 0.009 -0.331 2.563
131 11 0.072 -0.479 2.448
131 12 0.141 -0.511 2.438
131 13 -0.070 -0.479 2.467
131 14 0.142 -0.657 2.049
131 15 0.417 -0.642 2.009
131 16 0.439 -0.755 1.969
131 17 -0.037 -0.369 2.471
131 18 0.226 -0.546 2.151
131 19 0.348 -0.748 2.072
131 20 0.362 -0.839 2.023
132 1 -0.098 -0.400 2.484
132 2 -0.151 -0.412 2.510
132 3 -0.360 -0.248 2.543
132 4 -0.428 -0.082 2.525
132 5 -0.427 -0.356 2.386
132 6 -0.313 -0.542 2.180
132 7 -0.191 -0.348 2.216
132 8 -0.137 -0.326 2.213
132 9 -0.237 -0.240 2.659
132 10 0.009 -0.332 2.566
132 11 0.072 -0.479 2.450
132 12 0.140 -0.511 2.440
132 13 -0.071 -0.477 2.471
132 14 0.159 -0.656 2.067
132 15 0.443 -0.645 2.021
132 16 0.456 -0.767 1.980
132 17 -0.041 -0.359 2.474
132 18 0.242 -0.543 2.158
132 19 0.415 -0.729 2.080
132 20 0.431 -0.818 2.035
133 1 -0.139 -0.359 2.522
133 2 -0.185 -0.375 2.547
133 3 -0.359 -0.249 2.552
133 4 -0.427 -0.084 2.531
133 5 -0.428 -0.358 2.392
133 6 -0.312 -0.540 2.186
133 7 -0.186 -0.347 2.223
133 8 -0.129 -0.336 2.225
133 9 -0.237 -0.243 2.665
133 10 0.009 -0.334 2.570
133 11 0.073 -0.478 2.451
133 12 0.139 -0.511 2.442
133 13 -0.076 -0.432 2.401
133 14 0.304 -0.589 2.145
133 15 0.534 -0.722 2.071
133 16 0.606 -0.779 2.008
133 17 -0.011 -0.375 2.610
133 18 0.243 -0.526 2.207
133 19 0.416 -0.702 2.132
133 20 0.481 -0.755 2.076
134 1 -0.180 -0.352 2.523
134 2 -0.218 -0.366 2.552
134 3 -0.358 -0.249 2.558
134 4 -0.426 -0.085 2.536
134 5 -0.427 -0.359 2.397
134 6 -0.312 -0.539 2.192
134 7 -0.162 -0.338 2.247
134 8 -0.109 -0.341 2.251
134 9 -0.237 -0.245 2.669
134 10 -0.017 -0.367 2.554
134 11 -0.085 -0.345 2.297
134 12 -0.085 -0.342 2.237
134 13 -0.106 -0.437 2.323
134 14 0.345 -0.565 2.164
134 15 0.555 -0.725 2.098
134 16 0.589 -0.803 2.046
134 17 -0.014 -0.418 2.626
134 18 0.265 -0.496 2.219
134 19 0.421 -0.688 2.139
134 20 0.520 -0.705 2.100
135 1 -0.216 -0.374 2.516
135 2 -0.250 -0.382 2.549
135 3 -0.356 -0.251 2.563
135 4 -0.423 -0.087 2.543
135 5 -0.427 -0.361 2.402
135 6 -0.311 -0.539 2.197
135 7 -0.152 -0.335 2.259
135 8 -0.090 -0.349 2.268
135 9 -0.236 -0.247 2.674
135 10 -0.026 -0.380 2.547
135 11 -0.116 -0.319 2.271
135 12 -0.145 -0.296 2.185
135 13 -0.163 -0.483 2.271
135 14 0.331 -0.542 2.188
135 15 0.637 -0.724 2.113
135 16 0.704 -0.710 2.043
135 17 -0.043 -0.476 2.628
135 18 0.225 -0.465 2.238
135 19 0.366 -0.663 2.159
135 20 0.465 -0.663 2.128
136 1 -0.233 -0.384 2.514
136 2 -0.265 -0.389 2.549
136 3 -0.354 -0.253 2.568
136 4 -0.420 -0.089 2.548
136 5 -0.426 -0.364 2.407
136 6 -0.310 -0.540 2.202
136 7 -0.147 -0.334 2.264
136 8 -0.082 -0.352 2.277
136 9 -0.235 -0.250 2.679
136 10 -0.031 -0.389 2.544
136 11 -0.143 -0.296 2.250
136 12 -0.186 -0.264 2.160
136 13 -0.192 -0.509 2.249
136 14 0.332 -0.482 2.208
136 15 0.628 -0.666 2.134
136 16 0.701 -0.644 2.078
136 17 -0.056 -0.506 2.636
136 18 0.165 -0.458 2.282
136 19 0.379 -0.606 2.142
136 20 0.511 -0.605 2.137
137 1 0.033 -0.473 2.496
137 2 -0.011 -0.481 2.529
137 3 -0.180 -0.349 2.545
137 4 -0.326 -0.154 2.552
137 5 -0.285 -0.442 2.395
137 6 -0.172 -0.613 2.192
137 7 -0.012 -0.404 2.250
137 8 0.051 -0.412 2.264
137 9 -0.056 -0.330 2.598
137 10 0.020 -0.469 2.494
137 11 -0.144 -0.297 2.260
137 12 -0.195 -0.252 2.204
137 13 0.166 -0.588 2.332
137 14 0.388 -0.395 2.146
137 15 0.609 -0.623 2.146
137 16 0.722 -0.609 2.094
137 17 0.168 -0.522 2.581
137 18 0.240 -0.414 2.269
137 19 0.538 -0.496 2.044
137 20 0.638 -0.534 2.080
138 1 -0.158 -0.431 2.509
138 2 -0.190 -0.434 2.550
138 3 -0.314 -0.290 2.586
138 4 -0.381 -0.128 2.573
138 5 -0.349 -0.419 2.425
138 6 -0.235 -0.590 2.222
138 7 -0.077 -0.380 2.276
138 8 -0.013 -0.382 2.289
138 9 -0.013 -0.341 2.576
138 10 0.157 -0.489 2.501
138 11 0.202 -0.413 2.295
138 12 0.264 -0.436 2.282
138 13 -0.144 -0.534 2.277
138 14 -0.305 -0.233 2.233
138 15 -0.016 -0.458 2.186
138 16 0.088 -0.457 2.138
138 17 0.051 -0.538 2.610
138 18 0.226 -0.416 2.288
138 19 0.503 -0.497 2.110
138 20 0.530 -0.564 2.063
139 1 -0.185 -0.420 2.522
139 2 -0.210 -0.426 2.562
139 3 -0.316 -0.292 2.594
139 4 -0.389 -0.127 2.582
139 5 -0.372 -0.411 2.440
139 6 -0.260 -0.581 2.237
139 7 -0.101 -0.371 2.288
139 8 -0.035 -0.371 2.301
139 9 0.008 -0.345 2.560
139 10 0.233 -0.490 2.510
139 11 0.260 -0.426 2.292
139 12 0.306 -0.442 2.282
139 13 -0.152 -0.536 2.269
139 14 -0.396 -0.176 2.238
139 15 -0.120 -0.414 2.199
139 16 -0.001 -0.405 2.153
139 17 0.030 -0.542 2.623
139 18 0.209 -0.431 2.310
139 19 0.508 -0.480 2.146
139 20 0.527 -0.542 2.079
140 1 -0.212 -0.413 2.528
140 2 -0.237 -0.418 2.570
140 3 -0.341 -0.281 2.604
140 4 -0.403 -0.120 2.588
140 5 -0.394 -0.402 2.449
140 6 -0.282 -0.572 2.246
140 7 -0.124 -0.362 2.296
140 8 -0.058 -0.360 2.308
140 9 0.007 -0.353 2.551
140 10 0.261 -0.494 2.512
140 11 0.340 -0.456 2.304
140 12 0.411 -0.490 2.310
140 13 -0.186 -0.528 2.262
140 14 -0.479 -0.192 2.245
140 15 -0.190 -0.412 2.192
140 16 -0.084 -0.411 2.145
140 17 0.013 -0.546 2.632
140 18 0.196 -0.443 2.323
140 19 0.508 -0.471 2.168
140 20 0.510 -0.537 2.085
141 1 -0.168 -0.449 2.508
141 2 -0.211 -0.444 2.555
141 3 -0.354 -0.276 2.607
141 4 -0.412 -0.116 2.590
141 5 -0.407 -0.396 2.453
141 6 -0.295 -0.566 2.250
141 7 -0.138 -0.357 2.299
141 8 -0.072 -0.353 2.311
141 9 0.002 -0.357 2.546
141 10 0.274 -0.495 2.519
141 11 0.295 -0.451 2.326
141 12 0.354 -0.481 2.327
141 13 -0.151 -0.564 2.448
141 14 -0.399 -0.290 2.257
141 15 -0.165 -0.438 2.197
141 16 -0.061 -0.440 2.150
141 17 -0.004 -0.484 2.484
141 18 0.288 -0.474 2.472
141 19 0.604 -0.476 2.310
141 20 0.645 -0.465 2.220
142 1 -0.175 -0.471 2.495
142 2 -0.210 -0.457 2.550
142 3 -0.361 -0.273 2.610
142 4 -0.417 -0.113 2.591
142 5 -0.416 -0.393 2.455
142 6 -0.303 -0.563 2.252
142 7 -0.207 -0.374 2.214
142 8 -0.135 -0.367 2.239
142 9 -0.053 -0.349 2.497
142 10 0.208 -0.499 2.477
142 11 0.190 -0.469 2.261
142 12 0.179 -0.466 2.202
142 13 -0.198 -0.594 2.513
142 14 -0.402 -0.309 2.267
142 15 -0.165 -0.448 2.204
142 16 -0.061 -0.453 2.157
142 17 -0.026 -0.493 2.384
142 18 0.275 -0.478 2.579
142 19 0.574 -0.462 2.391
142 20 0.587 -0.444 2.269
143 1 -0.176 -0.485 2.473
143 2 -0.218 -0.475 2.521
143 3 -0.366 -0.271 2.611
143 4 -0.421 -0.112 2.591
143 5 -0.422 -0.390 2.457
143 6 -0.309 -0.561 2.254
143 7 -0.236 -0.385 2.172
143 8 -0.168 -0.381 2.187
143 9 -0.227 -0.309 2.624
143 10 0.049 -0.444 2.522
143 11 -0.027 -0.366 2.316
143 12 -0.053 -0.339 2.252
143 13 -0.163 -0.610 2.507
143 14 -0.437 -0.304 2.259
143 15 -0.201 -0.429 2.192
143 16 -0.098 -0.435 2.145
143 17 -0.078 -0.481 2.295
143 18 0.210 -0.672 2.379
143 19 0.497 -0.669 2.184
143 20 0.558 -0.565 2.182
144 1 -0.158 -0.522 2.436
144 2 -0.209 -0.510 2.486
144 3 -0.369 -0.270 2.611
144 4 -0.425 -0.110 2.591
144 5 -0.426 -0.389 2.457
144 6 -0.313 -0.559 2.255
144 7 -0.250 -0.395 2.142
144 8 -0.182 -0.388 2.163
144 9 -0.272 -0.286 2.681
144 10 -0.044 -0.408 2.557
144 11 -0.109 -0.341 2.320
144 12 -0.137 -0.313 2.235
144 13 -0.149 -0.616 2.328
144 14 -0.406 -0.314 2.251
144 15 -0.178 -0.432 2.185
144 16 -0.077 -0.438 2.137
144 17 -0.055 -0.551 2.445
144 18 0.167 -0.667 2.254
144 19 0.417 -0.477 2.107
144 20 0.521 -0.438 2.135
145 1 -0.110 -0.478 2.404
145 2 -0.166 -0.484 2.454
145 3 -0.370 -0.270 2.610
145 4 -0.427 -0.109 2.591
145 5 -0.429 -0.388 2.458
145 6 -0.316 -0.558 2.255
145 7 -0.251 -0.400 2.130
145 8 -0.203 -0.366 2.120
145 9 -0.273 -0.297 2.659
145 10 -0.074 -0.398 2.563
145 11 -0.173 -0.315 2.325
145 12 -0.223 -0.272 2.238
145 13 -0.070 -0.522 2.312
145 14 -0.175 -0.211 2.151
145 15 0.055 -0.340 2.087
145 16 0.158 -0.345 2.039
145 17 -0.023 -0.497 2.383
145 18 0.136 -0.775 2.203
145 19 0.391 -0.562 2.105
145 20 0.502 -0.505 2.156
146 1 -0.120 -0.498 2.423
146 2 -0.173 -0.494 2.467
146 3 -0.370 -0.271 2.608
146 4 -0.429 -0.109 2.591
146 5 -0.431 -0.387 2.457
146 6 -0.318 -0.558 2.254
146 7 -0.231 -0.404 2.142
146 8 -0.193 -0.353 2.123
146 9 -0.276 -0.299 2.656
146 10 -0.080 -0.398 2.562
146 11 -0.178 -0.310 2.327
146 12 -0.207 -0.273 2.246
146 13 -0.119 -0.564 2.408
146 14 -0.267 -0.286 2.224
146 15 -0.035 -0.418 2.162
146 16 0.068 -0.423 2.114
146 17 -0.060 -0.500 2.399
146 18 0.145 -0.749 2.199
146 19 0.379 -0.534 2.093
146 20 0.500 -0.504 2.162
147 1 -0.062 -0.452 2.476
147 2 -0.125 -0.461 2.509
147 3 -0.369 -0.271 2.605
147 4 -0.430 -0.108 2.590
147 5 -0.432 -0.386 2.457
147 6 -0.320 -0.557 2.254
147 7 -0.221 -0.407 2.148
147 8 -0.191 -0.347 2.121
147 9 -0.305 -0.276 2.715
147 10 -0.100 -0.390 2.570
147 11 -0.168 -0.311 2.326
147 12 -0.180 -0.285 2.237
147 13 -0.034 -0.514 2.366
147 14 -0.122 -0.256 2.153
147 15 0.119 -0.413 2.113
147 16 0.222 -0.419 2.065
147 17 0.074 -0.464 2.551
147 18 0.307 -0.603 2.283
147 19 0.542 -0.385 2.184
147 20 0.655 -0.426 2.244
148 1 -0.070 -0.463 2.442
148 2 -0.129 -0.468 2.483
148 3 -0.373 -0.281 2.568
148 4 -0.432 -0.109 2.585
148 5 -0.439 -0.391 2.430
148 6 -0.327 -0.562 2.227
148 7 -0.212 -0.418 2.199
148 8 -0.178 -0.360 2.212
148 9 -0.309 -0.275 2.714
148 10 -0.103 -0.389 2.568
148 11 -0.147 -0.322 2.310
148 12 -0.164 -0.296 2.222
148 13 -0.027 -0.513 2.346
148 14 -0.071 -0.244 2.131
148 15 0.172 -0.421 2.100
148 16 0.275 -0.426 2.052
148 17 0.013 -0.496 2.463
148 18 0.194 -0.695 2.181
148 19 0.421 -0.467 2.091
148 20 0.531 -0.489 2.161
149 1 -0.036 -0.442 2.465
149 2 -0.101 -0.452 2.501
149 3 -0.370 -0.283 2.567
149 4 -0.432 -0.110 2.582
149 5 -0.440 -0.391 2.427
149 6 -0.328 -0.563 2.224
149 7 -0.209 -0.415 2.203
149 8 -0.180 -0.350 2.196
149 9 -0.303 -0.274 2.722
149 10 -0.098 -0.389 2.570
149 11 -0.120 -0.333 2.303
149 12 -0.125 -0.314 2.215
149 13 0.001 -0.497 2.357
149 14 -0.048 -0.242 2.122
149 15 0.197 -0.423 2.095
149 16 0.299 -0.429 2.047
149 17 0.081 -0.458 2.522
149 18 0.370 -0.606 2.394
149 19 0.619 -0.477 2.205
149 20 0.719 -0.498 2.254
150 1 -0.051 -0.460 2.436
150 2 -0.107 -0.463 2.484
150 3 -0.366 -0.283 2.571
150 4 -0.433 -0.110 2.580
150 5 -0.440 -0.391 2.425
150 6 -0.328 -0.563 2.222
150 7 -0.207 -0.411 2.205
150 8 -0.179 -0.345 2.197
150 9 -0.252 -0.299 2.651
150 10 -0.038 -0.412 2.554
150 11 -0.108 -0.335 2.307
150 12 -0.115 -0.315 2.224
150 13 -0.009 -0.523 2.322
150 14 -0.073 -0.240 2.124
150 15 0.181 -0.426 2.093
150 16 0.284 -0.431 2.045
150 17 0.035 -0.489 2.463
150 18 0.204 -0.313 2.219
150 19 0.464 -0.239 2.011
150 20 0.520 -0.271 2.050
151 1 -0.057 -0.471 2.417
151 2 -0.112 -0.472 2.471
151 3 -0.363 -0.284 2.573
151 4 -0.433 -0.111 2.579
151 5 -0.440 -0.392 2.424
151 6 -0.327 -0.564 2.220
151 7 -0.205 -0.409 2.209
151 8 -0.176 -0.343 2.202
151 9 -0.233 -0.308 2.625
151 10 -0.009 -0.422 2.547
151 11 -0.100 -0.336 2.310
151 12 -0.110 -0.314 2.234
151 13 -0.017 -0.533 2.309
151 14 -0.094 -0.238 2.127
151 15 0.162 -0.426 2.093
151 16 0.265 -0.431 2.045
151 17 0.038 -0.492 2.440
151 18 0.216 -0.252 2.214
151 19 0.462 -0.166 1.969
151 20 0.470 -0.260 1.948
152 1 -0.083 -0.480 2.419
152 2 -0.128 -0.478 2.470
152 3 -0.361 -0.284 2.575
152 4 -0.433 -0.111 2.578
152 5 -0.439 -0.392 2.423
152 6 -0.327 -0.564 2.220
152 7 -0.203 -0.407 2.212
152 8 -0.173 -0.342 2.206
152 9 -0.222 -0.313 2.611
152 10 0.005 -0.428 2.544
152 11 -0.094 -0.336 2.313
152 12 -0.108 -0.313 2.242
152 13 -0.026 -0.542 2.302
152 14 -0.113 -0.238 2.131
152 15 0.143 -0.426 2.094
152 16 0.246 -0.431 2.047
152 17 0.009 -0.519 2.444
152 18 0.204 -0.284 2.212
152 19 0.441 -0.191 1.956
152 20 0.506 -0.290 2.016
153 1 -0.055 -0.442 2.393
153 2 -0.096 -0.454 2.440
153 3 -0.309 -0.307 2.552
153 4 -0.404 -0.125 2.560
153 5 -0.383 -0.417 2.398
153 6 -0.270 -0.589 2.195
153 7 -0.255 -0.418 2.239
153 8 -0.270 -0.359 2.261
153 9 -0.218 -0.316 2.602
153 10 0.012 -0.431 2.541
153 11 -0.091 -0.336 2.315
153 12 -0.110 -0.310 2.247
153 13 0.018 -0.506 2.264
153 14 -0.154 -0.231 2.136
153 15 0.129 -0.426 2.096
153 16 0.232 -0.430 2.048
153 17 0.057 -0.448 2.401
153 18 0.195 -0.168 2.131
153 19 0.431 -0.097 1.868
153 20 0.437 -0.201 1.858
154 1 -0.036 -0.417 2.379
154 2 -0.077 -0.440 2.424
154 3 -0.275 -0.320 2.538
154 4 -0.391 -0.131 2.552
154 5 -0.359 -0.427 2.388
154 6 -0.247 -0.598 2.185
154 7 -0.288 -0.425 2.257
154 8 -0.308 -0.366 2.287
154 9 -0.219 -0.318 2.600
154 10 0.017 -0.433 2.539
154 11 -0.091 -0.336 2.316
154 12 -0.115 -0.307 2.250
154 13 0.043 -0.482 2.246
154 14 -0.174 -0.227 2.138
154 15 0.119 -0.425 2.097
154 16 0.222 -0.430 2.050
154 17 0.069 -0.425 2.383
154 18 0.191 -0.151 2.099
154 19 0.427 -0.076 1.844
154 20 0.429 -0.203 1.829
155 1 -0.044 -0.416 2.659
155 2 -0.112 -0.421 2.667
155 3 -0.334 -0.292 2.570
155 4 -0.404 -0.124 2.559
155 5 -0.385 -0.413 2.405
155 6 -0.273 -0.585 2.202
155 7 -0.225 -0.417 2.238
155 8 -0.180 -0.364 2.240
155 9 -0.227 -0.316 2.610
155 10 0.019 -0.434 2.538
155 11 -0.090 -0.336 2.317
155 12 -0.117 -0.306 2.253
155 13 -0.027 -0.502 2.629
155 14 -0.302 -0.186 2.385
155 15 -0.116 -0.268 2.301
155 16 -0.061 -0.312 2.237
155 17 0.046 -0.378 2.721
155 18 0.135 -0.292 2.249
155 19 0.394 -0.414 2.382
155 20 0.494 -0.437 2.348
156 1 -0.170 -0.343 2.639
156 2 -0.203 -0.338 2.664
156 3 -0.347 -0.285 2.579
156 4 -0.413 -0.119 2.564
156 5 -0.403 -0.404 2.416
156 6 -0.291 -0.576 2.213
156 7 -0.207 -0.416 2.237
156 8 -0.173 -0.368 2.247
156 9 -0.264 -0.365 2.487
156 10 0.010 -0.435 2.530
156 11 -0.089 -0.336 2.319
156 12 -0.117 -0.304 2.258
156 13 -0.021 -0.411 2.548
156 14 -0.396 -0.121 2.440
156 15 -0.185 -0.226 2.356
156 16 -0.105 -0.251 2.299
156 17 -0.020 -0.373 2.774
156 18 0.108 -0.302 2.293
156 19 0.371 -0.416 2.422
156 20 0.469 -0.443 2.383
157 1 -0.207 -0.326 2.661
157 2 -0.240 -0.310 2.686
157 3 -0.362 -0.279 2.586
157 4 -0.419 -0.115 2.568
157 5 -0.415 -0.398 2.422
157 6 -0.303 -0.570 2.220
157 7 -0.193 -0.414 2.234
157 8 -0.140 -0.366 2.238
157 9 -0.275 -0.381 2.446
157 10 0.002 -0.435 2.523
157 11 -0.136 -0.454 2.348
157 12 -0.168 -0.435 2.293
157 13 -0.024 -0.397 2.558
157 14 -0.379 -0.083 2.617
157 15 -0.137 -0.208 2.547
157 16 -0.153 -0.272 2.481
157 17 -0.049 -0.387 2.813
157 18 0.090 -0.332 2.331
157 19 0.366 -0.481 2.521
157 20 0.482 -0.476 2.448
158 1 -0.308 -0.393 2.539
158 2 -0.332 -0.389 2.570
158 3 -0.369 -0.276 2.589
158 4 -0.423 -0.113 2.570
158 5 -0.423 -0.395 2.427
158 6 -0.310 -0.566 2.224
158 7 -0.186 -0.413 2.233
158 8 -0.128 -0.366 2.236
158 9 -0.244 -0.326 2.607
158 10 0.001 -0.435 2.524
158 11 -0.143 -0.484 2.363
158 12 -0.194 -0.512 2.316
158 13 -0.271 -0.522 2.272
158 14 -0.683 -0.274 2.306
158 15 -0.449 -0.409 2.243
158 16 -0.374 -0.470 2.249
158 17 -0.183 -0.575 2.588
158 18 0.103 -0.357 2.296
158 19 0.375 -0.494 2.468
158 20 0.494 -0.493 2.409
159 1 -0.280 -0.365 2.547
159 2 -0.308 -0.371 2.572
159 3 -0.373 -0.274 2.591
159 4 -0.426 -0.112 2.571
159 5 -0.428 -0.392 2.429
159 6 -0.316 -0.564 2.226
159 7 -0.181 -0.412 2.232
159 8 -0.120 -0.366 2.234
159 9 -0.246 -0.327 2.609
159 10 -0.000 -0.434 2.527
159 11 -0.150 -0.504 2.371
159 12 -0.203 -0.539 2.325
159 13 -0.200 -0.466 2.298
159 14 -0.480 -0.131 2.424
159 15 -0.245 -0.267 2.361
159 16 -0.262 -0.346 2.323
159 17 -0.053 -0.502 2.638
159 18 0.117 -0.362 2.285
159 19 0.416 -0.439 2.403
159 20 0.529 -0.465 2.384
160 1 -0.181 -0.430 2.470
160 2 -0.226 -0.432 2.503
160 3 -0.375 -0.275 2.589
160 4 -0.427 -0.112 2.572
160 5 -0.431 -0.391 2.430
160 6 -0.319 -0.563 2.227
160 7 -0.182 -0.411 2.234
160 8 -0.132 -0.362 2.243
160 9 -0.236 -0.314 2.651
160 10 -0.001 -0.434 2.528
160 11 -0.139 -0.525 2.368
160 12 -0.182 -0.567 2.314
160 13 -0.176 -0.500 2.412
160 14 -0.482 -0.122 2.418
160 15 -0.245 -0.261 2.357
160 16 -0.262 -0.346 2.318
160 17 -0.071 -0.459 2.461
160 18 0.163 -0.340 2.229
160 19 0.454 -0.421 2.365
160 20 0.566 -0.455 2.358
161 1 -0.220 -0.388 2.532
161 2 -0.256 -0.400 2.553
161 3 -0.375 -0.276 2.587
161 4 -0.428 -0.112 2.573
161 5 -0.433 -0.391 2.431
161 6 -0.321 -0.562 2.228
161 7 -0.185 -0.410 2.235
161 8 -0.141 -0.359 2.246
161 9 -0.232 -0.310 2.666
161 10 -0.001 -0.434 2.529
161 11 -0.126 -0.537 2.364
161 12 -0.159 -0.580 2.305
161 13 -0.128 -0.483 2.362
161 14 -0.351 -0.104 2.550
161 15 -0.120 -0.236 2.496
161 16 -0.186 -0.335 2.469
161 17 -0.015 -0.475 2.653
161 18 0.170 -0.341 2.221
161 19 0.443 -0.435 2.386
161 20 0.560 -0.464 2.373
162 1 -0.196 -0.387 2.478
162 2 -0.231 -0.404 2.507
162 3 -0.374 -0.278 2.585
162 4 -0.429 -0.112 2.573
162 5 -0.435 -0.390 2.431
162 6 -0.323 -0.562 2.229
162 7 -0.188 -0.409 2.235
162 8 -0.149 -0.355 2.245
162 9 -0.230 -0.307 2.675
162 10 -0.000 -0.433 2.535
162 11 -0.129 -0.534 2.370
162 12 -0.169 -0.564 2.314
162 13 -0.099 -0.470 2.215
162 14 -0.146 -0.114 2.136
162 15 0.094 -0.275 2.082
162 16 0.082 -0.376 2.058
162 17 0.021 -0.466 2.524
162 18 0.176 -0.336 2.208
162 19 0.449 -0.410 2.341
162 20 0.559 -0.445 2.334
163 1 -0.062 -0.393 2.440
163 2 -0.123 -0.410 2.471
163 3 -0.372 -0.281 2.581
163 4 -0.430 -0.112 2.574
163 5 -0.436 -0.391 2.431
163 6 -0.324 -0.562 2.228
163 7 -0.193 -0.408 2.237
163 8 -0.157 -0.354 2.249
163 9 -0.230 -0.307 2.676
163 10 0.000 -0.433 2.541
163 11 -0.132 -0.526 2.376
163 12 -0.176 -0.548 2.322
163 13 0.004 -0.446 2.378
163 14 -0.072 -0.125 2.083
163 15 0.168 -0.276 2.029
163 16 0.152 -0.384 2.011
163 17 0.053 -0.406 2.443
163 18 0.305 -0.232 2.368
163 19 0.581 -0.308 2.500
163 20 0.639 -0.377 2.427
164 1 -0.047 -0.465 2.507
164 2 -0.106 -0.463 2.533
164 3 -0.369 -0.283 2.580
164 4 -0.430 -0.113 2.574
164 5 -0.436 -0.391 2.431
164 6 -0.324 -0.563 2.228
164 7 -0.198 -0.407 2.236
164 8 -0.165 -0.351 2.246
164 9 -0.230 -0.309 2.670
164 10 0.001 -0.433 2.545
164 11 -0.134 -0.518 2.381
164 12 -0.181 -0.536 2.327
164 13 -0.053 -0.523 2.486
164 14 -0.253 -0.120 2.540
164 15 -0.024 -0.246 2.484
164 16 -0.076 -0.338 2.449
164 17 0.037 -0.460 2.510
164 18 0.210 -0.300 2.270
164 19 0.446 -0.413 2.391
164 20 0.555 -0.439 2.371
165 1 -0.097 -0.502 2.466
165 2 -0.145 -0.494 2.504
165 3 -0.367 -0.285 2.580
165 4 -0.429 -0.114 2.575
165 5 -0.436 -0.392 2.431
165 6 -0.324 -0.564 2.228
165 7 -0.202 -0.405 2.234
165 8 -0.171 -0.348 2.243
165 9 -0.231 -0.312 2.661
165 10 0.002 -0.432 2.549
165 11 -0.136 -0.512 2.383
165 12 -0.184 -0.527 2.330
165 13 -0.083 -0.586 2.473
165 14 -0.265 -0.298 2.293
165 15 -0.030 -0.437 2.233
165 16 -0.162 -0.480 2.228
165 17 -0.025 -0.481 2.414
165 18 0.211 -0.297 2.244
165 19 0.465 -0.392 2.380
165 20 0.566 -0.428 2.361
166 1 -0.079 -0.478 2.536
166 2 -0.133 -0.477 2.561
166 3 -0.363 -0.288 2.582
166 4 -0.428 -0.116 2.576
166 5 -0.435 -0.394 2.431
166 6 -0.323 -0.565 2.229
166 7 -0.209 -0.403 2.228
166 8 -0.181 -0.343 2.230
166 9 -0.244 -0.319 2.637
166 10 0.001 -0.432 2.551
166 11 -0.138 -0.506 2.385
166 12 -0.186 -0.521 2.331
166 13 -0.067 -0.562 2.592
166 14 -0.291 -0.155 2.556
166 15 -0.054 -0.295 2.494
166 16 -0.128 -0.330 2.452
166 17 -0.014 -0.456 2.458
166 18 0.189 -0.310 2.215
166 19 0.440 -0.411 2.355
166 20 0.543 -0.446 2.339
167 1 -0.095 -0.465 2.537
167 2 -0.145 -0.466 2.570
167 3 -0.360 -0.290 2.583
167 4 -0.428 -0.117 2.578
167 5 -0.434 -0.395 2.432
167 6 -0.322 -0.567 2.229
167 7 -0.214 -0.401 2.224
167 8 -0.188 -0.340 2.221
167 9 -0.247 -0.321 2.631
167 10 0.001 -0.432 2.553
167 11 -0.139 -0.502 2.387
167 12 -0.187 -0.516 2.333
167 13 -0.136 -0.501 2.450
167 14 -0.419 -0.171 2.377
167 15 -0.181 -0.310 2.316
167 16 -0.188 -0.382 2.236
167 17 0.013 -0.447 2.559
167 18 0.225 -0.231 2.371
167 19 0.461 -0.422 2.361
167 20 0.513 -0.487 2.329
168 1 -0.095 -0.493 2.533
168 2 -0.148 -0.482 2.567
168 3 -0.358 -0.292 2.585
168 4 -0.427 -0.119 2.579
168 5 -0.433 -0.397 2.433
168 6 -0.321 -0.568 2.230
168 7 -0.218 -0.400 2.220
168 8 -0.192 -0.339 2.216
168 9 -0.248 -0.322 2.626
168 10 0.001 -0.432 2.555
168 11 -0.140 -0.498 2.387
168 12 -0.189 -0.513 2.333
168 13 -0.100 -0.569 2.485
168 14 -0.371 -0.307 2.319
168 15 -0.134 -0.447 2.257
168 16 -0.216 -0.470 2.246
168 17 -0.013 -0.480 2.554
168 18 0.216 -0.222 2.442
168 19 0.456 -0.448 2.382
168 20 0.535 -0.492 2.353
169 1 -0.094 -0.485 2.488
169 2 -0.147 -0.476 2.526
169 3 -0.357 -0.293 2.586
169 4 -0.427 -0.120 2.579
169 5 -0.432 -0.398 2.433
169 6 -0.320 -0.569 2.231
169 7 -0.219 -0.399 2.218
169 8 -0.192 -0.338 2.213
169 9 -0.250 -0.323 2.622
169 10 0.001 -0.431 2.556
169 11 -0.140 -0.496 2.388
169 12 -0.189 -0.511 2.334
169 13 -0.101 -0.545 2.455
169 14 -0.347 -0.227 2.349
169 15 -0.109 -0.367 2.287
169 16 -0.216 -0.376 2.294
169 17 -0.024 -0.469 2.474
169 18 0.197 -0.272 2.265
169 19 0.450 -0.434 2.355
169 20 0.543 -0.474 2.335
170 1 -0.098 -0.474 2.470
170 2 -0.149 -0.470 2.510
170 3 -0.357 -0.294 2.586
170 4 -0.427 -0.121 2.580
170 5 -0.432 -0.399 2.434
170 6 -0.320 -0.570 2.231
170 7 -0.220 -0.399 2.216
170 8 -0.193 -0.338 2.210
170 9 -0.250 -0.324 2.620
170 10 0.001 -0.431 2.556
170 11 -0.141 -0.494 2.388
170 12 -0.190 -0.509 2.334
170 13 -0.094 -0.542 2.452
170 14 -0.321 -0.202 2.350
170 15 -0.084 -0.343 2.288
170 16 -0.183 -0.370 2.286
170 17 -0.029 -0.462 2.446
170 18 0.198 -0.275 2.230
170 19 0.393 -0.446 2.314
170 20 0.501 -0.473 2.309
171 1 -0.125 -0.453 2.490
171 2 -0.172 -0.452 2.525
171 3 -0.356 -0.294 2.587
171 4 -0.426 -0.121 2.581
171 5 -0.431 -0.399 2.434
171 6 -0.319 -0.571 2.232
171 7 -0.220 -0.400 2.216
171 8 -0.188 -0.341 2.210
171 9 -0.249 -0.324 2.619
171 10 0.001 -0.432 2.555
171 11 -0.132 -0.497 2.379
171 12 -0.174 -0.516 2.321
171 13 -0.091 -0.559 2.544
171 14 -0.265 -0.171 2.401
171 15 -0.028 -0.312 2.340
171 16 -0.132 -0.356 2.320
171 17 -0.018 -0.451 2.387
171 18 0.212 -0.275 2.164
171 19 0.454 -0.398 2.300
171 20 0.553 -0.442 2.297
172 1 -0.139 -0.442 2.487
172 2 -0.181 -0.446 2.524
172 3 -0.356 -0.294 2.588
172 4 -0.426 -0.122 2.581
172 5 -0.431 -0.400 2.435
172 6 -0.319 -0.571 2.232
172 7 -0.217 -0.402 2.216
172 8 -0.181 -0.345 2.213
172 9 -0.248 -0.325 2.618
172 10 0.001 -0.432 2.554
172 11 -0.120 -0.501 2.368
172 12 -0.155 -0.525 2.307
172 13 -0.109 -0.544 2.527
172 14 -0.268 -0.141 2.420
172 15 -0.031 -0.281 2.359
172 16 -0.131 -0.339 2.326
172 17 -0.020 -0.444 2.362
172 18 0.215 -0.278 2.139
172 19 0.466 -0.390 2.291
172 20 0.574 -0.432 2.293
173 1 -0.119 -0.467 2.435
173 2 -0.167 -0.465 2.480
173 3 -0.356 -0.294 2.588
173 4 -0.426 -0.123 2.581
173 5 -0.431 -0.400 2.435
173 6 -0.319 -0.572 2.232
173 7 -0.215 -0.403 2.217
173 8 -0.178 -0.347 2.216
173 9 -0.247 -0.325 2.618
173 10 0.000 -0.433 2.553
173 11 -0.111 -0.505 2.361
173 12 -0.142 -0.532 2.299
173 13 -0.118 -0.541 2.419
173 14 -0.268 -0.137 2.413
173 15 -0.031 -0.278 2.352
173 16 -0.129 -0.340 2.312
173 17 -0.012 -0.467 2.360
173 18 0.214 -0.280 2.126
173 19 0.470 -0.383 2.293
173 20 0.579 -0.425 2.295
174 1 -0.063 -0.418 2.605
174 2 -0.124 -0.424 2.618
174 3 -0.356 -0.295 2.588
174 4 -0.427 -0.123 2.582
174 5 -0.430 -0.401 2.435
174 6 -0.318 -0.572 2.233
174 7 -0.215 -0.403 2.217
174 8 -0.176 -0.348 2.216
174 9 -0.245 -0.325 2.618
174 10 0.001 -0.433 2.552
174 11 -0.116 -0.502 2.361
174 12 -0.156 -0.525 2.302
174 13 -0.083 -0.494 2.548
174 14 -0.255 -0.137 2.425
174 15 -0.018 -0.278 2.364
174 16 -0.115 -0.342 2.321
174 17 0.070 -0.384 2.675
174 18 0.238 -0.224 2.355
174 19 0.464 -0.429 2.373
174 20 0.574 -0.453 2.343
175 1 -0.077 -0.388 2.700
175 2 -0.135 -0.371 2.699
175 3 -0.358 -0.294 2.585
175 4 -0.427 -0.124 2.582
175 5 -0.431 -0.401 2.434
175 6 -0.319 -0.573 2.231
175 7 -0.214 -0.405 2.223
175 8 -0.175 -0.352 2.231
175 9 -0.186 -0.363 2.544
175 10 0.055 -0.461 2.512
175 11 -0.053 -0.530 2.333
175 12 -0.090 -0.553 2.279
175 13 -0.120 -0.429 2.785
175 14 -0.276 -0.109 2.550
175 15 -0.039 -0.249 2.489
175 16 -0.119 -0.310 2.443
175 17 0.081 -0.375 2.707
175 18 0.245 -0.208 2.417
175 19 0.464 -0.444 2.401
175 20 0.571 -0.470 2.369
176 1 -0.128 -0.442 2.501
176 2 -0.174 -0.436 2.534
176 3 -0.359 -0.294 2.582
176 4 -0.428 -0.125 2.582
176 5 -0.431 -0.402 2.432
176 6 -0.319 -0.573 2.230
176 7 -0.212 -0.408 2.229
176 8 -0.172 -0.356 2.242
176 9 -0.224 -0.337 2.596
176 10 0.044 -0.456 2.521
176 11 -0.087 -0.514 2.352
176 12 -0.133 -0.533 2.301
176 13 -0.112 -0.534 2.519
176 14 -0.290 -0.145 2.444
176 15 -0.053 -0.286 2.383
176 16 -0.140 -0.359 2.322
176 17 -0.018 -0.444 2.405
176 18 0.230 -0.267 2.238
176 19 0.476 -0.411 2.354
176 20 0.579 -0.455 2.345
177 1 -0.100 -0.416 2.594
177 2 -0.152 -0.410 2.608
177 3 -0.358 -0.294 2.582
177 4 -0.429 -0.126 2.582
177 5 -0.430 -0.402 2.432
177 6 -0.318 -0.574 2.230
177 7 -0.212 -0.408 2.230
177 8 -0.175 -0.354 2.240
177 9 -0.227 -0.333 2.605
177 10 0.034 -0.452 2.523
177 11 -0.086 -0.514 2.352
177 12 -0.130 -0.535 2.299
177 13 -0.085 -0.502 2.672
177 14 -0.300 -0.115 2.564
177 15 -0.063 -0.255 2.503
177 16 -0.130 -0.317 2.445
177 17 0.045 -0.412 2.484
177 18 0.278 -0.268 2.254
177 19 0.465 -0.440 2.393
177 20 0.572 -0.466 2.358
178 1 -0.113 -0.449 2.563
178 2 -0.163 -0.442 2.583
178 3 -0.358 -0.295 2.582
178 4 -0.429 -0.126 2.582
178 5 -0.429 -0.403 2.432
178 6 -0.318 -0.574 2.230
178 7 -0.213 -0.408 2.229
178 8 -0.180 -0.350 2.235
178 9 -0.234 -0.328 2.617
178 10 0.025 -0.448 2.532
178 11 -0.107 -0.505 2.363
178 12 -0.154 -0.524 2.311
178 13 -0.107 -0.537 2.629
178 14 -0.306 -0.104 2.609
178 15 -0.069 -0.244 2.548
178 16 -0.129 -0.303 2.488
178 17 0.004 -0.442 2.456
178 18 0.225 -0.302 2.204
178 19 0.447 -0.431 2.368
178 20 0.556 -0.461 2.345
179 1 -0.138 -0.488 2.491
179 2 -0.183 -0.478 2.524
179 3 -0.358 -0.295 2.583
179 4 -0.429 -0.127 2.582
179 5 -0.429 -0.404 2.432
179 6 -0.317 -0.575 2.230
179 7 -0.215 -0.406 2.227
179 8 -0.185 -0.347 2.228
179 9 -0.237 -0.325 2.624
179 10 0.019 -0.445 2.538
179 11 -0.120 -0.500 2.370
179 12 -0.169 -0.518 2.318
179 13 -0.112 -0.615 2.515
179 14 -0.309 -0.306 2.337
179 15 -0.072 -0.446 2.276
179 16 -0.177 -0.474 2.254
179 17 -0.035 -0.486 2.367
179 18 0.215 -0.307 2.187
179 19 0.454 -0.405 2.350
179 20 0.558 -0.449 2.336
180 1 -0.156 -0.477 2.458
180 2 -0.196 -0.478 2.496
180 3 -0.358 -0.295 2.582
180 4 -0.430 -0.127 2.582
180 5 -0.429 -0.404 2.431
180 6 -0.317 -0.575 2.229
180 7 -0.216 -0.406 2.227
180 8 -0.187 -0.345 2.229
180 9 -0.239 -0.323 2.627
180 10 0.014 -0.442 2.542
180 11 -0.129 -0.496 2.375
180 12 -0.179 -0.514 2.322
180 13 -0.119 -0.599 2.500
180 14 -0.305 -0.237 2.356
180 15 -0.068 -0.378 2.295
180 16 -0.161 -0.411 2.285
180 17 -0.040 -0.473 2.338
180 18 0.214 -0.305 2.170
180 19 0.478 -0.384 2.322
180 20 0.579 -0.435 2.314
181 1 -0.145 -0.358 2.651
181 2 -0.189 -0.348 2.662
181 3 -0.357 -0.295 2.582
181 4 -0.430 -0.128 2.582
181 5 -0.428 -0.404 2.431
181 6 -0.317 -0.576 2.229
181 7 -0.216 -0.406 2.227
181 8 -0.187 -0.345 2.228
181 9 -0.203 -0.363 2.542
181 10 0.017 -0.443 2.545
181 11 -0.134 -0.494 2.378
181 12 -0.188 -0.510 2.326
181 13 -0.155 -0.408 2.803
181 14 -0.302 -0.138 2.543
181 15 -0.065 -0.278 2.482
181 16 -0.160 -0.338 2.458
181 17 0.064 -0.352 2.569
181 18 0.278 -0.202 2.313
181 19 0.463 -0.428 2.368
181 20 0.570 -0.456 2.338
182 1 -0.160 -0.390 2.589
182 2 -0.199 -0.382 2.612
182 3 -0.357 -0.295 2.583
182 4 -0.430 -0.128 2.582
182 5 -0.428 -0.405 2.431
182 6 -0.316 -0.576 2.229
182 7 -0.214 -0.406 2.227
182 8 -0.181 -0.348 2.227
182 9 -0.247 -0.378 2.484
182 10 0.001 -0.441 2.541
182 11 -0.141 -0.493 2.378
182 12 -0.193 -0.508 2.327
182 13 -0.150 -0.464 2.705
182 14 -0.302 -0.120 2.574
182 15 -0.065 -0.261 2.512
182 16 -0.144 -0.319 2.469
182 17 -0.003 -0.426 2.470
182 18 0.220 -0.261 2.238
182 19 0.458 -0.419 2.349
182 20 0.564 -0.456 2.334
183 1 -0.095 -0.474 2.467
183 2 -0.149 -0.463 2.498
183 3 -0.369 -0.303 2.563
183 4 -0.431 -0.129 2.581
183 5 -0.434 -0.409 2.420
183 6 -0.322 -0.580 2.218
183 7 -0.218 -0.428 2.240
183 8 -0.182 -0.377 2.256
183 9 -0.238 -0.339 2.593
183 10 -0.001 -0.440 2.542
183 11 -0.144 -0.492 2.379
183 12 -0.196 -0.507 2.328
183 13 -0.105 -0.541 2.452
183 14 -0.262 -0.135 2.511
183 15 -0.025 -0.275 2.450
183 16 -0.090 -0.339 2.379
183 17 0.019 -0.464 2.452
183 18 0.200 -0.268 2.207
183 19 0.451 -0.407 2.332
183 20 0.557 -0.449 2.324
184 1 -0.122 -0.448 2.505
184 2 -0.169 -0.441 2.529
184 3 -0.371 -0.306 2.556
184 4 -0.433 -0.130 2.579
184 5 -0.435 -0.413 2.414
184 6 -0.324 -0.584 2.212
184 7 -0.220 -0.434 2.246
184 8 -0.184 -0.386 2.269
184 9 -0.265 -0.335 2.589
184 10 -0.009 -0.436 2.547
184 11 -0.146 -0.491 2.380
184 12 -0.198 -0.506 2.330
184 13 -0.105 -0.537 2.585
184 14 -0.258 -0.126 2.524
184 15 -0.021 -0.266 2.463
184 16 -0.083 -0.331 2.389
184 17 0.001 -0.457 2.422
184 18 0.197 -0.276 2.185
184 19 0.461 -0.399 2.316
184 20 0.564 -0.444 2.313
185 1 -0.122 -0.452 2.501
185 2 -0.171 -0.446 2.525
185 3 -0.372 -0.308 2.553
185 4 -0.433 -0.131 2.578
185 5 -0.436 -0.414 2.411
185 6 -0.325 -0.585 2.209
185 7 -0.220 -0.437 2.248
185 8 -0.184 -0.389 2.274
185 9 -0.253 -0.324 2.621
185 10 -0.010 -0.435 2.549
185 11 -0.148 -0.490 2.381
185 12 -0.200 -0.506 2.330
185 13 -0.104 -0.543 2.563
185 14 -0.254 -0.124 2.526
185 15 -0.017 -0.264 2.465
185 16 -0.079 -0.330 2.387
185 17 -0.005 -0.458 2.409
185 18 0.196 -0.280 2.173
185 19 0.464 -0.395 2.309
185 20 0.567 -0.441 2.307
186 1 -0.135 -0.452 2.507
186 2 -0.178 -0.448 2.526
186 3 -0.371 -0.309 2.550
186 4 -0.434 -0.132 2.576
186 5 -0.436 -0.416 2.408
186 6 -0.324 -0.587 2.206
186 7 -0.223 -0.437 2.250
186 8 -0.191 -0.386 2.277
186 9 -0.248 -0.320 2.633
186 10 -0.009 -0.435 2.552
186 11 -0.149 -0.489 2.382
186 12 -0.201 -0.505 2.331
186 13 -0.106 -0.560 2.601
186 14 -0.251 -0.123 2.526
186 15 -0.014 -0.264 2.465
186 16 -0.077 -0.330 2.387
186 17 -0.008 -0.457 2.401
186 18 0.195 -0.283 2.165
186 19 0.467 -0.392 2.303
186 20 0.570 -0.439 2.302
187 1 -0.024 -0.421 2.603
187 2 -0.093 -0.423 2.606
187 3 -0.370 -0.308 2.552
187 4 -0.435 -0.133 2.575
187 5 -0.436 -0.416 2.407
187 6 -0.324 -0.587 2.205
187 7 -0.222 -0.432 2.249
187 8 -0.188 -0.378 2.272
187 9 -0.245 -0.318 2.640
187 10 -0.007 -0.435 2.554
187 11 -0.149 -0.489 2.383
187 12 -0.202 -0.505 2.332
187 13 -0.024 -0.514 2.677
187 14 -0.221 -0.126 2.498
187 15 0.016 -0.267 2.437
187 16 -0.060 -0.328 2.376
187 17 0.101 -0.386 2.544
187 18 0.261 -0.150 2.328
187 19 0.502 -0.352 2.305
187 20 0.558 -0.418 2.276
188 1 -0.045 -0.405 2.629
188 2 -0.106 -0.408 2.632
188 3 -0.368 -0.304 2.556
188 4 -0.435 -0.133 2.575
188 5 -0.436 -0.416 2.406
188 6 -0.324 -0.587 2.205
188 7 -0.218 -0.429 2.248
188 8 -0.182 -0.373 2.267
188 9 -0.241 -0.317 2.644
188 10 -0.005 -0.435 2.556
188 11 -0.150 -0.489 2.384
188 12 -0.202 -0.504 2.332
188 13 -0.028 -0.509 2.746
188 14 -0.223 -0.130 2.497
188 15 0.014 -0.270 2.436
188 16 -0.078 -0.333 2.384
188 17 0.098 -0.363 2.534
188 18 0.311 -0.106 2.416
188 19 0.553 -0.327 2.338
188 20 0.579 -0.405 2.287
189 1 -0.062 -0.382 2.624
189 2 -0.109 -0.395 2.641
189 3 -0.364 -0.300 2.567
189 4 -0.435 -0.134 2.574
189 5 -0.435 -0.415 2.409
189 6 -0.323 -0.585 2.208
189 7 -0.216 -0.418 2.239
189 8 -0.179 -0.356 2.244
189 9 -0.238 -0.317 2.645
189 10 -0.003 -0.435 2.558
189 11 -0.150 -0.488 2.384
189 12 -0.202 -0.504 2.333
189 13 -0.020 -0.472 2.742
189 14 -0.214 -0.131 2.482
189 15 0.023 -0.271 2.421
189 16 -0.069 -0.333 2.371
189 17 0.082 -0.352 2.491
189 18 0.344 -0.083 2.511
189 19 0.578 -0.324 2.385
189 20 0.584 -0.416 2.338
