1 1 0.316 -0.420 2.612
1 2 0.312 -0.384 2.657
1 3 0.323 -0.148 2.680
1 4 0.359 0.028 2.686
1 5 0.183 -0.220 2.610
1 6 0.106 -0.339 2.473
1 7 0.113 -0.415 2.305
1 8 0.132 -0.448 2.255
1 9 0.449 -0.250 2.643
1 10 0.494 -0.394 2.495
1 11 0.499 -0.466 2.332
1 12 0.491 -0.497 2.263
1 13 0.245 -0.462 2.590
1 14 0.199 -0.558 2.163
1 15 0.185 -0.801 2.114
1 16 0.189 -0.828 2.047
1 17 0.387 -0.496 2.592
1 18 0.482 -0.564 2.221
1 19 0.510 -0.811 2.164
1 20 0.504 -0.868 2.138
2 1 0.319 -0.421 2.600
2 2 0.315 -0.384 2.644
2 3 0.324 -0.144 2.664
2 4 0.360 0.032 2.669
2 5 0.184 -0.218 2.597
2 6 0.107 -0.348 2.451
2 7 0.114 -0.432 2.288
2 8 0.128 -0.461 2.245
2 9 0.452 -0.248 2.631
2 10 0.494 -0.392 2.497
2 11 0.502 -0.464 2.331
2 12 0.494 -0.495 2.262
2 13 0.246 -0.463 2.585
2 14 0.198 -0.558 2.163
2 15 0.183 -0.800 2.114
2 16 0.189 -0.827 2.045
2 17 0.391 -0.498 2.580
2 18 0.483 -0.563 2.221
2 19 0.511 -0.813 2.167
2 20 0.514 -0.857 2.124
3 1 0.320 -0.420 2.591
3 2 0.316 -0.382 2.633
3 3 0.324 -0.140 2.639
3 4 0.361 0.035 2.653
3 5 0.184 -0.215 2.584
3 6 0.117 -0.363 2.448
3 7 0.114 -0.437 2.284
3 8 0.127 -0.465 2.242
3 9 0.455 -0.247 2.616
3 10 0.494 -0.391 2.497
3 11 0.506 -0.463 2.331
3 12 0.499 -0.494 2.261
3 13 0.248 -0.463 2.577
3 14 0.198 -0.557 2.163
3 15 0.182 -0.800 2.113
3 16 0.189 -0.827 2.043
3 17 0.392 -0.498 2.573
3 18 0.483 -0.563 2.221
3 19 0.513 -0.814 2.170
3 20 0.519 -0.850 2.113
4 1 0.322 -0.419 2.578
4 2 0.318 -0.379 2.618
4 3 0.325 -0.137 2.620
4 4 0.361 0.039 2.639
4 5 0.183 -0.212 2.573
4 6 0.123 -0.372 2.447
4 7 0.116 -0.446 2.283
4 8 0.129 -0.472 2.251
4 9 0.457 -0.245 2.604
4 10 0.494 -0.390 2.497
4 11 0.510 -0.463 2.331
4 12 0.502 -0.494 2.260
4 13 0.249 -0.464 2.568
4 14 0.197 -0.558 2.163
4 15 0.182 -0.800 2.112
4 16 0.189 -0.827 2.042
4 17 0.395 -0.497 2.562
4 18 0.484 -0.564 2.220
4 19 0.513 -0.814 2.171
4 20 0.521 -0.845 2.105
5 1 0.324 -0.417 2.569
5 2 0.320 -0.377 2.608
5 3 0.325 -0.134 2.605
5 4 0.360 0.045 2.624
5 5 0.182 -0.210 2.565
5 6 0.127 -0.379 2.446
5 7 0.125 -0.465 2.289
5 8 0.134 -0.480 2.254
5 9 0.458 -0.243 2.592
5 10 0.494 -0.390 2.498
5 11 0.532 -0.473 2.341
5 12 0.517 -0.499 2.265
5 13 0.251 -0.463 2.558
5 14 0.197 -0.558 2.162
5 15 0.181 -0.800 2.112
5 16 0.189 -0.827 2.041
5 17 0.396 -0.496 2.556
5 18 0.485 -0.565 2.218
5 19 0.514 -0.814 2.171
5 20 0.523 -0.841 2.099
6 1 0.325 -0.416 2.562
6 2 0.321 -0.374 2.600
6 3 0.325 -0.133 2.589
6 4 0.357 0.051 2.607
6 5 0.182 -0.208 2.557
6 6 0.132 -0.383 2.446
6 7 0.140 -0.484 2.295
6 8 0.141 -0.488 2.260
6 9 0.459 -0.238 2.575
6 10 0.494 -0.390 2.498
6 11 0.542 -0.478 2.345
6 12 0.532 -0.505 2.271
6 13 0.253 -0.463 2.550
6 14 0.197 -0.560 2.161
6 15 0.181 -0.800 2.111
6 16 0.189 -0.827 2.040
6 17 0.397 -0.494 2.551
6 18 0.485 -0.566 2.216
6 19 0.514 -0.814 2.170
6 20 0.523 -0.840 2.096
7 1 0.326 -0.414 2.555
7 2 0.323 -0.371 2.592
7 3 0.325 -0.131 2.575
7 4 0.355 0.054 2.594
7 5 0.182 -0.207 2.547
7 6 0.136 -0.387 2.445
7 7 0.151 -0.496 2.299
7 8 0.149 -0.496 2.266
7 9 0.459 -0.236 2.564
7 10 0.494 -0.391 2.498
7 11 0.549 -0.481 2.347
7 12 0.543 -0.510 2.275
7 13 0.255 -0.463 2.543
7 14 0.197 -0.562 2.159
7 15 0.182 -0.800 2.110
7 16 0.190 -0.827 2.039
7 17 0.397 -0.492 2.547
7 18 0.486 -0.568 2.214
7 19 0.514 -0.814 2.170
7 20 0.523 -0.839 2.095
8 1 0.327 -0.412 2.549
8 2 0.324 -0.369 2.585
8 3 0.325 -0.131 2.563
8 4 0.352 0.054 2.580
8 5 0.181 -0.205 2.538
8 6 0.140 -0.390 2.443
8 7 0.157 -0.504 2.301
8 8 0.156 -0.501 2.270
8 9 0.458 -0.232 2.551
8 10 0.495 -0.394 2.496
8 11 0.555 -0.485 2.349
8 12 0.551 -0.514 2.277
8 13 0.257 -0.463 2.538
8 14 0.198 -0.565 2.158
8 15 0.183 -0.800 2.109
8 16 0.190 -0.828 2.038
8 17 0.398 -0.489 2.544
8 18 0.486 -0.569 2.212
8 19 0.514 -0.814 2.170
8 20 0.523 -0.838 2.093
9 1 0.328 -0.411 2.542
9 2 0.326 -0.367 2.577
9 3 0.326 -0.130 2.554
9 4 0.350 0.054 2.569
9 5 0.181 -0.204 2.530
9 6 0.144 -0.392 2.441
9 7 0.161 -0.509 2.301
9 8 0.161 -0.504 2.273
9 9 0.458 -0.230 2.542
9 10 0.497 -0.399 2.493
9 11 0.561 -0.489 2.349
9 12 0.559 -0.518 2.278
9 13 0.258 -0.463 2.533
9 14 0.199 -0.567 2.156
9 15 0.184 -0.801 2.109
9 16 0.191 -0.828 2.038
9 17 0.399 -0.485 2.538
9 18 0.487 -0.571 2.209
9 19 0.514 -0.814 2.169
9 20 0.508 -0.858 2.120
10 1 0.330 -0.409 2.537
10 2 0.327 -0.365 2.569
10 3 0.326 -0.130 2.545
10 4 0.349 0.054 2.558
10 5 0.182 -0.203 2.520
10 6 0.147 -0.395 2.437
10 7 0.166 -0.513 2.298
10 8 0.165 -0.507 2.273
10 9 0.458 -0.228 2.535
10 10 0.498 -0.403 2.491
10 11 0.565 -0.491 2.349
10 12 0.563 -0.521 2.278
10 13 0.260 -0.463 2.528
10 14 0.200 -0.569 2.155
10 15 0.185 -0.801 2.108
10 16 0.192 -0.829 2.037
10 17 0.401 -0.483 2.533
10 18 0.487 -0.573 2.206
10 19 0.514 -0.813 2.169
10 20 0.508 -0.856 2.116
11 1 0.331 -0.409 2.531
11 2 0.329 -0.364 2.562
11 3 0.328 -0.130 2.536
11 4 0.348 0.053 2.549
11 5 0.182 -0.203 2.510
11 6 0.149 -0.397 2.433
11 7 0.169 -0.516 2.295
11 8 0.169 -0.509 2.273
11 9 0.458 -0.227 2.530
11 10 0.499 -0.407 2.489
11 11 0.568 -0.493 2.349
11 12 0.568 -0.523 2.278
11 13 0.261 -0.463 2.524
11 14 0.201 -0.571 2.153
11 15 0.186 -0.802 2.108
11 16 0.193 -0.830 2.037
11 17 0.402 -0.481 2.528
11 18 0.488 -0.576 2.201
11 19 0.514 -0.813 2.167
11 20 0.510 -0.853 2.109
12 1 0.333 -0.409 2.525
12 2 0.330 -0.364 2.554
12 3 0.328 -0.130 2.528
12 4 0.347 0.053 2.542
12 5 0.182 -0.202 2.501
12 6 0.151 -0.399 2.429
12 7 0.170 -0.518 2.292
12 8 0.175 -0.525 2.248
12 9 0.459 -0.226 2.525
12 10 0.500 -0.409 2.487
12 11 0.570 -0.495 2.348
12 12 0.567 -0.524 2.278
12 13 0.266 -0.469 2.511
12 14 0.203 -0.573 2.151
12 15 0.187 -0.802 2.108
12 16 0.194 -0.831 2.038
12 17 0.403 -0.480 2.525
12 18 0.489 -0.577 2.198
12 19 0.513 -0.812 2.165
12 20 0.512 -0.848 2.101
13 1 0.334 -0.410 2.520
13 2 0.331 -0.364 2.547
13 3 0.329 -0.129 2.522
13 4 0.347 0.054 2.534
13 5 0.182 -0.202 2.495
13 6 0.151 -0.400 2.425
13 7 0.171 -0.520 2.289
13 8 0.178 -0.531 2.240
13 9 0.459 -0.225 2.522
13 10 0.500 -0.410 2.485
13 11 0.571 -0.496 2.347
13 12 0.565 -0.524 2.276
13 13 0.269 -0.473 2.503
13 14 0.204 -0.574 2.149
13 15 0.189 -0.804 2.109
13 16 0.197 -0.834 2.040
13 17 0.404 -0.479 2.523
13 18 0.490 -0.578 2.195
13 19 0.512 -0.811 2.163
13 20 0.513 -0.845 2.096
14 1 0.335 -0.410 2.516
14 2 0.332 -0.364 2.541
14 3 0.329 -0.129 2.517
14 4 0.349 0.053 2.527
14 5 0.182 -0.201 2.490
14 6 0.152 -0.401 2.421
14 7 0.170 -0.521 2.287
14 8 0.179 -0.534 2.235
14 9 0.460 -0.225 2.519
14 10 0.501 -0.412 2.483
14 11 0.572 -0.498 2.346
14 12 0.563 -0.524 2.274
14 13 0.270 -0.475 2.497
14 14 0.205 -0.575 2.148
14 15 0.191 -0.806 2.111
14 16 0.199 -0.837 2.041
14 17 0.405 -0.479 2.520
14 18 0.490 -0.579 2.193
14 19 0.512 -0.810 2.161
14 20 0.514 -0.843 2.092
15 1 0.336 -0.411 2.512
15 2 0.332 -0.365 2.536
15 3 0.329 -0.128 2.514
15 4 0.350 0.053 2.521
15 5 0.183 -0.201 2.486
15 6 0.152 -0.402 2.418
15 7 0.168 -0.522 2.284
15 8 0.180 -0.537 2.231
15 9 0.461 -0.224 2.517
15 10 0.502 -0.412 2.481
15 11 0.573 -0.499 2.344
15 12 0.562 -0.524 2.273
15 13 0.271 -0.477 2.494
15 14 0.206 -0.575 2.147
15 15 0.193 -0.807 2.110
15 16 0.201 -0.838 2.041
15 17 0.405 -0.479 2.519
15 18 0.491 -0.580 2.192
15 19 0.511 -0.810 2.159
15 20 0.515 -0.841 2.089
16 1 0.336 -0.411 2.509
16 2 0.333 -0.365 2.532
16 3 0.330 -0.128 2.511
16 4 0.352 0.052 2.516
16 5 0.183 -0.201 2.483
16 6 0.151 -0.402 2.416
16 7 0.167 -0.523 2.282
16 8 0.180 -0.539 2.229
16 9 0.461 -0.224 2.514
16 10 0.503 -0.413 2.479
16 11 0.573 -0.500 2.342
16 12 0.562 -0.525 2.272
16 13 0.271 -0.478 2.491
16 14 0.207 -0.576 2.146
16 15 0.194 -0.808 2.109
16 16 0.202 -0.839 2.041
16 17 0.406 -0.478 2.517
16 18 0.491 -0.581 2.190
16 19 0.511 -0.809 2.158
16 20 0.516 -0.840 2.087
17 1 0.337 -0.412 2.507
17 2 0.333 -0.366 2.528
17 3 0.330 -0.128 2.508
17 4 0.353 0.051 2.510
17 5 0.183 -0.201 2.480
17 6 0.151 -0.402 2.415
17 7 0.163 -0.524 2.281
17 8 0.171 -0.544 2.227
17 9 0.462 -0.224 2.511
17 10 0.504 -0.414 2.478
17 11 0.573 -0.501 2.340
17 12 0.563 -0.526 2.270
17 13 0.272 -0.479 2.488
17 14 0.208 -0.576 2.145
17 15 0.194 -0.808 2.109
17 16 0.203 -0.840 2.040
17 17 0.406 -0.478 2.515
17 18 0.491 -0.581 2.189
17 19 0.510 -0.809 2.157
17 20 0.516 -0.839 2.086
18 1 0.337 -0.413 2.504
18 2 0.333 -0.366 2.525
18 3 0.330 -0.128 2.505
18 4 0.355 0.050 2.504
18 5 0.183 -0.201 2.478
18 6 0.151 -0.402 2.413
18 7 0.159 -0.524 2.280
18 8 0.164 -0.547 2.226
18 9 0.463 -0.224 2.509
18 10 0.506 -0.414 2.477
18 11 0.573 -0.502 2.338
18 12 0.564 -0.527 2.268
18 13 0.272 -0.480 2.487
18 14 0.208 -0.576 2.145
18 15 0.195 -0.809 2.109
18 16 0.203 -0.840 2.040
18 17 0.406 -0.478 2.514
18 18 0.492 -0.582 2.188
18 19 0.510 -0.808 2.156
18 20 0.516 -0.839 2.085
19 1 0.337 -0.413 2.502
19 2 0.334 -0.367 2.522
19 3 0.331 -0.128 2.502
19 4 0.357 0.049 2.499
19 5 0.184 -0.201 2.476
19 6 0.151 -0.402 2.412
19 7 0.156 -0.524 2.278
19 8 0.159 -0.550 2.225
19 9 0.464 -0.224 2.507
19 10 0.507 -0.415 2.476
19 11 0.573 -0.503 2.337
19 12 0.564 -0.528 2.267
19 13 0.272 -0.480 2.486
19 14 0.209 -0.576 2.144
19 15 0.195 -0.809 2.109
19 16 0.203 -0.841 2.040
19 17 0.407 -0.478 2.513
19 18 0.492 -0.582 2.187
19 19 0.510 -0.808 2.155
19 20 0.516 -0.839 2.084
20 1 0.337 -0.414 2.501
20 2 0.334 -0.368 2.519
20 3 0.331 -0.129 2.500
20 4 0.358 0.049 2.496
20 5 0.184 -0.201 2.474
20 6 0.150 -0.402 2.411
20 7 0.152 -0.524 2.277
20 8 0.154 -0.551 2.225
20 9 0.465 -0.224 2.506
20 10 0.508 -0.415 2.475
20 11 0.573 -0.503 2.335
20 12 0.565 -0.529 2.265
20 13 0.272 -0.481 2.485
20 14 0.209 -0.576 2.144
20 15 0.195 -0.810 2.109
20 16 0.204 -0.841 2.040
20 17 0.407 -0.478 2.511
20 18 0.493 -0.582 2.186
20 19 0.510 -0.808 2.155
20 20 0.517 -0.839 2.083
21 1 0.337 -0.414 2.500
21 2 0.334 -0.368 2.516
21 3 0.331 -0.129 2.498
21 4 0.359 0.048 2.493
21 5 0.184 -0.201 2.473
21 6 0.150 -0.402 2.411
21 7 0.149 -0.525 2.277
21 8 0.152 -0.552 2.225
21 9 0.465 -0.224 2.505
21 10 0.509 -0.417 2.474
21 11 0.573 -0.504 2.334
21 12 0.565 -0.530 2.264
21 13 0.272 -0.481 2.484
21 14 0.209 -0.576 2.143
21 15 0.191 -0.826 2.126
21 16 0.211 -0.851 2.068
21 17 0.407 -0.478 2.510
21 18 0.493 -0.583 2.185
21 19 0.510 -0.808 2.155
21 20 0.517 -0.839 2.083
22 1 0.337 -0.415 2.499
22 2 0.334 -0.368 2.514
22 3 0.331 -0.130 2.496
22 4 0.359 0.047 2.491
22 5 0.184 -0.202 2.472
22 6 0.150 -0.402 2.410
22 7 0.147 -0.525 2.276
22 8 0.150 -0.552 2.224
22 9 0.466 -0.224 2.504
22 10 0.510 -0.417 2.474
22 11 0.572 -0.504 2.332
22 12 0.566 -0.531 2.262
22 13 0.271 -0.481 2.483
22 14 0.209 -0.576 2.143
22 15 0.190 -0.829 2.130
22 16 0.213 -0.865 2.086
22 17 0.407 -0.478 2.509
22 18 0.493 -0.583 2.185
22 19 0.510 -0.808 2.154
22 20 0.517 -0.839 2.083
23 1 0.337 -0.415 2.498
23 2 0.334 -0.369 2.513
23 3 0.331 -0.130 2.495
23 4 0.359 0.047 2.490
23 5 0.184 -0.202 2.471
23 6 0.149 -0.402 2.409
23 7 0.145 -0.525 2.276
23 8 0.146 -0.552 2.224
23 9 0.466 -0.224 2.503
23 10 0.511 -0.419 2.474
23 11 0.572 -0.504 2.331
23 12 0.566 -0.531 2.261
23 13 0.271 -0.482 2.483
23 14 0.209 -0.576 2.143
23 15 0.191 -0.830 2.129
23 16 0.210 -0.864 2.075
23 17 0.407 -0.479 2.509
23 18 0.493 -0.583 2.184
23 19 0.510 -0.808 2.154
23 20 0.517 -0.839 2.084
24 1 0.337 -0.415 2.497
24 2 0.334 -0.369 2.511
24 3 0.331 -0.130 2.494
24 4 0.360 0.047 2.489
24 5 0.184 -0.202 2.471
24 6 0.149 -0.403 2.409
24 7 0.144 -0.525 2.275
24 8 0.144 -0.552 2.224
24 9 0.467 -0.225 2.502
24 10 0.511 -0.420 2.474
24 11 0.572 -0.504 2.330
24 12 0.567 -0.531 2.260
24 13 0.271 -0.482 2.482
24 14 0.210 -0.577 2.143
24 15 0.192 -0.826 2.122
24 16 0.207 -0.858 2.057
24 17 0.407 -0.479 2.508
24 18 0.493 -0.583 2.184
24 19 0.510 -0.808 2.154
24 20 0.517 -0.839 2.084
25 1 0.337 -0.416 2.497
25 2 0.334 -0.369 2.510
25 3 0.331 -0.131 2.494
25 4 0.360 0.047 2.488
25 5 0.184 -0.202 2.470
25 6 0.149 -0.403 2.409
25 7 0.143 -0.525 2.275
25 8 0.142 -0.553 2.224
25 9 0.467 -0.225 2.502
25 10 0.512 -0.421 2.474
25 11 0.571 -0.504 2.329
25 12 0.567 -0.532 2.259
25 13 0.271 -0.482 2.482
25 14 0.210 -0.577 2.143
25 15 0.193 -0.823 2.118
25 16 0.205 -0.854 2.049
25 17 0.407 -0.479 2.507
25 18 0.493 -0.583 2.184
25 19 0.510 -0.808 2.154
25 20 0.517 -0.840 2.084
26 1 0.337 -0.416 2.496
26 2 0.334 -0.369 2.509
26 3 0.331 -0.131 2.493
26 4 0.360 0.047 2.487
26 5 0.184 -0.202 2.470
26 6 0.148 -0.403 2.408
26 7 0.142 -0.525 2.275
26 8 0.141 -0.553 2.224
26 9 0.467 -0.225 2.501
26 10 0.512 -0.421 2.474
26 11 0.571 -0.504 2.328
26 12 0.567 -0.532 2.258
26 13 0.271 -0.482 2.482
26 14 0.210 -0.577 2.143
26 15 0.196 -0.830 2.131
26 16 0.204 -0.851 2.062
26 17 0.408 -0.479 2.507
26 18 0.494 -0.584 2.183
26 19 0.510 -0.808 2.154
26 20 0.517 -0.840 2.084
27 1 0.337 -0.416 2.496
27 2 0.334 -0.370 2.508
27 3 0.332 -0.131 2.493
27 4 0.360 0.046 2.487
27 5 0.184 -0.202 2.470
27 6 0.148 -0.403 2.408
27 7 0.142 -0.525 2.275
27 8 0.140 -0.553 2.224
27 9 0.467 -0.225 2.501
27 10 0.512 -0.421 2.474
27 11 0.570 -0.504 2.327
27 12 0.567 -0.532 2.258
27 13 0.271 -0.482 2.482
27 14 0.210 -0.577 2.143
27 15 0.198 -0.818 2.118
27 16 0.204 -0.843 2.050
27 17 0.408 -0.479 2.507
27 18 0.494 -0.584 2.183
27 19 0.510 -0.808 2.154
27 20 0.518 -0.840 2.084
28 1 0.337 -0.416 2.496
28 2 0.335 -0.370 2.507
28 3 0.332 -0.131 2.492
28 4 0.360 0.046 2.487
28 5 0.184 -0.202 2.469
28 6 0.148 -0.403 2.408
28 7 0.141 -0.525 2.274
28 8 0.140 -0.553 2.224
28 9 0.467 -0.225 2.501
28 10 0.513 -0.421 2.474
28 11 0.570 -0.504 2.327
28 12 0.567 -0.532 2.257
28 13 0.271 -0.482 2.482
28 14 0.210 -0.577 2.143
28 15 0.199 -0.811 2.111
28 16 0.204 -0.838 2.043
28 17 0.408 -0.479 2.506
28 18 0.494 -0.584 2.183
28 19 0.510 -0.808 2.153
28 20 0.518 -0.840 2.083
29 1 0.337 -0.416 2.496
29 2 0.335 -0.370 2.507
29 3 0.332 -0.131 2.492
29 4 0.360 0.046 2.486
29 5 0.184 -0.202 2.469
29 6 0.148 -0.403 2.407
29 7 0.141 -0.525 2.274
29 8 0.137 -0.549 2.223
29 9 0.467 -0.225 2.500
29 10 0.513 -0.422 2.475
29 11 0.569 -0.503 2.326
29 12 0.566 -0.532 2.257
29 13 0.271 -0.482 2.481
29 14 0.211 -0.577 2.143
29 15 0.199 -0.807 2.106
29 16 0.204 -0.851 2.086
29 17 0.408 -0.479 2.506
29 18 0.494 -0.584 2.183
29 19 0.510 -0.808 2.153
29 20 0.518 -0.840 2.083
30 1 0.337 -0.416 2.495
30 2 0.335 -0.370 2.506
30 3 0.332 -0.132 2.492
30 4 0.360 0.046 2.486
30 5 0.184 -0.202 2.469
30 6 0.148 -0.403 2.407
30 7 0.142 -0.523 2.273
30 8 0.131 -0.548 2.224
30 9 0.468 -0.225 2.501
30 10 0.513 -0.422 2.475
30 11 0.568 -0.503 2.325
30 12 0.566 -0.532 2.257
30 13 0.271 -0.482 2.481
30 14 0.213 -0.576 2.143
30 15 0.199 -0.805 2.103
30 16 0.204 -0.860 2.111
30 17 0.408 -0.479 2.506
30 18 0.494 -0.584 2.183
30 19 0.510 -0.808 2.152
30 20 0.518 -0.840 2.083
31 1 0.337 -0.416 2.495
31 2 0.335 -0.370 2.506
31 3 0.332 -0.132 2.492
31 4 0.360 0.046 2.487
31 5 0.184 -0.202 2.469
31 6 0.147 -0.402 2.407
31 7 0.142 -0.522 2.272
31 8 0.119 -0.547 2.237
31 9 0.468 -0.225 2.501
31 10 0.512 -0.422 2.476
31 11 0.567 -0.503 2.325
31 12 0.566 -0.532 2.257
31 13 0.271 -0.483 2.481
31 14 0.216 -0.576 2.145
31 15 0.200 -0.803 2.101
31 16 0.209 -0.850 2.071
31 17 0.408 -0.479 2.506
31 18 0.494 -0.584 2.184
31 19 0.510 -0.808 2.151
31 20 0.518 -0.840 2.082
32 1 0.337 -0.416 2.496
32 2 0.335 -0.370 2.506
32 3 0.331 -0.132 2.493
32 4 0.359 0.046 2.487
32 5 0.184 -0.202 2.469
32 6 0.144 -0.401 2.406
32 7 0.142 -0.521 2.271
32 8 0.112 -0.545 2.240
32 9 0.468 -0.225 2.502
32 10 0.512 -0.420 2.478
32 11 0.566 -0.502 2.326
32 12 0.561 -0.530 2.258
32 13 0.270 -0.483 2.482
32 14 0.221 -0.575 2.146
32 15 0.200 -0.802 2.100
32 16 0.211 -0.845 2.050
32 17 0.408 -0.480 2.508
32 18 0.495 -0.583 2.186
32 19 0.510 -0.808 2.151
32 20 0.518 -0.840 2.082
33 1 0.337 -0.417 2.498
33 2 0.334 -0.370 2.507
33 3 0.330 -0.132 2.496
33 4 0.359 0.046 2.489
33 5 0.184 -0.202 2.470
33 6 0.137 -0.396 2.405
33 7 0.133 -0.508 2.265
33 8 0.113 -0.544 2.244
33 9 0.467 -0.226 2.504
33 10 0.512 -0.419 2.479
33 11 0.561 -0.500 2.326
33 12 0.557 -0.528 2.258
33 13 0.269 -0.482 2.483
33 14 0.225 -0.574 2.148
33 15 0.202 -0.802 2.099
33 16 0.215 -0.842 2.038
33 17 0.408 -0.480 2.509
33 18 0.496 -0.583 2.189
33 19 0.510 -0.808 2.151
33 20 0.518 -0.840 2.082
34 1 0.335 -0.417 2.500
34 2 0.333 -0.370 2.509
34 3 0.327 -0.133 2.500
34 4 0.357 0.045 2.492
34 5 0.183 -0.202 2.471
34 6 0.125 -0.391 2.402
34 7 0.124 -0.496 2.257
34 8 0.111 -0.542 2.240
34 9 0.466 -0.227 2.507
34 10 0.512 -0.417 2.480
34 11 0.557 -0.499 2.327
34 12 0.553 -0.526 2.258
34 13 0.266 -0.482 2.485
34 14 0.228 -0.573 2.150
34 15 0.207 -0.805 2.100
34 16 0.220 -0.841 2.032
34 17 0.407 -0.480 2.511
34 18 0.497 -0.583 2.191
34 19 0.510 -0.809 2.150
34 20 0.518 -0.840 2.082
35 1 0.333 -0.417 2.502
35 2 0.330 -0.370 2.511
35 3 0.325 -0.133 2.504
35 4 0.355 0.044 2.496
35 5 0.180 -0.202 2.473
35 6 0.100 -0.381 2.396
35 7 0.118 -0.489 2.252
35 8 0.111 -0.537 2.233
35 9 0.463 -0.228 2.510
35 10 0.512 -0.416 2.483
35 11 0.553 -0.498 2.329
35 12 0.549 -0.525 2.258
35 13 0.263 -0.482 2.488
35 14 0.231 -0.572 2.151
35 15 0.218 -0.808 2.103
35 16 0.228 -0.841 2.030
35 17 0.406 -0.481 2.513
35 18 0.497 -0.582 2.193
35 19 0.510 -0.809 2.150
35 20 0.518 -0.841 2.082
36 1 0.329 -0.417 2.505
36 2 0.326 -0.370 2.514
36 3 0.319 -0.133 2.510
36 4 0.351 0.043 2.500
36 5 0.176 -0.203 2.475
36 6 0.083 -0.370 2.391
36 7 0.107 -0.479 2.248
36 8 0.107 -0.530 2.227
36 9 0.460 -0.230 2.513
36 10 0.512 -0.415 2.486
36 11 0.550 -0.498 2.332
36 12 0.546 -0.524 2.260
36 13 0.259 -0.482 2.490
36 14 0.234 -0.571 2.152
36 15 0.235 -0.814 2.111
36 16 0.265 -0.862 2.096
36 17 0.403 -0.481 2.516
36 18 0.498 -0.582 2.195
36 19 0.510 -0.809 2.150
36 20 0.518 -0.841 2.082
37 1 0.325 -0.418 2.508
37 2 0.322 -0.371 2.518
37 3 0.314 -0.133 2.514
37 4 0.346 0.041 2.504
37 5 0.172 -0.204 2.476
37 6 0.064 -0.356 2.386
37 7 0.096 -0.470 2.246
37 8 0.101 -0.522 2.222
37 9 0.456 -0.231 2.516
37 10 0.512 -0.415 2.492
37 11 0.545 -0.504 2.341
37 12 0.541 -0.529 2.265
37 13 0.255 -0.483 2.492
37 14 0.237 -0.570 2.153
37 15 0.263 -0.824 2.127
37 16 0.279 -0.863 2.092
37 17 0.399 -0.482 2.519
37 18 0.498 -0.582 2.196
37 19 0.509 -0.810 2.150
37 20 0.518 -0.841 2.082
38 1 0.321 -0.419 2.511
38 2 0.317 -0.372 2.521
38 3 0.309 -0.133 2.518
38 4 0.336 0.039 2.508
38 5 0.164 -0.207 2.477
38 6 0.044 -0.342 2.381
38 7 0.080 -0.462 2.247
38 8 0.077 -0.510 2.218
38 9 0.449 -0.232 2.519
38 10 0.511 -0.418 2.505
38 11 0.544 -0.516 2.362
38 12 0.537 -0.532 2.278
38 13 0.251 -0.484 2.494
38 14 0.240 -0.571 2.154
38 15 0.282 -0.828 2.136
38 16 0.296 -0.864 2.089
38 17 0.394 -0.483 2.523
38 18 0.499 -0.582 2.197
38 19 0.509 -0.810 2.150
38 20 0.518 -0.842 2.082
39 1 0.315 -0.420 2.514
39 2 0.311 -0.373 2.524
39 3 0.304 -0.133 2.521
39 4 0.329 0.038 2.511
39 5 0.157 -0.208 2.477
39 6 0.031 -0.335 2.378
39 7 0.050 -0.458 2.249
39 8 0.064 -0.505 2.216
39 9 0.442 -0.232 2.521
39 10 0.510 -0.422 2.520
39 11 0.551 -0.534 2.393
39 12 0.543 -0.548 2.304
39 13 0.246 -0.485 2.495
39 14 0.243 -0.572 2.153
39 15 0.294 -0.831 2.140
39 16 0.308 -0.864 2.085
39 17 0.386 -0.484 2.527
39 18 0.499 -0.582 2.198
39 19 0.509 -0.811 2.150
39 20 0.519 -0.842 2.082
40 1 0.309 -0.421 2.516
40 2 0.305 -0.374 2.527
40 3 0.294 -0.133 2.522
40 4 0.316 0.035 2.512
40 5 0.147 -0.211 2.475
40 6 0.000 -0.336 2.370
40 7 0.032 -0.461 2.248
40 8 0.060 -0.505 2.211
40 9 0.430 -0.232 2.523
40 10 0.508 -0.426 2.530
40 11 0.556 -0.556 2.424
40 12 0.541 -0.554 2.330
40 13 0.242 -0.487 2.496
40 14 0.250 -0.577 2.153
40 15 0.303 -0.832 2.142
40 16 0.344 -0.867 2.129
40 17 0.380 -0.485 2.529
40 18 0.499 -0.582 2.199
40 19 0.509 -0.813 2.150
40 20 0.519 -0.844 2.082
41 1 0.301 -0.423 2.517
41 2 0.296 -0.376 2.528
41 3 0.282 -0.134 2.522
41 4 0.296 0.033 2.510
41 5 0.133 -0.214 2.472
41 6 -0.015 -0.337 2.366
41 7 -0.038 -0.474 2.255
41 8 -0.031 -0.517 2.218
41 9 0.417 -0.232 2.523
41 10 0.504 -0.431 2.548
41 11 0.542 -0.577 2.456
41 12 0.531 -0.563 2.360
41 13 0.236 -0.490 2.496
41 14 0.257 -0.582 2.153
41 15 0.311 -0.831 2.144
41 16 0.364 -0.869 2.153
41 17 0.372 -0.486 2.532
41 18 0.499 -0.583 2.199
41 19 0.509 -0.815 2.151
41 20 0.519 -0.847 2.082
42 1 0.295 -0.425 2.517
42 2 0.288 -0.377 2.527
42 3 0.265 -0.135 2.517
42 4 0.278 0.030 2.506
42 5 0.119 -0.217 2.467
42 6 -0.029 -0.341 2.363
42 7 -0.073 -0.485 2.256
42 8 -0.097 -0.526 2.228
42 9 0.405 -0.232 2.522
42 10 0.491 -0.426 2.593
42 11 0.536 -0.574 2.503
42 12 0.524 -0.568 2.398
42 13 0.231 -0.492 2.495
42 14 0.274 -0.588 2.155
42 15 0.328 -0.820 2.145
42 16 0.363 -0.848 2.108
42 17 0.365 -0.486 2.534
42 18 0.499 -0.584 2.199
42 19 0.507 -0.817 2.151
42 20 0.518 -0.848 2.082
43 1 0.290 -0.426 2.517
43 2 0.282 -0.378 2.527
43 3 0.250 -0.137 2.513
43 4 0.262 0.026 2.501
43 5 0.106 -0.220 2.462
43 6 -0.038 -0.343 2.362
43 7 -0.090 -0.489 2.258
43 8 -0.125 -0.530 2.234
43 9 0.393 -0.231 2.521
43 10 0.478 -0.428 2.605
43 11 0.537 -0.577 2.522
43 12 0.520 -0.571 2.417
43 13 0.227 -0.495 2.494
43 14 0.289 -0.592 2.156
43 15 0.346 -0.811 2.147
43 16 0.377 -0.837 2.093
43 17 0.361 -0.487 2.535
43 18 0.499 -0.585 2.199
43 19 0.489 -0.818 2.149
43 20 0.516 -0.858 2.127
44 1 0.287 -0.427 2.516
44 2 0.278 -0.379 2.525
44 3 0.237 -0.140 2.507
44 4 0.242 0.021 2.492
44 5 0.093 -0.224 2.455
44 6 -0.044 -0.343 2.362
44 7 -0.106 -0.490 2.264
44 8 -0.155 -0.526 2.246
44 9 0.381 -0.230 2.519
44 10 0.464 -0.428 2.612
44 11 0.535 -0.579 2.534
44 12 0.515 -0.573 2.431
44 13 0.225 -0.496 2.493
44 14 0.348 -0.602 2.169
44 15 0.355 -0.807 2.147
44 16 0.381 -0.833 2.082
44 17 0.358 -0.487 2.535
44 18 0.499 -0.586 2.199
44 19 0.486 -0.819 2.149
44 20 0.516 -0.868 2.150
45 1 0.283 -0.427 2.515
45 2 0.272 -0.380 2.521
45 3 0.221 -0.144 2.497
45 4 0.222 0.015 2.482
45 5 0.076 -0.228 2.444
45 6 -0.048 -0.345 2.363
45 7 -0.116 -0.492 2.268
45 8 -0.170 -0.526 2.249
45 9 0.367 -0.228 2.517
45 10 0.450 -0.426 2.614
45 11 0.530 -0.580 2.544
45 12 0.506 -0.574 2.444
45 13 0.223 -0.498 2.491
45 14 0.390 -0.607 2.176
45 15 0.395 -0.810 2.146
45 16 0.381 -0.852 2.129
45 17 0.356 -0.486 2.536
45 18 0.499 -0.587 2.199
45 19 0.483 -0.820 2.149
45 20 0.518 -0.873 2.160
46 1 0.279 -0.427 2.512
46 2 0.265 -0.380 2.515
46 3 0.192 -0.150 2.480
46 4 0.202 0.009 2.469
46 5 0.060 -0.233 2.434
46 6 -0.055 -0.348 2.364
46 7 -0.123 -0.494 2.270
46 8 -0.173 -0.530 2.251
46 9 0.347 -0.227 2.514
46 10 0.428 -0.424 2.609
46 11 0.517 -0.577 2.544
46 12 0.492 -0.573 2.448
46 13 0.222 -0.500 2.489
46 14 0.407 -0.609 2.179
46 15 0.409 -0.811 2.145
46 16 0.381 -0.865 2.157
46 17 0.354 -0.485 2.535
46 18 0.498 -0.587 2.199
46 19 0.481 -0.821 2.150
46 20 0.519 -0.877 2.165
47 1 0.273 -0.427 2.507
47 2 0.255 -0.380 2.507
47 3 0.174 -0.153 2.471
47 4 0.185 0.007 2.458
47 5 0.044 -0.238 2.423
47 6 -0.074 -0.367 2.360
47 7 -0.128 -0.506 2.264
47 8 -0.172 -0.541 2.244
47 9 0.324 -0.225 2.510
47 10 0.391 -0.432 2.582
47 11 0.466 -0.587 2.522
47 12 0.469 -0.612 2.473
47 13 0.221 -0.501 2.486
47 14 0.418 -0.610 2.181
47 15 0.410 -0.810 2.144
47 16 0.382 -0.870 2.168
47 17 0.351 -0.483 2.534
47 18 0.498 -0.587 2.198
47 19 0.481 -0.823 2.150
47 20 0.521 -0.881 2.168
48 1 0.266 -0.427 2.503
48 2 0.247 -0.381 2.501
48 3 0.161 -0.157 2.464
48 4 0.163 0.002 2.443
48 5 0.032 -0.242 2.415
48 6 -0.082 -0.374 2.358
48 7 -0.132 -0.512 2.260
48 8 -0.176 -0.545 2.238
48 9 0.305 -0.227 2.504
48 10 0.377 -0.432 2.576
48 11 0.427 -0.584 2.498
48 12 0.426 -0.595 2.445
48 13 0.219 -0.502 2.484
48 14 0.424 -0.609 2.181
48 15 0.408 -0.811 2.143
48 16 0.397 -0.858 2.114
48 17 0.347 -0.480 2.532
48 18 0.496 -0.586 2.198
48 19 0.481 -0.825 2.192
48 20 0.517 -0.873 2.166
49 1 0.240 -0.427 2.490
49 2 0.221 -0.383 2.487
49 3 0.142 -0.163 2.455
49 4 0.143 -0.002 2.432
49 5 0.013 -0.253 2.400
49 6 -0.095 -0.385 2.343
49 7 -0.140 -0.525 2.250
49 8 -0.176 -0.564 2.223
49 9 0.282 -0.229 2.497
49 10 0.366 -0.424 2.579
49 11 0.403 -0.533 2.423
49 12 0.402 -0.572 2.345
49 13 0.200 -0.505 2.470
49 14 0.425 -0.607 2.181
49 15 0.406 -0.813 2.143
49 16 0.408 -0.852 2.088
49 17 0.325 -0.472 2.524
49 18 0.491 -0.582 2.202
49 19 0.469 -0.825 2.214
49 20 0.514 -0.867 2.165
50 1 0.232 -0.426 2.487
50 2 0.212 -0.383 2.483
50 3 0.127 -0.168 2.448
50 4 0.122 -0.005 2.421
50 5 0.002 -0.260 2.391
50 6 -0.104 -0.392 2.333
50 7 -0.147 -0.534 2.242
50 8 -0.179 -0.571 2.217
50 9 0.260 -0.228 2.491
50 10 0.354 -0.420 2.576
50 11 0.389 -0.506 2.385
50 12 0.392 -0.558 2.290
50 13 0.197 -0.506 2.468
50 14 0.421 -0.605 2.180
50 15 0.395 -0.814 2.143
50 16 0.411 -0.850 2.077
50 17 0.316 -0.463 2.526
50 18 0.470 -0.547 2.221
50 19 0.472 -0.818 2.217
50 20 0.513 -0.862 2.163
51 1 0.227 -0.426 2.485
51 2 0.207 -0.383 2.480
51 3 0.116 -0.173 2.442
51 4 0.094 -0.011 2.407
51 5 -0.012 -0.268 2.379
51 6 -0.114 -0.401 2.321
51 7 -0.175 -0.542 2.225
51 8 -0.181 -0.579 2.211
51 9 0.237 -0.231 2.484
51 10 0.347 -0.418 2.574
51 11 0.384 -0.495 2.365
51 12 0.386 -0.552 2.263
51 13 0.196 -0.506 2.467
51 14 0.420 -0.604 2.181
51 15 0.362 -0.812 2.152
51 16 0.393 -0.857 2.121
51 17 0.310 -0.457 2.527
51 18 0.464 -0.545 2.226
51 19 0.499 -0.832 2.200
51 20 0.510 -0.866 2.139
52 1 0.223 -0.425 2.484
52 2 0.202 -0.383 2.478
52 3 0.098 -0.179 2.434
52 4 0.068 -0.016 2.395
52 5 -0.021 -0.273 2.371
52 6 -0.123 -0.408 2.309
52 7 -0.187 -0.550 2.218
52 8 -0.188 -0.589 2.205
52 9 0.221 -0.232 2.480
52 10 0.336 -0.418 2.571
52 11 0.382 -0.488 2.346
52 12 0.383 -0.548 2.240
52 13 0.196 -0.506 2.466
52 14 0.414 -0.610 2.180
52 15 0.342 -0.819 2.160
52 16 0.392 -0.859 2.134
52 17 0.304 -0.453 2.529
52 18 0.461 -0.547 2.228
52 19 0.516 -0.837 2.184
52 20 0.511 -0.874 2.133
53 1 0.220 -0.423 2.484
53 2 0.198 -0.383 2.477
53 3 0.078 -0.185 2.426
53 4 0.049 -0.019 2.387
53 5 -0.033 -0.280 2.364
53 6 -0.131 -0.417 2.298
53 7 -0.196 -0.560 2.214
53 8 -0.195 -0.601 2.200
53 9 0.204 -0.233 2.478
53 10 0.323 -0.416 2.569
53 11 0.379 -0.483 2.336
53 12 0.382 -0.545 2.224
53 13 0.196 -0.504 2.466
53 14 0.335 -0.604 2.149
53 15 0.337 -0.817 2.157
53 16 0.385 -0.846 2.105
53 17 0.298 -0.445 2.529
53 18 0.461 -0.574 2.216
53 19 0.528 -0.840 2.174
53 20 0.545 -0.882 2.130
54 1 0.162 -0.407 2.445
54 2 0.142 -0.371 2.442
54 3 0.047 -0.190 2.418
54 4 0.007 -0.021 2.380
54 5 -0.046 -0.285 2.358
54 6 -0.137 -0.424 2.291
54 7 -0.201 -0.567 2.211
54 8 -0.201 -0.612 2.196
54 9 0.176 -0.234 2.476
54 10 0.306 -0.414 2.567
54 11 0.376 -0.482 2.336
54 12 0.379 -0.543 2.217
54 13 0.118 -0.479 2.406
54 14 0.333 -0.586 2.173
54 15 0.338 -0.811 2.148
54 16 0.383 -0.848 2.124
54 17 0.249 -0.434 2.488
54 18 0.457 -0.568 2.223
54 19 0.541 -0.826 2.163
54 20 0.569 -0.856 2.106
55 1 0.088 -0.419 2.419
55 2 0.073 -0.382 2.420
55 3 0.026 -0.194 2.414
55 4 -0.012 -0.023 2.377
55 5 -0.057 -0.290 2.354
55 6 -0.142 -0.431 2.285
55 7 -0.206 -0.578 2.214
55 8 -0.208 -0.624 2.196
55 9 0.160 -0.236 2.475
55 10 0.231 -0.407 2.494
55 11 0.319 -0.462 2.278
55 12 0.320 -0.515 2.160
55 13 0.039 -0.488 2.382
55 14 0.331 -0.577 2.185
55 15 0.340 -0.807 2.142
55 16 0.384 -0.849 2.134
55 17 0.173 -0.452 2.456
55 18 0.440 -0.533 2.248
55 19 0.552 -0.777 2.159
55 20 0.586 -0.804 2.096
56 1 0.054 -0.429 2.412
56 2 0.042 -0.391 2.413
56 3 -0.001 -0.202 2.413
56 4 -0.052 -0.048 2.372
56 5 -0.091 -0.304 2.344
56 6 -0.173 -0.443 2.264
56 7 -0.192 -0.599 2.236
56 8 -0.203 -0.644 2.210
56 9 0.125 -0.247 2.472
56 10 0.198 -0.411 2.468
56 11 0.293 -0.458 2.255
56 12 0.294 -0.509 2.138
56 13 -0.001 -0.499 2.373
56 14 0.314 -0.579 2.179
56 15 0.343 -0.804 2.138
56 16 0.386 -0.849 2.139
56 17 0.140 -0.466 2.450
56 18 0.430 -0.513 2.263
56 19 0.565 -0.738 2.151
56 20 0.601 -0.763 2.085
57 1 0.030 -0.435 2.405
57 2 0.020 -0.396 2.408
57 3 -0.015 -0.206 2.412
57 4 -0.076 -0.059 2.370
57 5 -0.102 -0.308 2.340
57 6 -0.184 -0.446 2.257
57 7 -0.179 -0.609 2.251
57 8 -0.197 -0.654 2.225
57 9 0.102 -0.252 2.469
57 10 0.177 -0.410 2.454
57 11 0.275 -0.454 2.244
57 12 0.274 -0.503 2.127
57 13 -0.027 -0.504 2.363
57 14 0.295 -0.577 2.171
57 15 0.345 -0.802 2.135
57 16 0.389 -0.838 2.103
57 17 0.101 -0.475 2.437
57 18 0.419 -0.495 2.288
57 19 0.578 -0.695 2.151
57 20 0.616 -0.721 2.085
58 1 0.021 -0.435 2.410
58 2 0.009 -0.399 2.408
58 3 -0.032 -0.212 2.415
58 4 -0.089 -0.066 2.369
58 5 -0.134 -0.318 2.329
58 6 -0.206 -0.451 2.245
58 7 -0.143 -0.597 2.288
58 8 -0.170 -0.648 2.263
58 9 0.089 -0.255 2.468
58 10 0.162 -0.410 2.445
58 11 0.258 -0.453 2.237
58 12 0.257 -0.500 2.121
58 13 -0.028 -0.505 2.376
58 14 0.275 -0.549 2.153
58 15 0.347 -0.798 2.134
58 16 0.388 -0.824 2.083
58 17 0.113 -0.460 2.464
58 18 0.416 -0.488 2.292
58 19 0.587 -0.678 2.144
58 20 0.625 -0.705 2.078
59 1 0.001 -0.427 2.397
59 2 -0.008 -0.394 2.403
59 3 -0.047 -0.218 2.419
59 4 -0.108 -0.071 2.373
59 5 -0.153 -0.322 2.323
59 6 -0.224 -0.453 2.238
59 7 -0.125 -0.577 2.313
59 8 -0.156 -0.639 2.287
59 9 0.076 -0.259 2.469
59 10 0.139 -0.415 2.444
59 11 0.217 -0.437 2.239
59 12 0.214 -0.483 2.126
59 13 -0.054 -0.494 2.348
59 14 0.265 -0.536 2.144
59 15 0.349 -0.794 2.134
59 16 0.389 -0.818 2.075
59 17 0.087 -0.454 2.434
59 18 0.414 -0.483 2.294
59 19 0.608 -0.652 2.134
59 20 0.644 -0.680 2.071
60 1 -0.045 -0.445 2.381
60 2 -0.054 -0.411 2.395
60 3 -0.063 -0.223 2.425
60 4 -0.124 -0.071 2.378
60 5 -0.170 -0.324 2.317
60 6 -0.242 -0.454 2.231
60 7 -0.121 -0.569 2.322
60 8 -0.151 -0.631 2.301
60 9 0.059 -0.265 2.473
60 10 0.120 -0.420 2.443
60 11 0.197 -0.434 2.238
60 12 0.195 -0.479 2.126
60 13 -0.102 -0.509 2.326
60 14 0.208 -0.552 2.121
60 15 0.351 -0.792 2.134
60 16 0.389 -0.814 2.070
60 17 0.032 -0.485 2.407
60 18 0.381 -0.545 2.272
60 19 0.616 -0.647 2.128
60 20 0.652 -0.675 2.066
61 1 -0.056 -0.450 2.383
61 2 -0.068 -0.417 2.397
61 3 -0.088 -0.226 2.434
61 4 -0.154 -0.068 2.385
61 5 -0.183 -0.324 2.312
61 6 -0.256 -0.454 2.225
61 7 -0.125 -0.561 2.326
61 8 -0.151 -0.624 2.310
61 9 0.039 -0.271 2.480
61 10 0.102 -0.436 2.442
61 11 0.295 -0.458 2.375
61 12 0.266 -0.497 2.236
61 13 -0.088 -0.520 2.343
61 14 0.234 -0.592 2.154
61 15 0.355 -0.794 2.134
61 16 0.401 -0.834 2.113
61 17 0.022 -0.494 2.413
61 18 0.368 -0.567 2.263
61 19 0.621 -0.635 2.118
61 20 0.659 -0.664 2.058
62 1 -0.059 -0.450 2.396
62 2 -0.077 -0.418 2.408
62 3 -0.121 -0.225 2.438
62 4 -0.181 -0.054 2.401
62 5 -0.192 -0.324 2.309
62 6 -0.236 -0.488 2.256
62 7 -0.058 -0.433 2.329
62 8 -0.027 -0.430 2.339
62 9 0.012 -0.279 2.487
62 10 0.084 -0.440 2.440
62 11 0.287 -0.461 2.383
62 12 0.321 -0.512 2.262
62 13 -0.092 -0.521 2.349
62 14 0.222 -0.597 2.153
62 15 0.358 -0.789 2.134
62 16 0.406 -0.823 2.105
62 17 0.020 -0.485 2.446
62 18 0.390 -0.545 2.321
62 19 0.629 -0.598 2.147
62 20 0.672 -0.627 2.092
63 1 -0.065 -0.452 2.408
63 2 -0.086 -0.421 2.419
63 3 -0.144 -0.228 2.444
63 4 -0.196 -0.051 2.410
63 5 -0.201 -0.323 2.307
63 6 -0.235 -0.494 2.267
63 7 -0.035 -0.382 2.340
63 8 0.026 -0.348 2.363
63 9 -0.028 -0.305 2.474
63 10 0.076 -0.442 2.447
63 11 0.304 -0.465 2.405
63 12 0.343 -0.517 2.278
63 13 -0.096 -0.522 2.354
63 14 0.207 -0.602 2.153
63 15 0.360 -0.786 2.134
63 16 0.409 -0.815 2.099
63 17 0.012 -0.486 2.464
63 18 0.390 -0.533 2.337
63 19 0.625 -0.583 2.152
63 20 0.665 -0.607 2.100
64 1 -0.061 -0.453 2.435
64 2 -0.090 -0.422 2.436
64 3 -0.173 -0.234 2.444
64 4 -0.214 -0.051 2.419
64 5 -0.218 -0.320 2.302
64 6 -0.231 -0.500 2.279
64 7 -0.031 -0.359 2.343
64 8 0.047 -0.307 2.373
64 9 -0.062 -0.317 2.466
64 10 0.062 -0.444 2.456
64 11 0.306 -0.468 2.417
64 12 0.352 -0.520 2.288
64 13 -0.073 -0.525 2.393
64 14 0.236 -0.635 2.199
64 15 0.421 -0.804 2.183
64 16 0.431 -0.854 2.148
64 17 0.012 -0.482 2.493
64 18 0.388 -0.525 2.346
64 19 0.398 -0.668 2.120
64 20 0.426 -0.741 2.136
65 1 -0.088 -0.457 2.439
65 2 -0.118 -0.426 2.444
65 3 -0.200 -0.237 2.447
65 4 -0.249 -0.065 2.429
65 5 -0.239 -0.318 2.301
65 6 -0.230 -0.504 2.286
65 7 -0.077 -0.343 2.347
65 8 -0.003 -0.280 2.378
65 9 -0.085 -0.323 2.464
65 10 0.045 -0.445 2.467
65 11 0.291 -0.472 2.422
65 12 0.345 -0.525 2.292
65 13 -0.106 -0.524 2.388
65 14 0.267 -0.624 2.199
65 15 0.462 -0.793 2.185
65 16 0.495 -0.829 2.136
65 17 -0.017 -0.488 2.493
65 18 0.368 -0.521 2.341
65 19 0.369 -0.692 2.116
65 20 0.398 -0.769 2.150
66 1 -0.100 -0.462 2.444
66 2 -0.131 -0.431 2.451
66 3 -0.229 -0.245 2.454
66 4 -0.267 -0.083 2.435
66 5 -0.268 -0.320 2.306
66 6 -0.230 -0.506 2.290
66 7 -0.079 -0.324 2.350
66 8 -0.023 -0.265 2.382
66 9 -0.127 -0.337 2.453
66 10 -0.005 -0.465 2.450
66 11 0.230 -0.511 2.389
66 12 0.302 -0.572 2.254
66 13 -0.116 -0.529 2.393
66 14 0.280 -0.625 2.209
66 15 0.490 -0.792 2.195
66 16 0.485 -0.851 2.169
66 17 -0.029 -0.492 2.494
66 18 0.350 -0.520 2.335
66 19 0.340 -0.721 2.111
66 20 0.372 -0.805 2.154
67 1 -0.122 -0.464 2.444
67 2 -0.154 -0.435 2.455
67 3 -0.266 -0.252 2.468
67 4 -0.287 -0.096 2.445
67 5 -0.306 -0.324 2.318
67 6 -0.235 -0.508 2.293
67 7 -0.100 -0.327 2.352
67 8 -0.055 -0.271 2.381
67 9 -0.149 -0.344 2.450
67 10 -0.034 -0.475 2.439
67 11 0.186 -0.532 2.364
67 12 0.269 -0.597 2.228
67 13 -0.150 -0.525 2.379
67 14 0.284 -0.624 2.213
67 15 0.502 -0.791 2.198
67 16 0.478 -0.862 2.185
67 17 -0.046 -0.494 2.491
67 18 0.280 -0.504 2.310
67 19 0.339 -0.717 2.119
67 20 0.371 -0.801 2.157
68 1 -0.149 -0.489 2.442
68 2 -0.181 -0.460 2.460
68 3 -0.290 -0.266 2.481
68 4 -0.304 -0.110 2.453
68 5 -0.336 -0.335 2.331
68 6 -0.245 -0.509 2.295
68 7 -0.119 -0.335 2.352
68 8 -0.079 -0.282 2.380
68 9 -0.198 -0.359 2.436
68 10 -0.059 -0.496 2.432
68 11 0.138 -0.541 2.315
68 12 0.176 -0.586 2.218
68 13 -0.166 -0.537 2.377
68 14 0.286 -0.625 2.217
68 15 0.509 -0.791 2.201
68 16 0.465 -0.874 2.194
68 17 -0.082 -0.521 2.480
68 18 0.234 -0.558 2.280
68 19 0.354 -0.728 2.122
68 20 0.381 -0.813 2.160
69 1 -0.158 -0.504 2.442
69 2 -0.191 -0.476 2.465
69 3 -0.307 -0.282 2.497
69 4 -0.320 -0.126 2.464
69 5 -0.358 -0.348 2.347
69 6 -0.255 -0.512 2.299
69 7 -0.140 -0.349 2.357
69 8 -0.103 -0.300 2.383
69 9 -0.218 -0.368 2.432
69 10 -0.095 -0.521 2.425
69 11 0.101 -0.542 2.294
69 12 0.111 -0.576 2.221
69 13 -0.172 -0.562 2.408
69 14 0.282 -0.625 2.220
69 15 0.510 -0.792 2.201
69 16 0.457 -0.881 2.198
69 17 -0.097 -0.537 2.457
69 18 0.215 -0.576 2.271
69 19 0.341 -0.733 2.127
69 20 0.383 -0.812 2.166
70 1 -0.166 -0.523 2.446
70 2 -0.200 -0.499 2.474
70 3 -0.319 -0.302 2.516
70 4 -0.336 -0.150 2.481
70 5 -0.376 -0.366 2.365
70 6 -0.271 -0.521 2.308
70 7 -0.161 -0.371 2.368
70 8 -0.124 -0.323 2.392
70 9 -0.231 -0.377 2.434
70 10 -0.109 -0.529 2.423
70 11 0.086 -0.544 2.285
70 12 0.085 -0.571 2.223
70 13 -0.179 -0.591 2.446
70 14 0.265 -0.634 2.232
70 15 0.501 -0.804 2.205
70 16 0.450 -0.886 2.199
70 17 -0.106 -0.548 2.441
70 18 0.199 -0.589 2.267
70 19 0.344 -0.732 2.132
70 20 0.386 -0.809 2.169
71 1 0.013 -0.562 2.376
71 2 -0.033 -0.554 2.402
71 3 -0.218 -0.400 2.480
71 4 -0.309 -0.207 2.480
71 5 -0.313 -0.455 2.350
71 6 -0.104 -0.524 2.431
71 7 0.049 -0.560 2.488
71 8 0.019 -0.576 2.479
71 9 -0.121 -0.441 2.524
71 10 -0.118 -0.549 2.413
71 11 0.078 -0.549 2.281
71 12 0.069 -0.572 2.223
71 13 0.035 -0.606 2.335
71 14 0.409 -0.683 2.169
71 15 0.901 -0.928 2.027
71 16 0.817 -0.932 2.057
71 17 0.053 -0.564 2.387
71 18 0.266 -0.636 2.189
71 19 0.343 -0.731 2.136
71 20 0.394 -0.798 2.168
72 1 0.168 -0.621 2.330
72 2 0.142 -0.629 2.345
72 3 0.042 -0.554 2.367
72 4 -0.097 -0.384 2.416
72 5 -0.058 -0.618 2.243
72 6 0.099 -0.579 2.329
72 7 0.153 -0.681 2.246
72 8 0.137 -0.738 2.242
72 9 0.189 -0.530 2.554
72 10 0.282 -0.518 2.426
72 11 0.555 -0.506 2.403
72 12 0.613 -0.472 2.370
72 13 0.187 -0.664 2.312
72 14 0.572 -0.740 2.111
72 15 0.989 -0.965 1.993
72 16 0.901 -0.950 2.028
72 17 0.246 -0.622 2.319
72 18 0.559 -0.772 2.078
72 19 0.799 -0.922 1.911
72 20 0.736 -0.911 1.974
73 1 0.251 -0.634 2.310
73 2 0.223 -0.649 2.324
73 3 0.124 -0.605 2.345
73 4 -0.039 -0.443 2.407
73 5 0.055 -0.686 2.207
73 6 0.174 -0.587 2.342
73 7 0.178 -0.728 2.188
73 8 0.150 -0.795 2.178
73 9 0.282 -0.537 2.574
73 10 0.372 -0.527 2.406
73 11 0.604 -0.512 2.405
73 12 0.653 -0.467 2.382
73 13 0.283 -0.673 2.295
73 14 0.693 -0.751 2.080
73 15 1.136 -0.969 1.944
73 16 1.052 -0.945 1.979
73 17 0.331 -0.627 2.295
73 18 0.659 -0.823 2.029
73 19 0.881 -0.958 1.873
73 20 0.818 -0.935 1.929
74 1 0.402 -0.619 2.368
74 2 0.406 -0.629 2.394
74 3 0.381 -0.566 2.489
74 4 0.188 -0.452 2.507
74 5 0.309 -0.670 2.321
74 6 0.397 -0.520 2.315
74 7 0.506 -0.518 2.170
74 8 0.548 -0.514 2.142
74 9 0.490 -0.473 2.529
74 10 0.649 -0.515 2.457
74 11 0.857 -0.505 2.456
74 12 0.924 -0.449 2.445
74 13 0.401 -0.711 2.304
74 14 0.802 -0.757 2.050
74 15 1.136 -0.946 1.944
74 16 1.058 -0.924 1.972
74 17 0.448 -0.614 2.241
74 18 0.781 -0.878 1.985
74 19 0.942 -0.985 1.852
74 20 0.877 -0.956 1.902
75 1 0.428 -0.608 2.389
75 2 0.443 -0.616 2.414
75 3 0.435 -0.554 2.512
75 4 0.245 -0.450 2.530
75 5 0.401 -0.655 2.363
75 6 0.417 -0.405 2.347
75 7 0.530 -0.419 2.212
75 8 0.569 -0.422 2.177
75 9 0.499 -0.448 2.523
75 10 0.688 -0.506 2.503
75 11 0.917 -0.515 2.472
75 12 0.943 -0.466 2.453
75 13 0.397 -0.713 2.369
75 14 0.788 -0.758 2.062
75 15 1.059 -0.946 1.980
75 16 0.979 -0.917 2.000
75 17 0.459 -0.549 2.293
75 18 0.783 -0.663 2.287
75 19 0.652 -0.807 2.129
75 20 0.684 -0.843 2.058
76 1 0.376 -0.530 2.358
76 2 0.410 -0.537 2.378
76 3 0.458 -0.539 2.532
76 4 0.267 -0.438 2.548
76 5 0.430 -0.632 2.392
76 6 0.454 -0.369 2.343
76 7 0.588 -0.354 2.209
76 8 0.632 -0.349 2.171
76 9 0.543 -0.443 2.528
76 10 0.659 -0.504 2.530
76 11 0.820 -0.560 2.517
76 12 0.890 -0.536 2.498
76 13 0.312 -0.606 2.304
76 14 0.747 -0.690 2.064
76 15 1.145 -0.917 1.938
76 16 1.059 -0.895 1.966
76 17 0.398 -0.454 2.316
76 18 0.695 -0.616 2.425
76 19 0.664 -0.762 2.189
76 20 0.599 -0.787 2.210
77 1 0.054 -0.441 2.545
77 2 -0.001 -0.444 2.569
77 3 -0.272 -0.359 2.618
77 4 -0.317 -0.219 2.573
77 5 -0.298 -0.446 2.478
77 6 -0.282 -0.205 2.419
77 7 -0.144 -0.191 2.305
77 8 -0.098 -0.186 2.270
77 9 -0.183 -0.414 2.516
77 10 0.047 -0.445 2.508
77 11 0.277 -0.479 2.509
77 12 0.344 -0.453 2.483
77 13 0.049 -0.462 2.544
77 14 0.266 -0.514 2.244
77 15 0.438 -0.683 2.249
77 16 0.475 -0.687 2.217
77 17 0.137 -0.440 2.517
77 18 0.610 -0.550 2.479
77 19 0.447 -0.619 2.197
77 20 0.514 -0.671 2.182
78 1 0.070 -0.408 2.572
78 2 0.018 -0.415 2.591
78 3 -0.274 -0.349 2.636
78 4 -0.318 -0.211 2.587
78 5 -0.303 -0.426 2.512
78 6 -0.315 -0.151 2.431
78 7 -0.170 -0.130 2.315
78 8 -0.124 -0.127 2.276
78 9 -0.164 -0.409 2.516
78 10 0.066 -0.442 2.523
78 11 0.293 -0.482 2.529
78 12 0.361 -0.457 2.503
78 13 0.053 -0.421 2.563
78 14 0.207 -0.471 2.258
78 15 0.366 -0.636 2.288
78 16 0.445 -0.650 2.238
78 17 0.146 -0.400 2.561
78 18 0.569 -0.517 2.519
78 19 0.406 -0.550 2.237
78 20 0.498 -0.611 2.190
79 1 -0.012 -0.513 2.543
79 2 -0.075 -0.494 2.578
79 3 -0.359 -0.326 2.645
79 4 -0.393 -0.184 2.585
79 5 -0.459 -0.389 2.519
79 6 -0.444 -0.150 2.448
79 7 -0.298 -0.128 2.339
79 8 -0.247 -0.119 2.303
79 9 -0.259 -0.406 2.516
79 10 -0.028 -0.434 2.513
79 11 0.164 -0.469 2.524
79 12 0.268 -0.444 2.489
79 13 -0.001 -0.545 2.522
79 14 0.284 -0.650 2.307
79 15 0.470 -0.831 2.306
79 16 0.524 -0.781 2.257
79 17 0.044 -0.519 2.545
79 18 0.310 -0.587 2.337
79 19 0.501 -0.578 2.152
79 20 0.583 -0.607 2.139
80 1 0.339 -0.519 2.613
80 2 0.287 -0.507 2.632
80 3 0.041 -0.409 2.612
80 4 -0.128 -0.279 2.589
80 5 -0.062 -0.476 2.479
80 6 -0.048 -0.246 2.421
80 7 0.092 -0.232 2.312
80 8 0.139 -0.227 2.278
80 9 0.102 -0.480 2.486
80 10 0.372 -0.502 2.495
80 11 0.562 -0.528 2.508
80 12 0.658 -0.494 2.473
80 13 0.309 -0.522 2.612
80 14 0.657 -0.550 2.417
80 15 0.846 -0.721 2.412
80 16 0.851 -0.695 2.331
80 17 0.440 -0.540 2.616
80 18 0.797 -0.595 2.391
80 19 0.735 -0.605 2.130
80 20 0.780 -0.573 2.090
81 1 0.211 -0.553 2.528
81 2 0.151 -0.547 2.547
81 3 -0.108 -0.419 2.588
81 4 -0.251 -0.257 2.577
81 5 -0.206 -0.478 2.463
81 6 -0.194 -0.249 2.404
81 7 -0.051 -0.235 2.297
81 8 -0.004 -0.230 2.264
81 9 -0.108 -0.456 2.559
81 10 0.113 -0.471 2.545
81 11 0.349 -0.505 2.554
81 12 0.407 -0.471 2.514
81 13 0.178 -0.569 2.515
81 14 0.413 -0.686 2.304
81 15 0.551 -0.833 2.339
81 16 0.608 -0.768 2.301
81 17 0.292 -0.556 2.530
81 18 0.704 -0.581 2.395
81 19 0.751 -0.551 2.150
81 20 0.821 -0.518 2.093
82 1 0.185 -0.506 2.529
82 2 0.130 -0.511 2.554
82 3 -0.140 -0.395 2.595
82 4 -0.273 -0.242 2.576
82 5 -0.218 -0.468 2.463
82 6 -0.204 -0.244 2.405
82 7 -0.062 -0.231 2.300
82 8 -0.016 -0.226 2.267
82 9 -0.150 -0.458 2.549
82 10 0.093 -0.470 2.556
82 11 0.326 -0.502 2.570
82 12 0.381 -0.466 2.530
82 13 0.131 -0.506 2.539
82 14 0.281 -0.530 2.244
82 15 0.416 -0.705 2.359
82 16 0.500 -0.676 2.321
82 17 0.287 -0.514 2.511
82 18 0.736 -0.582 2.395
82 19 0.540 -0.513 2.214
82 20 0.621 -0.503 2.182
83 1 0.302 -0.513 2.577
83 2 0.244 -0.518 2.580
83 3 0.000 -0.420 2.594
83 4 -0.168 -0.281 2.586
83 5 -0.091 -0.493 2.457
83 6 -0.074 -0.271 2.403
83 7 0.064 -0.261 2.296
83 8 0.109 -0.258 2.263
83 9 -0.014 -0.506 2.544
83 10 0.176 -0.491 2.585
83 11 0.405 -0.503 2.623
83 12 0.510 -0.496 2.638
83 13 0.255 -0.504 2.585
83 14 0.510 -0.538 2.384
83 15 0.634 -0.702 2.433
83 16 0.669 -0.654 2.370
83 17 0.380 -0.532 2.565
83 18 0.823 -0.588 2.421
83 19 0.613 -0.504 2.260
83 20 0.690 -0.489 2.222
84 1 0.171 -0.458 2.509
84 2 0.109 -0.462 2.500
84 3 -0.162 -0.405 2.565
84 4 -0.259 -0.258 2.562
84 5 -0.188 -0.488 2.430
84 6 -0.174 -0.263 2.377
84 7 -0.036 -0.255 2.268
84 8 0.010 -0.252 2.235
84 9 -0.158 -0.517 2.447
84 10 0.093 -0.504 2.533
84 11 0.315 -0.503 2.592
84 12 0.390 -0.503 2.615
84 13 0.124 -0.450 2.514
84 14 0.311 -0.533 2.253
84 15 0.434 -0.672 2.357
84 16 0.471 -0.622 2.290
84 17 0.261 -0.473 2.497
84 18 0.743 -0.542 2.399
84 19 0.641 -0.488 2.239
84 20 0.711 -0.448 2.191
85 1 0.251 -0.514 2.486
85 2 0.192 -0.517 2.477
85 3 -0.048 -0.444 2.541
85 4 -0.197 -0.293 2.549
85 5 -0.117 -0.519 2.404
85 6 -0.102 -0.294 2.354
85 7 0.035 -0.286 2.244
85 8 0.085 -0.286 2.208
85 9 -0.061 -0.564 2.411
85 10 0.152 -0.543 2.487
85 11 0.372 -0.534 2.560
85 12 0.466 -0.545 2.579
85 13 0.215 -0.520 2.490
85 14 0.459 -0.626 2.277
85 15 0.645 -0.803 2.296
85 16 0.683 -0.730 2.267
85 17 0.328 -0.526 2.470
85 18 0.781 -0.544 2.391
85 19 0.657 -0.483 2.224
85 20 0.733 -0.482 2.223
86 1 0.128 -0.463 2.465
86 2 0.072 -0.451 2.456
86 3 -0.163 -0.417 2.548
86 4 -0.297 -0.317 2.594
86 5 -0.195 -0.506 2.400
86 6 -0.180 -0.279 2.349
86 7 -0.043 -0.271 2.238
86 8 0.005 -0.270 2.203
86 9 -0.188 -0.532 2.383
86 10 0.063 -0.533 2.444
86 11 0.284 -0.528 2.510
86 12 0.362 -0.538 2.546
86 13 0.097 -0.463 2.477
86 14 0.283 -0.568 2.203
86 15 0.433 -0.718 2.253
86 16 0.474 -0.641 2.234
86 17 0.253 -0.484 2.423
86 18 0.720 -0.524 2.370
86 19 0.667 -0.481 2.212
86 20 0.717 -0.501 2.259
87 1 -0.122 -0.464 2.464
87 2 -0.155 -0.466 2.485
87 3 -0.292 -0.392 2.581
87 4 -0.400 -0.283 2.617
87 5 -0.330 -0.479 2.427
87 6 -0.315 -0.250 2.376
87 7 -0.178 -0.242 2.264
87 8 -0.131 -0.240 2.230
87 9 -0.148 -0.460 2.526
87 10 0.059 -0.467 2.545
87 11 0.278 -0.473 2.592
87 12 0.354 -0.486 2.618
87 13 -0.126 -0.477 2.418
87 14 0.200 -0.541 2.225
87 15 0.384 -0.706 2.229
87 16 0.453 -0.650 2.238
87 17 -0.022 -0.495 2.437
87 18 0.300 -0.588 2.303
87 19 0.060 -0.537 2.148
87 20 0.106 -0.543 2.170
88 1 -0.002 -0.452 2.439
88 2 -0.042 -0.461 2.464
88 3 -0.244 -0.399 2.555
88 4 -0.375 -0.307 2.609
88 5 -0.348 -0.475 2.425
88 6 -0.333 -0.246 2.373
88 7 -0.196 -0.237 2.261
88 8 -0.150 -0.235 2.227
88 9 -0.205 -0.451 2.479
88 10 0.021 -0.446 2.537
88 11 0.247 -0.451 2.591
88 12 0.323 -0.458 2.619
88 13 -0.031 -0.465 2.391
88 14 0.199 -0.537 2.210
88 15 0.348 -0.695 2.222
88 16 0.431 -0.650 2.239
88 17 0.107 -0.462 2.440
88 18 0.492 -0.539 2.291
88 19 0.552 -0.521 2.052
88 20 0.614 -0.530 2.132
89 1 -0.177 -0.458 2.445
89 2 -0.205 -0.463 2.476
89 3 -0.339 -0.380 2.575
89 4 -0.447 -0.277 2.618
89 5 -0.395 -0.462 2.434
89 6 -0.380 -0.233 2.381
89 7 -0.242 -0.224 2.269
89 8 -0.197 -0.221 2.236
89 9 -0.185 -0.422 2.564
89 10 0.032 -0.415 2.611
89 11 0.258 -0.422 2.659
89 12 0.333 -0.427 2.682
89 13 -0.187 -0.489 2.409
89 14 0.155 -0.520 2.234
89 15 0.329 -0.689 2.220
89 16 0.418 -0.651 2.242
89 17 -0.073 -0.477 2.424
89 18 0.237 -0.588 2.268
89 19 0.055 -0.553 2.100
89 20 0.107 -0.557 2.154
90 1 -0.129 -0.463 2.487
90 2 -0.169 -0.470 2.513
90 3 -0.356 -0.376 2.580
90 4 -0.463 -0.270 2.618
90 5 -0.414 -0.458 2.437
90 6 -0.399 -0.229 2.384
90 7 -0.261 -0.219 2.273
90 8 -0.216 -0.216 2.239
90 9 -0.176 -0.411 2.599
90 10 0.037 -0.404 2.637
90 11 0.263 -0.413 2.683
90 12 0.337 -0.417 2.703
90 13 -0.126 -0.494 2.488
90 14 0.140 -0.513 2.248
90 15 0.320 -0.685 2.226
90 16 0.413 -0.654 2.251
90 17 -0.018 -0.475 2.430
90 18 0.186 -0.626 2.251
90 19 -0.069 -0.565 2.095
90 20 0.031 -0.560 2.144
91 1 -0.201 -0.461 2.482
91 2 -0.229 -0.468 2.513
91 3 -0.356 -0.375 2.585
91 4 -0.463 -0.264 2.615
91 5 -0.425 -0.455 2.440
91 6 -0.411 -0.226 2.387
91 7 -0.273 -0.216 2.276
91 8 -0.228 -0.212 2.242
91 9 -0.161 -0.417 2.602
91 10 0.043 -0.400 2.650
91 11 0.268 -0.409 2.695
91 12 0.343 -0.413 2.714
91 13 -0.213 -0.503 2.498
91 14 0.134 -0.510 2.261
91 15 0.321 -0.684 2.236
91 16 0.413 -0.658 2.260
91 17 -0.071 -0.480 2.412
91 18 0.171 -0.636 2.254
91 19 -0.102 -0.566 2.114
91 20 0.021 -0.558 2.150
92 1 -0.218 -0.485 2.476
92 2 -0.243 -0.483 2.510
92 3 -0.356 -0.376 2.587
92 4 -0.460 -0.260 2.611
92 5 -0.429 -0.454 2.442
92 6 -0.415 -0.225 2.389
92 7 -0.277 -0.214 2.278
92 8 -0.232 -0.210 2.245
92 9 -0.196 -0.399 2.624
92 10 0.031 -0.392 2.664
92 11 0.255 -0.401 2.708
92 12 0.330 -0.404 2.726
92 13 -0.247 -0.539 2.482
92 14 0.137 -0.510 2.275
92 15 0.330 -0.686 2.252
92 16 0.419 -0.663 2.272
92 17 -0.112 -0.488 2.417
92 18 0.153 -0.631 2.273
92 19 -0.092 -0.560 2.137
92 20 0.032 -0.551 2.165
93 1 0.000 -0.470 2.647
93 2 -0.052 -0.473 2.649
93 3 -0.274 -0.404 2.594
93 4 -0.394 -0.295 2.605
93 5 -0.361 -0.476 2.452
93 6 -0.347 -0.247 2.399
93 7 -0.209 -0.234 2.288
93 8 -0.164 -0.230 2.255
93 9 -0.213 -0.414 2.581
93 10 0.019 -0.397 2.648
93 11 0.243 -0.405 2.693
93 12 0.318 -0.408 2.711
93 13 0.027 -0.498 2.634
93 14 0.423 -0.530 2.460
93 15 0.817 -0.727 2.394
93 16 0.847 -0.655 2.382
93 17 0.032 -0.456 2.667
93 18 0.283 -0.606 2.511
93 19 -0.014 -0.520 2.385
93 20 0.103 -0.513 2.405
94 1 -0.025 -0.510 2.648
94 2 -0.075 -0.502 2.651
94 3 -0.287 -0.405 2.590
94 4 -0.395 -0.290 2.601
94 5 -0.355 -0.480 2.452
94 6 -0.341 -0.251 2.398
94 7 -0.203 -0.237 2.288
94 8 -0.158 -0.232 2.255
94 9 -0.221 -0.421 2.563
94 10 0.011 -0.402 2.634
94 11 0.236 -0.410 2.680
94 12 0.310 -0.412 2.698
94 13 0.005 -0.554 2.625
94 14 0.427 -0.620 2.417
94 15 0.774 -0.834 2.313
94 16 0.824 -0.758 2.329
94 17 0.001 -0.491 2.686
94 18 0.299 -0.590 2.598
94 19 -0.013 -0.511 2.464
94 20 0.094 -0.508 2.449
95 1 0.037 -0.489 2.690
95 2 -0.017 -0.487 2.685
95 3 -0.252 -0.421 2.589
95 4 -0.369 -0.309 2.595
95 5 -0.334 -0.490 2.453
95 6 -0.319 -0.261 2.399
95 7 -0.182 -0.246 2.289
95 8 -0.137 -0.240 2.255
95 9 -0.224 -0.425 2.552
95 10 0.006 -0.406 2.624
95 11 0.231 -0.414 2.670
95 12 0.306 -0.416 2.688
95 13 0.082 -0.519 2.656
95 14 0.526 -0.589 2.488
95 15 0.942 -0.792 2.384
95 16 0.973 -0.709 2.380
95 17 0.051 -0.463 2.744
95 18 0.333 -0.586 2.650
95 19 0.019 -0.499 2.522
95 20 0.123 -0.500 2.484
96 1 -0.081 -0.491 2.654
96 2 -0.119 -0.485 2.653
96 3 -0.273 -0.423 2.582
96 4 -0.368 -0.302 2.588
96 5 -0.336 -0.493 2.450
96 6 -0.321 -0.265 2.396
96 7 -0.184 -0.248 2.286
96 8 -0.139 -0.243 2.253
96 9 -0.225 -0.428 2.545
96 10 0.004 -0.410 2.617
96 11 0.228 -0.417 2.663
96 12 0.303 -0.419 2.681
96 13 -0.069 -0.546 2.614
96 14 0.284 -0.564 2.318
96 15 0.484 -0.739 2.279
96 16 0.565 -0.701 2.294
96 17 -0.012 -0.465 2.723
96 18 0.326 -0.573 2.670
96 19 0.034 -0.495 2.532
96 20 0.130 -0.498 2.484
97 1 -0.029 -0.514 2.645
97 2 -0.077 -0.501 2.643
97 3 -0.291 -0.422 2.564
97 4 -0.376 -0.294 2.580
97 5 -0.343 -0.495 2.440
97 6 -0.329 -0.267 2.386
97 7 -0.192 -0.249 2.276
97 8 -0.147 -0.242 2.242
97 9 -0.215 -0.455 2.501
97 10 0.012 -0.458 2.547
97 11 0.238 -0.479 2.581
97 12 0.313 -0.486 2.595
97 13 0.013 -0.554 2.608
97 14 0.390 -0.627 2.358
97 15 0.702 -0.830 2.283
97 16 0.754 -0.766 2.299
97 17 0.009 -0.507 2.697
97 18 0.342 -0.565 2.663
97 19 0.042 -0.491 2.519
97 20 0.130 -0.495 2.472
98 1 -0.032 -0.522 2.631
98 2 -0.080 -0.506 2.630
98 3 -0.302 -0.418 2.565
98 4 -0.385 -0.287 2.572
98 5 -0.350 -0.494 2.438
98 6 -0.335 -0.266 2.384
98 7 -0.199 -0.247 2.274
98 8 -0.154 -0.240 2.240
98 9 -0.210 -0.468 2.480
98 10 0.016 -0.481 2.515
98 11 0.243 -0.513 2.538
98 12 0.319 -0.523 2.548
98 13 0.015 -0.562 2.580
98 14 0.391 -0.648 2.344
98 15 0.703 -0.858 2.262
98 16 0.754 -0.790 2.285
98 17 0.013 -0.517 2.710
98 18 0.349 -0.561 2.656
98 19 0.047 -0.490 2.514
98 20 0.133 -0.494 2.476
99 1 -0.125 -0.524 2.551
99 2 -0.151 -0.512 2.571
99 3 -0.307 -0.415 2.568
99 4 -0.389 -0.284 2.568
99 5 -0.354 -0.494 2.438
99 6 -0.340 -0.266 2.384
99 7 -0.204 -0.245 2.274
99 8 -0.159 -0.238 2.240
99 9 -0.207 -0.474 2.471
99 10 0.018 -0.491 2.500
99 11 0.245 -0.526 2.520
99 12 0.321 -0.538 2.529
99 13 -0.128 -0.562 2.471
99 14 0.297 -0.587 2.338
99 15 0.492 -0.749 2.313
99 16 0.578 -0.718 2.321
99 17 -0.048 -0.544 2.595
99 18 0.201 -0.654 2.357
99 19 -0.044 -0.595 2.205
99 20 0.044 -0.585 2.224
100 1 -0.148 -0.535 2.511
100 2 -0.178 -0.521 2.535
100 3 -0.310 -0.413 2.572
100 4 -0.393 -0.282 2.567
100 5 -0.358 -0.493 2.438
100 6 -0.344 -0.265 2.384
100 7 -0.208 -0.243 2.274
100 8 -0.163 -0.236 2.241
100 9 -0.205 -0.472 2.475
100 10 0.019 -0.497 2.494
100 11 0.247 -0.533 2.512
100 12 0.323 -0.545 2.521
100 13 -0.157 -0.570 2.434
100 14 0.240 -0.545 2.338
100 15 0.420 -0.720 2.324
100 16 0.504 -0.692 2.335
100 17 -0.054 -0.563 2.545
100 18 0.169 -0.674 2.289
100 19 -0.064 -0.620 2.130
100 20 0.018 -0.612 2.146
101 1 -0.237 -0.453 2.580
101 2 -0.252 -0.457 2.588
101 3 -0.312 -0.411 2.577
101 4 -0.395 -0.281 2.566
101 5 -0.362 -0.492 2.440
101 6 -0.347 -0.264 2.386
101 7 -0.212 -0.241 2.276
101 8 -0.167 -0.234 2.243
101 9 -0.210 -0.454 2.518
101 10 0.015 -0.482 2.527
101 11 0.242 -0.515 2.549
101 12 0.318 -0.526 2.560
101 13 -0.222 -0.496 2.678
101 14 0.125 -0.519 2.367
101 15 0.358 -0.699 2.308
101 16 0.449 -0.678 2.322
101 17 -0.054 -0.490 2.494
101 18 0.237 -0.581 2.525
101 19 0.004 -0.524 2.365
101 20 0.101 -0.512 2.398
102 1 -0.086 -0.501 2.594
102 2 -0.132 -0.493 2.602
102 3 -0.313 -0.410 2.582
102 4 -0.397 -0.281 2.566
102 5 -0.365 -0.491 2.442
102 6 -0.350 -0.263 2.388
102 7 -0.215 -0.239 2.278
102 8 -0.170 -0.231 2.245
102 9 -0.214 -0.441 2.546
102 10 0.013 -0.472 2.548
102 11 0.239 -0.504 2.571
102 12 0.315 -0.514 2.583
102 13 -0.016 -0.558 2.532
102 14 0.352 -0.625 2.332
102 15 0.636 -0.821 2.270
102 16 0.687 -0.761 2.296
102 17 0.010 -0.508 2.648
102 18 0.281 -0.586 2.509
102 19 0.011 -0.525 2.360
102 20 0.108 -0.515 2.394
103 1 -0.179 -0.456 2.603
103 2 -0.203 -0.457 2.611
103 3 -0.313 -0.409 2.586
103 4 -0.398 -0.281 2.566
103 5 -0.367 -0.490 2.444
103 6 -0.352 -0.263 2.390
103 7 -0.218 -0.238 2.281
103 8 -0.173 -0.229 2.247
103 9 -0.215 -0.437 2.557
103 10 0.012 -0.466 2.561
103 11 0.238 -0.496 2.585
103 12 0.313 -0.506 2.597
103 13 -0.086 -0.523 2.511
103 14 0.252 -0.578 2.332
103 15 0.459 -0.746 2.292
103 16 0.537 -0.711 2.313
103 17 -0.058 -0.458 2.715
103 18 0.281 -0.561 2.568
103 19 0.033 -0.502 2.416
103 20 0.120 -0.503 2.419
104 1 -0.125 -0.529 2.520
104 2 -0.160 -0.515 2.544
104 3 -0.313 -0.409 2.590
104 4 -0.399 -0.282 2.567
104 5 -0.368 -0.490 2.446
104 6 -0.354 -0.262 2.392
104 7 -0.219 -0.236 2.283
104 8 -0.175 -0.227 2.250
104 9 -0.216 -0.434 2.563
104 10 0.011 -0.464 2.565
104 11 0.237 -0.495 2.587
104 12 0.313 -0.506 2.596
104 13 -0.073 -0.573 2.425
104 14 0.318 -0.639 2.294
104 15 0.521 -0.809 2.271
104 16 0.591 -0.763 2.296
104 17 -0.024 -0.568 2.553
104 18 0.203 -0.646 2.324
104 19 -0.045 -0.583 2.187
104 20 0.041 -0.576 2.211
105 1 -0.144 -0.526 2.512
105 2 -0.171 -0.516 2.534
105 3 -0.312 -0.409 2.592
105 4 -0.399 -0.283 2.568
105 5 -0.369 -0.489 2.447
105 6 -0.355 -0.262 2.394
105 7 -0.221 -0.235 2.285
105 8 -0.176 -0.226 2.252
105 9 -0.216 -0.432 2.568
105 10 0.011 -0.463 2.568
105 11 0.237 -0.495 2.586
105 12 0.313 -0.507 2.593
105 13 -0.104 -0.572 2.386
105 14 0.264 -0.594 2.307
105 15 0.454 -0.767 2.296
105 16 0.518 -0.713 2.325
105 17 -0.040 -0.569 2.568
105 18 0.180 -0.657 2.294
105 19 -0.058 -0.597 2.145
105 20 0.026 -0.591 2.170
106 1 -0.143 -0.527 2.501
106 2 -0.170 -0.518 2.524
106 3 -0.311 -0.409 2.594
106 4 -0.400 -0.284 2.568
106 5 -0.370 -0.489 2.448
106 6 -0.356 -0.262 2.395
106 7 -0.222 -0.234 2.286
106 8 -0.177 -0.224 2.253
106 9 -0.217 -0.432 2.570
106 10 0.011 -0.462 2.569
106 11 0.237 -0.496 2.583
106 12 0.313 -0.508 2.589
106 13 -0.122 -0.552 2.358
106 14 0.235 -0.568 2.315
106 15 0.412 -0.737 2.311
106 16 0.472 -0.680 2.342
106 17 -0.036 -0.570 2.555
106 18 0.165 -0.656 2.259
106 19 -0.070 -0.597 2.108
106 20 0.014 -0.590 2.137
107 1 -0.171 -0.537 2.480
107 2 -0.190 -0.525 2.508
107 3 -0.311 -0.409 2.595
107 4 -0.400 -0.285 2.569
107 5 -0.371 -0.489 2.449
107 6 -0.357 -0.262 2.396
107 7 -0.223 -0.232 2.287
107 8 -0.178 -0.222 2.255
107 9 -0.217 -0.432 2.570
107 10 0.011 -0.463 2.569
107 11 0.237 -0.499 2.579
107 12 0.312 -0.512 2.583
107 13 -0.205 -0.573 2.449
107 14 0.218 -0.554 2.319
107 15 0.394 -0.725 2.317
107 16 0.454 -0.667 2.349
107 17 -0.089 -0.556 2.464
107 18 0.156 -0.666 2.237
107 19 -0.077 -0.608 2.083
107 20 -0.106 -0.597 2.131
108 1 -0.178 -0.535 2.471
108 2 -0.196 -0.524 2.500
108 3 -0.311 -0.409 2.596
108 4 -0.400 -0.285 2.570
108 5 -0.371 -0.489 2.450
108 6 -0.357 -0.262 2.397
108 7 -0.224 -0.231 2.289
108 8 -0.179 -0.221 2.256
108 9 -0.172 -0.449 2.580
108 10 0.045 -0.475 2.575
108 11 0.271 -0.517 2.578
108 12 0.347 -0.531 2.581
108 13 -0.229 -0.553 2.431
108 14 0.210 -0.546 2.321
108 15 0.385 -0.718 2.320
108 16 0.443 -0.659 2.353
108 17 -0.080 -0.532 2.434
108 18 0.193 -0.646 2.263
108 19 -0.039 -0.589 2.106
108 20 -0.114 -0.570 2.149
109 1 -0.183 -0.525 2.474
109 2 -0.201 -0.520 2.499
109 3 -0.310 -0.409 2.597
109 4 -0.400 -0.286 2.570
109 5 -0.372 -0.489 2.451
109 6 -0.357 -0.262 2.398
109 7 -0.224 -0.230 2.290
109 8 -0.180 -0.220 2.257
109 9 -0.147 -0.459 2.583
109 10 0.078 -0.481 2.573
109 11 0.287 -0.521 2.574
109 12 0.361 -0.536 2.575
109 13 -0.246 -0.544 2.440
109 14 0.204 -0.541 2.322
109 15 0.378 -0.714 2.322
109 16 0.445 -0.660 2.333
109 17 -0.056 -0.535 2.468
109 18 0.216 -0.635 2.283
109 19 -0.017 -0.578 2.125
109 20 -0.122 -0.553 2.170
110 1 -0.185 -0.517 2.479
110 2 -0.205 -0.515 2.501
110 3 -0.310 -0.409 2.597
110 4 -0.400 -0.287 2.571
110 5 -0.372 -0.489 2.452
110 6 -0.358 -0.262 2.399
110 7 -0.225 -0.230 2.290
110 8 -0.180 -0.218 2.258
110 9 -0.136 -0.463 2.584
110 10 0.089 -0.483 2.573
110 11 0.296 -0.524 2.571
110 12 0.369 -0.539 2.573
110 13 -0.253 -0.537 2.446
110 14 0.201 -0.538 2.323
110 15 0.374 -0.711 2.323
110 16 0.449 -0.663 2.318
110 17 -0.058 -0.530 2.451
110 18 0.227 -0.628 2.294
110 19 -0.006 -0.571 2.136
110 20 -0.119 -0.542 2.185
111 1 -0.210 -0.498 2.485
111 2 -0.221 -0.501 2.505
111 3 -0.310 -0.409 2.598
111 4 -0.400 -0.287 2.571
111 5 -0.372 -0.489 2.453
111 6 -0.358 -0.262 2.399
111 7 -0.225 -0.229 2.291
111 8 -0.181 -0.218 2.259
111 9 -0.130 -0.466 2.586
111 10 0.095 -0.484 2.574
111 11 0.301 -0.526 2.570
111 12 0.374 -0.541 2.571
111 13 -0.261 -0.527 2.452
111 14 0.197 -0.536 2.325
111 15 0.373 -0.709 2.323
111 16 0.453 -0.666 2.307
111 17 -0.104 -0.521 2.442
111 18 0.196 -0.620 2.290
111 19 -0.038 -0.563 2.132
111 20 -0.156 -0.554 2.183
112 1 -0.216 -0.499 2.486
112 2 -0.226 -0.499 2.506
112 3 -0.309 -0.409 2.598
112 4 -0.400 -0.288 2.571
112 5 -0.372 -0.489 2.453
112 6 -0.358 -0.262 2.400
112 7 -0.225 -0.228 2.292
112 8 -0.181 -0.217 2.259
112 9 -0.125 -0.467 2.586
112 10 0.100 -0.485 2.574
112 11 0.305 -0.527 2.570
112 12 0.378 -0.542 2.571
112 13 -0.265 -0.540 2.456
112 14 0.194 -0.535 2.326
112 15 0.374 -0.708 2.323
112 16 0.457 -0.670 2.299
112 17 -0.119 -0.527 2.439
112 18 0.180 -0.635 2.291
112 19 -0.053 -0.578 2.132
112 20 -0.166 -0.567 2.179
113 1 -0.169 -0.460 2.639
113 2 -0.190 -0.454 2.654
113 3 -0.312 -0.406 2.661
113 4 -0.396 -0.295 2.611
113 5 -0.377 -0.484 2.520
113 6 -0.363 -0.257 2.466
113 7 -0.231 -0.220 2.358
113 8 -0.229 -0.220 2.314
113 9 -0.170 -0.462 2.545
113 10 0.065 -0.481 2.543
113 11 0.269 -0.523 2.539
113 12 0.338 -0.537 2.539
113 13 -0.174 -0.496 2.690
113 14 0.172 -0.533 2.355
113 15 0.377 -0.708 2.321
113 16 0.461 -0.672 2.294
113 17 -0.045 -0.467 2.570
113 18 0.258 -0.580 2.478
113 19 0.011 -0.519 2.322
113 20 -0.077 -0.495 2.364
114 1 -0.195 -0.444 2.677
114 2 -0.213 -0.438 2.686
114 3 -0.312 -0.407 2.670
114 4 -0.395 -0.296 2.618
114 5 -0.378 -0.484 2.530
114 6 -0.363 -0.257 2.476
114 7 -0.232 -0.219 2.368
114 8 -0.246 -0.226 2.321
114 9 -0.196 -0.459 2.522
114 10 0.034 -0.480 2.539
114 11 0.259 -0.522 2.539
114 12 0.328 -0.536 2.542
114 13 -0.143 -0.495 2.635
114 14 0.175 -0.535 2.355
114 15 0.379 -0.709 2.321
114 16 0.464 -0.674 2.292
114 17 -0.081 -0.455 2.718
114 18 0.271 -0.554 2.570
114 19 0.030 -0.495 2.414
114 20 -0.053 -0.468 2.449
115 1 -0.198 -0.437 2.701
115 2 -0.216 -0.430 2.705
115 3 -0.312 -0.411 2.667
115 4 -0.394 -0.298 2.618
115 5 -0.378 -0.485 2.533
115 6 -0.363 -0.259 2.480
115 7 -0.232 -0.219 2.371
115 8 -0.258 -0.230 2.321
115 9 -0.207 -0.457 2.512
115 10 0.021 -0.479 2.537
115 11 0.252 -0.521 2.541
115 12 0.321 -0.535 2.546
115 13 -0.173 -0.488 2.747
115 14 0.137 -0.533 2.397
115 15 0.382 -0.710 2.320
115 16 0.468 -0.676 2.295
115 17 -0.050 -0.450 2.645
115 18 0.286 -0.542 2.633
115 19 0.041 -0.482 2.476
115 20 -0.035 -0.452 2.509
116 1 -0.179 -0.500 2.538
116 2 -0.204 -0.492 2.552
116 3 -0.310 -0.415 2.605
116 4 -0.398 -0.295 2.608
116 5 -0.377 -0.490 2.475
116 6 -0.362 -0.264 2.422
116 7 -0.231 -0.221 2.314
116 8 -0.268 -0.236 2.263
116 9 -0.230 -0.445 2.567
116 10 -0.003 -0.473 2.562
116 11 0.240 -0.519 2.547
116 12 0.278 -0.461 2.135
116 13 -0.168 -0.584 2.557
116 14 0.165 -0.538 2.373
116 15 0.385 -0.711 2.319
116 16 0.472 -0.679 2.300
116 17 -0.080 -0.489 2.467
116 18 0.245 -0.607 2.399
116 19 0.008 -0.549 2.243
116 20 -0.077 -0.547 2.249
117 1 -0.175 -0.502 2.533
117 2 -0.202 -0.495 2.545
117 3 -0.309 -0.418 2.597
117 4 -0.398 -0.296 2.594
117 5 -0.376 -0.492 2.465
117 6 -0.362 -0.266 2.412
117 7 -0.231 -0.223 2.303
117 8 -0.272 -0.239 2.252
117 9 -0.250 -0.429 2.655
117 10 -0.023 -0.459 2.632
117 11 0.214 -0.504 2.614
117 12 0.261 -0.433 2.091
117 13 -0.159 -0.581 2.550
117 14 0.183 -0.541 2.358
117 15 0.387 -0.711 2.318
117 16 0.474 -0.681 2.302
117 17 -0.079 -0.481 2.468
117 18 0.244 -0.613 2.380
117 19 0.009 -0.556 2.223
117 20 -0.074 -0.556 2.228
118 1 -0.148 -0.518 2.496
118 2 -0.181 -0.512 2.512
118 3 -0.309 -0.420 2.591
118 4 -0.398 -0.296 2.588
118 5 -0.376 -0.494 2.460
118 6 -0.361 -0.268 2.406
118 7 -0.231 -0.223 2.298
118 8 -0.275 -0.241 2.246
118 9 -0.258 -0.422 2.695
118 10 -0.033 -0.456 2.651
118 11 0.206 -0.501 2.625
118 12 0.252 -0.422 2.006
118 13 -0.140 -0.586 2.461
118 14 0.194 -0.543 2.347
118 15 0.389 -0.712 2.318
118 16 0.477 -0.682 2.305
118 17 -0.058 -0.499 2.507
118 18 0.233 -0.630 2.317
118 19 -0.001 -0.573 2.160
118 20 -0.087 -0.580 2.158
119 1 -0.200 -0.496 2.483
119 2 -0.219 -0.498 2.500
119 3 -0.309 -0.421 2.588
119 4 -0.398 -0.297 2.585
119 5 -0.376 -0.495 2.456
119 6 -0.361 -0.269 2.403
119 7 -0.231 -0.224 2.294
119 8 -0.276 -0.242 2.242
119 9 -0.262 -0.418 2.715
119 10 -0.038 -0.455 2.661
119 11 0.200 -0.500 2.632
119 12 0.254 -0.426 2.003
119 13 -0.218 -0.558 2.465
119 14 0.197 -0.544 2.343
119 15 0.390 -0.713 2.317
119 16 0.478 -0.683 2.309
119 17 -0.115 -0.476 2.425
119 18 0.166 -0.611 2.260
119 19 -0.069 -0.553 2.104
119 20 -0.156 -0.563 2.103
120 1 -0.185 -0.506 2.464
120 2 -0.211 -0.504 2.486
120 3 -0.309 -0.422 2.590
120 4 -0.398 -0.297 2.583
120 5 -0.376 -0.496 2.454
120 6 -0.361 -0.270 2.401
120 7 -0.231 -0.224 2.293
120 8 -0.276 -0.242 2.242
120 9 -0.265 -0.416 2.728
120 10 -0.041 -0.454 2.667
120 11 0.195 -0.499 2.635
120 12 0.259 -0.429 2.002
120 13 -0.195 -0.555 2.435
120 14 0.202 -0.545 2.339
120 15 0.392 -0.713 2.317
120 16 0.479 -0.684 2.311
120 17 -0.113 -0.487 2.432
120 18 0.177 -0.618 2.255
120 19 -0.057 -0.561 2.099
120 20 -0.139 -0.570 2.109
121 1 -0.179 -0.508 2.460
121 2 -0.205 -0.506 2.485
121 3 -0.309 -0.423 2.594
121 4 -0.398 -0.298 2.582
121 5 -0.375 -0.497 2.454
121 6 -0.361 -0.271 2.401
121 7 -0.231 -0.225 2.293
121 8 -0.274 -0.243 2.243
121 9 -0.258 -0.418 2.721
121 10 -0.037 -0.456 2.661
121 11 0.193 -0.500 2.633
121 12 0.261 -0.432 2.000
121 13 -0.195 -0.549 2.433
121 14 0.205 -0.545 2.336
121 15 0.393 -0.714 2.317
121 16 0.480 -0.685 2.313
121 17 -0.114 -0.495 2.432
121 18 0.190 -0.630 2.259
121 19 -0.044 -0.573 2.103
121 20 -0.130 -0.578 2.111
122 1 -0.173 -0.509 2.462
122 2 -0.199 -0.507 2.489
122 3 -0.310 -0.423 2.601
122 4 -0.398 -0.298 2.581
122 5 -0.376 -0.497 2.456
122 6 -0.361 -0.272 2.403
122 7 -0.232 -0.225 2.295
122 8 -0.272 -0.242 2.247
122 9 -0.253 -0.419 2.714
122 10 -0.035 -0.457 2.658
122 11 0.192 -0.501 2.630
122 12 0.267 -0.439 2.025
122 13 -0.193 -0.543 2.434
122 14 0.208 -0.545 2.333
122 15 0.394 -0.714 2.317
122 16 0.481 -0.685 2.315
122 17 -0.111 -0.500 2.440
122 18 0.204 -0.636 2.272
122 19 -0.029 -0.579 2.115
122 20 -0.115 -0.581 2.127
123 1 -0.170 -0.510 2.477
123 2 -0.196 -0.507 2.498
123 3 -0.310 -0.423 2.603
123 4 -0.398 -0.298 2.581
123 5 -0.376 -0.498 2.458
123 6 -0.361 -0.272 2.404
123 7 -0.232 -0.226 2.296
123 8 -0.271 -0.242 2.249
123 9 -0.248 -0.421 2.700
123 10 -0.026 -0.460 2.641
123 11 0.194 -0.503 2.624
123 12 0.271 -0.444 2.043
123 13 -0.177 -0.572 2.500
123 14 0.209 -0.545 2.332
123 15 0.394 -0.714 2.316
123 16 0.481 -0.685 2.316
123 17 -0.105 -0.501 2.434
123 18 0.215 -0.639 2.283
123 19 -0.019 -0.582 2.126
123 20 -0.105 -0.582 2.140
124 1 -0.173 -0.509 2.494
124 2 -0.196 -0.505 2.511
124 3 -0.311 -0.424 2.605
124 4 -0.398 -0.298 2.581
124 5 -0.376 -0.499 2.459
124 6 -0.361 -0.273 2.406
124 7 -0.232 -0.226 2.298
124 8 -0.269 -0.241 2.251
124 9 -0.241 -0.424 2.682
124 10 -0.020 -0.462 2.632
124 11 0.197 -0.505 2.618
124 12 0.273 -0.447 2.055
124 13 -0.169 -0.586 2.531
124 14 0.210 -0.545 2.331
124 15 0.395 -0.715 2.316
124 16 0.481 -0.685 2.317
124 17 -0.101 -0.500 2.430
124 18 0.222 -0.640 2.292
124 19 -0.012 -0.583 2.135
124 20 -0.098 -0.582 2.150
125 1 -0.241 -0.463 2.545
125 2 -0.249 -0.469 2.554
125 3 -0.311 -0.424 2.607
125 4 -0.399 -0.299 2.581
125 5 -0.376 -0.499 2.461
125 6 -0.362 -0.273 2.407
125 7 -0.233 -0.226 2.300
125 8 -0.268 -0.240 2.254
125 9 -0.238 -0.425 2.677
125 10 -0.017 -0.463 2.628
125 11 0.199 -0.506 2.613
125 12 0.274 -0.449 2.063
125 13 -0.282 -0.526 2.568
125 14 0.143 -0.540 2.358
125 15 0.395 -0.715 2.316
125 16 0.482 -0.686 2.318
125 17 -0.148 -0.442 2.450
125 18 0.172 -0.580 2.368
125 19 -0.090 -0.511 2.216
125 20 -0.137 -0.554 2.192
126 1 -0.189 -0.492 2.523
126 2 -0.216 -0.486 2.546
126 3 -0.311 -0.423 2.610
126 4 -0.399 -0.299 2.582
126 5 -0.376 -0.499 2.463
126 6 -0.362 -0.274 2.410
126 7 -0.233 -0.225 2.302
126 8 -0.267 -0.239 2.256
126 9 -0.238 -0.426 2.675
126 10 -0.016 -0.464 2.626
126 11 0.199 -0.507 2.611
126 12 0.274 -0.450 2.069
126 13 -0.203 -0.540 2.516
126 14 0.151 -0.541 2.361
126 15 0.396 -0.716 2.319
126 16 0.481 -0.686 2.323
126 17 -0.122 -0.470 2.471
126 18 0.188 -0.587 2.364
126 19 -0.056 -0.528 2.204
126 20 -0.130 -0.554 2.197
127 1 -0.102 -0.485 2.594
127 2 -0.145 -0.484 2.601
127 3 -0.311 -0.423 2.613
127 4 -0.399 -0.299 2.583
127 5 -0.376 -0.499 2.466
127 6 -0.362 -0.274 2.413
127 7 -0.233 -0.225 2.306
127 8 -0.265 -0.239 2.260
127 9 -0.238 -0.426 2.675
127 10 -0.016 -0.464 2.625
127 11 0.199 -0.508 2.608
127 12 0.274 -0.451 2.072
127 13 -0.104 -0.522 2.583
127 14 0.163 -0.543 2.361
127 15 0.396 -0.717 2.322
127 16 0.481 -0.687 2.326
127 17 -0.031 -0.468 2.590
127 18 0.338 -0.576 2.483
127 19 0.104 -0.518 2.327
127 20 0.143 -0.591 2.336
128 1 -0.148 -0.505 2.544
128 2 -0.174 -0.499 2.566
128 3 -0.311 -0.423 2.616
128 4 -0.399 -0.299 2.584
128 5 -0.376 -0.499 2.469
128 6 -0.362 -0.274 2.416
128 7 -0.233 -0.225 2.309
128 8 -0.264 -0.238 2.263
128 9 -0.239 -0.427 2.677
128 10 -0.016 -0.464 2.624
128 11 0.199 -0.508 2.604
128 12 0.275 -0.452 2.074
128 13 -0.144 -0.564 2.540
128 14 0.175 -0.546 2.359
128 15 0.396 -0.718 2.324
128 16 0.481 -0.687 2.328
128 17 -0.080 -0.492 2.475
128 18 0.276 -0.608 2.378
128 19 0.042 -0.552 2.221
128 20 -0.028 -0.574 2.221
129 1 -0.129 -0.511 2.531
129 2 -0.165 -0.504 2.557
129 3 -0.312 -0.422 2.624
129 4 -0.399 -0.300 2.586
129 5 -0.377 -0.499 2.477
129 6 -0.362 -0.274 2.424
129 7 -0.234 -0.223 2.317
129 8 -0.264 -0.236 2.270
129 9 -0.239 -0.428 2.681
129 10 -0.016 -0.464 2.624
129 11 0.199 -0.508 2.602
129 12 0.277 -0.452 2.074
129 13 -0.138 -0.555 2.451
129 14 0.185 -0.547 2.356
129 15 0.397 -0.718 2.325
129 16 0.481 -0.688 2.330
129 17 -0.046 -0.498 2.528
129 18 0.272 -0.618 2.357
129 19 0.040 -0.562 2.199
129 20 -0.033 -0.575 2.211
130 1 -0.132 -0.515 2.519
130 2 -0.167 -0.508 2.546
130 3 -0.312 -0.421 2.629
130 4 -0.398 -0.301 2.587
130 5 -0.377 -0.499 2.481
130 6 -0.363 -0.273 2.428
130 7 -0.235 -0.222 2.321
130 8 -0.263 -0.235 2.275
130 9 -0.239 -0.429 2.684
130 10 -0.016 -0.465 2.625
130 11 0.199 -0.509 2.601
130 12 0.277 -0.452 2.075
130 13 -0.137 -0.556 2.412
130 14 0.192 -0.549 2.354
130 15 0.397 -0.719 2.326
130 16 0.481 -0.688 2.331
130 17 -0.039 -0.515 2.536
130 18 0.263 -0.634 2.326
130 19 0.032 -0.578 2.169
130 20 -0.051 -0.578 2.187
131 1 -0.136 -0.515 2.513
131 2 -0.170 -0.509 2.540
131 3 -0.312 -0.421 2.631
131 4 -0.398 -0.301 2.588
131 5 -0.377 -0.499 2.484
131 6 -0.363 -0.273 2.431
131 7 -0.235 -0.222 2.325
131 8 -0.263 -0.234 2.278
131 9 -0.239 -0.429 2.687
131 10 -0.016 -0.465 2.626
131 11 0.199 -0.509 2.600
131 12 0.277 -0.453 2.076
131 13 -0.142 -0.554 2.389
131 14 0.198 -0.550 2.351
131 15 0.397 -0.720 2.326
131 16 0.480 -0.688 2.332
131 17 -0.036 -0.522 2.540
131 18 0.256 -0.639 2.312
131 19 0.025 -0.584 2.155
131 20 -0.065 -0.578 2.174
132 1 -0.141 -0.516 2.509
132 2 -0.173 -0.510 2.536
132 3 -0.312 -0.421 2.633
132 4 -0.398 -0.301 2.589
132 5 -0.377 -0.499 2.487
132 6 -0.363 -0.273 2.434
132 7 -0.236 -0.221 2.327
132 8 -0.263 -0.233 2.280
132 9 -0.239 -0.430 2.688
132 10 -0.016 -0.465 2.626
132 11 0.200 -0.509 2.599
132 12 0.278 -0.453 2.076
132 13 -0.151 -0.580 2.467
132 14 0.202 -0.550 2.349
132 15 0.397 -0.720 2.327
132 16 0.480 -0.688 2.332
132 17 -0.066 -0.518 2.477
132 18 0.253 -0.644 2.303
132 19 0.022 -0.588 2.147
132 20 -0.071 -0.579 2.167
133 1 -0.146 -0.517 2.506
133 2 -0.175 -0.511 2.534
133 3 -0.312 -0.421 2.646
133 4 -0.396 -0.304 2.593
133 5 -0.377 -0.499 2.497
133 6 -0.363 -0.273 2.444
133 7 -0.236 -0.220 2.338
133 8 -0.263 -0.232 2.290
133 9 -0.238 -0.430 2.692
133 10 -0.016 -0.465 2.633
133 11 0.202 -0.509 2.603
133 12 0.277 -0.451 2.081
133 13 -0.154 -0.588 2.479
133 14 0.205 -0.551 2.347
133 15 0.397 -0.720 2.327
133 16 0.480 -0.689 2.331
133 17 -0.081 -0.516 2.446
133 18 0.252 -0.647 2.298
133 19 0.021 -0.591 2.141
133 20 -0.074 -0.579 2.162
134 1 -0.109 -0.501 2.568
134 2 -0.146 -0.499 2.578
134 3 -0.312 -0.421 2.649
134 4 -0.396 -0.305 2.595
134 5 -0.377 -0.498 2.500
134 6 -0.363 -0.273 2.447
134 7 -0.236 -0.220 2.341
134 8 -0.263 -0.231 2.293
134 9 -0.238 -0.430 2.694
134 10 -0.015 -0.464 2.635
134 11 0.203 -0.509 2.604
134 12 0.276 -0.451 2.083
134 13 -0.088 -0.563 2.603
134 14 0.207 -0.551 2.346
134 15 0.397 -0.721 2.327
134 16 0.480 -0.689 2.331
134 17 -0.020 -0.482 2.519
134 18 0.366 -0.599 2.457
134 19 0.132 -0.543 2.300
134 20 0.148 -0.594 2.324
135 1 -0.089 -0.491 2.613
135 2 -0.125 -0.488 2.631
135 3 -0.314 -0.419 2.692
135 4 -0.388 -0.314 2.614
135 5 -0.378 -0.497 2.536
135 6 -0.364 -0.272 2.483
135 7 -0.238 -0.216 2.377
135 8 -0.265 -0.227 2.330
135 9 -0.224 -0.442 2.631
135 10 0.000 -0.471 2.610
135 11 0.209 -0.510 2.602
135 12 0.303 -0.517 2.520
135 13 -0.067 -0.549 2.671
135 14 0.209 -0.552 2.345
135 15 0.397 -0.721 2.327
135 16 0.480 -0.689 2.329
135 17 -0.003 -0.473 2.531
135 18 0.411 -0.582 2.519
135 19 0.177 -0.525 2.362
135 20 0.174 -0.585 2.323
136 1 -0.180 -0.496 2.569
136 2 -0.197 -0.493 2.600
136 3 -0.314 -0.417 2.709
136 4 -0.385 -0.318 2.623
136 5 -0.378 -0.495 2.554
136 6 -0.364 -0.270 2.501
136 7 -0.239 -0.214 2.395
136 8 -0.265 -0.225 2.348
136 9 -0.123 -0.474 2.601
136 10 0.093 -0.497 2.599
136 11 0.309 -0.537 2.602
136 12 0.390 -0.490 2.169
136 13 -0.233 -0.556 2.561
136 14 0.197 -0.552 2.347
136 15 0.397 -0.721 2.327
136 16 0.479 -0.689 2.325
136 17 -0.060 -0.499 2.454
136 18 0.281 -0.612 2.383
136 19 0.046 -0.555 2.226
136 20 -0.023 -0.574 2.216
137 1 -0.181 -0.501 2.552
137 2 -0.203 -0.498 2.577
137 3 -0.314 -0.413 2.674
137 4 -0.391 -0.310 2.622
137 5 -0.379 -0.493 2.545
137 6 -0.364 -0.268 2.492
137 7 -0.239 -0.211 2.386
137 8 -0.266 -0.222 2.338
137 9 -0.197 -0.441 2.658
137 10 0.032 -0.475 2.613
137 11 0.291 -0.530 2.594
137 12 0.314 -0.464 2.132
137 13 -0.186 -0.573 2.547
137 14 0.197 -0.552 2.347
137 15 0.397 -0.721 2.327
137 16 0.479 -0.689 2.325
137 17 -0.073 -0.498 2.442
137 18 0.264 -0.613 2.371
137 19 0.029 -0.556 2.214
137 20 -0.039 -0.572 2.209
138 1 -0.206 -0.519 2.519
138 2 -0.225 -0.511 2.546
138 3 -0.314 -0.412 2.652
138 4 -0.395 -0.304 2.619
138 5 -0.379 -0.491 2.534
138 6 -0.365 -0.267 2.481
138 7 -0.239 -0.209 2.375
138 8 -0.266 -0.220 2.327
138 9 -0.204 -0.438 2.672
138 10 0.021 -0.472 2.620
138 11 0.261 -0.522 2.591
138 12 0.304 -0.456 2.087
138 13 -0.222 -0.593 2.526
138 14 0.197 -0.552 2.346
138 15 0.397 -0.722 2.327
138 16 0.479 -0.689 2.324
138 17 -0.122 -0.521 2.418
138 18 0.181 -0.662 2.304
138 19 -0.054 -0.605 2.147
138 20 -0.132 -0.583 2.169
139 1 -0.213 -0.522 2.509
139 2 -0.231 -0.515 2.536
139 3 -0.313 -0.412 2.641
139 4 -0.398 -0.301 2.615
139 5 -0.378 -0.491 2.523
139 6 -0.364 -0.266 2.470
139 7 -0.239 -0.208 2.364
139 8 -0.266 -0.219 2.317
139 9 -0.224 -0.429 2.690
139 10 -0.000 -0.466 2.627
139 11 0.244 -0.517 2.590
139 12 0.289 -0.448 2.051
139 13 -0.219 -0.599 2.508
139 14 0.198 -0.552 2.345
139 15 0.398 -0.722 2.327
139 16 0.479 -0.689 2.323
139 17 -0.123 -0.515 2.415
139 18 0.168 -0.665 2.286
139 19 -0.067 -0.607 2.129
139 20 -0.154 -0.582 2.158
140 1 -0.218 -0.526 2.503
140 2 -0.236 -0.518 2.530
140 3 -0.312 -0.413 2.639
140 4 -0.398 -0.301 2.613
140 5 -0.378 -0.491 2.521
140 6 -0.364 -0.267 2.468
140 7 -0.239 -0.208 2.362
140 8 -0.266 -0.219 2.315
140 9 -0.231 -0.426 2.701
140 10 -0.010 -0.463 2.633
140 11 0.232 -0.514 2.591
140 12 0.281 -0.444 2.033
140 13 -0.226 -0.604 2.499
140 14 0.198 -0.552 2.344
140 15 0.398 -0.722 2.327
140 16 0.478 -0.690 2.323
140 17 -0.140 -0.523 2.407
140 18 0.149 -0.674 2.271
140 19 -0.085 -0.617 2.115
140 20 -0.174 -0.584 2.150
141 1 -0.213 -0.526 2.500
141 2 -0.234 -0.519 2.526
141 3 -0.311 -0.416 2.631
141 4 -0.398 -0.299 2.612
141 5 -0.377 -0.493 2.510
141 6 -0.363 -0.268 2.457
141 7 -0.239 -0.209 2.351
141 8 -0.266 -0.220 2.304
141 9 -0.240 -0.424 2.706
141 10 -0.019 -0.461 2.636
141 11 0.219 -0.512 2.592
141 12 0.275 -0.441 2.024
141 13 -0.196 -0.596 2.499
141 14 0.199 -0.553 2.343
141 15 0.398 -0.722 2.327
141 16 0.478 -0.690 2.323
141 17 -0.128 -0.509 2.417
141 18 0.174 -0.657 2.279
141 19 -0.061 -0.599 2.122
141 20 -0.160 -0.580 2.150
142 1 -0.166 -0.528 2.482
142 2 -0.195 -0.522 2.510
142 3 -0.311 -0.417 2.627
142 4 -0.399 -0.298 2.611
142 5 -0.377 -0.494 2.504
142 6 -0.363 -0.270 2.451
142 7 -0.238 -0.210 2.345
142 8 -0.265 -0.221 2.298
142 9 -0.245 -0.422 2.709
142 10 -0.024 -0.460 2.637
142 11 0.211 -0.510 2.593
142 12 0.270 -0.440 2.023
142 13 -0.167 -0.580 2.462
142 14 0.200 -0.552 2.342
142 15 0.398 -0.722 2.327
142 16 0.478 -0.690 2.323
142 17 -0.092 -0.507 2.446
142 18 0.193 -0.644 2.287
142 19 -0.041 -0.586 2.130
142 20 -0.142 -0.576 2.153
143 1 -0.104 -0.498 2.578
143 2 -0.141 -0.498 2.600
143 3 -0.315 -0.419 2.691
143 4 -0.390 -0.315 2.628
143 5 -0.380 -0.496 2.546
143 6 -0.366 -0.271 2.493
143 7 -0.242 -0.210 2.388
143 8 -0.269 -0.222 2.340
143 9 -0.253 -0.423 2.744
143 10 -0.039 -0.459 2.664
143 11 0.196 -0.507 2.599
143 12 0.268 -0.440 2.026
143 13 -0.085 -0.541 2.580
143 14 0.201 -0.552 2.341
143 15 0.398 -0.723 2.327
143 16 0.478 -0.690 2.323
143 17 -0.034 -0.481 2.525
143 18 0.357 -0.592 2.462
143 19 0.122 -0.535 2.305
143 20 0.143 -0.595 2.333
144 1 -0.144 -0.505 2.530
144 2 -0.172 -0.502 2.555
144 3 -0.313 -0.420 2.650
144 4 -0.393 -0.309 2.611
144 5 -0.378 -0.496 2.521
144 6 -0.364 -0.272 2.468
144 7 -0.241 -0.210 2.363
144 8 -0.268 -0.222 2.316
144 9 -0.243 -0.426 2.719
144 10 -0.031 -0.461 2.655
144 11 0.192 -0.507 2.601
144 12 0.262 -0.442 2.038
144 13 -0.141 -0.566 2.522
144 14 0.202 -0.552 2.341
144 15 0.398 -0.723 2.326
144 16 0.479 -0.690 2.324
144 17 -0.071 -0.488 2.472
144 18 0.283 -0.609 2.372
144 19 0.049 -0.552 2.215
144 20 -0.025 -0.576 2.216
145 1 -0.148 -0.505 2.527
145 2 -0.176 -0.502 2.549
145 3 -0.311 -0.421 2.630
145 4 -0.395 -0.305 2.602
145 5 -0.377 -0.497 2.505
145 6 -0.363 -0.273 2.452
145 7 -0.240 -0.211 2.347
145 8 -0.267 -0.222 2.299
145 9 -0.237 -0.427 2.703
145 10 -0.023 -0.463 2.647
145 11 0.191 -0.507 2.601
145 12 0.259 -0.443 2.047
145 13 -0.136 -0.571 2.529
145 14 0.203 -0.552 2.340
145 15 0.398 -0.723 2.326
145 16 0.479 -0.690 2.324
145 17 -0.070 -0.488 2.469
145 18 0.288 -0.619 2.357
145 19 0.054 -0.562 2.200
145 20 -0.018 -0.579 2.206
146 1 -0.159 -0.506 2.520
146 2 -0.185 -0.503 2.541
146 3 -0.310 -0.421 2.621
146 4 -0.396 -0.303 2.596
146 5 -0.376 -0.498 2.495
146 6 -0.362 -0.274 2.442
146 7 -0.239 -0.211 2.337
146 8 -0.266 -0.222 2.290
146 9 -0.236 -0.428 2.699
146 10 -0.020 -0.464 2.642
146 11 0.191 -0.507 2.602
146 12 0.258 -0.444 2.055
146 13 -0.147 -0.578 2.524
146 14 0.203 -0.552 2.340
146 15 0.398 -0.723 2.326
146 16 0.479 -0.691 2.324
146 17 -0.083 -0.492 2.451
146 18 0.272 -0.625 2.335
146 19 0.037 -0.568 2.179
146 20 -0.045 -0.577 2.185
147 1 -0.150 -0.511 2.507
147 2 -0.182 -0.506 2.533
147 3 -0.309 -0.422 2.616
147 4 -0.396 -0.302 2.592
147 5 -0.376 -0.498 2.489
147 6 -0.361 -0.274 2.436
147 7 -0.239 -0.211 2.331
147 8 -0.266 -0.222 2.283
147 9 -0.235 -0.428 2.696
147 10 -0.017 -0.464 2.639
147 11 0.191 -0.507 2.602
147 12 0.258 -0.445 2.061
147 13 -0.151 -0.570 2.470
147 14 0.204 -0.552 2.339
147 15 0.398 -0.723 2.326
147 16 0.479 -0.691 2.324
147 17 -0.067 -0.503 2.479
147 18 0.260 -0.628 2.323
147 19 0.026 -0.571 2.166
147 20 -0.061 -0.575 2.174
148 1 -0.150 -0.513 2.503
148 2 -0.182 -0.507 2.529
148 3 -0.309 -0.422 2.613
148 4 -0.397 -0.301 2.590
148 5 -0.375 -0.498 2.484
148 6 -0.361 -0.274 2.431
148 7 -0.238 -0.210 2.326
148 8 -0.265 -0.222 2.279
148 9 -0.234 -0.428 2.692
148 10 -0.016 -0.464 2.637
148 11 0.192 -0.507 2.602
148 12 0.258 -0.446 2.065
148 13 -0.155 -0.577 2.473
148 14 0.205 -0.552 2.339
148 15 0.398 -0.723 2.326
148 16 0.479 -0.691 2.324
148 17 -0.075 -0.509 2.462
148 18 0.255 -0.632 2.315
148 19 0.021 -0.575 2.158
148 20 -0.068 -0.575 2.168
149 1 -0.171 -0.481 2.630
149 2 -0.198 -0.476 2.634
149 3 -0.309 -0.422 2.611
149 4 -0.397 -0.300 2.588
149 5 -0.375 -0.498 2.481
149 6 -0.361 -0.274 2.429
149 7 -0.238 -0.210 2.324
149 8 -0.265 -0.222 2.276
149 9 -0.221 -0.449 2.584
149 10 -0.002 -0.483 2.544
149 11 0.213 -0.527 2.514
149 12 0.290 -0.520 2.393
149 13 -0.196 -0.526 2.700
149 14 0.156 -0.548 2.386
149 15 0.398 -0.723 2.326
149 16 0.479 -0.691 2.324
149 17 -0.052 -0.477 2.585
149 18 0.269 -0.581 2.527
149 19 0.021 -0.520 2.371
149 20 -0.038 -0.527 2.343
150 1 -0.173 -0.499 2.556
150 2 -0.199 -0.493 2.583
150 3 -0.310 -0.422 2.633
150 4 -0.395 -0.302 2.588
150 5 -0.375 -0.499 2.486
150 6 -0.361 -0.275 2.434
150 7 -0.239 -0.210 2.329
150 8 -0.266 -0.222 2.282
150 9 -0.226 -0.436 2.641
150 10 -0.005 -0.472 2.585
150 11 0.216 -0.525 2.523
150 12 0.282 -0.517 2.522
150 13 -0.173 -0.568 2.551
150 14 0.165 -0.548 2.378
150 15 0.398 -0.723 2.326
150 16 0.479 -0.691 2.325
150 17 -0.087 -0.485 2.472
150 18 0.238 -0.602 2.394
150 19 -0.001 -0.543 2.238
150 20 -0.076 -0.546 2.249
151 1 -0.184 -0.496 2.562
151 2 -0.205 -0.491 2.588
151 3 -0.307 -0.421 2.680
151 4 -0.387 -0.314 2.608
151 5 -0.373 -0.498 2.522
151 6 -0.358 -0.274 2.469
151 7 -0.237 -0.208 2.365
151 8 -0.264 -0.220 2.318
151 9 -0.222 -0.433 2.663
151 10 -0.000 -0.469 2.606
151 11 0.221 -0.517 2.572
151 12 0.286 -0.521 2.663
151 13 -0.187 -0.565 2.566
151 14 0.177 -0.549 2.367
151 15 0.398 -0.723 2.325
151 16 0.479 -0.691 2.325
151 17 -0.102 -0.480 2.463
151 18 0.213 -0.602 2.369
151 19 -0.025 -0.543 2.212
151 20 -0.107 -0.553 2.211
152 1 -0.192 -0.498 2.548
152 2 -0.213 -0.494 2.571
152 3 -0.310 -0.422 2.652
152 4 -0.390 -0.312 2.610
152 5 -0.373 -0.498 2.516
152 6 -0.359 -0.275 2.463
152 7 -0.238 -0.208 2.359
152 8 -0.265 -0.219 2.312
152 9 -0.230 -0.429 2.682
152 10 -0.009 -0.464 2.626
152 11 0.219 -0.513 2.585
152 12 0.267 -0.507 2.601
152 13 -0.190 -0.572 2.545
152 14 0.186 -0.550 2.358
152 15 0.398 -0.724 2.325
152 16 0.479 -0.691 2.325
152 17 -0.114 -0.479 2.439
152 18 0.200 -0.604 2.342
152 19 -0.036 -0.547 2.185
152 20 -0.125 -0.560 2.185
153 1 -0.194 -0.500 2.542
153 2 -0.215 -0.496 2.568
153 3 -0.313 -0.419 2.713
153 4 -0.383 -0.325 2.642
153 5 -0.377 -0.496 2.573
153 6 -0.363 -0.273 2.520
153 7 -0.243 -0.205 2.416
153 8 -0.270 -0.216 2.369
153 9 -0.244 -0.422 2.776
153 10 -0.023 -0.457 2.719
153 11 0.203 -0.504 2.682
153 12 0.254 -0.504 2.717
153 13 -0.189 -0.574 2.534
153 14 0.193 -0.550 2.352
153 15 0.398 -0.724 2.325
153 16 0.479 -0.691 2.325
153 17 -0.120 -0.479 2.432
153 18 0.198 -0.610 2.324
153 19 -0.036 -0.553 2.167
153 20 -0.126 -0.565 2.171
154 1 -0.244 -0.465 2.603
154 2 -0.254 -0.471 2.612
154 3 -0.315 -0.420 2.699
154 4 -0.386 -0.320 2.640
154 5 -0.379 -0.496 2.573
154 6 -0.364 -0.273 2.520
154 7 -0.244 -0.204 2.416
154 8 -0.271 -0.215 2.369
154 9 -0.234 -0.427 2.735
154 10 -0.014 -0.460 2.669
154 11 0.204 -0.503 2.669
154 12 0.273 -0.504 2.591
154 13 -0.192 -0.536 2.461
154 14 0.198 -0.551 2.347
154 15 0.398 -0.724 2.325
154 16 0.479 -0.691 2.325
154 17 -0.075 -0.522 2.633
154 18 0.200 -0.618 2.316
154 19 -0.020 -0.569 2.149
154 20 -0.113 -0.572 2.161
155 1 -0.187 -0.508 2.539
155 2 -0.213 -0.501 2.569
155 3 -0.316 -0.420 2.690
155 4 -0.389 -0.316 2.636
155 5 -0.380 -0.497 2.567
155 6 -0.366 -0.273 2.514
155 7 -0.246 -0.204 2.410
155 8 -0.273 -0.215 2.363
155 9 -0.233 -0.427 2.728
155 10 -0.016 -0.459 2.676
155 11 0.206 -0.503 2.644
155 12 0.272 -0.503 2.586
155 13 -0.168 -0.570 2.477
155 14 0.202 -0.551 2.344
155 15 0.398 -0.724 2.325
155 16 0.479 -0.691 2.325
155 17 -0.086 -0.513 2.476
155 18 0.216 -0.631 2.305
155 19 -0.009 -0.579 2.140
155 20 -0.102 -0.578 2.156
156 1 -0.206 -0.520 2.523
156 2 -0.222 -0.514 2.552
156 3 -0.316 -0.420 2.681
156 4 -0.392 -0.312 2.630
156 5 -0.380 -0.497 2.559
156 6 -0.366 -0.274 2.506
156 7 -0.247 -0.204 2.403
156 8 -0.274 -0.215 2.356
156 9 -0.229 -0.429 2.708
156 10 -0.011 -0.461 2.647
156 11 0.208 -0.504 2.627
156 12 0.274 -0.502 2.562
156 13 -0.200 -0.588 2.475
156 14 0.203 -0.551 2.342
156 15 0.398 -0.724 2.325
156 16 0.479 -0.691 2.325
156 17 -0.117 -0.526 2.458
156 18 0.188 -0.655 2.289
156 19 -0.041 -0.602 2.127
156 20 -0.128 -0.593 2.147
157 1 -0.184 -0.528 2.515
157 2 -0.211 -0.520 2.548
157 3 -0.318 -0.418 2.720
157 4 -0.386 -0.319 2.637
157 5 -0.382 -0.496 2.574
157 6 -0.368 -0.273 2.521
157 7 -0.249 -0.202 2.418
157 8 -0.275 -0.214 2.371
157 9 -0.229 -0.427 2.719
157 10 -0.013 -0.461 2.644
157 11 0.204 -0.504 2.618
157 12 0.269 -0.502 2.545
157 13 -0.185 -0.590 2.486
157 14 0.205 -0.552 2.340
157 15 0.398 -0.724 2.325
157 16 0.479 -0.691 2.325
157 17 -0.114 -0.525 2.452
157 18 0.210 -0.662 2.292
157 19 -0.022 -0.607 2.131
157 20 -0.108 -0.595 2.152
158 1 -0.174 -0.531 2.513
158 2 -0.204 -0.523 2.548
158 3 -0.316 -0.420 2.706
158 4 -0.386 -0.318 2.637
158 5 -0.381 -0.497 2.568
158 6 -0.367 -0.274 2.515
158 7 -0.248 -0.202 2.412
158 8 -0.275 -0.214 2.365
158 9 -0.226 -0.428 2.702
158 10 -0.010 -0.463 2.633
158 11 0.206 -0.506 2.607
158 12 0.270 -0.502 2.535
158 13 -0.168 -0.597 2.511
158 14 0.206 -0.552 2.339
158 15 0.398 -0.724 2.325
158 16 0.479 -0.691 2.325
158 17 -0.109 -0.522 2.442
158 18 0.226 -0.664 2.295
158 19 -0.008 -0.609 2.136
158 20 -0.094 -0.595 2.156
159 1 -0.180 -0.483 2.630
159 2 -0.207 -0.481 2.631
159 3 -0.313 -0.422 2.653
159 4 -0.393 -0.306 2.608
159 5 -0.379 -0.498 2.520
159 6 -0.365 -0.275 2.468
159 7 -0.247 -0.203 2.365
159 8 -0.274 -0.214 2.318
159 9 -0.215 -0.450 2.588
159 10 0.004 -0.474 2.582
159 11 0.214 -0.510 2.593
159 12 0.279 -0.506 2.524
159 13 -0.200 -0.528 2.711
159 14 0.153 -0.547 2.392
159 15 0.398 -0.724 2.325
159 16 0.479 -0.691 2.326
159 17 -0.057 -0.473 2.584
159 18 0.267 -0.589 2.530
159 19 0.019 -0.528 2.374
159 20 -0.038 -0.532 2.344
160 1 -0.123 -0.482 2.654
160 2 -0.154 -0.474 2.672
160 3 -0.313 -0.419 2.708
160 4 -0.384 -0.317 2.632
160 5 -0.379 -0.497 2.553
160 6 -0.365 -0.274 2.501
160 7 -0.247 -0.200 2.398
160 8 -0.274 -0.212 2.351
160 9 -0.211 -0.459 2.538
160 10 0.010 -0.480 2.559
160 11 0.219 -0.513 2.584
160 12 0.285 -0.508 2.519
160 13 -0.110 -0.526 2.712
160 14 0.165 -0.548 2.382
160 15 0.398 -0.724 2.325
160 16 0.479 -0.691 2.326
160 17 -0.010 -0.472 2.576
160 18 0.367 -0.577 2.566
160 19 0.125 -0.517 2.410
160 20 0.114 -0.545 2.328
161 1 -0.094 -0.476 2.678
161 2 -0.124 -0.467 2.701
161 3 -0.313 -0.417 2.735
161 4 -0.380 -0.322 2.644
161 5 -0.378 -0.495 2.575
161 6 -0.364 -0.273 2.522
161 7 -0.247 -0.199 2.420
161 8 -0.274 -0.210 2.372
161 9 -0.209 -0.463 2.516
161 10 0.013 -0.482 2.548
161 11 0.222 -0.515 2.578
161 12 0.289 -0.510 2.516
161 13 -0.080 -0.518 2.724
161 14 0.177 -0.549 2.371
161 15 0.398 -0.724 2.325
161 16 0.479 -0.692 2.326
161 17 0.019 -0.468 2.587
161 18 0.417 -0.565 2.595
161 19 0.180 -0.505 2.440
161 20 0.166 -0.543 2.341
162 1 -0.085 -0.477 2.662
162 2 -0.120 -0.477 2.666
162 3 -0.305 -0.426 2.677
162 4 -0.381 -0.318 2.622
162 5 -0.373 -0.501 2.545
162 6 -0.359 -0.278 2.492
162 7 -0.242 -0.204 2.390
162 8 -0.269 -0.215 2.343
162 9 -0.209 -0.461 2.526
162 10 0.015 -0.483 2.543
162 11 0.225 -0.516 2.573
162 12 0.293 -0.512 2.516
162 13 -0.066 -0.519 2.713
162 14 0.187 -0.550 2.362
162 15 0.398 -0.724 2.325
162 16 0.479 -0.692 2.326
162 17 0.030 -0.466 2.587
162 18 0.438 -0.562 2.595
162 19 0.202 -0.503 2.438
162 20 0.219 -0.546 2.358
163 1 -0.145 -0.510 2.553
163 2 -0.170 -0.508 2.579
163 3 -0.304 -0.429 2.656
163 4 -0.382 -0.316 2.611
163 5 -0.371 -0.503 2.531
163 6 -0.357 -0.280 2.479
163 7 -0.240 -0.205 2.377
163 8 -0.267 -0.217 2.330
163 9 -0.222 -0.439 2.659
163 10 0.002 -0.474 2.594
163 11 0.225 -0.516 2.573
163 12 0.287 -0.511 2.532
163 13 -0.140 -0.578 2.550
163 14 0.194 -0.551 2.355
163 15 0.398 -0.724 2.325
163 16 0.479 -0.692 2.326
163 17 -0.063 -0.498 2.469
163 18 0.301 -0.631 2.377
163 19 0.067 -0.574 2.221
163 20 0.003 -0.578 2.210
164 1 -0.154 -0.514 2.535
164 2 -0.181 -0.513 2.563
164 3 -0.311 -0.421 2.709
164 4 -0.380 -0.322 2.630
164 5 -0.375 -0.499 2.561
164 6 -0.361 -0.277 2.509
164 7 -0.244 -0.201 2.407
164 8 -0.271 -0.213 2.360
164 9 -0.228 -0.429 2.740
164 10 -0.018 -0.464 2.655
164 11 0.212 -0.513 2.585
164 12 0.262 -0.505 2.561
164 13 -0.145 -0.578 2.530
164 14 0.199 -0.551 2.350
164 15 0.398 -0.724 2.325
164 16 0.479 -0.692 2.326
164 17 -0.081 -0.496 2.455
164 18 0.273 -0.631 2.339
164 19 0.040 -0.574 2.182
164 20 -0.032 -0.578 2.185
165 1 -0.170 -0.522 2.509
165 2 -0.194 -0.520 2.546
165 3 -0.313 -0.422 2.694
165 4 -0.383 -0.319 2.628
165 5 -0.376 -0.499 2.559
165 6 -0.362 -0.277 2.506
165 7 -0.246 -0.201 2.404
165 8 -0.273 -0.212 2.357
165 9 -0.231 -0.425 2.765
165 10 -0.022 -0.462 2.668
165 11 0.209 -0.513 2.587
165 12 0.259 -0.504 2.566
165 13 -0.168 -0.592 2.485
165 14 0.203 -0.552 2.346
165 15 0.398 -0.724 2.325
165 16 0.479 -0.692 2.327
165 17 -0.107 -0.504 2.430
165 18 0.237 -0.646 2.286
165 19 0.004 -0.590 2.129
165 20 -0.088 -0.585 2.150
166 1 -0.118 -0.494 2.588
166 2 -0.154 -0.497 2.604
166 3 -0.312 -0.423 2.671
166 4 -0.387 -0.315 2.622
166 5 -0.376 -0.500 2.546
166 6 -0.362 -0.277 2.493
166 7 -0.246 -0.201 2.392
166 8 -0.273 -0.213 2.345
166 9 -0.215 -0.453 2.593
166 10 -0.011 -0.483 2.552
166 11 0.213 -0.533 2.488
166 12 0.280 -0.528 2.440
166 13 -0.096 -0.538 2.636
166 14 0.206 -0.552 2.343
166 15 0.398 -0.724 2.325
166 16 0.479 -0.692 2.327
166 17 -0.016 -0.482 2.527
166 18 0.364 -0.597 2.457
166 19 0.130 -0.540 2.300
166 20 0.110 -0.574 2.262
167 1 -0.160 -0.507 2.532
167 2 -0.188 -0.508 2.557
167 3 -0.313 -0.422 2.647
167 4 -0.392 -0.309 2.612
167 5 -0.377 -0.499 2.527
167 6 -0.362 -0.277 2.475
167 7 -0.247 -0.200 2.373
167 8 -0.273 -0.212 2.326
167 9 -0.225 -0.439 2.670
167 10 -0.013 -0.473 2.592
167 11 0.209 -0.525 2.524
167 12 0.271 -0.512 2.517
167 13 -0.154 -0.572 2.537
167 14 0.208 -0.553 2.341
167 15 0.398 -0.724 2.325
167 16 0.479 -0.692 2.327
167 17 -0.077 -0.493 2.464
167 18 0.270 -0.620 2.347
167 19 0.036 -0.563 2.190
167 20 -0.030 -0.576 2.192
168 1 -0.170 -0.508 2.521
168 2 -0.197 -0.510 2.545
168 3 -0.313 -0.421 2.636
168 4 -0.395 -0.305 2.606
168 5 -0.377 -0.499 2.515
168 6 -0.363 -0.277 2.462
168 7 -0.247 -0.200 2.361
168 8 -0.274 -0.211 2.314
168 9 -0.227 -0.436 2.674
168 10 -0.014 -0.470 2.606
168 11 0.206 -0.519 2.550
168 12 0.270 -0.510 2.531
168 13 -0.167 -0.578 2.522
168 14 0.210 -0.553 2.339
168 15 0.398 -0.725 2.325
168 16 0.479 -0.692 2.327
168 17 -0.089 -0.495 2.452
168 18 0.248 -0.622 2.328
168 19 0.014 -0.565 2.171
168 20 -0.067 -0.574 2.178
169 1 -0.175 -0.509 2.515
169 2 -0.202 -0.511 2.539
169 3 -0.312 -0.421 2.628
169 4 -0.397 -0.303 2.602
169 5 -0.377 -0.499 2.504
169 6 -0.362 -0.277 2.452
169 7 -0.247 -0.199 2.350
169 8 -0.274 -0.211 2.303
169 9 -0.228 -0.435 2.675
169 10 -0.014 -0.468 2.610
169 11 0.205 -0.517 2.562
169 12 0.270 -0.508 2.539
169 13 -0.173 -0.581 2.515
169 14 0.211 -0.553 2.338
169 15 0.398 -0.725 2.325
169 16 0.479 -0.692 2.325
169 17 -0.095 -0.495 2.446
169 18 0.237 -0.623 2.318
169 19 0.003 -0.566 2.161
169 20 -0.085 -0.573 2.172
170 1 -0.117 -0.491 2.595
170 2 -0.153 -0.493 2.614
170 3 -0.312 -0.422 2.629
170 4 -0.397 -0.303 2.599
170 5 -0.377 -0.499 2.500
170 6 -0.362 -0.277 2.448
170 7 -0.247 -0.199 2.347
170 8 -0.274 -0.211 2.300
170 9 -0.219 -0.450 2.594
170 10 -0.000 -0.476 2.583
170 11 0.208 -0.517 2.567
170 12 0.277 -0.509 2.541
170 13 -0.099 -0.539 2.639
170 14 0.211 -0.553 2.338
170 15 0.398 -0.725 2.325
170 16 0.479 -0.692 2.325
170 17 -0.016 -0.481 2.529
170 18 0.355 -0.590 2.453
170 19 0.121 -0.533 2.296
170 20 0.105 -0.566 2.259
171 1 -0.118 -0.521 2.529
171 2 -0.152 -0.520 2.558
171 3 -0.312 -0.422 2.627
171 4 -0.397 -0.302 2.597
171 5 -0.377 -0.499 2.497
171 6 -0.362 -0.277 2.444
171 7 -0.247 -0.199 2.343
171 8 -0.274 -0.211 2.296
171 9 -0.234 -0.437 2.653
171 10 -0.007 -0.462 2.649
171 11 0.206 -0.498 2.659
171 12 0.269 -0.495 2.620
171 13 -0.133 -0.570 2.501
171 14 0.212 -0.554 2.337
171 15 0.398 -0.725 2.325
171 16 0.479 -0.692 2.325
171 17 -0.034 -0.501 2.508
171 18 0.300 -0.626 2.376
171 19 0.066 -0.569 2.219
171 20 0.005 -0.577 2.207
172 1 -0.096 -0.502 2.576
172 2 -0.135 -0.506 2.594
172 3 -0.312 -0.423 2.627
172 4 -0.397 -0.302 2.596
172 5 -0.376 -0.499 2.495
172 6 -0.362 -0.277 2.442
172 7 -0.247 -0.199 2.341
172 8 -0.274 -0.211 2.294
172 9 -0.237 -0.434 2.661
172 10 -0.013 -0.453 2.689
172 11 0.203 -0.488 2.712
172 12 0.262 -0.485 2.672
172 13 -0.083 -0.547 2.589
172 14 0.212 -0.554 2.337
172 15 0.398 -0.725 2.325
172 16 0.479 -0.692 2.325
172 17 -0.011 -0.483 2.543
172 18 0.374 -0.597 2.465
172 19 0.140 -0.540 2.309
172 20 0.148 -0.592 2.314
173 1 -0.138 -0.507 2.548
173 2 -0.164 -0.510 2.575
173 3 -0.311 -0.423 2.628
173 4 -0.397 -0.302 2.596
173 5 -0.376 -0.499 2.493
173 6 -0.362 -0.277 2.441
173 7 -0.247 -0.199 2.340
173 8 -0.274 -0.211 2.293
173 9 -0.242 -0.430 2.680
173 10 -0.016 -0.449 2.710
173 11 0.202 -0.483 2.736
173 12 0.258 -0.481 2.694
173 13 -0.133 -0.567 2.546
173 14 0.213 -0.554 2.337
173 15 0.398 -0.725 2.325
173 16 0.479 -0.692 2.325
173 17 -0.074 -0.489 2.480
173 18 0.285 -0.616 2.380
173 19 0.051 -0.558 2.223
173 20 -0.023 -0.579 2.217
174 1 -0.080 -0.496 2.619
174 2 -0.123 -0.498 2.629
174 3 -0.310 -0.424 2.629
174 4 -0.397 -0.303 2.595
174 5 -0.376 -0.500 2.492
174 6 -0.362 -0.277 2.440
174 7 -0.247 -0.199 2.339
174 8 -0.274 -0.211 2.292
174 9 -0.219 -0.451 2.592
174 10 0.006 -0.473 2.606
174 11 0.222 -0.503 2.656
174 12 0.289 -0.507 2.577
174 13 -0.076 -0.536 2.630
174 14 0.213 -0.554 2.336
174 15 0.398 -0.725 2.325
174 16 0.479 -0.692 2.325
174 17 -0.001 -0.478 2.605
174 18 0.364 -0.593 2.479
174 19 0.130 -0.536 2.322
174 20 0.116 -0.569 2.284
175 1 -0.195 -0.486 2.511
175 2 -0.210 -0.492 2.545
175 3 -0.309 -0.425 2.632
175 4 -0.395 -0.304 2.595
175 5 -0.376 -0.500 2.493
175 6 -0.361 -0.278 2.440
175 7 -0.247 -0.200 2.339
175 8 -0.273 -0.211 2.292
175 9 -0.170 -0.465 2.593
175 10 0.048 -0.482 2.619
175 11 0.272 -0.520 2.638
175 12 0.333 -0.515 2.590
175 13 -0.257 -0.514 2.470
175 14 0.194 -0.553 2.342
175 15 0.398 -0.725 2.325
175 16 0.479 -0.692 2.326
175 17 -0.096 -0.484 2.465
175 18 0.215 -0.595 2.331
175 19 -0.046 -0.528 2.186
175 20 -0.132 -0.566 2.194
176 1 -0.197 -0.495 2.526
176 2 -0.217 -0.498 2.552
176 3 -0.308 -0.425 2.636
176 4 -0.394 -0.305 2.595
176 5 -0.375 -0.501 2.493
176 6 -0.361 -0.278 2.441
176 7 -0.246 -0.200 2.340
176 8 -0.273 -0.211 2.293
176 9 -0.096 -0.486 2.597
176 10 0.125 -0.496 2.591
176 11 0.308 -0.530 2.600
176 12 0.376 -0.527 2.547
176 13 -0.259 -0.530 2.485
176 14 0.189 -0.552 2.346
176 15 0.398 -0.726 2.327
176 16 0.479 -0.692 2.328
176 17 -0.075 -0.503 2.481
176 18 0.219 -0.607 2.330
176 19 -0.032 -0.544 2.180
176 20 -0.101 -0.566 2.191
177 1 -0.218 -0.501 2.518
177 2 -0.233 -0.501 2.544
177 3 -0.308 -0.426 2.638
177 4 -0.393 -0.306 2.595
177 5 -0.375 -0.501 2.494
177 6 -0.361 -0.279 2.441
177 7 -0.246 -0.200 2.341
177 8 -0.273 -0.211 2.293
177 9 -0.056 -0.497 2.604
177 10 0.154 -0.501 2.580
177 11 0.322 -0.535 2.584
177 12 0.392 -0.531 2.531
177 13 -0.283 -0.536 2.470
177 14 0.186 -0.552 2.350
177 15 0.398 -0.726 2.329
177 16 0.479 -0.691 2.329
177 17 -0.111 -0.537 2.458
177 18 0.161 -0.654 2.283
177 19 -0.082 -0.595 2.129
177 20 -0.163 -0.579 2.162
178 1 -0.229 -0.505 2.512
178 2 -0.243 -0.505 2.537
178 3 -0.307 -0.427 2.612
178 4 -0.394 -0.305 2.595
178 5 -0.374 -0.502 2.483
178 6 -0.360 -0.280 2.430
178 7 -0.245 -0.201 2.329
178 8 -0.272 -0.212 2.282
178 9 -0.192 -0.442 2.673
178 10 0.066 -0.460 2.624
178 11 0.228 -0.496 2.613
178 12 0.258 -0.482 2.590
178 13 -0.257 -0.585 2.494
178 14 0.184 -0.552 2.351
178 15 0.398 -0.726 2.330
178 16 0.478 -0.691 2.330
178 17 -0.138 -0.539 2.423
178 18 0.139 -0.671 2.264
178 19 -0.100 -0.613 2.109
178 20 -0.180 -0.584 2.153
179 1 -0.222 -0.530 2.485
179 2 -0.244 -0.519 2.524
179 3 -0.308 -0.427 2.629
179 4 -0.392 -0.308 2.595
179 5 -0.374 -0.503 2.488
179 6 -0.360 -0.281 2.435
179 7 -0.245 -0.202 2.334
179 8 -0.272 -0.213 2.287
179 9 -0.198 -0.437 2.727
179 10 0.024 -0.440 2.687
179 11 0.174 -0.474 2.672
179 12 0.236 -0.475 2.634
179 13 -0.259 -0.592 2.467
179 14 0.186 -0.552 2.352
179 15 0.398 -0.726 2.331
179 16 0.478 -0.690 2.331
179 17 -0.148 -0.542 2.413
179 18 0.127 -0.680 2.252
179 19 -0.111 -0.622 2.097
179 20 -0.199 -0.586 2.144
180 1 -0.173 -0.543 2.478
180 2 -0.204 -0.533 2.512
180 3 -0.308 -0.427 2.624
180 4 -0.392 -0.307 2.595
180 5 -0.374 -0.503 2.485
180 6 -0.360 -0.281 2.432
180 7 -0.245 -0.202 2.331
180 8 -0.272 -0.213 2.284
180 9 -0.222 -0.427 2.741
180 10 0.003 -0.431 2.698
180 11 0.152 -0.465 2.682
180 12 0.208 -0.464 2.642
180 13 -0.197 -0.598 2.462
180 14 0.189 -0.552 2.352
180 15 0.398 -0.726 2.332
180 16 0.478 -0.690 2.332
180 17 -0.090 -0.533 2.449
180 18 0.190 -0.672 2.276
180 19 -0.045 -0.615 2.119
180 20 -0.136 -0.587 2.151
181 1 -0.187 -0.519 2.472
181 2 -0.209 -0.522 2.503
181 3 -0.308 -0.427 2.619
181 4 -0.393 -0.306 2.595
181 5 -0.374 -0.503 2.482
181 6 -0.359 -0.281 2.429
181 7 -0.245 -0.202 2.329
181 8 -0.272 -0.213 2.282
181 9 -0.236 -0.422 2.747
181 10 -0.009 -0.425 2.705
181 11 0.140 -0.460 2.687
181 12 0.195 -0.459 2.648
181 13 -0.211 -0.572 2.457
181 14 0.190 -0.552 2.352
181 15 0.398 -0.726 2.332
181 16 0.478 -0.690 2.332
181 17 -0.118 -0.496 2.435
181 18 0.173 -0.630 2.279
181 19 -0.073 -0.563 2.127
181 20 -0.122 -0.593 2.141
182 1 -0.176 -0.513 2.485
182 2 -0.203 -0.518 2.508
182 3 -0.308 -0.427 2.617
182 4 -0.393 -0.305 2.595
182 5 -0.374 -0.504 2.481
182 6 -0.359 -0.281 2.428
182 7 -0.245 -0.202 2.328
182 8 -0.272 -0.213 2.281
182 9 -0.245 -0.418 2.750
182 10 -0.017 -0.422 2.710
182 11 0.132 -0.456 2.692
182 12 0.190 -0.457 2.651
182 13 -0.182 -0.568 2.480
182 14 0.194 -0.553 2.351
182 15 0.398 -0.726 2.332
182 16 0.478 -0.690 2.332
182 17 -0.110 -0.487 2.443
182 18 0.196 -0.620 2.294
182 19 -0.044 -0.556 2.142
182 20 -0.038 -0.627 2.138
183 1 -0.160 -0.512 2.494
183 2 -0.191 -0.517 2.516
183 3 -0.308 -0.427 2.625
183 4 -0.393 -0.306 2.595
183 5 -0.373 -0.503 2.484
183 6 -0.359 -0.281 2.431
183 7 -0.245 -0.202 2.331
183 8 -0.272 -0.213 2.284
183 9 -0.250 -0.416 2.755
183 10 -0.022 -0.419 2.715
183 11 0.128 -0.454 2.697
183 12 0.190 -0.457 2.660
183 13 -0.168 -0.565 2.483
183 14 0.197 -0.553 2.350
183 15 0.398 -0.726 2.332
183 16 0.478 -0.690 2.332
183 17 -0.085 -0.487 2.467
183 18 0.210 -0.615 2.302
183 19 -0.027 -0.553 2.150
183 20 -0.037 -0.613 2.150
184 1 -0.144 -0.522 2.494
184 2 -0.180 -0.522 2.520
184 3 -0.308 -0.426 2.635
184 4 -0.393 -0.307 2.595
184 5 -0.373 -0.503 2.489
184 6 -0.359 -0.281 2.436
184 7 -0.246 -0.201 2.336
184 8 -0.272 -0.212 2.289
184 9 -0.246 -0.421 2.728
184 10 -0.023 -0.421 2.708
184 11 0.130 -0.456 2.692
184 12 0.200 -0.463 2.645
184 13 -0.158 -0.569 2.479
184 14 0.199 -0.554 2.349
184 15 0.398 -0.726 2.332
184 16 0.478 -0.690 2.332
184 17 -0.065 -0.503 2.477
184 18 0.228 -0.620 2.310
184 19 -0.006 -0.560 2.156
184 20 -0.035 -0.606 2.156
