1 1 0.149 -0.069 1.670
1 2 0.137 -0.031 1.711
1 3 0.119 0.216 1.737
1 4 0.145 0.430 1.744
1 5 -0.003 0.204 1.703
1 6 -0.056 -0.013 1.648
1 7 -0.064 -0.212 1.599
1 8 -0.064 -0.271 1.591
1 9 0.276 0.196 1.772
1 10 0.321 -0.026 1.755
1 11 0.345 -0.212 1.718
1 12 0.351 -0.269 1.719
1 13 0.096 -0.130 1.637
1 14 0.056 -0.518 1.651
1 15 0.049 -0.774 1.655
1 16 0.065 -0.802 1.581
1 17 0.214 -0.135 1.670
1 18 0.230 -0.530 1.679
1 19 0.225 -0.780 1.682
1 20 0.242 -0.808 1.609
2 1 0.148 -0.069 1.670
2 2 0.135 -0.031 1.711
2 3 0.118 0.217 1.737
2 4 0.143 0.431 1.744
2 5 -0.004 0.204 1.703
2 6 -0.058 -0.013 1.648
2 7 -0.065 -0.212 1.598
2 8 -0.065 -0.271 1.591
2 9 0.275 0.196 1.773
2 10 0.320 -0.026 1.755
2 11 0.343 -0.212 1.718
2 12 0.350 -0.269 1.719
2 13 0.095 -0.131 1.637
2 14 0.055 -0.519 1.651
2 15 0.048 -0.775 1.654
2 16 0.065 -0.803 1.581
2 17 0.213 -0.135 1.671
2 18 0.230 -0.531 1.679
2 19 0.224 -0.781 1.681
2 20 0.241 -0.809 1.608
3 1 0.147 -0.070 1.671
3 2 0.134 -0.032 1.712
3 3 0.116 0.217 1.737
3 4 0.142 0.432 1.744
3 5 -0.005 0.204 1.702
3 6 -0.059 -0.013 1.647
3 7 -0.066 -0.212 1.598
3 8 -0.066 -0.271 1.591
3 9 0.274 0.196 1.774
3 10 0.318 -0.026 1.756
3 11 0.342 -0.213 1.719
3 12 0.348 -0.269 1.719
3 13 0.094 -0.132 1.637
3 14 0.055 -0.520 1.651
3 15 0.047 -0.775 1.654
3 16 0.065 -0.803 1.581
3 17 0.212 -0.136 1.672
3 18 0.229 -0.531 1.679
3 19 0.224 -0.782 1.680
3 20 0.241 -0.810 1.607
4 1 0.146 -0.071 1.671
4 2 0.133 -0.032 1.712
4 3 0.115 0.218 1.738
4 4 0.141 0.433 1.744
4 5 -0.006 0.204 1.702
4 6 -0.060 -0.013 1.647
4 7 -0.067 -0.212 1.597
4 8 -0.067 -0.271 1.591
4 9 0.272 0.196 1.775
4 10 0.317 -0.026 1.757
4 11 0.340 -0.213 1.719
4 12 0.347 -0.269 1.719
4 13 0.093 -0.133 1.636
4 14 0.054 -0.521 1.651
4 15 0.047 -0.776 1.654
4 16 0.064 -0.804 1.581
4 17 0.212 -0.137 1.673
4 18 0.228 -0.531 1.679
4 19 0.223 -0.783 1.678
4 20 0.241 -0.812 1.606
5 1 0.145 -0.072 1.671
5 2 0.132 -0.033 1.712
5 3 0.113 0.219 1.738
5 4 0.140 0.434 1.745
5 5 -0.007 0.204 1.702
5 6 -0.061 -0.013 1.646
5 7 -0.069 -0.212 1.597
5 8 -0.068 -0.270 1.590
5 9 0.271 0.196 1.776
5 10 0.315 -0.027 1.758
5 11 0.338 -0.213 1.720
5 12 0.345 -0.269 1.719
5 13 0.092 -0.133 1.636
5 14 0.053 -0.522 1.652
5 15 0.046 -0.777 1.654
5 16 0.064 -0.805 1.581
5 17 0.211 -0.138 1.674
5 18 0.227 -0.531 1.679
5 19 0.222 -0.784 1.677
5 20 0.241 -0.813 1.605
6 1 0.144 -0.072 1.672
6 2 0.130 -0.033 1.713
6 3 0.112 0.220 1.738
6 4 0.138 0.435 1.745
6 5 -0.008 0.204 1.702
6 6 -0.062 -0.014 1.646
6 7 -0.070 -0.212 1.597
6 8 -0.069 -0.270 1.590
6 9 0.269 0.196 1.777
6 10 0.313 -0.027 1.759
6 11 0.337 -0.213 1.720
6 12 0.344 -0.270 1.720
6 13 0.091 -0.134 1.637
6 14 0.053 -0.523 1.652
6 15 0.045 -0.778 1.654
6 16 0.063 -0.806 1.581
6 17 0.210 -0.138 1.675
6 18 0.226 -0.531 1.679
6 19 0.221 -0.785 1.676
6 20 0.240 -0.813 1.604
7 1 0.143 -0.073 1.672
7 2 0.129 -0.033 1.713
7 3 0.110 0.221 1.739
7 4 0.137 0.436 1.746
7 5 -0.010 0.204 1.701
7 6 -0.064 -0.014 1.646
7 7 -0.071 -0.212 1.597
7 8 -0.070 -0.270 1.590
7 9 0.267 0.196 1.779
7 10 0.311 -0.027 1.760
7 11 0.335 -0.213 1.721
7 12 0.342 -0.270 1.721
7 13 0.090 -0.135 1.637
7 14 0.052 -0.524 1.652
7 15 0.044 -0.778 1.654
7 16 0.063 -0.807 1.582
7 17 0.209 -0.139 1.676
7 18 0.226 -0.531 1.679
7 19 0.220 -0.786 1.675
7 20 0.239 -0.814 1.603
8 1 0.142 -0.074 1.673
8 2 0.128 -0.034 1.714
8 3 0.109 0.222 1.740
8 4 0.136 0.437 1.746
8 5 -0.011 0.204 1.701
8 6 -0.065 -0.014 1.645
8 7 -0.072 -0.212 1.597
8 8 -0.071 -0.271 1.590
8 9 0.266 0.196 1.779
8 10 0.309 -0.028 1.762
8 11 0.333 -0.213 1.722
8 12 0.341 -0.270 1.722
8 13 0.089 -0.136 1.637
8 14 0.052 -0.525 1.652
8 15 0.043 -0.779 1.655
8 16 0.062 -0.807 1.582
8 17 0.208 -0.140 1.677
8 18 0.225 -0.531 1.679
8 19 0.219 -0.787 1.674
8 20 0.239 -0.815 1.602
9 1 0.141 -0.075 1.673
9 2 0.126 -0.034 1.714
9 3 0.107 0.223 1.740
9 4 0.135 0.438 1.746
9 5 -0.012 0.204 1.701
9 6 -0.066 -0.014 1.645
9 7 -0.073 -0.212 1.596
9 8 -0.072 -0.271 1.590
9 9 0.265 0.195 1.780
9 10 0.307 -0.028 1.763
9 11 0.331 -0.213 1.723
9 12 0.340 -0.270 1.723
9 13 0.088 -0.137 1.637
9 14 0.051 -0.525 1.653
9 15 0.042 -0.780 1.655
9 16 0.062 -0.808 1.582
9 17 0.207 -0.141 1.678
9 18 0.224 -0.530 1.679
9 19 0.218 -0.787 1.673
9 20 0.238 -0.816 1.601
10 1 0.140 -0.075 1.674
10 2 0.125 -0.035 1.715
10 3 0.106 0.224 1.741
10 4 0.134 0.439 1.747
10 5 -0.013 0.204 1.701
10 6 -0.067 -0.014 1.645
10 7 -0.074 -0.212 1.596
10 8 -0.073 -0.271 1.590
10 9 0.263 0.195 1.781
10 10 0.305 -0.029 1.765
10 11 0.329 -0.214 1.725
10 12 0.338 -0.270 1.725
10 13 0.087 -0.137 1.637
10 14 0.051 -0.526 1.653
10 15 0.042 -0.781 1.655
10 16 0.062 -0.809 1.582
10 17 0.206 -0.142 1.679
10 18 0.224 -0.530 1.680
10 19 0.217 -0.788 1.673
10 20 0.238 -0.817 1.601
11 1 0.139 -0.076 1.675
11 2 0.124 -0.035 1.715
11 3 0.104 0.225 1.741
11 4 0.133 0.440 1.747
11 5 -0.015 0.203 1.701
11 6 -0.069 -0.015 1.645
11 7 -0.075 -0.212 1.596
11 8 -0.074 -0.271 1.590
11 9 0.261 0.195 1.782
11 10 0.304 -0.029 1.766
11 11 0.327 -0.214 1.726
11 12 0.335 -0.270 1.726
11 13 0.086 -0.138 1.638
11 14 0.050 -0.526 1.653
11 15 0.041 -0.781 1.655
11 16 0.061 -0.810 1.583
11 17 0.205 -0.142 1.680
11 18 0.222 -0.529 1.680
11 19 0.217 -0.789 1.672
11 20 0.237 -0.818 1.600
12 1 0.138 -0.077 1.675
12 2 0.123 -0.035 1.716
12 3 0.103 0.226 1.742
12 4 0.132 0.442 1.747
12 5 -0.016 0.203 1.701
12 6 -0.070 -0.015 1.645
12 7 -0.076 -0.212 1.596
12 8 -0.076 -0.271 1.590
12 9 0.260 0.195 1.783
12 10 0.303 -0.029 1.767
12 11 0.326 -0.214 1.728
12 12 0.333 -0.271 1.728
12 13 0.085 -0.139 1.638
12 14 0.047 -0.521 1.653
12 15 0.041 -0.782 1.655
12 16 0.062 -0.811 1.583
12 17 0.204 -0.143 1.681
12 18 0.221 -0.529 1.680
12 19 0.216 -0.790 1.671
12 20 0.237 -0.818 1.599
13 1 0.137 -0.077 1.676
13 2 0.122 -0.036 1.716
13 3 0.102 0.227 1.743
13 4 0.131 0.443 1.747
13 5 -0.017 0.203 1.701
13 6 -0.072 -0.015 1.644
13 7 -0.078 -0.212 1.596
13 8 -0.077 -0.271 1.590
13 9 0.259 0.195 1.783
13 10 0.301 -0.029 1.769
13 11 0.324 -0.214 1.729
13 12 0.331 -0.271 1.729
13 13 0.084 -0.140 1.638
13 14 0.044 -0.517 1.653
13 15 0.042 -0.783 1.656
13 16 0.062 -0.812 1.584
13 17 0.203 -0.144 1.682
13 18 0.220 -0.528 1.680
13 19 0.216 -0.790 1.671
13 20 0.237 -0.819 1.599
14 1 0.136 -0.078 1.676
14 2 0.121 -0.036 1.717
14 3 0.100 0.228 1.743
14 4 0.131 0.444 1.748
14 5 -0.018 0.203 1.701
14 6 -0.073 -0.015 1.644
14 7 -0.079 -0.212 1.596
14 8 -0.078 -0.272 1.590
14 9 0.257 0.195 1.784
14 10 0.300 -0.030 1.770
14 11 0.322 -0.215 1.731
14 12 0.329 -0.271 1.730
14 13 0.083 -0.140 1.639
14 14 0.042 -0.515 1.653
14 15 0.042 -0.783 1.656
14 16 0.063 -0.812 1.584
14 17 0.202 -0.144 1.683
14 18 0.219 -0.528 1.681
14 19 0.215 -0.791 1.670
14 20 0.236 -0.820 1.599
15 1 0.135 -0.079 1.677
15 2 0.119 -0.036 1.718
15 3 0.099 0.229 1.744
15 4 0.130 0.445 1.748
15 5 -0.019 0.203 1.701
15 6 -0.074 -0.016 1.644
15 7 -0.080 -0.212 1.596
15 8 -0.080 -0.272 1.590
15 9 0.256 0.195 1.785
15 10 0.299 -0.030 1.772
15 11 0.321 -0.215 1.732
15 12 0.328 -0.271 1.731
15 13 0.082 -0.141 1.639
15 14 0.041 -0.514 1.654
15 15 0.042 -0.784 1.656
15 16 0.063 -0.813 1.584
15 17 0.201 -0.145 1.684
15 18 0.218 -0.528 1.681
15 19 0.215 -0.791 1.670
15 20 0.236 -0.820 1.598
16 1 0.134 -0.079 1.678
16 2 0.118 -0.037 1.718
16 3 0.098 0.230 1.745
16 4 0.129 0.446 1.748
16 5 -0.020 0.203 1.701
16 6 -0.075 -0.016 1.644
16 7 -0.082 -0.212 1.596
16 8 -0.081 -0.273 1.590
16 9 0.254 0.195 1.786
16 10 0.297 -0.030 1.773
16 11 0.319 -0.215 1.733
16 12 0.326 -0.272 1.732
16 13 0.081 -0.141 1.640
16 14 0.041 -0.513 1.654
16 15 0.042 -0.784 1.657
16 16 0.063 -0.813 1.585
16 17 0.200 -0.146 1.685
16 18 0.218 -0.528 1.681
16 19 0.214 -0.792 1.670
16 20 0.236 -0.821 1.598
17 1 0.133 -0.080 1.679
17 2 0.117 -0.037 1.719
17 3 0.097 0.231 1.745
17 4 0.129 0.447 1.748
17 5 -0.021 0.203 1.701
17 6 -0.076 -0.016 1.644
17 7 -0.083 -0.213 1.596
17 8 -0.083 -0.274 1.591
17 9 0.253 0.195 1.787
17 10 0.296 -0.030 1.775
17 11 0.317 -0.215 1.735
17 12 0.324 -0.272 1.733
17 13 0.080 -0.142 1.640
17 14 0.040 -0.513 1.654
17 15 0.042 -0.785 1.657
17 16 0.064 -0.814 1.585
17 17 0.199 -0.146 1.687
17 18 0.217 -0.527 1.682
17 19 0.213 -0.793 1.669
17 20 0.235 -0.822 1.598
18 1 0.132 -0.080 1.679
18 2 0.116 -0.037 1.720
18 3 0.095 0.233 1.747
18 4 0.129 0.448 1.749
18 5 -0.021 0.203 1.701
18 6 -0.077 -0.016 1.644
18 7 -0.084 -0.213 1.596
18 8 -0.084 -0.275 1.591
18 9 0.252 0.194 1.788
18 10 0.294 -0.031 1.777
18 11 0.315 -0.215 1.737
18 12 0.322 -0.272 1.735
18 13 0.079 -0.142 1.641
18 14 0.039 -0.515 1.655
18 15 0.042 -0.785 1.657
18 16 0.064 -0.815 1.585
18 17 0.198 -0.147 1.689
18 18 0.215 -0.526 1.683
18 19 0.213 -0.793 1.669
18 20 0.235 -0.822 1.598
19 1 0.130 -0.080 1.681
19 2 0.114 -0.037 1.721
19 3 0.093 0.234 1.748
19 4 0.129 0.449 1.749
19 5 -0.022 0.203 1.701
19 6 -0.078 -0.016 1.644
19 7 -0.085 -0.213 1.596
19 8 -0.086 -0.276 1.591
19 9 0.250 0.194 1.789
19 10 0.292 -0.031 1.780
19 11 0.313 -0.214 1.740
19 12 0.320 -0.272 1.736
19 13 0.078 -0.143 1.641
19 14 0.039 -0.516 1.655
19 15 0.042 -0.785 1.657
19 16 0.064 -0.815 1.585
19 17 0.196 -0.148 1.692
19 18 0.214 -0.527 1.685
19 19 0.212 -0.794 1.669
19 20 0.235 -0.823 1.597
20 1 0.129 -0.081 1.682
20 2 0.112 -0.037 1.723
20 3 0.090 0.238 1.750
20 4 0.129 0.452 1.750
20 5 -0.023 0.204 1.700
20 6 -0.080 -0.015 1.642
20 7 -0.086 -0.213 1.594
20 8 -0.087 -0.277 1.590
20 9 0.248 0.194 1.791
20 10 0.289 -0.031 1.787
20 11 0.311 -0.213 1.742
20 12 0.318 -0.271 1.739
20 13 0.078 -0.143 1.641
20 14 0.039 -0.519 1.656
20 15 0.042 -0.786 1.657
20 16 0.065 -0.815 1.586
20 17 0.194 -0.149 1.696
20 18 0.210 -0.531 1.689
20 19 0.212 -0.794 1.669
20 20 0.234 -0.823 1.597
21 1 0.128 -0.080 1.685
21 2 0.110 -0.036 1.725
21 3 0.088 0.241 1.751
21 4 0.131 0.454 1.751
21 5 -0.024 0.204 1.699
21 6 -0.083 -0.013 1.637
21 7 -0.087 -0.210 1.589
21 8 -0.087 -0.277 1.586
21 9 0.242 0.195 1.801
21 10 0.284 -0.030 1.800
21 11 0.308 -0.212 1.746
21 12 0.315 -0.269 1.742
21 13 0.077 -0.143 1.642
21 14 0.039 -0.523 1.657
21 15 0.042 -0.786 1.657
21 16 0.066 -0.816 1.586
21 17 0.193 -0.150 1.707
21 18 0.207 -0.535 1.695
21 19 0.211 -0.795 1.669
21 20 0.234 -0.824 1.598
22 1 0.127 -0.080 1.688
22 2 0.108 -0.035 1.727
22 3 0.086 0.244 1.752
22 4 0.136 0.458 1.753
22 5 -0.024 0.206 1.696
22 6 -0.085 -0.009 1.627
22 7 -0.085 -0.208 1.580
22 8 -0.084 -0.276 1.577
22 9 0.237 0.196 1.809
22 10 0.278 -0.028 1.814
22 11 0.302 -0.208 1.756
22 12 0.311 -0.266 1.747
22 13 0.077 -0.143 1.642
22 14 0.039 -0.526 1.658
22 15 0.042 -0.786 1.658
22 16 0.066 -0.816 1.587
22 17 0.192 -0.150 1.720
22 18 0.203 -0.541 1.703
22 19 0.207 -0.796 1.674
22 20 0.233 -0.825 1.603
23 1 0.127 -0.079 1.692
23 2 0.106 -0.033 1.730
23 3 0.084 0.251 1.753
23 4 0.143 0.464 1.755
23 5 -0.023 0.209 1.690
23 6 -0.085 -0.003 1.613
23 7 -0.078 -0.203 1.564
23 8 -0.078 -0.273 1.564
23 9 0.232 0.197 1.817
23 10 0.270 -0.026 1.837
23 11 0.295 -0.202 1.768
23 12 0.306 -0.261 1.756
23 13 0.077 -0.143 1.643
23 14 0.039 -0.528 1.659
23 15 0.041 -0.786 1.658
23 16 0.067 -0.816 1.589
23 17 0.191 -0.150 1.730
23 18 0.191 -0.513 1.728
23 19 0.207 -0.796 1.674
23 20 0.234 -0.825 1.605
24 1 0.138 -0.075 1.720
24 2 0.108 -0.027 1.743
24 3 0.084 0.258 1.753
24 4 0.159 0.471 1.761
24 5 -0.019 0.214 1.682
24 6 -0.081 0.005 1.596
24 7 -0.067 -0.199 1.545
24 8 -0.064 -0.267 1.544
24 9 0.224 0.200 1.824
24 10 0.258 -0.017 1.874
24 11 0.289 -0.196 1.786
24 12 0.300 -0.256 1.769
24 13 0.098 -0.141 1.672
24 14 0.040 -0.511 1.665
24 15 0.041 -0.786 1.659
24 16 0.070 -0.816 1.592
24 17 0.200 -0.142 1.769
24 18 0.185 -0.498 1.741
24 19 0.205 -0.794 1.680
24 20 0.236 -0.823 1.615
25 1 0.143 -0.073 1.734
25 2 0.111 -0.023 1.753
25 3 0.084 0.264 1.752
25 4 0.173 0.475 1.766
25 5 -0.014 0.220 1.674
25 6 -0.072 0.013 1.579
25 7 -0.053 -0.194 1.527
25 8 -0.048 -0.263 1.525
25 9 0.221 0.201 1.828
25 10 0.252 -0.012 1.889
25 11 0.281 -0.191 1.806
25 12 0.290 -0.252 1.793
25 13 0.108 -0.140 1.686
25 14 0.040 -0.501 1.668
25 15 0.041 -0.786 1.660
25 16 0.074 -0.815 1.595
25 17 0.205 -0.139 1.786
25 18 0.182 -0.490 1.749
25 19 0.203 -0.791 1.691
25 20 0.239 -0.820 1.629
26 1 0.148 -0.071 1.746
26 2 0.115 -0.019 1.763
26 3 0.085 0.270 1.752
26 4 0.183 0.478 1.770
26 5 -0.009 0.225 1.668
26 6 -0.060 0.020 1.563
26 7 -0.034 -0.187 1.509
26 8 -0.027 -0.258 1.505
26 9 0.218 0.202 1.831
26 10 0.247 -0.009 1.901
26 11 0.272 -0.192 1.834
26 12 0.281 -0.250 1.821
26 13 0.113 -0.139 1.696
26 14 0.039 -0.495 1.670
26 15 0.042 -0.785 1.661
26 16 0.078 -0.814 1.599
26 17 0.209 -0.133 1.802
26 18 0.178 -0.485 1.755
26 19 0.200 -0.785 1.706
26 20 0.241 -0.814 1.648
27 1 0.142 -0.063 1.742
27 2 0.113 -0.013 1.763
27 3 0.087 0.276 1.752
27 4 0.190 0.478 1.774
27 5 -0.005 0.229 1.663
27 6 -0.044 0.025 1.551
27 7 -0.015 -0.181 1.495
27 8 -0.006 -0.253 1.490
27 9 0.216 0.204 1.833
27 10 0.244 -0.006 1.907
27 11 0.264 -0.199 1.861
27 12 0.270 -0.254 1.851
27 13 0.100 -0.125 1.683
27 14 0.038 -0.491 1.672
27 15 0.041 -0.781 1.662
27 16 0.080 -0.811 1.602
27 17 0.191 -0.120 1.786
27 18 0.171 -0.478 1.762
27 19 0.195 -0.776 1.728
27 20 0.241 -0.806 1.671
28 1 0.135 -0.057 1.737
28 2 0.110 -0.008 1.762
28 3 0.089 0.281 1.752
28 4 0.197 0.477 1.779
28 5 -0.000 0.232 1.661
28 6 -0.030 0.029 1.543
28 7 0.007 -0.176 1.484
28 8 0.021 -0.247 1.477
28 9 0.215 0.206 1.835
28 10 0.242 -0.004 1.911
28 11 0.246 -0.217 1.899
28 12 0.262 -0.266 1.898
28 13 0.091 -0.118 1.675
28 14 0.028 -0.468 1.675
28 15 0.040 -0.777 1.664
28 16 0.082 -0.806 1.605
28 17 0.180 -0.115 1.775
28 18 0.167 -0.473 1.768
28 19 0.191 -0.770 1.747
28 20 0.239 -0.801 1.691
29 1 0.128 -0.056 1.732
29 2 0.107 -0.005 1.760
29 3 0.091 0.286 1.752
29 4 0.203 0.475 1.785
29 5 0.003 0.235 1.659
29 6 -0.013 0.032 1.539
29 7 0.032 -0.174 1.478
29 8 0.046 -0.245 1.471
29 9 0.214 0.208 1.836
29 10 0.241 -0.002 1.913
29 11 0.236 -0.224 1.922
29 12 0.252 -0.270 1.945
29 13 0.081 -0.115 1.676
29 14 0.022 -0.456 1.676
29 15 0.040 -0.774 1.665
29 16 0.083 -0.804 1.607
29 17 0.172 -0.113 1.765
29 18 0.162 -0.468 1.774
29 19 0.184 -0.765 1.772
29 20 0.234 -0.797 1.716
30 1 0.123 -0.056 1.730
30 2 0.103 -0.003 1.759
30 3 0.094 0.290 1.753
30 4 0.209 0.472 1.793
30 5 0.006 0.237 1.659
30 6 0.004 0.034 1.538
30 7 0.056 -0.175 1.477
30 8 0.075 -0.246 1.471
30 9 0.214 0.210 1.837
30 10 0.241 0.000 1.915
30 11 0.225 -0.225 1.947
30 12 0.249 -0.270 1.958
30 13 0.073 -0.113 1.678
30 14 0.019 -0.450 1.677
30 15 0.040 -0.771 1.666
30 16 0.084 -0.802 1.609
30 17 0.166 -0.113 1.759
30 18 0.163 -0.472 1.805
30 19 0.166 -0.760 1.810
30 20 0.216 -0.792 1.754
31 1 0.115 -0.063 1.730
31 2 0.098 -0.005 1.759
31 3 0.097 0.293 1.756
31 4 0.218 0.468 1.811
31 5 0.010 0.238 1.660
31 6 0.019 0.034 1.540
31 7 0.086 -0.177 1.485
31 8 0.108 -0.245 1.481
31 9 0.214 0.214 1.840
31 10 0.241 0.003 1.916
31 11 0.221 -0.226 1.958
31 12 0.247 -0.269 1.968
31 13 0.065 -0.114 1.684
31 14 0.024 -0.481 1.678
31 15 0.037 -0.770 1.667
31 16 0.084 -0.801 1.610
31 17 0.158 -0.123 1.755
31 18 0.165 -0.487 1.831
31 19 0.152 -0.764 1.845
31 20 0.203 -0.796 1.790
32 1 0.108 -0.070 1.732
32 2 0.092 -0.009 1.761
32 3 0.103 0.298 1.764
32 4 0.225 0.466 1.826
32 5 0.014 0.239 1.663
32 6 0.034 0.034 1.546
32 7 0.114 -0.182 1.498
32 8 0.140 -0.246 1.497
32 9 0.216 0.218 1.845
32 10 0.242 0.005 1.918
32 11 0.218 -0.225 1.966
32 12 0.247 -0.267 1.975
32 13 0.058 -0.116 1.691
32 14 0.027 -0.497 1.679
32 15 0.035 -0.769 1.668
32 16 0.083 -0.800 1.612
32 17 0.153 -0.131 1.754
32 18 0.168 -0.535 1.868
32 19 0.131 -0.773 1.898
32 20 0.200 -0.779 1.871
33 1 0.104 -0.075 1.735
33 2 0.088 -0.013 1.764
33 3 0.108 0.302 1.774
33 4 0.230 0.465 1.838
33 5 0.017 0.240 1.668
33 6 0.048 0.032 1.556
33 7 0.136 -0.184 1.515
33 8 0.163 -0.245 1.514
33 9 0.219 0.223 1.852
33 10 0.245 0.008 1.922
33 11 0.217 -0.223 1.973
33 12 0.247 -0.265 1.980
33 13 0.053 -0.118 1.696
33 14 0.030 -0.475 1.679
33 15 0.034 -0.767 1.669
33 16 0.082 -0.800 1.613
33 17 0.150 -0.138 1.756
33 18 0.166 -0.480 1.900
33 19 0.148 -0.699 1.921
33 20 0.217 -0.710 1.918
34 1 0.102 -0.079 1.740
34 2 0.085 -0.015 1.769
34 3 0.113 0.305 1.787
34 4 0.234 0.464 1.851
34 5 0.022 0.240 1.676
34 6 0.061 0.030 1.571
34 7 0.153 -0.183 1.533
34 8 0.182 -0.243 1.534
34 9 0.223 0.228 1.862
34 10 0.248 0.012 1.928
34 11 0.218 -0.220 1.979
34 12 0.248 -0.263 1.984
34 13 0.051 -0.120 1.701
34 14 0.032 -0.462 1.680
34 15 0.033 -0.765 1.670
34 16 0.082 -0.800 1.614
34 17 0.149 -0.146 1.766
34 18 0.163 -0.461 1.921
34 19 0.146 -0.670 1.949
34 20 0.222 -0.656 1.940
35 1 0.104 -0.084 1.758
35 2 0.085 -0.019 1.786
35 3 0.119 0.310 1.804
35 4 0.238 0.464 1.866
35 5 0.028 0.240 1.688
35 6 0.073 0.029 1.589
35 7 0.166 -0.182 1.553
35 8 0.195 -0.241 1.555
35 9 0.228 0.234 1.876
35 10 0.254 0.018 1.938
35 11 0.222 -0.214 1.987
35 12 0.251 -0.259 1.988
35 13 0.053 -0.124 1.749
35 14 0.033 -0.448 1.680
35 15 0.037 -0.759 1.677
35 16 0.089 -0.796 1.623
35 17 0.150 -0.149 1.773
35 18 0.160 -0.453 1.936
35 19 0.145 -0.658 1.960
35 20 0.224 -0.629 1.955
36 1 0.061 -0.082 1.754
36 2 0.047 -0.019 1.787
36 3 0.121 0.309 1.818
36 4 0.239 0.463 1.880
36 5 0.033 0.240 1.703
36 6 0.084 0.028 1.610
36 7 0.178 -0.182 1.583
36 8 0.207 -0.241 1.584
36 9 0.231 0.236 1.889
36 10 0.257 0.020 1.949
36 11 0.224 -0.212 1.994
36 12 0.252 -0.257 1.993
36 13 0.006 -0.111 1.748
36 14 0.036 -0.432 1.685
36 15 0.038 -0.751 1.682
36 16 0.090 -0.791 1.629
36 17 0.101 -0.144 1.754
36 18 0.158 -0.447 1.947
36 19 0.145 -0.651 1.971
36 20 0.133 -0.654 1.907
37 1 0.039 -0.081 1.753
37 2 0.029 -0.019 1.789
37 3 0.121 0.307 1.833
37 4 0.239 0.461 1.896
37 5 0.038 0.240 1.720
37 6 0.093 0.026 1.633
37 7 0.186 -0.184 1.609
37 8 0.214 -0.241 1.610
37 9 0.233 0.236 1.903
37 10 0.260 0.021 1.961
37 11 0.226 -0.210 2.003
37 12 0.254 -0.255 1.998
37 13 -0.019 -0.103 1.745
37 14 0.048 -0.462 1.702
37 15 0.039 -0.748 1.684
37 16 0.092 -0.788 1.632
37 17 0.074 -0.140 1.746
37 18 0.167 -0.378 1.964
37 19 0.157 -0.595 1.987
37 20 0.125 -0.600 1.914
38 1 0.013 -0.061 1.786
38 2 0.007 0.006 1.822
38 3 0.129 0.342 1.876
38 4 0.242 0.479 1.935
38 5 0.043 0.240 1.738
38 6 0.100 0.025 1.655
38 7 0.191 -0.186 1.634
38 8 0.217 -0.243 1.639
38 9 0.244 0.272 1.952
38 10 0.272 0.058 2.011
38 11 0.242 -0.169 2.047
38 12 0.268 -0.217 2.040
38 13 -0.046 -0.086 1.772
38 14 0.053 -0.436 1.721
38 15 0.042 -0.738 1.687
38 16 0.095 -0.778 1.637
38 17 0.044 -0.117 1.778
38 18 0.156 -0.299 2.025
38 19 0.149 -0.522 2.048
38 20 0.104 -0.550 1.955
39 1 0.009 -0.060 1.796
39 2 0.004 0.005 1.833
39 3 0.127 0.317 1.901
39 4 0.242 0.473 1.957
39 5 0.048 0.239 1.758
39 6 0.105 0.024 1.677
39 7 0.193 -0.189 1.657
39 8 0.218 -0.246 1.662
39 9 0.245 0.261 1.974
39 10 0.274 0.046 2.034
39 11 0.245 -0.177 2.067
39 12 0.270 -0.225 2.058
39 13 -0.052 -0.084 1.779
39 14 0.056 -0.427 1.730
39 15 0.044 -0.734 1.690
39 16 0.098 -0.774 1.640
39 17 0.044 -0.120 1.792
39 18 0.167 -0.302 2.025
39 19 0.162 -0.527 2.049
39 20 0.127 -0.584 1.938
40 1 0.012 -0.065 1.807
40 2 0.007 -0.002 1.844
40 3 0.126 0.302 1.913
40 4 0.242 0.467 1.971
40 5 0.052 0.237 1.781
40 6 0.108 0.022 1.699
40 7 0.193 -0.192 1.677
40 8 0.217 -0.250 1.684
40 9 0.245 0.250 1.989
40 10 0.274 0.036 2.049
40 11 0.246 -0.187 2.080
40 12 0.271 -0.235 2.072
40 13 -0.048 -0.088 1.784
40 14 0.060 -0.423 1.738
40 15 0.054 -0.731 1.697
40 16 0.107 -0.771 1.646
40 17 0.051 -0.130 1.813
40 18 0.174 -0.312 2.031
40 19 0.169 -0.539 2.055
40 20 0.126 -0.591 1.947
41 1 0.023 -0.072 1.824
41 2 0.016 -0.011 1.861
41 3 0.126 0.292 1.927
41 4 0.243 0.459 1.988
41 5 0.056 0.235 1.803
41 6 0.111 0.020 1.721
41 7 0.191 -0.195 1.699
41 8 0.215 -0.255 1.705
41 9 0.246 0.239 2.004
41 10 0.275 0.025 2.064
41 11 0.247 -0.198 2.095
41 12 0.272 -0.246 2.088
41 13 -0.038 -0.095 1.790
41 14 0.076 -0.430 1.760
41 15 0.063 -0.731 1.702
41 16 0.116 -0.770 1.652
41 17 0.062 -0.138 1.837
41 18 0.181 -0.332 2.035
41 19 0.104 -0.633 2.069
41 20 0.091 -0.643 1.966
42 1 0.042 -0.089 1.845
42 2 0.032 -0.032 1.881
42 3 0.126 0.252 1.945
42 4 0.242 0.439 2.005
42 5 0.061 0.234 1.822
42 6 0.113 0.018 1.743
42 7 0.188 -0.199 1.717
42 8 0.212 -0.260 1.722
42 9 0.245 0.201 2.024
42 10 0.274 -0.014 2.084
42 11 0.247 -0.237 2.117
42 12 0.273 -0.285 2.110
42 13 -0.012 -0.113 1.810
42 14 0.089 -0.438 1.776
42 15 0.076 -0.737 1.711
42 16 0.130 -0.774 1.661
42 17 0.076 -0.152 1.855
42 18 0.189 -0.393 2.012
42 19 0.061 -0.680 2.061
42 20 0.057 -0.683 1.961
43 1 0.049 -0.091 1.864
43 2 0.038 -0.035 1.900
43 3 0.131 0.253 1.967
43 4 0.246 0.433 2.024
43 5 0.065 0.233 1.841
43 6 0.116 0.016 1.763
43 7 0.184 -0.204 1.740
43 8 0.208 -0.260 1.740
43 9 0.247 0.194 2.040
43 10 0.276 -0.020 2.101
43 11 0.250 -0.244 2.134
43 12 0.275 -0.291 2.128
43 13 -0.002 -0.119 1.827
43 14 0.119 -0.475 1.807
43 15 0.091 -0.738 1.724
43 16 0.145 -0.774 1.675
43 17 0.081 -0.150 1.878
43 18 0.192 -0.400 2.025
43 19 0.054 -0.692 2.066
43 20 0.038 -0.742 2.011
44 1 0.053 -0.092 1.876
44 2 0.041 -0.035 1.912
44 3 0.134 0.257 1.980
44 4 0.250 0.431 2.038
44 5 0.071 0.231 1.859
44 6 0.119 0.014 1.782
44 7 0.181 -0.207 1.756
44 8 0.205 -0.259 1.757
44 9 0.249 0.191 2.052
44 10 0.278 -0.023 2.113
44 11 0.252 -0.247 2.146
44 12 0.277 -0.293 2.141
44 13 0.003 -0.120 1.839
44 14 0.130 -0.488 1.818
44 15 0.112 -0.739 1.746
44 16 0.166 -0.774 1.697
44 17 0.083 -0.149 1.889
44 18 0.194 -0.402 2.037
44 19 0.044 -0.705 2.069
44 20 0.074 -0.705 1.996
45 1 0.056 -0.090 1.888
45 2 0.044 -0.033 1.924
45 3 0.138 0.261 1.991
45 4 0.257 0.431 2.054
45 5 0.077 0.231 1.876
45 6 0.122 0.013 1.797
45 7 0.179 -0.209 1.770
45 8 0.204 -0.257 1.777
45 9 0.252 0.190 2.063
45 10 0.281 -0.024 2.123
45 11 0.255 -0.248 2.157
45 12 0.280 -0.294 2.153
45 13 0.006 -0.120 1.850
45 14 0.137 -0.495 1.827
45 15 0.133 -0.731 1.791
45 16 0.182 -0.768 1.728
45 17 0.085 -0.146 1.899
45 18 0.195 -0.402 2.049
45 19 0.047 -0.707 2.073
45 20 0.080 -0.711 2.001
46 1 0.059 -0.088 1.898
46 2 0.048 -0.031 1.935
46 3 0.144 0.263 2.002
46 4 0.266 0.431 2.070
46 5 0.082 0.231 1.890
46 6 0.126 0.013 1.812
46 7 0.177 -0.211 1.782
46 8 0.204 -0.256 1.789
46 9 0.256 0.190 2.074
46 10 0.285 -0.024 2.135
46 11 0.259 -0.248 2.169
46 12 0.284 -0.295 2.165
46 13 0.009 -0.119 1.859
46 14 0.141 -0.505 1.839
46 15 0.148 -0.736 1.831
46 16 0.193 -0.770 1.758
46 17 0.088 -0.144 1.909
46 18 0.196 -0.400 2.060
46 19 0.062 -0.696 2.079
46 20 0.070 -0.739 2.027
47 1 0.064 -0.097 1.909
47 2 0.054 -0.037 1.946
47 3 0.153 0.263 2.015
47 4 0.277 0.429 2.086
47 5 0.090 0.230 1.906
47 6 0.131 0.012 1.825
47 7 0.178 -0.213 1.795
47 8 0.212 -0.275 1.823
47 9 0.264 0.189 2.088
47 10 0.292 -0.025 2.148
47 11 0.266 -0.249 2.183
47 12 0.292 -0.295 2.178
47 13 0.008 -0.145 1.901
47 14 0.144 -0.512 1.848
47 15 0.088 -0.717 1.963
47 16 0.051 -0.791 2.003
47 17 0.101 -0.150 1.902
47 18 0.194 -0.392 2.079
47 19 0.067 -0.679 2.093
47 20 0.066 -0.746 2.040
48 1 0.068 -0.102 1.916
48 2 0.059 -0.041 1.954
48 3 0.170 0.270 2.034
48 4 0.292 0.430 2.102
48 5 0.098 0.230 1.919
48 6 0.137 0.012 1.837
48 7 0.181 -0.214 1.809
48 8 0.219 -0.263 1.848
48 9 0.277 0.194 2.105
48 10 0.305 -0.020 2.166
48 11 0.279 -0.245 2.201
48 12 0.305 -0.291 2.196
48 13 0.005 -0.156 1.926
48 14 0.088 -0.479 1.953
48 15 0.042 -0.703 2.074
48 16 0.031 -0.794 2.068
48 17 0.111 -0.153 1.897
48 18 0.194 -0.350 2.122
48 19 0.166 -0.625 2.025
48 20 0.114 -0.711 2.027
49 1 0.098 -0.036 1.963
49 2 0.087 0.012 1.997
49 3 0.182 0.276 2.048
49 4 0.304 0.431 2.114
49 5 0.107 0.229 1.930
49 6 0.157 0.013 1.852
49 7 0.187 -0.215 1.821
49 8 0.223 -0.260 1.859
49 9 0.289 0.199 2.121
49 10 0.317 -0.015 2.182
49 11 0.290 -0.239 2.216
49 12 0.316 -0.286 2.211
49 13 0.036 -0.097 1.905
49 14 0.047 -0.472 2.034
49 15 0.025 -0.695 2.091
49 16 0.065 -0.742 2.035
49 17 0.123 -0.113 1.988
49 18 0.197 -0.349 2.134
49 19 0.209 -0.646 2.001
49 20 0.228 -0.710 1.968
50 1 0.102 -0.050 1.980
50 2 0.094 0.008 2.015
50 3 0.191 0.279 2.057
50 4 0.314 0.431 2.123
50 5 0.115 0.228 1.939
50 6 0.166 0.011 1.863
50 7 0.197 -0.217 1.835
50 8 0.228 -0.259 1.867
50 9 0.299 0.203 2.132
50 10 0.327 -0.011 2.193
50 11 0.300 -0.236 2.228
50 12 0.326 -0.282 2.223
50 13 0.020 -0.114 1.982
50 14 0.065 -0.468 2.022
50 15 0.010 -0.716 2.104
50 16 0.014 -0.796 2.088
50 17 0.150 -0.119 1.942
50 18 0.197 -0.341 2.145
50 19 0.221 -0.636 1.999
50 20 0.170 -0.702 2.014
51 1 0.104 -0.058 1.988
51 2 0.098 0.002 2.023
51 3 0.199 0.276 2.065
51 4 0.324 0.429 2.130
51 5 0.125 0.227 1.948
51 6 0.173 0.010 1.870
51 7 0.208 -0.219 1.848
51 8 0.234 -0.260 1.873
51 9 0.307 0.203 2.142
51 10 0.336 -0.012 2.202
51 11 0.309 -0.236 2.237
51 12 0.334 -0.283 2.232
51 13 0.037 -0.112 1.953
51 14 0.069 -0.464 2.025
51 15 -0.004 -0.739 2.112
51 16 0.011 -0.809 2.101
51 17 0.146 -0.122 1.967
51 18 0.198 -0.349 2.156
51 19 0.232 -0.667 2.023
51 20 0.170 -0.729 2.034
52 1 0.104 -0.067 1.989
52 2 0.099 -0.006 2.025
52 3 0.207 0.271 2.071
52 4 0.335 0.425 2.136
52 5 0.133 0.224 1.955
52 6 0.179 0.008 1.875
52 7 0.223 -0.221 1.860
52 8 0.242 -0.262 1.878
52 9 0.315 0.201 2.149
52 10 0.344 -0.014 2.210
52 11 0.317 -0.238 2.244
52 12 0.342 -0.285 2.239
52 13 0.044 -0.111 1.948
52 14 0.074 -0.463 2.033
52 15 -0.012 -0.751 2.117
52 16 0.002 -0.818 2.118
52 17 0.142 -0.128 1.974
52 18 0.199 -0.355 2.163
52 19 0.239 -0.682 2.043
52 20 0.163 -0.746 2.050
53 1 0.104 -0.075 1.987
53 2 0.100 -0.014 2.024
53 3 0.218 0.264 2.077
53 4 0.345 0.420 2.141
53 5 0.142 0.221 1.962
53 6 0.185 0.006 1.879
53 7 0.236 -0.223 1.869
53 8 0.251 -0.265 1.882
53 9 0.325 0.197 2.156
53 10 0.353 -0.018 2.216
53 11 0.326 -0.242 2.251
53 12 0.352 -0.288 2.246
53 13 0.048 -0.111 1.944
53 14 0.085 -0.465 2.027
53 15 -0.012 -0.763 2.108
53 16 0.007 -0.828 2.111
53 17 0.139 -0.133 1.978
53 18 0.199 -0.361 2.168
53 19 0.232 -0.692 2.067
53 20 0.155 -0.755 2.061
54 1 0.105 -0.083 1.986
54 2 0.103 -0.023 2.024
54 3 0.230 0.255 2.081
54 4 0.357 0.414 2.145
54 5 0.151 0.217 1.968
54 6 0.192 0.003 1.883
54 7 0.249 -0.225 1.877
54 8 0.264 -0.270 1.887
54 9 0.336 0.191 2.162
54 10 0.365 -0.023 2.222
54 11 0.338 -0.248 2.257
54 12 0.364 -0.294 2.252
54 13 0.051 -0.113 1.944
54 14 0.105 -0.468 2.024
54 15 0.007 -0.773 2.080
54 16 0.017 -0.830 2.111
54 17 0.137 -0.139 1.981
54 18 0.199 -0.365 2.173
54 19 0.226 -0.695 2.081
54 20 0.152 -0.759 2.067
55 1 0.136 -0.097 1.980
55 2 0.129 -0.038 2.020
55 3 0.243 0.250 2.085
55 4 0.369 0.410 2.147
55 5 0.160 0.213 1.974
55 6 0.201 -0.002 1.888
55 7 0.264 -0.228 1.886
55 8 0.281 -0.284 1.895
55 9 0.349 0.187 2.167
55 10 0.378 -0.027 2.227
55 11 0.351 -0.252 2.262
55 12 0.376 -0.298 2.257
55 13 0.075 -0.122 1.947
55 14 0.154 -0.510 1.997
55 15 0.076 -0.786 2.055
55 16 0.134 -0.822 2.023
55 17 0.167 -0.150 1.976
55 18 0.262 -0.377 2.166
55 19 0.231 -0.696 2.086
55 20 0.156 -0.759 2.069
56 1 0.147 -0.102 1.978
56 2 0.140 -0.044 2.019
56 3 0.255 0.247 2.088
56 4 0.381 0.406 2.149
56 5 0.172 0.207 1.981
56 6 0.210 -0.007 1.892
56 7 0.277 -0.232 1.894
56 8 0.298 -0.297 1.906
56 9 0.361 0.184 2.170
56 10 0.390 -0.031 2.231
56 11 0.363 -0.255 2.266
56 12 0.388 -0.302 2.261
56 13 0.085 -0.126 1.948
56 14 0.195 -0.493 1.965
56 15 0.131 -0.748 2.028
56 16 0.181 -0.778 1.983
56 17 0.177 -0.155 1.975
56 18 0.278 -0.382 2.168
56 19 0.233 -0.696 2.090
56 20 0.159 -0.759 2.071
57 1 0.153 -0.106 1.978
57 2 0.146 -0.048 2.020
57 3 0.268 0.244 2.091
57 4 0.395 0.402 2.152
57 5 0.186 0.200 1.988
57 6 0.219 -0.014 1.897
57 7 0.288 -0.236 1.901
57 8 0.310 -0.306 1.914
57 9 0.374 0.180 2.174
57 10 0.403 -0.034 2.234
57 11 0.376 -0.259 2.269
57 12 0.402 -0.305 2.264
57 13 0.091 -0.130 1.951
57 14 0.212 -0.488 1.953
57 15 0.148 -0.747 2.021
57 16 0.201 -0.777 1.966
57 17 0.183 -0.159 1.975
57 18 0.288 -0.384 2.169
57 19 0.236 -0.696 2.092
57 20 0.162 -0.758 2.072
58 1 0.162 -0.115 1.984
58 2 0.157 -0.056 2.025
58 3 0.283 0.240 2.092
58 4 0.409 0.398 2.153
58 5 0.199 0.192 1.995
58 6 0.230 -0.023 1.904
58 7 0.297 -0.243 1.907
58 8 0.319 -0.312 1.921
58 9 0.388 0.176 2.176
58 10 0.417 -0.039 2.237
58 11 0.390 -0.263 2.271
58 12 0.416 -0.309 2.266
58 13 0.098 -0.136 1.959
58 14 0.252 -0.525 1.974
58 15 0.142 -0.779 2.034
58 16 0.189 -0.816 1.976
58 17 0.198 -0.181 1.989
58 18 0.351 -0.526 2.148
58 19 0.224 -0.748 2.038
58 20 0.240 -0.796 1.982
59 1 0.168 -0.121 1.989
59 2 0.165 -0.061 2.030
59 3 0.295 0.237 2.094
59 4 0.422 0.394 2.155
59 5 0.210 0.185 2.000
59 6 0.237 -0.031 1.909
59 7 0.305 -0.249 1.913
59 8 0.327 -0.315 1.928
59 9 0.402 0.172 2.178
59 10 0.430 -0.043 2.239
59 11 0.403 -0.267 2.273
59 12 0.429 -0.313 2.268
59 13 0.104 -0.140 1.966
59 14 0.259 -0.524 1.976
59 15 0.146 -0.782 2.038
59 16 0.195 -0.813 1.976
59 17 0.205 -0.190 1.995
59 18 0.382 -0.547 2.143
59 19 0.221 -0.776 2.008
59 20 0.271 -0.810 1.949
60 1 0.174 -0.127 1.998
60 2 0.172 -0.066 2.037
60 3 0.307 0.234 2.095
60 4 0.434 0.390 2.156
60 5 0.221 0.178 2.004
60 6 0.243 -0.038 1.913
60 7 0.311 -0.254 1.918
60 8 0.334 -0.316 1.934
60 9 0.414 0.168 2.180
60 10 0.442 -0.046 2.240
60 11 0.415 -0.271 2.275
60 12 0.441 -0.317 2.270
60 13 0.111 -0.147 1.984
60 14 0.265 -0.554 1.989
60 15 0.134 -0.758 2.058
60 16 0.185 -0.792 1.993
60 17 0.208 -0.196 2.000
60 18 0.382 -0.550 2.132
60 19 0.228 -0.781 1.989
60 20 0.294 -0.814 1.928
61 1 0.179 -0.133 2.011
61 2 0.179 -0.070 2.048
61 3 0.317 0.231 2.097
61 4 0.444 0.386 2.157
61 5 0.230 0.173 2.008
61 6 0.247 -0.042 1.916
61 7 0.318 -0.259 1.923
61 8 0.344 -0.318 1.942
61 9 0.425 0.164 2.181
61 10 0.453 -0.050 2.242
61 11 0.426 -0.274 2.277
61 12 0.449 -0.333 2.259
61 13 0.116 -0.151 1.997
61 14 0.244 -0.542 2.005
61 15 0.113 -0.708 2.092
61 16 0.073 -0.656 2.081
61 17 0.211 -0.203 2.013
61 18 0.392 -0.533 2.139
61 19 0.236 -0.782 1.982
61 20 0.309 -0.814 1.918
62 1 0.187 -0.136 2.032
62 2 0.188 -0.073 2.064
62 3 0.327 0.227 2.099
62 4 0.455 0.382 2.158
62 5 0.238 0.170 2.010
62 6 0.251 -0.047 1.919
62 7 0.324 -0.262 1.928
62 8 0.354 -0.320 1.949
62 9 0.435 0.161 2.183
62 10 0.464 -0.054 2.243
62 11 0.437 -0.278 2.278
62 12 0.455 -0.342 2.253
62 13 0.121 -0.154 2.009
62 14 0.231 -0.534 2.015
62 15 0.093 -0.666 2.121
62 16 0.061 -0.693 2.109
62 17 0.219 -0.208 2.047
62 18 0.400 -0.527 2.142
62 19 0.245 -0.776 1.983
62 20 0.317 -0.809 1.920
63 1 0.194 -0.138 2.051
63 2 0.197 -0.074 2.081
63 3 0.338 0.224 2.101
63 4 0.466 0.378 2.159
63 5 0.246 0.166 2.013
63 6 0.258 -0.052 1.924
63 7 0.334 -0.267 1.934
63 8 0.372 -0.324 1.958
63 9 0.446 0.157 2.184
63 10 0.475 -0.057 2.245
63 11 0.448 -0.281 2.280
63 12 0.460 -0.347 2.249
63 13 0.126 -0.156 2.021
63 14 0.204 -0.530 2.048
63 15 0.071 -0.665 2.139
63 16 0.079 -0.660 2.110
63 17 0.224 -0.211 2.073
63 18 0.403 -0.500 2.154
63 19 0.262 -0.755 1.997
63 20 0.225 -0.801 2.005
64 1 0.246 -0.175 2.125
64 2 0.245 -0.111 2.145
64 3 0.356 0.169 2.112
64 4 0.484 0.339 2.163
64 5 0.254 0.162 2.015
64 6 0.267 -0.058 1.930
64 7 0.348 -0.273 1.941
64 8 0.390 -0.329 1.967
64 9 0.469 0.102 2.195
64 10 0.497 -0.112 2.256
64 11 0.470 -0.337 2.291
64 12 0.471 -0.399 2.245
64 13 0.193 -0.211 2.120
64 14 0.189 -0.534 2.066
64 15 0.059 -0.687 2.146
64 16 0.071 -0.646 2.128
64 17 0.274 -0.241 2.145
64 18 0.418 -0.525 2.165
64 19 0.283 -0.780 2.010
64 20 0.219 -0.805 2.015
65 1 0.277 -0.198 2.170
65 2 0.275 -0.136 2.182
65 3 0.366 0.132 2.118
65 4 0.493 0.320 2.164
65 5 0.264 0.155 2.018
65 6 0.284 -0.069 1.938
65 7 0.380 -0.282 1.957
65 8 0.425 -0.335 1.985
65 9 0.479 0.077 2.200
65 10 0.495 -0.139 2.223
65 11 0.480 -0.357 2.274
65 12 0.477 -0.432 2.224
65 13 0.222 -0.234 2.164
65 14 0.156 -0.572 2.112
65 15 -0.003 -0.703 2.073
65 16 0.040 -0.663 2.106
65 17 0.305 -0.259 2.187
65 18 0.426 -0.537 2.174
65 19 0.301 -0.795 2.017
65 20 0.281 -0.830 2.000
66 1 0.315 -0.223 2.195
66 2 0.312 -0.165 2.201
66 3 0.380 0.081 2.121
66 4 0.499 0.279 2.161
66 5 0.274 0.142 2.021
66 6 0.300 -0.084 1.944
66 7 0.402 -0.293 1.967
66 8 0.449 -0.343 1.997
66 9 0.494 0.031 2.203
66 10 0.495 -0.177 2.199
66 11 0.489 -0.393 2.257
66 12 0.482 -0.476 2.208
66 13 0.265 -0.265 2.198
66 14 0.186 -0.579 2.114
66 15 -0.001 -0.696 2.102
66 16 0.044 -0.652 2.107
66 17 0.344 -0.285 2.210
66 18 0.331 -0.587 2.101
66 19 0.305 -0.868 1.999
66 20 0.317 -0.913 1.958
67 1 0.319 -0.224 2.201
67 2 0.320 -0.169 2.207
67 3 0.385 0.066 2.123
67 4 0.503 0.268 2.161
67 5 0.285 0.123 2.026
67 6 0.319 -0.103 1.954
67 7 0.433 -0.307 1.988
67 8 0.479 -0.355 2.018
67 9 0.500 0.015 2.205
67 10 0.494 -0.195 2.230
67 11 0.492 -0.393 2.259
67 12 0.483 -0.444 2.238
67 13 0.264 -0.264 2.198
67 14 0.179 -0.588 2.134
67 15 -0.028 -0.684 2.101
67 16 0.043 -0.648 2.104
67 17 0.343 -0.282 2.223
67 18 0.303 -0.606 2.078
67 19 0.309 -0.888 1.997
67 20 0.334 -0.939 1.946
68 1 0.320 -0.228 2.208
68 2 0.323 -0.173 2.210
68 3 0.389 0.058 2.123
68 4 0.506 0.260 2.160
68 5 0.293 0.099 2.033
68 6 0.339 -0.131 1.977
68 7 0.458 -0.326 2.008
68 8 0.505 -0.371 2.040
68 9 0.504 0.005 2.206
68 10 0.500 -0.188 2.290
68 11 0.543 -0.344 2.326
68 12 0.559 -0.390 2.332
68 13 0.262 -0.269 2.203
68 14 0.182 -0.593 2.144
68 15 -0.042 -0.643 2.097
68 16 0.043 -0.644 2.101
68 17 0.348 -0.288 2.237
68 18 0.279 -0.604 2.066
68 19 0.312 -0.899 1.997
68 20 0.346 -0.954 1.942
69 1 0.334 -0.244 2.224
69 2 0.336 -0.189 2.222
69 3 0.397 0.041 2.125
69 4 0.516 0.235 2.157
69 5 0.303 0.059 2.046
69 6 0.357 -0.168 2.000
69 7 0.485 -0.349 2.043
69 8 0.533 -0.393 2.076
69 9 0.511 -0.014 2.208
69 10 0.524 -0.213 2.331
69 11 0.583 -0.359 2.361
69 12 0.601 -0.405 2.373
69 13 0.279 -0.294 2.221
69 14 0.186 -0.604 2.152
69 15 -0.049 -0.628 2.094
69 16 0.044 -0.642 2.098
69 17 0.357 -0.308 2.262
69 18 0.275 -0.619 2.061
69 19 0.316 -0.912 1.998
69 20 0.353 -0.968 1.939
70 1 0.338 -0.253 2.230
70 2 0.341 -0.199 2.225
70 3 0.402 0.029 2.127
70 4 0.522 0.219 2.156
70 5 0.308 0.027 2.059
70 6 0.371 -0.200 2.025
70 7 0.505 -0.374 2.083
70 8 0.557 -0.417 2.109
70 9 0.528 -0.027 2.250
70 10 0.541 -0.231 2.357
70 11 0.633 -0.384 2.395
70 12 0.651 -0.424 2.410
70 13 0.283 -0.309 2.223
70 14 0.189 -0.613 2.157
70 15 -0.053 -0.610 2.112
70 16 0.042 -0.640 2.098
70 17 0.364 -0.323 2.278
70 18 0.274 -0.629 2.059
70 19 0.318 -0.921 1.999
70 20 0.360 -0.977 1.939
71 1 0.355 -0.296 2.247
71 2 0.357 -0.241 2.237
71 3 0.408 0.015 2.130
71 4 0.527 0.194 2.157
71 5 0.311 -0.012 2.079
71 6 0.389 -0.233 2.062
71 7 0.522 -0.400 2.115
71 8 0.570 -0.445 2.146
71 9 0.536 -0.033 2.267
71 10 0.559 -0.241 2.366
71 11 0.672 -0.422 2.411
71 12 0.672 -0.496 2.320
71 13 0.299 -0.353 2.240
71 14 0.188 -0.627 2.156
71 15 -0.057 -0.605 2.118
71 16 0.041 -0.638 2.097
71 17 0.387 -0.360 2.296
71 18 0.289 -0.644 2.066
71 19 0.316 -0.934 1.999
71 20 0.361 -0.988 1.939
72 1 0.366 -0.332 2.262
72 2 0.368 -0.273 2.248
72 3 0.418 -0.011 2.138
72 4 0.520 0.169 2.132
72 5 0.313 -0.046 2.098
72 6 0.396 -0.253 2.078
72 7 0.535 -0.419 2.148
72 8 0.581 -0.467 2.174
72 9 0.557 -0.084 2.297
72 10 0.589 -0.287 2.379
72 11 0.698 -0.460 2.420
72 12 0.692 -0.521 2.314
72 13 0.306 -0.387 2.253
72 14 0.191 -0.646 2.152
72 15 -0.055 -0.608 2.123
72 16 0.041 -0.638 2.097
72 17 0.407 -0.405 2.320
72 18 0.299 -0.661 2.069
72 19 0.312 -0.946 2.000
72 20 0.356 -1.000 1.941
73 1 0.371 -0.351 2.274
73 2 0.374 -0.294 2.258
73 3 0.426 -0.039 2.148
73 4 0.517 0.152 2.126
73 5 0.317 -0.085 2.122
73 6 0.401 -0.263 2.087
73 7 0.540 -0.427 2.162
73 8 0.589 -0.483 2.193
73 9 0.577 -0.135 2.322
73 10 0.612 -0.324 2.386
73 11 0.706 -0.476 2.422
73 12 0.714 -0.549 2.350
73 13 0.308 -0.409 2.265
73 14 0.194 -0.664 2.147
73 15 -0.049 -0.620 2.127
73 16 0.040 -0.637 2.097
73 17 0.415 -0.427 2.335
73 18 0.329 -0.685 2.095
73 19 0.264 -0.939 1.958
73 20 0.304 -0.990 1.901
74 1 0.377 -0.372 2.287
74 2 0.381 -0.311 2.268
74 3 0.432 -0.050 2.153
74 4 0.516 0.120 2.134
74 5 0.323 -0.116 2.146
74 6 0.404 -0.269 2.093
74 7 0.537 -0.433 2.175
74 8 0.592 -0.501 2.213
74 9 0.587 -0.161 2.332
74 10 0.629 -0.356 2.392
74 11 0.714 -0.500 2.426
74 12 0.726 -0.581 2.378
74 13 0.312 -0.429 2.277
74 14 0.201 -0.682 2.144
74 15 0.179 -0.774 1.961
74 16 0.220 -0.817 1.909
74 17 0.422 -0.446 2.347
74 18 0.344 -0.698 2.108
74 19 0.243 -0.936 1.938
74 20 0.279 -0.987 1.881
75 1 0.379 -0.389 2.309
75 2 0.385 -0.329 2.290
75 3 0.445 -0.066 2.167
75 4 0.517 0.084 2.158
75 5 0.332 -0.148 2.175
75 6 0.407 -0.276 2.096
75 7 0.536 -0.440 2.184
75 8 0.592 -0.510 2.224
75 9 0.594 -0.183 2.339
75 10 0.637 -0.379 2.398
75 11 0.707 -0.527 2.433
75 12 0.727 -0.600 2.395
75 13 0.310 -0.444 2.293
75 14 0.207 -0.695 2.140
75 15 0.244 -0.818 1.910
75 16 0.270 -0.869 1.850
75 17 0.421 -0.465 2.389
75 18 0.345 -0.697 2.133
75 19 0.249 -0.924 1.924
75 20 0.279 -0.976 1.869
76 1 0.385 -0.419 2.348
76 2 0.395 -0.361 2.327
76 3 0.465 -0.097 2.198
76 4 0.524 0.049 2.186
76 5 0.343 -0.174 2.199
76 6 0.414 -0.289 2.103
76 7 0.497 -0.438 2.198
76 8 0.535 -0.474 2.215
76 9 0.608 -0.220 2.356
76 10 0.641 -0.422 2.422
76 11 0.682 -0.576 2.457
76 12 0.704 -0.645 2.433
76 13 0.311 -0.476 2.332
76 14 0.211 -0.702 2.136
76 15 0.288 -0.845 1.868
76 16 0.303 -0.902 1.804
76 17 0.425 -0.485 2.421
76 18 0.350 -0.698 2.155
76 19 0.249 -0.903 1.913
76 20 0.275 -0.960 1.854
77 1 0.394 -0.450 2.348
77 2 0.403 -0.385 2.336
77 3 0.480 -0.121 2.231
77 4 0.532 0.026 2.211
77 5 0.351 -0.192 2.223
77 6 0.417 -0.296 2.107
77 7 0.486 -0.464 2.216
77 8 0.522 -0.482 2.223
77 9 0.613 -0.235 2.364
77 10 0.640 -0.443 2.440
77 11 0.657 -0.606 2.482
77 12 0.686 -0.657 2.491
77 13 0.317 -0.497 2.333
77 14 0.210 -0.713 2.127
77 15 0.275 -0.854 1.853
77 16 0.295 -0.911 1.786
77 17 0.435 -0.527 2.401
77 18 0.312 -0.661 2.116
77 19 0.301 -0.910 1.975
77 20 0.326 -0.962 1.915
78 1 0.427 -0.449 2.404
78 2 0.435 -0.392 2.388
78 3 0.495 -0.146 2.275
78 4 0.547 0.007 2.246
78 5 0.359 -0.203 2.251
78 6 0.412 -0.316 2.130
78 7 0.485 -0.488 2.232
78 8 0.517 -0.499 2.237
78 9 0.627 -0.254 2.384
78 10 0.638 -0.464 2.460
78 11 0.647 -0.629 2.493
78 12 0.680 -0.670 2.509
78 13 0.350 -0.501 2.388
78 14 0.224 -0.694 2.136
78 15 0.277 -0.806 1.884
78 16 0.290 -0.863 1.823
78 17 0.477 -0.518 2.476
78 18 0.403 -0.513 2.159
78 19 0.334 -0.713 1.974
78 20 0.318 -0.828 1.978
79 1 0.451 -0.446 2.440
79 2 0.456 -0.395 2.420
79 3 0.506 -0.161 2.310
79 4 0.557 -0.002 2.272
79 5 0.367 -0.211 2.285
79 6 0.421 -0.392 2.220
79 7 0.511 -0.536 2.255
79 8 0.543 -0.560 2.254
79 9 0.643 -0.267 2.412
79 10 0.638 -0.473 2.470
79 11 0.643 -0.639 2.500
79 12 0.678 -0.677 2.520
79 13 0.374 -0.503 2.423
79 14 0.235 -0.681 2.144
79 15 0.266 -0.782 1.897
79 16 0.292 -0.809 1.955
79 17 0.503 -0.520 2.512
79 18 0.452 -0.448 2.175
79 19 0.352 -0.669 1.976
79 20 0.309 -0.747 2.013
80 1 0.466 -0.447 2.464
80 2 0.471 -0.398 2.444
80 3 0.510 -0.167 2.337
80 4 0.563 -0.004 2.295
80 5 0.372 -0.213 2.314
80 6 0.413 -0.412 2.280
80 7 0.512 -0.548 2.270
80 8 0.543 -0.574 2.271
80 9 0.654 -0.273 2.430
80 10 0.640 -0.480 2.481
80 11 0.642 -0.649 2.500
80 12 0.676 -0.685 2.522
80 13 0.393 -0.507 2.452
80 14 0.250 -0.671 2.160
80 15 0.244 -0.749 1.926
80 16 0.298 -0.794 1.983
80 17 0.520 -0.520 2.533
80 18 0.478 -0.426 2.186
80 19 0.355 -0.655 1.969
80 20 0.295 -0.729 2.010
81 1 0.475 -0.448 2.479
81 2 0.480 -0.399 2.461
81 3 0.512 -0.166 2.371
81 4 0.566 0.001 2.326
81 5 0.376 -0.211 2.341
81 6 0.415 -0.425 2.315
81 7 0.514 -0.557 2.278
81 8 0.543 -0.581 2.282
81 9 0.661 -0.273 2.444
81 10 0.652 -0.459 2.498
81 11 0.643 -0.634 2.496
81 12 0.675 -0.680 2.519
81 13 0.402 -0.510 2.467
81 14 0.262 -0.665 2.173
81 15 0.219 -0.681 1.949
81 16 0.277 -0.742 2.011
81 17 0.531 -0.520 2.547
81 18 0.493 -0.422 2.198
81 19 0.354 -0.649 1.973
81 20 0.293 -0.732 1.998
82 1 0.481 -0.447 2.489
82 2 0.485 -0.399 2.472
82 3 0.513 -0.164 2.391
82 4 0.569 0.007 2.354
82 5 0.377 -0.206 2.368
82 6 0.417 -0.421 2.326
82 7 0.517 -0.558 2.285
82 8 0.544 -0.582 2.292
82 9 0.665 -0.272 2.458
82 10 0.655 -0.461 2.510
82 11 0.652 -0.637 2.493
82 12 0.680 -0.684 2.513
82 13 0.408 -0.511 2.476
82 14 0.272 -0.659 2.183
82 15 0.210 -0.658 1.959
82 16 0.260 -0.730 1.978
82 17 0.538 -0.520 2.556
82 18 0.499 -0.427 2.209
82 19 0.358 -0.625 1.968
82 20 0.288 -0.708 1.972
83 1 0.485 -0.447 2.497
83 2 0.489 -0.398 2.482
83 3 0.512 -0.152 2.420
83 4 0.570 0.016 2.383
83 5 0.377 -0.200 2.389
83 6 0.422 -0.417 2.338
83 7 0.531 -0.543 2.305
83 8 0.546 -0.568 2.312
83 9 0.666 -0.268 2.471
83 10 0.656 -0.463 2.519
83 11 0.622 -0.586 2.384
83 12 0.654 -0.643 2.412
83 13 0.412 -0.511 2.483
83 14 0.280 -0.655 2.192
83 15 0.205 -0.645 1.965
83 16 0.244 -0.706 1.930
83 17 0.543 -0.519 2.561
83 18 0.497 -0.438 2.218
83 19 0.360 -0.608 1.964
83 20 0.331 -0.675 1.916
84 1 0.489 -0.446 2.503
84 2 0.493 -0.397 2.489
84 3 0.511 -0.145 2.437
84 4 0.570 0.023 2.403
84 5 0.377 -0.192 2.411
84 6 0.430 -0.416 2.351
84 7 0.538 -0.540 2.314
84 8 0.551 -0.559 2.327
84 9 0.664 -0.262 2.485
84 10 0.656 -0.443 2.528
84 11 0.611 -0.569 2.344
84 12 0.638 -0.617 2.347
84 13 0.415 -0.511 2.488
84 14 0.289 -0.651 2.198
84 15 0.232 -0.636 1.964
84 16 0.254 -0.682 1.900
84 17 0.565 -0.517 2.560
84 18 0.423 -0.488 2.249
84 19 0.293 -0.637 1.976
84 20 0.289 -0.672 1.884
85 1 0.492 -0.445 2.507
85 2 0.495 -0.395 2.496
85 3 0.507 -0.133 2.458
85 4 0.571 0.033 2.433
85 5 0.375 -0.185 2.431
85 6 0.430 -0.408 2.362
85 7 0.551 -0.520 2.331
85 8 0.576 -0.543 2.340
85 9 0.661 -0.256 2.502
85 10 0.656 -0.433 2.534
85 11 0.653 -0.583 2.466
85 12 0.669 -0.621 2.428
85 13 0.417 -0.510 2.491
85 14 0.295 -0.648 2.203
85 15 0.241 -0.627 1.959
85 16 0.258 -0.666 1.869
85 17 0.575 -0.515 2.561
85 18 0.344 -0.534 2.219
85 19 0.223 -0.674 1.941
85 20 0.260 -0.668 1.830
86 1 0.494 -0.444 2.515
86 2 0.496 -0.392 2.508
86 3 0.504 -0.124 2.483
86 4 0.572 0.042 2.458
86 5 0.372 -0.178 2.455
86 6 0.428 -0.401 2.368
86 7 0.553 -0.514 2.337
86 8 0.581 -0.539 2.345
86 9 0.656 -0.252 2.518
86 10 0.656 -0.422 2.545
86 11 0.687 -0.561 2.576
86 12 0.705 -0.605 2.537
86 13 0.417 -0.508 2.497
86 14 0.299 -0.645 2.209
86 15 0.230 -0.612 1.952
86 16 0.244 -0.634 1.843
86 17 0.579 -0.515 2.562
86 18 0.300 -0.556 2.204
86 19 0.195 -0.687 1.929
86 20 0.239 -0.657 1.812
87 1 0.492 -0.441 2.527
87 2 0.493 -0.388 2.524
87 3 0.499 -0.117 2.504
87 4 0.572 0.047 2.474
87 5 0.368 -0.174 2.476
87 6 0.413 -0.386 2.380
87 7 0.533 -0.503 2.347
87 8 0.574 -0.535 2.356
87 9 0.649 -0.248 2.547
87 10 0.655 -0.416 2.553
87 11 0.702 -0.557 2.621
87 12 0.730 -0.603 2.616
87 13 0.413 -0.503 2.504
87 14 0.301 -0.641 2.217
87 15 0.217 -0.610 1.939
87 16 0.231 -0.611 1.819
87 17 0.580 -0.514 2.567
87 18 0.288 -0.557 2.203
87 19 0.179 -0.692 1.925
87 20 0.227 -0.652 1.806
88 1 0.486 -0.441 2.565
88 2 0.487 -0.386 2.561
88 3 0.493 -0.114 2.530
88 4 0.571 0.049 2.501
88 5 0.364 -0.174 2.497
88 6 0.404 -0.378 2.386
88 7 0.521 -0.498 2.352
88 8 0.563 -0.530 2.364
88 9 0.641 -0.246 2.569
88 10 0.652 -0.412 2.565
88 11 0.700 -0.565 2.635
88 12 0.736 -0.603 2.642
88 13 0.404 -0.503 2.535
88 14 0.211 -0.590 2.298
88 15 0.113 -0.571 1.986
88 16 0.134 -0.573 1.914
88 17 0.573 -0.514 2.603
88 18 0.295 -0.547 2.232
88 19 0.174 -0.693 1.938
88 20 0.215 -0.649 1.832
89 1 0.484 -0.441 2.580
89 2 0.484 -0.386 2.576
89 3 0.486 -0.116 2.563
89 4 0.569 0.049 2.517
89 5 0.357 -0.179 2.523
89 6 0.399 -0.376 2.391
89 7 0.514 -0.496 2.354
89 8 0.554 -0.527 2.370
89 9 0.634 -0.245 2.588
89 10 0.645 -0.413 2.584
89 11 0.669 -0.582 2.587
89 12 0.677 -0.635 2.574
89 13 0.399 -0.502 2.548
89 14 0.151 -0.558 2.349
89 15 0.047 -0.619 2.099
89 16 0.090 -0.609 2.013
89 17 0.570 -0.514 2.618
89 18 0.296 -0.543 2.243
89 19 0.174 -0.692 1.951
89 20 0.210 -0.648 1.851
90 1 0.474 -0.442 2.593
90 2 0.475 -0.387 2.590
90 3 0.481 -0.118 2.581
90 4 0.558 0.043 2.544
90 5 0.351 -0.185 2.541
90 6 0.394 -0.375 2.396
90 7 0.505 -0.499 2.354
90 8 0.545 -0.534 2.362
90 9 0.626 -0.244 2.615
90 10 0.642 -0.429 2.632
90 11 0.668 -0.587 2.590
90 12 0.676 -0.639 2.580
90 13 0.386 -0.502 2.559
90 14 0.129 -0.550 2.366
90 15 0.010 -0.632 2.132
90 16 0.045 -0.638 2.043
90 17 0.556 -0.516 2.632
90 18 0.298 -0.538 2.249
90 19 0.174 -0.691 1.959
90 20 0.189 -0.640 1.881
91 1 0.466 -0.447 2.608
91 2 0.467 -0.393 2.606
91 3 0.475 -0.125 2.597
91 4 0.550 0.037 2.559
91 5 0.345 -0.194 2.558
91 6 0.390 -0.376 2.400
91 7 0.496 -0.504 2.354
91 8 0.526 -0.530 2.369
91 9 0.618 -0.248 2.633
91 10 0.639 -0.439 2.658
91 11 0.678 -0.604 2.623
91 12 0.671 -0.642 2.582
91 13 0.379 -0.505 2.568
91 14 0.114 -0.551 2.376
91 15 -0.005 -0.649 2.156
91 16 0.034 -0.670 2.065
91 17 0.546 -0.521 2.652
91 18 0.310 -0.533 2.264
91 19 0.183 -0.689 1.977
91 20 0.151 -0.666 1.926
92 1 0.430 -0.446 2.607
92 2 0.443 -0.396 2.611
92 3 0.470 -0.133 2.609
92 4 0.540 0.026 2.581
92 5 0.341 -0.203 2.569
92 6 0.387 -0.380 2.405
92 7 0.491 -0.507 2.354
92 8 0.520 -0.538 2.360
92 9 0.615 -0.260 2.668
92 10 0.635 -0.443 2.669
92 11 0.696 -0.604 2.666
92 12 0.674 -0.637 2.601
92 13 0.339 -0.500 2.563
92 14 0.098 -0.570 2.368
92 15 -0.017 -0.668 2.161
92 16 0.017 -0.701 2.054
92 17 0.501 -0.527 2.640
92 18 0.299 -0.534 2.243
92 19 0.206 -0.780 2.126
92 20 0.157 -0.750 2.052
93 1 0.425 -0.454 2.618
93 2 0.436 -0.401 2.620
93 3 0.463 -0.144 2.624
93 4 0.534 0.019 2.594
93 5 0.336 -0.211 2.578
93 6 0.383 -0.385 2.410
93 7 0.490 -0.508 2.354
93 8 0.521 -0.539 2.353
93 9 0.610 -0.268 2.682
93 10 0.631 -0.446 2.676
93 11 0.698 -0.606 2.677
93 12 0.672 -0.635 2.609
93 13 0.334 -0.507 2.574
93 14 0.096 -0.578 2.368
93 15 -0.016 -0.679 2.167
93 16 0.003 -0.714 2.077
93 17 0.498 -0.534 2.650
93 18 0.307 -0.537 2.252
93 19 0.215 -0.807 2.179
93 20 0.153 -0.790 2.112
94 1 0.423 -0.458 2.624
94 2 0.431 -0.405 2.626
94 3 0.460 -0.152 2.634
94 4 0.530 0.014 2.601
94 5 0.333 -0.217 2.584
94 6 0.382 -0.389 2.414
94 7 0.489 -0.508 2.354
94 8 0.522 -0.542 2.347
94 9 0.607 -0.275 2.691
94 10 0.627 -0.450 2.679
94 11 0.700 -0.608 2.685
94 12 0.671 -0.634 2.614
94 13 0.332 -0.511 2.579
94 14 0.099 -0.587 2.367
94 15 -0.008 -0.686 2.166
94 16 0.006 -0.722 2.077
94 17 0.497 -0.538 2.655
94 18 0.310 -0.539 2.256
94 19 0.219 -0.823 2.206
94 20 0.160 -0.802 2.120
95 1 0.422 -0.462 2.628
95 2 0.429 -0.407 2.629
95 3 0.458 -0.157 2.640
95 4 0.527 0.011 2.607
95 5 0.332 -0.222 2.588
95 6 0.381 -0.393 2.418
95 7 0.500 -0.502 2.354
95 8 0.533 -0.537 2.341
95 9 0.604 -0.281 2.695
95 10 0.625 -0.454 2.682
95 11 0.666 -0.621 2.656
95 12 0.654 -0.638 2.605
95 13 0.331 -0.514 2.582
95 14 0.102 -0.594 2.365
95 15 0.109 -0.743 2.079
95 16 0.131 -0.779 2.006
95 17 0.497 -0.541 2.657
95 18 0.312 -0.543 2.258
95 19 0.231 -0.818 2.140
95 20 0.173 -0.812 2.062
96 1 0.422 -0.464 2.629
96 2 0.427 -0.410 2.632
96 3 0.456 -0.160 2.643
96 4 0.526 0.008 2.611
96 5 0.331 -0.225 2.590
96 6 0.381 -0.397 2.420
96 7 0.508 -0.498 2.354
96 8 0.542 -0.533 2.337
96 9 0.602 -0.288 2.698
96 10 0.622 -0.458 2.683
96 11 0.660 -0.626 2.652
96 12 0.649 -0.641 2.602
96 13 0.332 -0.517 2.584
96 14 0.106 -0.600 2.363
96 15 0.138 -0.763 2.059
96 16 0.161 -0.801 1.991
96 17 0.498 -0.544 2.659
96 18 0.314 -0.553 2.260
96 19 0.290 -0.826 2.227
96 20 0.234 -0.823 2.150
97 1 0.425 -0.467 2.631
97 2 0.428 -0.412 2.634
97 3 0.456 -0.163 2.645
97 4 0.526 0.006 2.613
97 5 0.332 -0.228 2.589
97 6 0.382 -0.400 2.421
97 7 0.515 -0.495 2.354
97 8 0.551 -0.530 2.335
97 9 0.601 -0.293 2.699
97 10 0.621 -0.461 2.684
97 11 0.702 -0.604 2.702
97 12 0.715 -0.635 2.691
97 13 0.335 -0.520 2.585
97 14 0.110 -0.603 2.362
97 15 0.165 -0.779 2.044
97 16 0.192 -0.817 1.979
97 17 0.505 -0.547 2.666
97 18 0.322 -0.564 2.267
97 19 0.316 -0.821 2.246
97 20 0.262 -0.821 2.167
98 1 0.389 -0.461 2.588
98 2 0.398 -0.410 2.602
98 3 0.458 -0.164 2.644
98 4 0.531 0.003 2.613
98 5 0.336 -0.231 2.586
98 6 0.383 -0.402 2.422
98 7 0.520 -0.493 2.354
98 8 0.557 -0.527 2.333
98 9 0.603 -0.298 2.700
98 10 0.621 -0.464 2.687
98 11 0.712 -0.589 2.626
98 12 0.719 -0.616 2.617
98 13 0.309 -0.499 2.547
98 14 0.103 -0.619 2.343
98 15 0.142 -0.804 2.018
98 16 0.190 -0.820 1.971
98 17 0.425 -0.552 2.591
98 18 0.276 -0.583 2.178
98 19 0.260 -0.817 2.126
98 20 0.206 -0.810 2.051
99 1 0.367 -0.456 2.560
99 2 0.382 -0.409 2.585
99 3 0.467 -0.165 2.636
99 4 0.542 0.001 2.609
99 5 0.350 -0.232 2.574
99 6 0.395 -0.407 2.417
99 7 0.529 -0.498 2.352
99 8 0.565 -0.530 2.331
99 9 0.607 -0.302 2.701
99 10 0.623 -0.468 2.689
99 11 0.695 -0.554 2.503
99 12 0.738 -0.569 2.503
99 13 0.293 -0.486 2.524
99 14 0.100 -0.628 2.331
99 15 0.137 -0.817 2.006
99 16 0.196 -0.823 1.965
99 17 0.394 -0.554 2.563
99 18 0.250 -0.584 2.146
99 19 0.256 -0.811 2.086
99 20 0.195 -0.809 2.016
100 1 0.359 -0.455 2.550
100 2 0.375 -0.408 2.577
100 3 0.477 -0.165 2.625
100 4 0.565 -0.004 2.602
100 5 0.365 -0.232 2.562
100 6 0.406 -0.411 2.412
100 7 0.569 -0.518 2.349
100 8 0.614 -0.541 2.342
100 9 0.614 -0.306 2.701
100 10 0.626 -0.472 2.687
100 11 0.716 -0.531 2.472
100 12 0.768 -0.534 2.461
100 13 0.287 -0.480 2.515
100 14 0.098 -0.634 2.323
100 15 0.132 -0.823 2.001
100 16 0.196 -0.822 1.961
100 17 0.377 -0.554 2.547
100 18 0.237 -0.584 2.129
100 19 0.239 -0.804 2.039
100 20 0.173 -0.803 1.973
101 1 0.376 -0.458 2.540
101 2 0.387 -0.410 2.569
101 3 0.497 -0.164 2.612
101 4 0.583 -0.007 2.596
101 5 0.380 -0.230 2.550
101 6 0.417 -0.413 2.407
101 7 0.585 -0.524 2.348
101 8 0.633 -0.547 2.345
101 9 0.628 -0.320 2.691
101 10 0.635 -0.481 2.682
101 11 0.729 -0.518 2.469
101 12 0.785 -0.512 2.437
101 13 0.310 -0.485 2.499
101 14 0.168 -0.627 2.144
101 15 0.145 -0.839 2.004
101 16 0.197 -0.840 1.951
101 17 0.406 -0.562 2.552
101 18 0.237 -0.582 2.136
101 19 0.234 -0.801 2.022
101 20 0.167 -0.801 1.958
102 1 0.387 -0.461 2.537
102 2 0.396 -0.412 2.566
102 3 0.516 -0.166 2.600
102 4 0.599 -0.009 2.588
102 5 0.396 -0.229 2.539
102 6 0.427 -0.415 2.404
102 7 0.593 -0.526 2.347
102 8 0.642 -0.549 2.346
102 9 0.638 -0.333 2.677
102 10 0.665 -0.498 2.655
102 11 0.762 -0.485 2.452
102 12 0.818 -0.466 2.426
102 13 0.320 -0.487 2.493
102 14 0.186 -0.630 2.094
102 15 0.158 -0.850 2.008
102 16 0.200 -0.852 1.944
102 17 0.409 -0.564 2.547
102 18 0.233 -0.583 2.132
102 19 0.231 -0.799 2.016
102 20 0.162 -0.800 1.947
103 1 0.398 -0.463 2.536
103 2 0.407 -0.413 2.564
103 3 0.534 -0.168 2.590
103 4 0.616 -0.012 2.580
103 5 0.414 -0.232 2.526
103 6 0.469 -0.421 2.391
103 7 0.606 -0.531 2.345
103 8 0.654 -0.557 2.344
103 9 0.648 -0.343 2.657
103 10 0.680 -0.506 2.642
103 11 0.793 -0.461 2.456
103 12 0.849 -0.426 2.419
103 13 0.328 -0.489 2.490
103 14 0.198 -0.629 2.069
103 15 0.168 -0.856 2.012
103 16 0.202 -0.861 1.940
103 17 0.420 -0.565 2.550
103 18 0.234 -0.584 2.143
103 19 0.231 -0.798 2.023
103 20 0.162 -0.799 1.946
104 1 0.405 -0.464 2.535
104 2 0.416 -0.414 2.563
104 3 0.555 -0.175 2.576
104 4 0.637 -0.019 2.568
104 5 0.430 -0.236 2.514
104 6 0.496 -0.430 2.382
104 7 0.622 -0.534 2.342
104 8 0.668 -0.562 2.342
104 9 0.658 -0.349 2.637
104 10 0.740 -0.503 2.588
104 11 0.846 -0.416 2.436
104 12 0.891 -0.376 2.399
104 13 0.335 -0.490 2.489
104 14 0.199 -0.628 2.070
104 15 0.176 -0.860 2.015
104 16 0.203 -0.867 1.937
104 17 0.427 -0.565 2.553
104 18 0.253 -0.585 2.148
104 19 0.228 -0.798 2.032
104 20 0.161 -0.799 1.950
105 1 0.422 -0.467 2.536
105 2 0.436 -0.417 2.562
105 3 0.574 -0.181 2.564
105 4 0.658 -0.029 2.557
105 5 0.448 -0.244 2.501
105 6 0.519 -0.439 2.376
105 7 0.644 -0.540 2.340
105 8 0.686 -0.572 2.339
105 9 0.672 -0.354 2.619
105 10 0.782 -0.506 2.549
105 11 0.883 -0.386 2.432
105 12 0.908 -0.335 2.419
105 13 0.348 -0.492 2.491
105 14 0.200 -0.628 2.078
105 15 0.076 -0.807 2.013
105 16 0.069 -0.767 1.929
105 17 0.440 -0.565 2.558
105 18 0.266 -0.586 2.153
105 19 0.224 -0.817 2.079
105 20 0.160 -0.817 1.996
106 1 0.435 -0.468 2.535
106 2 0.451 -0.418 2.560
106 3 0.592 -0.185 2.554
106 4 0.674 -0.038 2.549
106 5 0.467 -0.251 2.491
106 6 0.533 -0.443 2.372
106 7 0.656 -0.545 2.339
106 8 0.697 -0.579 2.337
106 9 0.705 -0.366 2.597
106 10 0.825 -0.507 2.537
106 11 0.897 -0.374 2.428
106 12 0.916 -0.320 2.420
106 13 0.359 -0.493 2.492
106 14 0.201 -0.626 2.083
106 15 0.073 -0.807 2.009
106 16 0.040 -0.747 1.933
106 17 0.449 -0.564 2.559
106 18 0.272 -0.585 2.154
106 19 0.222 -0.822 2.091
106 20 0.166 -0.800 2.030
107 1 0.447 -0.467 2.530
107 2 0.466 -0.417 2.554
107 3 0.617 -0.194 2.542
107 4 0.697 -0.050 2.541
107 5 0.489 -0.261 2.481
107 6 0.556 -0.452 2.370
107 7 0.674 -0.564 2.333
107 8 0.708 -0.592 2.334
107 9 0.751 -0.364 2.589
107 10 0.847 -0.505 2.525
107 11 0.907 -0.362 2.420
107 12 0.921 -0.305 2.394
107 13 0.367 -0.491 2.492
107 14 0.199 -0.623 2.094
107 15 0.044 -0.774 1.988
107 16 -0.001 -0.701 1.917
107 17 0.459 -0.561 2.554
107 18 0.278 -0.579 2.152
107 19 0.220 -0.820 2.095
107 20 0.172 -0.788 2.023
108 1 0.457 -0.466 2.525
108 2 0.477 -0.417 2.548
108 3 0.637 -0.203 2.532
108 4 0.720 -0.063 2.534
108 5 0.507 -0.271 2.474
108 6 0.573 -0.461 2.367
108 7 0.684 -0.574 2.330
108 8 0.719 -0.605 2.330
108 9 0.772 -0.363 2.583
108 10 0.860 -0.504 2.516
108 11 0.916 -0.355 2.415
108 12 0.928 -0.293 2.392
108 13 0.373 -0.489 2.491
108 14 0.162 -0.602 2.120
108 15 0.240 -0.760 2.031
108 16 0.169 -0.722 1.979
108 17 0.468 -0.558 2.545
108 18 0.285 -0.610 2.143
108 19 0.220 -0.839 2.100
108 20 0.224 -0.861 2.033
109 1 0.524 -0.466 2.526
109 2 0.540 -0.421 2.546
109 3 0.657 -0.210 2.525
109 4 0.745 -0.074 2.526
109 5 0.528 -0.281 2.468
109 6 0.586 -0.469 2.364
109 7 0.697 -0.589 2.327
109 8 0.730 -0.620 2.325
109 9 0.790 -0.360 2.574
109 10 0.909 -0.487 2.470
109 11 0.897 -0.319 2.417
109 12 0.902 -0.248 2.406
109 13 0.431 -0.498 2.494
109 14 0.200 -0.616 2.139
109 15 0.082 -0.648 1.991
109 16 0.103 -0.684 1.958
109 17 0.560 -0.546 2.553
109 18 0.325 -0.621 2.183
109 19 0.221 -0.854 2.102
109 20 0.218 -0.854 2.031
110 1 0.586 -0.496 2.520
110 2 0.598 -0.449 2.538
110 3 0.680 -0.220 2.518
110 4 0.790 -0.098 2.521
110 5 0.551 -0.291 2.464
110 6 0.593 -0.473 2.362
110 7 0.704 -0.596 2.325
110 8 0.736 -0.628 2.324
110 9 0.802 -0.359 2.567
110 10 0.927 -0.482 2.452
110 11 0.946 -0.315 2.384
110 12 0.929 -0.246 2.403
110 13 0.490 -0.531 2.487
110 14 0.214 -0.583 2.150
110 15 0.105 -0.636 1.967
110 16 0.121 -0.695 1.932
110 17 0.637 -0.569 2.551
110 18 0.357 -0.631 2.213
110 19 0.221 -0.864 2.103
110 20 0.218 -0.853 2.033
111 1 0.613 -0.511 2.516
111 2 0.622 -0.462 2.533
111 3 0.701 -0.230 2.513
111 4 0.813 -0.109 2.517
111 5 0.573 -0.306 2.459
111 6 0.598 -0.476 2.361
111 7 0.708 -0.602 2.325
111 8 0.739 -0.634 2.323
111 9 0.823 -0.366 2.549
111 10 0.976 -0.489 2.430
111 11 0.931 -0.335 2.381
111 12 0.914 -0.262 2.411
111 13 0.516 -0.547 2.483
111 14 0.220 -0.569 2.153
111 15 0.101 -0.629 1.951
111 16 0.129 -0.701 1.913
111 17 0.673 -0.582 2.549
111 18 0.368 -0.634 2.221
111 19 0.192 -0.863 2.076
111 20 0.173 -0.813 1.996
112 1 0.626 -0.518 2.515
112 2 0.635 -0.469 2.531
112 3 0.727 -0.243 2.510
112 4 0.833 -0.120 2.515
112 5 0.605 -0.326 2.455
112 6 0.610 -0.491 2.357
112 7 0.710 -0.621 2.324
112 8 0.742 -0.658 2.322
112 9 0.838 -0.375 2.539
112 10 1.010 -0.504 2.410
112 11 0.926 -0.350 2.391
112 12 0.910 -0.277 2.425
112 13 0.528 -0.554 2.482
112 14 0.238 -0.528 2.187
112 15 0.099 -0.617 1.943
112 16 0.132 -0.702 1.905
112 17 0.678 -0.589 2.547
112 18 0.375 -0.637 2.227
112 19 0.180 -0.874 2.067
112 20 0.166 -0.814 1.992
113 1 0.636 -0.524 2.513
113 2 0.647 -0.476 2.529
113 3 0.749 -0.255 2.509
113 4 0.858 -0.134 2.514
113 5 0.632 -0.338 2.452
113 6 0.633 -0.499 2.348
113 7 0.711 -0.640 2.328
113 8 0.745 -0.680 2.326
113 9 0.882 -0.403 2.538
113 10 1.023 -0.509 2.401
113 11 1.019 -0.394 2.333
113 12 1.011 -0.322 2.365
113 13 0.537 -0.559 2.481
113 14 0.243 -0.515 2.198
113 15 0.097 -0.613 1.938
113 16 0.123 -0.692 1.890
113 17 0.696 -0.598 2.543
113 18 0.392 -0.653 2.217
113 19 0.196 -0.899 2.052
113 20 0.177 -0.826 1.981
114 1 0.637 -0.527 2.507
114 2 0.653 -0.480 2.526
114 3 0.785 -0.271 2.510
114 4 0.881 -0.143 2.514
114 5 0.654 -0.346 2.452
114 6 0.647 -0.503 2.344
114 7 0.711 -0.652 2.330
114 8 0.746 -0.692 2.328
114 9 0.900 -0.417 2.538
114 10 1.032 -0.516 2.395
114 11 1.083 -0.420 2.295
114 12 1.097 -0.369 2.288
114 13 0.533 -0.553 2.469
114 14 0.247 -0.508 2.204
114 15 0.094 -0.614 1.934
114 16 0.119 -0.687 1.883
114 17 0.668 -0.600 2.523
114 18 0.386 -0.648 2.202
114 19 0.173 -0.894 2.019
114 20 0.153 -0.818 1.952
115 1 0.637 -0.530 2.503
115 2 0.657 -0.483 2.524
115 3 0.808 -0.280 2.512
115 4 0.911 -0.156 2.513
115 5 0.669 -0.353 2.453
115 6 0.673 -0.508 2.345
115 7 0.716 -0.664 2.333
115 8 0.751 -0.705 2.331
115 9 0.910 -0.424 2.536
115 10 1.039 -0.519 2.390
115 11 1.112 -0.430 2.278
115 12 1.147 -0.392 2.245
115 13 0.536 -0.553 2.466
115 14 0.253 -0.504 2.210
115 15 0.094 -0.615 1.932
115 16 0.114 -0.682 1.879
115 17 0.662 -0.603 2.517
115 18 0.384 -0.652 2.196
115 19 0.164 -0.901 2.008
115 20 0.143 -0.825 1.941
116 1 0.657 -0.536 2.506
116 2 0.683 -0.495 2.527
116 3 0.842 -0.314 2.517
116 4 0.930 -0.174 2.516
116 5 0.682 -0.359 2.457
116 6 0.688 -0.512 2.347
116 7 0.721 -0.672 2.335
116 8 0.757 -0.713 2.333
116 9 0.925 -0.443 2.534
116 10 1.051 -0.538 2.386
116 11 1.139 -0.447 2.267
116 12 1.180 -0.416 2.223
116 13 0.547 -0.554 2.467
116 14 0.268 -0.505 2.213
116 15 0.116 -0.581 1.992
116 16 0.109 -0.641 1.920
116 17 0.684 -0.613 2.529
116 18 0.397 -0.658 2.196
116 19 0.186 -0.912 2.012
116 20 0.167 -0.840 1.947
117 1 0.672 -0.532 2.518
117 2 0.698 -0.497 2.534
117 3 0.860 -0.332 2.522
117 4 0.949 -0.194 2.521
117 5 0.695 -0.366 2.463
117 6 0.707 -0.537 2.343
117 7 0.735 -0.706 2.330
117 8 0.772 -0.746 2.328
117 9 0.938 -0.457 2.534
117 10 1.062 -0.555 2.387
117 11 1.157 -0.459 2.262
117 12 1.199 -0.430 2.214
117 13 0.561 -0.538 2.494
117 14 0.293 -0.486 2.230
117 15 0.135 -0.559 2.033
117 16 0.135 -0.603 1.960
117 17 0.698 -0.611 2.545
117 18 0.411 -0.662 2.201
117 19 0.204 -0.920 2.019
117 20 0.186 -0.850 1.954
118 1 0.682 -0.531 2.530
118 2 0.709 -0.498 2.542
118 3 0.873 -0.345 2.529
118 4 0.964 -0.210 2.528
118 5 0.705 -0.373 2.468
118 6 0.717 -0.551 2.341
118 7 0.743 -0.724 2.327
118 8 0.780 -0.763 2.326
118 9 0.946 -0.439 2.547
118 10 1.075 -0.523 2.374
118 11 1.178 -0.440 2.245
118 12 1.219 -0.418 2.195
118 13 0.572 -0.537 2.511
118 14 0.306 -0.477 2.238
118 15 0.141 -0.546 2.046
118 16 0.131 -0.589 1.971
118 17 0.710 -0.604 2.562
118 18 0.426 -0.665 2.208
118 19 0.224 -0.925 2.029
118 20 0.205 -0.858 1.964
119 1 0.692 -0.535 2.538
119 2 0.717 -0.502 2.548
119 3 0.881 -0.351 2.536
119 4 0.977 -0.220 2.533
119 5 0.712 -0.382 2.475
119 6 0.723 -0.561 2.341
119 7 0.748 -0.735 2.327
119 8 0.785 -0.774 2.325
119 9 0.950 -0.431 2.552
119 10 1.083 -0.500 2.369
119 11 1.189 -0.424 2.236
119 12 1.229 -0.404 2.186
119 13 0.595 -0.563 2.517
119 14 0.322 -0.488 2.240
119 15 0.144 -0.552 2.044
119 16 0.081 -0.559 1.994
119 17 0.718 -0.603 2.569
119 18 0.437 -0.668 2.214
119 19 0.238 -0.929 2.038
119 20 0.219 -0.864 1.972
120 1 0.699 -0.518 2.570
120 2 0.726 -0.489 2.577
120 3 0.891 -0.359 2.555
120 4 0.987 -0.230 2.544
120 5 0.718 -0.388 2.484
120 6 0.727 -0.565 2.349
120 7 0.752 -0.739 2.334
120 8 0.789 -0.778 2.332
120 9 0.955 -0.427 2.560
120 10 1.090 -0.490 2.369
120 11 1.197 -0.416 2.235
120 12 1.235 -0.396 2.186
120 13 0.593 -0.542 2.534
120 14 0.328 -0.459 2.268
120 15 0.139 -0.524 2.058
120 16 0.039 -0.502 2.031
120 17 0.721 -0.580 2.612
120 18 0.456 -0.665 2.241
120 19 0.246 -0.931 2.045
120 20 0.227 -0.868 1.978
121 1 0.733 -0.507 2.606
121 2 0.757 -0.478 2.610
121 3 0.896 -0.361 2.567
121 4 0.996 -0.235 2.556
121 5 0.725 -0.391 2.497
121 6 0.729 -0.568 2.355
121 7 0.756 -0.742 2.340
121 8 0.793 -0.781 2.338
121 9 0.958 -0.423 2.568
121 10 1.095 -0.482 2.372
121 11 1.202 -0.409 2.238
121 12 1.238 -0.387 2.193
121 13 0.627 -0.533 2.591
121 14 0.411 -0.423 2.315
121 15 0.149 -0.468 2.170
121 16 0.134 -0.491 2.133
121 17 0.761 -0.558 2.628
121 18 0.483 -0.659 2.270
121 19 0.252 -0.933 2.052
121 20 0.233 -0.871 1.985
122 1 0.723 -0.506 2.623
122 2 0.753 -0.477 2.626
122 3 0.898 -0.363 2.581
122 4 1.001 -0.241 2.569
122 5 0.730 -0.392 2.508
122 6 0.731 -0.571 2.362
122 7 0.759 -0.743 2.347
122 8 0.797 -0.782 2.345
122 9 0.961 -0.420 2.579
122 10 1.098 -0.477 2.380
122 11 1.204 -0.404 2.249
122 12 1.238 -0.380 2.207
122 13 0.607 -0.524 2.596
122 14 0.394 -0.414 2.332
122 15 0.065 -0.464 2.195
122 16 0.067 -0.503 2.140
122 17 0.743 -0.560 2.653
122 18 0.489 -0.659 2.283
122 19 0.257 -0.935 2.063
122 20 0.238 -0.873 1.996
123 1 0.736 -0.510 2.637
123 2 0.760 -0.479 2.637
123 3 0.897 -0.363 2.593
123 4 1.004 -0.244 2.578
123 5 0.736 -0.393 2.524
123 6 0.735 -0.569 2.371
123 7 0.766 -0.740 2.356
123 8 0.803 -0.778 2.354
123 9 0.961 -0.418 2.590
123 10 1.100 -0.475 2.392
123 11 1.202 -0.401 2.262
123 12 1.234 -0.376 2.224
123 13 0.633 -0.533 2.616
123 14 0.427 -0.405 2.348
123 15 0.124 -0.452 2.239
123 16 0.144 -0.500 2.179
123 17 0.765 -0.564 2.668
123 18 0.501 -0.660 2.304
123 19 0.261 -0.937 2.077
123 20 0.242 -0.876 2.010
124 1 0.739 -0.512 2.646
124 2 0.762 -0.481 2.645
124 3 0.893 -0.362 2.605
124 4 1.001 -0.244 2.595
124 5 0.740 -0.394 2.537
124 6 0.737 -0.569 2.377
124 7 0.770 -0.738 2.363
124 8 0.807 -0.777 2.361
124 9 0.960 -0.418 2.601
124 10 1.099 -0.475 2.404
124 11 1.198 -0.400 2.277
124 12 1.229 -0.374 2.239
124 13 0.637 -0.534 2.624
124 14 0.436 -0.399 2.363
124 15 0.111 -0.442 2.271
124 16 0.147 -0.501 2.215
124 17 0.769 -0.564 2.677
124 18 0.506 -0.660 2.318
124 19 0.263 -0.939 2.087
124 20 0.244 -0.878 2.020
125 1 0.720 -0.479 2.686
125 2 0.742 -0.448 2.681
125 3 0.869 -0.330 2.628
125 4 1.001 -0.245 2.606
125 5 0.741 -0.395 2.549
125 6 0.741 -0.568 2.384
125 7 0.776 -0.736 2.370
125 8 0.813 -0.774 2.368
125 9 0.944 -0.397 2.625
125 10 1.084 -0.456 2.430
125 11 1.178 -0.377 2.305
125 12 1.208 -0.350 2.268
125 13 0.612 -0.510 2.663
125 14 0.381 -0.405 2.382
125 15 0.091 -0.406 2.196
125 16 0.041 -0.450 2.139
125 17 0.764 -0.515 2.728
125 18 0.526 -0.601 2.361
125 19 0.306 -0.872 2.142
125 20 0.287 -0.811 2.074
126 1 0.775 -0.549 2.684
126 2 0.788 -0.509 2.683
126 3 0.870 -0.334 2.641
126 4 0.999 -0.244 2.618
126 5 0.741 -0.396 2.559
126 6 0.758 -0.557 2.416
126 7 0.796 -0.723 2.402
126 8 0.833 -0.762 2.400
126 9 0.944 -0.398 2.639
126 10 1.084 -0.460 2.446
126 11 1.176 -0.379 2.321
126 12 1.206 -0.352 2.284
126 13 0.681 -0.596 2.646
126 14 0.405 -0.498 2.336
126 15 0.136 -0.437 2.171
126 16 0.062 -0.465 2.139
126 17 0.832 -0.600 2.730
126 18 0.557 -0.638 2.395
126 19 0.385 -0.892 2.247
126 20 0.366 -0.831 2.180
127 1 0.751 -0.584 2.621
127 2 0.765 -0.542 2.638
127 3 0.853 -0.334 2.652
127 4 0.992 -0.245 2.632
127 5 0.739 -0.396 2.567
127 6 0.776 -0.553 2.439
127 7 0.815 -0.718 2.423
127 8 0.852 -0.756 2.421
127 9 0.932 -0.398 2.652
127 10 1.072 -0.461 2.460
127 11 1.163 -0.380 2.335
127 12 1.193 -0.353 2.297
127 13 0.670 -0.619 2.584
127 14 0.413 -0.556 2.289
127 15 0.139 -0.438 2.148
127 16 0.048 -0.475 2.106
127 17 0.796 -0.636 2.637
127 18 0.517 -0.679 2.352
127 19 0.312 -0.935 2.189
127 20 0.293 -0.874 2.122
128 1 0.713 -0.563 2.651
128 2 0.734 -0.531 2.656
128 3 0.845 -0.335 2.656
128 4 0.987 -0.246 2.641
128 5 0.736 -0.395 2.574
128 6 0.787 -0.550 2.451
128 7 0.826 -0.715 2.435
128 8 0.863 -0.754 2.433
128 9 0.925 -0.399 2.659
128 10 1.064 -0.462 2.468
128 11 1.155 -0.381 2.342
128 12 1.185 -0.354 2.304
128 13 0.618 -0.581 2.618
128 14 0.372 -0.482 2.355
128 15 0.097 -0.483 2.212
128 16 0.081 -0.526 2.155
128 17 0.753 -0.613 2.687
128 18 0.506 -0.687 2.351
128 19 0.293 -0.950 2.179
128 20 0.274 -0.889 2.112
129 1 0.729 -0.586 2.609
129 2 0.745 -0.550 2.626
129 3 0.856 -0.358 2.656
129 4 0.983 -0.247 2.647
129 5 0.733 -0.394 2.579
129 6 0.794 -0.549 2.459
129 7 0.833 -0.714 2.443
129 8 0.870 -0.752 2.441
129 9 0.926 -0.410 2.664
129 10 1.065 -0.474 2.474
129 11 1.156 -0.393 2.348
129 12 1.187 -0.366 2.309
129 13 0.640 -0.611 2.562
129 14 0.394 -0.533 2.309
129 15 0.128 -0.583 2.151
129 16 0.135 -0.619 2.087
129 17 0.770 -0.649 2.633
129 18 0.490 -0.701 2.331
129 19 0.272 -0.961 2.160
129 20 0.253 -0.900 2.093
130 1 0.733 -0.595 2.590
130 2 0.747 -0.559 2.613
130 3 0.848 -0.361 2.657
130 4 0.980 -0.248 2.652
130 5 0.731 -0.394 2.582
130 6 0.798 -0.549 2.464
130 7 0.838 -0.713 2.448
130 8 0.875 -0.751 2.446
130 9 0.921 -0.413 2.667
130 10 1.059 -0.477 2.478
130 11 1.151 -0.397 2.351
130 12 1.181 -0.370 2.312
130 13 0.645 -0.618 2.541
130 14 0.403 -0.548 2.293
130 15 0.140 -0.642 2.126
130 16 0.178 -0.680 2.052
130 17 0.773 -0.660 2.606
130 18 0.481 -0.708 2.317
130 19 0.261 -0.966 2.150
130 20 0.242 -0.905 2.082
131 1 0.730 -0.556 2.629
131 2 0.743 -0.527 2.640
131 3 0.843 -0.362 2.657
131 4 0.977 -0.249 2.654
131 5 0.724 -0.395 2.584
131 6 0.800 -0.549 2.468
131 7 0.840 -0.713 2.451
131 8 0.877 -0.752 2.449
131 9 0.916 -0.415 2.670
131 10 1.055 -0.480 2.480
131 11 1.146 -0.399 2.353
131 12 1.177 -0.372 2.314
131 13 0.638 -0.576 2.619
131 14 0.382 -0.479 2.350
131 15 0.101 -0.495 2.210
131 16 0.133 -0.535 2.144
131 17 0.773 -0.611 2.638
131 18 0.490 -0.706 2.311
131 19 0.281 -0.966 2.135
131 20 0.262 -0.905 2.068
132 1 0.813 -0.385 2.663
132 2 0.822 -0.380 2.654
132 3 0.859 -0.375 2.652
132 4 0.976 -0.250 2.655
132 5 0.758 -0.431 2.587
132 6 0.845 -0.590 2.468
132 7 0.883 -0.755 2.451
132 8 0.920 -0.793 2.449
132 9 0.924 -0.426 2.668
132 10 1.062 -0.490 2.478
132 11 1.154 -0.410 2.351
132 12 1.185 -0.384 2.312
132 13 0.709 -0.384 2.654
132 14 0.471 -0.357 2.384
132 15 0.215 -0.410 2.209
132 16 0.235 -0.444 2.233
132 17 0.862 -0.350 2.693
132 18 0.568 -0.557 2.376
132 19 0.299 -0.892 2.143
132 20 0.282 -0.912 2.143
133 1 0.786 -0.399 2.682
133 2 0.802 -0.380 2.676
133 3 0.863 -0.374 2.649
133 4 0.983 -0.255 2.652
133 5 0.733 -0.431 2.577
133 6 0.838 -0.595 2.462
133 7 0.876 -0.760 2.446
133 8 0.913 -0.799 2.444
133 9 0.936 -0.439 2.664
133 10 1.068 -0.498 2.477
133 11 1.161 -0.418 2.349
133 12 1.192 -0.392 2.310
133 13 0.653 -0.429 2.707
133 14 0.432 -0.361 2.400
133 15 0.134 -0.427 2.227
133 16 0.145 -0.492 2.191
133 17 0.826 -0.436 2.683
133 18 0.567 -0.554 2.371
133 19 0.315 -0.859 2.147
133 20 0.305 -0.838 2.126
134 1 0.781 -0.396 2.690
134 2 0.797 -0.377 2.685
134 3 0.860 -0.375 2.647
134 4 0.983 -0.273 2.647
134 5 0.719 -0.429 2.572
134 6 0.828 -0.596 2.457
134 7 0.866 -0.761 2.440
134 8 0.903 -0.800 2.438
134 9 0.938 -0.447 2.663
134 10 1.070 -0.507 2.475
134 11 1.164 -0.428 2.347
134 12 1.195 -0.402 2.308
134 13 0.650 -0.420 2.724
134 14 0.417 -0.360 2.410
134 15 0.115 -0.464 2.256
134 16 0.127 -0.527 2.215
134 17 0.823 -0.436 2.688
134 18 0.573 -0.540 2.373
134 19 0.325 -0.842 2.148
134 20 0.318 -0.799 2.113
135 1 0.773 -0.409 2.692
135 2 0.790 -0.394 2.689
135 3 0.859 -0.377 2.646
135 4 0.985 -0.285 2.644
135 5 0.736 -0.365 2.611
135 6 0.832 -0.540 2.486
135 7 0.870 -0.705 2.470
135 8 0.907 -0.744 2.468
135 9 0.941 -0.464 2.661
135 10 1.073 -0.519 2.474
135 11 1.167 -0.440 2.346
135 12 1.198 -0.413 2.307
135 13 0.648 -0.426 2.686
135 14 0.404 -0.371 2.415
135 15 0.112 -0.456 2.272
135 16 0.108 -0.527 2.222
135 17 0.792 -0.492 2.721
135 18 0.574 -0.541 2.370
135 19 0.337 -0.833 2.149
135 20 0.331 -0.781 2.104
136 1 0.790 -0.461 2.678
136 2 0.802 -0.443 2.677
136 3 0.863 -0.394 2.634
136 4 0.993 -0.304 2.637
136 5 0.720 -0.389 2.593
136 6 0.819 -0.547 2.477
136 7 0.856 -0.713 2.461
136 8 0.893 -0.752 2.459
136 9 0.944 -0.478 2.662
136 10 1.077 -0.530 2.473
136 11 1.170 -0.451 2.346
136 12 1.201 -0.425 2.306
136 13 0.669 -0.539 2.602
136 14 0.408 -0.382 2.425
136 15 0.128 -0.477 2.293
136 16 0.130 -0.539 2.233
136 17 0.786 -0.541 2.786
136 18 0.563 -0.618 2.420
136 19 0.299 -0.919 2.139
136 20 0.283 -0.860 2.076
137 1 0.848 -0.445 2.654
137 2 0.853 -0.438 2.655
137 3 0.872 -0.402 2.629
137 4 1.002 -0.313 2.633
137 5 0.741 -0.355 2.615
137 6 0.825 -0.528 2.488
137 7 0.863 -0.693 2.471
137 8 0.900 -0.732 2.469
137 9 0.946 -0.486 2.663
137 10 1.079 -0.538 2.474
137 11 1.173 -0.459 2.346
137 12 1.204 -0.433 2.306
137 13 0.771 -0.493 2.519
137 14 0.496 -0.341 2.396
137 15 0.241 -0.430 2.263
137 16 0.255 -0.468 2.188
137 17 0.816 -0.560 2.790
137 18 0.568 -0.650 2.437
137 19 0.275 -0.975 2.133
137 20 0.258 -0.908 2.062
138 1 0.767 -0.463 2.653
138 2 0.798 -0.453 2.651
138 3 0.886 -0.409 2.623
138 4 1.012 -0.318 2.630
138 5 0.776 -0.366 2.613
138 6 0.842 -0.530 2.487
138 7 0.879 -0.696 2.471
138 8 0.916 -0.735 2.469
138 9 0.947 -0.492 2.663
138 10 1.081 -0.545 2.473
138 11 1.174 -0.466 2.346
138 12 1.206 -0.440 2.306
138 13 0.614 -0.470 2.563
138 14 0.310 -0.396 2.332
138 15 0.009 -0.522 2.179
138 16 0.012 -0.575 2.116
138 17 0.782 -0.531 2.774
138 18 0.606 -0.630 2.391
138 19 0.436 -0.884 2.207
138 20 0.416 -0.819 2.134
139 1 0.844 -0.448 2.663
139 2 0.851 -0.441 2.656
139 3 0.889 -0.412 2.619
139 4 1.015 -0.322 2.627
139 5 0.788 -0.367 2.612
139 6 0.851 -0.531 2.486
139 7 0.889 -0.696 2.470
139 8 0.926 -0.735 2.468
139 9 0.947 -0.496 2.663
139 10 1.082 -0.550 2.473
139 11 1.176 -0.471 2.345
139 12 1.207 -0.445 2.306
139 13 0.815 -0.443 2.620
139 14 0.490 -0.354 2.341
139 15 0.247 -0.447 2.229
139 16 0.222 -0.514 2.193
139 17 0.897 -0.509 2.838
139 18 0.661 -0.653 2.473
139 19 0.438 -0.957 2.265
139 20 0.417 -0.889 2.190
140 1 0.870 -0.383 2.611
140 2 0.873 -0.396 2.611
140 3 0.891 -0.415 2.617
140 4 1.017 -0.324 2.626
140 5 0.795 -0.372 2.608
140 6 0.858 -0.533 2.484
140 7 0.895 -0.698 2.468
140 8 0.932 -0.737 2.466
140 9 0.948 -0.499 2.662
140 10 1.083 -0.554 2.472
140 11 1.177 -0.476 2.345
140 12 1.208 -0.449 2.305
140 13 0.822 -0.301 2.555
140 14 0.543 -0.345 2.337
140 15 0.264 -0.446 2.220
140 16 0.269 -0.496 2.267
140 17 0.918 -0.379 2.609
140 18 0.647 -0.528 2.329
140 19 0.414 -0.815 2.133
140 20 0.395 -0.754 2.066
141 1 0.895 -0.331 2.579
141 2 0.897 -0.349 2.576
141 3 0.912 -0.412 2.614
141 4 1.032 -0.323 2.622
141 5 0.798 -0.378 2.601
141 6 0.863 -0.537 2.480
141 7 0.901 -0.702 2.463
141 8 0.938 -0.741 2.461
141 9 0.947 -0.501 2.655
141 10 1.084 -0.558 2.468
141 11 1.177 -0.479 2.341
141 12 1.208 -0.453 2.301
141 13 0.850 -0.245 2.533
141 14 0.570 -0.341 2.334
141 15 0.298 -0.436 2.222
141 16 0.302 -0.486 2.295
141 17 0.950 -0.312 2.597
141 18 0.664 -0.470 2.300
141 19 0.419 -0.775 2.105
141 20 0.398 -0.712 2.034
142 1 0.697 -0.393 2.544
142 2 0.737 -0.398 2.560
142 3 0.921 -0.413 2.613
142 4 1.046 -0.323 2.620
142 5 0.806 -0.364 2.607
142 6 0.873 -0.530 2.482
142 7 0.911 -0.696 2.466
142 8 0.947 -0.734 2.464
142 9 0.947 -0.499 2.644
142 10 1.084 -0.559 2.462
142 11 1.177 -0.481 2.334
142 12 1.209 -0.454 2.295
142 13 0.601 -0.343 2.496
142 14 0.259 -0.393 2.302
142 15 -0.026 -0.530 2.141
142 16 -0.009 -0.562 2.084
142 17 0.690 -0.431 2.555
142 18 0.565 -0.480 2.177
142 19 0.410 -0.744 2.073
142 20 0.391 -0.683 2.005
143 1 0.674 -0.382 2.522
143 2 0.713 -0.393 2.545
143 3 0.927 -0.412 2.614
143 4 1.053 -0.322 2.620
143 5 0.812 -0.355 2.611
143 6 0.884 -0.520 2.486
143 7 0.922 -0.685 2.470
143 8 0.959 -0.723 2.468
143 9 0.945 -0.495 2.630
143 10 1.084 -0.559 2.452
143 11 1.177 -0.480 2.325
143 12 1.208 -0.454 2.286
143 13 0.583 -0.329 2.485
143 14 0.200 -0.403 2.291
143 15 -0.040 -0.536 2.128
143 16 -0.014 -0.563 2.085
143 17 0.669 -0.428 2.536
143 18 0.514 -0.487 2.114
143 19 0.407 -0.728 2.058
143 20 0.388 -0.667 1.991
144 1 0.634 -0.402 2.522
144 2 0.677 -0.408 2.548
144 3 0.938 -0.407 2.631
144 4 1.062 -0.320 2.626
144 5 0.819 -0.343 2.621
144 6 0.896 -0.508 2.497
144 7 0.933 -0.673 2.481
144 8 0.970 -0.711 2.479
144 9 0.942 -0.492 2.616
144 10 1.082 -0.558 2.440
144 11 1.175 -0.479 2.313
144 12 1.206 -0.453 2.273
144 13 0.542 -0.345 2.472
144 14 0.136 -0.413 2.284
144 15 -0.095 -0.553 2.119
144 16 -0.067 -0.580 2.046
144 17 0.636 -0.445 2.533
144 18 0.492 -0.492 2.090
144 19 0.403 -0.721 2.049
144 20 0.384 -0.660 1.982
145 1 0.658 -0.496 2.622
145 2 0.704 -0.481 2.630
145 3 0.945 -0.404 2.635
145 4 1.070 -0.318 2.629
145 5 0.825 -0.335 2.625
145 6 0.905 -0.499 2.502
145 7 0.943 -0.664 2.485
145 8 0.980 -0.703 2.483
145 9 0.942 -0.489 2.594
145 10 1.082 -0.554 2.410
145 11 1.175 -0.476 2.282
145 12 1.206 -0.450 2.243
145 13 0.558 -0.468 2.585
145 14 0.164 -0.428 2.318
145 15 -0.041 -0.568 2.170
145 16 -0.046 -0.596 2.087
145 17 0.670 -0.561 2.662
145 18 0.508 -0.703 2.274
145 19 0.417 -0.903 2.220
145 20 0.406 -0.925 2.155
146 1 0.634 -0.521 2.636
146 2 0.688 -0.504 2.648
146 3 0.949 -0.403 2.637
146 4 1.080 -0.319 2.626
146 5 0.828 -0.330 2.627
146 6 0.910 -0.494 2.503
146 7 0.948 -0.659 2.487
146 8 0.985 -0.698 2.485
146 9 0.939 -0.488 2.585
146 10 1.080 -0.554 2.400
146 11 1.173 -0.476 2.273
146 12 1.204 -0.449 2.233
146 13 0.520 -0.494 2.654
146 14 0.168 -0.438 2.348
146 15 -0.035 -0.578 2.196
146 16 -0.036 -0.605 2.112
146 17 0.613 -0.594 2.618
146 18 0.500 -0.756 2.305
146 19 0.404 -0.990 2.264
146 20 0.397 -1.023 2.190
147 1 0.502 -0.583 2.479
147 2 0.557 -0.563 2.512
147 3 0.861 -0.457 2.598
147 4 1.017 -0.371 2.593
147 5 0.788 -0.396 2.561
147 6 0.880 -0.547 2.449
147 7 0.918 -0.712 2.433
147 8 0.955 -0.751 2.431
147 9 0.857 -0.534 2.560
147 10 0.997 -0.599 2.370
147 11 1.090 -0.521 2.243
147 12 1.121 -0.495 2.204
147 13 0.367 -0.569 2.398
147 14 0.037 -0.550 2.166
147 15 0.156 -0.592 2.316
147 16 0.089 -0.599 2.249
147 17 0.547 -0.635 2.532
147 18 0.511 -0.805 2.359
147 19 0.368 -1.085 2.345
147 20 0.387 -1.139 2.274
148 1 0.620 -0.432 2.536
148 2 0.671 -0.434 2.556
148 3 0.930 -0.441 2.575
148 4 1.057 -0.375 2.565
148 5 0.860 -0.389 2.528
148 6 0.946 -0.554 2.404
148 7 0.983 -0.719 2.387
148 8 1.020 -0.757 2.385
148 9 0.881 -0.536 2.541
148 10 1.020 -0.600 2.350
148 11 1.113 -0.522 2.223
148 12 1.144 -0.496 2.184
148 13 0.545 -0.389 2.506
148 14 0.143 -0.450 2.255
148 15 -0.020 -0.558 2.166
148 16 -0.020 -0.594 2.102
148 17 0.627 -0.471 2.559
148 18 0.499 -0.597 2.207
148 19 0.368 -0.834 2.121
148 20 0.356 -0.779 2.045
149 1 0.479 -0.636 2.499
149 2 0.486 -0.607 2.518
149 3 0.517 -0.445 2.523
149 4 0.699 -0.376 2.514
149 5 0.371 -0.464 2.452
149 6 0.494 -0.625 2.329
149 7 0.532 -0.790 2.312
149 8 0.569 -0.828 2.310
149 9 0.538 -0.537 2.498
149 10 0.676 -0.600 2.307
149 11 0.769 -0.522 2.180
149 12 0.800 -0.496 2.141
149 13 0.360 -0.703 2.404
149 14 0.008 -0.684 2.168
149 15 -0.142 -0.600 2.087
149 16 -0.167 -0.622 2.027
149 17 0.572 -0.687 2.578
149 18 0.519 -0.721 2.321
149 19 0.382 -0.985 2.260
149 20 0.402 -1.000 2.193
150 1 0.447 -0.643 2.435
150 2 0.442 -0.616 2.461
150 3 0.465 -0.452 2.504
150 4 0.610 -0.383 2.493
150 5 0.331 -0.482 2.421
150 6 0.416 -0.647 2.296
150 7 0.454 -0.812 2.280
150 8 0.490 -0.850 2.278
150 9 0.437 -0.542 2.479
150 10 0.574 -0.605 2.287
150 11 0.667 -0.527 2.160
150 12 0.698 -0.501 2.121
150 13 0.327 -0.671 2.296
150 14 -0.043 -0.682 2.065
150 15 0.124 -0.623 2.248
150 16 0.050 -0.624 2.193
150 17 0.572 -0.711 2.529
150 18 0.527 -0.741 2.346
150 19 0.396 -1.021 2.304
150 20 0.435 -1.051 2.244
151 1 0.616 -0.522 2.607
151 2 0.581 -0.504 2.603
151 3 0.440 -0.447 2.511
151 4 0.545 -0.382 2.485
151 5 0.291 -0.512 2.415
151 6 0.336 -0.681 2.278
151 7 0.374 -0.845 2.262
151 8 0.411 -0.884 2.260
151 9 0.383 -0.541 2.474
151 10 0.522 -0.604 2.283
151 11 0.615 -0.526 2.156
151 12 0.646 -0.500 2.117
151 13 0.611 -0.521 2.587
151 14 0.236 -0.483 2.310
151 15 0.054 -0.614 2.200
151 16 0.039 -0.640 2.152
151 17 0.702 -0.555 2.674
151 18 0.533 -0.751 2.360
151 19 0.403 -1.026 2.313
151 20 0.424 -0.996 2.249
152 1 0.517 -0.457 2.399
152 2 0.519 -0.475 2.433
152 3 0.615 -0.458 2.553
152 4 0.717 -0.386 2.533
152 5 0.301 -0.479 2.443
152 6 0.349 -0.657 2.303
152 7 0.387 -0.822 2.287
152 8 0.424 -0.860 2.285
152 9 0.557 -0.547 2.520
152 10 0.695 -0.610 2.330
152 11 0.788 -0.532 2.203
152 12 0.819 -0.506 2.163
152 13 0.361 -0.436 2.288
152 14 0.025 -0.479 2.086
152 15 -0.141 -0.607 2.082
152 16 -0.188 -0.624 2.034
152 17 0.607 -0.456 2.384
152 18 0.470 -0.617 2.156
152 19 0.379 -0.833 2.139
152 20 0.368 -0.770 2.072
153 1 0.524 -0.528 2.408
153 2 0.503 -0.521 2.429
153 3 0.456 -0.458 2.522
153 4 0.609 -0.388 2.511
153 5 0.299 -0.477 2.445
153 6 0.345 -0.653 2.309
153 7 0.383 -0.817 2.293
153 8 0.420 -0.856 2.291
153 9 0.447 -0.548 2.500
153 10 0.585 -0.611 2.309
153 11 0.678 -0.533 2.182
153 12 0.709 -0.507 2.142
153 13 0.402 -0.513 2.291
153 14 0.039 -0.479 2.076
153 15 -0.164 -0.610 2.061
153 16 -0.154 -0.650 2.007
153 17 0.663 -0.598 2.467
153 18 0.521 -0.720 2.301
153 19 0.403 -1.063 2.287
153 20 0.437 -1.118 2.260
154 1 0.560 -0.460 2.375
154 2 0.581 -0.475 2.407
154 3 0.782 -0.465 2.554
154 4 0.884 -0.392 2.540
154 5 0.295 -0.475 2.448
154 6 0.342 -0.648 2.315
154 7 0.380 -0.813 2.299
154 8 0.417 -0.851 2.297
154 9 0.723 -0.554 2.526
154 10 0.861 -0.617 2.336
154 11 0.954 -0.539 2.209
154 12 0.985 -0.513 2.170
154 13 0.360 -0.435 2.256
154 14 0.000 -0.451 2.037
154 15 -0.206 -0.607 2.033
154 16 -0.175 -0.660 1.970
154 17 0.656 -0.477 2.375
154 18 0.479 -0.609 2.170
154 19 0.378 -0.843 2.127
154 20 0.366 -0.782 2.057
155 1 0.579 -0.434 2.365
155 2 0.616 -0.457 2.396
155 3 0.812 -0.469 2.558
155 4 0.954 -0.396 2.548
155 5 0.298 -0.471 2.453
155 6 0.369 -0.639 2.325
155 7 0.407 -0.804 2.309
155 8 0.443 -0.842 2.307
155 9 0.795 -0.558 2.534
155 10 0.933 -0.621 2.344
155 11 1.026 -0.543 2.217
155 12 1.057 -0.517 2.178
155 13 0.335 -0.404 2.245
155 14 -0.017 -0.439 2.022
155 15 -0.206 -0.606 2.033
155 16 -0.175 -0.662 1.961
155 17 0.647 -0.435 2.343
155 18 0.461 -0.550 2.110
155 19 0.371 -0.785 2.080
155 20 0.353 -0.729 2.019
156 1 0.609 -0.439 2.486
156 2 0.624 -0.459 2.495
156 3 0.686 -0.459 2.567
156 4 0.868 -0.388 2.559
156 5 0.321 -0.466 2.459
156 6 0.386 -0.634 2.331
156 7 0.424 -0.799 2.314
156 8 0.461 -0.837 2.312
156 9 0.707 -0.550 2.544
156 10 0.845 -0.613 2.354
156 11 0.938 -0.535 2.227
156 12 0.969 -0.509 2.188
156 13 0.354 -0.410 2.242
156 14 -0.023 -0.433 2.013
156 15 -0.206 -0.606 2.032
156 16 -0.173 -0.663 1.957
156 17 0.643 -0.428 2.482
156 18 0.460 -0.525 2.097
156 19 0.367 -0.752 2.056
156 20 0.343 -0.683 1.989
157 1 0.523 -0.417 2.362
157 2 0.514 -0.440 2.382
157 3 0.504 -0.458 2.528
157 4 0.685 -0.386 2.525
157 5 0.330 -0.464 2.461
157 6 0.397 -0.631 2.334
157 7 0.435 -0.796 2.318
157 8 0.472 -0.835 2.316
157 9 0.524 -0.547 2.510
157 10 0.662 -0.611 2.320
157 11 0.755 -0.533 2.193
157 12 0.786 -0.507 2.154
157 13 0.358 -0.388 2.213
157 14 -0.025 -0.429 2.005
157 15 -0.214 -0.604 2.029
157 16 -0.171 -0.663 1.955
157 17 0.628 -0.394 2.376
157 18 0.455 -0.516 2.082
157 19 0.365 -0.733 2.041
157 20 0.338 -0.660 1.973
158 1 0.574 -0.409 2.496
158 2 0.557 -0.424 2.476
158 3 0.495 -0.457 2.530
158 4 0.634 -0.384 2.520
158 5 0.336 -0.462 2.463
158 6 0.404 -0.630 2.336
158 7 0.442 -0.795 2.320
158 8 0.479 -0.833 2.318
158 9 0.474 -0.546 2.505
158 10 0.612 -0.609 2.315
158 11 0.705 -0.531 2.188
158 12 0.736 -0.505 2.149
158 13 0.592 -0.374 2.424
158 14 0.171 -0.417 2.213
158 15 -0.054 -0.573 2.104
158 16 -0.047 -0.611 2.160
158 17 0.690 -0.404 2.570
158 18 0.489 -0.501 2.150
158 19 0.364 -0.725 2.037
158 20 0.336 -0.652 1.969
159 1 0.599 -0.431 2.459
159 2 0.613 -0.453 2.465
159 3 0.779 -0.474 2.552
159 4 0.881 -0.399 2.538
159 5 0.340 -0.462 2.464
159 6 0.409 -0.629 2.337
159 7 0.447 -0.794 2.321
159 8 0.484 -0.832 2.319
159 9 0.721 -0.561 2.524
159 10 0.859 -0.624 2.334
159 11 0.952 -0.546 2.207
159 12 0.983 -0.520 2.167
159 13 0.380 -0.425 2.259
159 14 0.029 -0.455 2.072
159 15 -0.143 -0.595 2.060
159 16 -0.121 -0.649 2.012
159 17 0.646 -0.427 2.491
159 18 0.493 -0.498 2.156
159 19 0.364 -0.728 2.041
159 20 0.337 -0.657 1.974
160 1 0.479 -0.462 2.570
160 2 0.491 -0.451 2.565
160 3 0.512 -0.456 2.526
160 4 0.693 -0.387 2.519
160 5 0.342 -0.462 2.464
160 6 0.413 -0.628 2.338
160 7 0.451 -0.793 2.322
160 8 0.487 -0.832 2.320
160 9 0.532 -0.549 2.504
160 10 0.670 -0.612 2.314
160 11 0.763 -0.534 2.187
160 12 0.794 -0.508 2.148
160 13 0.422 -0.428 2.250
160 14 0.039 -0.464 2.060
160 15 -0.145 -0.597 2.057
160 16 -0.118 -0.649 2.010
160 17 0.650 -0.404 2.601
160 18 0.506 -0.499 2.194
160 19 0.364 -0.736 2.050
160 20 0.340 -0.670 1.984
161 1 0.478 -0.431 2.374
161 2 0.470 -0.446 2.400
161 3 0.482 -0.456 2.521
161 4 0.625 -0.383 2.511
161 5 0.343 -0.462 2.464
161 6 0.415 -0.628 2.339
161 7 0.453 -0.793 2.322
161 8 0.490 -0.831 2.320
161 9 0.464 -0.544 2.496
161 10 0.602 -0.608 2.307
161 11 0.695 -0.530 2.179
161 12 0.726 -0.504 2.140
161 13 0.395 -0.425 2.229
161 14 0.019 -0.469 2.035
161 15 -0.166 -0.601 2.049
161 16 -0.133 -0.657 1.989
161 17 0.603 -0.419 2.380
161 18 0.475 -0.542 2.147
161 19 0.365 -0.745 2.059
161 20 0.342 -0.681 1.995
162 1 0.404 -0.512 2.335
162 2 0.404 -0.507 2.374
162 3 0.450 -0.454 2.518
162 4 0.601 -0.381 2.508
162 5 0.343 -0.463 2.463
162 6 0.417 -0.628 2.339
162 7 0.455 -0.793 2.323
162 8 0.492 -0.831 2.321
162 9 0.440 -0.543 2.493
162 10 0.578 -0.606 2.304
162 11 0.671 -0.528 2.177
162 12 0.702 -0.502 2.137
162 13 0.331 -0.491 2.219
162 14 -0.038 -0.500 2.005
162 15 -0.176 -0.602 2.039
162 16 -0.142 -0.661 1.978
162 17 0.484 -0.553 2.318
162 18 0.347 -0.700 2.055
162 19 0.208 -0.864 1.848
162 20 0.234 -0.901 1.805
163 1 0.528 -0.542 2.382
163 2 0.564 -0.546 2.420
163 3 0.780 -0.495 2.551
163 4 0.882 -0.417 2.537
163 5 0.343 -0.464 2.463
163 6 0.419 -0.628 2.339
163 7 0.456 -0.792 2.323
163 8 0.493 -0.831 2.321
163 9 0.722 -0.579 2.522
163 10 0.859 -0.642 2.332
163 11 0.952 -0.564 2.205
163 12 0.983 -0.538 2.166
163 13 0.308 -0.533 2.257
163 14 -0.051 -0.511 2.002
163 15 0.106 -0.562 2.156
163 16 0.038 -0.595 2.099
163 17 0.577 -0.586 2.370
163 18 0.405 -0.759 2.128
163 19 0.287 -1.011 2.045
163 20 0.309 -1.074 1.997
164 1 0.478 -0.561 2.334
164 2 0.516 -0.567 2.375
164 3 0.739 -0.506 2.517
164 4 0.883 -0.433 2.507
164 5 0.342 -0.464 2.462
164 6 0.419 -0.628 2.339
164 7 0.457 -0.793 2.323
164 8 0.494 -0.831 2.321
164 9 0.722 -0.595 2.492
164 10 0.860 -0.658 2.303
164 11 0.953 -0.580 2.175
164 12 0.984 -0.554 2.136
164 13 0.288 -0.547 2.255
164 14 -0.063 -0.517 1.997
164 15 0.124 -0.553 2.152
164 16 0.048 -0.584 2.098
164 17 0.506 -0.625 2.314
164 18 0.320 -0.807 2.054
164 19 0.183 -0.919 1.858
164 20 0.207 -0.988 1.812
165 1 0.541 -0.475 2.515
165 2 0.558 -0.484 2.533
165 3 0.681 -0.469 2.556
165 4 0.859 -0.410 2.535
165 5 0.604 -0.446 2.565
165 6 0.650 -0.613 2.426
165 7 0.688 -0.778 2.410
165 8 0.725 -0.816 2.408
165 9 0.698 -0.571 2.520
165 10 0.836 -0.635 2.330
165 11 0.929 -0.557 2.203
165 12 0.960 -0.531 2.164
165 13 0.364 -0.466 2.338
165 14 -0.015 -0.495 2.053
165 15 -0.160 -0.596 2.046
165 16 -0.115 -0.645 2.000
165 17 0.468 -0.490 2.640
165 18 0.454 -0.635 2.316
165 19 0.337 -0.828 2.288
165 20 0.328 -0.789 2.231
166 1 0.598 -0.510 2.484
166 2 0.620 -0.519 2.506
166 3 0.750 -0.489 2.522
166 4 0.891 -0.417 2.522
166 5 0.648 -0.448 2.575
166 6 0.732 -0.613 2.451
166 7 0.770 -0.777 2.435
166 8 0.807 -0.816 2.433
166 9 0.730 -0.579 2.507
166 10 0.868 -0.642 2.318
166 11 0.961 -0.564 2.191
166 12 0.992 -0.538 2.151
166 13 0.377 -0.501 2.300
166 14 -0.002 -0.496 2.059
166 15 -0.152 -0.595 2.042
166 16 -0.109 -0.645 1.995
166 17 0.453 -0.589 2.555
166 18 0.363 -0.716 2.199
166 19 0.205 -0.966 2.025
166 20 0.190 -0.919 1.960
167 1 0.354 -0.440 2.533
167 2 0.377 -0.454 2.544
167 3 0.506 -0.460 2.522
167 4 0.687 -0.391 2.515
167 5 0.451 -0.426 2.592
167 6 0.547 -0.573 2.432
167 7 0.587 -0.736 2.412
167 8 0.624 -0.775 2.410
167 9 0.526 -0.553 2.500
167 10 0.664 -0.616 2.311
167 11 0.757 -0.539 2.183
167 12 0.788 -0.513 2.144
167 13 0.408 -0.456 2.293
167 14 0.014 -0.487 2.064
167 15 0.172 -0.522 2.164
167 16 0.101 -0.559 2.115
167 17 0.571 -0.510 2.770
167 18 0.441 -0.615 2.376
167 19 0.324 -0.849 2.306
167 20 0.302 -0.782 2.237
168 1 0.535 -0.475 2.535
168 2 0.541 -0.482 2.553
168 3 0.605 -0.454 2.554
168 4 0.726 -0.387 2.530
168 5 0.547 -0.422 2.628
168 6 0.645 -0.569 2.464
168 7 0.684 -0.732 2.444
168 8 0.721 -0.771 2.442
168 9 0.565 -0.549 2.516
168 10 0.703 -0.612 2.326
168 11 0.796 -0.535 2.199
168 12 0.827 -0.509 2.160
168 13 0.410 -0.471 2.285
168 14 0.020 -0.487 2.066
168 15 -0.144 -0.587 2.032
168 16 -0.106 -0.647 1.992
168 17 0.471 -0.600 2.555
168 18 0.356 -0.703 2.185
168 19 0.272 -0.808 1.966
168 20 0.287 -0.831 1.923
169 1 0.466 -0.467 2.533
169 2 0.461 -0.474 2.543
169 3 0.493 -0.451 2.535
169 4 0.628 -0.381 2.518
169 5 0.376 -0.431 2.513
169 6 0.507 -0.568 2.367
169 7 0.547 -0.732 2.346
169 8 0.584 -0.770 2.344
169 9 0.468 -0.543 2.503
169 10 0.605 -0.606 2.314
169 11 0.698 -0.528 2.187
169 12 0.729 -0.503 2.148
169 13 0.387 -0.489 2.251
169 14 0.009 -0.492 2.051
169 15 -0.150 -0.586 2.026
169 16 -0.119 -0.648 1.988
169 17 0.449 -0.650 2.517
169 18 0.334 -0.719 2.138
169 19 0.266 -0.784 1.909
169 20 0.304 -0.801 1.870
170 1 0.437 -0.409 2.559
170 2 0.440 -0.413 2.548
170 3 0.436 -0.450 2.525
170 4 0.590 -0.378 2.514
170 5 0.339 -0.448 2.487
170 6 0.441 -0.586 2.309
170 7 0.481 -0.750 2.287
170 8 0.517 -0.788 2.285
170 9 0.430 -0.540 2.499
170 10 0.567 -0.603 2.309
170 11 0.660 -0.525 2.182
170 12 0.691 -0.500 2.143
170 13 0.416 -0.518 2.238
170 14 0.022 -0.499 2.047
170 15 -0.204 -0.599 2.008
170 16 -0.159 -0.662 1.969
170 17 0.604 -0.592 2.718
170 18 0.491 -0.761 2.303
170 19 0.415 -0.941 2.235
170 20 0.392 -0.999 2.275
171 1 0.539 -0.497 2.463
171 2 0.557 -0.503 2.479
171 3 0.680 -0.483 2.508
171 4 0.782 -0.405 2.499
171 5 0.451 -0.445 2.522
171 6 0.515 -0.586 2.332
171 7 0.556 -0.749 2.310
171 8 0.592 -0.788 2.308
171 9 0.621 -0.566 2.484
171 10 0.759 -0.629 2.295
171 11 0.851 -0.552 2.168
171 12 0.882 -0.526 2.128
171 13 0.401 -0.515 2.269
171 14 0.023 -0.501 2.047
171 15 0.155 -0.550 2.173
171 16 0.083 -0.582 2.121
171 17 0.491 -0.604 2.489
171 18 0.369 -0.757 2.125
171 19 0.278 -0.834 1.909
171 20 0.286 -0.884 1.869
172 1 0.527 -0.532 2.438
172 2 0.565 -0.529 2.465
172 3 0.822 -0.494 2.562
172 4 0.926 -0.418 2.539
172 5 0.453 -0.446 2.518
172 6 0.538 -0.587 2.334
172 7 0.578 -0.750 2.313
172 8 0.614 -0.788 2.311
172 9 0.765 -0.579 2.524
172 10 0.903 -0.643 2.335
172 11 0.996 -0.565 2.208
172 12 1.027 -0.539 2.169
172 13 0.340 -0.539 2.325
172 14 0.004 -0.510 2.058
172 15 0.131 -0.564 2.185
172 16 0.067 -0.590 2.134
172 17 0.570 -0.624 2.446
172 18 0.467 -0.765 2.235
172 19 0.351 -1.071 2.234
172 20 0.369 -1.115 2.169
173 1 0.482 -0.552 2.358
173 2 0.524 -0.555 2.396
173 3 0.764 -0.511 2.509
173 4 0.940 -0.430 2.521
173 5 0.478 -0.445 2.525
173 6 0.563 -0.586 2.346
173 7 0.603 -0.749 2.324
173 8 0.640 -0.787 2.322
173 9 0.779 -0.591 2.506
173 10 0.916 -0.655 2.317
173 11 1.009 -0.577 2.190
173 12 1.040 -0.551 2.151
173 13 0.312 -0.525 2.318
173 14 -0.013 -0.510 2.054
173 15 0.175 -0.555 2.204
173 16 0.089 -0.575 2.147
173 17 0.499 -0.593 2.340
173 18 0.353 -0.764 2.080
173 19 0.219 -0.910 1.867
173 20 0.240 -0.972 1.815
174 1 0.452 -0.562 2.317
174 2 0.497 -0.566 2.366
174 3 0.720 -0.473 2.552
174 4 0.901 -0.408 2.543
174 5 0.493 -0.443 2.532
174 6 0.578 -0.585 2.353
174 7 0.618 -0.748 2.331
174 8 0.654 -0.787 2.329
174 9 0.741 -0.569 2.528
174 10 0.878 -0.632 2.338
174 11 0.971 -0.555 2.211
174 12 1.002 -0.529 2.172
174 13 0.299 -0.523 2.317
174 14 -0.024 -0.510 2.051
174 15 0.198 -0.552 2.214
174 16 0.089 -0.572 2.145
174 17 0.472 -0.581 2.299
174 18 0.316 -0.765 2.025
174 19 0.197 -0.923 1.832
174 20 0.227 -0.988 1.773
175 1 0.404 -0.561 2.292
175 2 0.446 -0.562 2.350
175 3 0.690 -0.464 2.562
175 4 0.839 -0.395 2.572
175 5 0.508 -0.442 2.538
175 6 0.593 -0.585 2.360
175 7 0.633 -0.748 2.339
175 8 0.669 -0.786 2.337
175 9 0.698 -0.555 2.540
175 10 0.835 -0.618 2.350
175 11 0.928 -0.541 2.223
175 12 0.959 -0.515 2.184
175 13 0.291 -0.521 2.311
175 14 -0.034 -0.511 2.048
175 15 0.164 -0.542 2.185
175 16 0.087 -0.565 2.141
175 17 0.449 -0.574 2.287
175 18 0.292 -0.764 1.995
175 19 0.167 -0.896 1.755
175 20 0.204 -0.948 1.688
176 1 0.389 -0.554 2.294
176 2 0.424 -0.556 2.347
176 3 0.685 -0.458 2.569
176 4 0.849 -0.394 2.580
176 5 0.560 -0.426 2.578
176 6 0.651 -0.569 2.406
176 7 0.691 -0.732 2.385
176 8 0.728 -0.771 2.383
176 9 0.680 -0.549 2.544
176 10 0.818 -0.612 2.355
176 11 0.911 -0.535 2.228
176 12 0.942 -0.509 2.189
176 13 0.289 -0.519 2.305
176 14 -0.040 -0.511 2.046
176 15 -0.110 -0.647 1.999
176 16 -0.058 -0.668 1.973
176 17 0.437 -0.569 2.291
176 18 0.280 -0.764 1.978
176 19 0.155 -0.888 1.726
176 20 0.197 -0.935 1.662
177 1 0.400 -0.547 2.311
177 2 0.437 -0.553 2.359
177 3 0.705 -0.489 2.526
177 4 0.857 -0.416 2.559
177 5 0.586 -0.417 2.599
177 6 0.674 -0.562 2.424
177 7 0.714 -0.726 2.403
177 8 0.751 -0.764 2.401
177 9 0.688 -0.571 2.513
177 10 0.825 -0.634 2.324
177 11 0.918 -0.557 2.197
177 12 0.949 -0.531 2.157
177 13 0.291 -0.517 2.301
177 14 -0.044 -0.511 2.045
177 15 0.104 -0.564 2.143
177 16 0.028 -0.586 2.108
177 17 0.433 -0.567 2.297
177 18 0.273 -0.763 1.970
177 19 0.157 -0.879 1.723
177 20 0.194 -0.929 1.664
178 1 0.412 -0.539 2.327
178 2 0.451 -0.548 2.370
178 3 0.714 -0.504 2.506
178 4 0.854 -0.416 2.560
178 5 0.596 -0.414 2.607
178 6 0.669 -0.567 2.442
178 7 0.707 -0.732 2.424
178 8 0.744 -0.770 2.422
178 9 0.693 -0.583 2.495
178 10 0.830 -0.646 2.306
178 11 0.923 -0.569 2.179
178 12 0.954 -0.543 2.140
178 13 0.304 -0.510 2.302
178 14 -0.045 -0.510 2.045
178 15 0.118 -0.559 2.152
178 16 0.037 -0.579 2.119
178 17 0.439 -0.565 2.318
178 18 0.272 -0.761 1.972
178 19 0.166 -0.868 1.738
178 20 0.198 -0.919 1.680
