1 1 -0.603 0.017 1.984
1 2 -0.651 0.070 2.007
1 3 -0.634 0.384 2.032
1 4 -0.539 0.562 2.075
1 5 -0.673 0.305 1.904
1 6 -0.729 0.053 1.792
1 7 -0.688 -0.154 1.746
1 8 -0.684 -0.216 1.739
1 9 -0.578 0.272 2.171
1 10 -0.616 0.021 2.248
1 11 -0.642 -0.198 2.169
1 12 -0.625 -0.283 2.176
1 13 -0.615 -0.056 1.886
1 14 -0.630 -0.394 1.817
1 15 -0.714 -0.662 1.898
1 16 -0.636 -0.696 1.870
1 17 -0.578 -0.095 2.051
1 18 -0.613 -0.434 1.827
1 19 -0.591 -0.676 1.781
1 20 -0.511 -0.709 1.754
2 1 -0.601 0.026 1.979
2 2 -0.650 0.078 2.001
2 3 -0.639 0.408 2.027
2 4 -0.542 0.563 2.073
2 5 -0.674 0.305 1.903
2 6 -0.728 0.056 1.788
2 7 -0.684 -0.150 1.740
2 8 -0.680 -0.212 1.733
2 9 -0.580 0.272 2.170
2 10 -0.617 0.022 2.248
2 11 -0.641 -0.197 2.168
2 12 -0.624 -0.282 2.175
2 13 -0.609 -0.049 1.870
2 14 -0.630 -0.391 1.815
2 15 -0.716 -0.660 1.896
2 16 -0.638 -0.694 1.868
2 17 -0.576 -0.092 2.049
2 18 -0.618 -0.432 1.825
2 19 -0.599 -0.674 1.779
2 20 -0.521 -0.708 1.752
3 1 -0.593 -0.006 1.947
3 2 -0.645 0.055 1.970
3 3 -0.641 0.420 2.024
3 4 -0.546 0.566 2.070
3 5 -0.674 0.306 1.900
3 6 -0.722 0.058 1.780
3 7 -0.676 -0.147 1.733
3 8 -0.669 -0.208 1.724
3 9 -0.581 0.272 2.170
3 10 -0.618 0.023 2.248
3 11 -0.640 -0.196 2.168
3 12 -0.623 -0.281 2.175
3 13 -0.606 -0.050 1.863
3 14 -0.629 -0.426 1.816
3 15 -0.717 -0.687 1.895
3 16 -0.656 -0.701 1.832
3 17 -0.568 -0.095 2.004
3 18 -0.593 -0.462 1.942
3 19 -0.624 -0.677 1.771
3 20 -0.633 -0.711 1.734
4 1 -0.589 -0.026 1.929
4 2 -0.643 0.044 1.956
4 3 -0.643 0.427 2.022
4 4 -0.550 0.570 2.067
4 5 -0.674 0.308 1.896
4 6 -0.713 0.060 1.769
4 7 -0.662 -0.145 1.724
4 8 -0.657 -0.206 1.716
4 9 -0.583 0.271 2.170
4 10 -0.619 0.024 2.248
4 11 -0.640 -0.195 2.168
4 12 -0.623 -0.280 2.174
4 13 -0.603 -0.053 1.858
4 14 -0.630 -0.441 1.817
4 15 -0.718 -0.704 1.895
4 16 -0.680 -0.703 1.804
4 17 -0.564 -0.097 1.980
4 18 -0.587 -0.472 1.980
4 19 -0.634 -0.680 1.771
4 20 -0.590 -0.722 1.750
5 1 -0.587 -0.035 1.921
5 2 -0.642 0.038 1.948
5 3 -0.645 0.434 2.018
5 4 -0.553 0.576 2.062
5 5 -0.673 0.309 1.890
5 6 -0.703 0.061 1.758
5 7 -0.648 -0.144 1.716
5 8 -0.634 -0.206 1.709
5 9 -0.586 0.272 2.168
5 10 -0.622 0.025 2.246
5 11 -0.640 -0.194 2.167
5 12 -0.623 -0.278 2.173
5 13 -0.601 -0.057 1.855
5 14 -0.630 -0.449 1.818
5 15 -0.702 -0.729 1.801
5 16 -0.647 -0.743 1.741
5 17 -0.562 -0.098 1.969
5 18 -0.582 -0.479 2.002
5 19 -0.641 -0.689 1.779
5 20 -0.590 -0.732 1.764
6 1 -0.585 -0.043 1.915
6 2 -0.642 0.033 1.942
6 3 -0.647 0.440 2.015
6 4 -0.556 0.580 2.057
6 5 -0.673 0.310 1.883
6 6 -0.693 0.062 1.749
6 7 -0.633 -0.145 1.710
6 8 -0.615 -0.206 1.705
6 9 -0.588 0.272 2.165
6 10 -0.624 0.027 2.243
6 11 -0.640 -0.192 2.165
6 12 -0.624 -0.276 2.171
6 13 -0.599 -0.064 1.857
6 14 -0.630 -0.454 1.818
6 15 -0.693 -0.744 1.751
6 16 -0.631 -0.764 1.713
6 17 -0.560 -0.098 1.958
6 18 -0.580 -0.483 2.015
6 19 -0.644 -0.695 1.787
6 20 -0.629 -0.727 1.745
7 1 -0.585 -0.053 1.912
7 2 -0.641 0.017 1.935
7 3 -0.643 0.397 1.989
7 4 -0.558 0.568 2.040
7 5 -0.671 0.311 1.875
7 6 -0.684 0.064 1.742
7 7 -0.619 -0.145 1.706
7 8 -0.598 -0.205 1.702
7 9 -0.592 0.231 2.140
7 10 -0.627 -0.007 2.220
7 11 -0.639 -0.225 2.144
7 12 -0.622 -0.308 2.149
7 13 -0.599 -0.076 1.860
7 14 -0.631 -0.457 1.818
7 15 -0.690 -0.753 1.729
7 16 -0.622 -0.778 1.699
7 17 -0.561 -0.110 1.949
7 18 -0.578 -0.484 2.011
7 19 -0.643 -0.745 1.835
7 20 -0.595 -0.782 1.801
8 1 -0.584 -0.057 1.909
8 2 -0.641 0.012 1.932
8 3 -0.647 0.415 1.975
8 4 -0.559 0.571 2.030
8 5 -0.670 0.312 1.867
8 6 -0.674 0.064 1.734
8 7 -0.605 -0.144 1.702
8 8 -0.580 -0.203 1.703
8 9 -0.597 0.236 2.130
8 10 -0.632 -0.001 2.210
8 11 -0.641 -0.219 2.133
8 12 -0.625 -0.301 2.139
8 13 -0.599 -0.082 1.860
8 14 -0.631 -0.459 1.819
8 15 -0.688 -0.758 1.716
8 16 -0.617 -0.786 1.691
8 17 -0.561 -0.113 1.944
8 18 -0.578 -0.483 2.004
8 19 -0.633 -0.745 1.877
8 20 -0.622 -0.741 1.794
9 1 -0.587 -0.067 1.910
9 2 -0.643 -0.003 1.930
9 3 -0.642 0.364 1.957
9 4 -0.558 0.548 2.011
9 5 -0.669 0.312 1.857
9 6 -0.666 0.063 1.727
9 7 -0.592 -0.142 1.701
9 8 -0.566 -0.201 1.705
9 9 -0.597 0.196 2.110
9 10 -0.632 -0.041 2.190
9 11 -0.640 -0.259 2.113
9 12 -0.623 -0.341 2.119
9 13 -0.601 -0.098 1.864
9 14 -0.632 -0.460 1.819
9 15 -0.687 -0.761 1.708
9 16 -0.613 -0.797 1.690
9 17 -0.567 -0.138 1.947
9 18 -0.578 -0.491 1.990
9 19 -0.621 -0.791 1.941
9 20 -0.574 -0.820 1.888
10 1 -0.588 -0.073 1.910
10 2 -0.645 -0.010 1.927
10 3 -0.642 0.354 1.949
10 4 -0.558 0.541 2.003
10 5 -0.668 0.311 1.848
10 6 -0.657 0.060 1.721
10 7 -0.580 -0.142 1.701
10 8 -0.552 -0.200 1.708
10 9 -0.598 0.187 2.102
10 10 -0.633 -0.049 2.182
10 11 -0.640 -0.267 2.105
10 12 -0.623 -0.350 2.111
10 13 -0.603 -0.106 1.865
10 14 -0.633 -0.460 1.819
10 15 -0.686 -0.763 1.707
10 16 -0.610 -0.805 1.693
10 17 -0.569 -0.145 1.945
10 18 -0.577 -0.491 1.977
10 19 -0.619 -0.795 1.897
10 20 -0.552 -0.833 1.866
11 1 -0.589 -0.076 1.909
11 2 -0.646 -0.011 1.924
11 3 -0.646 0.404 1.943
11 4 -0.557 0.553 1.995
11 5 -0.667 0.310 1.839
11 6 -0.650 0.057 1.717
11 7 -0.566 -0.142 1.703
11 8 -0.538 -0.199 1.713
11 9 -0.601 0.223 2.092
11 10 -0.637 -0.015 2.171
11 11 -0.644 -0.233 2.094
11 12 -0.627 -0.316 2.101
11 13 -0.604 -0.110 1.865
11 14 -0.634 -0.460 1.819
11 15 -0.685 -0.763 1.714
11 16 -0.607 -0.810 1.699
11 17 -0.571 -0.141 1.942
11 18 -0.575 -0.482 1.965
11 19 -0.610 -0.794 1.885
11 20 -0.533 -0.836 1.862
12 1 -0.591 -0.077 1.907
12 2 -0.647 -0.010 1.920
12 3 -0.649 0.431 1.940
12 4 -0.557 0.561 1.991
12 5 -0.667 0.309 1.831
12 6 -0.646 0.055 1.714
12 7 -0.555 -0.140 1.705
12 8 -0.529 -0.195 1.717
12 9 -0.603 0.244 2.087
12 10 -0.639 0.005 2.166
12 11 -0.646 -0.213 2.089
12 12 -0.630 -0.296 2.095
12 13 -0.606 -0.112 1.862
12 14 -0.635 -0.459 1.818
12 15 -0.684 -0.763 1.722
12 16 -0.605 -0.813 1.707
12 17 -0.573 -0.134 1.938
12 18 -0.573 -0.479 1.959
12 19 -0.595 -0.722 1.815
12 20 -0.582 -0.735 1.761
13 1 -0.593 -0.075 1.900
13 2 -0.648 -0.004 1.914
13 3 -0.650 0.443 1.939
13 4 -0.557 0.567 1.988
13 5 -0.667 0.307 1.823
13 6 -0.643 0.054 1.712
13 7 -0.548 -0.139 1.707
13 8 -0.520 -0.193 1.722
13 9 -0.601 0.253 2.081
13 10 -0.638 0.011 2.161
13 11 -0.646 -0.207 2.085
13 12 -0.629 -0.290 2.091
13 13 -0.608 -0.110 1.850
13 14 -0.635 -0.459 1.817
13 15 -0.683 -0.763 1.731
13 16 -0.603 -0.814 1.714
13 17 -0.574 -0.126 1.933
13 18 -0.577 -0.475 1.920
13 19 -0.592 -0.734 1.779
13 20 -0.552 -0.753 1.739
14 1 -0.598 0.008 1.897
14 2 -0.652 0.066 1.910
14 3 -0.650 0.449 1.937
14 4 -0.557 0.570 1.985
14 5 -0.667 0.306 1.815
14 6 -0.641 0.053 1.710
14 7 -0.542 -0.138 1.708
14 8 -0.514 -0.192 1.724
14 9 -0.600 0.258 2.078
14 10 -0.638 0.015 2.158
14 11 -0.645 -0.203 2.082
14 12 -0.629 -0.286 2.088
14 13 -0.605 -0.076 1.803
14 14 -0.636 -0.458 1.815
14 15 -0.674 -0.713 1.756
14 16 -0.601 -0.753 1.753
14 17 -0.570 -0.093 1.966
14 18 -0.577 -0.473 1.909
14 19 -0.591 -0.707 1.769
14 20 -0.591 -0.703 1.706
15 1 -0.600 0.048 1.893
15 2 -0.653 0.107 1.907
15 3 -0.651 0.453 1.935
15 4 -0.556 0.572 1.982
15 5 -0.667 0.303 1.807
15 6 -0.640 0.053 1.707
15 7 -0.539 -0.138 1.709
15 8 -0.511 -0.191 1.726
15 9 -0.598 0.261 2.075
15 10 -0.637 0.018 2.156
15 11 -0.644 -0.200 2.079
15 12 -0.628 -0.283 2.085
15 13 -0.603 -0.056 1.775
15 14 -0.636 -0.458 1.813
15 15 -0.669 -0.684 1.770
15 16 -0.600 -0.732 1.768
15 17 -0.567 -0.077 1.982
15 18 -0.578 -0.472 1.899
15 19 -0.573 -0.700 1.838
15 20 -0.599 -0.684 1.731
16 1 -0.600 0.062 1.891
16 2 -0.653 0.120 1.905
16 3 -0.651 0.453 1.932
16 4 -0.556 0.573 1.980
16 5 -0.666 0.301 1.799
16 6 -0.640 0.052 1.704
16 7 -0.537 -0.138 1.710
16 8 -0.508 -0.190 1.728
16 9 -0.593 0.261 2.069
16 10 -0.634 0.020 2.152
16 11 -0.642 -0.198 2.075
16 12 -0.626 -0.282 2.081
16 13 -0.602 -0.049 1.764
16 14 -0.636 -0.458 1.809
16 15 -0.667 -0.674 1.776
16 16 -0.600 -0.720 1.775
16 17 -0.565 -0.075 1.987
16 18 -0.576 -0.478 1.886
16 19 -0.565 -0.701 1.860
16 20 -0.603 -0.676 1.752
17 1 -0.598 0.067 1.888
17 2 -0.652 0.125 1.902
17 3 -0.649 0.447 1.926
17 4 -0.556 0.573 1.978
17 5 -0.665 0.298 1.791
17 6 -0.641 0.052 1.699
17 7 -0.535 -0.138 1.710
17 8 -0.506 -0.190 1.728
17 9 -0.588 0.259 2.061
17 10 -0.630 0.020 2.146
17 11 -0.639 -0.198 2.069
17 12 -0.622 -0.282 2.075
17 13 -0.601 -0.045 1.757
17 14 -0.636 -0.458 1.806
17 15 -0.669 -0.680 1.778
17 16 -0.600 -0.722 1.774
17 17 -0.562 -0.075 1.987
17 18 -0.573 -0.518 1.862
17 19 -0.558 -0.735 1.891
17 20 -0.601 -0.677 1.774
18 1 -0.593 0.055 1.885
18 2 -0.644 0.104 1.898
18 3 -0.636 0.391 1.906
18 4 -0.548 0.542 1.964
18 5 -0.663 0.296 1.785
18 6 -0.643 0.052 1.695
18 7 -0.537 -0.138 1.708
18 8 -0.509 -0.191 1.726
18 9 -0.584 0.258 2.054
18 10 -0.627 0.019 2.140
18 11 -0.635 -0.199 2.063
18 12 -0.619 -0.282 2.070
18 13 -0.597 -0.049 1.758
18 14 -0.635 -0.470 1.797
18 15 -0.673 -0.694 1.778
18 16 -0.600 -0.732 1.768
18 17 -0.559 -0.080 1.985
18 18 -0.551 -0.527 1.867
18 19 -0.555 -0.740 1.900
18 20 -0.599 -0.677 1.784
19 1 -0.588 0.037 1.883
19 2 -0.638 0.085 1.896
19 3 -0.627 0.354 1.894
19 4 -0.546 0.537 1.960
19 5 -0.662 0.294 1.780
19 6 -0.646 0.052 1.690
19 7 -0.543 -0.140 1.701
19 8 -0.519 -0.195 1.717
19 9 -0.581 0.257 2.048
19 10 -0.623 0.019 2.135
19 11 -0.632 -0.199 2.058
19 12 -0.616 -0.282 2.064
19 13 -0.593 -0.058 1.765
19 14 -0.634 -0.480 1.792
19 15 -0.676 -0.709 1.776
19 16 -0.602 -0.745 1.761
19 17 -0.556 -0.086 1.982
19 18 -0.538 -0.531 1.874
19 19 -0.553 -0.745 1.903
19 20 -0.595 -0.679 1.792
20 1 -0.578 -0.000 1.877
20 2 -0.630 0.052 1.890
20 3 -0.624 0.341 1.889
20 4 -0.544 0.534 1.957
20 5 -0.660 0.293 1.775
20 6 -0.649 0.052 1.685
20 7 -0.558 -0.145 1.686
20 8 -0.537 -0.202 1.698
20 9 -0.578 0.257 2.044
20 10 -0.620 0.019 2.130
20 11 -0.629 -0.199 2.053
20 12 -0.613 -0.282 2.059
20 13 -0.588 -0.072 1.774
20 14 -0.633 -0.489 1.788
20 15 -0.679 -0.725 1.772
20 16 -0.603 -0.759 1.753
20 17 -0.551 -0.100 1.967
20 18 -0.528 -0.536 1.881
20 19 -0.551 -0.759 1.901
20 20 -0.519 -0.763 1.835
21 1 -0.575 -0.009 1.874
21 2 -0.627 0.045 1.887
21 3 -0.620 0.389 1.886
21 4 -0.539 0.560 1.949
21 5 -0.658 0.292 1.771
21 6 -0.651 0.052 1.680
21 7 -0.575 -0.149 1.669
21 8 -0.557 -0.208 1.676
21 9 -0.576 0.257 2.040
21 10 -0.617 0.019 2.125
21 11 -0.626 -0.199 2.048
21 12 -0.610 -0.282 2.055
21 13 -0.585 -0.076 1.776
21 14 -0.632 -0.497 1.786
21 15 -0.680 -0.733 1.770
21 16 -0.603 -0.768 1.747
21 17 -0.548 -0.107 1.960
21 18 -0.517 -0.542 1.887
21 19 -0.547 -0.769 1.897
21 20 -0.465 -0.816 1.858
22 1 -0.572 -0.013 1.871
22 2 -0.624 0.044 1.884
22 3 -0.618 0.413 1.884
22 4 -0.536 0.573 1.946
22 5 -0.654 0.291 1.767
22 6 -0.653 0.052 1.676
22 7 -0.588 -0.154 1.657
22 8 -0.576 -0.217 1.658
22 9 -0.573 0.258 2.035
22 10 -0.613 0.020 2.121
22 11 -0.623 -0.198 2.044
22 12 -0.606 -0.282 2.050
22 13 -0.582 -0.079 1.776
22 14 -0.631 -0.507 1.785
22 15 -0.680 -0.739 1.767
22 16 -0.602 -0.773 1.743
22 17 -0.546 -0.109 1.956
22 18 -0.505 -0.556 1.891
22 19 -0.538 -0.781 1.891
22 20 -0.435 -0.836 1.866
23 1 -0.569 -0.014 1.869
23 2 -0.621 0.047 1.882
23 3 -0.616 0.425 1.884
23 4 -0.533 0.580 1.944
23 5 -0.648 0.290 1.763
23 6 -0.655 0.051 1.672
23 7 -0.597 -0.159 1.646
23 8 -0.594 -0.224 1.641
23 9 -0.568 0.259 2.031
23 10 -0.609 0.020 2.116
23 11 -0.618 -0.198 2.039
23 12 -0.602 -0.281 2.045
23 13 -0.580 -0.081 1.776
23 14 -0.630 -0.514 1.785
23 15 -0.679 -0.743 1.765
23 16 -0.600 -0.777 1.739
23 17 -0.543 -0.111 1.953
23 18 -0.498 -0.563 1.893
23 19 -0.512 -0.792 1.881
23 20 -0.406 -0.845 1.867
24 1 -0.561 -0.019 1.864
24 2 -0.615 0.046 1.879
24 3 -0.612 0.432 1.884
24 4 -0.528 0.587 1.943
24 5 -0.642 0.290 1.759
24 6 -0.657 0.050 1.667
24 7 -0.607 -0.161 1.637
24 8 -0.606 -0.228 1.630
24 9 -0.557 0.256 2.024
24 10 -0.600 0.019 2.109
24 11 -0.610 -0.200 2.032
24 12 -0.593 -0.283 2.038
24 13 -0.576 -0.083 1.774
24 14 -0.628 -0.518 1.785
24 15 -0.677 -0.747 1.763
24 16 -0.598 -0.781 1.736
24 17 -0.533 -0.114 1.943
24 18 -0.489 -0.572 1.891
24 19 -0.488 -0.803 1.873
24 20 -0.385 -0.850 1.864
25 1 -0.555 -0.023 1.861
25 2 -0.607 0.042 1.876
25 3 -0.588 0.396 1.881
25 4 -0.512 0.579 1.941
25 5 -0.633 0.291 1.755
25 6 -0.658 0.050 1.663
25 7 -0.617 -0.163 1.629
25 8 -0.616 -0.232 1.621
25 9 -0.545 0.253 2.017
25 10 -0.590 0.016 2.103
25 11 -0.600 -0.202 2.026
25 12 -0.583 -0.285 2.032
25 13 -0.569 -0.090 1.775
25 14 -0.627 -0.522 1.786
25 15 -0.676 -0.752 1.760
25 16 -0.597 -0.786 1.734
25 17 -0.526 -0.117 1.937
25 18 -0.473 -0.579 1.888
25 19 -0.447 -0.809 1.861
25 20 -0.356 -0.847 1.853
26 1 -0.549 -0.026 1.858
26 2 -0.601 0.040 1.874
26 3 -0.572 0.404 1.882
26 4 -0.498 0.581 1.941
26 5 -0.621 0.292 1.752
26 6 -0.660 0.049 1.657
26 7 -0.623 -0.163 1.622
26 8 -0.622 -0.234 1.615
26 9 -0.534 0.250 2.013
26 10 -0.580 0.014 2.097
26 11 -0.589 -0.205 2.020
26 12 -0.573 -0.288 2.026
26 13 -0.563 -0.095 1.773
26 14 -0.625 -0.526 1.787
26 15 -0.675 -0.755 1.759
26 16 -0.596 -0.789 1.732
26 17 -0.520 -0.119 1.932
26 18 -0.449 -0.583 1.884
26 19 -0.408 -0.811 1.850
26 20 -0.326 -0.840 1.840
27 1 -0.541 -0.022 1.859
27 2 -0.594 0.041 1.874
27 3 -0.552 0.370 1.882
27 4 -0.480 0.570 1.941
27 5 -0.610 0.292 1.750
27 6 -0.660 0.049 1.651
27 7 -0.629 -0.162 1.616
27 8 -0.626 -0.236 1.611
27 9 -0.524 0.249 2.010
27 10 -0.570 0.012 2.094
27 11 -0.580 -0.206 2.017
27 12 -0.563 -0.290 2.023
27 13 -0.558 -0.098 1.773
27 14 -0.622 -0.529 1.788
27 15 -0.674 -0.757 1.758
27 16 -0.595 -0.791 1.731
27 17 -0.514 -0.119 1.932
27 18 -0.433 -0.581 1.882
27 19 -0.385 -0.809 1.842
27 20 -0.306 -0.833 1.830
28 1 -0.529 -0.027 1.861
28 2 -0.581 0.034 1.875
28 3 -0.543 0.355 1.882
28 4 -0.469 0.561 1.940
28 5 -0.597 0.292 1.747
28 6 -0.660 0.049 1.644
28 7 -0.632 -0.162 1.612
28 8 -0.629 -0.237 1.608
28 9 -0.513 0.248 2.009
28 10 -0.560 0.011 2.091
28 11 -0.569 -0.207 2.014
28 12 -0.553 -0.291 2.020
28 13 -0.546 -0.105 1.775
28 14 -0.619 -0.532 1.789
28 15 -0.674 -0.760 1.757
28 16 -0.594 -0.795 1.730
28 17 -0.508 -0.120 1.932
28 18 -0.417 -0.577 1.882
28 19 -0.365 -0.805 1.835
28 20 -0.288 -0.827 1.821
29 1 -0.519 -0.032 1.862
29 2 -0.569 0.028 1.876
29 3 -0.535 0.345 1.881
29 4 -0.457 0.552 1.940
29 5 -0.583 0.292 1.746
29 6 -0.659 0.049 1.638
29 7 -0.634 -0.161 1.608
29 8 -0.631 -0.239 1.606
29 9 -0.491 0.244 2.008
29 10 -0.541 0.007 2.089
29 11 -0.551 -0.211 2.011
29 12 -0.534 -0.294 2.018
29 13 -0.537 -0.111 1.777
29 14 -0.615 -0.535 1.790
29 15 -0.673 -0.762 1.757
29 16 -0.594 -0.798 1.729
29 17 -0.498 -0.124 1.932
29 18 -0.388 -0.580 1.880
29 19 -0.349 -0.806 1.829
29 20 -0.273 -0.825 1.812
30 1 -0.510 -0.037 1.862
30 2 -0.558 0.023 1.876
30 3 -0.527 0.339 1.881
30 4 -0.444 0.545 1.941
30 5 -0.568 0.290 1.746
30 6 -0.656 0.050 1.633
30 7 -0.635 -0.161 1.605
30 8 -0.632 -0.240 1.603
30 9 -0.468 0.236 2.009
30 10 -0.520 0.001 2.088
30 11 -0.529 -0.217 2.011
30 12 -0.513 -0.301 2.017
30 13 -0.528 -0.115 1.777
30 14 -0.609 -0.537 1.791
30 15 -0.672 -0.765 1.756
30 16 -0.593 -0.801 1.729
30 17 -0.487 -0.129 1.931
30 18 -0.374 -0.582 1.880
30 19 -0.335 -0.806 1.824
30 20 -0.261 -0.824 1.805
31 1 -0.497 -0.040 1.861
31 2 -0.543 0.020 1.876
31 3 -0.514 0.336 1.881
31 4 -0.430 0.541 1.942
31 5 -0.556 0.289 1.745
31 6 -0.647 0.051 1.627
31 7 -0.632 -0.159 1.601
31 8 -0.630 -0.241 1.601
31 9 -0.452 0.232 2.010
31 10 -0.503 -0.003 2.088
31 11 -0.512 -0.221 2.011
31 12 -0.496 -0.305 2.017
31 13 -0.516 -0.119 1.775
31 14 -0.600 -0.541 1.791
31 15 -0.669 -0.767 1.757
31 16 -0.591 -0.803 1.729
31 17 -0.471 -0.133 1.930
31 18 -0.363 -0.585 1.879
31 19 -0.324 -0.807 1.820
31 20 -0.251 -0.823 1.799
32 1 -0.472 -0.028 1.860
32 2 -0.521 0.027 1.877
32 3 -0.499 0.336 1.881
32 4 -0.412 0.538 1.943
32 5 -0.539 0.287 1.746
32 6 -0.631 0.047 1.622
32 7 -0.623 -0.161 1.596
32 8 -0.620 -0.246 1.596
32 9 -0.430 0.225 2.010
32 10 -0.481 -0.010 2.088
32 11 -0.490 -0.228 2.011
32 12 -0.474 -0.311 2.017
32 13 -0.495 -0.117 1.767
32 14 -0.585 -0.545 1.792
32 15 -0.663 -0.768 1.758
32 16 -0.586 -0.804 1.729
32 17 -0.451 -0.134 1.934
32 18 -0.355 -0.586 1.878
32 19 -0.311 -0.807 1.817
32 20 -0.240 -0.822 1.794
33 1 -0.450 -0.029 1.857
33 2 -0.499 0.026 1.875
33 3 -0.478 0.336 1.881
33 4 -0.396 0.537 1.944
33 5 -0.523 0.285 1.746
33 6 -0.614 0.042 1.620
33 7 -0.600 -0.167 1.591
33 8 -0.596 -0.254 1.592
33 9 -0.404 0.216 2.012
33 10 -0.456 -0.018 2.089
33 11 -0.465 -0.236 2.012
33 12 -0.448 -0.320 2.018
33 13 -0.477 -0.118 1.761
33 14 -0.572 -0.547 1.792
33 15 -0.656 -0.770 1.759
33 16 -0.580 -0.805 1.729
33 17 -0.422 -0.140 1.932
33 18 -0.345 -0.582 1.877
33 19 -0.301 -0.806 1.815
33 20 -0.229 -0.825 1.789
34 1 -0.416 -0.009 1.861
34 2 -0.465 0.043 1.879
34 3 -0.454 0.343 1.882
34 4 -0.376 0.539 1.946
34 5 -0.505 0.282 1.747
34 6 -0.589 0.036 1.621
34 7 -0.573 -0.173 1.590
34 8 -0.573 -0.252 1.590
34 9 -0.387 0.212 2.014
34 10 -0.436 -0.023 2.090
34 11 -0.445 -0.241 2.013
34 12 -0.429 -0.324 2.019
34 13 -0.443 -0.112 1.753
34 14 -0.560 -0.548 1.791
34 15 -0.645 -0.769 1.761
34 16 -0.568 -0.802 1.731
34 17 -0.384 -0.133 1.949
34 18 -0.332 -0.581 1.875
34 19 -0.293 -0.806 1.813
34 20 -0.221 -0.825 1.787
35 1 -0.384 -0.030 1.858
35 2 -0.433 0.026 1.877
35 3 -0.431 0.344 1.883
35 4 -0.352 0.538 1.949
35 5 -0.478 0.280 1.749
35 6 -0.561 0.028 1.625
35 7 -0.536 -0.180 1.594
35 8 -0.534 -0.263 1.595
35 9 -0.365 0.211 2.018
35 10 -0.414 -0.026 2.094
35 11 -0.424 -0.244 2.017
35 12 -0.407 -0.328 2.023
35 13 -0.417 -0.118 1.753
35 14 -0.546 -0.550 1.791
35 15 -0.636 -0.770 1.762
35 16 -0.559 -0.803 1.733
35 17 -0.356 -0.141 1.944
35 18 -0.317 -0.586 1.873
35 19 -0.288 -0.808 1.812
35 20 -0.215 -0.830 1.784
36 1 -0.360 -0.016 1.860
36 2 -0.409 0.037 1.880
36 3 -0.408 0.344 1.886
36 4 -0.329 0.539 1.954
36 5 -0.448 0.277 1.751
36 6 -0.523 0.021 1.634
36 7 -0.501 -0.187 1.603
36 8 -0.504 -0.258 1.600
36 9 -0.326 0.200 2.019
36 10 -0.380 -0.035 2.096
36 11 -0.390 -0.253 2.019
36 12 -0.373 -0.336 2.025
36 13 -0.390 -0.114 1.748
36 14 -0.526 -0.547 1.790
36 15 -0.628 -0.766 1.765
36 16 -0.550 -0.797 1.734
36 17 -0.337 -0.142 1.946
36 18 -0.301 -0.581 1.875
36 19 -0.285 -0.808 1.812
36 20 -0.211 -0.831 1.783
37 1 -0.341 -0.003 1.864
37 2 -0.390 0.048 1.883
37 3 -0.382 0.347 1.891
37 4 -0.302 0.537 1.960
37 5 -0.424 0.277 1.754
37 6 -0.490 0.019 1.642
37 7 -0.460 -0.188 1.616
37 8 -0.462 -0.247 1.611
37 9 -0.303 0.204 2.025
37 10 -0.356 -0.034 2.101
37 11 -0.365 -0.252 2.024
37 12 -0.349 -0.336 2.030
37 13 -0.359 -0.105 1.747
37 14 -0.495 -0.539 1.789
37 15 -0.615 -0.757 1.767
37 16 -0.535 -0.786 1.736
37 17 -0.308 -0.135 1.957
37 18 -0.287 -0.576 1.877
37 19 -0.278 -0.806 1.813
37 20 -0.204 -0.832 1.783
38 1 -0.324 0.006 1.867
38 2 -0.371 0.056 1.888
38 3 -0.358 0.350 1.897
38 4 -0.281 0.537 1.965
38 5 -0.393 0.281 1.759
38 6 -0.454 0.023 1.651
38 7 -0.420 -0.183 1.628
38 8 -0.419 -0.229 1.622
38 9 -0.262 0.192 2.018
38 10 -0.316 -0.044 2.097
38 11 -0.326 -0.262 2.020
38 12 -0.309 -0.346 2.026
38 13 -0.337 -0.099 1.745
38 14 -0.455 -0.525 1.787
38 15 -0.579 -0.731 1.769
38 16 -0.504 -0.722 1.751
38 17 -0.287 -0.132 1.963
38 18 -0.262 -0.581 1.881
38 19 -0.272 -0.807 1.813
38 20 -0.198 -0.832 1.782
39 1 -0.300 0.010 1.870
39 2 -0.348 0.060 1.892
39 3 -0.330 0.355 1.905
39 4 -0.244 0.542 1.977
39 5 -0.366 0.288 1.766
39 6 -0.423 0.032 1.659
39 7 -0.371 -0.170 1.644
39 8 -0.366 -0.220 1.638
39 9 -0.245 0.188 2.017
39 10 -0.292 -0.049 2.096
39 11 -0.301 -0.267 2.019
39 12 -0.285 -0.351 2.025
39 13 -0.310 -0.093 1.746
39 14 -0.421 -0.513 1.783
39 15 -0.538 -0.713 1.770
39 16 -0.466 -0.684 1.758
39 17 -0.261 -0.131 1.963
39 18 -0.246 -0.586 1.885
39 19 -0.261 -0.811 1.816
39 20 -0.187 -0.834 1.785
40 1 -0.260 -0.056 1.860
40 2 -0.308 0.010 1.886
40 3 -0.307 0.359 1.912
40 4 -0.226 0.545 1.983
40 5 -0.346 0.292 1.771
40 6 -0.387 0.050 1.667
40 7 -0.334 -0.153 1.654
40 8 -0.319 -0.196 1.654
40 9 -0.229 0.187 2.017
40 10 -0.268 -0.051 2.096
40 11 -0.278 -0.269 2.019
40 12 -0.261 -0.353 2.026
40 13 -0.280 -0.114 1.791
40 14 -0.367 -0.490 1.777
40 15 -0.520 -0.716 1.770
40 16 -0.439 -0.724 1.748
40 17 -0.220 -0.136 1.909
40 18 -0.223 -0.548 1.897
40 19 -0.253 -0.812 1.820
40 20 -0.179 -0.837 1.788
41 1 -0.226 -0.093 1.864
41 2 -0.277 -0.025 1.890
41 3 -0.284 0.360 1.919
41 4 -0.210 0.547 1.986
41 5 -0.324 0.295 1.776
41 6 -0.360 0.059 1.672
41 7 -0.300 -0.143 1.663
41 8 -0.268 -0.204 1.669
41 9 -0.211 0.186 2.019
41 10 -0.247 -0.053 2.099
41 11 -0.256 -0.271 2.022
41 12 -0.239 -0.355 2.028
41 13 -0.250 -0.129 1.835
41 14 -0.319 -0.480 1.772
41 15 -0.494 -0.726 1.768
41 16 -0.409 -0.753 1.739
41 17 -0.191 -0.139 1.882
41 18 -0.192 -0.564 1.904
41 19 -0.247 -0.813 1.827
41 20 -0.172 -0.840 1.795
42 1 -0.209 -0.106 1.864
42 2 -0.258 -0.032 1.891
42 3 -0.253 0.410 1.934
42 4 -0.179 0.575 1.997
42 5 -0.298 0.296 1.782
42 6 -0.330 0.062 1.678
42 7 -0.269 -0.140 1.668
42 8 -0.238 -0.202 1.676
42 9 -0.176 0.237 2.033
42 10 -0.209 -0.003 2.113
42 11 -0.218 -0.221 2.036
42 12 -0.202 -0.305 2.042
42 13 -0.234 -0.130 1.849
42 14 -0.258 -0.459 1.763
42 15 -0.427 -0.732 1.760
42 16 -0.352 -0.774 1.726
42 17 -0.172 -0.135 1.871
42 18 -0.160 -0.539 1.920
42 19 -0.232 -0.806 1.840
42 20 -0.158 -0.836 1.805
43 1 -0.199 -0.114 1.864
43 2 -0.247 -0.036 1.891
43 3 -0.231 0.409 1.938
43 4 -0.162 0.577 2.000
43 5 -0.280 0.295 1.786
43 6 -0.288 0.050 1.684
43 7 -0.220 -0.149 1.670
43 8 -0.201 -0.200 1.675
43 9 -0.158 0.240 2.037
43 10 -0.190 0.000 2.116
43 11 -0.199 -0.218 2.039
43 12 -0.183 -0.302 2.045
43 13 -0.224 -0.130 1.853
43 14 -0.208 -0.451 1.760
43 15 -0.380 -0.737 1.752
43 16 -0.310 -0.786 1.716
43 17 -0.161 -0.135 1.864
43 18 -0.137 -0.525 1.934
43 19 -0.219 -0.801 1.846
43 20 -0.147 -0.834 1.810
44 1 -0.191 -0.117 1.863
44 2 -0.238 -0.037 1.891
44 3 -0.217 0.407 1.940
44 4 -0.149 0.577 2.002
44 5 -0.265 0.293 1.789
44 6 -0.263 0.041 1.687
44 7 -0.185 -0.157 1.668
44 8 -0.166 -0.213 1.671
44 9 -0.145 0.241 2.039
44 10 -0.177 0.002 2.119
44 11 -0.186 -0.216 2.041
44 12 -0.169 -0.300 2.048
44 13 -0.218 -0.129 1.852
44 14 -0.158 -0.448 1.752
44 15 -0.342 -0.734 1.748
44 16 -0.271 -0.783 1.709
44 17 -0.153 -0.135 1.862
44 18 -0.104 -0.550 1.957
44 19 -0.189 -0.796 1.855
44 20 -0.115 -0.832 1.819
45 1 -0.181 -0.109 1.864
45 2 -0.226 -0.026 1.894
45 3 -0.197 0.427 1.946
45 4 -0.128 0.591 2.007
45 5 -0.256 0.293 1.791
45 6 -0.246 0.035 1.689
45 7 -0.158 -0.161 1.666
45 8 -0.136 -0.219 1.669
45 9 -0.126 0.255 2.045
45 10 -0.159 0.015 2.124
45 11 -0.168 -0.203 2.047
45 12 -0.152 -0.287 2.053
45 13 -0.212 -0.124 1.846
45 14 -0.127 -0.444 1.749
45 15 -0.291 -0.734 1.744
45 16 -0.220 -0.780 1.703
45 17 -0.144 -0.134 1.868
45 18 -0.211 -0.517 1.931
45 19 -0.248 -0.776 1.821
45 20 -0.176 -0.813 1.782
46 1 -0.173 -0.106 1.865
46 2 -0.217 -0.023 1.896
46 3 -0.177 0.411 1.946
46 4 -0.104 0.580 2.009
46 5 -0.244 0.291 1.794
46 6 -0.229 0.029 1.690
46 7 -0.133 -0.164 1.664
46 8 -0.095 -0.218 1.671
46 9 -0.109 0.249 2.048
46 10 -0.142 0.009 2.126
46 11 -0.152 -0.209 2.049
46 12 -0.135 -0.293 2.056
46 13 -0.206 -0.123 1.846
46 14 -0.083 -0.440 1.751
46 15 -0.208 -0.693 1.738
46 16 -0.138 -0.734 1.696
46 17 -0.136 -0.135 1.870
46 18 -0.216 -0.513 1.923
46 19 -0.269 -0.770 1.800
46 20 -0.198 -0.808 1.760
47 1 -0.156 -0.089 1.870
47 2 -0.199 -0.006 1.902
47 3 -0.161 0.427 1.950
47 4 -0.088 0.583 2.011
47 5 -0.230 0.290 1.797
47 6 -0.215 0.028 1.690
47 7 -0.113 -0.162 1.666
47 8 -0.076 -0.217 1.673
47 9 -0.092 0.259 2.052
47 10 -0.127 0.020 2.131
47 11 -0.136 -0.199 2.054
47 12 -0.120 -0.282 2.060
47 13 -0.194 -0.117 1.841
47 14 -0.062 -0.439 1.753
47 15 -0.164 -0.703 1.738
47 16 -0.095 -0.741 1.696
47 17 -0.116 -0.126 1.893
47 18 -0.223 -0.511 1.909
47 19 -0.274 -0.766 1.791
47 20 -0.203 -0.803 1.750
48 1 -0.166 -0.087 1.837
48 2 -0.204 -0.013 1.873
48 3 -0.146 0.368 1.933
48 4 -0.065 0.554 2.005
48 5 -0.215 0.291 1.800
48 6 -0.202 0.028 1.690
48 7 -0.097 -0.159 1.669
48 8 -0.055 -0.210 1.677
48 9 -0.068 0.206 2.040
48 10 -0.104 -0.033 2.119
48 11 -0.113 -0.251 2.041
48 12 -0.096 -0.335 2.048
48 13 -0.204 -0.113 1.796
48 14 -0.046 -0.442 1.761
48 15 -0.116 -0.719 1.743
48 16 -0.046 -0.755 1.701
48 17 -0.135 -0.150 1.859
48 18 -0.200 -0.528 1.897
48 19 -0.065 -0.666 1.732
48 20 0.006 -0.703 1.691
49 1 -0.170 -0.087 1.823
49 2 -0.206 -0.017 1.860
49 3 -0.137 0.333 1.924
49 4 -0.054 0.540 2.002
49 5 -0.191 0.292 1.804
49 6 -0.186 0.040 1.688
49 7 -0.084 -0.147 1.672
49 8 -0.044 -0.200 1.681
49 9 -0.056 0.181 2.034
49 10 -0.092 -0.058 2.113
49 11 -0.102 -0.276 2.036
49 12 -0.085 -0.360 2.042
49 13 -0.208 -0.110 1.774
49 14 -0.037 -0.446 1.773
49 15 -0.093 -0.725 1.746
49 16 -0.024 -0.761 1.705
49 17 -0.145 -0.162 1.843
49 18 -0.179 -0.533 1.895
49 19 -0.025 -0.645 1.723
49 20 0.046 -0.682 1.684
50 1 -0.172 -0.086 1.817
50 2 -0.207 -0.018 1.855
50 3 -0.130 0.318 1.922
50 4 -0.046 0.532 2.001
50 5 -0.172 0.294 1.807
50 6 -0.169 0.043 1.688
50 7 -0.072 -0.145 1.676
50 8 -0.031 -0.197 1.684
50 9 -0.048 0.167 2.032
50 10 -0.084 -0.072 2.111
50 11 -0.093 -0.290 2.034
50 12 -0.077 -0.374 2.040
50 13 -0.210 -0.108 1.773
50 14 0.013 -0.485 1.787
50 15 -0.063 -0.740 1.759
50 16 0.009 -0.778 1.721
50 17 -0.150 -0.168 1.836
50 18 -0.145 -0.561 1.908
50 19 0.049 -0.636 1.735
50 20 0.121 -0.674 1.698
51 1 -0.151 -0.100 1.827
51 2 -0.184 -0.037 1.863
51 3 -0.107 0.279 1.919
51 4 -0.034 0.501 1.996
51 5 -0.157 0.295 1.809
51 6 -0.152 0.042 1.689
51 7 -0.058 -0.146 1.682
51 8 -0.019 -0.197 1.688
51 9 -0.027 0.132 2.029
51 10 -0.064 -0.107 2.108
51 11 -0.073 -0.325 2.031
51 12 -0.056 -0.409 2.037
51 13 -0.186 -0.122 1.780
51 14 -0.092 -0.497 1.869
51 15 -0.084 -0.778 1.857
51 16 -0.013 -0.815 1.817
51 17 -0.128 -0.193 1.846
51 18 -0.051 -0.637 1.830
51 19 0.051 -0.813 1.741
51 20 0.121 -0.833 1.703
52 1 -0.093 -0.117 1.831
52 2 -0.130 -0.064 1.865
52 3 -0.073 0.228 1.912
52 4 -0.007 0.451 1.988
52 5 -0.138 0.296 1.810
52 6 -0.135 0.037 1.690
52 7 -0.043 -0.151 1.688
52 8 -0.006 -0.195 1.694
52 9 0.009 0.074 2.021
52 10 -0.027 -0.166 2.099
52 11 -0.037 -0.384 2.022
52 12 -0.020 -0.468 2.029
52 13 -0.126 -0.140 1.786
52 14 -0.105 -0.512 1.898
52 15 -0.104 -0.805 1.911
52 16 -0.032 -0.840 1.871
52 17 -0.066 -0.223 1.845
52 18 0.060 -0.681 1.789
52 19 0.078 -0.488 1.810
52 20 0.097 -0.615 1.778
53 1 -0.060 -0.127 1.835
53 2 -0.101 -0.076 1.867
53 3 -0.057 0.208 1.910
53 4 0.007 0.429 1.985
53 5 -0.119 0.296 1.811
53 6 -0.114 0.029 1.695
53 7 -0.012 -0.169 1.699
53 8 0.023 -0.216 1.701
53 9 0.024 0.052 2.018
53 10 -0.012 -0.187 2.097
53 11 -0.022 -0.405 2.019
53 12 -0.005 -0.489 2.026
53 13 -0.090 -0.149 1.792
53 14 -0.133 -0.542 1.924
53 15 -0.110 -0.816 1.933
53 16 -0.038 -0.851 1.893
53 17 -0.027 -0.238 1.845
53 18 0.095 -0.582 1.804
53 19 0.204 -0.753 1.782
53 20 0.259 -0.810 1.749
54 1 -0.024 -0.136 1.837
54 2 -0.067 -0.087 1.868
54 3 -0.035 0.194 1.908
54 4 0.024 0.414 1.982
54 5 -0.100 0.295 1.812
54 6 -0.094 0.024 1.698
54 7 0.001 -0.177 1.703
54 8 0.041 -0.223 1.703
54 9 0.041 0.036 2.015
54 10 0.005 -0.203 2.094
54 11 -0.004 -0.422 2.017
54 12 0.012 -0.506 2.023
54 13 -0.053 -0.157 1.791
54 14 -0.140 -0.554 1.933
54 15 -0.114 -0.822 1.945
54 16 -0.042 -0.857 1.905
54 17 0.015 -0.253 1.848
54 18 0.115 -0.590 1.802
54 19 0.310 -0.777 1.812
54 20 0.384 -0.813 1.780
55 1 -0.012 -0.139 1.838
55 2 -0.055 -0.090 1.869
55 3 -0.013 0.225 1.916
55 4 0.051 0.436 1.986
55 5 -0.077 0.292 1.811
55 6 -0.070 0.018 1.700
55 7 0.014 -0.182 1.704
55 8 0.054 -0.230 1.704
55 9 0.060 0.044 2.018
55 10 0.024 -0.195 2.097
55 11 0.015 -0.413 2.020
55 12 0.031 -0.497 2.026
55 13 -0.047 -0.154 1.798
55 14 -0.137 -0.566 1.935
55 15 -0.119 -0.823 1.947
55 16 -0.047 -0.858 1.907
55 17 0.010 -0.233 1.852
55 18 0.143 -0.541 1.795
55 19 0.341 -0.799 1.824
55 20 0.424 -0.835 1.796
56 1 -0.007 -0.138 1.840
56 2 -0.050 -0.086 1.871
56 3 0.003 0.245 1.920
56 4 0.073 0.456 1.990
56 5 -0.056 0.288 1.811
56 6 -0.045 0.013 1.699
56 7 0.033 -0.187 1.702
56 8 0.070 -0.237 1.704
56 9 0.075 0.058 2.021
56 10 -0.140 -0.046 2.076
56 11 -0.119 -0.290 2.002
56 12 -0.102 -0.374 2.008
56 13 -0.045 -0.151 1.804
56 14 -0.126 -0.574 1.935
56 15 -0.121 -0.821 1.942
56 16 -0.049 -0.857 1.903
56 17 0.016 -0.228 1.854
56 18 0.149 -0.519 1.799
56 19 0.360 -0.809 1.833
56 20 0.449 -0.844 1.807
57 1 0.033 -0.122 1.862
57 2 -0.009 -0.055 1.894
57 3 0.034 0.342 1.940
57 4 0.107 0.526 2.003
57 5 -0.034 0.283 1.810
57 6 -0.015 0.014 1.695
57 7 0.057 -0.193 1.697
57 8 0.085 -0.245 1.702
57 9 0.113 0.155 2.041
57 10 -0.117 0.010 2.064
57 11 -0.162 -0.238 1.993
57 12 -0.146 -0.321 1.999
57 13 -0.007 -0.136 1.838
57 14 -0.106 -0.579 1.930
57 15 -0.122 -0.815 1.932
57 16 -0.051 -0.847 1.890
57 17 0.064 -0.185 1.871
57 18 0.167 -0.521 1.826
57 19 0.367 -0.815 1.840
57 20 0.444 -0.846 1.808
58 1 0.058 -0.116 1.872
58 2 0.019 -0.038 1.906
58 3 0.061 0.390 1.949
58 4 0.138 0.567 2.011
58 5 -0.006 0.278 1.810
58 6 0.015 0.018 1.690
58 7 0.079 -0.197 1.693
58 8 0.106 -0.251 1.699
58 9 0.141 0.209 2.052
58 10 -0.110 0.058 2.054
58 11 -0.182 -0.214 1.988
58 12 -0.165 -0.298 1.994
58 13 0.017 -0.132 1.856
58 14 -0.076 -0.579 1.926
58 15 -0.122 -0.809 1.922
58 16 -0.051 -0.842 1.880
58 17 0.102 -0.159 1.880
58 18 0.177 -0.527 1.841
58 19 0.367 -0.817 1.846
58 20 0.446 -0.848 1.812
59 1 0.085 -0.117 1.874
59 2 0.045 -0.035 1.908
59 3 0.082 0.400 1.948
59 4 0.156 0.579 2.012
59 5 0.019 0.275 1.810
59 6 0.043 0.018 1.685
59 7 0.104 -0.200 1.688
59 8 0.124 -0.258 1.694
59 9 0.159 0.227 2.054
59 10 -0.079 0.053 2.050
59 11 -0.184 -0.202 1.984
59 12 -0.168 -0.286 1.991
59 13 0.045 -0.137 1.862
59 14 -0.047 -0.575 1.923
59 15 -0.121 -0.806 1.914
59 16 -0.050 -0.839 1.872
59 17 0.131 -0.154 1.879
59 18 0.190 -0.541 1.852
59 19 0.371 -0.819 1.850
59 20 0.447 -0.850 1.814
60 1 0.106 -0.116 1.874
60 2 0.066 -0.032 1.908
60 3 0.104 0.404 1.946
60 4 0.177 0.581 2.009
60 5 0.045 0.272 1.811
60 6 0.066 0.018 1.684
60 7 0.133 -0.195 1.683
60 8 0.139 -0.257 1.685
60 9 0.176 0.237 2.055
60 10 -0.054 0.059 2.047
60 11 -0.159 -0.202 1.981
60 12 -0.143 -0.286 1.987
60 13 0.067 -0.139 1.865
60 14 -0.015 -0.588 1.921
60 15 -0.120 -0.805 1.907
60 16 -0.047 -0.835 1.865
60 17 0.151 -0.149 1.877
60 18 0.207 -0.553 1.860
60 19 0.372 -0.820 1.853
60 20 0.445 -0.850 1.815
61 1 0.135 -0.114 1.870
61 2 0.094 -0.034 1.904
61 3 0.134 0.386 1.940
61 4 0.210 0.566 2.004
61 5 0.067 0.273 1.811
61 6 0.098 0.018 1.684
61 7 0.154 -0.191 1.677
61 8 0.157 -0.251 1.678
61 9 0.202 0.230 2.051
61 10 -0.024 0.052 2.046
61 11 -0.116 -0.211 1.980
61 12 -0.099 -0.294 1.986
61 13 0.101 -0.141 1.860
61 14 0.013 -0.582 1.921
61 15 -0.110 -0.797 1.899
61 16 -0.039 -0.829 1.857
61 17 0.176 -0.150 1.871
61 18 0.226 -0.566 1.863
61 19 0.373 -0.820 1.854
61 20 0.444 -0.850 1.814
62 1 0.167 -0.110 1.862
62 2 0.124 -0.033 1.895
62 3 0.160 0.370 1.936
62 4 0.237 0.556 2.001
62 5 0.107 0.279 1.811
62 6 0.132 0.018 1.685
62 7 0.196 -0.183 1.682
62 8 0.182 -0.246 1.673
62 9 0.227 0.220 2.047
62 10 0.013 0.033 2.048
62 11 -0.071 -0.221 1.980
62 12 -0.055 -0.305 1.986
62 13 0.136 -0.136 1.850
62 14 0.050 -0.538 1.919
62 15 -0.066 -0.754 1.889
62 16 0.013 -0.777 1.883
62 17 0.203 -0.151 1.861
62 18 0.241 -0.574 1.864
62 19 0.371 -0.820 1.852
62 20 0.442 -0.851 1.812
63 1 0.193 -0.106 1.856
63 2 0.149 -0.033 1.889
63 3 0.181 0.362 1.932
63 4 0.255 0.555 1.999
63 5 0.129 0.283 1.811
63 6 0.160 0.020 1.687
63 7 0.215 -0.181 1.684
63 8 0.201 -0.243 1.668
63 9 0.251 0.211 2.043
63 10 0.043 0.021 2.049
63 11 -0.028 -0.227 1.980
63 12 -0.012 -0.310 1.986
63 13 0.161 -0.134 1.846
63 14 0.077 -0.508 1.919
63 15 -0.019 -0.726 1.885
63 16 0.066 -0.748 1.906
63 17 0.229 -0.150 1.852
63 18 0.267 -0.567 1.859
63 19 0.367 -0.820 1.848
63 20 0.437 -0.852 1.807
64 1 0.220 -0.102 1.853
64 2 0.177 -0.030 1.886
64 3 0.208 0.357 1.929
64 4 0.277 0.557 1.996
64 5 0.159 0.291 1.813
64 6 0.196 0.026 1.692
64 7 0.239 -0.177 1.684
64 8 0.225 -0.239 1.666
64 9 0.278 0.204 2.039
64 10 0.071 0.018 2.049
64 11 0.005 -0.228 1.979
64 12 0.022 -0.311 1.985
64 13 0.188 -0.129 1.844
64 14 0.105 -0.498 1.921
64 15 0.022 -0.713 1.885
64 16 0.091 -0.741 1.912
64 17 0.254 -0.150 1.847
64 18 0.292 -0.552 1.848
64 19 0.361 -0.822 1.842
64 20 0.430 -0.854 1.801
65 1 0.251 -0.096 1.850
65 2 0.206 -0.027 1.882
65 3 0.228 0.355 1.926
65 4 0.294 0.559 1.992
65 5 0.178 0.296 1.815
65 6 0.221 0.031 1.694
65 7 0.258 -0.173 1.684
65 8 0.263 -0.233 1.669
65 9 0.300 0.199 2.035
65 10 0.090 0.018 2.049
65 11 0.035 -0.224 1.978
65 12 0.052 -0.308 1.985
65 13 0.218 -0.123 1.843
65 14 0.138 -0.502 1.924
65 15 0.056 -0.715 1.887
65 16 0.127 -0.750 1.881
65 17 0.287 -0.147 1.841
65 18 0.303 -0.527 1.845
65 19 0.369 -0.816 1.827
65 20 0.438 -0.850 1.785
66 1 0.255 -0.092 1.850
66 2 0.216 -0.024 1.882
66 3 0.242 0.354 1.925
66 4 0.316 0.559 1.990
66 5 0.205 0.301 1.818
66 6 0.250 0.036 1.696
66 7 0.294 -0.167 1.685
66 8 0.295 -0.229 1.671
66 9 0.316 0.195 2.033
66 10 0.102 0.022 2.051
66 11 0.108 -0.191 2.036
66 12 0.124 -0.276 2.042
66 13 0.213 -0.113 1.846
66 14 0.180 -0.464 1.936
66 15 0.097 -0.714 1.894
66 16 0.168 -0.752 1.864
66 17 0.281 -0.144 1.843
66 18 0.308 -0.509 1.846
66 19 0.375 -0.810 1.815
66 20 0.444 -0.846 1.774
67 1 0.254 -0.088 1.852
67 2 0.219 -0.020 1.882
67 3 0.258 0.355 1.924
67 4 0.335 0.559 1.989
67 5 0.225 0.305 1.820
67 6 0.286 0.054 1.695
67 7 0.341 -0.146 1.689
67 8 0.334 -0.207 1.673
67 9 0.332 0.193 2.031
67 10 0.115 0.028 2.052
67 11 0.165 -0.166 2.071
67 12 0.175 -0.253 2.072
67 13 0.211 -0.107 1.848
67 14 0.217 -0.525 1.933
67 15 0.105 -0.728 1.895
67 16 0.179 -0.759 1.856
67 17 0.282 -0.142 1.843
67 18 0.323 -0.482 1.851
67 19 0.376 -0.800 1.801
67 20 0.446 -0.843 1.760
68 1 0.255 -0.084 1.853
68 2 0.222 -0.016 1.884
68 3 0.277 0.360 1.923
68 4 0.357 0.559 1.987
68 5 0.241 0.308 1.823
68 6 0.314 0.063 1.696
68 7 0.376 -0.138 1.689
68 8 0.387 -0.211 1.687
68 9 0.350 0.194 2.030
68 10 0.132 0.033 2.053
68 11 0.187 -0.158 2.082
68 12 0.198 -0.245 2.084
68 13 0.213 -0.102 1.851
68 14 0.252 -0.545 1.937
68 15 0.116 -0.728 1.896
68 16 0.185 -0.764 1.851
68 17 0.283 -0.139 1.844
68 18 0.369 -0.501 1.836
68 19 0.374 -0.796 1.793
68 20 0.443 -0.840 1.752
69 1 0.262 -0.079 1.855
69 2 0.230 -0.009 1.886
69 3 0.301 0.366 1.923
69 4 0.380 0.567 1.987
69 5 0.259 0.309 1.826
69 6 0.351 0.063 1.702
69 7 0.415 -0.141 1.691
69 8 0.437 -0.210 1.694
69 9 0.371 0.196 2.029
69 10 0.162 0.035 2.050
69 11 0.207 -0.154 2.088
69 12 0.218 -0.241 2.090
69 13 0.220 -0.097 1.853
69 14 0.289 -0.556 1.950
69 15 0.125 -0.723 1.898
69 16 0.193 -0.760 1.849
69 17 0.290 -0.133 1.845
69 18 0.390 -0.509 1.830
69 19 0.372 -0.793 1.787
69 20 0.440 -0.836 1.745
70 1 0.280 -0.069 1.854
70 2 0.248 0.001 1.887
70 3 0.322 0.370 1.923
70 4 0.398 0.575 1.987
70 5 0.276 0.311 1.828
70 6 0.373 0.063 1.706
70 7 0.452 -0.150 1.695
70 8 0.471 -0.215 1.700
70 9 0.392 0.199 2.029
70 10 0.182 0.038 2.047
70 11 0.221 -0.152 2.090
70 12 0.233 -0.239 2.093
70 13 0.240 -0.090 1.854
70 14 0.306 -0.561 1.952
70 15 0.170 -0.735 1.915
70 16 0.237 -0.773 1.865
70 17 0.312 -0.121 1.841
70 18 0.419 -0.524 1.816
70 19 0.379 -0.788 1.777
70 20 0.448 -0.830 1.734
71 1 0.317 -0.061 1.848
71 2 0.278 0.009 1.880
71 3 0.339 0.372 1.922
71 4 0.415 0.580 1.987
71 5 0.313 0.319 1.821
71 6 0.395 0.063 1.709
71 7 0.480 -0.154 1.699
71 8 0.507 -0.215 1.707
71 9 0.410 0.201 2.027
71 10 0.211 0.031 2.043
71 11 0.241 -0.159 2.083
71 12 0.255 -0.245 2.087
71 13 0.285 -0.084 1.846
71 14 0.320 -0.563 1.952
71 15 0.207 -0.742 1.933
71 16 0.277 -0.780 1.889
71 17 0.347 -0.113 1.834
71 18 0.430 -0.521 1.811
71 19 0.391 -0.786 1.767
71 20 0.461 -0.826 1.726
72 1 0.340 -0.055 1.846
72 2 0.302 0.015 1.879
72 3 0.361 0.376 1.922
72 4 0.424 0.584 1.986
72 5 0.329 0.322 1.820
72 6 0.414 0.064 1.712
72 7 0.503 -0.151 1.703
72 8 0.526 -0.212 1.711
72 9 0.431 0.205 2.027
72 10 0.233 0.056 2.036
72 11 0.256 -0.150 2.075
72 12 0.271 -0.235 2.079
72 13 0.310 -0.080 1.844
72 14 0.333 -0.561 1.950
72 15 0.225 -0.744 1.940
72 16 0.306 -0.749 1.946
72 17 0.371 -0.106 1.831
72 18 0.438 -0.512 1.810
72 19 0.400 -0.782 1.758
72 20 0.471 -0.822 1.717
73 1 0.363 -0.049 1.847
73 2 0.325 0.021 1.880
73 3 0.383 0.381 1.923
73 4 0.436 0.589 1.986
73 5 0.342 0.323 1.819
73 6 0.434 0.065 1.716
73 7 0.521 -0.147 1.706
73 8 0.555 -0.205 1.720
73 9 0.453 0.210 2.028
73 10 0.236 0.108 2.031
73 11 0.262 -0.110 2.059
73 12 0.278 -0.194 2.064
73 13 0.332 -0.078 1.847
73 14 0.346 -0.558 1.947
73 15 0.239 -0.745 1.946
73 16 0.333 -0.750 1.982
73 17 0.395 -0.099 1.829
73 18 0.397 -0.505 1.825
73 19 0.426 -0.769 1.751
73 20 0.496 -0.806 1.710
74 1 0.383 -0.043 1.850
74 2 0.346 0.027 1.884
74 3 0.404 0.389 1.926
74 4 0.444 0.593 1.986
74 5 0.353 0.324 1.820
74 6 0.452 0.067 1.720
74 7 0.544 -0.140 1.711
74 8 0.576 -0.198 1.726
74 9 0.475 0.217 2.030
74 10 0.240 0.127 2.029
74 11 0.267 -0.089 2.051
74 12 0.283 -0.172 2.058
74 13 0.349 -0.075 1.852
74 14 0.356 -0.553 1.944
74 15 0.250 -0.745 1.949
74 16 0.355 -0.744 1.996
74 17 0.415 -0.093 1.828
74 18 0.414 -0.508 1.827
74 19 0.430 -0.765 1.750
74 20 0.501 -0.803 1.708
75 1 0.399 -0.038 1.854
75 2 0.364 0.033 1.889
75 3 0.424 0.396 1.928
75 4 0.452 0.597 1.986
75 5 0.365 0.324 1.823
75 6 0.472 0.070 1.722
75 7 0.577 -0.132 1.722
75 8 0.607 -0.189 1.739
75 9 0.496 0.224 2.032
75 10 0.252 0.160 2.033
75 11 0.282 -0.050 2.049
75 12 0.299 -0.134 2.056
75 13 0.364 -0.072 1.859
75 14 0.367 -0.548 1.942
75 15 0.580 -0.735 2.017
75 16 0.636 -0.740 2.052
75 17 0.431 -0.088 1.830
75 18 0.420 -0.509 1.828
75 19 0.430 -0.762 1.753
75 20 0.500 -0.799 1.711
76 1 0.413 -0.035 1.857
76 2 0.380 0.036 1.893
76 3 0.444 0.401 1.932
76 4 0.476 0.603 1.987
76 5 0.383 0.325 1.827
76 6 0.490 0.072 1.725
76 7 0.599 -0.129 1.730
76 8 0.628 -0.184 1.747
76 9 0.516 0.229 2.035
76 10 0.283 0.137 2.026
76 11 0.313 -0.071 2.038
76 12 0.331 -0.154 2.045
76 13 0.376 -0.069 1.864
76 14 0.376 -0.544 1.940
76 15 0.650 -0.715 2.021
76 16 0.736 -0.736 2.020
76 17 0.447 -0.086 1.834
76 18 0.430 -0.508 1.831
76 19 0.428 -0.761 1.762
76 20 0.498 -0.797 1.718
77 1 0.429 -0.034 1.861
77 2 0.396 0.037 1.897
77 3 0.463 0.405 1.935
77 4 0.497 0.605 1.988
77 5 0.403 0.326 1.833
77 6 0.508 0.074 1.727
77 7 0.616 -0.127 1.737
77 8 0.647 -0.180 1.756
77 9 0.535 0.234 2.038
77 10 0.295 0.143 2.027
77 11 0.327 -0.063 2.038
77 12 0.344 -0.147 2.044
77 13 0.390 -0.067 1.867
77 14 0.386 -0.538 1.939
77 15 0.692 -0.690 2.005
77 16 0.793 -0.728 1.983
77 17 0.464 -0.084 1.840
77 18 0.439 -0.510 1.833
77 19 0.432 -0.761 1.772
77 20 0.501 -0.797 1.727
78 1 0.452 -0.038 1.867
78 2 0.418 0.035 1.903
78 3 0.484 0.409 1.937
78 4 0.523 0.598 1.988
78 5 0.420 0.324 1.837
78 6 0.525 0.074 1.729
78 7 0.634 -0.128 1.744
78 8 0.664 -0.180 1.764
78 9 0.556 0.240 2.041
78 10 0.304 0.148 2.028
78 11 0.336 -0.058 2.038
78 12 0.353 -0.141 2.045
78 13 0.421 -0.084 1.889
78 14 0.397 -0.542 1.939
78 15 0.714 -0.705 1.999
78 16 0.818 -0.737 1.964
78 17 0.495 -0.092 1.835
78 18 0.456 -0.521 1.836
78 19 0.438 -0.764 1.784
78 20 0.505 -0.800 1.737
79 1 0.473 -0.040 1.870
79 2 0.441 0.033 1.906
79 3 0.505 0.411 1.939
79 4 0.543 0.592 1.987
79 5 0.438 0.319 1.844
79 6 0.541 0.072 1.731
79 7 0.648 -0.130 1.750
79 8 0.678 -0.181 1.771
79 9 0.576 0.242 2.043
79 10 0.352 0.129 2.035
79 11 0.374 -0.071 2.044
79 12 0.391 -0.155 2.050
79 13 0.441 -0.086 1.892
79 14 0.411 -0.542 1.939
79 15 0.740 -0.686 1.983
79 16 0.843 -0.728 1.943
79 17 0.516 -0.094 1.836
79 18 0.471 -0.518 1.838
79 19 0.441 -0.765 1.792
79 20 0.507 -0.801 1.743
80 1 0.505 -0.047 1.872
80 2 0.470 0.027 1.908
80 3 0.526 0.408 1.940
80 4 0.563 0.587 1.987
80 5 0.471 0.310 1.849
80 6 0.561 0.063 1.732
80 7 0.660 -0.132 1.755
80 8 0.690 -0.183 1.776
80 9 0.597 0.242 2.044
80 10 0.363 0.127 2.038
80 11 0.386 -0.072 2.047
80 12 0.402 -0.156 2.053
80 13 0.464 -0.087 1.890
80 14 0.429 -0.542 1.939
80 15 0.761 -0.686 1.972
80 16 0.795 -0.775 1.959
80 17 0.541 -0.098 1.842
80 18 0.471 -0.468 1.839
80 19 0.445 -0.763 1.799
80 20 0.512 -0.802 1.750
81 1 0.535 -0.055 1.869
81 2 0.502 0.015 1.906
81 3 0.561 0.384 1.939
81 4 0.601 0.566 1.983
81 5 0.492 0.303 1.852
81 6 0.578 0.055 1.734
81 7 0.670 -0.135 1.758
81 8 0.699 -0.186 1.780
81 9 0.629 0.226 2.044
81 10 0.403 0.113 2.047
81 11 0.418 -0.083 2.055
81 12 0.434 -0.167 2.061
81 13 0.499 -0.095 1.880
81 14 0.462 -0.548 1.941
81 15 0.798 -0.677 1.961
81 16 0.806 -0.780 1.950
81 17 0.568 -0.106 1.841
81 18 0.471 -0.469 1.845
81 19 0.453 -0.765 1.806
81 20 0.518 -0.804 1.756
82 1 0.559 -0.066 1.869
82 2 0.524 0.004 1.904
82 3 0.582 0.368 1.938
82 4 0.615 0.558 1.982
82 5 0.531 0.297 1.847
82 6 0.608 0.040 1.741
82 7 0.682 -0.145 1.761
82 8 0.710 -0.193 1.781
82 9 0.652 0.213 2.044
82 10 0.430 0.105 2.055
82 11 0.444 -0.092 2.062
82 12 0.460 -0.176 2.068
82 13 0.521 -0.102 1.876
82 14 0.485 -0.555 1.943
82 15 0.807 -0.674 1.953
82 16 0.803 -0.787 1.948
82 17 0.590 -0.117 1.843
82 18 0.470 -0.474 1.850
82 19 0.459 -0.768 1.811
82 20 0.525 -0.807 1.763
83 1 0.580 -0.075 1.869
83 2 0.544 -0.005 1.903
83 3 0.602 0.355 1.937
83 4 0.627 0.552 1.982
83 5 0.552 0.294 1.846
83 6 0.622 0.033 1.745
83 7 0.692 -0.152 1.762
83 8 0.717 -0.198 1.781
83 9 0.674 0.201 2.044
83 10 0.477 0.066 2.071
83 11 0.499 -0.135 2.082
83 12 0.516 -0.219 2.088
83 13 0.542 -0.108 1.874
83 14 0.534 -0.546 1.891
83 15 0.800 -0.697 1.933
83 16 0.802 -0.793 1.945
83 17 0.611 -0.127 1.846
83 18 0.727 -0.532 1.956
83 19 0.606 -0.761 1.904
83 20 0.586 -0.779 1.851
84 1 0.593 -0.079 1.871
84 2 0.559 -0.010 1.906
84 3 0.622 0.349 1.939
84 4 0.653 0.540 1.985
84 5 0.568 0.291 1.847
84 6 0.637 0.029 1.749
84 7 0.704 -0.159 1.760
84 8 0.726 -0.210 1.777
84 9 0.695 0.193 2.045
84 10 0.507 0.073 2.085
84 11 0.526 -0.136 2.093
84 12 0.542 -0.220 2.099
84 13 0.555 -0.112 1.875
84 14 0.562 -0.541 1.857
84 15 0.799 -0.708 1.921
84 16 0.802 -0.796 1.939
84 17 0.625 -0.133 1.848
84 18 0.781 -0.537 1.976
84 19 0.696 -0.756 1.951
84 20 0.634 -0.779 1.910
85 1 0.609 -0.081 1.873
85 2 0.576 -0.012 1.908
85 3 0.644 0.348 1.941
85 4 0.680 0.540 1.990
85 5 0.592 0.290 1.854
85 6 0.654 0.026 1.754
85 7 0.722 -0.171 1.754
85 8 0.737 -0.227 1.769
85 9 0.716 0.188 2.047
85 10 0.529 0.082 2.094
85 11 0.548 -0.132 2.102
85 12 0.564 -0.216 2.108
85 13 0.570 -0.115 1.879
85 14 0.583 -0.562 1.839
85 15 0.811 -0.727 1.913
85 16 0.789 -0.796 1.921
85 17 0.640 -0.135 1.849
85 18 0.824 -0.542 1.979
85 19 0.738 -0.752 1.969
85 20 0.766 -0.751 1.935
86 1 0.632 -0.077 1.878
86 2 0.603 -0.006 1.915
86 3 0.679 0.359 1.949
86 4 0.704 0.547 1.993
86 5 0.613 0.292 1.862
86 6 0.673 0.027 1.757
86 7 0.733 -0.176 1.749
86 8 0.748 -0.236 1.756
86 9 0.745 0.191 2.051
86 10 0.551 0.091 2.101
86 11 0.570 -0.126 2.109
86 12 0.587 -0.210 2.116
86 13 0.591 -0.114 1.887
86 14 0.593 -0.568 1.832
86 15 0.827 -0.731 1.904
86 16 0.755 -0.753 1.886
86 17 0.664 -0.132 1.851
86 18 0.842 -0.537 1.974
86 19 0.764 -0.750 1.977
86 20 0.830 -0.738 1.936
87 1 0.655 -0.071 1.885
87 2 0.625 0.000 1.922
87 3 0.700 0.366 1.953
87 4 0.734 0.551 1.997
87 5 0.636 0.294 1.867
87 6 0.691 0.029 1.758
87 7 0.745 -0.177 1.740
87 8 0.763 -0.240 1.738
87 9 0.767 0.195 2.055
87 10 0.595 0.053 2.110
87 11 0.615 -0.153 2.121
87 12 0.632 -0.237 2.127
87 13 0.614 -0.109 1.898
87 14 0.636 -0.542 1.835
87 15 0.612 -0.755 1.843
87 16 0.646 -0.769 1.807
87 17 0.686 -0.127 1.854
87 18 0.859 -0.532 1.966
87 19 0.845 -0.751 1.949
87 20 0.813 -0.719 1.907
88 1 0.674 -0.065 1.892
88 2 0.645 0.007 1.929
88 3 0.725 0.375 1.958
88 4 0.760 0.555 2.000
88 5 0.664 0.301 1.873
88 6 0.708 0.035 1.758
88 7 0.765 -0.168 1.724
88 8 0.780 -0.232 1.719
88 9 0.793 0.201 2.060
88 10 0.630 0.033 2.117
88 11 0.645 -0.166 2.128
88 12 0.684 -0.253 2.143
88 13 0.633 -0.105 1.909
88 14 0.687 -0.496 1.837
88 15 0.564 -0.727 1.817
88 16 0.508 -0.717 1.771
88 17 0.704 -0.123 1.858
88 18 0.860 -0.518 1.943
88 19 0.881 -0.743 1.932
88 20 0.819 -0.746 1.889
89 1 0.693 -0.060 1.896
89 2 0.665 0.013 1.933
89 3 0.746 0.380 1.960
89 4 0.790 0.556 2.003
89 5 0.685 0.307 1.879
89 6 0.724 0.042 1.756
89 7 0.779 -0.160 1.712
89 8 0.795 -0.223 1.704
89 9 0.816 0.206 2.063
89 10 0.667 0.027 2.124
89 11 0.701 -0.171 2.143
89 12 0.721 -0.256 2.156
89 13 0.649 -0.101 1.915
89 14 0.722 -0.463 1.837
89 15 0.577 -0.703 1.815
89 16 0.464 -0.696 1.758
89 17 0.723 -0.119 1.860
89 18 0.892 -0.522 1.948
89 19 0.881 -0.751 1.919
89 20 0.850 -0.701 1.907
90 1 0.710 -0.055 1.899
90 2 0.683 0.018 1.935
90 3 0.771 0.386 1.963
90 4 0.831 0.571 2.013
90 5 0.715 0.315 1.878
90 6 0.742 0.049 1.751
90 7 0.802 -0.148 1.699
90 8 0.818 -0.212 1.691
90 9 0.842 0.213 2.066
90 10 0.694 0.027 2.130
90 11 0.747 -0.152 2.199
90 12 0.769 -0.235 2.215
90 13 0.666 -0.097 1.919
90 14 0.765 -0.439 1.830
90 15 0.598 -0.697 1.815
90 16 0.662 -0.727 1.773
90 17 0.741 -0.115 1.861
90 18 0.925 -0.513 1.961
90 19 0.920 -0.745 1.919
90 20 0.867 -0.762 1.914
91 1 0.730 -0.052 1.899
91 2 0.702 0.022 1.935
91 3 0.791 0.390 1.963
91 4 0.855 0.574 2.016
91 5 0.735 0.320 1.874
91 6 0.760 0.056 1.743
91 7 0.820 -0.141 1.690
91 8 0.838 -0.203 1.682
91 9 0.863 0.217 2.067
91 10 0.728 0.032 2.141
91 11 0.769 -0.146 2.225
91 12 0.791 -0.227 2.243
91 13 0.686 -0.093 1.919
91 14 0.784 -0.430 1.826
91 15 0.641 -0.696 1.817
91 16 0.707 -0.730 1.770
91 17 0.761 -0.112 1.862
91 18 0.938 -0.518 1.961
91 19 0.928 -0.748 1.915
91 20 0.925 -0.753 1.941
92 1 0.748 -0.054 1.898
92 2 0.721 0.020 1.933
92 3 0.812 0.388 1.961
92 4 0.876 0.573 2.017
92 5 0.752 0.321 1.869
92 6 0.773 0.058 1.737
92 7 0.835 -0.138 1.684
92 8 0.853 -0.200 1.678
92 9 0.884 0.218 2.067
92 10 0.764 0.032 2.159
92 11 0.796 -0.143 2.251
92 12 0.819 -0.223 2.269
92 13 0.703 -0.094 1.916
92 14 0.808 -0.429 1.821
92 15 0.675 -0.695 1.821
92 16 0.759 -0.735 1.768
92 17 0.779 -0.113 1.863
92 18 0.864 -0.508 2.015
92 19 0.940 -0.764 1.921
92 20 0.970 -0.741 1.948
93 1 0.765 -0.057 1.894
93 2 0.738 0.017 1.930
93 3 0.832 0.384 1.958
93 4 0.894 0.570 2.016
93 5 0.772 0.320 1.861
93 6 0.784 0.058 1.731
93 7 0.854 -0.137 1.680
93 8 0.873 -0.198 1.675
93 9 0.903 0.217 2.065
93 10 0.795 0.033 2.177
93 11 0.816 -0.141 2.269
93 12 0.839 -0.221 2.288
93 13 0.721 -0.096 1.909
93 14 0.826 -0.434 1.817
93 15 0.731 -0.702 1.831
93 16 0.825 -0.748 1.780
93 17 0.795 -0.115 1.862
93 18 0.846 -0.509 2.035
93 19 0.960 -0.782 1.942
93 20 0.993 -0.739 1.948
94 1 0.780 -0.059 1.890
94 2 0.754 0.016 1.925
94 3 0.851 0.383 1.955
94 4 0.913 0.569 2.013
94 5 0.787 0.320 1.854
94 6 0.792 0.058 1.726
94 7 0.868 -0.135 1.678
94 8 0.889 -0.195 1.674
94 9 0.922 0.218 2.063
94 10 0.810 0.034 2.184
94 11 0.831 -0.139 2.281
94 12 0.855 -0.218 2.299
94 13 0.736 -0.096 1.902
94 14 0.864 -0.453 1.797
94 15 0.892 -0.716 1.754
94 16 0.983 -0.764 1.704
94 17 0.810 -0.115 1.860
94 18 0.846 -0.513 1.961
94 19 0.986 -0.800 1.901
94 20 1.049 -0.801 1.866
95 1 0.790 -0.060 1.887
95 2 0.764 0.015 1.922
95 3 0.864 0.383 1.952
95 4 0.927 0.569 2.010
95 5 0.798 0.319 1.850
95 6 0.796 0.059 1.723
95 7 0.882 -0.130 1.677
95 8 0.917 -0.183 1.677
95 9 0.937 0.218 2.060
95 10 0.820 0.036 2.189
95 11 0.842 -0.137 2.288
95 12 0.866 -0.216 2.306
95 13 0.746 -0.096 1.898
95 14 0.882 -0.461 1.788
95 15 0.990 -0.724 1.700
95 16 1.073 -0.771 1.652
95 17 0.821 -0.116 1.859
95 18 0.839 -0.517 1.976
95 19 0.996 -0.809 1.898
95 20 0.937 -0.787 1.868
96 1 0.811 -0.049 1.881
96 2 0.784 0.023 1.918
96 3 0.881 0.384 1.946
96 4 0.940 0.569 2.004
96 5 0.810 0.318 1.845
96 6 0.798 0.061 1.721
96 7 0.892 -0.124 1.677
96 8 0.931 -0.174 1.679
96 9 0.954 0.219 2.056
96 10 0.830 0.038 2.190
96 11 0.854 -0.134 2.289
96 12 0.879 -0.213 2.307
96 13 0.774 -0.080 1.855
96 14 0.892 -0.462 1.783
96 15 1.013 -0.727 1.694
96 16 1.079 -0.772 1.651
96 17 0.844 -0.105 1.887
96 18 0.843 -0.523 1.972
96 19 1.003 -0.815 1.896
96 20 0.933 -0.795 1.855
97 1 0.825 -0.038 1.878
97 2 0.800 0.034 1.915
97 3 0.899 0.389 1.940
97 4 0.955 0.572 1.998
97 5 0.821 0.316 1.840
97 6 0.797 0.065 1.719
97 7 0.898 -0.115 1.679
97 8 0.941 -0.162 1.682
97 9 0.972 0.223 2.051
97 10 0.842 0.044 2.189
97 11 0.869 -0.128 2.287
97 12 0.894 -0.208 2.304
97 13 0.789 -0.071 1.832
97 14 0.898 -0.459 1.779
97 15 1.021 -0.728 1.694
97 16 1.085 -0.771 1.649
97 17 0.856 -0.099 1.901
97 18 0.854 -0.533 1.973
97 19 1.008 -0.821 1.897
97 20 0.913 -0.791 1.859
98 1 0.827 -0.015 1.903
98 2 0.807 0.054 1.930
98 3 0.909 0.393 1.938
98 4 0.966 0.575 1.993
98 5 0.829 0.314 1.836
98 6 0.790 0.071 1.717
98 7 0.901 -0.104 1.681
98 8 0.946 -0.149 1.684
98 9 0.983 0.225 2.048
98 10 0.850 0.049 2.187
98 11 0.879 -0.124 2.283
98 12 0.904 -0.204 2.300
98 13 0.789 -0.062 1.832
98 14 0.898 -0.446 1.773
98 15 1.038 -0.719 1.679
98 16 1.098 -0.761 1.633
98 17 0.849 -0.086 1.951
98 18 0.864 -0.543 1.970
98 19 0.944 -0.734 1.802
98 20 0.908 -0.762 1.814
99 1 0.857 0.008 1.891
99 2 0.836 0.074 1.921
99 3 0.921 0.396 1.933
99 4 0.976 0.579 1.985
99 5 0.836 0.312 1.833
99 6 0.781 0.079 1.717
99 7 0.901 -0.091 1.683
99 8 0.946 -0.137 1.686
99 9 0.996 0.228 2.044
99 10 0.860 0.054 2.181
99 11 0.892 -0.120 2.276
99 12 0.917 -0.200 2.293
99 13 0.813 -0.048 1.805
99 14 0.897 -0.436 1.771
99 15 0.992 -0.716 1.709
99 16 1.049 -0.756 1.660
99 17 0.874 -0.082 1.955
99 18 0.875 -0.512 1.920
99 19 0.883 -0.728 1.904
99 20 0.889 -0.724 1.818
100 1 0.870 0.018 1.885
100 2 0.847 0.082 1.917
100 3 0.931 0.399 1.929
100 4 0.984 0.581 1.978
100 5 0.842 0.310 1.829
100 6 0.773 0.086 1.717
100 7 0.900 -0.080 1.683
100 8 0.945 -0.126 1.686
100 9 1.007 0.231 2.039
100 10 0.869 0.058 2.175
100 11 0.902 -0.117 2.269
100 12 0.927 -0.197 2.285
100 13 0.822 -0.042 1.794
100 14 0.898 -0.465 1.779
100 15 0.940 -0.744 1.744
100 16 0.996 -0.782 1.693
100 17 0.887 -0.080 1.954
100 18 0.882 -0.489 1.888
100 19 0.858 -0.714 1.914
100 20 0.883 -0.707 1.823
101 1 0.877 0.024 1.882
101 2 0.854 0.087 1.915
101 3 0.939 0.401 1.925
101 4 0.989 0.583 1.972
101 5 0.846 0.309 1.825
101 6 0.763 0.092 1.718
101 7 0.897 -0.069 1.684
101 8 0.916 -0.085 1.687
101 9 1.016 0.233 2.035
101 10 0.878 0.062 2.169
101 11 0.912 -0.114 2.261
101 12 0.936 -0.194 2.277
101 13 0.827 -0.039 1.788
101 14 0.898 -0.476 1.782
101 15 0.923 -0.737 1.754
101 16 0.982 -0.780 1.699
101 17 0.895 -0.079 1.949
101 18 0.885 -0.480 1.875
101 19 0.850 -0.711 1.938
101 20 0.882 -0.694 1.827
102 1 0.879 -0.018 1.856
102 2 0.857 0.052 1.893
102 3 0.946 0.402 1.920
102 4 0.992 0.584 1.966
102 5 0.850 0.307 1.821
102 6 0.757 0.097 1.719
102 7 0.895 -0.061 1.684
102 8 0.911 -0.075 1.688
102 9 1.024 0.234 2.030
102 10 0.885 0.064 2.162
102 11 0.919 -0.113 2.253
102 12 0.944 -0.194 2.269
102 13 0.824 -0.062 1.800
102 14 0.898 -0.482 1.784
102 15 0.918 -0.740 1.759
102 16 0.976 -0.783 1.704
102 17 0.907 -0.099 1.888
102 18 0.888 -0.474 1.868
102 19 0.867 -0.720 1.942
102 20 0.887 -0.686 1.828
103 1 0.875 -0.048 1.840
103 2 0.857 0.031 1.881
103 3 0.951 0.401 1.913
103 4 0.994 0.584 1.956
103 5 0.852 0.304 1.816
103 6 0.723 0.130 1.724
103 7 0.868 -0.026 1.687
103 8 0.907 -0.068 1.688
103 9 1.030 0.234 2.024
103 10 0.891 0.064 2.154
103 11 0.925 -0.113 2.245
103 12 0.950 -0.193 2.261
103 13 0.816 -0.081 1.819
103 14 0.899 -0.486 1.785
103 15 0.920 -0.743 1.760
103 16 0.978 -0.785 1.704
103 17 0.912 -0.114 1.847
103 18 0.891 -0.470 1.864
103 19 0.879 -0.726 1.943
103 20 0.894 -0.682 1.828
104 1 0.874 -0.059 1.835
104 2 0.857 0.024 1.877
104 3 0.964 0.434 1.895
104 4 0.996 0.601 1.940
104 5 0.853 0.302 1.811
104 6 0.708 0.145 1.726
104 7 0.864 -0.017 1.687
104 8 0.907 -0.064 1.687
104 9 1.042 0.256 2.010
104 10 0.903 0.087 2.137
104 11 0.936 -0.092 2.228
104 12 0.961 -0.172 2.244
104 13 0.811 -0.089 1.831
104 14 0.904 -0.444 1.780
104 15 0.964 -0.723 1.728
104 16 1.022 -0.775 1.670
104 17 0.914 -0.119 1.830
104 18 0.893 -0.466 1.862
104 19 0.915 -0.758 1.867
104 20 0.955 -0.762 1.782
105 1 0.873 -0.060 1.837
105 2 0.857 0.023 1.877
105 3 0.968 0.448 1.886
105 4 0.996 0.609 1.931
105 5 0.852 0.299 1.804
105 6 0.692 0.160 1.726
105 7 0.853 0.003 1.686
105 8 0.904 -0.057 1.685
105 9 1.048 0.268 2.001
105 10 0.908 0.099 2.127
105 11 0.942 -0.080 2.218
105 12 0.966 -0.161 2.234
105 13 0.808 -0.092 1.838
105 14 0.907 -0.420 1.778
105 15 0.982 -0.714 1.716
105 16 1.040 -0.771 1.657
105 17 0.917 -0.097 1.849
105 18 0.906 -0.432 1.906
105 19 0.928 -0.745 1.838
105 20 0.941 -0.703 1.755
106 1 0.888 -0.059 1.829
106 2 0.864 0.024 1.871
106 3 0.970 0.455 1.881
106 4 0.996 0.615 1.923
106 5 0.850 0.295 1.795
106 6 0.677 0.172 1.726
106 7 0.843 0.022 1.685
106 8 0.898 -0.047 1.683
106 9 1.051 0.276 1.995
106 10 0.911 0.107 2.121
106 11 0.944 -0.072 2.211
106 12 0.969 -0.153 2.227
106 13 0.812 -0.094 1.842
106 14 0.914 -0.421 1.777
106 15 0.992 -0.716 1.711
106 16 1.048 -0.770 1.651
106 17 0.949 -0.094 1.816
106 18 0.959 -0.421 1.890
106 19 0.933 -0.701 1.817
106 20 0.942 -0.678 1.726
107 1 0.889 -0.062 1.829
107 2 0.866 0.022 1.869
107 3 0.965 0.427 1.869
107 4 0.992 0.609 1.914
107 5 0.846 0.286 1.783
107 6 0.664 0.179 1.726
107 7 0.834 0.037 1.685
107 8 0.893 -0.036 1.682
107 9 1.051 0.268 1.986
107 10 0.911 0.099 2.111
107 11 0.914 -0.019 1.858
107 12 0.943 -0.104 1.914
107 13 0.813 -0.096 1.845
107 14 0.919 -0.412 1.771
107 15 1.008 -0.709 1.691
107 16 1.066 -0.765 1.631
107 17 0.944 -0.110 1.813
107 18 0.954 -0.455 1.894
107 19 0.936 -0.702 1.805
107 20 0.936 -0.663 1.718
108 1 0.889 -0.064 1.830
108 2 0.867 0.021 1.868
108 3 0.962 0.413 1.864
108 4 0.971 0.583 1.880
108 5 0.843 0.280 1.775
108 6 0.657 0.183 1.726
108 7 0.829 0.046 1.684
108 8 0.889 -0.028 1.680
108 9 1.050 0.261 1.979
108 10 0.911 0.091 2.104
108 11 0.912 -0.005 1.798
108 12 0.937 -0.086 1.814
108 13 0.815 -0.096 1.848
108 14 0.941 -0.425 1.754
108 15 1.040 -0.703 1.662
108 16 1.096 -0.753 1.603
108 17 0.939 -0.118 1.813
108 18 0.948 -0.477 1.897
108 19 0.938 -0.705 1.798
108 20 0.933 -0.654 1.715
109 1 0.904 -0.039 1.809
109 2 0.883 0.044 1.848
109 3 0.966 0.445 1.857
109 4 0.952 0.605 1.845
109 5 0.841 0.277 1.770
109 6 0.652 0.186 1.726
109 7 0.826 0.053 1.684
109 8 0.886 -0.022 1.680
109 9 1.052 0.274 1.971
109 10 0.913 0.104 2.097
109 11 0.910 0.024 1.783
109 12 0.933 -0.064 1.759
109 13 0.814 -0.081 1.791
109 14 0.946 -0.415 1.756
109 15 1.065 -0.683 1.727
109 16 1.124 -0.736 1.669
109 17 0.977 -0.096 1.818
109 18 0.948 -0.458 1.896
109 19 0.945 -0.713 1.872
109 20 0.932 -0.667 1.781
110 1 0.911 -0.028 1.800
110 2 0.889 0.053 1.840
110 3 0.968 0.461 1.854
110 4 0.943 0.616 1.829
110 5 0.841 0.275 1.766
110 6 0.649 0.188 1.728
110 7 0.825 0.058 1.685
110 8 0.885 -0.017 1.681
110 9 1.053 0.284 1.966
110 10 0.914 0.113 2.092
110 11 0.910 0.029 1.783
110 12 0.932 -0.053 1.758
110 13 0.816 -0.070 1.755
110 14 0.956 -0.421 1.759
110 15 1.078 -0.682 1.754
110 16 1.136 -0.730 1.695
110 17 0.995 -0.084 1.821
110 18 0.948 -0.442 1.897
110 19 0.953 -0.716 1.906
110 20 0.933 -0.675 1.813
111 1 0.921 -0.013 1.787
111 2 0.896 0.064 1.830
111 3 0.969 0.470 1.852
111 4 0.938 0.621 1.817
111 5 0.841 0.275 1.763
111 6 0.655 0.185 1.736
111 7 0.851 0.153 1.667
111 8 0.905 0.075 1.663
111 9 1.054 0.291 1.963
111 10 0.915 0.120 2.089
111 11 0.911 0.032 1.780
111 12 0.933 -0.047 1.756
111 13 0.818 -0.063 1.741
111 14 0.989 -0.417 1.758
111 15 1.135 -0.658 1.760
111 16 1.194 -0.697 1.702
111 17 1.018 -0.064 1.807
111 18 0.951 -0.397 1.896
111 19 0.968 -0.690 1.936
111 20 0.963 -0.717 1.880
112 1 0.934 0.033 1.774
112 2 0.908 0.102 1.815
112 3 0.970 0.475 1.849
112 4 0.935 0.624 1.809
112 5 0.842 0.275 1.758
112 6 0.666 0.178 1.749
112 7 0.873 0.159 1.659
112 8 0.917 0.091 1.657
112 9 1.055 0.297 1.958
112 10 0.916 0.126 2.084
112 11 0.909 0.042 1.742
112 12 0.933 -0.044 1.750
112 13 0.805 -0.020 1.740
112 14 1.034 -0.359 1.773
112 15 1.201 -0.577 1.784
112 16 1.259 -0.610 1.725
112 17 1.060 -0.010 1.784
112 18 0.966 -0.329 1.879
112 19 0.982 -0.649 1.937
112 20 1.020 -0.692 1.887
113 1 0.940 0.046 1.767
113 2 0.913 0.113 1.809
113 3 0.971 0.479 1.847
113 4 0.932 0.626 1.805
113 5 0.843 0.276 1.754
113 6 0.681 0.170 1.767
113 7 0.883 0.165 1.656
113 8 0.928 0.098 1.654
113 9 1.056 0.301 1.955
113 10 0.916 0.130 2.081
113 11 0.766 0.153 1.826
113 12 0.739 0.132 1.763
113 13 0.803 -0.008 1.737
113 14 1.049 -0.343 1.779
113 15 1.224 -0.553 1.794
113 16 1.281 -0.585 1.736
113 17 1.073 0.004 1.775
113 18 0.974 -0.309 1.871
113 19 0.989 -0.635 1.937
113 20 0.978 -0.648 1.834
114 1 0.941 0.091 1.761
114 2 0.915 0.115 1.803
114 3 0.893 0.249 1.812
114 4 0.919 0.471 1.814
114 5 0.786 0.099 1.720
114 6 0.714 0.180 1.799
114 7 0.899 0.157 1.663
114 8 0.946 0.090 1.660
114 9 0.991 0.120 1.923
114 10 0.852 -0.051 2.050
114 11 0.886 -0.058 1.766
114 12 0.880 -0.022 1.683
114 13 0.795 0.039 1.747
114 14 1.043 -0.315 1.780
114 15 1.205 -0.525 1.790
114 16 1.258 -0.560 1.731
114 17 1.110 0.058 1.744
114 18 0.979 -0.297 1.866
114 19 0.994 -0.625 1.934
114 20 0.977 -0.633 1.826
115 1 0.942 0.107 1.759
115 2 0.916 0.112 1.800
115 3 0.880 0.207 1.804
115 4 0.914 0.428 1.813
115 5 0.760 0.015 1.704
115 6 0.748 0.178 1.830
115 7 0.923 0.136 1.682
115 8 0.973 0.069 1.678
115 9 0.964 0.041 1.909
115 10 0.825 -0.130 2.036
115 11 0.887 -0.155 1.769
115 12 0.902 -0.202 1.751
115 13 0.790 0.060 1.772
115 14 1.040 -0.300 1.779
115 15 1.189 -0.511 1.768
115 16 1.240 -0.549 1.709
115 17 1.123 0.076 1.733
115 18 0.983 -0.290 1.861
115 19 0.998 -0.619 1.930
115 20 0.965 -0.623 1.811
116 1 0.946 -0.096 1.754
116 2 0.910 -0.051 1.793
116 3 0.873 0.171 1.802
116 4 0.892 0.351 1.809
116 5 0.750 -0.022 1.698
116 6 0.771 0.174 1.846
116 7 0.942 0.122 1.700
116 8 0.994 0.055 1.696
116 9 0.953 0.003 1.903
116 10 0.909 -0.110 1.766
116 11 0.898 -0.280 1.756
116 12 0.919 -0.337 1.749
116 13 0.866 -0.166 1.762
116 14 0.999 -0.518 1.717
116 15 1.080 -0.783 1.662
116 16 1.135 -0.816 1.603
116 17 1.060 -0.087 1.725
116 18 0.981 -0.365 1.899
116 19 0.988 -0.683 1.959
116 20 0.955 -0.660 1.846
117 1 0.950 -0.122 1.751
117 2 0.911 -0.092 1.790
117 3 0.879 0.169 1.805
117 4 0.886 0.326 1.808
117 5 0.745 -0.044 1.695
117 6 0.792 0.167 1.858
117 7 0.962 0.110 1.722
117 8 1.015 0.044 1.717
117 9 0.947 -0.020 1.900
117 10 0.906 -0.154 1.714
117 11 0.929 -0.332 1.764
117 12 0.956 -0.439 1.776
117 13 0.877 -0.189 1.767
117 14 0.987 -0.585 1.697
117 15 1.053 -0.845 1.633
117 16 1.109 -0.878 1.572
117 17 1.044 -0.141 1.721
117 18 0.980 -0.412 1.921
117 19 0.984 -0.717 1.973
117 20 0.951 -0.680 1.863
118 1 0.961 -0.047 1.789
118 2 0.921 -0.026 1.822
118 3 0.889 0.165 1.809
118 4 0.885 0.324 1.812
118 5 0.751 -0.049 1.698
118 6 0.814 0.156 1.875
118 7 0.983 0.098 1.749
118 8 1.038 0.032 1.744
118 9 0.952 -0.027 1.903
118 10 0.928 -0.091 1.695
118 11 0.937 -0.314 1.744
118 12 0.946 -0.396 1.740
118 13 0.847 -0.110 1.808
118 14 1.019 -0.495 1.725
118 15 1.139 -0.721 1.662
118 16 1.195 -0.753 1.602
118 17 1.078 -0.104 1.747
118 18 0.989 -0.397 1.900
118 19 0.990 -0.697 1.949
118 20 0.953 -0.667 1.841
119 1 0.966 0.003 1.793
119 2 0.927 0.005 1.827
119 3 0.903 0.162 1.817
119 4 0.887 0.322 1.820
119 5 0.768 -0.040 1.707
119 6 0.832 0.137 1.891
119 7 1.001 0.083 1.772
119 8 1.056 0.017 1.766
119 9 0.969 -0.019 1.912
119 10 0.934 -0.074 1.696
119 11 0.947 -0.306 1.755
119 12 0.946 -0.369 1.765
119 13 0.833 -0.051 1.798
119 14 1.009 -0.450 1.740
119 15 1.122 -0.685 1.688
119 16 1.178 -0.718 1.627
119 17 1.110 -0.049 1.761
119 18 0.998 -0.374 1.882
119 19 0.998 -0.675 1.931
119 20 0.956 -0.658 1.829
120 1 0.972 0.033 1.799
120 2 0.935 0.034 1.832
120 3 0.929 0.175 1.827
120 4 0.894 0.322 1.829
120 5 0.792 -0.028 1.718
120 6 0.843 0.129 1.900
120 7 1.014 0.075 1.786
120 8 1.069 0.009 1.780
120 9 0.994 -0.007 1.923
120 10 0.947 -0.093 1.724
120 11 0.959 -0.353 1.749
120 12 0.958 -0.430 1.764
120 13 0.832 -0.024 1.802
120 14 1.017 -0.381 1.756
120 15 1.143 -0.626 1.709
120 16 1.199 -0.659 1.648
120 17 1.130 -0.003 1.766
120 18 1.006 -0.363 1.876
120 19 1.004 -0.664 1.924
120 20 0.960 -0.655 1.826
121 1 0.965 0.161 1.839
121 2 0.963 0.126 1.839
121 3 0.946 0.183 1.835
121 4 0.908 0.334 1.842
121 5 0.811 -0.017 1.729
121 6 0.851 0.124 1.906
121 7 1.024 0.069 1.797
121 8 1.079 0.003 1.791
121 9 1.014 0.003 1.934
121 10 0.958 -0.088 1.717
121 11 0.959 -0.349 1.751
121 12 0.953 -0.417 1.766
121 13 0.856 0.159 1.816
121 14 0.984 -0.239 1.772
121 15 1.076 -0.496 1.726
121 16 1.092 -0.564 1.705
121 17 1.086 0.172 1.795
121 18 1.010 -0.216 1.884
121 19 1.013 -0.525 1.912
121 20 0.994 -0.566 1.891
122 1 0.963 0.229 1.865
122 2 0.978 0.178 1.850
122 3 0.961 0.191 1.847
122 4 0.917 0.341 1.851
122 5 0.829 -0.006 1.741
122 6 0.858 0.122 1.913
122 7 1.033 0.067 1.808
122 8 1.088 0.001 1.802
122 9 1.032 0.014 1.946
122 10 0.964 -0.087 1.751
122 11 0.960 -0.338 1.757
122 12 0.952 -0.402 1.771
122 13 0.876 0.231 1.853
122 14 0.969 -0.165 1.790
122 15 1.034 -0.426 1.733
122 16 1.026 -0.514 1.735
122 17 1.072 0.242 1.790
122 18 1.014 -0.125 1.895
122 19 1.021 -0.435 1.911
122 20 1.015 -0.531 1.916
123 1 0.000 0.000 0.000
123 2 0.000 0.000 0.000
123 3 0.983 0.194 1.875
123 4 0.934 0.346 1.870
123 5 0.850 0.000 1.764
123 6 0.869 0.120 1.928
123 7 1.048 0.065 1.827
123 8 1.102 -0.001 1.821
123 9 1.054 0.020 1.968
123 10 0.975 -0.092 1.795
123 11 0.966 -0.328 1.776
123 12 0.957 -0.390 1.786
123 13 0.000 0.000 0.000
123 14 0.239 -0.115 0.493
123 15 0.228 -0.422 0.525
123 16 0.277 -0.443 0.614
123 17 0.000 0.000 0.000
123 18 0.240 -0.115 0.493
123 19 0.270 -0.424 0.545
123 20 0.318 -0.446 0.634
124 1 0.000 0.000 0.000
124 2 0.000 0.000 0.000
124 3 0.992 0.194 1.886
124 4 0.945 0.348 1.883
124 5 0.863 0.003 1.777
124 6 0.878 0.119 1.939
124 7 1.057 0.064 1.838
124 8 1.112 -0.003 1.833
124 9 1.067 0.023 1.981
124 10 0.981 -0.095 1.816
124 11 0.971 -0.323 1.784
124 12 0.966 -0.380 1.792
124 13 0.000 0.000 0.000
124 14 0.204 -0.085 0.443
124 15 0.140 -0.372 0.429
124 16 0.176 -0.397 0.533
124 17 0.000 0.000 0.000
124 18 0.210 -0.086 0.437
124 19 0.212 -0.370 0.427
124 20 0.272 -0.410 0.544
125 1 0.000 0.000 0.000
125 2 0.000 0.000 0.000
125 3 0.999 0.193 1.894
125 4 0.953 0.349 1.891
125 5 0.871 0.004 1.786
125 6 0.884 0.118 1.947
125 7 1.064 0.062 1.847
125 8 1.119 -0.004 1.841
125 9 1.075 0.024 1.990
125 10 0.986 -0.097 1.830
125 11 0.975 -0.319 1.791
125 12 0.972 -0.375 1.797
125 13 0.000 0.000 0.000
125 14 0.205 0.054 0.434
125 15 0.144 -0.262 0.404
125 16 0.191 -0.287 0.492
125 17 0.000 0.000 0.000
125 18 0.201 -0.114 0.422
125 19 0.193 -0.421 0.405
125 20 0.242 -0.438 0.493
