1 1 -1.394 -0.010 3.455
1 2 -1.428 0.047 3.479
1 3 -1.432 0.369 3.535
1 4 -1.352 0.521 3.554
1 5 -1.463 0.274 3.398
1 6 -1.525 0.087 3.273
1 7 -1.481 -0.092 3.193
1 8 -1.481 -0.147 3.163
1 9 -1.354 0.205 3.641
1 10 -1.349 -0.022 3.675
1 11 -1.279 -0.173 3.474
1 12 -1.285 -0.231 3.466
1 13 -1.409 -0.061 3.371
1 14 -1.417 -0.426 3.427
1 15 -1.424 -0.733 3.514
1 16 -1.352 -0.765 3.483
1 17 -1.362 -0.088 3.504
1 18 -1.376 -0.454 3.529
1 19 -1.386 -0.687 3.445
1 20 -1.378 -0.593 3.467
2 1 -1.393 -0.007 3.453
2 2 -1.428 0.050 3.476
2 3 -1.433 0.369 3.533
2 4 -1.353 0.522 3.550
2 5 -1.464 0.274 3.396
2 6 -1.525 0.087 3.272
2 7 -1.484 -0.094 3.195
2 8 -1.505 -0.128 3.156
2 9 -1.354 0.206 3.639
2 10 -1.350 -0.021 3.673
2 11 -1.279 -0.172 3.472
2 12 -1.285 -0.230 3.464
2 13 -1.408 -0.058 3.364
2 14 -1.417 -0.424 3.426
2 15 -1.424 -0.731 3.512
2 16 -1.352 -0.763 3.482
2 17 -1.362 -0.087 3.504
2 18 -1.377 -0.453 3.531
2 19 -1.387 -0.686 3.444
2 20 -1.379 -0.592 3.466
3 1 -1.393 -0.004 3.451
3 2 -1.428 0.051 3.474
3 3 -1.435 0.370 3.531
3 4 -1.355 0.522 3.547
3 5 -1.465 0.274 3.394
3 6 -1.526 0.087 3.271
3 7 -1.485 -0.095 3.198
3 8 -1.511 -0.124 3.157
3 9 -1.355 0.206 3.637
3 10 -1.351 -0.021 3.671
3 11 -1.280 -0.172 3.470
3 12 -1.286 -0.230 3.463
3 13 -1.407 -0.056 3.359
3 14 -1.417 -0.422 3.424
3 15 -1.424 -0.729 3.511
3 16 -1.352 -0.762 3.481
3 17 -1.361 -0.087 3.504
3 18 -1.377 -0.452 3.531
3 19 -1.387 -0.685 3.443
3 20 -1.379 -0.592 3.466
4 1 -1.393 -0.004 3.447
4 2 -1.429 0.051 3.470
4 3 -1.439 0.370 3.529
4 4 -1.358 0.523 3.544
4 5 -1.467 0.274 3.391
4 6 -1.527 0.087 3.270
4 7 -1.486 -0.095 3.199
4 8 -1.514 -0.124 3.159
4 9 -1.357 0.207 3.635
4 10 -1.353 -0.020 3.669
4 11 -1.282 -0.171 3.468
4 12 -1.288 -0.229 3.460
4 13 -1.407 -0.056 3.357
4 14 -1.416 -0.421 3.423
4 15 -1.424 -0.728 3.510
4 16 -1.351 -0.761 3.480
4 17 -1.362 -0.086 3.500
4 18 -1.375 -0.451 3.531
4 19 -1.386 -0.685 3.442
4 20 -1.379 -0.591 3.465
5 1 -1.393 -0.004 3.445
5 2 -1.430 0.052 3.468
5 3 -1.443 0.370 3.527
5 4 -1.362 0.523 3.542
5 5 -1.471 0.274 3.390
5 6 -1.530 0.086 3.268
5 7 -1.485 -0.095 3.200
5 8 -1.514 -0.125 3.163
5 9 -1.360 0.207 3.633
5 10 -1.355 -0.020 3.667
5 11 -1.284 -0.171 3.466
5 12 -1.290 -0.229 3.459
5 13 -1.407 -0.055 3.355
5 14 -1.416 -0.420 3.422
5 15 -1.424 -0.727 3.509
5 16 -1.351 -0.760 3.479
5 17 -1.361 -0.085 3.497
5 18 -1.373 -0.449 3.524
5 19 -1.385 -0.685 3.448
5 20 -1.379 -0.591 3.465
6 1 -1.395 -0.005 3.443
6 2 -1.431 0.050 3.466
6 3 -1.446 0.369 3.526
6 4 -1.365 0.524 3.540
6 5 -1.475 0.273 3.388
6 6 -1.534 0.086 3.267
6 7 -1.479 -0.095 3.217
6 8 -1.511 -0.120 3.174
6 9 -1.362 0.207 3.632
6 10 -1.358 -0.020 3.666
6 11 -1.287 -0.171 3.464
6 12 -1.293 -0.229 3.457
6 13 -1.408 -0.056 3.354
6 14 -1.416 -0.420 3.421
6 15 -1.423 -0.727 3.508
6 16 -1.351 -0.759 3.478
6 17 -1.362 -0.085 3.493
6 18 -1.370 -0.450 3.516
6 19 -1.383 -0.687 3.459
6 20 -1.379 -0.591 3.467
7 1 -1.395 -0.006 3.441
7 2 -1.432 0.050 3.464
7 3 -1.450 0.369 3.525
7 4 -1.368 0.524 3.538
7 5 -1.480 0.272 3.386
7 6 -1.537 0.085 3.265
7 7 -1.476 -0.095 3.227
7 8 -1.512 -0.115 3.184
7 9 -1.365 0.207 3.630
7 10 -1.361 -0.020 3.664
7 11 -1.290 -0.171 3.463
7 12 -1.296 -0.229 3.455
7 13 -1.408 -0.056 3.353
7 14 -1.416 -0.420 3.421
7 15 -1.423 -0.727 3.507
7 16 -1.351 -0.759 3.478
7 17 -1.362 -0.085 3.492
7 18 -1.370 -0.450 3.494
7 19 -1.382 -0.687 3.472
7 20 -1.379 -0.591 3.470
8 1 -1.396 -0.007 3.440
8 2 -1.434 0.048 3.463
8 3 -1.456 0.368 3.525
8 4 -1.373 0.524 3.537
8 5 -1.483 0.271 3.384
8 6 -1.540 0.085 3.265
8 7 -1.483 -0.094 3.220
8 8 -1.511 -0.124 3.184
8 9 -1.370 0.206 3.629
8 10 -1.365 -0.021 3.663
8 11 -1.295 -0.172 3.462
8 12 -1.301 -0.230 3.454
8 13 -1.409 -0.057 3.354
8 14 -1.367 -0.417 3.417
8 15 -1.375 -0.724 3.503
8 16 -1.301 -0.756 3.475
8 17 -1.363 -0.085 3.491
8 18 -1.369 -0.450 3.487
8 19 -1.380 -0.688 3.484
8 20 -1.378 -0.591 3.473
9 1 -1.396 -0.009 3.439
9 2 -1.435 0.046 3.461
9 3 -1.461 0.367 3.524
9 4 -1.376 0.523 3.537
9 5 -1.486 0.270 3.383
9 6 -1.543 0.085 3.264
9 7 -1.487 -0.095 3.222
9 8 -1.514 -0.129 3.188
9 9 -1.374 0.205 3.628
9 10 -1.369 -0.021 3.662
9 11 -1.299 -0.172 3.461
9 12 -1.305 -0.230 3.454
9 13 -1.409 -0.058 3.355
9 14 -1.364 -0.417 3.415
9 15 -1.372 -0.724 3.501
9 16 -1.297 -0.756 3.473
9 17 -1.363 -0.085 3.489
9 18 -1.369 -0.451 3.482
9 19 -1.380 -0.689 3.494
9 20 -1.378 -0.592 3.476
10 1 -1.397 -0.010 3.439
10 2 -1.435 0.046 3.461
10 3 -1.464 0.366 3.524
10 4 -1.379 0.524 3.536
10 5 -1.489 0.270 3.382
10 6 -1.551 0.089 3.266
10 7 -1.491 -0.091 3.223
10 8 -1.515 -0.129 3.190
10 9 -1.377 0.205 3.628
10 10 -1.373 -0.022 3.662
10 11 -1.302 -0.173 3.460
10 12 -1.308 -0.231 3.453
10 13 -1.410 -0.058 3.355
10 14 -1.365 -0.417 3.412
10 15 -1.372 -0.724 3.499
10 16 -1.298 -0.756 3.471
10 17 -1.362 -0.085 3.488
10 18 -1.369 -0.451 3.480
10 19 -1.379 -0.689 3.500
10 20 -1.378 -0.592 3.478
11 1 -1.397 -0.010 3.438
11 2 -1.436 0.045 3.460
11 3 -1.466 0.366 3.524
11 4 -1.381 0.523 3.536
11 5 -1.492 0.269 3.381
11 6 -1.556 0.090 3.267
11 7 -1.492 -0.090 3.224
11 8 -1.515 -0.129 3.191
11 9 -1.380 0.205 3.627
11 10 -1.375 -0.022 3.661
11 11 -1.304 -0.173 3.460
11 12 -1.310 -0.231 3.453
11 13 -1.410 -0.058 3.356
11 14 -1.369 -0.418 3.410
11 15 -1.376 -0.725 3.497
11 16 -1.302 -0.757 3.469
11 17 -1.362 -0.085 3.487
11 18 -1.368 -0.451 3.478
11 19 -1.378 -0.689 3.506
11 20 -1.377 -0.592 3.481
12 1 -1.397 -0.011 3.438
12 2 -1.436 0.044 3.460
12 3 -1.468 0.366 3.525
12 4 -1.383 0.523 3.536
12 5 -1.493 0.268 3.381
12 6 -1.559 0.091 3.267
12 7 -1.493 -0.089 3.225
12 8 -1.516 -0.129 3.192
12 9 -1.382 0.204 3.627
12 10 -1.378 -0.023 3.661
12 11 -1.307 -0.174 3.460
12 12 -1.313 -0.232 3.452
12 13 -1.410 -0.059 3.357
12 14 -1.374 -0.418 3.408
12 15 -1.381 -0.725 3.495
12 16 -1.307 -0.757 3.468
12 17 -1.361 -0.085 3.486
12 18 -1.366 -0.450 3.480
12 19 -1.379 -0.688 3.510
12 20 -1.376 -0.592 3.483
13 1 -1.396 -0.011 3.437
13 2 -1.436 0.044 3.459
13 3 -1.470 0.365 3.525
13 4 -1.384 0.523 3.535
13 5 -1.495 0.268 3.380
13 6 -1.561 0.091 3.267
13 7 -1.494 -0.088 3.225
13 8 -1.517 -0.130 3.193
13 9 -1.385 0.204 3.627
13 10 -1.380 -0.023 3.661
13 11 -1.309 -0.174 3.459
13 12 -1.315 -0.232 3.452
13 13 -1.410 -0.059 3.357
13 14 -1.378 -0.418 3.407
13 15 -1.386 -0.726 3.493
13 16 -1.312 -0.758 3.466
13 17 -1.361 -0.085 3.485
13 18 -1.363 -0.450 3.483
13 19 -1.379 -0.688 3.512
13 20 -1.376 -0.592 3.484
14 1 -1.396 -0.012 3.437
14 2 -1.436 0.043 3.459
14 3 -1.471 0.364 3.525
14 4 -1.386 0.523 3.535
14 5 -1.496 0.267 3.379
14 6 -1.563 0.092 3.267
14 7 -1.495 -0.088 3.226
14 8 -1.517 -0.131 3.195
14 9 -1.386 0.203 3.626
14 10 -1.382 -0.024 3.661
14 11 -1.311 -0.175 3.459
14 12 -1.317 -0.233 3.452
14 13 -1.409 -0.059 3.358
14 14 -1.382 -0.419 3.405
14 15 -1.389 -0.726 3.492
14 16 -1.315 -0.758 3.465
14 17 -1.360 -0.084 3.485
14 18 -1.355 -0.448 3.494
14 19 -1.378 -0.688 3.513
14 20 -1.376 -0.592 3.485
15 1 -1.395 -0.013 3.436
15 2 -1.436 0.042 3.458
15 3 -1.472 0.364 3.524
15 4 -1.387 0.523 3.535
15 5 -1.497 0.267 3.378
15 6 -1.564 0.091 3.267
15 7 -1.496 -0.088 3.226
15 8 -1.518 -0.134 3.197
15 9 -1.388 0.203 3.626
15 10 -1.384 -0.024 3.660
15 11 -1.313 -0.175 3.459
15 12 -1.319 -0.233 3.451
15 13 -1.408 -0.059 3.358
15 14 -1.386 -0.419 3.405
15 15 -1.393 -0.726 3.491
15 16 -1.319 -0.758 3.465
15 17 -1.358 -0.084 3.483
15 18 -1.349 -0.447 3.502
15 19 -1.378 -0.688 3.513
15 20 -1.375 -0.591 3.485
16 1 -1.395 -0.016 3.436
16 2 -1.436 0.040 3.458
16 3 -1.473 0.364 3.524
16 4 -1.388 0.523 3.535
16 5 -1.498 0.266 3.377
16 6 -1.564 0.091 3.266
16 7 -1.496 -0.089 3.226
16 8 -1.520 -0.136 3.199
16 9 -1.390 0.202 3.626
16 10 -1.385 -0.025 3.660
16 11 -1.314 -0.176 3.458
16 12 -1.320 -0.234 3.451
16 13 -1.408 -0.061 3.360
16 14 -1.374 -0.421 3.404
16 15 -1.381 -0.728 3.490
16 16 -1.307 -0.760 3.464
16 17 -1.358 -0.085 3.482
16 18 -1.346 -0.448 3.507
16 19 -1.377 -0.688 3.513
16 20 -1.375 -0.592 3.486
17 1 -1.394 -0.019 3.436
17 2 -1.436 0.038 3.458
17 3 -1.474 0.363 3.524
17 4 -1.389 0.522 3.535
17 5 -1.499 0.265 3.376
17 6 -1.564 0.089 3.266
17 7 -1.496 -0.090 3.226
17 8 -1.520 -0.138 3.199
17 9 -1.391 0.202 3.625
17 10 -1.386 -0.025 3.659
17 11 -1.315 -0.176 3.458
17 12 -1.322 -0.234 3.451
17 13 -1.407 -0.065 3.364
17 14 -1.373 -0.424 3.402
17 15 -1.380 -0.732 3.488
17 16 -1.306 -0.764 3.462
17 17 -1.358 -0.087 3.482
17 18 -1.344 -0.450 3.509
17 19 -1.376 -0.690 3.510
17 20 -1.373 -0.593 3.486
18 1 -1.394 -0.022 3.437
18 2 -1.436 0.036 3.458
18 3 -1.475 0.363 3.523
18 4 -1.389 0.522 3.534
18 5 -1.499 0.265 3.375
18 6 -1.563 0.087 3.265
18 7 -1.495 -0.092 3.226
18 8 -1.519 -0.140 3.200
18 9 -1.392 0.202 3.625
18 10 -1.387 -0.025 3.659
18 11 -1.316 -0.176 3.457
18 12 -1.322 -0.234 3.450
18 13 -1.405 -0.068 3.366
18 14 -1.372 -0.427 3.400
18 15 -1.379 -0.734 3.487
18 16 -1.305 -0.766 3.460
18 17 -1.358 -0.088 3.482
18 18 -1.342 -0.452 3.512
18 19 -1.374 -0.693 3.505
18 20 -1.372 -0.595 3.485
19 1 -1.394 -0.024 3.437
19 2 -1.435 0.035 3.458
19 3 -1.474 0.363 3.521
19 4 -1.390 0.522 3.534
19 5 -1.499 0.265 3.373
19 6 -1.562 0.084 3.263
19 7 -1.495 -0.095 3.226
19 8 -1.517 -0.143 3.198
19 9 -1.392 0.201 3.624
19 10 -1.388 -0.025 3.658
19 11 -1.317 -0.176 3.456
19 12 -1.323 -0.234 3.449
19 13 -1.405 -0.071 3.368
19 14 -1.372 -0.429 3.398
19 15 -1.379 -0.737 3.485
19 16 -1.305 -0.769 3.459
19 17 -1.358 -0.090 3.482
19 18 -1.341 -0.454 3.514
19 19 -1.372 -0.695 3.501
19 20 -1.371 -0.596 3.484
20 1 -1.394 -0.025 3.437
20 2 -1.435 0.034 3.457
20 3 -1.474 0.363 3.519
20 4 -1.390 0.522 3.533
20 5 -1.498 0.264 3.371
20 6 -1.561 0.081 3.261
20 7 -1.490 -0.097 3.220
20 8 -1.488 -0.141 3.176
20 9 -1.392 0.201 3.623
20 10 -1.388 -0.026 3.657
20 11 -1.317 -0.177 3.455
20 12 -1.323 -0.234 3.448
20 13 -1.404 -0.072 3.368
20 14 -1.372 -0.431 3.397
20 15 -1.379 -0.739 3.484
20 16 -1.305 -0.771 3.457
20 17 -1.359 -0.092 3.481
20 18 -1.340 -0.455 3.516
20 19 -1.370 -0.696 3.498
20 20 -1.369 -0.597 3.483
21 1 -1.393 -0.027 3.436
21 2 -1.435 0.032 3.457
21 3 -1.474 0.363 3.518
21 4 -1.390 0.521 3.531
21 5 -1.497 0.263 3.369
21 6 -1.558 0.078 3.259
21 7 -1.487 -0.100 3.215
21 8 -1.482 -0.142 3.168
21 9 -1.393 0.201 3.622
21 10 -1.388 -0.026 3.656
21 11 -1.317 -0.177 3.454
21 12 -1.324 -0.235 3.447
21 13 -1.403 -0.074 3.369
21 14 -1.372 -0.433 3.396
21 15 -1.379 -0.740 3.482
21 16 -1.305 -0.772 3.456
21 17 -1.360 -0.094 3.480
21 18 -1.339 -0.456 3.517
21 19 -1.368 -0.698 3.495
21 20 -1.368 -0.599 3.482
22 1 -1.393 -0.030 3.435
22 2 -1.435 0.030 3.455
22 3 -1.473 0.363 3.515
22 4 -1.389 0.521 3.530
22 5 -1.495 0.262 3.366
22 6 -1.556 0.076 3.256
22 7 -1.484 -0.101 3.211
22 8 -1.478 -0.139 3.160
22 9 -1.392 0.201 3.620
22 10 -1.388 -0.026 3.654
22 11 -1.317 -0.177 3.452
22 12 -1.323 -0.235 3.445
22 13 -1.403 -0.075 3.369
22 14 -1.372 -0.434 3.395
22 15 -1.379 -0.742 3.481
22 16 -1.305 -0.774 3.455
22 17 -1.361 -0.098 3.476
22 18 -1.338 -0.458 3.518
22 19 -1.365 -0.700 3.495
22 20 -1.363 -0.601 3.484
23 1 -1.393 -0.032 3.433
23 2 -1.435 0.028 3.453
23 3 -1.470 0.362 3.511
23 4 -1.388 0.519 3.527
23 5 -1.490 0.260 3.360
23 6 -1.552 0.071 3.250
23 7 -1.435 -0.084 3.224
23 8 -1.392 -0.123 3.211
23 9 -1.391 0.201 3.617
23 10 -1.387 -0.026 3.651
23 11 -1.316 -0.177 3.450
23 12 -1.322 -0.235 3.442
23 13 -1.403 -0.076 3.366
23 14 -1.366 -0.435 3.394
23 15 -1.373 -0.743 3.480
23 16 -1.299 -0.775 3.454
23 17 -1.362 -0.101 3.473
23 18 -1.337 -0.459 3.520
23 19 -1.360 -0.701 3.495
23 20 -1.356 -0.603 3.487
24 1 -1.394 -0.033 3.431
24 2 -1.435 0.027 3.451
24 3 -1.465 0.362 3.505
24 4 -1.383 0.517 3.522
24 5 -1.483 0.257 3.354
24 6 -1.544 0.068 3.242
24 7 -1.413 -0.080 3.232
24 8 -1.361 -0.125 3.237
24 9 -1.389 0.200 3.613
24 10 -1.384 -0.027 3.647
24 11 -1.313 -0.178 3.446
24 12 -1.319 -0.236 3.438
24 13 -1.404 -0.077 3.363
24 14 -1.357 -0.435 3.394
24 15 -1.364 -0.743 3.480
24 16 -1.291 -0.775 3.454
24 17 -1.363 -0.103 3.471
24 18 -1.334 -0.461 3.527
24 19 -1.353 -0.702 3.497
24 20 -1.342 -0.605 3.492
25 1 -1.394 -0.034 3.430
25 2 -1.435 0.026 3.450
25 3 -1.461 0.361 3.501
25 4 -1.378 0.515 3.519
25 5 -1.476 0.255 3.349
25 6 -1.537 0.065 3.237
25 7 -1.415 -0.091 3.218
25 8 -1.439 -0.123 3.174
25 9 -1.386 0.199 3.609
25 10 -1.381 -0.028 3.644
25 11 -1.310 -0.179 3.442
25 12 -1.316 -0.236 3.435
25 13 -1.405 -0.079 3.358
25 14 -1.349 -0.435 3.395
25 15 -1.356 -0.742 3.481
25 16 -1.282 -0.775 3.455
25 17 -1.363 -0.104 3.470
25 18 -1.316 -0.451 3.569
25 19 -1.344 -0.696 3.496
25 20 -1.330 -0.593 3.493
26 1 -1.394 -0.035 3.429
26 2 -1.434 0.025 3.448
26 3 -1.451 0.358 3.495
26 4 -1.371 0.512 3.515
26 5 -1.468 0.252 3.344
26 6 -1.529 0.062 3.232
26 7 -1.431 -0.108 3.190
26 8 -1.452 -0.122 3.151
26 9 -1.379 0.197 3.604
26 10 -1.375 -0.030 3.638
26 11 -1.304 -0.181 3.437
26 12 -1.310 -0.238 3.430
26 13 -1.405 -0.081 3.354
26 14 -1.352 -0.437 3.395
26 15 -1.359 -0.745 3.482
26 16 -1.285 -0.777 3.456
26 17 -1.364 -0.107 3.470
26 18 -1.311 -0.448 3.599
26 19 -1.319 -0.691 3.517
26 20 -1.319 -0.593 3.496
27 1 -1.391 -0.068 3.411
27 2 -1.428 0.002 3.433
27 3 -1.442 0.357 3.489
27 4 -1.364 0.509 3.511
27 5 -1.462 0.251 3.342
27 6 -1.524 0.060 3.229
27 7 -1.463 -0.106 3.131
27 8 -1.491 -0.133 3.091
27 9 -1.371 0.196 3.598
27 10 -1.367 -0.030 3.632
27 11 -1.296 -0.181 3.431
27 12 -1.302 -0.239 3.424
27 13 -1.406 -0.091 3.350
27 14 -1.342 -0.441 3.405
27 15 -1.349 -0.749 3.491
27 16 -1.276 -0.781 3.464
27 17 -1.362 -0.128 3.450
27 18 -1.302 -0.450 3.609
27 19 -1.309 -0.689 3.516
27 20 -1.312 -0.591 3.495
28 1 -1.389 -0.078 3.405
28 2 -1.425 -0.006 3.427
28 3 -1.433 0.358 3.484
28 4 -1.356 0.508 3.508
28 5 -1.454 0.250 3.339
28 6 -1.516 0.057 3.226
28 7 -1.479 -0.107 3.100
28 8 -1.508 -0.137 3.068
28 9 -1.363 0.197 3.592
28 10 -1.358 -0.030 3.627
28 11 -1.288 -0.181 3.425
28 12 -1.294 -0.239 3.418
28 13 -1.407 -0.097 3.348
28 14 -1.335 -0.444 3.410
28 15 -1.342 -0.752 3.497
28 16 -1.270 -0.784 3.468
28 17 -1.361 -0.135 3.444
28 18 -1.294 -0.458 3.602
28 19 -1.300 -0.691 3.516
28 20 -1.305 -0.594 3.494
29 1 -1.386 -0.056 3.407
29 2 -1.420 0.003 3.426
29 3 -1.425 0.359 3.480
29 4 -1.348 0.506 3.507
29 5 -1.447 0.249 3.338
29 6 -1.508 0.055 3.223
29 7 -1.483 -0.106 3.083
29 8 -1.508 -0.120 3.037
29 9 -1.355 0.197 3.588
29 10 -1.351 -0.030 3.622
29 11 -1.280 -0.181 3.421
29 12 -1.286 -0.239 3.413
29 13 -1.407 -0.099 3.345
29 14 -1.332 -0.446 3.412
29 15 -1.339 -0.753 3.499
29 16 -1.267 -0.786 3.470
29 17 -1.360 -0.136 3.446
29 18 -1.290 -0.463 3.584
29 19 -1.289 -0.694 3.511
29 20 -1.298 -0.596 3.492
30 1 -1.383 -0.044 3.409
30 2 -1.415 0.013 3.428
30 3 -1.409 0.361 3.474
30 4 -1.325 0.507 3.498
30 5 -1.442 0.249 3.336
30 6 -1.502 0.054 3.221
30 7 -1.472 -0.110 3.090
30 8 -1.506 -0.113 3.030
30 9 -1.341 0.198 3.581
30 10 -1.337 -0.029 3.616
30 11 -1.266 -0.180 3.414
30 12 -1.272 -0.238 3.407
30 13 -1.407 -0.101 3.343
30 14 -1.330 -0.446 3.413
30 15 -1.337 -0.754 3.500
30 16 -1.265 -0.786 3.471
30 17 -1.357 -0.132 3.451
30 18 -1.288 -0.465 3.576
30 19 -1.280 -0.695 3.507
30 20 -1.285 -0.598 3.489
31 1 -1.380 -0.042 3.409
31 2 -1.411 0.015 3.428
31 3 -1.400 0.362 3.472
31 4 -1.314 0.506 3.496
31 5 -1.434 0.250 3.337
31 6 -1.494 0.055 3.217
31 7 -1.464 -0.110 3.091
31 8 -1.503 -0.115 3.030
31 9 -1.332 0.199 3.578
31 10 -1.327 -0.028 3.612
31 11 -1.256 -0.179 3.411
31 12 -1.263 -0.237 3.404
31 13 -1.406 -0.102 3.342
31 14 -1.328 -0.447 3.414
31 15 -1.310 -0.758 3.488
31 16 -1.227 -0.793 3.450
31 17 -1.355 -0.131 3.453
31 18 -1.286 -0.465 3.576
31 19 -1.267 -0.694 3.511
31 20 -1.275 -0.599 3.490
32 1 -1.377 -0.042 3.409
32 2 -1.408 0.017 3.428
32 3 -1.392 0.364 3.471
32 4 -1.307 0.506 3.496
32 5 -1.424 0.251 3.337
32 6 -1.487 0.055 3.215
32 7 -1.455 -0.111 3.096
32 8 -1.498 -0.112 3.032
32 9 -1.323 0.200 3.576
32 10 -1.319 -0.027 3.610
32 11 -1.248 -0.178 3.409
32 12 -1.254 -0.236 3.401
32 13 -1.403 -0.103 3.340
32 14 -1.327 -0.448 3.414
32 15 -1.286 -0.759 3.482
32 16 -1.195 -0.794 3.443
32 17 -1.352 -0.131 3.456
32 18 -1.285 -0.466 3.575
32 19 -1.258 -0.695 3.513
32 20 -1.268 -0.600 3.492
33 1 -1.367 -0.033 3.413
33 2 -1.399 0.026 3.431
33 3 -1.385 0.365 3.472
33 4 -1.299 0.505 3.497
33 5 -1.410 0.252 3.337
33 6 -1.482 0.055 3.213
33 7 -1.391 -0.105 3.161
33 8 -1.357 -0.147 3.162
33 9 -1.315 0.201 3.575
33 10 -1.311 -0.026 3.609
33 11 -1.240 -0.177 3.408
33 12 -1.246 -0.234 3.400
33 13 -1.391 -0.098 3.333
33 14 -1.321 -0.446 3.413
33 15 -1.253 -0.753 3.474
33 16 -1.171 -0.789 3.439
33 17 -1.344 -0.128 3.465
33 18 -1.284 -0.471 3.559
33 19 -1.246 -0.699 3.511
33 20 -1.258 -0.604 3.493
34 1 -1.351 -0.063 3.409
34 2 -1.383 0.005 3.428
34 3 -1.377 0.366 3.473
34 4 -1.290 0.502 3.500
34 5 -1.396 0.251 3.336
34 6 -1.470 0.053 3.212
34 7 -1.334 -0.087 3.237
34 8 -1.294 -0.132 3.246
34 9 -1.307 0.202 3.575
34 10 -1.302 -0.025 3.609
34 11 -1.231 -0.176 3.407
34 12 -1.237 -0.234 3.400
34 13 -1.380 -0.103 3.333
34 14 -1.317 -0.451 3.408
34 15 -1.230 -0.757 3.467
34 16 -1.154 -0.792 3.434
34 17 -1.332 -0.143 3.459
34 18 -1.277 -0.480 3.563
34 19 -1.237 -0.708 3.518
34 20 -1.249 -0.613 3.499
35 1 -1.330 -0.074 3.423
35 2 -1.363 -0.003 3.440
35 3 -1.357 0.363 3.482
35 4 -1.273 0.498 3.510
35 5 -1.378 0.249 3.339
35 6 -1.459 0.050 3.214
35 7 -1.298 -0.081 3.286
35 8 -1.245 -0.132 3.310
35 9 -1.291 0.201 3.580
35 10 -1.286 -0.026 3.614
35 11 -1.215 -0.177 3.412
35 12 -1.221 -0.235 3.405
35 13 -1.353 -0.116 3.349
35 14 -1.317 -0.463 3.397
35 15 -1.211 -0.770 3.453
35 16 -1.143 -0.798 3.428
35 17 -1.305 -0.150 3.479
35 18 -1.277 -0.504 3.528
35 19 -1.098 -0.492 3.524
35 20 -1.054 -0.500 3.497
36 1 -1.314 -0.082 3.418
36 2 -1.350 -0.009 3.439
36 3 -1.342 0.361 3.489
36 4 -1.259 0.495 3.517
36 5 -1.362 0.248 3.341
36 6 -1.435 0.047 3.215
36 7 -1.289 -0.084 3.298
36 8 -1.248 -0.141 3.318
36 9 -1.276 0.200 3.584
36 10 -1.272 -0.027 3.618
36 11 -1.201 -0.178 3.417
36 12 -1.207 -0.236 3.410
36 13 -1.341 -0.118 3.349
36 14 -1.318 -0.467 3.392
36 15 -1.203 -0.772 3.449
36 16 -1.136 -0.799 3.426
36 17 -1.281 -0.153 3.458
36 18 -1.276 -0.510 3.517
36 19 -1.060 -0.390 3.542
36 20 -0.986 -0.428 3.514
37 1 -1.304 -0.090 3.415
37 2 -1.339 -0.016 3.438
37 3 -1.329 0.359 3.493
37 4 -1.246 0.494 3.525
37 5 -1.348 0.246 3.343
37 6 -1.417 0.044 3.220
37 7 -1.267 -0.077 3.319
37 8 -1.206 -0.136 3.358
37 9 -1.262 0.198 3.588
37 10 -1.258 -0.029 3.622
37 11 -1.187 -0.180 3.421
37 12 -1.193 -0.238 3.414
37 13 -1.331 -0.122 3.352
37 14 -1.312 -0.473 3.389
37 15 -1.193 -0.775 3.448
37 16 -1.120 -0.805 3.427
37 17 -1.271 -0.157 3.451
37 18 -1.208 -0.510 3.527
37 19 -1.361 -0.449 3.436
37 20 -1.234 -0.466 3.476
38 1 -1.293 -0.099 3.415
38 2 -1.326 -0.024 3.439
38 3 -1.314 0.356 3.497
38 4 -1.234 0.492 3.531
38 5 -1.336 0.245 3.344
38 6 -1.403 0.041 3.224
38 7 -1.257 -0.076 3.326
38 8 -1.194 -0.134 3.366
38 9 -1.246 0.196 3.593
38 10 -1.242 -0.031 3.627
38 11 -1.171 -0.182 3.425
38 12 -1.177 -0.240 3.418
38 13 -1.317 -0.129 3.358
38 14 -1.307 -0.481 3.387
38 15 -1.185 -0.780 3.449
38 16 -1.110 -0.814 3.428
38 17 -1.262 -0.160 3.448
38 18 -1.169 -0.510 3.534
38 19 -1.354 -0.384 3.426
38 20 -1.246 -0.442 3.468
39 1 -1.280 -0.100 3.416
39 2 -1.314 -0.027 3.439
39 3 -1.300 0.353 3.501
39 4 -1.223 0.490 3.536
39 5 -1.320 0.241 3.345
39 6 -1.387 0.035 3.229
39 7 -1.238 -0.088 3.299
39 8 -1.182 -0.137 3.339
39 9 -1.232 0.193 3.597
39 10 -1.228 -0.034 3.631
39 11 -1.157 -0.185 3.430
39 12 -1.163 -0.243 3.422
39 13 -1.298 -0.132 3.357
39 14 -1.302 -0.485 3.386
39 15 -1.180 -0.782 3.450
39 16 -1.104 -0.817 3.430
39 17 -1.254 -0.162 3.448
39 18 -1.151 -0.513 3.538
39 19 -1.387 -0.417 3.389
39 20 -1.299 -0.453 3.450
40 1 -1.245 -0.105 3.439
40 2 -1.279 -0.032 3.458
40 3 -1.279 0.349 3.502
40 4 -1.197 0.484 3.537
40 5 -1.302 0.237 3.348
40 6 -1.371 0.032 3.234
40 7 -1.224 -0.098 3.278
40 8 -1.174 -0.142 3.314
40 9 -1.213 0.190 3.600
40 10 -1.208 -0.037 3.634
40 11 -1.138 -0.188 3.432
40 12 -1.144 -0.246 3.425
40 13 -1.262 -0.144 3.383
40 14 -1.286 -0.497 3.379
40 15 -1.169 -0.789 3.447
40 16 -1.094 -0.825 3.426
40 17 -1.221 -0.169 3.477
40 18 -1.115 -0.549 3.542
40 19 -1.343 -0.431 3.406
40 20 -1.278 -0.493 3.444
41 1 -1.228 -0.109 3.448
41 2 -1.261 -0.036 3.465
41 3 -1.254 0.345 3.505
41 4 -1.175 0.481 3.538
41 5 -1.279 0.232 3.352
41 6 -1.350 0.030 3.237
41 7 -1.215 -0.113 3.254
41 8 -1.172 -0.156 3.282
41 9 -1.190 0.186 3.603
41 10 -1.185 -0.041 3.638
41 11 -1.114 -0.192 3.436
41 12 -1.120 -0.250 3.429
41 13 -1.245 -0.150 3.393
41 14 -1.270 -0.506 3.373
41 15 -1.158 -0.796 3.445
41 16 -1.077 -0.836 3.419
41 17 -1.204 -0.174 3.487
41 18 -1.104 -0.553 3.542
41 19 -1.368 -0.456 3.376
41 20 -1.303 -0.496 3.432
42 1 -1.209 -0.106 3.447
42 2 -1.245 -0.036 3.465
42 3 -1.234 0.342 3.510
42 4 -1.157 0.477 3.542
42 5 -1.251 0.227 3.357
42 6 -1.322 0.031 3.240
42 7 -1.211 -0.128 3.237
42 8 -1.175 -0.174 3.254
42 9 -1.169 0.182 3.609
42 10 -1.165 -0.045 3.643
42 11 -1.094 -0.196 3.441
42 12 -1.100 -0.254 3.434
42 13 -1.214 -0.143 3.374
42 14 -1.250 -0.507 3.374
42 15 -1.142 -0.797 3.447
42 16 -1.053 -0.834 3.422
42 17 -1.191 -0.177 3.490
42 18 -1.101 -0.551 3.542
42 19 -1.340 -0.488 3.343
42 20 -1.290 -0.513 3.411
43 1 -1.194 -0.102 3.445
43 2 -1.230 -0.034 3.465
43 3 -1.206 0.309 3.516
43 4 -1.130 0.465 3.557
43 5 -1.233 0.227 3.360
43 6 -1.279 0.041 3.235
43 7 -1.207 -0.134 3.231
43 8 -1.176 -0.183 3.244
43 9 -1.141 0.157 3.615
43 10 -1.136 -0.070 3.649
43 11 -1.066 -0.221 3.448
43 12 -1.072 -0.279 3.440
43 13 -1.199 -0.140 3.366
43 14 -1.231 -0.506 3.375
43 15 -1.125 -0.796 3.449
43 16 -1.041 -0.834 3.423
43 17 -1.176 -0.180 3.491
43 18 -1.102 -0.550 3.541
43 19 -1.322 -0.511 3.330
43 20 -1.275 -0.576 3.374
44 1 -1.149 -0.092 3.450
44 2 -1.184 -0.026 3.471
44 3 -1.168 0.322 3.527
44 4 -1.097 0.474 3.569
44 5 -1.210 0.227 3.362
44 6 -1.256 0.043 3.235
44 7 -1.181 -0.134 3.232
44 8 -1.165 -0.187 3.238
44 9 -1.106 0.161 3.624
44 10 -1.102 -0.066 3.658
44 11 -1.031 -0.217 3.457
44 12 -1.037 -0.275 3.450
44 13 -1.160 -0.133 3.373
44 14 -1.224 -0.503 3.372
44 15 -1.119 -0.796 3.449
44 16 -1.036 -0.832 3.421
44 17 -1.128 -0.174 3.496
44 18 -1.103 -0.544 3.540
44 19 -1.311 -0.524 3.326
44 20 -1.267 -0.602 3.361
45 1 -1.126 -0.090 3.453
45 2 -1.160 -0.023 3.474
45 3 -1.148 0.330 3.535
45 4 -1.076 0.478 3.579
45 5 -1.165 0.238 3.377
45 6 -1.228 0.038 3.237
45 7 -1.129 -0.128 3.248
45 8 -1.105 -0.180 3.254
45 9 -1.084 0.165 3.632
45 10 -1.080 -0.062 3.666
45 11 -1.009 -0.213 3.464
45 12 -1.015 -0.271 3.457
45 13 -1.136 -0.130 3.383
45 14 -1.221 -0.497 3.368
45 15 -1.116 -0.793 3.447
45 16 -1.035 -0.829 3.420
45 17 -1.104 -0.170 3.497
45 18 -1.102 -0.540 3.540
45 19 -1.301 -0.528 3.328
45 20 -1.260 -0.614 3.356
46 1 -1.102 -0.093 3.456
46 2 -1.133 -0.025 3.479
46 3 -1.108 0.344 3.551
46 4 -1.040 0.488 3.595
46 5 -1.145 0.243 3.386
46 6 -1.202 0.040 3.242
46 7 -1.112 -0.129 3.251
46 8 -1.086 -0.184 3.255
46 9 -1.046 0.175 3.646
46 10 -1.042 -0.052 3.680
46 11 -0.971 -0.203 3.479
46 12 -0.977 -0.261 3.471
46 13 -1.118 -0.129 3.394
46 14 -1.212 -0.493 3.368
46 15 -1.110 -0.791 3.447
46 16 -1.031 -0.827 3.419
46 17 -1.074 -0.166 3.491
46 18 -1.101 -0.534 3.540
46 19 -1.295 -0.533 3.332
46 20 -1.256 -0.622 3.355
47 1 -1.076 -0.101 3.462
47 2 -1.109 -0.029 3.485
47 3 -1.091 0.349 3.558
47 4 -1.025 0.492 3.602
47 5 -1.116 0.245 3.394
47 6 -1.183 0.042 3.246
47 7 -1.096 -0.128 3.251
47 8 -1.050 -0.167 3.239
47 9 -1.026 0.180 3.654
47 10 -1.021 -0.047 3.688
47 11 -0.950 -0.198 3.487
47 12 -0.956 -0.256 3.479
47 13 -1.094 -0.131 3.413
47 14 -1.172 -0.493 3.379
47 15 -1.081 -0.791 3.453
47 16 -1.007 -0.825 3.425
47 17 -1.052 -0.165 3.490
47 18 -1.097 -0.530 3.540
47 19 -1.288 -0.536 3.344
47 20 -1.224 -0.559 3.367
48 1 -1.041 -0.102 3.474
48 2 -1.075 -0.028 3.497
48 3 -1.070 0.359 3.569
48 4 -1.000 0.500 3.610
48 5 -1.083 0.251 3.411
48 6 -1.145 0.049 3.256
48 7 -1.120 -0.135 3.241
48 8 -1.135 -0.175 3.201
48 9 -1.002 0.189 3.665
48 10 -0.998 -0.038 3.699
48 11 -0.927 -0.189 3.497
48 12 -0.933 -0.247 3.490
48 13 -1.063 -0.128 3.430
48 14 -1.139 -0.486 3.388
48 15 -1.054 -0.785 3.458
48 16 -0.982 -0.819 3.431
48 17 -1.013 -0.156 3.500
48 18 -1.075 -0.519 3.538
48 19 -1.275 -0.557 3.377
48 20 -1.229 -0.539 3.366
49 1 -1.009 -0.104 3.485
49 2 -1.047 -0.029 3.507
49 3 -1.055 0.367 3.578
49 4 -0.984 0.506 3.614
49 5 -1.064 0.255 3.419
49 6 -1.114 0.067 3.267
49 7 -1.123 -0.127 3.227
49 8 -1.129 -0.163 3.177
49 9 -0.985 0.197 3.674
49 10 -0.980 -0.030 3.708
49 11 -0.910 -0.181 3.507
49 12 -0.916 -0.239 3.499
49 13 -1.021 -0.125 3.465
49 14 -1.083 -0.479 3.398
49 15 -0.969 -0.617 3.537
49 16 -0.897 -0.649 3.512
49 17 -0.984 -0.145 3.501
49 18 -1.017 -0.498 3.561
49 19 -1.196 -0.437 3.428
49 20 -1.180 -0.377 3.388
50 1 -0.988 -0.099 3.492
50 2 -1.026 -0.024 3.515
50 3 -1.035 0.372 3.591
50 4 -0.961 0.509 3.621
50 5 -1.052 0.257 3.425
50 6 -1.078 0.067 3.293
50 7 -1.026 -0.113 3.280
50 8 -0.991 -0.163 3.282
50 9 -0.965 0.203 3.685
50 10 -0.961 -0.024 3.720
50 11 -0.890 -0.175 3.518
50 12 -0.896 -0.233 3.511
50 13 -1.003 -0.120 3.478
50 14 -1.031 -0.472 3.401
50 15 -0.930 -0.581 3.558
50 16 -0.859 -0.613 3.532
50 17 -0.963 -0.134 3.503
50 18 -0.952 -0.471 3.601
50 19 -1.123 -0.353 3.479
50 20 -1.125 -0.271 3.417
51 1 -0.966 -0.102 3.501
51 2 -1.006 -0.026 3.523
51 3 -1.020 0.376 3.599
51 4 -0.943 0.511 3.625
51 5 -1.022 0.255 3.432
51 6 -1.060 0.064 3.305
51 7 -0.974 -0.094 3.340
51 8 -0.946 -0.141 3.356
51 9 -0.949 0.208 3.694
51 10 -0.945 -0.019 3.728
51 11 -0.874 -0.170 3.526
51 12 -0.880 -0.228 3.519
51 13 -0.981 -0.121 3.494
51 14 -0.983 -0.476 3.411
51 15 -0.932 -0.613 3.553
51 16 -0.858 -0.645 3.530
51 17 -0.948 -0.129 3.505
51 18 -0.896 -0.448 3.652
51 19 -1.062 -0.294 3.533
51 20 -1.081 -0.381 3.500
52 1 -0.952 -0.102 3.505
52 2 -0.989 -0.026 3.527
52 3 -0.984 0.375 3.602
52 4 -0.910 0.511 3.627
52 5 -0.996 0.253 3.439
52 6 -1.048 0.062 3.314
52 7 -0.944 -0.089 3.372
52 8 -0.906 -0.138 3.406
52 9 -0.922 0.210 3.699
52 10 -0.917 -0.017 3.733
52 11 -0.846 -0.168 3.532
52 12 -0.853 -0.226 3.525
52 13 -0.968 -0.121 3.500
52 14 -0.929 -0.476 3.404
52 15 -1.087 -0.740 3.393
52 16 -1.015 -0.774 3.366
52 17 -0.933 -0.127 3.507
52 18 -0.871 -0.439 3.675
52 19 -1.037 -0.272 3.555
52 20 -1.059 -0.382 3.524
53 1 -0.935 -0.102 3.507
53 2 -0.970 -0.026 3.530
53 3 -0.967 0.374 3.603
53 4 -0.892 0.511 3.627
53 5 -0.981 0.253 3.444
53 6 -1.036 0.061 3.324
53 7 -0.927 -0.086 3.388
53 8 -0.890 -0.141 3.423
53 9 -0.903 0.211 3.702
53 10 -0.899 -0.016 3.736
53 11 -0.828 -0.167 3.535
53 12 -0.834 -0.224 3.527
53 13 -0.952 -0.120 3.500
53 14 -0.906 -0.476 3.405
53 15 -1.069 -0.745 3.391
53 16 -0.997 -0.778 3.365
53 17 -0.912 -0.128 3.509
53 18 -0.846 -0.431 3.695
53 19 -1.013 -0.260 3.573
53 20 -1.020 -0.367 3.554
54 1 -0.919 -0.099 3.508
54 2 -0.952 -0.023 3.531
54 3 -0.941 0.375 3.600
54 4 -0.864 0.512 3.629
54 5 -0.966 0.254 3.449
54 6 -1.023 0.060 3.332
54 7 -0.914 -0.085 3.398
54 8 -0.881 -0.145 3.427
54 9 -0.878 0.213 3.702
54 10 -0.874 -0.014 3.736
54 11 -0.803 -0.165 3.535
54 12 -0.809 -0.223 3.528
54 13 -0.938 -0.118 3.495
54 14 -0.890 -0.475 3.406
54 15 -1.056 -0.790 3.374
54 16 -0.999 -0.814 3.341
54 17 -0.894 -0.129 3.513
54 18 -0.832 -0.427 3.706
54 19 -0.998 -0.257 3.583
54 20 -0.967 -0.363 3.529
55 1 -0.886 -0.089 3.515
55 2 -0.925 -0.018 3.536
55 3 -0.928 0.375 3.599
55 4 -0.851 0.512 3.630
55 5 -0.951 0.254 3.453
55 6 -1.015 0.060 3.338
55 7 -0.905 -0.084 3.405
55 8 -0.866 -0.143 3.432
55 9 -0.863 0.214 3.702
55 10 -0.858 -0.013 3.737
55 11 -0.787 -0.164 3.535
55 12 -0.793 -0.222 3.528
55 13 -0.915 -0.113 3.491
55 14 -0.879 -0.475 3.408
55 15 -1.031 -0.804 3.380
55 16 -0.987 -0.835 3.335
55 17 -0.853 -0.122 3.530
55 18 -0.769 -0.350 3.790
55 19 -0.938 -0.198 3.661
55 20 -0.897 -0.279 3.586
56 1 -0.856 -0.052 3.522
56 2 -0.892 0.013 3.544
56 3 -0.896 0.373 3.597
56 4 -0.818 0.511 3.632
56 5 -0.937 0.255 3.456
56 6 -0.999 0.057 3.346
56 7 -0.895 -0.085 3.411
56 8 -0.851 -0.143 3.447
56 9 -0.834 0.213 3.701
56 10 -0.829 -0.014 3.736
56 11 -0.759 -0.165 3.534
56 12 -0.765 -0.223 3.527
56 13 -0.886 -0.091 3.470
56 14 -0.870 -0.468 3.413
56 15 -1.018 -0.808 3.377
56 16 -0.958 -0.832 3.343
56 17 -0.826 -0.110 3.551
56 18 -1.016 -0.361 3.514
56 19 -0.912 -0.501 3.462
56 20 -0.837 -0.539 3.412
57 1 -0.840 -0.035 3.526
57 2 -0.875 0.026 3.547
57 3 -0.878 0.372 3.599
57 4 -0.798 0.509 3.636
57 5 -0.906 0.256 3.460
57 6 -0.978 0.055 3.352
57 7 -0.881 -0.088 3.412
57 8 -0.831 -0.146 3.437
57 9 -0.814 0.212 3.702
57 10 -0.809 -0.015 3.736
57 11 -0.738 -0.166 3.535
57 12 -0.744 -0.224 3.528
57 13 -0.865 -0.079 3.465
57 14 -0.865 -0.460 3.416
57 15 -0.999 -0.795 3.386
57 16 -0.933 -0.822 3.354
57 17 -0.809 -0.101 3.560
57 18 -1.033 -0.337 3.488
57 19 -0.879 -0.544 3.455
57 20 -0.795 -0.584 3.392
58 1 -0.829 -0.026 3.528
58 2 -0.862 0.034 3.549
58 3 -0.854 0.376 3.602
58 4 -0.775 0.512 3.642
58 5 -0.881 0.257 3.464
58 6 -0.953 0.054 3.357
58 7 -0.864 -0.091 3.410
58 8 -0.819 -0.148 3.433
58 9 -0.789 0.214 3.704
58 10 -0.785 -0.013 3.738
58 11 -0.714 -0.164 3.537
58 12 -0.720 -0.222 3.530
58 13 -0.853 -0.073 3.462
58 14 -0.856 -0.444 3.449
58 15 -0.945 -0.714 3.471
58 16 -0.921 -0.628 3.490
58 17 -0.799 -0.096 3.565
58 18 -1.081 -0.339 3.419
58 19 -0.877 -0.615 3.412
58 20 -0.785 -0.640 3.358
59 1 -0.791 -0.017 3.538
59 2 -0.823 0.043 3.562
59 3 -0.812 0.374 3.623
59 4 -0.736 0.512 3.665
59 5 -0.862 0.259 3.468
59 6 -0.919 0.057 3.359
59 7 -0.843 -0.094 3.408
59 8 -0.796 -0.150 3.425
59 9 -0.748 0.212 3.720
59 10 -0.743 -0.015 3.754
59 11 -0.673 -0.166 3.553
59 12 -0.679 -0.224 3.545
59 13 -0.817 -0.060 3.475
59 14 -0.888 -0.416 3.451
59 15 -0.949 -0.636 3.519
59 16 -0.929 -0.541 3.536
59 17 -0.759 -0.082 3.572
59 18 -1.045 -0.344 3.435
59 19 -0.861 -0.621 3.427
59 20 -0.772 -0.650 3.368
60 1 -0.776 -0.018 3.538
60 2 -0.807 0.043 3.564
60 3 -0.787 0.372 3.636
60 4 -0.718 0.512 3.673
60 5 -0.815 0.256 3.478
60 6 -0.890 0.055 3.360
60 7 -0.798 -0.093 3.404
60 8 -0.745 -0.142 3.418
60 9 -0.722 0.211 3.731
60 10 -0.718 -0.016 3.765
60 11 -0.647 -0.167 3.563
60 12 -0.653 -0.225 3.556
60 13 -0.804 -0.055 3.479
60 14 -0.928 -0.396 3.459
60 15 -0.956 -0.601 3.547
60 16 -0.935 -0.486 3.571
60 17 -0.743 -0.080 3.569
60 18 -1.047 -0.347 3.419
60 19 -0.854 -0.633 3.424
60 20 -0.765 -0.657 3.368
61 1 -0.743 -0.032 3.544
61 2 -0.776 0.033 3.569
61 3 -0.766 0.370 3.644
61 4 -0.693 0.509 3.681
61 5 -0.787 0.252 3.481
61 6 -0.862 0.052 3.358
61 7 -0.774 -0.096 3.404
61 8 -0.723 -0.145 3.418
61 9 -0.699 0.209 3.738
61 10 -0.695 -0.018 3.772
61 11 -0.624 -0.169 3.571
61 12 -0.630 -0.227 3.563
61 13 -0.769 -0.063 3.498
61 14 -0.976 -0.363 3.447
61 15 -0.989 -0.559 3.549
61 16 -0.953 -0.478 3.565
61 17 -0.717 -0.080 3.569
61 18 -1.001 -0.350 3.436
61 19 -0.831 -0.624 3.435
61 20 -0.748 -0.653 3.377
