1 1 0.332 -0.476 2.436
1 2 0.332 -0.423 2.415
1 3 0.336 -0.158 2.322
1 4 0.342 0.038 2.307
1 5 0.188 -0.229 2.326
1 6 0.146 -0.438 2.273
1 7 0.283 -0.551 2.052
1 8 0.291 -0.590 2.007
1 9 0.470 -0.251 2.299
1 10 0.483 -0.446 2.225
1 11 0.374 -0.547 2.089
1 12 0.310 -0.575 2.036
1 13 0.259 -0.533 2.467
1 14 0.124 -0.584 2.144
1 15 0.134 -0.837 2.174
1 16 0.107 -0.874 2.118
1 17 0.406 -0.541 2.444
1 18 0.442 -0.591 2.107
1 19 0.472 -0.836 2.108
1 20 0.434 -0.893 2.128
2 1 0.332 -0.476 2.436
2 2 0.332 -0.423 2.415
2 3 0.336 -0.158 2.322
2 4 0.342 0.038 2.307
2 5 0.188 -0.229 2.326
2 6 0.146 -0.438 2.273
2 7 0.281 -0.551 2.053
2 8 0.289 -0.590 2.008
2 9 0.470 -0.251 2.299
2 10 0.483 -0.447 2.226
2 11 0.375 -0.546 2.089
2 12 0.311 -0.574 2.037
2 13 0.259 -0.533 2.467
2 14 0.124 -0.584 2.144
2 15 0.134 -0.837 2.174
2 16 0.107 -0.874 2.118
2 17 0.406 -0.541 2.444
2 18 0.442 -0.591 2.107
2 19 0.472 -0.836 2.109
2 20 0.434 -0.893 2.128
3 1 0.332 -0.476 2.436
3 2 0.332 -0.423 2.415
3 3 0.336 -0.158 2.322
3 4 0.342 0.038 2.307
3 5 0.188 -0.229 2.326
3 6 0.146 -0.438 2.273
3 7 0.279 -0.551 2.053
3 8 0.287 -0.590 2.009
3 9 0.470 -0.251 2.299
3 10 0.484 -0.447 2.226
3 11 0.375 -0.546 2.089
3 12 0.311 -0.574 2.037
3 13 0.259 -0.533 2.467
3 14 0.124 -0.584 2.144
3 15 0.135 -0.837 2.175
3 16 0.107 -0.873 2.119
3 17 0.406 -0.541 2.444
3 18 0.442 -0.592 2.107
3 19 0.472 -0.836 2.109
3 20 0.431 -0.892 2.128
4 1 0.332 -0.476 2.436
4 2 0.332 -0.423 2.415
4 3 0.336 -0.158 2.322
4 4 0.342 0.038 2.307
4 5 0.189 -0.229 2.326
4 6 0.146 -0.438 2.274
4 7 0.278 -0.551 2.053
4 8 0.286 -0.590 2.010
4 9 0.470 -0.251 2.299
4 10 0.484 -0.447 2.226
4 11 0.376 -0.546 2.089
4 12 0.312 -0.574 2.037
4 13 0.259 -0.533 2.467
4 14 0.124 -0.585 2.144
4 15 0.133 -0.839 2.169
4 16 0.108 -0.879 2.119
4 17 0.406 -0.541 2.444
4 18 0.442 -0.592 2.108
4 19 0.472 -0.837 2.109
4 20 0.426 -0.889 2.127
5 1 0.332 -0.476 2.436
5 2 0.332 -0.423 2.415
5 3 0.336 -0.158 2.322
5 4 0.342 0.038 2.307
5 5 0.189 -0.230 2.326
5 6 0.146 -0.438 2.274
5 7 0.277 -0.551 2.053
5 8 0.284 -0.590 2.010
5 9 0.470 -0.251 2.299
5 10 0.484 -0.447 2.226
5 11 0.376 -0.546 2.089
5 12 0.301 -0.575 2.026
5 13 0.259 -0.533 2.467
5 14 0.123 -0.585 2.144
5 15 0.132 -0.840 2.168
5 16 0.107 -0.880 2.117
5 17 0.406 -0.541 2.444
5 18 0.442 -0.592 2.108
5 19 0.472 -0.837 2.109
5 20 0.425 -0.889 2.127
6 1 0.332 -0.476 2.436
6 2 0.332 -0.423 2.415
6 3 0.336 -0.158 2.322
6 4 0.342 0.038 2.307
6 5 0.189 -0.230 2.326
6 6 0.146 -0.438 2.274
6 7 0.276 -0.551 2.053
6 8 0.283 -0.590 2.011
6 9 0.470 -0.251 2.299
6 10 0.484 -0.447 2.226
6 11 0.375 -0.546 2.088
6 12 0.295 -0.576 2.019
6 13 0.258 -0.533 2.467
6 14 0.123 -0.586 2.144
6 15 0.132 -0.841 2.167
6 16 0.106 -0.880 2.116
6 17 0.406 -0.541 2.444
6 18 0.442 -0.592 2.108
6 19 0.472 -0.837 2.109
6 20 0.424 -0.888 2.127
7 1 0.332 -0.476 2.436
7 2 0.332 -0.423 2.415
7 3 0.336 -0.158 2.322
7 4 0.342 0.038 2.307
7 5 0.189 -0.230 2.326
7 6 0.146 -0.438 2.274
7 7 0.276 -0.551 2.054
7 8 0.282 -0.590 2.012
7 9 0.470 -0.251 2.299
7 10 0.484 -0.447 2.227
7 11 0.374 -0.546 2.087
7 12 0.290 -0.577 2.014
7 13 0.258 -0.533 2.468
7 14 0.123 -0.586 2.144
7 15 0.132 -0.841 2.167
7 16 0.106 -0.879 2.114
7 17 0.406 -0.541 2.444
7 18 0.442 -0.592 2.108
7 19 0.472 -0.837 2.109
7 20 0.424 -0.889 2.127
8 1 0.332 -0.476 2.436
8 2 0.332 -0.423 2.415
8 3 0.336 -0.158 2.322
8 4 0.342 0.038 2.307
8 5 0.189 -0.230 2.326
8 6 0.145 -0.438 2.274
8 7 0.276 -0.551 2.054
8 8 0.281 -0.590 2.012
8 9 0.470 -0.251 2.299
8 10 0.484 -0.447 2.227
8 11 0.324 -0.546 2.061
8 12 0.291 -0.579 2.009
8 13 0.258 -0.532 2.468
8 14 0.123 -0.587 2.144
8 15 0.132 -0.842 2.167
8 16 0.107 -0.877 2.114
8 17 0.406 -0.541 2.444
8 18 0.442 -0.591 2.108
8 19 0.472 -0.837 2.109
8 20 0.425 -0.890 2.127
9 1 0.332 -0.476 2.436
9 2 0.332 -0.423 2.415
9 3 0.336 -0.158 2.322
9 4 0.342 0.038 2.307
9 5 0.189 -0.230 2.326
9 6 0.145 -0.438 2.275
9 7 0.276 -0.550 2.054
9 8 0.280 -0.590 2.013
9 9 0.470 -0.251 2.299
9 10 0.484 -0.447 2.227
9 11 0.291 -0.544 2.045
9 12 0.292 -0.580 2.006
9 13 0.258 -0.532 2.469
9 14 0.123 -0.587 2.144
9 15 0.133 -0.842 2.168
9 16 0.107 -0.875 2.113
9 17 0.406 -0.541 2.444
9 18 0.442 -0.591 2.108
9 19 0.472 -0.837 2.109
9 20 0.426 -0.891 2.127
10 1 0.332 -0.476 2.436
10 2 0.332 -0.423 2.415
10 3 0.336 -0.158 2.322
10 4 0.342 0.037 2.307
10 5 0.189 -0.230 2.326
10 6 0.145 -0.438 2.275
10 7 0.276 -0.549 2.054
10 8 0.279 -0.589 2.013
10 9 0.470 -0.251 2.299
10 10 0.484 -0.447 2.227
10 11 0.278 -0.543 2.039
10 12 0.291 -0.580 2.005
10 13 0.258 -0.532 2.469
10 14 0.123 -0.587 2.144
10 15 0.134 -0.842 2.169
10 16 0.108 -0.873 2.113
10 17 0.406 -0.542 2.444
10 18 0.442 -0.592 2.109
10 19 0.471 -0.837 2.109
10 20 0.428 -0.892 2.126
11 1 0.332 -0.476 2.437
11 2 0.332 -0.423 2.415
11 3 0.336 -0.158 2.322
11 4 0.342 0.037 2.307
11 5 0.189 -0.230 2.325
11 6 0.145 -0.438 2.275
11 7 0.277 -0.548 2.054
11 8 0.279 -0.589 2.013
11 9 0.470 -0.251 2.299
11 10 0.484 -0.447 2.227
11 11 0.271 -0.543 2.036
11 12 0.291 -0.581 2.003
11 13 0.258 -0.532 2.469
11 14 0.123 -0.588 2.144
11 15 0.135 -0.842 2.171
11 16 0.108 -0.872 2.113
11 17 0.406 -0.542 2.444
11 18 0.442 -0.592 2.109
11 19 0.471 -0.837 2.109
11 20 0.429 -0.893 2.126
12 1 0.332 -0.476 2.437
12 2 0.332 -0.423 2.415
12 3 0.336 -0.158 2.322
12 4 0.342 0.037 2.307
12 5 0.189 -0.230 2.325
12 6 0.145 -0.438 2.275
12 7 0.277 -0.547 2.054
12 8 0.279 -0.589 2.014
12 9 0.470 -0.252 2.299
12 10 0.484 -0.447 2.227
12 11 0.339 -0.548 2.063
12 12 0.290 -0.580 2.003
12 13 0.258 -0.532 2.470
12 14 0.123 -0.588 2.144
12 15 0.135 -0.842 2.172
12 16 0.109 -0.870 2.113
12 17 0.406 -0.542 2.444
12 18 0.442 -0.592 2.110
12 19 0.471 -0.837 2.109
12 20 0.431 -0.894 2.126
13 1 0.332 -0.476 2.437
13 2 0.332 -0.423 2.415
13 3 0.336 -0.158 2.322
13 4 0.342 0.037 2.307
13 5 0.189 -0.230 2.325
13 6 0.145 -0.438 2.275
13 7 0.278 -0.547 2.054
13 8 0.278 -0.589 2.014
13 9 0.470 -0.252 2.299
13 10 0.484 -0.447 2.227
13 11 0.367 -0.549 2.071
13 12 0.305 -0.577 2.014
13 13 0.258 -0.532 2.470
13 14 0.123 -0.588 2.144
13 15 0.136 -0.842 2.173
13 16 0.109 -0.869 2.113
13 17 0.406 -0.542 2.445
13 18 0.442 -0.592 2.110
13 19 0.471 -0.837 2.109
13 20 0.433 -0.895 2.127
14 1 0.332 -0.476 2.437
14 2 0.332 -0.423 2.415
14 3 0.336 -0.158 2.322
14 4 0.342 0.037 2.307
14 5 0.189 -0.230 2.325
14 6 0.145 -0.438 2.275
14 7 0.278 -0.546 2.054
14 8 0.278 -0.589 2.014
14 9 0.471 -0.252 2.299
14 10 0.484 -0.447 2.227
14 11 0.379 -0.549 2.078
14 12 0.304 -0.577 2.015
14 13 0.258 -0.532 2.470
14 14 0.123 -0.589 2.144
14 15 0.136 -0.842 2.174
14 16 0.109 -0.868 2.114
14 17 0.406 -0.542 2.445
14 18 0.442 -0.592 2.110
14 19 0.471 -0.837 2.109
14 20 0.435 -0.896 2.127
15 1 0.332 -0.476 2.437
15 2 0.332 -0.423 2.415
15 3 0.336 -0.158 2.322
15 4 0.343 0.037 2.307
15 5 0.189 -0.230 2.325
15 6 0.145 -0.438 2.275
15 7 0.278 -0.546 2.054
15 8 0.278 -0.588 2.015
15 9 0.471 -0.252 2.299
15 10 0.484 -0.447 2.227
15 11 0.386 -0.549 2.082
15 12 0.301 -0.576 2.016
15 13 0.258 -0.532 2.470
15 14 0.123 -0.589 2.144
15 15 0.137 -0.842 2.175
15 16 0.110 -0.867 2.114
15 17 0.406 -0.542 2.445
15 18 0.442 -0.592 2.111
15 19 0.471 -0.837 2.109
15 20 0.437 -0.897 2.127
16 1 0.332 -0.476 2.437
16 2 0.332 -0.423 2.415
16 3 0.336 -0.158 2.322
16 4 0.343 0.037 2.307
16 5 0.189 -0.230 2.325
16 6 0.145 -0.438 2.275
16 7 0.278 -0.546 2.054
16 8 0.277 -0.588 2.015
16 9 0.471 -0.252 2.299
16 10 0.484 -0.447 2.227
16 11 0.390 -0.549 2.085
16 12 0.299 -0.576 2.016
16 13 0.257 -0.532 2.471
16 14 0.123 -0.589 2.144
16 15 0.137 -0.842 2.177
16 16 0.111 -0.866 2.115
16 17 0.406 -0.542 2.445
16 18 0.442 -0.593 2.111
16 19 0.471 -0.837 2.109
16 20 0.438 -0.897 2.128
17 1 0.332 -0.476 2.437
17 2 0.332 -0.423 2.415
17 3 0.336 -0.158 2.322
17 4 0.343 0.036 2.307
17 5 0.189 -0.230 2.325
17 6 0.145 -0.438 2.275
17 7 0.278 -0.545 2.054
17 8 0.277 -0.588 2.015
17 9 0.471 -0.252 2.299
17 10 0.484 -0.447 2.227
17 11 0.335 -0.548 2.059
17 12 0.298 -0.579 2.013
17 13 0.257 -0.532 2.471
17 14 0.123 -0.589 2.144
17 15 0.138 -0.843 2.178
17 16 0.111 -0.865 2.115
17 17 0.406 -0.543 2.445
17 18 0.442 -0.593 2.112
17 19 0.471 -0.837 2.109
17 20 0.439 -0.898 2.128
18 1 0.332 -0.476 2.437
18 2 0.332 -0.423 2.415
18 3 0.336 -0.158 2.322
18 4 0.343 0.036 2.307
18 5 0.189 -0.230 2.325
18 6 0.145 -0.438 2.275
18 7 0.279 -0.545 2.054
18 8 0.277 -0.588 2.015
18 9 0.471 -0.252 2.299
18 10 0.484 -0.447 2.227
18 11 0.302 -0.545 2.046
18 12 0.297 -0.580 2.011
18 13 0.257 -0.532 2.471
18 14 0.123 -0.589 2.144
18 15 0.138 -0.843 2.179
18 16 0.111 -0.865 2.116
18 17 0.406 -0.543 2.445
18 18 0.442 -0.593 2.112
18 19 0.471 -0.837 2.109
18 20 0.439 -0.898 2.128
19 1 0.332 -0.476 2.437
19 2 0.333 -0.423 2.416
19 3 0.336 -0.158 2.322
19 4 0.343 0.036 2.307
19 5 0.189 -0.230 2.325
19 6 0.145 -0.438 2.275
19 7 0.279 -0.545 2.054
19 8 0.277 -0.588 2.015
19 9 0.471 -0.252 2.299
19 10 0.484 -0.447 2.227
19 11 0.288 -0.544 2.041
19 12 0.296 -0.581 2.010
19 13 0.257 -0.532 2.471
19 14 0.123 -0.590 2.144
19 15 0.138 -0.843 2.180
19 16 0.112 -0.864 2.116
19 17 0.406 -0.543 2.445
19 18 0.442 -0.593 2.112
19 19 0.471 -0.837 2.109
19 20 0.440 -0.898 2.129
20 1 0.332 -0.476 2.437
20 2 0.333 -0.423 2.416
20 3 0.336 -0.158 2.322
20 4 0.343 0.036 2.307
20 5 0.189 -0.229 2.325
20 6 0.145 -0.438 2.275
20 7 0.278 -0.545 2.054
20 8 0.277 -0.588 2.015
20 9 0.471 -0.252 2.299
20 10 0.484 -0.447 2.226
20 11 0.280 -0.543 2.038
20 12 0.296 -0.581 2.009
20 13 0.257 -0.532 2.471
20 14 0.123 -0.590 2.144
20 15 0.139 -0.842 2.180
20 16 0.112 -0.864 2.116
20 17 0.406 -0.543 2.446
20 18 0.442 -0.594 2.112
20 19 0.471 -0.837 2.109
20 20 0.442 -0.898 2.129
21 1 0.332 -0.476 2.437
21 2 0.333 -0.423 2.416
21 3 0.336 -0.158 2.322
21 4 0.343 0.036 2.307
21 5 0.189 -0.229 2.325
21 6 0.145 -0.438 2.275
21 7 0.278 -0.545 2.054
21 8 0.277 -0.588 2.015
21 9 0.471 -0.252 2.299
21 10 0.484 -0.447 2.227
21 11 0.275 -0.542 2.037
21 12 0.295 -0.581 2.008
21 13 0.257 -0.532 2.471
21 14 0.123 -0.590 2.144
21 15 0.139 -0.842 2.181
21 16 0.112 -0.864 2.117
21 17 0.406 -0.543 2.446
21 18 0.442 -0.594 2.113
21 19 0.471 -0.836 2.109
21 20 0.443 -0.898 2.130
22 1 0.332 -0.476 2.437
22 2 0.333 -0.423 2.416
22 3 0.336 -0.158 2.322
22 4 0.343 0.036 2.307
22 5 0.189 -0.229 2.325
22 6 0.145 -0.438 2.275
22 7 0.278 -0.545 2.054
22 8 0.277 -0.588 2.015
22 9 0.471 -0.252 2.299
22 10 0.484 -0.447 2.227
22 11 0.328 -0.544 2.070
22 12 0.293 -0.580 2.008
22 13 0.257 -0.532 2.471
22 14 0.123 -0.590 2.144
22 15 0.139 -0.842 2.181
22 16 0.112 -0.863 2.117
22 17 0.406 -0.543 2.446
22 18 0.442 -0.594 2.113
22 19 0.471 -0.837 2.109
22 20 0.443 -0.898 2.132
23 1 0.332 -0.476 2.437
23 2 0.333 -0.423 2.416
23 3 0.336 -0.158 2.322
23 4 0.343 0.036 2.307
23 5 0.189 -0.229 2.325
23 6 0.145 -0.438 2.275
23 7 0.278 -0.545 2.054
23 8 0.276 -0.588 2.015
23 9 0.471 -0.252 2.299
23 10 0.484 -0.447 2.227
23 11 0.322 -0.544 2.065
23 12 0.294 -0.581 2.007
23 13 0.257 -0.532 2.471
23 14 0.123 -0.590 2.144
23 15 0.139 -0.842 2.182
23 16 0.112 -0.863 2.118
23 17 0.406 -0.543 2.446
23 18 0.442 -0.594 2.113
23 19 0.471 -0.837 2.109
23 20 0.444 -0.898 2.134
24 1 0.332 -0.476 2.437
24 2 0.333 -0.423 2.416
24 3 0.336 -0.158 2.322
24 4 0.343 0.036 2.307
24 5 0.189 -0.229 2.325
24 6 0.145 -0.438 2.276
24 7 0.278 -0.545 2.054
24 8 0.276 -0.588 2.015
24 9 0.471 -0.252 2.299
24 10 0.484 -0.447 2.227
24 11 0.318 -0.544 2.061
24 12 0.295 -0.582 2.006
24 13 0.257 -0.532 2.471
24 14 0.123 -0.590 2.144
24 15 0.139 -0.842 2.181
24 16 0.112 -0.864 2.118
24 17 0.406 -0.543 2.446
24 18 0.442 -0.594 2.113
24 19 0.471 -0.836 2.109
24 20 0.445 -0.897 2.135
25 1 0.332 -0.476 2.437
25 2 0.333 -0.423 2.416
25 3 0.336 -0.158 2.322
25 4 0.343 0.036 2.307
25 5 0.189 -0.229 2.325
25 6 0.144 -0.438 2.276
25 7 0.277 -0.544 2.054
25 8 0.276 -0.588 2.015
25 9 0.471 -0.253 2.299
25 10 0.484 -0.447 2.227
25 11 0.349 -0.544 2.079
25 12 0.293 -0.579 2.006
25 13 0.257 -0.532 2.471
25 14 0.123 -0.590 2.144
25 15 0.139 -0.842 2.180
25 16 0.112 -0.865 2.117
25 17 0.406 -0.543 2.445
25 18 0.442 -0.594 2.113
25 19 0.471 -0.836 2.109
25 20 0.445 -0.897 2.136
26 1 0.332 -0.476 2.437
26 2 0.333 -0.423 2.415
26 3 0.336 -0.159 2.321
26 4 0.343 0.036 2.307
26 5 0.189 -0.230 2.325
26 6 0.144 -0.438 2.276
26 7 0.277 -0.544 2.054
26 8 0.275 -0.587 2.015
26 9 0.471 -0.253 2.298
26 10 0.484 -0.447 2.227
26 11 0.358 -0.544 2.084
26 12 0.290 -0.577 2.006
26 13 0.257 -0.532 2.471
26 14 0.123 -0.591 2.144
26 15 0.139 -0.841 2.180
26 16 0.112 -0.865 2.117
26 17 0.406 -0.543 2.445
26 18 0.442 -0.594 2.113
26 19 0.472 -0.836 2.109
26 20 0.445 -0.897 2.136
27 1 0.332 -0.476 2.437
27 2 0.333 -0.423 2.415
27 3 0.336 -0.159 2.321
27 4 0.343 0.036 2.306
27 5 0.189 -0.230 2.324
27 6 0.144 -0.438 2.277
27 7 0.277 -0.544 2.054
27 8 0.275 -0.587 2.015
27 9 0.471 -0.253 2.298
27 10 0.484 -0.447 2.227
27 11 0.330 -0.539 2.060
27 12 0.293 -0.579 2.008
27 13 0.257 -0.532 2.471
27 14 0.123 -0.591 2.144
27 15 0.139 -0.841 2.179
27 16 0.112 -0.866 2.117
27 17 0.407 -0.543 2.444
27 18 0.442 -0.594 2.112
27 19 0.472 -0.836 2.109
27 20 0.445 -0.896 2.137
28 1 0.333 -0.476 2.435
28 2 0.333 -0.423 2.413
28 3 0.337 -0.159 2.317
28 4 0.342 0.036 2.306
28 5 0.188 -0.231 2.323
28 6 0.144 -0.439 2.277
28 7 0.277 -0.544 2.054
28 8 0.274 -0.585 2.014
28 9 0.471 -0.253 2.297
28 10 0.484 -0.447 2.227
28 11 0.313 -0.536 2.045
28 12 0.296 -0.581 2.009
28 13 0.257 -0.532 2.470
28 14 0.123 -0.591 2.144
28 15 0.138 -0.841 2.179
28 16 0.111 -0.868 2.117
28 17 0.408 -0.543 2.442
28 18 0.443 -0.594 2.111
28 19 0.472 -0.836 2.109
28 20 0.445 -0.896 2.137
29 1 0.334 -0.476 2.431
29 2 0.334 -0.423 2.409
29 3 0.337 -0.160 2.313
29 4 0.341 0.034 2.302
29 5 0.187 -0.233 2.319
29 6 0.144 -0.439 2.277
29 7 0.173 -0.552 2.077
29 8 0.230 -0.567 2.038
29 9 0.471 -0.253 2.296
29 10 0.484 -0.447 2.227
29 11 0.363 -0.560 2.067
29 12 0.292 -0.575 2.009
29 13 0.258 -0.532 2.466
29 14 0.124 -0.591 2.144
29 15 0.135 -0.842 2.171
29 16 0.111 -0.878 2.119
29 17 0.409 -0.542 2.438
29 18 0.443 -0.595 2.107
29 19 0.472 -0.836 2.109
29 20 0.445 -0.896 2.138
30 1 0.335 -0.476 2.426
30 2 0.335 -0.423 2.404
30 3 0.336 -0.161 2.308
30 4 0.340 0.032 2.298
30 5 0.185 -0.235 2.314
30 6 0.144 -0.439 2.277
30 7 0.130 -0.555 2.087
30 8 0.205 -0.551 2.054
30 9 0.471 -0.253 2.294
30 10 0.484 -0.447 2.227
30 11 0.388 -0.570 2.080
30 12 0.288 -0.569 2.009
30 13 0.259 -0.533 2.459
30 14 0.124 -0.587 2.143
30 15 0.134 -0.842 2.169
30 16 0.111 -0.882 2.119
30 17 0.412 -0.542 2.433
30 18 0.443 -0.595 2.104
30 19 0.472 -0.836 2.109
30 20 0.445 -0.896 2.138
31 1 0.336 -0.476 2.421
31 2 0.336 -0.424 2.399
31 3 0.334 -0.165 2.299
31 4 0.337 0.027 2.289
31 5 0.181 -0.239 2.306
31 6 0.144 -0.440 2.277
31 7 0.109 -0.556 2.092
31 8 0.195 -0.544 2.060
31 9 0.472 -0.253 2.290
31 10 0.484 -0.448 2.227
31 11 0.398 -0.574 2.084
31 12 0.311 -0.558 2.030
31 13 0.260 -0.534 2.453
31 14 0.125 -0.585 2.142
31 15 0.133 -0.842 2.166
31 16 0.110 -0.886 2.119
31 17 0.413 -0.542 2.430
31 18 0.443 -0.595 2.100
31 19 0.473 -0.836 2.109
31 20 0.446 -0.896 2.138
32 1 0.337 -0.476 2.411
32 2 0.336 -0.424 2.388
32 3 0.331 -0.169 2.288
32 4 0.334 0.023 2.280
32 5 0.178 -0.243 2.297
32 6 0.143 -0.441 2.276
32 7 0.097 -0.557 2.095
32 8 0.189 -0.540 2.064
32 9 0.472 -0.255 2.283
32 10 0.484 -0.449 2.227
32 11 0.323 -0.525 2.057
32 12 0.303 -0.550 2.025
32 13 0.259 -0.535 2.443
32 14 0.124 -0.584 2.138
32 15 0.132 -0.843 2.163
32 16 0.109 -0.891 2.121
32 17 0.416 -0.542 2.422
32 18 0.443 -0.596 2.092
32 19 0.473 -0.836 2.110
32 20 0.446 -0.896 2.139
33 1 0.335 -0.477 2.395
33 2 0.334 -0.426 2.373
33 3 0.327 -0.175 2.273
33 4 0.325 0.013 2.256
33 5 0.173 -0.248 2.285
33 6 0.142 -0.443 2.274
33 7 0.094 -0.556 2.094
33 8 0.186 -0.537 2.066
33 9 0.471 -0.258 2.273
33 10 0.485 -0.451 2.227
33 11 0.299 -0.510 2.049
33 12 0.299 -0.544 2.018
33 13 0.256 -0.537 2.428
33 14 0.123 -0.585 2.128
33 15 0.132 -0.843 2.161
33 16 0.108 -0.895 2.122
33 17 0.417 -0.544 2.408
33 18 0.443 -0.597 2.078
33 19 0.473 -0.836 2.110
33 20 0.446 -0.895 2.139
34 1 0.333 -0.478 2.381
34 2 0.331 -0.428 2.357
34 3 0.320 -0.183 2.252
34 4 0.319 0.006 2.238
34 5 0.168 -0.255 2.269
34 6 0.139 -0.447 2.269
34 7 0.110 -0.557 2.086
34 8 0.191 -0.536 2.062
34 9 0.468 -0.263 2.255
34 10 0.486 -0.455 2.227
34 11 0.281 -0.500 2.042
34 12 0.299 -0.534 2.007
34 13 0.252 -0.537 2.415
34 14 0.121 -0.589 2.115
34 15 0.131 -0.844 2.159
34 16 0.107 -0.899 2.124
34 17 0.418 -0.546 2.396
34 18 0.443 -0.600 2.066
34 19 0.473 -0.836 2.110
34 20 0.444 -0.894 2.140
35 1 0.324 -0.482 2.349
35 2 0.323 -0.433 2.328
35 3 0.315 -0.190 2.235
35 4 0.312 -0.001 2.218
35 5 0.163 -0.261 2.252
35 6 0.137 -0.451 2.263
35 7 0.127 -0.560 2.078
35 8 0.201 -0.538 2.056
35 9 0.465 -0.269 2.238
35 10 0.488 -0.459 2.226
35 11 0.272 -0.495 2.039
35 12 0.299 -0.529 2.000
35 13 0.239 -0.541 2.377
35 14 0.111 -0.604 2.078
35 15 0.131 -0.845 2.158
35 16 0.106 -0.902 2.125
35 17 0.411 -0.551 2.367
35 18 0.446 -0.608 2.040
35 19 0.473 -0.836 2.110
35 20 0.437 -0.888 2.141
36 1 0.299 -0.491 2.296
36 2 0.301 -0.443 2.279
36 3 0.310 -0.200 2.217
36 4 0.307 -0.009 2.198
36 5 0.159 -0.269 2.233
36 6 0.135 -0.456 2.256
36 7 0.135 -0.564 2.072
36 8 0.207 -0.541 2.050
36 9 0.462 -0.275 2.219
36 10 0.488 -0.463 2.224
36 11 0.267 -0.492 2.037
36 12 0.300 -0.525 1.995
36 13 0.211 -0.550 2.319
36 14 0.096 -0.634 2.019
36 15 0.131 -0.845 2.156
36 16 0.106 -0.904 2.127
36 17 0.385 -0.562 2.311
36 18 0.463 -0.619 2.004
36 19 0.473 -0.837 2.109
36 20 0.428 -0.877 2.144
37 1 0.314 -0.501 2.251
37 2 0.310 -0.454 2.238
37 3 0.306 -0.207 2.204
37 4 0.300 -0.020 2.171
37 5 0.157 -0.275 2.216
37 6 0.132 -0.462 2.248
37 7 0.140 -0.567 2.066
37 8 0.211 -0.544 2.045
37 9 0.455 -0.282 2.193
37 10 0.488 -0.468 2.219
37 11 0.266 -0.492 2.035
37 12 0.300 -0.522 1.991
37 13 0.231 -0.564 2.272
37 14 0.068 -0.649 2.001
37 15 0.131 -0.845 2.155
37 16 0.106 -0.907 2.130
37 17 0.403 -0.568 2.256
37 18 0.458 -0.640 1.945
37 19 0.474 -0.838 2.109
37 20 0.421 -0.863 2.145
38 1 0.317 -0.505 2.232
38 2 0.312 -0.458 2.221
38 3 0.302 -0.214 2.187
38 4 0.294 -0.029 2.150
38 5 0.155 -0.281 2.202
38 6 0.131 -0.466 2.241
38 7 0.143 -0.569 2.060
38 8 0.213 -0.546 2.039
38 9 0.450 -0.285 2.174
38 10 0.487 -0.471 2.213
38 11 0.268 -0.494 2.033
38 12 0.299 -0.520 1.986
38 13 0.236 -0.570 2.251
38 14 0.056 -0.658 1.991
38 15 0.079 -0.869 2.079
38 16 0.065 -0.921 2.027
38 17 0.408 -0.571 2.234
38 18 0.453 -0.646 1.914
38 19 0.474 -0.839 2.107
38 20 0.444 -0.874 2.069
39 1 0.318 -0.508 2.220
39 2 0.312 -0.460 2.210
39 3 0.300 -0.218 2.173
39 4 0.291 -0.033 2.137
39 5 0.154 -0.284 2.188
39 6 0.129 -0.468 2.236
39 7 0.145 -0.571 2.056
39 8 0.215 -0.549 2.033
39 9 0.446 -0.287 2.156
39 10 0.487 -0.474 2.205
39 11 0.272 -0.497 2.031
39 12 0.299 -0.517 1.982
39 13 0.237 -0.573 2.239
39 14 0.048 -0.664 1.984
39 15 0.045 -0.887 2.030
39 16 0.035 -0.935 1.954
39 17 0.410 -0.573 2.220
39 18 0.451 -0.651 1.898
39 19 0.472 -0.842 2.103
39 20 0.455 -0.883 2.026
40 1 0.319 -0.509 2.212
40 2 0.313 -0.462 2.202
40 3 0.297 -0.220 2.161
40 4 0.286 -0.036 2.125
40 5 0.152 -0.286 2.174
40 6 0.128 -0.470 2.228
40 7 0.147 -0.573 2.050
40 8 0.216 -0.552 2.026
40 9 0.442 -0.288 2.140
40 10 0.488 -0.477 2.196
40 11 0.276 -0.500 2.027
40 12 0.304 -0.512 1.976
40 13 0.240 -0.575 2.231
40 14 0.042 -0.668 1.983
40 15 0.032 -0.894 2.013
40 16 0.025 -0.940 1.931
40 17 0.411 -0.573 2.211
40 18 0.448 -0.656 1.889
40 19 0.471 -0.847 2.096
40 20 0.460 -0.892 2.002
41 1 0.321 -0.509 2.206
41 2 0.314 -0.462 2.196
41 3 0.294 -0.220 2.147
41 4 0.283 -0.037 2.115
41 5 0.151 -0.287 2.162
41 6 0.127 -0.470 2.220
41 7 0.147 -0.576 2.045
41 8 0.217 -0.554 2.021
41 9 0.439 -0.288 2.128
41 10 0.489 -0.474 2.182
41 11 0.278 -0.502 2.023
41 12 0.306 -0.508 1.970
41 13 0.244 -0.575 2.228
41 14 0.038 -0.670 1.986
41 15 0.024 -0.898 2.002
41 16 0.018 -0.944 1.917
41 17 0.414 -0.572 2.206
41 18 0.442 -0.665 1.885
41 19 0.470 -0.850 2.091
41 20 0.462 -0.896 1.989
42 1 0.320 -0.511 2.200
42 2 0.314 -0.463 2.189
42 3 0.291 -0.219 2.135
42 4 0.278 -0.037 2.101
42 5 0.149 -0.286 2.153
42 6 0.127 -0.470 2.213
42 7 0.147 -0.578 2.039
42 8 0.217 -0.556 2.017
42 9 0.436 -0.287 2.116
42 10 0.488 -0.474 2.169
42 11 0.280 -0.504 2.019
42 12 0.308 -0.504 1.966
42 13 0.245 -0.576 2.223
42 14 0.031 -0.672 1.986
42 15 0.015 -0.902 1.995
42 16 0.009 -0.946 1.909
42 17 0.411 -0.573 2.196
42 18 0.445 -0.668 1.878
42 19 0.469 -0.852 2.086
42 20 0.464 -0.898 1.980
43 1 0.300 -0.500 2.208
43 2 0.305 -0.458 2.188
43 3 0.289 -0.217 2.124
43 4 0.274 -0.035 2.089
43 5 0.147 -0.284 2.144
43 6 0.127 -0.468 2.204
43 7 0.133 -0.661 2.050
43 8 0.144 -0.720 2.059
43 9 0.433 -0.284 2.105
43 10 0.486 -0.471 2.159
43 11 0.282 -0.507 2.014
43 12 0.303 -0.497 1.959
43 13 0.219 -0.559 2.241
43 14 0.058 -0.684 1.982
43 15 0.033 -0.911 1.991
43 16 0.027 -0.957 1.909
43 17 0.381 -0.563 2.215
43 18 0.460 -0.660 1.908
43 19 0.468 -0.854 2.082
43 20 0.465 -0.900 1.974
44 1 0.291 -0.494 2.214
44 2 0.299 -0.453 2.189
44 3 0.288 -0.213 2.113
44 4 0.271 -0.029 2.075
44 5 0.144 -0.278 2.135
44 6 0.127 -0.464 2.196
44 7 0.125 -0.702 2.054
44 8 0.127 -0.761 2.067
44 9 0.431 -0.279 2.093
44 10 0.483 -0.466 2.150
44 11 0.283 -0.509 2.010
44 12 0.297 -0.488 1.955
44 13 0.208 -0.550 2.253
44 14 0.071 -0.686 1.982
44 15 0.115 -0.863 2.105
44 16 0.084 -0.901 2.140
44 17 0.367 -0.556 2.227
44 18 0.462 -0.651 1.920
44 19 0.465 -0.853 2.077
44 20 0.463 -0.901 1.972
45 1 0.285 -0.481 2.228
45 2 0.292 -0.438 2.200
45 3 0.286 -0.203 2.102
45 4 0.266 -0.019 2.062
45 5 0.142 -0.269 2.127
45 6 0.127 -0.459 2.188
45 7 0.122 -0.718 2.055
45 8 0.115 -0.784 2.072
45 9 0.427 -0.269 2.083
45 10 0.476 -0.459 2.139
45 11 0.283 -0.512 2.006
45 12 0.293 -0.483 1.954
45 13 0.205 -0.531 2.278
45 14 0.095 -0.678 1.996
45 15 0.137 -0.854 2.131
45 16 0.131 -0.830 2.107
45 17 0.358 -0.538 2.249
45 18 0.463 -0.674 1.965
45 19 0.459 -0.867 2.099
45 20 0.451 -0.926 2.028
46 1 0.284 -0.461 2.247
46 2 0.288 -0.417 2.215
46 3 0.285 -0.186 2.090
46 4 0.262 0.001 2.048
46 5 0.138 -0.249 2.118
46 6 0.127 -0.451 2.181
46 7 0.119 -0.720 2.054
46 8 0.121 -0.771 2.060
46 9 0.424 -0.252 2.072
46 10 0.469 -0.451 2.131
46 11 0.284 -0.516 2.002
46 12 0.265 -0.517 1.952
46 13 0.210 -0.511 2.300
46 14 0.114 -0.668 2.015
46 15 0.153 -0.844 2.152
46 16 0.142 -0.847 2.122
46 17 0.355 -0.515 2.273
46 18 0.435 -0.647 1.981
46 19 0.457 -0.856 2.092
46 20 0.414 -0.872 2.101
47 1 0.300 -0.427 2.285
47 2 0.299 -0.381 2.246
47 3 0.286 -0.161 2.078
47 4 0.259 0.020 2.039
47 5 0.137 -0.226 2.109
47 6 0.127 -0.438 2.171
47 7 0.117 -0.706 2.049
47 8 0.119 -0.762 2.053
47 9 0.421 -0.225 2.062
47 10 0.463 -0.439 2.125
47 11 0.289 -0.525 2.006
47 12 0.260 -0.524 1.955
47 13 0.236 -0.472 2.340
47 14 0.138 -0.639 2.064
47 15 0.159 -0.840 2.161
47 16 0.151 -0.858 2.128
47 17 0.369 -0.481 2.314
47 18 0.402 -0.621 2.016
47 19 0.456 -0.845 2.086
47 20 0.394 -0.859 2.119
48 1 0.309 -0.399 2.313
48 2 0.305 -0.356 2.268
48 3 0.286 -0.141 2.071
48 4 0.258 0.037 2.032
48 5 0.136 -0.200 2.102
48 6 0.126 -0.420 2.161
48 7 0.118 -0.680 2.046
48 8 0.117 -0.743 2.042
48 9 0.420 -0.198 2.056
48 10 0.457 -0.426 2.119
48 11 0.339 -0.557 2.018
48 12 0.275 -0.547 1.983
48 13 0.251 -0.442 2.372
48 14 0.153 -0.612 2.098
48 15 0.158 -0.838 2.161
48 16 0.152 -0.877 2.120
48 17 0.376 -0.450 2.347
48 18 0.384 -0.604 2.048
48 19 0.455 -0.832 2.080
48 20 0.408 -0.793 2.057
49 1 0.312 -0.382 2.327
49 2 0.307 -0.339 2.280
49 3 0.286 -0.129 2.072
49 4 0.259 0.074 2.026
49 5 0.136 -0.164 2.094
49 6 0.124 -0.399 2.152
49 7 0.120 -0.657 2.046
49 8 0.119 -0.711 2.030
49 9 0.420 -0.161 2.050
49 10 0.452 -0.410 2.114
49 11 0.372 -0.573 2.028
49 12 0.287 -0.569 2.001
49 13 0.256 -0.426 2.385
49 14 0.163 -0.597 2.112
49 15 0.153 -0.851 2.159
49 16 0.139 -0.919 2.101
49 17 0.378 -0.432 2.361
49 18 0.375 -0.596 2.064
49 19 0.460 -0.838 2.081
49 20 0.437 -0.865 2.057
50 1 0.309 -0.362 2.326
50 2 0.304 -0.320 2.282
50 3 0.285 -0.104 2.080
50 4 0.261 0.107 2.022
50 5 0.136 -0.136 2.090
50 6 0.123 -0.352 2.141
50 7 0.129 -0.568 2.061
50 8 0.122 -0.617 2.032
50 9 0.419 -0.135 2.047
50 10 0.443 -0.365 2.101
50 11 0.391 -0.576 2.033
50 12 0.298 -0.575 2.012
50 13 0.249 -0.403 2.365
50 14 0.166 -0.593 2.108
50 15 0.142 -0.864 2.156
50 16 0.130 -0.940 2.094
50 17 0.373 -0.411 2.364
50 18 0.370 -0.591 2.073
50 19 0.466 -0.844 2.084
50 20 0.462 -0.902 2.043
51 1 0.307 -0.331 2.318
51 2 0.303 -0.293 2.279
51 3 0.286 -0.084 2.089
51 4 0.264 0.130 2.023
51 5 0.137 -0.110 2.086
51 6 0.123 -0.332 2.136
51 7 0.132 -0.544 2.054
51 8 0.122 -0.595 2.024
51 9 0.418 -0.106 2.046
51 10 0.438 -0.341 2.094
51 11 0.405 -0.559 2.049
51 12 0.364 -0.571 2.030
51 13 0.249 -0.379 2.358
51 14 0.172 -0.586 2.114
51 15 0.128 -0.875 2.145
51 16 0.119 -0.953 2.083
51 17 0.369 -0.379 2.353
51 18 0.366 -0.587 2.080
51 19 0.471 -0.850 2.084
51 20 0.476 -0.922 2.033
52 1 0.306 -0.313 2.308
52 2 0.302 -0.274 2.272
52 3 0.289 -0.049 2.099
52 4 0.266 0.161 2.024
52 5 0.137 -0.080 2.083
52 6 0.129 -0.303 2.124
52 7 0.134 -0.531 2.050
52 8 0.123 -0.581 2.019
52 9 0.416 -0.078 2.047
52 10 0.434 -0.307 2.083
52 11 0.406 -0.522 2.063
52 12 0.402 -0.565 2.038
52 13 0.248 -0.364 2.346
52 14 0.175 -0.584 2.114
52 15 0.115 -0.881 2.141
52 16 0.109 -0.959 2.079
52 17 0.368 -0.361 2.338
52 18 0.364 -0.584 2.084
52 19 0.476 -0.855 2.085
52 20 0.484 -0.932 2.029
53 1 0.305 -0.298 2.294
53 2 0.302 -0.257 2.261
53 3 0.290 -0.029 2.103
53 4 0.268 0.183 2.028
53 5 0.136 -0.055 2.081
53 6 0.135 -0.285 2.115
53 7 0.168 -0.485 2.095
53 8 0.156 -0.533 2.063
53 9 0.416 -0.055 2.047
53 10 0.431 -0.271 2.074
53 11 0.393 -0.480 2.074
53 12 0.415 -0.562 2.043
53 13 0.247 -0.353 2.331
53 14 0.177 -0.584 2.112
53 15 0.106 -0.886 2.139
53 16 0.101 -0.963 2.076
53 17 0.369 -0.347 2.320
53 18 0.365 -0.582 2.085
53 19 0.480 -0.858 2.086
53 20 0.489 -0.938 2.025
54 1 0.305 -0.275 2.277
54 2 0.302 -0.230 2.247
54 3 0.289 0.004 2.106
54 4 0.268 0.216 2.032
54 5 0.136 -0.025 2.079
54 6 0.144 -0.245 2.102
54 7 0.183 -0.433 2.127
54 8 0.169 -0.490 2.089
54 9 0.415 -0.019 2.049
54 10 0.428 -0.250 2.070
54 11 0.380 -0.451 2.081
54 12 0.417 -0.552 2.046
54 13 0.246 -0.334 2.314
54 14 0.178 -0.583 2.112
54 15 0.101 -0.889 2.138
54 16 0.095 -0.964 2.074
54 17 0.370 -0.326 2.302
54 18 0.366 -0.580 2.086
54 19 0.482 -0.862 2.084
54 20 0.491 -0.942 2.021
55 1 0.304 -0.256 2.266
55 2 0.301 -0.208 2.237
55 3 0.287 0.028 2.107
55 4 0.269 0.242 2.038
55 5 0.137 0.001 2.078
55 6 0.149 -0.213 2.100
55 7 0.186 -0.388 2.163
55 8 0.174 -0.451 2.119
55 9 0.415 0.002 2.050
55 10 0.425 -0.227 2.069
55 11 0.368 -0.413 2.085
55 12 0.406 -0.520 2.049
55 13 0.245 -0.315 2.301
55 14 0.179 -0.582 2.112
55 15 0.097 -0.891 2.136
55 16 0.091 -0.963 2.071
55 17 0.370 -0.310 2.289
55 18 0.370 -0.576 2.088
55 19 0.483 -0.866 2.081
55 20 0.491 -0.945 2.016
56 1 0.301 -0.228 2.248
56 2 0.298 -0.178 2.221
56 3 0.284 0.068 2.100
56 4 0.268 0.283 2.039
56 5 0.136 0.031 2.078
56 6 0.151 -0.196 2.100
56 7 0.190 -0.376 2.157
56 8 0.179 -0.433 2.126
56 9 0.414 0.028 2.052
56 10 0.423 -0.198 2.073
56 11 0.366 -0.385 2.085
56 12 0.398 -0.486 2.049
56 13 0.241 -0.290 2.285
56 14 0.179 -0.582 2.113
56 15 0.104 -0.843 2.118
56 16 0.129 -0.848 2.048
56 17 0.367 -0.282 2.265
56 18 0.375 -0.571 2.090
56 19 0.482 -0.869 2.076
56 20 0.487 -0.945 2.008
57 1 0.300 -0.202 2.235
57 2 0.297 -0.150 2.208
57 3 0.280 0.109 2.092
57 4 0.266 0.320 2.038
57 5 0.135 0.060 2.078
57 6 0.151 -0.180 2.104
57 7 0.194 -0.359 2.134
57 8 0.183 -0.417 2.120
57 9 0.415 0.063 2.054
57 10 0.422 -0.181 2.076
57 11 0.366 -0.368 2.086
57 12 0.394 -0.463 2.049
57 13 0.239 -0.263 2.271
57 14 0.179 -0.576 2.114
57 15 0.115 -0.799 2.111
57 16 0.133 -0.814 2.044
57 17 0.368 -0.260 2.251
57 18 0.381 -0.560 2.095
57 19 0.477 -0.868 2.069
57 20 0.479 -0.940 1.998
58 1 0.300 -0.179 2.226
58 2 0.297 -0.127 2.201
58 3 0.279 0.135 2.088
58 4 0.267 0.349 2.038
58 5 0.134 0.080 2.078
58 6 0.150 -0.167 2.108
58 7 0.197 -0.344 2.119
58 8 0.186 -0.403 2.109
58 9 0.417 0.082 2.055
58 10 0.422 -0.166 2.081
58 11 0.366 -0.357 2.086
58 12 0.392 -0.444 2.050
58 13 0.238 -0.238 2.262
58 14 0.177 -0.569 2.116
58 15 0.120 -0.779 2.110
58 16 0.136 -0.791 2.042
58 17 0.369 -0.242 2.242
58 18 0.387 -0.547 2.100
58 19 0.471 -0.863 2.061
58 20 0.470 -0.931 1.990
59 1 0.297 -0.157 2.221
59 2 0.295 -0.106 2.196
59 3 0.279 0.152 2.086
59 4 0.268 0.371 2.042
59 5 0.133 0.109 2.076
59 6 0.144 -0.137 2.113
59 7 0.197 -0.322 2.104
59 8 0.205 -0.372 2.092
59 9 0.418 0.103 2.057
59 10 0.423 -0.140 2.086
59 11 0.370 -0.341 2.087
59 12 0.391 -0.418 2.051
59 13 0.235 -0.216 2.254
59 14 0.175 -0.559 2.120
59 15 0.123 -0.766 2.110
59 16 0.138 -0.778 2.042
59 17 0.367 -0.218 2.237
59 18 0.390 -0.532 2.106
59 19 0.444 -0.791 2.053
59 20 0.412 -0.833 2.005
60 1 0.296 -0.139 2.218
60 2 0.293 -0.088 2.193
60 3 0.279 0.165 2.086
60 4 0.268 0.387 2.045
60 5 0.133 0.130 2.076
60 6 0.140 -0.120 2.113
60 7 0.214 -0.296 2.082
60 8 0.224 -0.353 2.082
60 9 0.421 0.124 2.061
60 10 0.426 -0.113 2.090
60 11 0.366 -0.322 2.086
60 12 0.384 -0.397 2.051
60 13 0.232 -0.199 2.250
60 14 0.174 -0.550 2.124
60 15 0.126 -0.758 2.111
60 16 0.137 -0.773 2.046
60 17 0.365 -0.200 2.234
60 18 0.393 -0.521 2.112
60 19 0.430 -0.750 2.052
60 20 0.388 -0.794 2.013
61 1 0.293 -0.107 2.212
61 2 0.291 -0.054 2.189
61 3 0.279 0.207 2.087
61 4 0.268 0.419 2.050
61 5 0.132 0.160 2.075
61 6 0.135 -0.097 2.107
61 7 0.220 -0.282 2.072
61 8 0.255 -0.335 2.061
61 9 0.423 0.153 2.065
61 10 0.429 -0.095 2.092
61 11 0.377 -0.292 2.083
61 12 0.358 -0.357 2.064
61 13 0.229 -0.167 2.240
61 14 0.172 -0.534 2.132
61 15 0.128 -0.753 2.113
61 16 0.135 -0.774 2.051
61 17 0.363 -0.169 2.230
61 18 0.393 -0.508 2.121
61 19 0.422 -0.734 2.061
61 20 0.379 -0.770 2.018
62 1 0.292 -0.091 2.209
62 2 0.290 -0.039 2.186
62 3 0.279 0.223 2.088
62 4 0.270 0.444 2.057
62 5 0.132 0.181 2.076
62 6 0.133 -0.083 2.102
62 7 0.224 -0.273 2.062
62 8 0.268 -0.328 2.051
62 9 0.424 0.174 2.070
62 10 0.431 -0.078 2.093
62 11 0.378 -0.266 2.074
62 12 0.333 -0.322 2.065
62 13 0.227 -0.152 2.235
62 14 0.172 -0.524 2.136
62 15 0.131 -0.753 2.118
62 16 0.133 -0.780 2.057
62 17 0.362 -0.153 2.226
62 18 0.394 -0.498 2.128
62 19 0.419 -0.730 2.072
62 20 0.389 -0.774 2.029
63 1 0.291 -0.078 2.205
63 2 0.289 -0.025 2.183
63 3 0.280 0.239 2.090
63 4 0.272 0.464 2.064
63 5 0.133 0.199 2.076
63 6 0.127 -0.050 2.085
63 7 0.213 -0.237 2.037
63 8 0.256 -0.302 2.029
63 9 0.427 0.200 2.077
63 10 0.435 -0.057 2.092
63 11 0.384 -0.243 2.067
63 12 0.329 -0.301 2.064
63 13 0.226 -0.140 2.229
63 14 0.171 -0.513 2.140
63 15 0.132 -0.756 2.122
63 16 0.132 -0.786 2.062
63 17 0.361 -0.139 2.222
63 18 0.394 -0.488 2.134
63 19 0.418 -0.736 2.088
63 20 0.396 -0.774 2.041
64 1 0.291 -0.066 2.201
64 2 0.289 -0.013 2.180
64 3 0.281 0.255 2.094
64 4 0.276 0.485 2.072
64 5 0.133 0.220 2.078
64 6 0.124 -0.030 2.075
64 7 0.205 -0.216 2.019
64 8 0.245 -0.287 2.012
64 9 0.428 0.216 2.081
64 10 0.439 -0.041 2.092
64 11 0.390 -0.227 2.061
64 12 0.352 -0.269 2.050
64 13 0.225 -0.129 2.222
64 14 0.172 -0.503 2.143
64 15 0.134 -0.759 2.126
64 16 0.131 -0.794 2.066
64 17 0.361 -0.128 2.218
64 18 0.395 -0.481 2.138
64 19 0.420 -0.743 2.097
64 20 0.412 -0.794 2.051
65 1 0.291 -0.056 2.197
65 2 0.289 -0.004 2.178
65 3 0.283 0.266 2.097
65 4 0.279 0.497 2.078
65 5 0.134 0.233 2.079
65 6 0.123 -0.016 2.067
65 7 0.198 -0.200 2.003
65 8 0.232 -0.273 1.994
65 9 0.430 0.230 2.086
65 10 0.442 -0.030 2.092
65 11 0.395 -0.216 2.057
65 12 0.368 -0.254 2.041
65 13 0.224 -0.120 2.215
65 14 0.172 -0.497 2.145
65 15 0.135 -0.763 2.129
65 16 0.131 -0.801 2.069
65 17 0.361 -0.119 2.214
65 18 0.395 -0.477 2.141
65 19 0.422 -0.754 2.103
65 20 0.421 -0.809 2.055
66 1 0.292 -0.046 2.191
66 2 0.290 0.006 2.174
66 3 0.285 0.279 2.102
66 4 0.283 0.510 2.084
66 5 0.136 0.247 2.081
66 6 0.121 -0.002 2.059
66 7 0.190 -0.186 1.985
66 8 0.214 -0.257 1.960
66 9 0.435 0.248 2.094
66 10 0.447 -0.017 2.092
66 11 0.409 -0.202 2.048
66 12 0.383 -0.251 2.031
66 13 0.224 -0.110 2.206
66 14 0.171 -0.493 2.147
66 15 0.136 -0.767 2.131
66 16 0.132 -0.809 2.072
66 17 0.362 -0.109 2.207
66 18 0.394 -0.475 2.144
66 19 0.423 -0.764 2.106
66 20 0.430 -0.828 2.063
67 1 0.293 -0.037 2.185
67 2 0.292 0.015 2.170
67 3 0.288 0.289 2.107
67 4 0.288 0.522 2.092
67 5 0.138 0.262 2.085
67 6 0.119 0.015 2.051
67 7 0.177 -0.165 1.961
67 8 0.202 -0.240 1.941
67 9 0.438 0.261 2.100
67 10 0.452 -0.007 2.092
67 11 0.422 -0.191 2.040
67 12 0.412 -0.239 2.018
67 13 0.225 -0.102 2.195
67 14 0.171 -0.490 2.148
67 15 0.139 -0.774 2.134
67 16 0.133 -0.820 2.077
67 17 0.364 -0.100 2.198
67 18 0.394 -0.475 2.147
67 19 0.424 -0.776 2.110
67 20 0.429 -0.844 2.072
68 1 0.295 -0.030 2.178
68 2 0.294 0.022 2.166
68 3 0.291 0.297 2.111
68 4 0.292 0.530 2.099
68 5 0.140 0.273 2.088
68 6 0.117 0.029 2.045
68 7 0.168 -0.152 1.947
68 8 0.188 -0.220 1.914
68 9 0.441 0.269 2.105
68 10 0.458 0.003 2.094
68 11 0.435 -0.182 2.034
68 12 0.427 -0.238 2.008
68 13 0.226 -0.096 2.184
68 14 0.171 -0.489 2.149
68 15 0.141 -0.781 2.136
68 16 0.135 -0.833 2.082
68 17 0.366 -0.092 2.189
68 18 0.394 -0.480 2.151
68 19 0.423 -0.793 2.119
68 20 0.428 -0.854 2.076
69 1 0.297 -0.023 2.171
69 2 0.296 0.029 2.161
69 3 0.294 0.303 2.115
69 4 0.298 0.537 2.107
69 5 0.143 0.283 2.092
69 6 0.115 0.040 2.042
69 7 0.161 -0.140 1.935
69 8 0.179 -0.206 1.897
69 9 0.445 0.277 2.110
69 10 0.466 0.013 2.098
69 11 0.447 -0.174 2.032
69 12 0.440 -0.235 2.002
69 13 0.228 -0.091 2.174
69 14 0.172 -0.488 2.149
69 15 0.144 -0.788 2.138
69 16 0.141 -0.850 2.093
69 17 0.369 -0.086 2.178
69 18 0.394 -0.486 2.153
69 19 0.420 -0.804 2.127
69 20 0.427 -0.862 2.082
70 1 0.300 -0.019 2.163
70 2 0.299 0.034 2.156
70 3 0.298 0.308 2.119
70 4 0.302 0.542 2.113
70 5 0.146 0.291 2.097
70 6 0.113 0.049 2.041
70 7 0.153 -0.130 1.924
70 8 0.170 -0.194 1.880
70 9 0.450 0.283 2.116
70 10 0.480 0.028 2.107
70 11 0.465 -0.160 2.033
70 12 0.455 -0.229 1.998
70 13 0.230 -0.087 2.163
70 14 0.172 -0.488 2.150
70 15 0.145 -0.794 2.139
70 16 0.147 -0.863 2.103
70 17 0.372 -0.082 2.167
70 18 0.394 -0.493 2.153
70 19 0.410 -0.815 2.145
70 20 0.426 -0.868 2.096
71 1 0.303 -0.015 2.156
71 2 0.302 0.037 2.151
71 3 0.301 0.312 2.122
71 4 0.307 0.546 2.119
71 5 0.150 0.297 2.102
71 6 0.113 0.056 2.042
71 7 0.141 -0.116 1.913
71 8 0.158 -0.179 1.867
71 9 0.454 0.288 2.121
71 10 0.489 0.036 2.113
71 11 0.479 -0.152 2.036
71 12 0.469 -0.224 1.998
71 13 0.233 -0.084 2.153
71 14 0.173 -0.490 2.149
71 15 0.147 -0.798 2.140
71 16 0.154 -0.860 2.089
71 17 0.376 -0.079 2.157
71 18 0.394 -0.501 2.152
71 19 0.405 -0.819 2.154
71 20 0.426 -0.871 2.107
72 1 0.307 -0.012 2.149
72 2 0.306 0.040 2.146
72 3 0.306 0.314 2.125
72 4 0.313 0.548 2.126
72 5 0.155 0.302 2.108
72 6 0.111 0.065 2.043
72 7 0.133 -0.107 1.906
72 8 0.150 -0.169 1.859
72 9 0.460 0.291 2.127
72 10 0.498 0.042 2.119
72 11 0.494 -0.146 2.041
72 12 0.488 -0.220 2.004
72 13 0.236 -0.082 2.145
72 14 0.174 -0.493 2.148
72 15 0.151 -0.802 2.141
72 16 0.154 -0.868 2.098
72 17 0.379 -0.078 2.147
72 18 0.395 -0.508 2.149
72 19 0.401 -0.822 2.159
72 20 0.426 -0.873 2.113
73 1 0.311 -0.011 2.142
73 2 0.309 0.042 2.141
73 3 0.311 0.315 2.129
73 4 0.319 0.549 2.131
73 5 0.160 0.306 2.115
73 6 0.111 0.070 2.045
73 7 0.127 -0.098 1.902
73 8 0.141 -0.159 1.854
73 9 0.465 0.293 2.131
73 10 0.508 0.046 2.126
73 11 0.510 -0.144 2.051
73 12 0.513 -0.219 2.018
73 13 0.240 -0.080 2.136
73 14 0.176 -0.496 2.145
73 15 0.154 -0.805 2.141
73 16 0.153 -0.873 2.103
73 17 0.383 -0.077 2.139
73 18 0.397 -0.512 2.145
73 19 0.399 -0.823 2.162
73 20 0.426 -0.874 2.118
74 1 0.315 -0.010 2.136
74 2 0.314 0.044 2.136
74 3 0.319 0.314 2.133
74 4 0.326 0.549 2.137
74 5 0.166 0.307 2.121
74 6 0.111 0.074 2.047
74 7 0.122 -0.093 1.900
74 8 0.133 -0.153 1.851
74 9 0.471 0.294 2.135
74 10 0.519 0.047 2.133
74 11 0.526 -0.145 2.061
74 12 0.530 -0.220 2.029
74 13 0.244 -0.079 2.128
74 14 0.178 -0.498 2.140
74 15 0.161 -0.809 2.136
74 16 0.149 -0.875 2.107
74 17 0.386 -0.077 2.132
74 18 0.400 -0.514 2.137
74 19 0.396 -0.822 2.161
74 20 0.426 -0.874 2.120
75 1 0.319 -0.009 2.130
75 2 0.318 0.044 2.133
75 3 0.326 0.312 2.136
75 4 0.334 0.546 2.142
75 5 0.173 0.307 2.126
75 6 0.112 0.077 2.051
75 7 0.115 -0.085 1.905
75 8 0.122 -0.145 1.855
75 9 0.479 0.295 2.139
75 10 0.530 0.047 2.142
75 11 0.540 -0.147 2.072
75 12 0.546 -0.224 2.045
75 13 0.249 -0.078 2.121
75 14 0.181 -0.499 2.135
75 15 0.167 -0.811 2.131
75 16 0.151 -0.874 2.099
75 17 0.389 -0.077 2.125
75 18 0.404 -0.514 2.128
75 19 0.396 -0.818 2.146
75 20 0.415 -0.877 2.114
76 1 0.324 -0.009 2.124
76 2 0.324 0.044 2.129
76 3 0.335 0.309 2.138
76 4 0.342 0.544 2.146
76 5 0.182 0.306 2.130
76 6 0.114 0.078 2.054
76 7 0.109 -0.081 1.913
76 8 0.112 -0.140 1.864
76 9 0.488 0.294 2.142
76 10 0.541 0.046 2.150
76 11 0.553 -0.152 2.086
76 12 0.558 -0.229 2.061
76 13 0.254 -0.078 2.114
76 14 0.184 -0.500 2.131
76 15 0.172 -0.813 2.127
76 16 0.152 -0.872 2.092
76 17 0.393 -0.078 2.119
76 18 0.412 -0.505 2.112
76 19 0.399 -0.809 2.125
76 20 0.408 -0.853 2.064
77 1 0.331 -0.010 2.118
77 2 0.331 0.042 2.126
77 3 0.345 0.305 2.139
77 4 0.354 0.539 2.149
77 5 0.192 0.305 2.133
77 6 0.124 0.074 2.066
77 7 0.104 -0.082 1.929
77 8 0.103 -0.142 1.880
77 9 0.498 0.293 2.145
77 10 0.553 0.044 2.160
77 11 0.563 -0.156 2.096
77 12 0.566 -0.233 2.073
77 13 0.260 -0.078 2.107
77 14 0.187 -0.501 2.127
77 15 0.175 -0.813 2.123
77 16 0.153 -0.871 2.086
77 17 0.398 -0.079 2.114
77 18 0.418 -0.498 2.100
77 19 0.404 -0.803 2.109
77 20 0.408 -0.835 2.025
78 1 0.338 -0.011 2.113
78 2 0.339 0.041 2.124
78 3 0.353 0.301 2.140
78 4 0.364 0.536 2.151
78 5 0.203 0.303 2.135
78 6 0.132 0.069 2.076
78 7 0.102 -0.091 1.951
78 8 0.097 -0.157 1.910
78 9 0.509 0.291 2.148
78 10 0.562 0.043 2.168
78 11 0.573 -0.161 2.109
78 12 0.576 -0.239 2.092
78 13 0.267 -0.078 2.100
78 14 0.192 -0.501 2.122
78 15 0.178 -0.814 2.121
78 16 0.157 -0.868 2.078
78 17 0.404 -0.080 2.107
78 18 0.422 -0.493 2.093
78 19 0.410 -0.799 2.097
78 20 0.411 -0.827 2.007
79 1 0.346 -0.012 2.108
79 2 0.346 0.039 2.122
79 3 0.361 0.298 2.140
79 4 0.374 0.533 2.152
79 5 0.214 0.301 2.137
79 6 0.144 0.061 2.088
79 7 0.104 -0.107 1.981
79 8 0.098 -0.178 1.946
79 9 0.519 0.289 2.149
79 10 0.570 0.042 2.175
79 11 0.581 -0.166 2.120
79 12 0.584 -0.245 2.106
79 13 0.274 -0.079 2.095
79 14 0.199 -0.501 2.118
79 15 0.180 -0.814 2.119
79 16 0.160 -0.865 2.071
79 17 0.412 -0.082 2.102
79 18 0.427 -0.487 2.088
79 19 0.419 -0.793 2.086
79 20 0.418 -0.819 1.995
80 1 0.353 -0.012 2.104
80 2 0.354 0.038 2.121
80 3 0.371 0.295 2.139
80 4 0.383 0.530 2.152
80 5 0.223 0.300 2.139
80 6 0.159 0.051 2.103
80 7 0.115 -0.129 2.019
80 8 0.107 -0.198 1.987
80 9 0.532 0.290 2.151
80 10 0.578 0.042 2.180
80 11 0.588 -0.169 2.129
80 12 0.590 -0.248 2.117
80 13 0.281 -0.079 2.091
80 14 0.206 -0.501 2.114
80 15 0.182 -0.814 2.117
80 16 0.166 -0.862 2.065
80 17 0.419 -0.082 2.096
80 18 0.433 -0.482 2.083
80 19 0.425 -0.789 2.079
80 20 0.423 -0.815 1.988
81 1 0.360 -0.012 2.100
81 2 0.361 0.037 2.121
81 3 0.379 0.292 2.138
81 4 0.392 0.528 2.152
81 5 0.233 0.299 2.140
81 6 0.170 0.043 2.116
81 7 0.127 -0.145 2.048
81 8 0.119 -0.216 2.025
81 9 0.540 0.290 2.151
81 10 0.586 0.042 2.185
81 11 0.595 -0.171 2.138
81 12 0.594 -0.250 2.125
81 13 0.287 -0.079 2.088
81 14 0.214 -0.502 2.110
81 15 0.186 -0.813 2.114
81 16 0.168 -0.861 2.062
81 17 0.425 -0.082 2.091
81 18 0.437 -0.478 2.080
81 19 0.430 -0.785 2.074
81 20 0.428 -0.812 1.984
82 1 0.365 -0.012 2.098
82 2 0.367 0.036 2.121
82 3 0.387 0.290 2.137
82 4 0.400 0.527 2.151
82 5 0.241 0.298 2.140
82 6 0.182 0.037 2.131
82 7 0.146 -0.159 2.081
82 8 0.138 -0.229 2.064
82 9 0.547 0.291 2.150
82 10 0.592 0.042 2.188
82 11 0.601 -0.172 2.146
82 12 0.599 -0.251 2.132
82 13 0.292 -0.079 2.086
82 14 0.222 -0.503 2.106
82 15 0.190 -0.811 2.110
82 16 0.174 -0.856 2.055
82 17 0.429 -0.082 2.088
82 18 0.441 -0.476 2.079
82 19 0.433 -0.783 2.071
82 20 0.432 -0.810 1.982
83 1 0.368 -0.012 2.096
83 2 0.372 0.035 2.121
83 3 0.394 0.289 2.135
83 4 0.406 0.526 2.150
83 5 0.249 0.298 2.141
83 6 0.192 0.034 2.143
83 7 0.161 -0.170 2.102
83 8 0.155 -0.235 2.092
83 9 0.553 0.292 2.148
83 10 0.599 0.043 2.190
83 11 0.605 -0.173 2.151
83 12 0.605 -0.250 2.141
83 13 0.295 -0.079 2.085
83 14 0.230 -0.504 2.101
83 15 0.194 -0.810 2.107
83 16 0.183 -0.849 2.046
83 17 0.432 -0.082 2.085
83 18 0.444 -0.474 2.078
83 19 0.436 -0.782 2.069
83 20 0.436 -0.809 1.982
84 1 0.372 -0.012 2.094
84 2 0.376 0.035 2.121
84 3 0.401 0.289 2.134
84 4 0.412 0.526 2.149
84 5 0.256 0.298 2.141
84 6 0.212 0.037 2.166
84 7 0.176 -0.173 2.123
84 8 0.170 -0.233 2.115
84 9 0.559 0.292 2.145
84 10 0.605 0.044 2.192
84 11 0.609 -0.173 2.155
84 12 0.610 -0.249 2.147
84 13 0.298 -0.079 2.084
84 14 0.237 -0.505 2.095
84 15 0.199 -0.807 2.101
84 16 0.188 -0.846 2.041
84 17 0.435 -0.082 2.083
84 18 0.446 -0.474 2.077
84 19 0.438 -0.781 2.068
84 20 0.438 -0.808 1.983
85 1 0.375 -0.012 2.093
85 2 0.380 0.035 2.122
85 3 0.407 0.289 2.133
85 4 0.418 0.527 2.148
85 5 0.262 0.299 2.142
85 6 0.223 0.040 2.179
85 7 0.191 -0.168 2.141
85 8 0.179 -0.230 2.131
85 9 0.563 0.292 2.142
85 10 0.610 0.046 2.193
85 11 0.613 -0.172 2.159
85 12 0.614 -0.248 2.152
85 13 0.302 -0.078 2.083
85 14 0.244 -0.506 2.090
85 15 0.205 -0.803 2.094
85 16 0.217 -0.844 2.034
85 17 0.437 -0.081 2.081
85 18 0.448 -0.473 2.077
85 19 0.439 -0.780 2.067
85 20 0.440 -0.808 1.984
86 1 0.378 -0.011 2.092
86 2 0.384 0.035 2.122
86 3 0.412 0.290 2.131
86 4 0.423 0.527 2.147
86 5 0.268 0.300 2.142
86 6 0.231 0.044 2.188
86 7 0.199 -0.164 2.153
86 8 0.186 -0.227 2.141
86 9 0.567 0.293 2.139
86 10 0.615 0.047 2.193
86 11 0.616 -0.172 2.161
86 12 0.617 -0.246 2.154
86 13 0.305 -0.077 2.083
86 14 0.249 -0.507 2.085
86 15 0.210 -0.800 2.086
86 16 0.261 -0.830 2.038
86 17 0.440 -0.080 2.080
86 18 0.451 -0.474 2.077
86 19 0.440 -0.779 2.067
86 20 0.441 -0.808 1.985
87 1 0.381 -0.011 2.092
87 2 0.388 0.035 2.123
87 3 0.417 0.291 2.130
87 4 0.429 0.528 2.145
87 5 0.273 0.301 2.142
87 6 0.237 0.049 2.195
87 7 0.211 -0.150 2.181
87 8 0.195 -0.217 2.159
87 9 0.571 0.293 2.137
87 10 0.619 0.048 2.192
87 11 0.618 -0.171 2.163
87 12 0.619 -0.245 2.156
87 13 0.309 -0.076 2.083
87 14 0.254 -0.507 2.080
87 15 0.215 -0.796 2.078
87 16 0.280 -0.826 2.039
87 17 0.442 -0.080 2.078
87 18 0.453 -0.475 2.077
87 19 0.441 -0.779 2.067
87 20 0.442 -0.809 1.986
88 1 0.386 -0.010 2.091
88 2 0.393 0.036 2.124
88 3 0.422 0.293 2.128
88 4 0.433 0.530 2.143
88 5 0.277 0.303 2.143
88 6 0.241 0.052 2.200
88 7 0.216 -0.144 2.192
88 8 0.200 -0.211 2.170
88 9 0.573 0.293 2.134
88 10 0.623 0.050 2.190
88 11 0.621 -0.172 2.161
88 12 0.622 -0.246 2.153
88 13 0.313 -0.075 2.084
88 14 0.257 -0.507 2.075
88 15 0.219 -0.793 2.070
88 16 0.290 -0.823 2.038
88 17 0.445 -0.079 2.077
88 18 0.454 -0.476 2.078
88 19 0.442 -0.779 2.067
88 20 0.442 -0.809 1.988
89 1 0.390 -0.010 2.090
89 2 0.397 0.036 2.124
89 3 0.426 0.294 2.127
89 4 0.437 0.532 2.141
89 5 0.281 0.304 2.142
89 6 0.244 0.055 2.203
89 7 0.219 -0.141 2.199
89 8 0.203 -0.206 2.177
89 9 0.576 0.293 2.132
89 10 0.626 0.050 2.188
89 11 0.636 -0.157 2.149
89 12 0.630 -0.236 2.143
89 13 0.318 -0.074 2.084
89 14 0.259 -0.506 2.072
89 15 0.222 -0.790 2.062
89 16 0.297 -0.821 2.036
89 17 0.448 -0.079 2.076
89 18 0.456 -0.477 2.078
89 19 0.443 -0.779 2.067
89 20 0.442 -0.810 1.989
90 1 0.393 -0.010 2.090
90 2 0.400 0.036 2.125
90 3 0.429 0.295 2.125
90 4 0.440 0.533 2.140
90 5 0.284 0.304 2.142
90 6 0.246 0.057 2.205
90 7 0.221 -0.138 2.203
90 8 0.206 -0.203 2.182
90 9 0.577 0.293 2.131
90 10 0.628 0.051 2.185
90 11 0.635 -0.163 2.132
90 12 0.629 -0.241 2.128
90 13 0.321 -0.073 2.084
90 14 0.262 -0.503 2.066
90 15 0.225 -0.786 2.053
90 16 0.300 -0.819 2.032
90 17 0.451 -0.078 2.076
90 18 0.457 -0.478 2.078
90 19 0.443 -0.779 2.067
90 20 0.442 -0.810 1.990
91 1 0.396 -0.009 2.089
91 2 0.403 0.037 2.125
91 3 0.431 0.296 2.124
91 4 0.442 0.534 2.138
91 5 0.286 0.305 2.142
91 6 0.247 0.058 2.206
91 7 0.221 -0.136 2.203
91 8 0.207 -0.200 2.185
91 9 0.579 0.293 2.130
91 10 0.630 0.051 2.182
91 11 0.634 -0.168 2.120
91 12 0.625 -0.248 2.108
91 13 0.324 -0.072 2.084
91 14 0.264 -0.500 2.061
91 15 0.228 -0.783 2.046
91 16 0.299 -0.819 2.026
91 17 0.454 -0.078 2.075
91 18 0.459 -0.479 2.078
91 19 0.443 -0.779 2.068
91 20 0.442 -0.811 1.991
92 1 0.399 -0.010 2.089
92 2 0.406 0.037 2.125
92 3 0.433 0.297 2.124
92 4 0.444 0.535 2.137
92 5 0.288 0.305 2.142
92 6 0.248 0.059 2.206
92 7 0.219 -0.135 2.197
92 8 0.208 -0.198 2.185
92 9 0.580 0.293 2.129
92 10 0.631 0.051 2.179
92 11 0.632 -0.171 2.112
92 12 0.622 -0.251 2.092
92 13 0.327 -0.072 2.083
92 14 0.265 -0.498 2.057
92 15 0.230 -0.781 2.040
92 16 0.298 -0.819 2.020
92 17 0.457 -0.078 2.075
92 18 0.460 -0.480 2.079
92 19 0.443 -0.779 2.068
92 20 0.442 -0.812 1.991
93 1 0.401 -0.010 2.088
93 2 0.408 0.036 2.125
93 3 0.435 0.297 2.123
93 4 0.446 0.535 2.136
93 5 0.289 0.306 2.141
93 6 0.247 0.060 2.204
93 7 0.211 -0.134 2.164
93 8 0.207 -0.194 2.167
93 9 0.581 0.293 2.128
93 10 0.632 0.051 2.175
93 11 0.628 -0.173 2.101
93 12 0.618 -0.252 2.077
93 13 0.330 -0.072 2.082
93 14 0.266 -0.496 2.054
93 15 0.232 -0.779 2.036
93 16 0.297 -0.819 2.015
93 17 0.460 -0.078 2.074
93 18 0.461 -0.481 2.079
93 19 0.443 -0.780 2.069
93 20 0.442 -0.812 1.992
94 1 0.403 -0.010 2.087
94 2 0.410 0.036 2.125
94 3 0.436 0.298 2.122
94 4 0.447 0.536 2.135
94 5 0.290 0.306 2.141
94 6 0.245 0.059 2.198
94 7 0.207 -0.135 2.145
94 8 0.204 -0.194 2.149
94 9 0.582 0.292 2.127
94 10 0.632 0.050 2.170
94 11 0.624 -0.175 2.091
94 12 0.615 -0.253 2.067
94 13 0.332 -0.073 2.081
94 14 0.267 -0.495 2.052
94 15 0.234 -0.778 2.033
94 16 0.297 -0.819 2.011
94 17 0.462 -0.078 2.074
94 18 0.462 -0.482 2.079
94 19 0.443 -0.781 2.070
94 20 0.442 -0.813 1.993
95 1 0.405 -0.010 2.087
95 2 0.411 0.036 2.125
95 3 0.437 0.298 2.122
95 4 0.448 0.536 2.134
95 5 0.291 0.306 2.140
95 6 0.240 0.057 2.182
95 7 0.202 -0.138 2.130
95 8 0.199 -0.202 2.131
95 9 0.582 0.292 2.127
95 10 0.631 0.050 2.166
95 11 0.618 -0.176 2.079
95 12 0.611 -0.253 2.055
95 13 0.334 -0.073 2.080
95 14 0.268 -0.494 2.051
95 15 0.236 -0.778 2.031
95 16 0.296 -0.819 2.007
95 17 0.463 -0.078 2.073
95 18 0.462 -0.483 2.079
95 19 0.444 -0.781 2.070
95 20 0.442 -0.814 1.993
96 1 0.406 -0.011 2.086
96 2 0.412 0.036 2.125
96 3 0.437 0.298 2.121
96 4 0.449 0.536 2.134
96 5 0.291 0.306 2.139
96 6 0.234 0.055 2.169
96 7 0.194 -0.147 2.106
96 8 0.191 -0.210 2.106
96 9 0.583 0.291 2.127
96 10 0.629 0.049 2.162
96 11 0.613 -0.177 2.070
96 12 0.604 -0.252 2.042
96 13 0.335 -0.073 2.078
96 14 0.268 -0.494 2.049
96 15 0.237 -0.777 2.029
96 16 0.295 -0.820 2.005
96 17 0.464 -0.079 2.073
96 18 0.463 -0.484 2.079
96 19 0.444 -0.782 2.071
96 20 0.442 -0.814 1.994
97 1 0.406 -0.011 2.084
97 2 0.412 0.035 2.124
97 3 0.437 0.298 2.121
97 4 0.449 0.536 2.133
97 5 0.291 0.305 2.138
97 6 0.228 0.053 2.157
97 7 0.188 -0.152 2.091
97 8 0.182 -0.222 2.083
97 9 0.583 0.291 2.126
97 10 0.626 0.048 2.157
97 11 0.609 -0.177 2.064
97 12 0.600 -0.252 2.035
97 13 0.336 -0.074 2.076
97 14 0.269 -0.493 2.048
97 15 0.238 -0.777 2.028
97 16 0.295 -0.820 2.003
97 17 0.465 -0.079 2.072
97 18 0.463 -0.485 2.078
97 19 0.444 -0.782 2.071
97 20 0.442 -0.815 1.994
98 1 0.406 -0.012 2.083
98 2 0.412 0.035 2.123
98 3 0.436 0.298 2.120
98 4 0.449 0.536 2.132
98 5 0.290 0.305 2.136
98 6 0.222 0.052 2.145
98 7 0.184 -0.156 2.078
98 8 0.175 -0.226 2.064
98 9 0.582 0.290 2.126
98 10 0.622 0.048 2.152
98 11 0.606 -0.177 2.059
98 12 0.596 -0.251 2.030
98 13 0.336 -0.074 2.073
98 14 0.269 -0.493 2.048
98 15 0.239 -0.777 2.027
98 16 0.294 -0.820 2.002
98 17 0.465 -0.079 2.071
98 18 0.463 -0.485 2.078
98 19 0.444 -0.782 2.071
98 20 0.442 -0.815 1.994
99 1 0.405 -0.012 2.080
99 2 0.410 0.034 2.121
99 3 0.434 0.297 2.118
99 4 0.449 0.536 2.131
99 5 0.289 0.304 2.134
99 6 0.217 0.051 2.136
99 7 0.178 -0.158 2.062
99 8 0.169 -0.224 2.047
99 9 0.581 0.289 2.126
99 10 0.617 0.048 2.148
99 11 0.602 -0.176 2.056
99 12 0.593 -0.250 2.026
99 13 0.334 -0.075 2.069
99 14 0.268 -0.493 2.047
99 15 0.239 -0.777 2.027
99 16 0.294 -0.820 2.001
99 17 0.464 -0.080 2.069
99 18 0.463 -0.486 2.077
99 19 0.444 -0.783 2.071
99 20 0.442 -0.815 1.994
100 1 0.402 -0.013 2.076
100 2 0.407 0.033 2.118
100 3 0.431 0.297 2.115
100 4 0.447 0.536 2.129
100 5 0.286 0.304 2.132
100 6 0.211 0.050 2.127
100 7 0.173 -0.159 2.048
100 8 0.165 -0.221 2.028
100 9 0.579 0.288 2.126
100 10 0.613 0.047 2.144
100 11 0.599 -0.175 2.054
100 12 0.590 -0.249 2.024
100 13 0.331 -0.075 2.064
100 14 0.267 -0.492 2.045
100 15 0.240 -0.777 2.027
100 16 0.294 -0.820 2.000
100 17 0.462 -0.080 2.066
100 18 0.462 -0.487 2.076
100 19 0.443 -0.783 2.071
100 20 0.442 -0.815 1.994
101 1 0.398 -0.013 2.072
101 2 0.403 0.032 2.115
101 3 0.425 0.296 2.113
101 4 0.442 0.535 2.126
101 5 0.281 0.302 2.129
101 6 0.206 0.049 2.120
101 7 0.170 -0.159 2.033
101 8 0.161 -0.217 2.008
101 9 0.576 0.287 2.125
101 10 0.608 0.046 2.141
101 11 0.595 -0.175 2.052
101 12 0.587 -0.248 2.023
101 13 0.327 -0.075 2.059
101 14 0.265 -0.492 2.044
101 15 0.240 -0.777 2.027
101 16 0.293 -0.820 2.000
101 17 0.458 -0.081 2.062
101 18 0.460 -0.488 2.074
101 19 0.443 -0.783 2.071
101 20 0.442 -0.815 1.994
102 1 0.393 -0.013 2.068
102 2 0.398 0.032 2.111
102 3 0.419 0.295 2.110
102 4 0.435 0.535 2.122
102 5 0.274 0.300 2.126
102 6 0.201 0.049 2.113
102 7 0.166 -0.158 2.017
102 8 0.160 -0.213 1.989
102 9 0.572 0.286 2.125
102 10 0.603 0.044 2.138
102 11 0.592 -0.174 2.052
102 12 0.583 -0.247 2.022
102 13 0.322 -0.076 2.055
102 14 0.261 -0.491 2.043
102 15 0.240 -0.777 2.027
102 16 0.292 -0.820 1.999
102 17 0.454 -0.081 2.058
102 18 0.457 -0.488 2.072
102 19 0.442 -0.783 2.071
102 20 0.442 -0.815 1.993
103 1 0.388 -0.013 2.064
103 2 0.392 0.031 2.108
103 3 0.412 0.294 2.108
103 4 0.427 0.535 2.119
103 5 0.267 0.299 2.123
103 6 0.194 0.048 2.106
103 7 0.163 -0.154 2.002
103 8 0.159 -0.209 1.973
103 9 0.562 0.284 2.124
103 10 0.596 0.043 2.136
103 11 0.588 -0.173 2.052
103 12 0.579 -0.246 2.024
103 13 0.317 -0.076 2.051
103 14 0.256 -0.490 2.042
103 15 0.239 -0.777 2.028
103 16 0.281 -0.824 1.999
103 17 0.448 -0.081 2.053
103 18 0.454 -0.489 2.069
103 19 0.441 -0.782 2.070
103 20 0.441 -0.815 1.992
104 1 0.382 -0.013 2.060
104 2 0.385 0.031 2.104
104 3 0.405 0.294 2.106
104 4 0.419 0.535 2.116
104 5 0.258 0.297 2.121
104 6 0.188 0.047 2.100
104 7 0.160 -0.151 1.991
104 8 0.160 -0.206 1.961
104 9 0.554 0.282 2.124
104 10 0.589 0.042 2.135
104 11 0.583 -0.172 2.054
104 12 0.574 -0.245 2.026
104 13 0.311 -0.076 2.047
104 14 0.250 -0.488 2.042
104 15 0.238 -0.776 2.028
104 16 0.267 -0.829 2.000
104 17 0.443 -0.081 2.049
104 18 0.448 -0.489 2.066
104 19 0.438 -0.782 2.069
104 20 0.439 -0.814 1.991
105 1 0.375 -0.013 2.056
105 2 0.378 0.030 2.101
105 3 0.395 0.294 2.104
105 4 0.410 0.535 2.113
105 5 0.250 0.296 2.120
105 6 0.182 0.047 2.094
105 7 0.158 -0.148 1.983
105 8 0.160 -0.203 1.950
105 9 0.542 0.281 2.122
105 10 0.581 0.041 2.134
105 11 0.578 -0.171 2.056
105 12 0.570 -0.245 2.030
105 13 0.305 -0.076 2.043
105 14 0.244 -0.486 2.041
105 15 0.235 -0.774 2.029
105 16 0.254 -0.832 2.001
105 17 0.436 -0.081 2.044
105 18 0.442 -0.491 2.062
105 19 0.434 -0.782 2.067
105 20 0.435 -0.814 1.989
106 1 0.368 -0.014 2.052
106 2 0.370 0.030 2.098
106 3 0.387 0.295 2.102
106 4 0.399 0.536 2.110
106 5 0.239 0.295 2.118
106 6 0.175 0.047 2.089
106 7 0.157 -0.146 1.977
106 8 0.161 -0.200 1.943
106 9 0.531 0.280 2.120
106 10 0.572 0.040 2.134
106 11 0.572 -0.171 2.059
106 12 0.563 -0.246 2.035
106 13 0.298 -0.076 2.039
106 14 0.237 -0.484 2.040
106 15 0.231 -0.772 2.029
106 16 0.245 -0.833 2.002
106 17 0.429 -0.081 2.041
106 18 0.435 -0.492 2.058
106 19 0.429 -0.782 2.066
106 20 0.430 -0.814 1.987
107 1 0.360 -0.014 2.049
107 2 0.363 0.029 2.095
107 3 0.377 0.295 2.101
107 4 0.390 0.536 2.107
107 5 0.229 0.294 2.118
107 6 0.167 0.047 2.084
107 7 0.156 -0.144 1.972
107 8 0.162 -0.198 1.938
107 9 0.519 0.278 2.118
107 10 0.563 0.039 2.133
107 11 0.565 -0.171 2.063
107 12 0.558 -0.246 2.039
107 13 0.291 -0.076 2.035
107 14 0.229 -0.481 2.038
107 15 0.227 -0.769 2.028
107 16 0.222 -0.810 1.967
107 17 0.423 -0.081 2.038
107 18 0.428 -0.493 2.054
107 19 0.424 -0.782 2.064
107 20 0.425 -0.814 1.985
108 1 0.353 -0.015 2.047
108 2 0.356 0.029 2.093
108 3 0.367 0.295 2.099
108 4 0.382 0.537 2.105
108 5 0.218 0.293 2.117
108 6 0.157 0.047 2.079
108 7 0.155 -0.143 1.969
108 8 0.162 -0.196 1.935
108 9 0.507 0.276 2.115
108 10 0.553 0.038 2.133
108 11 0.558 -0.171 2.067
108 12 0.552 -0.247 2.043
108 13 0.284 -0.077 2.033
108 14 0.221 -0.479 2.037
108 15 0.223 -0.766 2.026
108 16 0.209 -0.795 1.946
108 17 0.416 -0.081 2.035
108 18 0.419 -0.494 2.050
108 19 0.417 -0.782 2.063
108 20 0.417 -0.814 1.984
109 1 0.344 -0.015 2.044
109 2 0.347 0.028 2.090
109 3 0.357 0.295 2.098
109 4 0.373 0.536 2.104
109 5 0.207 0.291 2.117
109 6 0.148 0.048 2.075
109 7 0.152 -0.143 1.966
109 8 0.161 -0.195 1.933
109 9 0.498 0.276 2.113
109 10 0.543 0.038 2.133
109 11 0.541 -0.165 2.077
109 12 0.540 -0.242 2.052
109 13 0.275 -0.078 2.029
109 14 0.214 -0.476 2.035
109 15 0.219 -0.763 2.025
109 16 0.203 -0.789 1.937
109 17 0.407 -0.081 2.031
109 18 0.412 -0.496 2.047
109 19 0.412 -0.783 2.062
109 20 0.386 -0.835 2.025
