1 1 0.228 -0.443 2.321
1 2 0.225 -0.396 2.349
1 3 0.223 -0.143 2.337
1 4 0.219 0.058 2.299
1 5 0.047 -0.231 2.299
1 6 0.030 -0.416 2.184
1 7 0.080 -0.538 2.040
1 8 0.102 -0.578 1.994
1 9 0.398 -0.231 2.329
1 10 0.420 -0.410 2.242
1 11 0.427 -0.563 2.078
1 12 0.442 -0.631 2.044
1 13 0.137 -0.523 2.306
1 14 0.048 -0.613 1.999
1 15 0.067 -0.859 2.062
1 16 0.074 -0.895 1.981
1 17 0.321 -0.521 2.322
1 18 0.435 -0.620 2.026
1 19 0.434 -0.850 2.006
1 20 0.440 -0.885 1.925
2 1 0.228 -0.443 2.321
2 2 0.225 -0.396 2.349
2 3 0.223 -0.143 2.337
2 4 0.218 0.058 2.299
2 5 0.047 -0.232 2.299
2 6 0.030 -0.416 2.184
2 7 0.068 -0.545 2.036
2 8 0.075 -0.591 1.987
2 9 0.398 -0.231 2.329
2 10 0.420 -0.410 2.242
2 11 0.448 -0.568 2.076
2 12 0.467 -0.633 2.045
2 13 0.136 -0.523 2.306
2 14 0.048 -0.613 1.999
2 15 0.067 -0.859 2.062
2 16 0.074 -0.895 1.981
2 17 0.321 -0.521 2.322
2 18 0.435 -0.619 2.026
2 19 0.434 -0.850 2.006
2 20 0.440 -0.885 1.925
3 1 0.228 -0.443 2.321
3 2 0.225 -0.396 2.349
3 3 0.223 -0.143 2.337
3 4 0.218 0.058 2.299
3 5 0.047 -0.232 2.299
3 6 0.030 -0.416 2.184
3 7 0.063 -0.547 2.035
3 8 0.069 -0.594 1.986
3 9 0.398 -0.231 2.329
3 10 0.420 -0.410 2.242
3 11 0.398 -0.541 2.091
3 12 0.445 -0.617 2.056
3 13 0.136 -0.523 2.307
3 14 0.048 -0.613 1.999
3 15 0.066 -0.859 2.062
3 16 0.074 -0.895 1.981
3 17 0.321 -0.521 2.322
3 18 0.435 -0.619 2.026
3 19 0.434 -0.850 2.006
3 20 0.440 -0.885 1.925
4 1 0.227 -0.443 2.321
4 2 0.224 -0.396 2.349
4 3 0.223 -0.143 2.337
4 4 0.218 0.058 2.299
4 5 0.047 -0.232 2.299
4 6 0.030 -0.416 2.185
4 7 0.061 -0.548 2.035
4 8 0.065 -0.595 1.986
4 9 0.398 -0.231 2.330
4 10 0.420 -0.410 2.242
4 11 0.407 -0.541 2.092
4 12 0.432 -0.609 2.061
4 13 0.135 -0.523 2.307
4 14 0.049 -0.613 1.999
4 15 0.066 -0.859 2.062
4 16 0.073 -0.895 1.982
4 17 0.320 -0.521 2.322
4 18 0.435 -0.619 2.026
4 19 0.434 -0.850 2.006
4 20 0.440 -0.885 1.925
5 1 0.227 -0.443 2.321
5 2 0.224 -0.396 2.349
5 3 0.223 -0.143 2.337
5 4 0.218 0.057 2.299
5 5 0.047 -0.232 2.299
5 6 0.030 -0.416 2.185
5 7 0.059 -0.548 2.035
5 8 0.063 -0.595 1.986
5 9 0.398 -0.231 2.330
5 10 0.420 -0.410 2.242
5 11 0.398 -0.535 2.095
5 12 0.429 -0.582 2.059
5 13 0.135 -0.523 2.307
5 14 0.049 -0.613 1.999
5 15 0.066 -0.859 2.062
5 16 0.073 -0.895 1.982
5 17 0.320 -0.521 2.322
5 18 0.435 -0.619 2.026
5 19 0.434 -0.849 2.006
5 20 0.440 -0.885 1.925
6 1 0.227 -0.444 2.321
6 2 0.224 -0.396 2.349
6 3 0.223 -0.143 2.337
6 4 0.218 0.057 2.299
6 5 0.047 -0.232 2.299
6 6 0.030 -0.416 2.185
6 7 0.058 -0.548 2.035
6 8 0.062 -0.595 1.987
6 9 0.398 -0.231 2.330
6 10 0.420 -0.410 2.243
6 11 0.417 -0.553 2.070
6 12 0.460 -0.587 2.034
6 13 0.135 -0.523 2.307
6 14 0.049 -0.613 1.999
6 15 0.066 -0.859 2.062
6 16 0.073 -0.895 1.982
6 17 0.320 -0.521 2.322
6 18 0.435 -0.618 2.026
6 19 0.434 -0.849 2.006
6 20 0.440 -0.885 1.925
7 1 0.227 -0.444 2.321
7 2 0.224 -0.396 2.349
7 3 0.223 -0.143 2.337
7 4 0.218 0.057 2.299
7 5 0.047 -0.232 2.299
7 6 0.030 -0.416 2.185
7 7 0.058 -0.548 2.035
7 8 0.061 -0.595 1.987
7 9 0.398 -0.231 2.330
7 10 0.420 -0.410 2.243
7 11 0.389 -0.541 2.083
7 12 0.456 -0.578 2.035
7 13 0.135 -0.523 2.307
7 14 0.049 -0.613 1.999
7 15 0.066 -0.859 2.062
7 16 0.073 -0.895 1.982
7 17 0.320 -0.521 2.322
7 18 0.435 -0.618 2.026
7 19 0.434 -0.849 2.006
7 20 0.440 -0.884 1.925
8 1 0.226 -0.444 2.321
8 2 0.224 -0.396 2.349
8 3 0.223 -0.143 2.337
8 4 0.218 0.056 2.299
8 5 0.047 -0.232 2.299
8 6 0.030 -0.416 2.185
8 7 0.057 -0.548 2.035
8 8 0.061 -0.595 1.987
8 9 0.398 -0.231 2.330
8 10 0.420 -0.410 2.243
8 11 0.375 -0.535 2.091
8 12 0.451 -0.572 2.038
8 13 0.134 -0.523 2.307
8 14 0.049 -0.613 1.998
8 15 0.065 -0.859 2.062
8 16 0.072 -0.895 1.982
8 17 0.319 -0.521 2.322
8 18 0.435 -0.618 2.026
8 19 0.434 -0.849 2.006
8 20 0.440 -0.884 1.925
9 1 0.226 -0.444 2.321
9 2 0.224 -0.396 2.349
9 3 0.223 -0.143 2.337
9 4 0.218 0.056 2.298
9 5 0.047 -0.232 2.299
9 6 0.029 -0.416 2.185
9 7 0.140 -0.544 2.027
9 8 0.166 -0.587 1.978
9 9 0.398 -0.231 2.330
9 10 0.420 -0.410 2.243
9 11 0.370 -0.533 2.093
9 12 0.447 -0.568 2.040
9 13 0.134 -0.523 2.307
9 14 0.049 -0.613 1.998
9 15 0.065 -0.859 2.062
9 16 0.072 -0.895 1.982
9 17 0.319 -0.521 2.322
9 18 0.435 -0.618 2.027
9 19 0.434 -0.849 2.006
9 20 0.440 -0.884 1.925
10 1 0.226 -0.444 2.322
10 2 0.223 -0.396 2.349
10 3 0.223 -0.143 2.337
10 4 0.218 0.056 2.298
10 5 0.047 -0.232 2.299
10 6 0.029 -0.416 2.185
10 7 0.183 -0.541 2.023
10 8 0.227 -0.583 1.973
10 9 0.398 -0.231 2.330
10 10 0.420 -0.410 2.243
10 11 0.367 -0.531 2.095
10 12 0.443 -0.565 2.043
10 13 0.134 -0.523 2.307
10 14 0.049 -0.614 1.998
10 15 0.065 -0.859 2.062
10 16 0.072 -0.895 1.982
10 17 0.319 -0.522 2.322
10 18 0.435 -0.618 2.027
10 19 0.434 -0.849 2.006
10 20 0.441 -0.884 1.925
11 1 0.226 -0.444 2.322
11 2 0.223 -0.396 2.349
11 3 0.222 -0.143 2.337
11 4 0.218 0.056 2.298
11 5 0.047 -0.232 2.299
11 6 0.029 -0.416 2.185
11 7 0.200 -0.540 2.022
11 8 0.251 -0.581 1.971
11 9 0.398 -0.231 2.330
11 10 0.420 -0.410 2.243
11 11 0.364 -0.530 2.096
11 12 0.439 -0.564 2.045
11 13 0.134 -0.523 2.307
11 14 0.049 -0.614 1.998
11 15 0.065 -0.859 2.062
11 16 0.072 -0.895 1.982
11 17 0.319 -0.522 2.322
11 18 0.435 -0.618 2.027
11 19 0.434 -0.849 2.006
11 20 0.441 -0.884 1.925
12 1 0.226 -0.444 2.322
12 2 0.223 -0.396 2.349
12 3 0.222 -0.144 2.338
12 4 0.218 0.056 2.298
12 5 0.047 -0.232 2.299
12 6 0.029 -0.416 2.186
12 7 0.211 -0.540 2.021
12 8 0.265 -0.580 1.970
12 9 0.398 -0.232 2.330
12 10 0.420 -0.410 2.243
12 11 0.362 -0.529 2.097
12 12 0.435 -0.563 2.047
12 13 0.134 -0.523 2.307
12 14 0.049 -0.614 1.998
12 15 0.065 -0.859 2.062
12 16 0.072 -0.895 1.982
12 17 0.319 -0.522 2.322
12 18 0.435 -0.618 2.027
12 19 0.434 -0.849 2.006
12 20 0.441 -0.884 1.925
13 1 0.226 -0.444 2.322
13 2 0.223 -0.396 2.349
13 3 0.222 -0.144 2.338
13 4 0.218 0.056 2.298
13 5 0.047 -0.232 2.299
13 6 0.029 -0.416 2.186
13 7 0.215 -0.539 2.020
13 8 0.274 -0.580 1.969
13 9 0.398 -0.232 2.330
13 10 0.420 -0.410 2.243
13 11 0.361 -0.528 2.098
13 12 0.431 -0.562 2.049
13 13 0.133 -0.523 2.307
13 14 0.049 -0.614 1.998
13 15 0.065 -0.859 2.062
13 16 0.072 -0.895 1.982
13 17 0.318 -0.522 2.322
13 18 0.435 -0.617 2.027
13 19 0.434 -0.848 2.006
13 20 0.441 -0.883 1.925
14 1 0.225 -0.444 2.322
14 2 0.223 -0.396 2.349
14 3 0.222 -0.144 2.338
14 4 0.218 0.055 2.298
14 5 0.047 -0.233 2.299
14 6 0.029 -0.416 2.186
14 7 0.211 -0.540 2.021
14 8 0.276 -0.580 1.969
14 9 0.398 -0.232 2.330
14 10 0.420 -0.410 2.243
14 11 0.303 -0.529 2.081
14 12 0.364 -0.566 2.035
14 13 0.133 -0.523 2.307
14 14 0.050 -0.614 1.998
14 15 0.065 -0.859 2.062
14 16 0.072 -0.895 1.982
14 17 0.318 -0.522 2.322
14 18 0.435 -0.617 2.027
14 19 0.434 -0.848 2.006
14 20 0.441 -0.883 1.925
15 1 0.225 -0.444 2.322
15 2 0.223 -0.396 2.349
15 3 0.222 -0.144 2.338
15 4 0.218 0.055 2.298
15 5 0.047 -0.233 2.299
15 6 0.029 -0.416 2.186
15 7 0.205 -0.541 2.022
15 8 0.272 -0.581 1.970
15 9 0.398 -0.232 2.330
15 10 0.420 -0.410 2.243
15 11 0.315 -0.526 2.088
15 12 0.360 -0.565 2.038
15 13 0.133 -0.523 2.307
15 14 0.050 -0.614 1.998
15 15 0.065 -0.859 2.062
15 16 0.072 -0.895 1.982
15 17 0.318 -0.522 2.322
15 18 0.435 -0.617 2.027
15 19 0.434 -0.848 2.006
15 20 0.441 -0.883 1.925
16 1 0.225 -0.444 2.322
16 2 0.222 -0.396 2.349
16 3 0.222 -0.144 2.338
16 4 0.217 0.055 2.298
16 5 0.047 -0.233 2.299
16 6 0.028 -0.416 2.186
16 7 0.199 -0.541 2.023
16 8 0.266 -0.581 1.971
16 9 0.398 -0.232 2.330
16 10 0.419 -0.410 2.243
16 11 0.326 -0.525 2.093
16 12 0.364 -0.565 2.042
16 13 0.133 -0.523 2.307
16 14 0.050 -0.613 1.998
16 15 0.065 -0.859 2.062
16 16 0.072 -0.895 1.982
16 17 0.318 -0.522 2.322
16 18 0.435 -0.617 2.027
16 19 0.435 -0.848 2.006
16 20 0.442 -0.883 1.925
17 1 0.225 -0.444 2.322
17 2 0.222 -0.396 2.349
17 3 0.222 -0.144 2.338
17 4 0.217 0.055 2.298
17 5 0.047 -0.233 2.299
17 6 0.028 -0.416 2.186
17 7 0.194 -0.541 2.023
17 8 0.260 -0.582 1.971
17 9 0.398 -0.232 2.330
17 10 0.419 -0.410 2.243
17 11 0.405 -0.554 2.067
17 12 0.440 -0.591 2.022
17 13 0.133 -0.523 2.307
17 14 0.050 -0.613 1.998
17 15 0.065 -0.859 2.063
17 16 0.072 -0.895 1.982
17 17 0.318 -0.522 2.322
17 18 0.435 -0.617 2.027
17 19 0.435 -0.848 2.006
17 20 0.442 -0.883 1.925
18 1 0.225 -0.444 2.322
18 2 0.222 -0.396 2.349
18 3 0.222 -0.144 2.338
18 4 0.217 0.055 2.298
18 5 0.047 -0.233 2.299
18 6 0.028 -0.416 2.187
18 7 0.191 -0.542 2.024
18 8 0.255 -0.582 1.972
18 9 0.398 -0.232 2.330
18 10 0.419 -0.410 2.244
18 11 0.425 -0.552 2.068
18 12 0.476 -0.591 2.022
18 13 0.133 -0.523 2.307
18 14 0.050 -0.613 1.998
18 15 0.065 -0.859 2.063
18 16 0.072 -0.895 1.982
18 17 0.318 -0.522 2.322
18 18 0.435 -0.617 2.027
18 19 0.435 -0.848 2.006
18 20 0.442 -0.883 1.925
19 1 0.225 -0.444 2.322
19 2 0.222 -0.397 2.349
19 3 0.222 -0.145 2.338
19 4 0.217 0.055 2.297
19 5 0.047 -0.233 2.299
19 6 0.028 -0.416 2.187
19 7 0.188 -0.542 2.024
19 8 0.250 -0.583 1.972
19 9 0.398 -0.232 2.330
19 10 0.419 -0.411 2.244
19 11 0.420 -0.545 2.079
19 12 0.482 -0.589 2.026
19 13 0.133 -0.524 2.307
19 14 0.050 -0.613 1.998
19 15 0.065 -0.859 2.063
19 16 0.072 -0.895 1.982
19 17 0.318 -0.522 2.322
19 18 0.435 -0.617 2.027
19 19 0.435 -0.848 2.006
19 20 0.442 -0.883 1.925
20 1 0.225 -0.444 2.322
20 2 0.222 -0.397 2.349
20 3 0.221 -0.145 2.338
20 4 0.217 0.054 2.297
20 5 0.047 -0.233 2.299
20 6 0.028 -0.416 2.187
20 7 0.187 -0.542 2.024
20 8 0.247 -0.583 1.973
20 9 0.398 -0.232 2.330
20 10 0.419 -0.411 2.244
20 11 0.422 -0.544 2.083
20 12 0.472 -0.579 2.037
20 13 0.133 -0.524 2.307
20 14 0.050 -0.613 1.998
20 15 0.065 -0.859 2.063
20 16 0.073 -0.894 1.982
20 17 0.318 -0.522 2.322
20 18 0.435 -0.617 2.027
20 19 0.435 -0.848 2.006
20 20 0.442 -0.883 1.925
21 1 0.225 -0.444 2.322
21 2 0.222 -0.397 2.349
21 3 0.221 -0.145 2.337
21 4 0.217 0.054 2.297
21 5 0.047 -0.233 2.299
21 6 0.028 -0.416 2.187
21 7 0.186 -0.542 2.024
21 8 0.245 -0.583 1.973
21 9 0.398 -0.232 2.330
21 10 0.419 -0.411 2.244
21 11 0.403 -0.538 2.095
21 12 0.444 -0.575 2.044
21 13 0.133 -0.524 2.307
21 14 0.050 -0.613 1.998
21 15 0.065 -0.859 2.062
21 16 0.072 -0.894 1.982
21 17 0.318 -0.522 2.322
21 18 0.435 -0.617 2.027
21 19 0.435 -0.848 2.006
21 20 0.442 -0.883 1.925
22 1 0.225 -0.444 2.322
22 2 0.222 -0.397 2.349
22 3 0.221 -0.145 2.337
22 4 0.217 0.054 2.296
22 5 0.047 -0.233 2.299
22 6 0.028 -0.416 2.187
22 7 0.185 -0.542 2.024
22 8 0.244 -0.584 1.973
22 9 0.398 -0.232 2.330
22 10 0.419 -0.411 2.244
22 11 0.393 -0.536 2.101
22 12 0.436 -0.573 2.046
22 13 0.133 -0.524 2.307
22 14 0.050 -0.613 1.998
22 15 0.065 -0.859 2.062
22 16 0.072 -0.894 1.982
22 17 0.318 -0.522 2.322
22 18 0.435 -0.617 2.027
22 19 0.435 -0.848 2.006
22 20 0.442 -0.883 1.925
23 1 0.225 -0.444 2.322
23 2 0.222 -0.397 2.349
23 3 0.221 -0.146 2.334
23 4 0.217 0.054 2.292
23 5 0.047 -0.233 2.298
23 6 0.028 -0.416 2.187
23 7 0.185 -0.542 2.025
23 8 0.243 -0.583 1.974
23 9 0.398 -0.232 2.330
23 10 0.419 -0.411 2.244
23 11 0.388 -0.534 2.104
23 12 0.431 -0.573 2.047
23 13 0.133 -0.524 2.307
23 14 0.050 -0.613 1.998
23 15 0.065 -0.859 2.062
23 16 0.072 -0.894 1.982
23 17 0.318 -0.522 2.322
23 18 0.434 -0.618 2.027
23 19 0.435 -0.848 2.005
23 20 0.442 -0.883 1.925
24 1 0.225 -0.444 2.321
24 2 0.222 -0.396 2.347
24 3 0.220 -0.146 2.327
24 4 0.217 0.053 2.284
24 5 0.047 -0.233 2.294
24 6 0.027 -0.417 2.187
24 7 0.185 -0.542 2.025
24 8 0.236 -0.581 1.984
24 9 0.397 -0.232 2.328
24 10 0.419 -0.411 2.244
24 11 0.385 -0.534 2.105
24 12 0.428 -0.572 2.048
24 13 0.133 -0.524 2.307
24 14 0.050 -0.613 1.998
24 15 0.065 -0.859 2.062
24 16 0.072 -0.894 1.982
24 17 0.318 -0.521 2.322
24 18 0.433 -0.619 2.027
24 19 0.435 -0.848 2.005
24 20 0.442 -0.884 1.924
25 1 0.225 -0.443 2.320
25 2 0.222 -0.394 2.343
25 3 0.221 -0.148 2.314
25 4 0.218 0.050 2.265
25 5 0.047 -0.232 2.284
25 6 0.026 -0.418 2.186
25 7 0.186 -0.541 2.026
25 8 0.232 -0.579 1.991
25 9 0.397 -0.231 2.323
25 10 0.419 -0.411 2.244
25 11 0.384 -0.533 2.106
25 12 0.426 -0.572 2.048
25 13 0.133 -0.523 2.306
25 14 0.050 -0.614 1.998
25 15 0.065 -0.859 2.062
25 16 0.073 -0.895 1.982
25 17 0.318 -0.521 2.322
25 18 0.432 -0.619 2.027
25 19 0.435 -0.848 2.004
25 20 0.442 -0.884 1.924
26 1 0.225 -0.442 2.318
26 2 0.223 -0.392 2.336
26 3 0.221 -0.150 2.295
26 4 0.218 0.046 2.243
26 5 0.046 -0.232 2.268
26 6 0.024 -0.419 2.185
26 7 0.188 -0.539 2.027
26 8 0.223 -0.579 1.997
26 9 0.397 -0.231 2.311
26 10 0.419 -0.412 2.244
26 11 0.306 -0.525 2.073
26 12 0.259 -0.559 2.007
26 13 0.134 -0.523 2.306
26 14 0.050 -0.614 1.998
26 15 0.065 -0.859 2.063
26 16 0.073 -0.895 1.982
26 17 0.319 -0.521 2.322
26 18 0.431 -0.620 2.026
26 19 0.435 -0.849 2.003
26 20 0.442 -0.885 1.923
27 1 0.229 -0.439 2.311
27 2 0.227 -0.389 2.321
27 3 0.222 -0.153 2.272
27 4 0.219 0.044 2.214
27 5 0.046 -0.232 2.249
27 6 0.021 -0.421 2.182
27 7 0.190 -0.538 2.028
27 8 0.218 -0.579 2.000
27 9 0.397 -0.230 2.292
27 10 0.419 -0.415 2.242
27 11 0.263 -0.522 2.053
27 12 0.208 -0.556 1.995
27 13 0.137 -0.521 2.302
27 14 0.050 -0.614 1.997
27 15 0.065 -0.859 2.063
27 16 0.073 -0.895 1.983
27 17 0.322 -0.518 2.320
27 18 0.429 -0.622 2.024
27 19 0.434 -0.850 2.001
27 20 0.442 -0.887 1.921
28 1 0.231 -0.437 2.302
28 2 0.229 -0.386 2.306
28 3 0.221 -0.156 2.249
28 4 0.219 0.041 2.188
28 5 0.046 -0.233 2.225
28 6 0.017 -0.423 2.177
28 7 0.192 -0.536 2.029
28 8 0.215 -0.579 2.002
28 9 0.398 -0.230 2.271
28 10 0.421 -0.419 2.237
28 11 0.246 -0.522 2.043
28 12 0.179 -0.554 1.986
28 13 0.140 -0.519 2.298
28 14 0.049 -0.616 1.996
28 15 0.066 -0.859 2.063
28 16 0.074 -0.896 1.984
28 17 0.324 -0.516 2.316
28 18 0.428 -0.624 2.021
28 19 0.434 -0.851 1.999
28 20 0.442 -0.889 1.919
29 1 0.240 -0.435 2.280
29 2 0.236 -0.386 2.281
29 3 0.221 -0.159 2.228
29 4 0.219 0.035 2.157
29 5 0.046 -0.235 2.201
29 6 0.012 -0.426 2.169
29 7 0.194 -0.535 2.028
29 8 0.214 -0.579 2.003
29 9 0.399 -0.230 2.246
29 10 0.424 -0.426 2.224
29 11 0.236 -0.523 2.034
29 12 0.171 -0.557 1.978
29 13 0.151 -0.518 2.280
29 14 0.044 -0.620 1.991
29 15 0.066 -0.859 2.064
29 16 0.075 -0.897 1.985
29 17 0.337 -0.512 2.299
29 18 0.429 -0.636 2.008
29 19 0.434 -0.858 1.993
29 20 0.442 -0.897 1.914
30 1 0.244 -0.435 2.267
30 2 0.239 -0.386 2.265
30 3 0.220 -0.161 2.198
30 4 0.219 0.032 2.134
30 5 0.046 -0.237 2.181
30 6 0.008 -0.431 2.149
30 7 0.198 -0.536 2.022
30 8 0.216 -0.582 1.998
30 9 0.399 -0.230 2.221
30 10 0.427 -0.431 2.210
30 11 0.232 -0.525 2.026
30 12 0.152 -0.556 1.972
30 13 0.157 -0.518 2.270
30 14 0.040 -0.628 1.986
30 15 0.068 -0.860 2.065
30 16 0.077 -0.899 1.987
30 17 0.342 -0.510 2.289
30 18 0.431 -0.643 2.001
30 19 0.434 -0.863 1.989
30 20 0.443 -0.904 1.910
31 1 0.246 -0.436 2.255
31 2 0.240 -0.388 2.249
31 3 0.219 -0.163 2.176
31 4 0.217 0.030 2.105
31 5 0.047 -0.239 2.161
31 6 0.006 -0.434 2.133
31 7 0.201 -0.539 2.013
31 8 0.219 -0.588 1.990
31 9 0.400 -0.229 2.197
31 10 0.427 -0.439 2.190
31 11 0.232 -0.532 2.016
31 12 0.149 -0.561 1.965
31 13 0.160 -0.519 2.263
31 14 0.037 -0.631 1.980
31 15 0.041 -0.860 1.995
31 16 0.050 -0.904 1.919
31 17 0.345 -0.510 2.280
31 18 0.432 -0.649 1.993
31 19 0.434 -0.868 1.985
31 20 0.443 -0.912 1.907
32 1 0.246 -0.438 2.239
32 2 0.240 -0.390 2.231
32 3 0.218 -0.165 2.154
32 4 0.216 0.029 2.084
32 5 0.048 -0.239 2.142
32 6 0.005 -0.436 2.121
32 7 0.191 -0.537 1.997
32 8 0.220 -0.587 1.986
32 9 0.401 -0.227 2.172
32 10 0.426 -0.443 2.172
32 11 0.235 -0.539 2.006
32 12 0.155 -0.568 1.957
32 13 0.161 -0.520 2.252
32 14 0.026 -0.648 1.976
32 15 0.062 -0.865 2.025
32 16 0.070 -0.913 1.952
32 17 0.346 -0.510 2.267
32 18 0.436 -0.657 1.985
32 19 0.435 -0.875 1.981
32 20 0.444 -0.920 1.904
33 1 0.245 -0.440 2.217
33 2 0.240 -0.392 2.208
33 3 0.218 -0.165 2.134
33 4 0.215 0.029 2.060
33 5 0.048 -0.239 2.124
33 6 0.005 -0.436 2.110
33 7 0.185 -0.536 1.988
33 8 0.221 -0.588 1.978
33 9 0.401 -0.225 2.151
33 10 0.424 -0.444 2.158
33 11 0.238 -0.545 1.998
33 12 0.163 -0.576 1.951
33 13 0.162 -0.522 2.234
33 14 0.019 -0.689 1.976
33 15 0.045 -0.904 1.995
33 16 0.062 -0.871 1.988
33 17 0.344 -0.511 2.239
33 18 0.443 -0.673 1.971
33 19 0.438 -0.887 1.974
33 20 0.447 -0.934 1.898
34 1 0.244 -0.441 2.202
34 2 0.239 -0.393 2.192
34 3 0.217 -0.164 2.117
34 4 0.214 0.028 2.042
34 5 0.048 -0.238 2.107
34 6 0.006 -0.435 2.098
34 7 0.180 -0.536 1.981
34 8 0.222 -0.590 1.971
34 9 0.400 -0.220 2.129
34 10 0.424 -0.440 2.145
34 11 0.368 -0.567 2.007
34 12 0.384 -0.594 1.998
34 13 0.162 -0.523 2.221
34 14 0.016 -0.707 1.976
34 15 0.037 -0.923 1.981
34 16 0.056 -0.846 2.009
34 17 0.342 -0.512 2.223
34 18 0.445 -0.682 1.962
34 19 0.440 -0.897 1.969
34 20 0.448 -0.944 1.894
35 1 0.244 -0.441 2.190
35 2 0.238 -0.393 2.180
35 3 0.215 -0.160 2.097
35 4 0.214 0.030 2.023
35 5 0.049 -0.236 2.091
35 6 0.009 -0.436 2.080
35 7 0.177 -0.536 1.976
35 8 0.223 -0.594 1.961
35 9 0.400 -0.216 2.111
35 10 0.424 -0.436 2.134
35 11 0.423 -0.580 2.006
35 12 0.481 -0.605 2.013
35 13 0.162 -0.523 2.211
35 14 0.014 -0.718 1.976
35 15 0.031 -0.936 1.970
35 16 0.055 -0.839 2.015
35 17 0.341 -0.512 2.212
35 18 0.429 -0.775 1.977
35 19 0.364 -0.913 2.139
35 20 0.394 -0.894 2.061
36 1 0.243 -0.440 2.182
36 2 0.238 -0.391 2.169
36 3 0.215 -0.155 2.082
36 4 0.214 0.033 2.005
36 5 0.049 -0.231 2.077
36 6 0.011 -0.435 2.068
36 7 0.175 -0.537 1.971
36 8 0.223 -0.597 1.952
36 9 0.399 -0.211 2.094
36 10 0.423 -0.430 2.122
36 11 0.458 -0.587 2.007
36 12 0.533 -0.611 2.022
36 13 0.162 -0.522 2.204
36 14 0.013 -0.724 1.975
36 15 0.028 -0.944 1.963
36 16 0.054 -0.834 2.019
36 17 0.340 -0.511 2.203
36 18 0.416 -0.815 1.979
36 19 0.343 -0.921 2.211
36 20 0.375 -0.869 2.129
37 1 0.243 -0.438 2.175
37 2 0.237 -0.388 2.161
37 3 0.214 -0.147 2.066
37 4 0.213 0.042 1.983
37 5 0.049 -0.222 2.062
37 6 0.013 -0.430 2.058
37 7 0.174 -0.537 1.967
37 8 0.222 -0.600 1.944
37 9 0.398 -0.204 2.081
37 10 0.420 -0.424 2.107
37 11 0.463 -0.589 2.007
37 12 0.556 -0.614 2.025
37 13 0.163 -0.519 2.198
37 14 0.016 -0.728 1.975
37 15 0.026 -0.949 1.959
37 16 0.052 -0.832 2.020
37 17 0.338 -0.509 2.197
37 18 0.398 -0.802 2.004
37 19 0.331 -0.924 2.243
37 20 0.348 -0.914 2.178
38 1 0.242 -0.433 2.169
38 2 0.236 -0.382 2.153
38 3 0.212 -0.135 2.051
38 4 0.212 0.053 1.964
38 5 0.050 -0.208 2.048
38 6 0.016 -0.421 2.048
38 7 0.068 -0.583 1.971
38 8 0.150 -0.605 1.948
38 9 0.398 -0.194 2.069
38 10 0.419 -0.419 2.097
38 11 0.456 -0.588 2.004
38 12 0.549 -0.613 2.022
38 13 0.163 -0.512 2.192
38 14 0.073 -0.674 1.925
38 15 0.026 -0.907 1.930
38 16 0.041 -0.880 1.916
38 17 0.336 -0.503 2.193
38 18 0.390 -0.791 2.018
38 19 0.324 -0.927 2.262
38 20 0.336 -0.941 2.193
39 1 0.240 -0.422 2.163
39 2 0.235 -0.369 2.145
39 3 0.211 -0.112 2.037
39 4 0.212 0.067 1.946
39 5 0.049 -0.193 2.038
39 6 0.019 -0.408 2.037
39 7 0.026 -0.602 1.971
39 8 0.108 -0.607 1.952
39 9 0.397 -0.175 2.056
39 10 0.418 -0.407 2.087
39 11 0.454 -0.582 2.004
39 12 0.542 -0.609 2.020
39 13 0.163 -0.500 2.186
39 14 0.084 -0.703 1.952
39 15 0.020 -0.916 1.946
39 16 0.040 -0.876 1.932
39 17 0.332 -0.491 2.189
39 18 0.389 -0.765 2.024
39 19 0.323 -0.929 2.257
39 20 0.331 -0.966 2.183
40 1 0.237 -0.401 2.158
40 2 0.232 -0.348 2.138
40 3 0.212 -0.087 2.025
40 4 0.210 0.092 1.929
40 5 0.049 -0.169 2.028
40 6 0.024 -0.395 2.028
40 7 0.002 -0.630 1.968
40 8 0.041 -0.676 1.950
40 9 0.395 -0.154 2.045
40 10 0.414 -0.397 2.074
40 11 0.443 -0.576 2.004
40 12 0.523 -0.603 2.016
40 13 0.161 -0.477 2.182
40 14 0.093 -0.710 1.972
40 15 0.017 -0.922 1.965
40 16 0.044 -0.856 1.972
40 17 0.324 -0.467 2.187
40 18 0.383 -0.742 2.032
40 19 0.372 -0.948 2.130
40 20 0.384 -0.876 2.079
41 1 0.233 -0.376 2.153
41 2 0.230 -0.323 2.132
41 3 0.213 -0.064 2.017
41 4 0.208 0.112 1.917
41 5 0.049 -0.142 2.022
41 6 0.032 -0.361 2.013
41 7 0.007 -0.575 1.983
41 8 0.075 -0.602 1.962
41 9 0.394 -0.130 2.036
41 10 0.402 -0.370 2.054
41 11 0.435 -0.572 2.003
41 12 0.508 -0.598 2.013
41 13 0.158 -0.451 2.178
41 14 0.096 -0.711 1.990
41 15 0.018 -0.924 1.985
41 16 0.048 -0.838 1.998
41 17 0.317 -0.443 2.185
41 18 0.365 -0.695 2.003
41 19 0.399 -0.923 2.042
41 20 0.397 -0.927 1.997
42 1 0.233 -0.344 2.151
42 2 0.230 -0.300 2.129
42 3 0.214 -0.055 2.013
42 4 0.207 0.127 1.911
42 5 0.048 -0.114 2.017
42 6 0.036 -0.342 2.006
42 7 0.001 -0.560 1.988
42 8 0.069 -0.592 1.964
42 9 0.394 -0.105 2.029
42 10 0.396 -0.353 2.044
42 11 0.428 -0.568 2.003
42 12 0.496 -0.595 2.011
42 13 0.159 -0.420 2.178
42 14 0.096 -0.699 2.011
42 15 0.040 -0.917 2.109
42 16 0.056 -0.912 2.072
42 17 0.315 -0.410 2.184
42 18 0.354 -0.656 1.988
42 19 0.411 -0.903 1.997
42 20 0.409 -0.932 1.941
43 1 0.228 -0.304 2.143
43 2 0.225 -0.254 2.120
43 3 0.214 -0.010 2.004
43 4 0.206 0.162 1.901
43 5 0.047 -0.088 2.012
43 6 0.039 -0.317 1.999
43 7 0.074 -0.496 1.972
43 8 0.114 -0.556 1.958
43 9 0.395 -0.070 2.022
43 10 0.397 -0.316 2.036
43 11 0.399 -0.519 2.000
43 12 0.457 -0.545 2.005
43 13 0.153 -0.378 2.171
43 14 0.092 -0.688 2.023
43 15 0.056 -0.924 2.152
43 16 0.068 -0.974 2.094
43 17 0.309 -0.373 2.179
43 18 0.351 -0.634 1.987
43 19 0.416 -0.887 1.979
43 20 0.415 -0.932 1.920
44 1 0.226 -0.277 2.140
44 2 0.223 -0.227 2.116
44 3 0.214 0.016 2.000
44 4 0.206 0.185 1.895
44 5 0.047 -0.062 2.008
44 6 0.038 -0.289 1.995
44 7 0.101 -0.463 1.966
44 8 0.149 -0.530 1.958
44 9 0.395 -0.045 2.018
44 10 0.400 -0.294 2.032
44 11 0.368 -0.474 1.987
44 12 0.365 -0.528 1.971
44 13 0.150 -0.353 2.167
44 14 0.090 -0.682 2.031
44 15 0.060 -0.928 2.168
44 16 0.066 -1.006 2.091
44 17 0.307 -0.345 2.176
44 18 0.353 -0.615 1.993
44 19 0.405 -0.853 2.006
44 20 0.415 -0.924 1.914
45 1 0.224 -0.248 2.136
45 2 0.222 -0.204 2.113
45 3 0.214 0.028 1.998
45 4 0.207 0.208 1.896
45 5 0.046 -0.033 2.004
45 6 0.036 -0.264 1.992
45 7 0.116 -0.446 1.962
45 8 0.160 -0.519 1.958
45 9 0.396 -0.021 2.015
45 10 0.407 -0.270 2.029
45 11 0.357 -0.442 1.979
45 12 0.324 -0.500 1.955
45 13 0.148 -0.329 2.166
45 14 0.086 -0.674 2.037
45 15 0.068 -0.937 2.143
45 16 0.070 -1.025 2.059
45 17 0.305 -0.309 2.169
45 18 0.359 -0.594 2.015
45 19 0.397 -0.868 2.054
45 20 0.401 -0.938 1.982
46 1 0.224 -0.225 2.134
46 2 0.222 -0.183 2.112
46 3 0.214 0.037 1.998
46 4 0.207 0.225 1.899
46 5 0.046 -0.011 2.002
46 6 0.032 -0.239 1.990
46 7 0.103 -0.410 1.955
46 8 0.132 -0.478 1.960
46 9 0.398 0.007 2.014
46 10 0.419 -0.240 2.027
46 11 0.352 -0.430 1.976
46 12 0.318 -0.493 1.950
46 13 0.149 -0.308 2.166
46 14 0.076 -0.618 2.034
46 15 0.080 -0.919 2.118
46 16 0.086 -1.000 2.037
46 17 0.306 -0.287 2.165
46 18 0.365 -0.582 2.052
46 19 0.380 -0.834 2.098
46 20 0.395 -0.853 2.027
47 1 0.226 -0.203 2.132
47 2 0.224 -0.161 2.111
47 3 0.215 0.049 2.001
47 4 0.209 0.247 1.908
47 5 0.048 0.031 1.999
47 6 0.027 -0.216 1.989
47 7 0.087 -0.384 1.954
47 8 0.105 -0.443 1.962
47 9 0.400 0.033 2.013
47 10 0.429 -0.212 2.025
47 11 0.358 -0.425 1.972
47 12 0.303 -0.485 1.945
47 13 0.150 -0.284 2.166
47 14 0.073 -0.572 2.036
47 15 0.088 -0.900 2.104
47 16 0.095 -0.972 2.023
47 17 0.307 -0.267 2.162
47 18 0.365 -0.572 2.090
47 19 0.369 -0.848 2.136
47 20 0.377 -0.900 2.073
48 1 0.228 -0.183 2.130
48 2 0.227 -0.142 2.110
48 3 0.218 0.064 2.006
48 4 0.212 0.270 1.920
48 5 0.049 0.054 1.997
48 6 0.021 -0.194 1.989
48 7 0.070 -0.363 1.955
48 8 0.095 -0.424 1.962
48 9 0.403 0.064 2.014
48 10 0.438 -0.182 2.023
48 11 0.394 -0.392 1.973
48 12 0.367 -0.451 1.962
48 13 0.153 -0.265 2.165
48 14 0.073 -0.549 2.045
48 15 0.093 -0.886 2.088
48 16 0.099 -0.956 2.011
48 17 0.310 -0.248 2.158
48 18 0.365 -0.566 2.102
48 19 0.362 -0.821 2.143
48 20 0.383 -0.844 2.073
49 1 0.231 -0.166 2.129
49 2 0.230 -0.125 2.109
49 3 0.222 0.079 2.011
49 4 0.216 0.290 1.931
49 5 0.052 0.084 1.998
49 6 0.016 -0.167 1.991
49 7 0.054 -0.345 1.956
49 8 0.075 -0.402 1.961
49 9 0.405 0.087 2.015
49 10 0.444 -0.160 2.021
49 11 0.419 -0.373 1.975
49 12 0.391 -0.431 1.967
49 13 0.156 -0.246 2.164
49 14 0.076 -0.532 2.056
49 15 0.094 -0.872 2.074
49 16 0.100 -0.941 2.000
49 17 0.312 -0.233 2.154
49 18 0.365 -0.562 2.110
49 19 0.361 -0.798 2.138
49 20 0.386 -0.821 2.073
50 1 0.235 -0.149 2.127
50 2 0.234 -0.108 2.108
50 3 0.227 0.097 2.017
50 4 0.221 0.310 1.942
50 5 0.055 0.104 1.998
50 6 0.009 -0.138 1.991
50 7 0.044 -0.336 1.955
50 8 0.065 -0.392 1.960
50 9 0.408 0.114 2.018
50 10 0.453 -0.133 2.020
50 11 0.435 -0.363 1.978
50 12 0.427 -0.420 1.972
50 13 0.160 -0.229 2.162
50 14 0.080 -0.519 2.065
50 15 0.094 -0.858 2.066
50 16 0.100 -0.926 1.992
50 17 0.315 -0.218 2.150
50 18 0.365 -0.557 2.115
50 19 0.361 -0.782 2.130
50 20 0.388 -0.810 2.072
51 1 0.240 -0.130 2.123
51 2 0.238 -0.089 2.105
51 3 0.232 0.113 2.023
51 4 0.227 0.330 1.955
51 5 0.061 0.130 2.002
51 6 0.006 -0.115 1.991
51 7 0.031 -0.327 1.954
51 8 0.044 -0.381 1.952
51 9 0.411 0.132 2.021
51 10 0.459 -0.114 2.020
51 11 0.465 -0.326 1.988
51 12 0.463 -0.397 1.980
51 13 0.170 -0.193 2.147
51 14 0.086 -0.507 2.071
51 15 0.090 -0.788 2.052
51 16 0.080 -0.853 2.003
51 17 0.317 -0.206 2.147
51 18 0.364 -0.552 2.116
51 19 0.361 -0.773 2.124
51 20 0.389 -0.805 2.068
52 1 0.243 -0.114 2.119
52 2 0.242 -0.074 2.103
52 3 0.237 0.130 2.029
52 4 0.233 0.350 1.969
52 5 0.064 0.147 2.004
52 6 0.005 -0.098 1.991
52 7 0.022 -0.319 1.952
52 8 0.034 -0.373 1.949
52 9 0.414 0.152 2.025
52 10 0.465 -0.095 2.020
52 11 0.484 -0.292 1.995
52 12 0.484 -0.376 1.987
52 13 0.175 -0.177 2.141
52 14 0.089 -0.501 2.074
52 15 0.088 -0.743 2.044
52 16 0.083 -0.798 1.987
52 17 0.319 -0.193 2.143
52 18 0.363 -0.549 2.115
52 19 0.362 -0.769 2.118
52 20 0.391 -0.804 2.064
53 1 0.246 -0.101 2.115
53 2 0.245 -0.060 2.100
53 3 0.242 0.147 2.034
53 4 0.239 0.369 1.981
53 5 0.069 0.162 2.006
53 6 0.006 -0.084 1.992
53 7 0.013 -0.310 1.948
53 8 0.025 -0.366 1.945
53 9 0.418 0.169 2.030
53 10 0.470 -0.078 2.023
53 11 0.496 -0.262 2.001
53 12 0.502 -0.348 1.991
53 13 0.177 -0.165 2.134
53 14 0.092 -0.497 2.075
53 15 0.087 -0.727 2.041
53 16 0.066 -0.787 2.015
53 17 0.320 -0.181 2.138
53 18 0.361 -0.543 2.112
53 19 0.363 -0.767 2.114
53 20 0.392 -0.807 2.059
54 1 0.248 -0.086 2.110
54 2 0.248 -0.045 2.096
54 3 0.247 0.166 2.040
54 4 0.245 0.389 1.993
54 5 0.074 0.179 2.009
54 6 0.008 -0.065 1.990
54 7 -0.000 -0.279 1.935
54 8 0.012 -0.348 1.931
54 9 0.423 0.189 2.038
54 10 0.477 -0.058 2.027
54 11 0.505 -0.238 2.002
54 12 0.515 -0.324 1.992
54 13 0.179 -0.154 2.126
54 14 0.095 -0.495 2.076
54 15 0.087 -0.718 2.040
54 16 0.077 -0.772 1.999
54 17 0.321 -0.167 2.129
54 18 0.360 -0.531 2.106
54 19 0.364 -0.767 2.110
54 20 0.392 -0.812 2.055
55 1 0.250 -0.075 2.105
55 2 0.250 -0.034 2.093
55 3 0.250 0.182 2.044
55 4 0.251 0.408 2.005
55 5 0.079 0.192 2.012
55 6 0.010 -0.051 1.989
55 7 -0.006 -0.259 1.928
55 8 0.005 -0.338 1.924
55 9 0.429 0.205 2.045
55 10 0.483 -0.041 2.031
55 11 0.511 -0.225 2.003
55 12 0.523 -0.310 1.992
55 13 0.180 -0.145 2.118
55 14 0.097 -0.494 2.076
55 15 0.088 -0.720 2.043
55 16 0.085 -0.769 1.989
55 17 0.322 -0.155 2.122
55 18 0.359 -0.523 2.102
55 19 0.365 -0.768 2.107
55 20 0.392 -0.816 2.053
56 1 0.252 -0.066 2.100
56 2 0.252 -0.023 2.089
56 3 0.254 0.196 2.047
56 4 0.256 0.423 2.013
56 5 0.084 0.205 2.016
56 6 0.013 -0.037 1.987
56 7 -0.006 -0.235 1.920
56 8 0.002 -0.319 1.912
56 9 0.433 0.220 2.052
56 10 0.489 -0.025 2.036
56 11 0.517 -0.212 2.002
56 12 0.530 -0.296 1.990
56 13 0.182 -0.137 2.110
56 14 0.100 -0.494 2.074
56 15 0.093 -0.732 2.052
56 16 0.075 -0.788 2.010
56 17 0.324 -0.143 2.114
56 18 0.358 -0.517 2.098
56 19 0.365 -0.770 2.105
56 20 0.392 -0.819 2.051
57 1 0.254 -0.057 2.095
57 2 0.254 -0.014 2.085
57 3 0.257 0.208 2.050
57 4 0.261 0.436 2.021
57 5 0.088 0.216 2.019
57 6 0.017 -0.026 1.985
57 7 -0.005 -0.218 1.913
57 8 0.002 -0.302 1.900
57 9 0.438 0.233 2.059
57 10 0.494 -0.013 2.040
57 11 0.521 -0.203 2.001
57 12 0.536 -0.284 1.987
57 13 0.183 -0.130 2.101
57 14 0.102 -0.495 2.072
57 15 0.097 -0.741 2.058
57 16 0.070 -0.800 2.022
57 17 0.327 -0.134 2.106
57 18 0.358 -0.512 2.095
57 19 0.366 -0.772 2.104
57 20 0.392 -0.822 2.050
58 1 0.257 -0.049 2.089
58 2 0.257 -0.006 2.081
58 3 0.260 0.218 2.053
58 4 0.267 0.447 2.029
58 5 0.093 0.226 2.024
58 6 0.022 -0.015 1.982
58 7 0.002 -0.201 1.906
58 8 0.008 -0.284 1.888
58 9 0.442 0.242 2.064
58 10 0.499 -0.003 2.044
58 11 0.525 -0.196 2.000
58 12 0.540 -0.276 1.983
58 13 0.186 -0.123 2.093
58 14 0.105 -0.495 2.070
58 15 0.100 -0.746 2.061
58 16 0.068 -0.805 2.026
58 17 0.330 -0.125 2.097
58 18 0.359 -0.508 2.092
58 19 0.367 -0.773 2.102
58 20 0.392 -0.824 2.050
59 1 0.261 -0.042 2.084
59 2 0.261 0.002 2.078
59 3 0.264 0.227 2.057
59 4 0.272 0.457 2.037
59 5 0.098 0.234 2.028
59 6 0.027 -0.006 1.981
59 7 0.011 -0.186 1.900
59 8 0.020 -0.267 1.878
59 9 0.447 0.252 2.071
59 10 0.504 0.006 2.048
59 11 0.529 -0.189 1.999
59 12 0.545 -0.267 1.979
59 13 0.189 -0.117 2.084
59 14 0.109 -0.496 2.066
59 15 0.102 -0.750 2.063
59 16 0.068 -0.810 2.029
59 17 0.335 -0.117 2.088
59 18 0.360 -0.505 2.088
59 19 0.367 -0.775 2.101
59 20 0.392 -0.826 2.049
60 1 0.265 -0.036 2.078
60 2 0.265 0.008 2.074
60 3 0.268 0.235 2.060
60 4 0.276 0.466 2.046
60 5 0.103 0.241 2.032
60 6 0.032 0.002 1.979
60 7 0.023 -0.175 1.894
60 8 0.035 -0.253 1.867
60 9 0.452 0.260 2.078
60 10 0.508 0.014 2.051
60 11 0.533 -0.183 1.997
60 12 0.548 -0.260 1.975
60 13 0.193 -0.112 2.076
60 14 0.114 -0.497 2.063
60 15 0.103 -0.754 2.065
60 16 0.071 -0.814 2.030
60 17 0.341 -0.111 2.078
60 18 0.362 -0.503 2.085
60 19 0.367 -0.776 2.101
60 20 0.393 -0.827 2.049
61 1 0.270 -0.030 2.073
61 2 0.269 0.014 2.071
61 3 0.272 0.242 2.063
61 4 0.280 0.473 2.053
61 5 0.107 0.248 2.037
61 6 0.039 0.009 1.978
61 7 0.038 -0.165 1.890
61 8 0.053 -0.241 1.859
61 9 0.456 0.265 2.083
61 10 0.512 0.019 2.054
61 11 0.537 -0.177 1.994
61 12 0.552 -0.253 1.971
61 13 0.197 -0.108 2.068
61 14 0.120 -0.497 2.059
61 15 0.105 -0.756 2.065
61 16 0.073 -0.818 2.032
61 17 0.346 -0.105 2.070
61 18 0.364 -0.501 2.082
61 19 0.367 -0.777 2.100
61 20 0.393 -0.828 2.049
62 1 0.275 -0.026 2.068
62 2 0.274 0.018 2.068
62 3 0.276 0.246 2.066
62 4 0.284 0.479 2.060
62 5 0.112 0.253 2.042
62 6 0.047 0.015 1.977
62 7 0.054 -0.159 1.887
62 8 0.072 -0.232 1.853
62 9 0.460 0.269 2.087
62 10 0.515 0.023 2.056
62 11 0.542 -0.172 1.992
62 12 0.557 -0.247 1.967
62 13 0.202 -0.104 2.061
62 14 0.125 -0.498 2.055
62 15 0.107 -0.757 2.065
62 16 0.076 -0.821 2.033
62 17 0.352 -0.101 2.063
62 18 0.366 -0.501 2.078
62 19 0.367 -0.777 2.100
62 20 0.393 -0.828 2.049
63 1 0.281 -0.022 2.063
63 2 0.279 0.022 2.065
63 3 0.280 0.250 2.068
63 4 0.288 0.483 2.067
63 5 0.115 0.258 2.046
63 6 0.056 0.020 1.976
63 7 0.070 -0.154 1.885
63 8 0.089 -0.226 1.849
63 9 0.464 0.273 2.092
63 10 0.519 0.026 2.057
63 11 0.546 -0.168 1.990
63 12 0.560 -0.243 1.964
63 13 0.207 -0.101 2.054
63 14 0.130 -0.499 2.052
63 15 0.108 -0.759 2.064
63 16 0.078 -0.823 2.033
63 17 0.358 -0.097 2.056
63 18 0.369 -0.501 2.074
63 19 0.368 -0.778 2.100
63 20 0.393 -0.829 2.049
64 1 0.286 -0.020 2.059
64 2 0.284 0.024 2.064
64 3 0.285 0.254 2.071
64 4 0.292 0.487 2.076
64 5 0.119 0.261 2.050
64 6 0.065 0.023 1.976
64 7 0.087 -0.152 1.885
64 8 0.112 -0.222 1.849
64 9 0.467 0.275 2.095
64 10 0.522 0.029 2.059
64 11 0.549 -0.165 1.989
64 12 0.563 -0.240 1.962
64 13 0.212 -0.099 2.048
64 14 0.134 -0.500 2.049
64 15 0.110 -0.760 2.064
64 16 0.079 -0.824 2.034
64 17 0.364 -0.095 2.050
64 18 0.373 -0.501 2.069
64 19 0.368 -0.778 2.100
64 20 0.393 -0.829 2.049
65 1 0.291 -0.018 2.056
65 2 0.288 0.026 2.063
65 3 0.289 0.256 2.074
65 4 0.295 0.489 2.082
65 5 0.122 0.264 2.054
65 6 0.076 0.025 1.977
65 7 0.106 -0.152 1.886
65 8 0.131 -0.221 1.850
65 9 0.470 0.276 2.097
65 10 0.524 0.030 2.060
65 11 0.552 -0.164 1.987
65 12 0.565 -0.239 1.960
65 13 0.217 -0.098 2.043
65 14 0.137 -0.500 2.046
65 15 0.113 -0.761 2.062
65 16 0.081 -0.825 2.034
65 17 0.369 -0.093 2.045
65 18 0.377 -0.501 2.065
65 19 0.368 -0.778 2.099
65 20 0.393 -0.830 2.049
66 1 0.295 -0.017 2.053
66 2 0.291 0.027 2.063
66 3 0.293 0.258 2.076
66 4 0.297 0.491 2.087
66 5 0.125 0.266 2.057
66 6 0.085 0.027 1.978
66 7 0.126 -0.154 1.889
66 8 0.151 -0.223 1.853
66 9 0.471 0.276 2.099
66 10 0.527 0.031 2.060
66 11 0.555 -0.162 1.987
66 12 0.567 -0.237 1.959
66 13 0.221 -0.097 2.039
66 14 0.141 -0.502 2.042
66 15 0.118 -0.762 2.057
66 16 0.085 -0.826 2.031
66 17 0.373 -0.091 2.041
66 18 0.380 -0.502 2.061
66 19 0.369 -0.778 2.099
66 20 0.393 -0.830 2.049
67 1 0.297 -0.016 2.050
67 2 0.294 0.028 2.063
67 3 0.295 0.260 2.078
67 4 0.299 0.493 2.091
67 5 0.127 0.267 2.061
67 6 0.093 0.028 1.980
67 7 0.142 -0.155 1.893
67 8 0.172 -0.224 1.859
67 9 0.473 0.276 2.101
67 10 0.529 0.031 2.061
67 11 0.557 -0.162 1.986
67 12 0.569 -0.237 1.958
67 13 0.223 -0.097 2.035
67 14 0.144 -0.504 2.039
67 15 0.121 -0.763 2.052
67 16 0.118 -0.809 1.987
67 17 0.376 -0.090 2.038
67 18 0.383 -0.502 2.059
67 19 0.370 -0.778 2.098
67 20 0.393 -0.831 2.049
68 1 0.300 -0.016 2.049
68 2 0.296 0.028 2.063
68 3 0.297 0.261 2.079
68 4 0.300 0.494 2.094
68 5 0.128 0.268 2.063
68 6 0.099 0.028 1.983
68 7 0.153 -0.154 1.896
68 8 0.187 -0.223 1.866
68 9 0.474 0.276 2.102
68 10 0.531 0.031 2.061
68 11 0.559 -0.162 1.986
68 12 0.571 -0.237 1.958
68 13 0.225 -0.097 2.033
68 14 0.147 -0.505 2.033
68 15 0.128 -0.764 2.045
68 16 0.144 -0.797 1.954
68 17 0.378 -0.090 2.036
68 18 0.385 -0.502 2.056
68 19 0.370 -0.778 2.098
68 20 0.394 -0.831 2.049
69 1 0.301 -0.016 2.047
69 2 0.298 0.028 2.063
69 3 0.299 0.261 2.080
69 4 0.300 0.495 2.097
69 5 0.129 0.269 2.065
69 6 0.104 0.027 1.985
69 7 0.164 -0.154 1.901
69 8 0.199 -0.219 1.873
69 9 0.475 0.276 2.102
69 10 0.532 0.032 2.061
69 11 0.561 -0.162 1.986
69 12 0.574 -0.237 1.959
69 13 0.227 -0.096 2.030
69 14 0.149 -0.507 2.029
69 15 0.136 -0.764 2.038
69 16 0.157 -0.793 1.939
69 17 0.379 -0.090 2.034
69 18 0.386 -0.503 2.055
69 19 0.371 -0.778 2.097
69 20 0.394 -0.831 2.049
70 1 0.302 -0.015 2.045
70 2 0.298 0.028 2.064
70 3 0.300 0.262 2.080
70 4 0.300 0.495 2.100
70 5 0.130 0.269 2.066
70 6 0.107 0.027 1.986
70 7 0.171 -0.155 1.904
70 8 0.206 -0.217 1.879
70 9 0.476 0.276 2.103
70 10 0.533 0.032 2.061
70 11 0.563 -0.162 1.987
70 12 0.576 -0.238 1.961
70 13 0.227 -0.096 2.027
70 14 0.152 -0.508 2.024
70 15 0.144 -0.764 2.029
70 16 0.165 -0.790 1.930
70 17 0.380 -0.089 2.032
70 18 0.387 -0.503 2.054
70 19 0.371 -0.778 2.097
70 20 0.394 -0.831 2.049
71 1 0.302 -0.015 2.043
71 2 0.299 0.028 2.064
71 3 0.300 0.262 2.081
71 4 0.299 0.495 2.102
71 5 0.130 0.270 2.067
71 6 0.109 0.027 1.988
71 7 0.175 -0.155 1.908
71 8 0.211 -0.215 1.884
71 9 0.476 0.276 2.103
71 10 0.534 0.032 2.061
71 11 0.565 -0.163 1.989
71 12 0.579 -0.240 1.964
71 13 0.227 -0.096 2.024
71 14 0.154 -0.508 2.021
71 15 0.151 -0.763 2.021
71 16 0.171 -0.788 1.924
71 17 0.380 -0.089 2.029
71 18 0.388 -0.504 2.053
71 19 0.371 -0.778 2.097
71 20 0.394 -0.832 2.050
72 1 0.301 -0.015 2.041
72 2 0.299 0.028 2.064
72 3 0.300 0.262 2.081
72 4 0.297 0.495 2.104
72 5 0.130 0.270 2.068
72 6 0.110 0.026 1.989
72 7 0.176 -0.154 1.912
72 8 0.213 -0.214 1.888
72 9 0.476 0.276 2.104
72 10 0.534 0.032 2.061
72 11 0.566 -0.164 1.991
72 12 0.582 -0.242 1.969
72 13 0.226 -0.096 2.021
72 14 0.156 -0.509 2.018
72 15 0.155 -0.762 2.017
72 16 0.174 -0.787 1.919
72 17 0.379 -0.090 2.026
72 18 0.388 -0.505 2.052
72 19 0.371 -0.778 2.097
72 20 0.394 -0.832 2.050
73 1 0.299 -0.015 2.038
73 2 0.297 0.027 2.065
73 3 0.298 0.261 2.081
73 4 0.292 0.494 2.105
73 5 0.126 0.270 2.070
73 6 0.109 0.026 1.991
73 7 0.175 -0.154 1.915
73 8 0.213 -0.212 1.890
73 9 0.475 0.275 2.104
73 10 0.534 0.032 2.061
73 11 0.566 -0.166 1.995
73 12 0.583 -0.244 1.975
73 13 0.224 -0.095 2.018
73 14 0.157 -0.509 2.016
73 15 0.157 -0.762 2.014
73 16 0.176 -0.786 1.918
73 17 0.376 -0.089 2.023
73 18 0.388 -0.506 2.051
73 19 0.371 -0.778 2.097
73 20 0.394 -0.832 2.050
74 1 0.296 -0.015 2.035
74 2 0.294 0.027 2.065
74 3 0.294 0.260 2.081
74 4 0.285 0.492 2.106
74 5 0.120 0.270 2.071
74 6 0.105 0.025 1.992
74 7 0.170 -0.153 1.916
74 8 0.208 -0.209 1.892
74 9 0.468 0.275 2.103
74 10 0.533 0.032 2.062
74 11 0.566 -0.167 1.999
74 12 0.583 -0.245 1.980
74 13 0.220 -0.095 2.014
74 14 0.157 -0.509 2.014
74 15 0.159 -0.761 2.012
74 16 0.148 -0.813 1.968
74 17 0.373 -0.089 2.020
74 18 0.387 -0.507 2.051
74 19 0.371 -0.778 2.097
74 20 0.394 -0.832 2.051
75 1 0.290 -0.015 2.031
75 2 0.288 0.026 2.064
75 3 0.285 0.259 2.080
75 4 0.273 0.491 2.107
75 5 0.109 0.270 2.072
75 6 0.093 0.026 1.993
75 7 0.158 -0.153 1.913
75 8 0.190 -0.206 1.889
75 9 0.460 0.275 2.102
75 10 0.529 0.033 2.062
75 11 0.564 -0.169 2.004
75 12 0.581 -0.247 1.986
75 13 0.215 -0.094 2.010
75 14 0.156 -0.509 2.012
75 15 0.160 -0.761 2.011
75 16 0.132 -0.829 1.997
75 17 0.367 -0.089 2.017
75 18 0.385 -0.507 2.050
75 19 0.371 -0.777 2.097
75 20 0.393 -0.832 2.051
76 1 0.283 -0.015 2.028
76 2 0.280 0.025 2.063
76 3 0.274 0.259 2.078
76 4 0.262 0.492 2.106
76 5 0.097 0.270 2.071
76 6 0.081 0.026 1.991
76 7 0.138 -0.155 1.906
76 8 0.164 -0.210 1.880
76 9 0.449 0.275 2.100
76 10 0.523 0.033 2.063
76 11 0.560 -0.170 2.008
76 12 0.577 -0.248 1.991
76 13 0.208 -0.094 2.006
76 14 0.154 -0.510 2.011
76 15 0.160 -0.761 2.011
76 16 0.126 -0.835 2.007
76 17 0.361 -0.089 2.013
76 18 0.381 -0.509 2.049
76 19 0.370 -0.777 2.097
76 20 0.393 -0.832 2.051
77 1 0.276 -0.014 2.025
77 2 0.273 0.024 2.062
77 3 0.264 0.259 2.077
77 4 0.250 0.492 2.105
77 5 0.084 0.270 2.070
77 6 0.065 0.026 1.987
77 7 0.109 -0.158 1.897
77 8 0.132 -0.219 1.868
77 9 0.438 0.275 2.098
77 10 0.511 0.034 2.063
77 11 0.552 -0.172 2.013
77 12 0.570 -0.250 1.997
77 13 0.202 -0.095 2.003
77 14 0.152 -0.510 2.009
77 15 0.159 -0.761 2.011
77 16 0.123 -0.838 2.014
77 17 0.355 -0.088 2.011
77 18 0.376 -0.510 2.048
77 19 0.369 -0.776 2.095
77 20 0.391 -0.833 2.052
78 1 0.268 -0.014 2.022
78 2 0.264 0.024 2.062
78 3 0.253 0.259 2.075
78 4 0.235 0.492 2.102
78 5 0.071 0.269 2.067
78 6 0.050 0.026 1.982
78 7 0.084 -0.164 1.888
78 8 0.105 -0.231 1.860
78 9 0.427 0.275 2.096
78 10 0.498 0.033 2.063
78 11 0.538 -0.175 2.016
78 12 0.559 -0.253 2.001
78 13 0.195 -0.095 2.000
78 14 0.148 -0.510 2.008
78 15 0.159 -0.761 2.012
78 16 0.120 -0.841 2.018
78 17 0.349 -0.088 2.009
78 18 0.369 -0.513 2.045
78 19 0.367 -0.775 2.093
78 20 0.390 -0.834 2.053
79 1 0.259 -0.015 2.020
79 2 0.253 0.023 2.061
79 3 0.240 0.258 2.072
79 4 0.223 0.491 2.099
79 5 0.059 0.268 2.064
79 6 0.035 0.025 1.978
79 7 0.057 -0.172 1.881
79 8 0.076 -0.242 1.856
79 9 0.414 0.274 2.092
79 10 0.483 0.033 2.061
79 11 0.518 -0.176 2.017
79 12 0.537 -0.254 2.001
79 13 0.187 -0.096 1.998
79 14 0.143 -0.509 2.008
79 15 0.157 -0.761 2.013
79 16 0.118 -0.841 2.021
79 17 0.340 -0.088 2.007
79 18 0.363 -0.515 2.042
79 19 0.365 -0.774 2.089
79 20 0.388 -0.835 2.054
80 1 0.248 -0.015 2.018
80 2 0.243 0.022 2.060
80 3 0.229 0.257 2.070
80 4 0.212 0.490 2.096
80 5 0.049 0.268 2.062
80 6 0.019 0.026 1.974
80 7 0.035 -0.178 1.877
80 8 0.051 -0.250 1.854
80 9 0.399 0.275 2.088
80 10 0.469 0.034 2.058
80 11 0.500 -0.179 2.017
80 12 0.512 -0.257 1.999
80 13 0.178 -0.097 1.996
80 14 0.139 -0.508 2.008
80 15 0.156 -0.761 2.015
80 16 0.117 -0.840 2.021
80 17 0.328 -0.088 2.006
80 18 0.357 -0.516 2.040
80 19 0.362 -0.774 2.086
80 20 0.386 -0.837 2.055
81 1 0.237 -0.016 2.017
81 2 0.232 0.021 2.059
81 3 0.219 0.255 2.067
81 4 0.202 0.488 2.093
81 5 0.039 0.267 2.059
81 6 0.002 0.025 1.972
81 7 0.012 -0.183 1.878
81 8 0.024 -0.256 1.858
81 9 0.387 0.275 2.085
81 10 0.456 0.034 2.055
81 11 0.482 -0.183 2.012
81 12 0.490 -0.262 1.995
81 13 0.168 -0.098 1.995
81 14 0.134 -0.506 2.008
81 15 0.154 -0.760 2.016
81 16 0.115 -0.835 2.016
81 17 0.316 -0.089 2.006
81 18 0.352 -0.518 2.037
81 19 0.359 -0.773 2.086
81 20 0.384 -0.836 2.055
82 1 0.225 -0.018 2.017
82 2 0.219 0.019 2.059
82 3 0.206 0.252 2.064
82 4 0.189 0.485 2.090
82 5 0.028 0.266 2.057
82 6 -0.013 0.024 1.972
82 7 -0.013 -0.186 1.883
82 8 -0.009 -0.265 1.867
82 9 0.377 0.275 2.082
82 10 0.443 0.034 2.052
82 11 0.461 -0.192 2.003
82 12 0.463 -0.270 1.988
82 13 0.156 -0.100 1.995
82 14 0.128 -0.504 2.008
82 15 0.152 -0.760 2.018
82 16 0.114 -0.833 2.013
82 17 0.303 -0.090 2.006
82 18 0.347 -0.519 2.033
82 19 0.355 -0.773 2.085
82 20 0.381 -0.831 2.049
83 1 0.212 -0.019 2.017
83 2 0.207 0.018 2.058
83 3 0.195 0.250 2.062
83 4 0.179 0.483 2.087
83 5 0.018 0.264 2.055
83 6 -0.027 0.022 1.974
83 7 -0.036 -0.187 1.893
83 8 -0.034 -0.268 1.876
83 9 0.368 0.275 2.080
83 10 0.432 0.033 2.049
83 11 0.443 -0.199 1.995
83 12 0.444 -0.274 1.980
83 13 0.143 -0.101 1.995
83 14 0.123 -0.503 2.009
83 15 0.150 -0.760 2.020
83 16 0.113 -0.831 2.011
83 17 0.290 -0.092 2.006
83 18 0.342 -0.520 2.029
83 19 0.352 -0.773 2.083
83 20 0.380 -0.829 2.045
84 1 0.202 -0.021 2.017
84 2 0.198 0.016 2.058
84 3 0.186 0.248 2.060
84 4 0.170 0.481 2.084
84 5 0.011 0.263 2.054
84 6 -0.038 0.020 1.977
84 7 -0.056 -0.186 1.900
84 8 -0.052 -0.268 1.883
84 9 0.360 0.275 2.078
84 10 0.421 0.032 2.045
84 11 0.430 -0.201 1.987
84 12 0.428 -0.278 1.972
84 13 0.133 -0.103 1.996
84 14 0.118 -0.503 2.011
84 15 0.147 -0.759 2.023
84 16 0.113 -0.829 2.010
84 17 0.281 -0.094 2.006
84 18 0.337 -0.521 2.024
84 19 0.348 -0.771 2.063
84 20 0.362 -0.811 1.992
85 1 0.195 -0.022 2.017
85 2 0.191 0.015 2.059
85 3 0.179 0.247 2.059
85 4 0.162 0.479 2.082
85 5 0.004 0.262 2.053
85 6 -0.049 0.019 1.981
85 7 -0.076 -0.185 1.909
85 8 -0.072 -0.267 1.892
85 9 0.353 0.274 2.077
85 10 0.413 0.031 2.042
85 11 0.419 -0.196 1.980
85 12 0.414 -0.274 1.964
85 13 0.126 -0.104 1.996
85 14 0.114 -0.503 2.012
85 15 0.145 -0.759 2.025
85 16 0.113 -0.828 2.010
85 17 0.274 -0.095 2.007
85 18 0.333 -0.522 2.018
85 19 0.345 -0.769 2.049
85 20 0.349 -0.798 1.954
86 1 0.190 -0.023 2.017
86 2 0.185 0.014 2.059
86 3 0.174 0.246 2.058
86 4 0.156 0.478 2.080
86 5 -0.002 0.261 2.052
86 6 -0.059 0.018 1.985
86 7 -0.090 -0.184 1.915
86 8 -0.087 -0.267 1.900
86 9 0.348 0.274 2.075
86 10 0.404 0.030 2.038
86 11 0.410 -0.191 1.975
86 12 0.405 -0.270 1.959
86 13 0.120 -0.104 1.997
86 14 0.111 -0.503 2.013
86 15 0.143 -0.758 2.026
86 16 0.114 -0.827 2.010
86 17 0.269 -0.096 2.007
86 18 0.329 -0.523 2.012
86 19 0.343 -0.768 2.039
86 20 0.343 -0.794 1.939
87 1 0.186 -0.023 2.017
87 2 0.182 0.014 2.059
87 3 0.170 0.245 2.057
87 4 0.150 0.478 2.078
87 5 -0.008 0.260 2.052
87 6 -0.069 0.017 1.990
87 7 -0.102 -0.185 1.921
87 8 -0.101 -0.267 1.908
87 9 0.343 0.273 2.074
87 10 0.397 0.029 2.036
87 11 0.404 -0.187 1.969
87 12 0.397 -0.266 1.953
87 13 0.116 -0.105 1.997
87 14 0.109 -0.503 2.014
87 15 0.142 -0.758 2.028
87 16 0.115 -0.827 2.009
87 17 0.265 -0.097 2.007
87 18 0.325 -0.522 2.007
87 19 0.337 -0.767 2.031
87 20 0.337 -0.791 1.930
88 1 0.183 -0.024 2.016
88 2 0.178 0.014 2.059
88 3 0.166 0.245 2.057
88 4 0.146 0.478 2.077
88 5 -0.012 0.260 2.052
88 6 -0.075 0.017 1.994
88 7 -0.111 -0.184 1.928
88 8 -0.114 -0.267 1.917
88 9 0.339 0.273 2.073
88 10 0.393 0.029 2.034
88 11 0.400 -0.183 1.965
88 12 0.391 -0.261 1.946
88 13 0.113 -0.105 1.997
88 14 0.108 -0.504 2.014
88 15 0.141 -0.757 2.030
88 16 0.115 -0.826 2.008
88 17 0.262 -0.097 2.007
88 18 0.322 -0.522 2.002
88 19 0.330 -0.763 2.023
88 20 0.330 -0.789 1.923
89 1 0.181 -0.024 2.016
89 2 0.176 0.014 2.059
89 3 0.164 0.246 2.056
89 4 0.142 0.478 2.075
89 5 -0.016 0.259 2.052
89 6 -0.080 0.016 1.997
89 7 -0.119 -0.185 1.934
89 8 -0.123 -0.266 1.924
89 9 0.336 0.273 2.072
89 10 0.389 0.028 2.032
89 11 0.396 -0.181 1.960
89 12 0.387 -0.260 1.941
89 13 0.110 -0.105 1.997
89 14 0.106 -0.504 2.015
89 15 0.140 -0.757 2.031
89 16 0.115 -0.825 2.007
89 17 0.260 -0.097 2.006
89 18 0.319 -0.521 1.999
89 19 0.320 -0.758 2.015
89 20 0.323 -0.785 1.919
90 1 0.178 -0.024 2.016
90 2 0.174 0.014 2.059
90 3 0.161 0.246 2.055
90 4 0.139 0.479 2.074
90 5 -0.019 0.259 2.052
90 6 -0.084 0.016 2.000
90 7 -0.124 -0.185 1.940
90 8 -0.129 -0.267 1.930
90 9 0.334 0.273 2.071
90 10 0.387 0.028 2.030
90 11 0.393 -0.182 1.954
90 12 0.383 -0.260 1.935
90 13 0.108 -0.105 1.997
90 14 0.106 -0.505 2.016
90 15 0.139 -0.757 2.032
90 16 0.115 -0.823 2.005
90 17 0.258 -0.097 2.006
90 18 0.314 -0.520 1.995
90 19 0.312 -0.755 2.011
90 20 0.314 -0.784 1.918
91 1 0.177 -0.024 2.016
91 2 0.172 0.014 2.058
91 3 0.159 0.247 2.055
91 4 0.136 0.479 2.073
91 5 -0.021 0.259 2.052
91 6 -0.087 0.016 2.002
91 7 -0.128 -0.186 1.945
91 8 -0.133 -0.268 1.937
91 9 0.332 0.273 2.071
91 10 0.384 0.028 2.028
91 11 0.390 -0.183 1.948
91 12 0.381 -0.260 1.930
91 13 0.106 -0.106 1.997
91 14 0.105 -0.506 2.017
91 15 0.139 -0.757 2.033
91 16 0.116 -0.821 2.002
91 17 0.257 -0.097 2.006
91 18 0.310 -0.519 1.993
91 19 0.306 -0.752 2.007
91 20 0.308 -0.782 1.918
92 1 0.175 -0.024 2.015
92 2 0.171 0.014 2.058
92 3 0.157 0.247 2.054
92 4 0.134 0.480 2.072
92 5 -0.023 0.259 2.053
92 6 -0.089 0.016 2.004
92 7 -0.130 -0.187 1.950
92 8 -0.134 -0.269 1.945
92 9 0.331 0.273 2.070
92 10 0.383 0.029 2.025
92 11 0.389 -0.186 1.942
92 12 0.379 -0.261 1.925
92 13 0.105 -0.106 1.996
92 14 0.104 -0.507 2.018
92 15 0.138 -0.757 2.033
92 16 0.116 -0.819 2.000
92 17 0.256 -0.097 2.005
92 18 0.307 -0.518 1.992
92 19 0.302 -0.750 2.005
92 20 0.304 -0.780 1.917
93 1 0.174 -0.024 2.015
93 2 0.170 0.014 2.058
93 3 0.156 0.248 2.054
93 4 0.133 0.480 2.071
93 5 -0.024 0.258 2.053
93 6 -0.089 0.015 2.007
93 7 -0.127 -0.189 1.957
93 8 -0.128 -0.271 1.953
93 9 0.330 0.273 2.070
93 10 0.382 0.029 2.023
93 11 0.388 -0.188 1.938
93 12 0.379 -0.261 1.922
93 13 0.104 -0.105 1.996
93 14 0.104 -0.508 2.018
93 15 0.138 -0.757 2.034
93 16 0.116 -0.818 1.997
93 17 0.255 -0.097 2.005
93 18 0.304 -0.517 1.990
93 19 0.299 -0.748 2.004
93 20 0.301 -0.779 1.917
94 1 0.173 -0.023 2.014
94 2 0.169 0.014 2.057
94 3 0.154 0.249 2.053
94 4 0.131 0.481 2.070
94 5 -0.025 0.258 2.053
94 6 -0.088 0.015 2.010
94 7 -0.117 -0.194 1.965
94 8 -0.114 -0.276 1.963
94 9 0.329 0.273 2.069
94 10 0.382 0.030 2.019
94 11 0.388 -0.190 1.935
94 12 0.379 -0.261 1.919
94 13 0.103 -0.105 1.996
94 14 0.103 -0.508 2.018
94 15 0.138 -0.757 2.034
94 16 0.116 -0.817 1.996
94 17 0.254 -0.097 2.004
94 18 0.302 -0.517 1.990
94 19 0.297 -0.747 2.003
94 20 0.299 -0.778 1.917
95 1 0.172 -0.023 2.014
95 2 0.168 0.015 2.057
95 3 0.153 0.249 2.053
95 4 0.130 0.481 2.070
95 5 -0.026 0.258 2.053
95 6 -0.087 0.014 2.013
95 7 -0.102 -0.199 1.973
95 8 -0.093 -0.281 1.971
95 9 0.328 0.273 2.069
95 10 0.381 0.030 2.016
95 11 0.388 -0.191 1.933
95 12 0.380 -0.262 1.917
95 13 0.102 -0.105 1.995
95 14 0.103 -0.509 2.018
95 15 0.137 -0.757 2.035
95 16 0.116 -0.816 1.996
95 17 0.253 -0.097 2.003
95 18 0.301 -0.516 1.989
95 19 0.296 -0.746 2.002
95 20 0.298 -0.778 1.918
96 1 0.171 -0.023 2.013
96 2 0.167 0.015 2.057
96 3 0.153 0.250 2.053
96 4 0.130 0.482 2.069
96 5 -0.026 0.258 2.053
96 6 -0.084 0.014 2.015
96 7 -0.088 -0.202 1.977
96 8 -0.072 -0.283 1.974
96 9 0.328 0.273 2.068
96 10 0.380 0.030 2.013
96 11 0.389 -0.192 1.931
96 12 0.382 -0.262 1.915
96 13 0.101 -0.105 1.995
96 14 0.103 -0.509 2.018
96 15 0.137 -0.757 2.035
96 16 0.116 -0.816 1.995
96 17 0.252 -0.097 2.002
96 18 0.300 -0.516 1.989
96 19 0.295 -0.746 2.002
96 20 0.297 -0.777 1.919
97 1 0.171 -0.023 2.013
97 2 0.167 0.015 2.056
97 3 0.152 0.250 2.052
97 4 0.129 0.482 2.069
97 5 -0.027 0.258 2.053
97 6 -0.081 0.013 2.017
97 7 -0.075 -0.202 1.979
97 8 -0.051 -0.282 1.974
97 9 0.327 0.273 2.068
97 10 0.380 0.031 2.011
97 11 0.389 -0.193 1.930
97 12 0.384 -0.262 1.913
97 13 0.100 -0.105 1.995
97 14 0.103 -0.509 2.018
97 15 0.137 -0.757 2.035
97 16 0.117 -0.816 1.995
97 17 0.252 -0.097 2.001
97 18 0.300 -0.515 1.989
97 19 0.295 -0.745 2.002
97 20 0.297 -0.777 1.920
98 1 0.170 -0.023 2.012
98 2 0.166 0.015 2.056
98 3 0.152 0.250 2.052
98 4 0.129 0.482 2.069
98 5 -0.027 0.258 2.053
98 6 -0.076 0.012 2.018
98 7 -0.061 -0.200 1.978
98 8 -0.023 -0.259 1.966
98 9 0.327 0.273 2.067
98 10 0.380 0.031 2.009
98 11 0.389 -0.193 1.930
98 12 0.385 -0.262 1.912
98 13 0.100 -0.105 1.994
98 14 0.103 -0.510 2.018
98 15 0.137 -0.757 2.035
98 16 0.117 -0.817 1.996
98 17 0.251 -0.097 2.001
98 18 0.299 -0.515 1.989
98 19 0.295 -0.745 2.002
98 20 0.297 -0.777 1.920
99 1 0.170 -0.023 2.011
99 2 0.166 0.015 2.055
99 3 0.151 0.251 2.051
99 4 0.129 0.482 2.068
99 5 -0.027 0.258 2.053
99 6 -0.071 0.011 2.017
99 7 -0.048 -0.194 1.974
99 8 -0.013 -0.253 1.964
99 9 0.327 0.273 2.067
99 10 0.380 0.031 2.007
99 11 0.389 -0.194 1.929
99 12 0.387 -0.262 1.911
99 13 0.099 -0.105 1.994
99 14 0.103 -0.510 2.018
99 15 0.137 -0.757 2.035
99 16 0.119 -0.818 1.997
99 17 0.251 -0.097 2.000
99 18 0.299 -0.515 1.989
99 19 0.295 -0.745 2.003
99 20 0.297 -0.777 1.921
100 1 0.170 -0.023 2.011
100 2 0.166 0.015 2.055
100 3 0.151 0.251 2.051
100 4 0.128 0.483 2.068
100 5 -0.028 0.258 2.053
100 6 -0.065 0.011 2.016
100 7 -0.038 -0.190 1.970
100 8 -0.006 -0.245 1.959
100 9 0.326 0.273 2.066
100 10 0.380 0.031 2.007
100 11 0.390 -0.194 1.929
100 12 0.388 -0.262 1.911
100 13 0.099 -0.105 1.993
100 14 0.103 -0.510 2.018
100 15 0.137 -0.757 2.035
100 16 0.120 -0.819 1.998
100 17 0.251 -0.097 1.998
100 18 0.299 -0.515 1.989
100 19 0.295 -0.744 2.003
100 20 0.297 -0.777 1.922
101 1 0.170 -0.023 2.010
101 2 0.166 0.015 2.054
101 3 0.151 0.251 2.051
101 4 0.128 0.483 2.067
101 5 -0.028 0.258 2.053
101 6 -0.059 0.010 2.015
101 7 -0.030 -0.188 1.965
101 8 0.000 -0.241 1.950
101 9 0.326 0.273 2.066
101 10 0.380 0.031 2.006
101 11 0.390 -0.194 1.929
101 12 0.389 -0.262 1.911
101 13 0.099 -0.105 1.991
101 14 0.103 -0.510 2.018
101 15 0.137 -0.757 2.035
101 16 0.120 -0.820 1.999
101 17 0.251 -0.097 1.997
101 18 0.299 -0.515 1.990
101 19 0.296 -0.744 2.004
101 20 0.298 -0.777 1.922
102 1 0.170 -0.023 2.008
102 2 0.166 0.015 2.053
102 3 0.151 0.252 2.050
102 4 0.128 0.483 2.067
102 5 -0.028 0.258 2.053
102 6 -0.055 0.010 2.013
102 7 -0.022 -0.187 1.957
102 8 0.005 -0.240 1.939
102 9 0.326 0.273 2.065
102 10 0.380 0.031 2.005
102 11 0.391 -0.195 1.929
102 12 0.390 -0.262 1.911
102 13 0.099 -0.105 1.990
102 14 0.103 -0.510 2.017
102 15 0.137 -0.757 2.035
102 16 0.121 -0.820 2.000
102 17 0.251 -0.097 1.996
102 18 0.300 -0.515 1.990
102 19 0.296 -0.744 2.004
102 20 0.298 -0.777 1.923
103 1 0.171 -0.023 2.007
103 2 0.167 0.015 2.052
103 3 0.151 0.252 2.049
103 4 0.129 0.484 2.066
103 5 -0.028 0.258 2.053
103 6 -0.051 0.010 2.010
103 7 -0.017 -0.187 1.949
103 8 0.007 -0.239 1.930
103 9 0.326 0.273 2.065
103 10 0.380 0.031 2.005
103 11 0.391 -0.195 1.929
103 12 0.391 -0.263 1.911
103 13 0.100 -0.105 1.988
103 14 0.103 -0.510 2.017
103 15 0.137 -0.757 2.035
103 16 0.122 -0.821 2.000
103 17 0.252 -0.097 1.995
103 18 0.301 -0.515 1.991
103 19 0.297 -0.744 2.005
103 20 0.299 -0.777 1.924
104 1 0.172 -0.023 2.006
104 2 0.167 0.015 2.051
104 3 0.152 0.253 2.049
104 4 0.129 0.485 2.066
104 5 -0.028 0.259 2.053
104 6 -0.048 0.010 2.008
104 7 -0.013 -0.187 1.939
104 8 0.008 -0.240 1.920
104 9 0.326 0.273 2.065
104 10 0.381 0.031 2.005
104 11 0.392 -0.195 1.930
104 12 0.392 -0.262 1.911
104 13 0.101 -0.106 1.986
104 14 0.104 -0.510 2.016
104 15 0.137 -0.757 2.035
104 16 0.122 -0.821 2.000
104 17 0.253 -0.097 1.993
104 18 0.302 -0.514 1.991
104 19 0.297 -0.744 2.005
104 20 0.299 -0.777 1.924
105 1 0.173 -0.024 2.004
105 2 0.168 0.015 2.050
105 3 0.152 0.253 2.048
105 4 0.129 0.485 2.065
105 5 -0.027 0.259 2.052
105 6 -0.046 0.010 2.005
105 7 -0.010 -0.187 1.930
105 8 0.009 -0.244 1.908
105 9 0.326 0.273 2.064
105 10 0.381 0.031 2.005
105 11 0.393 -0.195 1.930
105 12 0.393 -0.262 1.912
105 13 0.103 -0.106 1.985
105 14 0.104 -0.510 2.016
105 15 0.137 -0.757 2.035
105 16 0.122 -0.821 2.000
105 17 0.254 -0.097 1.992
105 18 0.303 -0.514 1.992
105 19 0.298 -0.744 2.006
105 20 0.300 -0.777 1.925
106 1 0.174 -0.024 2.003
106 2 0.169 0.015 2.049
106 3 0.153 0.254 2.048
106 4 0.130 0.486 2.064
106 5 -0.027 0.259 2.051
106 6 -0.043 0.010 2.001
106 7 -0.009 -0.188 1.921
106 8 0.010 -0.248 1.895
106 9 0.326 0.273 2.064
106 10 0.383 0.031 2.006
106 11 0.394 -0.195 1.931
106 12 0.395 -0.262 1.912
106 13 0.104 -0.106 1.983
106 14 0.104 -0.510 2.016
106 15 0.137 -0.757 2.035
106 16 0.122 -0.822 2.000
106 17 0.255 -0.097 1.991
106 18 0.304 -0.514 1.992
106 19 0.298 -0.744 2.007
106 20 0.301 -0.777 1.925
107 1 0.175 -0.024 2.002
107 2 0.170 0.015 2.048
107 3 0.154 0.255 2.047
107 4 0.131 0.487 2.063
107 5 -0.026 0.259 2.050
107 6 -0.041 0.011 1.997
107 7 -0.008 -0.188 1.912
107 8 0.009 -0.253 1.885
107 9 0.327 0.273 2.063
107 10 0.385 0.031 2.007
107 11 0.395 -0.195 1.932
107 12 0.396 -0.262 1.914
107 13 0.105 -0.106 1.982
107 14 0.105 -0.510 2.015
107 15 0.137 -0.757 2.035
107 16 0.122 -0.822 2.000
107 17 0.257 -0.097 1.990
107 18 0.305 -0.514 1.992
107 19 0.299 -0.745 2.008
107 20 0.301 -0.778 1.926
108 1 0.176 -0.024 2.001
108 2 0.171 0.015 2.047
108 3 0.155 0.255 2.046
108 4 0.132 0.487 2.062
108 5 -0.025 0.259 2.049
108 6 -0.040 0.011 1.993
108 7 -0.009 -0.188 1.905
108 8 0.008 -0.257 1.876
108 9 0.327 0.273 2.063
108 10 0.386 0.031 2.008
108 11 0.397 -0.196 1.933
108 12 0.398 -0.263 1.915
108 13 0.106 -0.107 1.981
108 14 0.106 -0.510 2.014
108 15 0.137 -0.757 2.035
108 16 0.122 -0.822 2.000
108 17 0.258 -0.098 1.989
108 18 0.306 -0.514 1.993
108 19 0.300 -0.745 2.008
108 20 0.302 -0.778 1.927
109 1 0.177 -0.024 2.000
109 2 0.172 0.014 2.047
109 3 0.155 0.256 2.046
109 4 0.132 0.488 2.062
109 5 -0.024 0.260 2.048
109 6 -0.039 0.012 1.989
109 7 -0.010 -0.188 1.899
109 8 0.006 -0.260 1.869
109 9 0.328 0.273 2.062
109 10 0.388 0.031 2.008
109 11 0.399 -0.196 1.934
109 12 0.400 -0.263 1.916
109 13 0.107 -0.107 1.980
109 14 0.107 -0.510 2.013
109 15 0.137 -0.757 2.035
109 16 0.122 -0.821 2.000
109 17 0.259 -0.098 1.989
109 18 0.308 -0.515 1.993
109 19 0.300 -0.746 2.009
109 20 0.303 -0.779 1.928
110 1 0.178 -0.025 2.000
110 2 0.173 0.014 2.046
110 3 0.156 0.256 2.045
110 4 0.133 0.488 2.061
110 5 -0.023 0.260 2.047
110 6 -0.039 0.012 1.986
110 7 -0.012 -0.188 1.895
110 8 0.005 -0.262 1.864
110 9 0.328 0.273 2.062
110 10 0.389 0.031 2.009
110 11 0.401 -0.197 1.935
110 12 0.403 -0.264 1.918
110 13 0.108 -0.107 1.980
110 14 0.107 -0.510 2.013
110 15 0.137 -0.757 2.035
110 16 0.122 -0.821 2.000
110 17 0.260 -0.098 1.988
110 18 0.309 -0.515 1.993
110 19 0.301 -0.746 2.010
110 20 0.303 -0.779 1.929
111 1 0.179 -0.025 1.999
111 2 0.173 0.014 2.046
111 3 0.157 0.257 2.045
111 4 0.134 0.489 2.060
111 5 -0.021 0.260 2.045
111 6 -0.038 0.013 1.983
111 7 -0.014 -0.187 1.891
111 8 0.003 -0.263 1.861
111 9 0.329 0.273 2.062
111 10 0.391 0.031 2.010
111 11 0.404 -0.197 1.937
111 12 0.406 -0.266 1.920
111 13 0.109 -0.107 1.979
111 14 0.108 -0.509 2.012
111 15 0.138 -0.757 2.035
111 16 0.122 -0.821 1.999
111 17 0.261 -0.098 1.988
111 18 0.310 -0.515 1.993
111 19 0.301 -0.746 2.011
111 20 0.304 -0.779 1.930
112 1 0.180 -0.025 1.999
112 2 0.174 0.014 2.045
112 3 0.158 0.258 2.045
112 4 0.135 0.489 2.060
112 5 -0.020 0.260 2.044
112 6 -0.038 0.013 1.981
112 7 -0.016 -0.187 1.889
112 8 0.000 -0.263 1.858
112 9 0.330 0.273 2.061
112 10 0.392 0.031 2.011
112 11 0.405 -0.197 1.938
112 12 0.409 -0.267 1.922
112 13 0.110 -0.108 1.979
112 14 0.109 -0.509 2.011
112 15 0.138 -0.756 2.034
112 16 0.122 -0.821 1.999
112 17 0.262 -0.098 1.988
112 18 0.311 -0.515 1.994
112 19 0.301 -0.746 2.012
112 20 0.309 -0.805 1.973
113 1 0.181 -0.025 1.999
113 2 0.175 0.014 2.045
113 3 0.159 0.258 2.044
113 4 0.136 0.490 2.059
113 5 -0.019 0.261 2.043
113 6 -0.038 0.013 1.980
113 7 -0.018 -0.186 1.887
113 8 -0.002 -0.263 1.857
113 9 0.331 0.273 2.061
113 10 0.393 0.031 2.011
113 11 0.407 -0.198 1.939
113 12 0.412 -0.268 1.924
113 13 0.111 -0.108 1.978
113 14 0.109 -0.509 2.011
113 15 0.138 -0.756 2.034
113 16 0.122 -0.821 1.999
113 17 0.263 -0.098 1.987
113 18 0.312 -0.515 1.994
113 19 0.302 -0.749 2.016
113 20 0.312 -0.815 1.987
114 1 0.181 -0.025 1.998
114 2 0.176 0.014 2.044
114 3 0.160 0.259 2.044
114 4 0.138 0.491 2.059
114 5 -0.018 0.261 2.042
114 6 -0.038 0.014 1.978
114 7 -0.020 -0.186 1.886
114 8 -0.005 -0.263 1.857
114 9 0.332 0.273 2.061
114 10 0.395 0.031 2.012
114 11 0.409 -0.198 1.940
114 12 0.415 -0.269 1.925
114 13 0.111 -0.108 1.978
114 14 0.110 -0.509 2.010
114 15 0.138 -0.756 2.034
114 16 0.122 -0.821 1.999
114 17 0.263 -0.098 1.987
114 18 0.313 -0.515 1.994
114 19 0.302 -0.750 2.018
114 20 0.313 -0.821 1.995
115 1 0.182 -0.026 1.998
115 2 0.176 0.014 2.044
115 3 0.161 0.259 2.044
115 4 0.139 0.491 2.059
115 5 -0.017 0.261 2.041
115 6 -0.038 0.014 1.977
115 7 -0.021 -0.186 1.886
115 8 -0.007 -0.263 1.858
115 9 0.333 0.273 2.061
115 10 0.396 0.031 2.012
115 11 0.410 -0.199 1.941
115 12 0.417 -0.270 1.926
115 13 0.112 -0.108 1.978
115 14 0.110 -0.509 2.010
115 15 0.138 -0.756 2.034
115 16 0.122 -0.821 1.999
115 17 0.264 -0.098 1.987
115 18 0.314 -0.515 1.994
115 19 0.303 -0.751 2.019
115 20 0.314 -0.825 2.001
116 1 0.183 -0.026 1.998
116 2 0.177 0.014 2.044
116 3 0.162 0.260 2.044
116 4 0.140 0.492 2.058
116 5 -0.015 0.261 2.040
116 6 -0.038 0.014 1.977
116 7 -0.023 -0.186 1.886
116 8 -0.010 -0.263 1.861
116 9 0.334 0.273 2.061
116 10 0.397 0.031 2.012
116 11 0.412 -0.199 1.941
116 12 0.418 -0.270 1.927
116 13 0.113 -0.108 1.978
116 14 0.111 -0.509 2.009
116 15 0.139 -0.756 2.034
116 16 0.122 -0.821 1.999
116 17 0.265 -0.099 1.987
116 18 0.315 -0.515 1.994
116 19 0.303 -0.751 2.020
116 20 0.314 -0.827 2.005
117 1 0.184 -0.026 1.998
117 2 0.178 0.013 2.044
117 3 0.163 0.260 2.044
117 4 0.142 0.492 2.058
117 5 -0.014 0.261 2.040
117 6 -0.038 0.014 1.976
117 7 -0.024 -0.186 1.889
117 8 -0.013 -0.265 1.865
117 9 0.335 0.273 2.060
117 10 0.397 0.030 2.013
117 11 0.413 -0.200 1.942
117 12 0.420 -0.271 1.928
117 13 0.114 -0.109 1.977
117 14 0.111 -0.509 2.008
117 15 0.139 -0.756 2.033
117 16 0.122 -0.821 1.999
117 17 0.266 -0.099 1.987
117 18 0.316 -0.516 1.993
117 19 0.303 -0.751 2.020
117 20 0.315 -0.829 2.007
118 1 0.185 -0.026 1.997
118 2 0.179 0.013 2.044
118 3 0.164 0.260 2.043
118 4 0.143 0.493 2.058
118 5 -0.013 0.261 2.039
118 6 -0.038 0.014 1.976
118 7 -0.024 -0.188 1.893
118 8 -0.014 -0.266 1.870
118 9 0.336 0.273 2.060
118 10 0.398 0.030 2.013
118 11 0.414 -0.200 1.942
118 12 0.421 -0.271 1.928
118 13 0.115 -0.109 1.977
118 14 0.112 -0.508 2.008
118 15 0.139 -0.755 2.033
118 16 0.122 -0.820 1.999
118 17 0.267 -0.099 1.987
118 18 0.316 -0.516 1.993
118 19 0.304 -0.752 2.020
118 20 0.315 -0.830 2.007
119 1 0.186 -0.027 1.997
119 2 0.180 0.013 2.043
119 3 0.165 0.261 2.043
119 4 0.144 0.493 2.058
119 5 -0.012 0.261 2.038
119 6 -0.038 0.014 1.976
119 7 -0.025 -0.189 1.898
119 8 -0.014 -0.268 1.876
119 9 0.337 0.273 2.060
119 10 0.399 0.030 2.013
119 11 0.416 -0.200 1.943
119 12 0.422 -0.271 1.928
119 13 0.115 -0.109 1.977
119 14 0.112 -0.508 2.008
119 15 0.140 -0.755 2.033
119 16 0.122 -0.820 1.999
119 17 0.268 -0.099 1.987
119 18 0.317 -0.516 1.993
119 19 0.304 -0.751 2.020
119 20 0.315 -0.829 2.007
120 1 0.187 -0.027 1.997
120 2 0.181 0.013 2.043
120 3 0.166 0.261 2.043
120 4 0.145 0.494 2.058
120 5 -0.011 0.260 2.038
120 6 -0.038 0.014 1.976
120 7 -0.024 -0.191 1.903
120 8 -0.013 -0.270 1.883
120 9 0.338 0.273 2.060
120 10 0.400 0.030 2.013
120 11 0.417 -0.200 1.943
120 12 0.422 -0.271 1.929
120 13 0.116 -0.109 1.977
120 14 0.113 -0.508 2.007
120 15 0.140 -0.755 2.032
120 16 0.122 -0.820 1.999
120 17 0.269 -0.100 1.986
120 18 0.318 -0.516 1.993
120 19 0.305 -0.751 2.020
120 20 0.315 -0.828 2.005
121 1 0.188 -0.027 1.997
121 2 0.181 0.013 2.043
121 3 0.166 0.262 2.043
121 4 0.146 0.494 2.058
121 5 -0.010 0.260 2.038
121 6 -0.037 0.014 1.976
121 7 -0.023 -0.193 1.908
121 8 -0.011 -0.272 1.889
121 9 0.340 0.273 2.060
121 10 0.400 0.030 2.013
121 11 0.418 -0.201 1.943
121 12 0.423 -0.271 1.929
121 13 0.117 -0.109 1.977
121 14 0.113 -0.508 2.007
121 15 0.141 -0.754 2.032
121 16 0.122 -0.820 2.000
121 17 0.270 -0.100 1.986
121 18 0.319 -0.516 1.993
121 19 0.305 -0.751 2.019
121 20 0.315 -0.827 2.004
122 1 0.189 -0.027 1.997
122 2 0.182 0.013 2.043
122 3 0.167 0.262 2.043
122 4 0.146 0.495 2.058
122 5 -0.009 0.260 2.037
122 6 -0.037 0.013 1.977
122 7 -0.022 -0.195 1.913
122 8 -0.009 -0.273 1.895
122 9 0.341 0.272 2.060
122 10 0.401 0.030 2.013
122 11 0.418 -0.201 1.943
122 12 0.424 -0.271 1.929
122 13 0.118 -0.110 1.977
122 14 0.114 -0.508 2.006
122 15 0.141 -0.754 2.032
122 16 0.122 -0.820 2.000
122 17 0.271 -0.100 1.986
122 18 0.319 -0.516 1.992
122 19 0.306 -0.751 2.019
122 20 0.315 -0.826 2.002
123 1 0.190 -0.028 1.997
123 2 0.183 0.013 2.043
123 3 0.168 0.263 2.043
123 4 0.147 0.495 2.058
123 5 -0.009 0.260 2.037
123 6 -0.035 0.013 1.978
123 7 -0.020 -0.196 1.917
123 8 -0.007 -0.273 1.900
123 9 0.341 0.272 2.060
123 10 0.402 0.029 2.013
123 11 0.419 -0.201 1.943
123 12 0.424 -0.270 1.929
123 13 0.119 -0.110 1.976
123 14 0.114 -0.509 2.006
123 15 0.141 -0.754 2.031
123 16 0.122 -0.820 2.000
123 17 0.272 -0.100 1.986
123 18 0.320 -0.516 1.992
123 19 0.307 -0.751 2.018
123 20 0.315 -0.798 1.957
124 1 0.190 -0.028 1.997
124 2 0.184 0.012 2.043
124 3 0.169 0.264 2.044
124 4 0.148 0.496 2.057
124 5 -0.008 0.260 2.037
124 6 -0.034 0.012 1.980
124 7 -0.018 -0.197 1.921
124 8 -0.005 -0.273 1.904
124 9 0.342 0.272 2.061
124 10 0.402 0.029 2.013
124 11 0.420 -0.201 1.944
124 12 0.425 -0.270 1.929
124 13 0.120 -0.110 1.976
124 14 0.115 -0.509 2.006
124 15 0.142 -0.754 2.031
124 16 0.122 -0.820 2.000
124 17 0.273 -0.101 1.986
124 18 0.320 -0.517 1.992
124 19 0.308 -0.750 2.017
124 20 0.316 -0.781 1.929
125 1 0.191 -0.028 1.996
125 2 0.185 0.012 2.043
125 3 0.170 0.264 2.044
125 4 0.149 0.496 2.057
125 5 -0.007 0.260 2.037
125 6 -0.033 0.012 1.981
125 7 -0.017 -0.197 1.924
125 8 -0.002 -0.271 1.908
125 9 0.343 0.272 2.061
125 10 0.403 0.029 2.014
125 11 0.420 -0.201 1.944
125 12 0.425 -0.270 1.929
125 13 0.120 -0.110 1.976
125 14 0.115 -0.509 2.006
125 15 0.142 -0.753 2.031
125 16 0.122 -0.820 2.000
125 17 0.273 -0.101 1.986
125 18 0.321 -0.517 1.992
125 19 0.308 -0.750 2.015
125 20 0.317 -0.775 1.918
126 1 0.192 -0.028 1.996
126 2 0.185 0.012 2.043
126 3 0.171 0.265 2.044
126 4 0.149 0.497 2.057
126 5 -0.007 0.260 2.037
126 6 -0.031 0.012 1.983
126 7 -0.016 -0.197 1.926
126 8 -0.000 -0.269 1.911
126 9 0.343 0.272 2.061
126 10 0.403 0.029 2.014
126 11 0.421 -0.201 1.944
126 12 0.425 -0.270 1.929
126 13 0.121 -0.110 1.976
126 14 0.115 -0.509 2.005
126 15 0.142 -0.753 2.031
126 16 0.123 -0.820 2.000
126 17 0.274 -0.101 1.986
126 18 0.321 -0.517 1.992
126 19 0.309 -0.750 2.015
126 20 0.317 -0.771 1.912
127 1 0.192 -0.028 1.996
127 2 0.186 0.012 2.043
127 3 0.171 0.266 2.044
127 4 0.150 0.498 2.057
127 5 -0.006 0.260 2.037
127 6 -0.030 0.012 1.984
127 7 -0.015 -0.197 1.927
127 8 0.001 -0.266 1.914
127 9 0.344 0.272 2.061
127 10 0.404 0.029 2.014
127 11 0.421 -0.201 1.944
127 12 0.426 -0.270 1.929
127 13 0.121 -0.110 1.976
127 14 0.116 -0.509 2.005
127 15 0.143 -0.753 2.031
127 16 0.123 -0.820 2.001
127 17 0.275 -0.101 1.986
127 18 0.322 -0.517 1.992
127 19 0.309 -0.750 2.014
127 20 0.317 -0.770 1.909
128 1 0.193 -0.028 1.996
128 2 0.186 0.012 2.042
128 3 0.172 0.267 2.044
128 4 0.151 0.498 2.057
128 5 -0.006 0.260 2.037
128 6 -0.029 0.012 1.986
128 7 -0.014 -0.198 1.929
128 8 0.002 -0.265 1.915
128 9 0.344 0.272 2.061
128 10 0.404 0.029 2.014
128 11 0.421 -0.200 1.944
128 12 0.426 -0.270 1.929
128 13 0.122 -0.110 1.976
128 14 0.116 -0.509 2.005
128 15 0.143 -0.753 2.031
128 16 0.123 -0.820 2.001
128 17 0.275 -0.101 1.986
128 18 0.322 -0.517 1.991
128 19 0.310 -0.750 2.014
128 20 0.317 -0.770 1.909
129 1 0.193 -0.029 1.996
129 2 0.187 0.012 2.042
129 3 0.173 0.268 2.044
129 4 0.151 0.499 2.057
129 5 -0.006 0.260 2.038
129 6 -0.028 0.012 1.987
129 7 -0.013 -0.197 1.930
129 8 0.003 -0.263 1.916
129 9 0.345 0.272 2.061
129 10 0.404 0.029 2.014
129 11 0.421 -0.200 1.944
129 12 0.426 -0.270 1.929
129 13 0.122 -0.111 1.976
129 14 0.116 -0.509 2.005
129 15 0.143 -0.753 2.031
129 16 0.124 -0.820 2.001
129 17 0.276 -0.101 1.985
129 18 0.322 -0.517 1.991
129 19 0.310 -0.750 2.013
129 20 0.316 -0.772 1.913
130 1 0.194 -0.029 1.996
130 2 0.188 0.012 2.042
130 3 0.173 0.269 2.044
130 4 0.152 0.500 2.057
130 5 -0.005 0.260 2.038
130 6 -0.027 0.011 1.987
130 7 -0.012 -0.197 1.930
130 8 0.004 -0.262 1.917
130 9 0.345 0.272 2.061
130 10 0.405 0.029 2.014
130 11 0.422 -0.200 1.944
130 12 0.426 -0.270 1.929
130 13 0.123 -0.111 1.976
130 14 0.116 -0.509 2.005
130 15 0.143 -0.753 2.030
130 16 0.124 -0.820 2.001
130 17 0.276 -0.102 1.985
130 18 0.322 -0.517 1.991
130 19 0.310 -0.750 2.013
130 20 0.316 -0.773 1.916
131 1 0.194 -0.029 1.996
131 2 0.188 0.012 2.042
131 3 0.174 0.270 2.045
131 4 0.152 0.501 2.057
131 5 -0.005 0.260 2.038
131 6 -0.027 0.011 1.988
131 7 -0.012 -0.197 1.930
131 8 0.004 -0.261 1.917
131 9 0.346 0.272 2.061
131 10 0.405 0.028 2.014
131 11 0.422 -0.200 1.944
131 12 0.426 -0.270 1.928
131 13 0.123 -0.111 1.976
131 14 0.117 -0.509 2.005
131 15 0.143 -0.753 2.030
131 16 0.124 -0.820 2.001
131 17 0.277 -0.102 1.985
131 18 0.323 -0.517 1.991
131 19 0.310 -0.749 2.013
131 20 0.316 -0.802 1.963
132 1 0.195 -0.029 1.996
132 2 0.188 0.012 2.042
132 3 0.174 0.271 2.045
132 4 0.153 0.502 2.057
132 5 -0.005 0.260 2.038
132 6 -0.026 0.011 1.988
132 7 -0.011 -0.197 1.931
132 8 0.005 -0.260 1.917
132 9 0.346 0.272 2.061
132 10 0.406 0.028 2.014
132 11 0.422 -0.201 1.944
132 12 0.426 -0.270 1.928
132 13 0.123 -0.111 1.976
132 14 0.117 -0.509 2.005
132 15 0.143 -0.753 2.030
132 16 0.124 -0.820 2.001
132 17 0.277 -0.102 1.985
132 18 0.323 -0.517 1.991
132 19 0.310 -0.749 2.013
132 20 0.316 -0.816 1.985
133 1 0.195 -0.029 1.996
133 2 0.189 0.012 2.042
133 3 0.175 0.272 2.045
133 4 0.153 0.503 2.057
133 5 -0.004 0.260 2.039
133 6 -0.026 0.011 1.989
133 7 -0.011 -0.197 1.930
133 8 0.005 -0.259 1.916
133 9 0.346 0.272 2.061
133 10 0.406 0.028 2.014
133 11 0.422 -0.201 1.944
133 12 0.426 -0.270 1.928
133 13 0.124 -0.111 1.976
133 14 0.117 -0.509 2.005
133 15 0.143 -0.753 2.030
133 16 0.124 -0.819 2.001
133 17 0.278 -0.102 1.985
133 18 0.323 -0.517 1.991
133 19 0.311 -0.749 2.013
133 20 0.316 -0.822 1.995
134 1 0.195 -0.029 1.996
134 2 0.189 0.012 2.042
134 3 0.175 0.273 2.046
134 4 0.154 0.504 2.057
134 5 -0.004 0.260 2.039
134 6 -0.026 0.011 1.989
134 7 -0.010 -0.197 1.930
134 8 0.005 -0.259 1.915
134 9 0.347 0.272 2.061
134 10 0.406 0.028 2.014
134 11 0.422 -0.201 1.944
134 12 0.426 -0.270 1.928
134 13 0.124 -0.111 1.976
134 14 0.117 -0.509 2.005
134 15 0.144 -0.753 2.030
134 16 0.124 -0.819 2.000
134 17 0.278 -0.102 1.985
134 18 0.323 -0.517 1.991
134 19 0.310 -0.750 2.014
134 20 0.316 -0.826 2.000
135 1 0.196 -0.029 1.996
135 2 0.190 0.012 2.042
135 3 0.176 0.274 2.046
135 4 0.154 0.505 2.058
135 5 -0.004 0.261 2.040
135 6 -0.025 0.011 1.989
135 7 -0.010 -0.196 1.929
135 8 0.005 -0.259 1.912
135 9 0.347 0.272 2.061
135 10 0.406 0.028 2.014
135 11 0.422 -0.201 1.944
135 12 0.426 -0.270 1.928
135 13 0.124 -0.111 1.976
135 14 0.117 -0.509 2.005
135 15 0.144 -0.753 2.031
135 16 0.124 -0.819 2.000
135 17 0.279 -0.102 1.985
135 18 0.323 -0.518 1.991
135 19 0.310 -0.750 2.014
135 20 0.317 -0.828 2.003
136 1 0.196 -0.029 1.996
136 2 0.190 0.012 2.043
136 3 0.176 0.275 2.046
136 4 0.155 0.506 2.058
136 5 -0.003 0.261 2.040
136 6 -0.025 0.011 1.989
136 7 -0.010 -0.196 1.929
136 8 0.004 -0.260 1.909
136 9 0.347 0.271 2.061
136 10 0.407 0.028 2.014
136 11 0.422 -0.201 1.944
136 12 0.426 -0.270 1.928
136 13 0.124 -0.111 1.976
136 14 0.117 -0.509 2.005
136 15 0.144 -0.753 2.031
136 16 0.124 -0.819 2.000
136 17 0.279 -0.102 1.985
136 18 0.323 -0.518 1.991
136 19 0.310 -0.750 2.015
136 20 0.317 -0.829 2.004
137 1 0.196 -0.029 1.996
137 2 0.190 0.012 2.043
137 3 0.177 0.276 2.047
137 4 0.155 0.507 2.058
137 5 -0.003 0.261 2.041
137 6 -0.025 0.011 1.990
137 7 -0.009 -0.196 1.928
137 8 0.004 -0.261 1.906
137 9 0.348 0.271 2.061
137 10 0.407 0.028 2.014
137 11 0.422 -0.201 1.944
137 12 0.426 -0.270 1.928
137 13 0.125 -0.111 1.976
137 14 0.117 -0.509 2.005
137 15 0.144 -0.753 2.031
137 16 0.124 -0.819 2.000
137 17 0.279 -0.102 1.985
137 18 0.323 -0.518 1.991
137 19 0.310 -0.750 2.015
137 20 0.317 -0.829 2.003
138 1 0.196 -0.029 1.996
138 2 0.191 0.012 2.043
138 3 0.177 0.277 2.047
138 4 0.156 0.508 2.059
138 5 -0.002 0.261 2.041
138 6 -0.025 0.011 1.990
138 7 -0.009 -0.195 1.927
138 8 0.004 -0.262 1.904
138 9 0.348 0.271 2.061
138 10 0.407 0.028 2.014
138 11 0.423 -0.201 1.944
138 12 0.426 -0.270 1.928
138 13 0.125 -0.111 1.976
138 14 0.118 -0.509 2.005
138 15 0.144 -0.753 2.031
138 16 0.124 -0.819 2.000
138 17 0.279 -0.103 1.985
138 18 0.323 -0.518 1.991
138 19 0.310 -0.750 2.015
138 20 0.317 -0.828 2.003
139 1 0.197 -0.030 1.996
139 2 0.191 0.012 2.043
139 3 0.178 0.277 2.048
139 4 0.156 0.509 2.059
139 5 -0.002 0.261 2.042
139 6 -0.025 0.012 1.990
139 7 -0.010 -0.195 1.926
139 8 0.003 -0.263 1.901
139 9 0.349 0.271 2.061
139 10 0.407 0.028 2.014
139 11 0.423 -0.201 1.944
139 12 0.426 -0.270 1.928
139 13 0.125 -0.111 1.976
139 14 0.118 -0.509 2.005
139 15 0.144 -0.753 2.031
139 16 0.124 -0.819 2.000
139 17 0.280 -0.103 1.985
139 18 0.324 -0.518 1.991
139 19 0.310 -0.750 2.015
139 20 0.317 -0.828 2.001
140 1 0.197 -0.030 1.996
140 2 0.191 0.012 2.043
140 3 0.178 0.278 2.048
140 4 0.157 0.510 2.060
140 5 -0.002 0.261 2.043
140 6 -0.025 0.012 1.990
140 7 -0.010 -0.195 1.925
140 8 0.003 -0.264 1.900
140 9 0.349 0.271 2.061
140 10 0.407 0.028 2.014
140 11 0.423 -0.201 1.944
140 12 0.426 -0.270 1.928
140 13 0.125 -0.112 1.976
140 14 0.118 -0.509 2.005
140 15 0.144 -0.753 2.031
140 16 0.124 -0.819 2.000
140 17 0.280 -0.103 1.985
140 18 0.324 -0.518 1.991
140 19 0.310 -0.750 2.015
140 20 0.317 -0.827 2.000
141 1 0.197 -0.030 1.996
141 2 0.191 0.012 2.043
141 3 0.178 0.279 2.049
141 4 0.157 0.511 2.060
141 5 -0.001 0.261 2.043
141 6 -0.025 0.012 1.990
141 7 -0.010 -0.195 1.924
141 8 0.002 -0.265 1.898
141 9 0.349 0.271 2.061
141 10 0.408 0.028 2.014
141 11 0.423 -0.201 1.944
141 12 0.426 -0.270 1.928
141 13 0.125 -0.112 1.976
141 14 0.118 -0.509 2.005
141 15 0.144 -0.753 2.031
141 16 0.124 -0.819 2.000
141 17 0.280 -0.103 1.986
141 18 0.324 -0.518 1.990
141 19 0.310 -0.750 2.015
141 20 0.316 -0.798 1.955
142 1 0.197 -0.030 1.996
142 2 0.192 0.012 2.043
142 3 0.178 0.280 2.049
142 4 0.158 0.512 2.061
142 5 -0.001 0.261 2.044
142 6 -0.025 0.012 1.990
142 7 -0.010 -0.195 1.924
142 8 0.002 -0.265 1.898
142 9 0.350 0.271 2.061
142 10 0.408 0.028 2.014
142 11 0.423 -0.201 1.944
142 12 0.426 -0.270 1.928
142 13 0.125 -0.112 1.976
142 14 0.118 -0.509 2.005
142 15 0.144 -0.753 2.031
142 16 0.124 -0.818 2.000
142 17 0.280 -0.103 1.986
142 18 0.324 -0.518 1.990
142 19 0.310 -0.750 2.015
142 20 0.316 -0.800 1.958
143 1 0.197 -0.030 1.997
143 2 0.192 0.012 2.043
143 3 0.178 0.280 2.050
143 4 0.158 0.513 2.061
143 5 -0.001 0.261 2.044
143 6 -0.025 0.012 1.990
143 7 -0.010 -0.195 1.923
143 8 0.002 -0.266 1.897
143 9 0.350 0.271 2.062
143 10 0.408 0.028 2.014
143 11 0.423 -0.201 1.944
143 12 0.426 -0.270 1.928
143 13 0.126 -0.112 1.976
143 14 0.118 -0.509 2.005
143 15 0.144 -0.753 2.031
143 16 0.124 -0.818 2.000
143 17 0.281 -0.103 1.986
143 18 0.324 -0.518 1.990
143 19 0.310 -0.750 2.015
143 20 0.316 -0.804 1.965
144 1 0.198 -0.030 1.997
144 2 0.192 0.012 2.043
144 3 0.178 0.281 2.051
144 4 0.159 0.513 2.062
144 5 -0.001 0.261 2.045
144 6 -0.025 0.012 1.990
144 7 -0.010 -0.194 1.923
144 8 0.001 -0.266 1.897
144 9 0.350 0.271 2.062
144 10 0.408 0.028 2.014
144 11 0.423 -0.201 1.944
144 12 0.426 -0.270 1.928
144 13 0.126 -0.112 1.976
144 14 0.118 -0.509 2.005
144 15 0.145 -0.753 2.031
144 16 0.124 -0.818 2.000
144 17 0.281 -0.104 1.986
144 18 0.324 -0.518 1.990
144 19 0.310 -0.750 2.015
144 20 0.315 -0.809 1.974
145 1 0.198 -0.031 1.997
145 2 0.192 0.012 2.044
145 3 0.179 0.282 2.051
145 4 0.159 0.514 2.062
145 5 -0.000 0.261 2.045
145 6 -0.025 0.012 1.990
145 7 -0.010 -0.194 1.923
145 8 0.001 -0.267 1.897
145 9 0.351 0.271 2.063
145 10 0.408 0.027 2.014
145 11 0.423 -0.201 1.944
145 12 0.426 -0.270 1.928
145 13 0.126 -0.112 1.976
145 14 0.118 -0.509 2.005
145 15 0.145 -0.753 2.031
145 16 0.124 -0.818 2.000
145 17 0.281 -0.104 1.986
145 18 0.324 -0.518 1.990
145 19 0.310 -0.750 2.015
145 20 0.315 -0.812 1.980
146 1 0.198 -0.031 1.997
146 2 0.193 0.012 2.044
146 3 0.179 0.283 2.052
146 4 0.160 0.515 2.063
146 5 0.000 0.261 2.046
146 6 -0.025 0.012 1.991
146 7 -0.011 -0.194 1.923
146 8 0.001 -0.267 1.897
146 9 0.351 0.271 2.063
146 10 0.409 0.027 2.015
146 11 0.423 -0.201 1.944
146 12 0.426 -0.270 1.928
146 13 0.126 -0.112 1.976
146 14 0.118 -0.509 2.005
146 15 0.145 -0.753 2.031
146 16 0.124 -0.818 2.000
146 17 0.281 -0.104 1.986
146 18 0.324 -0.518 1.991
146 19 0.310 -0.750 2.015
146 20 0.315 -0.815 1.984
147 1 0.198 -0.031 1.997
147 2 0.193 0.012 2.044
147 3 0.179 0.284 2.053
147 4 0.160 0.516 2.064
147 5 0.000 0.261 2.046
147 6 -0.025 0.012 1.991
147 7 -0.011 -0.194 1.923
147 8 0.000 -0.267 1.898
147 9 0.351 0.271 2.064
147 10 0.409 0.027 2.015
147 11 0.423 -0.201 1.944
147 12 0.426 -0.270 1.928
147 13 0.126 -0.112 1.976
147 14 0.118 -0.509 2.005
147 15 0.145 -0.753 2.031
147 16 0.124 -0.818 2.000
147 17 0.281 -0.104 1.987
147 18 0.324 -0.518 1.991
147 19 0.310 -0.750 2.015
147 20 0.315 -0.816 1.987
148 1 0.199 -0.031 1.998
148 2 0.193 0.012 2.044
148 3 0.179 0.284 2.053
148 4 0.160 0.517 2.064
148 5 0.000 0.261 2.047
148 6 -0.025 0.012 1.991
148 7 -0.011 -0.194 1.923
148 8 0.000 -0.268 1.899
148 9 0.352 0.271 2.064
148 10 0.409 0.027 2.015
148 11 0.423 -0.201 1.944
148 12 0.426 -0.270 1.928
148 13 0.126 -0.113 1.977
148 14 0.118 -0.509 2.005
148 15 0.145 -0.753 2.031
148 16 0.124 -0.818 2.000
148 17 0.282 -0.105 1.987
148 18 0.324 -0.518 1.991
148 19 0.310 -0.750 2.015
148 20 0.315 -0.817 1.989
