1 1 0.270 -0.440 2.387
1 2 0.299 -0.385 2.416
1 3 0.312 -0.082 2.403
1 4 0.239 0.120 2.440
1 5 0.163 -0.207 2.496
1 6 0.130 -0.431 2.453
1 7 0.087 -0.522 2.196
1 8 0.077 -0.558 2.115
1 9 0.421 -0.197 2.327
1 10 0.485 -0.366 2.195
1 11 0.424 -0.455 2.004
1 12 0.392 -0.471 1.944
1 13 0.197 -0.514 2.438
1 14 -0.029 -0.556 2.127
1 15 -0.020 -0.791 2.055
1 16 -0.039 -0.815 1.983
1 17 0.327 -0.506 2.330
1 18 0.325 -0.494 1.926
1 19 0.277 -0.721 1.883
1 20 0.325 -0.735 1.822
2 1 0.270 -0.440 2.387
2 2 0.299 -0.385 2.416
2 3 0.311 -0.082 2.404
2 4 0.239 0.120 2.442
2 5 0.163 -0.208 2.496
2 6 0.130 -0.432 2.455
2 7 0.082 -0.521 2.192
2 8 0.065 -0.555 2.102
2 9 0.420 -0.196 2.327
2 10 0.484 -0.365 2.195
2 11 0.424 -0.455 2.004
2 12 0.392 -0.471 1.944
2 13 0.198 -0.515 2.439
2 14 -0.029 -0.558 2.126
2 15 -0.021 -0.792 2.054
2 16 -0.036 -0.813 1.981
2 17 0.327 -0.506 2.330
2 18 0.325 -0.494 1.926
2 19 0.277 -0.720 1.884
2 20 0.322 -0.737 1.823
3 1 0.270 -0.440 2.388
3 2 0.299 -0.385 2.417
3 3 0.310 -0.082 2.405
3 4 0.238 0.119 2.443
3 5 0.163 -0.209 2.497
3 6 0.130 -0.433 2.456
3 7 0.078 -0.520 2.188
3 8 0.057 -0.553 2.093
3 9 0.419 -0.196 2.327
3 10 0.484 -0.364 2.195
3 11 0.425 -0.454 2.004
3 12 0.393 -0.470 1.944
3 13 0.199 -0.515 2.439
3 14 -0.029 -0.559 2.125
3 15 -0.022 -0.793 2.054
3 16 -0.035 -0.812 1.979
3 17 0.327 -0.506 2.330
3 18 0.325 -0.493 1.926
3 19 0.276 -0.720 1.884
3 20 0.319 -0.742 1.822
4 1 0.270 -0.440 2.388
4 2 0.298 -0.385 2.417
4 3 0.309 -0.082 2.406
4 4 0.238 0.119 2.444
4 5 0.163 -0.210 2.497
4 6 0.130 -0.433 2.458
4 7 0.076 -0.519 2.186
4 8 0.099 -0.564 2.152
4 9 0.419 -0.195 2.328
4 10 0.483 -0.363 2.196
4 11 0.425 -0.452 2.004
4 12 0.393 -0.470 1.944
4 13 0.199 -0.516 2.440
4 14 -0.029 -0.560 2.125
4 15 -0.022 -0.794 2.054
4 16 -0.033 -0.811 1.977
4 17 0.327 -0.506 2.330
4 18 0.324 -0.493 1.927
4 19 0.276 -0.719 1.883
4 20 0.317 -0.747 1.821
5 1 0.270 -0.441 2.389
5 2 0.298 -0.385 2.417
5 3 0.308 -0.082 2.407
5 4 0.238 0.119 2.444
5 5 0.163 -0.210 2.497
5 6 0.130 -0.433 2.460
5 7 0.076 -0.518 2.185
5 8 0.115 -0.569 2.172
5 9 0.418 -0.195 2.328
5 10 0.483 -0.363 2.196
5 11 0.434 -0.457 2.005
5 12 0.399 -0.472 1.945
5 13 0.200 -0.516 2.440
5 14 -0.029 -0.560 2.124
5 15 -0.023 -0.795 2.053
5 16 -0.029 -0.810 1.976
5 17 0.327 -0.506 2.330
5 18 0.324 -0.492 1.927
5 19 0.275 -0.720 1.883
5 20 0.315 -0.749 1.821
6 1 0.271 -0.441 2.389
6 2 0.298 -0.385 2.417
6 3 0.308 -0.082 2.407
6 4 0.238 0.118 2.445
6 5 0.163 -0.211 2.497
6 6 0.130 -0.434 2.462
6 7 0.079 -0.519 2.187
6 8 0.126 -0.572 2.186
6 9 0.418 -0.195 2.329
6 10 0.483 -0.362 2.196
6 11 0.441 -0.461 2.006
6 12 0.406 -0.475 1.946
6 13 0.200 -0.517 2.440
6 14 -0.029 -0.561 2.124
6 15 -0.023 -0.796 2.053
6 16 -0.027 -0.809 1.976
6 17 0.328 -0.506 2.330
6 18 0.324 -0.492 1.927
6 19 0.275 -0.720 1.883
6 20 0.314 -0.751 1.821
7 1 0.271 -0.441 2.389
7 2 0.298 -0.385 2.418
7 3 0.307 -0.082 2.408
7 4 0.237 0.118 2.445
7 5 0.163 -0.211 2.497
7 6 0.129 -0.434 2.463
7 7 0.082 -0.521 2.187
7 8 0.103 -0.567 2.139
7 9 0.417 -0.195 2.329
7 10 0.482 -0.362 2.196
7 11 0.446 -0.464 2.006
7 12 0.410 -0.478 1.946
7 13 0.200 -0.517 2.441
7 14 -0.029 -0.561 2.124
7 15 -0.024 -0.796 2.053
7 16 -0.024 -0.808 1.975
7 17 0.328 -0.506 2.331
7 18 0.323 -0.492 1.927
7 19 0.274 -0.720 1.883
7 20 0.313 -0.752 1.821
8 1 0.271 -0.441 2.390
8 2 0.298 -0.386 2.418
8 3 0.307 -0.082 2.408
8 4 0.237 0.118 2.446
8 5 0.163 -0.212 2.497
8 6 0.129 -0.434 2.464
8 7 0.085 -0.523 2.188
8 8 0.099 -0.566 2.131
8 9 0.417 -0.194 2.329
8 10 0.482 -0.362 2.196
8 11 0.446 -0.470 2.010
8 12 0.412 -0.482 1.949
8 13 0.201 -0.517 2.441
8 14 -0.029 -0.562 2.123
8 15 -0.024 -0.797 2.053
8 16 -0.023 -0.807 1.975
8 17 0.328 -0.506 2.331
8 18 0.323 -0.492 1.928
8 19 0.274 -0.720 1.883
8 20 0.312 -0.752 1.821
9 1 0.271 -0.441 2.390
9 2 0.298 -0.386 2.418
9 3 0.306 -0.082 2.409
9 4 0.237 0.118 2.446
9 5 0.163 -0.212 2.498
9 6 0.129 -0.434 2.465
9 7 0.087 -0.525 2.189
9 8 0.094 -0.565 2.120
9 9 0.417 -0.194 2.329
9 10 0.482 -0.361 2.196
9 11 0.412 -0.480 2.030
9 12 0.395 -0.490 1.962
9 13 0.201 -0.517 2.441
9 14 -0.029 -0.562 2.123
9 15 -0.024 -0.797 2.053
9 16 -0.022 -0.807 1.974
9 17 0.329 -0.506 2.331
9 18 0.323 -0.491 1.928
9 19 0.273 -0.721 1.883
9 20 0.311 -0.752 1.820
10 1 0.271 -0.441 2.390
10 2 0.297 -0.386 2.418
10 3 0.306 -0.082 2.409
10 4 0.237 0.118 2.446
10 5 0.163 -0.213 2.498
10 6 0.129 -0.434 2.465
10 7 0.143 -0.532 2.247
10 8 0.147 -0.567 2.173
10 9 0.417 -0.194 2.329
10 10 0.481 -0.361 2.196
10 11 0.443 -0.492 2.035
10 12 0.423 -0.505 1.969
10 13 0.201 -0.517 2.441
10 14 -0.029 -0.562 2.123
10 15 -0.025 -0.797 2.053
10 16 -0.022 -0.807 1.974
10 17 0.329 -0.506 2.331
10 18 0.323 -0.491 1.928
10 19 0.273 -0.721 1.883
10 20 0.310 -0.752 1.820
11 1 0.271 -0.441 2.391
11 2 0.297 -0.385 2.418
11 3 0.306 -0.081 2.409
11 4 0.237 0.118 2.446
11 5 0.163 -0.213 2.498
11 6 0.128 -0.434 2.466
11 7 0.164 -0.535 2.269
11 8 0.174 -0.568 2.202
11 9 0.416 -0.194 2.330
11 10 0.481 -0.361 2.196
11 11 0.431 -0.466 2.019
11 12 0.416 -0.493 1.964
11 13 0.200 -0.517 2.442
11 14 -0.029 -0.562 2.123
11 15 -0.025 -0.798 2.052
11 16 -0.021 -0.806 1.974
11 17 0.330 -0.506 2.332
11 18 0.323 -0.491 1.928
11 19 0.272 -0.723 1.883
11 20 0.310 -0.752 1.820
12 1 0.271 -0.441 2.391
12 2 0.297 -0.385 2.419
12 3 0.306 -0.081 2.410
12 4 0.237 0.118 2.447
12 5 0.163 -0.213 2.498
12 6 0.128 -0.434 2.466
12 7 0.119 -0.532 2.222
12 8 0.130 -0.564 2.156
12 9 0.416 -0.194 2.330
12 10 0.481 -0.361 2.197
12 11 0.433 -0.462 2.015
12 12 0.417 -0.492 1.962
12 13 0.200 -0.517 2.443
12 14 -0.029 -0.562 2.123
12 15 -0.025 -0.798 2.052
12 16 -0.021 -0.806 1.974
12 17 0.330 -0.506 2.332
12 18 0.323 -0.491 1.928
12 19 0.272 -0.724 1.883
12 20 0.309 -0.750 1.820
13 1 0.271 -0.441 2.392
13 2 0.297 -0.385 2.419
13 3 0.306 -0.081 2.410
13 4 0.237 0.118 2.447
13 5 0.163 -0.213 2.498
13 6 0.128 -0.434 2.466
13 7 0.168 -0.538 2.268
13 8 0.174 -0.569 2.196
13 9 0.416 -0.194 2.330
13 10 0.481 -0.361 2.197
13 11 0.432 -0.457 2.010
13 12 0.415 -0.487 1.959
13 13 0.200 -0.517 2.443
13 14 -0.029 -0.562 2.123
13 15 -0.025 -0.798 2.052
13 16 -0.021 -0.805 1.974
13 17 0.330 -0.506 2.332
13 18 0.322 -0.491 1.928
13 19 0.271 -0.724 1.883
13 20 0.308 -0.749 1.819
14 1 0.271 -0.441 2.392
14 2 0.297 -0.385 2.419
14 3 0.306 -0.081 2.410
14 4 0.237 0.118 2.447
14 5 0.163 -0.214 2.498
14 6 0.128 -0.434 2.466
14 7 0.179 -0.539 2.277
14 8 0.193 -0.572 2.213
14 9 0.416 -0.194 2.330
14 10 0.481 -0.361 2.197
14 11 0.429 -0.451 2.007
14 12 0.410 -0.480 1.955
14 13 0.199 -0.517 2.443
14 14 -0.029 -0.563 2.122
14 15 -0.025 -0.798 2.053
14 16 -0.021 -0.805 1.975
14 17 0.331 -0.506 2.333
14 18 0.322 -0.490 1.928
14 19 0.271 -0.725 1.883
14 20 0.308 -0.747 1.819
15 1 0.272 -0.441 2.392
15 2 0.297 -0.385 2.419
15 3 0.306 -0.081 2.410
15 4 0.237 0.118 2.446
15 5 0.163 -0.214 2.498
15 6 0.128 -0.434 2.467
15 7 0.124 -0.538 2.221
15 8 0.181 -0.576 2.210
15 9 0.416 -0.194 2.330
15 10 0.481 -0.361 2.197
15 11 0.427 -0.448 2.004
15 12 0.407 -0.476 1.952
15 13 0.199 -0.517 2.444
15 14 -0.029 -0.563 2.122
15 15 -0.025 -0.798 2.053
15 16 -0.022 -0.804 1.975
15 17 0.331 -0.505 2.333
15 18 0.322 -0.490 1.928
15 19 0.270 -0.725 1.883
15 20 0.308 -0.746 1.819
16 1 0.272 -0.441 2.393
16 2 0.296 -0.385 2.419
16 3 0.306 -0.081 2.410
16 4 0.238 0.119 2.446
16 5 0.163 -0.214 2.498
16 6 0.128 -0.434 2.467
16 7 0.104 -0.538 2.200
16 8 0.173 -0.577 2.210
16 9 0.416 -0.194 2.330
16 10 0.481 -0.360 2.197
16 11 0.426 -0.445 2.003
16 12 0.403 -0.471 1.949
16 13 0.199 -0.517 2.444
16 14 -0.029 -0.563 2.122
16 15 -0.025 -0.798 2.053
16 16 -0.023 -0.803 1.976
16 17 0.331 -0.505 2.333
16 18 0.322 -0.490 1.929
16 19 0.272 -0.725 1.881
16 20 0.304 -0.749 1.817
17 1 0.272 -0.441 2.393
17 2 0.296 -0.385 2.419
17 3 0.306 -0.081 2.410
17 4 0.239 0.119 2.444
17 5 0.163 -0.214 2.498
17 6 0.128 -0.434 2.467
17 7 0.092 -0.538 2.188
17 8 0.163 -0.578 2.205
17 9 0.416 -0.194 2.330
17 10 0.481 -0.360 2.197
17 11 0.425 -0.444 2.002
17 12 0.401 -0.469 1.948
17 13 0.199 -0.516 2.444
17 14 -0.029 -0.563 2.122
17 15 -0.025 -0.799 2.053
17 16 -0.024 -0.803 1.976
17 17 0.331 -0.505 2.333
17 18 0.322 -0.490 1.929
17 19 0.273 -0.725 1.881
17 20 0.301 -0.751 1.815
18 1 0.272 -0.441 2.393
18 2 0.296 -0.385 2.419
18 3 0.306 -0.081 2.410
18 4 0.240 0.120 2.441
18 5 0.163 -0.214 2.498
18 6 0.127 -0.434 2.467
18 7 0.086 -0.538 2.182
18 8 0.159 -0.580 2.202
18 9 0.416 -0.194 2.330
18 10 0.481 -0.360 2.197
18 11 0.429 -0.447 2.002
18 12 0.401 -0.468 1.947
18 13 0.199 -0.516 2.444
18 14 -0.029 -0.563 2.122
18 15 -0.025 -0.799 2.053
18 16 -0.024 -0.802 1.976
18 17 0.332 -0.505 2.333
18 18 0.322 -0.490 1.929
18 19 0.281 -0.725 1.876
18 20 0.263 -0.761 1.823
19 1 0.272 -0.441 2.393
19 2 0.296 -0.385 2.419
19 3 0.306 -0.081 2.410
19 4 0.242 0.121 2.435
19 5 0.163 -0.213 2.498
19 6 0.127 -0.433 2.467
19 7 0.112 -0.534 2.228
19 8 0.154 -0.576 2.205
19 9 0.416 -0.194 2.330
19 10 0.481 -0.360 2.197
19 11 0.428 -0.446 2.001
19 12 0.400 -0.466 1.946
19 13 0.199 -0.515 2.444
19 14 -0.029 -0.563 2.122
19 15 -0.025 -0.799 2.053
19 16 -0.025 -0.802 1.976
19 17 0.332 -0.505 2.334
19 18 0.322 -0.490 1.929
19 19 0.284 -0.725 1.873
19 20 0.245 -0.767 1.829
20 1 0.272 -0.440 2.393
20 2 0.296 -0.384 2.419
20 3 0.306 -0.081 2.410
20 4 0.246 0.122 2.422
20 5 0.162 -0.212 2.498
20 6 0.127 -0.433 2.466
20 7 0.109 -0.534 2.225
20 8 0.103 -0.575 2.143
20 9 0.416 -0.194 2.330
20 10 0.480 -0.361 2.197
20 11 0.426 -0.445 2.000
20 12 0.398 -0.464 1.944
20 13 0.199 -0.515 2.443
20 14 -0.029 -0.563 2.122
20 15 -0.025 -0.799 2.053
20 16 -0.026 -0.802 1.976
20 17 0.332 -0.505 2.334
20 18 0.322 -0.490 1.929
20 19 0.286 -0.732 1.870
20 20 0.257 -0.713 1.851
21 1 0.272 -0.440 2.393
21 2 0.296 -0.384 2.419
21 3 0.306 -0.081 2.410
21 4 0.250 0.122 2.407
21 5 0.162 -0.211 2.497
21 6 0.125 -0.429 2.465
21 7 0.103 -0.533 2.219
21 8 0.077 -0.573 2.113
21 9 0.417 -0.194 2.330
21 10 0.481 -0.361 2.196
21 11 0.423 -0.443 1.999
21 12 0.396 -0.462 1.943
21 13 0.198 -0.514 2.441
21 14 -0.029 -0.563 2.122
21 15 -0.025 -0.799 2.053
21 16 -0.027 -0.802 1.976
21 17 0.332 -0.505 2.334
21 18 0.322 -0.490 1.929
21 19 0.287 -0.742 1.866
21 20 0.241 -0.757 1.821
22 1 0.273 -0.439 2.392
22 2 0.296 -0.384 2.418
22 3 0.307 -0.082 2.409
22 4 0.253 0.122 2.396
22 5 0.161 -0.209 2.495
22 6 0.124 -0.427 2.463
22 7 0.097 -0.533 2.212
22 8 0.064 -0.571 2.098
22 9 0.418 -0.195 2.329
22 10 0.481 -0.361 2.196
22 11 0.421 -0.442 1.998
22 12 0.394 -0.461 1.942
22 13 0.199 -0.513 2.438
22 14 -0.029 -0.563 2.122
22 15 -0.025 -0.799 2.053
22 16 -0.028 -0.802 1.976
22 17 0.333 -0.505 2.334
22 18 0.321 -0.490 1.929
22 19 0.287 -0.750 1.864
22 20 0.235 -0.778 1.808
23 1 0.273 -0.439 2.391
23 2 0.296 -0.383 2.417
23 3 0.307 -0.084 2.407
23 4 0.257 0.123 2.376
23 5 0.159 -0.206 2.492
23 6 0.123 -0.425 2.461
23 7 0.099 -0.531 2.213
23 8 0.144 -0.567 2.199
23 9 0.419 -0.195 2.328
23 10 0.481 -0.362 2.195
23 11 0.419 -0.441 1.997
23 12 0.392 -0.460 1.941
23 13 0.199 -0.511 2.435
23 14 -0.029 -0.563 2.121
23 15 -0.023 -0.812 2.050
23 16 -0.045 -0.843 1.974
23 17 0.334 -0.505 2.334
23 18 0.321 -0.490 1.929
23 19 0.287 -0.755 1.863
23 20 0.233 -0.790 1.800
24 1 0.274 -0.438 2.390
24 2 0.296 -0.383 2.416
24 3 0.307 -0.086 2.404
24 4 0.259 0.123 2.359
24 5 0.157 -0.202 2.487
24 6 0.120 -0.424 2.459
24 7 0.111 -0.529 2.231
24 8 0.137 -0.556 2.208
24 9 0.421 -0.196 2.326
24 10 0.481 -0.363 2.193
24 11 0.417 -0.441 1.996
24 12 0.390 -0.459 1.939
24 13 0.198 -0.510 2.431
24 14 -0.029 -0.563 2.121
24 15 -0.021 -0.822 2.048
24 16 -0.053 -0.864 1.973
24 17 0.335 -0.504 2.333
24 18 0.320 -0.491 1.929
24 19 0.286 -0.760 1.863
24 20 0.232 -0.798 1.795
25 1 0.274 -0.437 2.389
25 2 0.296 -0.382 2.413
25 3 0.306 -0.090 2.397
25 4 0.260 0.122 2.343
25 5 0.154 -0.199 2.481
25 6 0.117 -0.423 2.457
25 7 0.113 -0.529 2.233
25 8 0.148 -0.557 2.222
25 9 0.423 -0.197 2.324
25 10 0.480 -0.365 2.191
25 11 0.414 -0.440 1.995
25 12 0.388 -0.458 1.938
25 13 0.198 -0.508 2.428
25 14 -0.029 -0.563 2.121
25 15 -0.020 -0.829 2.047
25 16 -0.057 -0.875 1.972
25 17 0.336 -0.504 2.333
25 18 0.319 -0.491 1.930
25 19 0.286 -0.763 1.863
25 20 0.231 -0.804 1.792
26 1 0.275 -0.435 2.387
26 2 0.295 -0.380 2.409
26 3 0.305 -0.095 2.387
26 4 0.260 0.120 2.326
26 5 0.150 -0.196 2.474
26 6 0.110 -0.422 2.455
26 7 0.113 -0.528 2.234
26 8 0.154 -0.558 2.228
26 9 0.425 -0.198 2.319
26 10 0.480 -0.368 2.189
26 11 0.410 -0.440 1.992
26 12 0.385 -0.458 1.936
26 13 0.197 -0.507 2.426
26 14 -0.029 -0.563 2.121
26 15 -0.019 -0.835 2.046
26 16 -0.060 -0.882 1.972
26 17 0.337 -0.504 2.333
26 18 0.318 -0.491 1.930
26 19 0.285 -0.765 1.863
26 20 0.231 -0.808 1.790
27 1 0.275 -0.435 2.384
27 2 0.293 -0.379 2.403
27 3 0.300 -0.101 2.374
27 4 0.257 0.116 2.306
27 5 0.144 -0.194 2.463
27 6 0.105 -0.422 2.453
27 7 0.114 -0.527 2.235
27 8 0.150 -0.565 2.219
27 9 0.426 -0.200 2.314
27 10 0.479 -0.371 2.185
27 11 0.405 -0.441 1.989
27 12 0.382 -0.458 1.934
27 13 0.196 -0.507 2.422
27 14 -0.029 -0.563 2.121
27 15 -0.018 -0.838 2.046
27 16 -0.061 -0.887 1.972
27 17 0.338 -0.504 2.332
27 18 0.316 -0.491 1.931
27 19 0.285 -0.767 1.863
27 20 0.231 -0.810 1.789
28 1 0.275 -0.434 2.380
28 2 0.290 -0.379 2.395
28 3 0.296 -0.106 2.361
28 4 0.253 0.113 2.291
28 5 0.138 -0.192 2.450
28 6 0.098 -0.422 2.453
28 7 0.115 -0.527 2.236
28 8 0.147 -0.570 2.209
28 9 0.424 -0.202 2.304
28 10 0.477 -0.375 2.181
28 11 0.401 -0.443 1.986
28 12 0.378 -0.459 1.931
28 13 0.194 -0.506 2.419
28 14 -0.029 -0.563 2.121
28 15 -0.020 -0.819 2.047
28 16 -0.045 -0.851 1.974
28 17 0.339 -0.503 2.332
28 18 0.313 -0.492 1.932
28 19 0.283 -0.750 1.869
28 20 0.242 -0.799 1.796
29 1 0.273 -0.433 2.375
29 2 0.286 -0.378 2.385
29 3 0.290 -0.111 2.347
29 4 0.238 0.105 2.267
29 5 0.130 -0.190 2.434
29 6 0.088 -0.421 2.451
29 7 0.115 -0.527 2.236
29 8 0.144 -0.574 2.201
29 9 0.421 -0.203 2.291
29 10 0.475 -0.379 2.177
29 11 0.396 -0.447 1.983
29 12 0.375 -0.462 1.928
29 13 0.192 -0.506 2.415
29 14 -0.028 -0.562 2.121
29 15 -0.021 -0.805 2.048
29 16 -0.035 -0.837 1.979
29 17 0.340 -0.503 2.331
29 18 0.309 -0.491 1.933
29 19 0.282 -0.739 1.875
29 20 0.258 -0.787 1.803
30 1 0.271 -0.431 2.366
30 2 0.280 -0.376 2.371
30 3 0.282 -0.114 2.326
30 4 0.222 0.099 2.244
30 5 0.124 -0.189 2.421
30 6 0.069 -0.409 2.439
30 7 0.121 -0.524 2.246
30 8 0.141 -0.575 2.195
30 9 0.415 -0.203 2.276
30 10 0.473 -0.382 2.173
30 11 0.392 -0.450 1.980
30 12 0.371 -0.464 1.926
30 13 0.189 -0.505 2.409
30 14 -0.028 -0.560 2.121
30 15 -0.021 -0.795 2.050
30 16 -0.030 -0.829 1.983
30 17 0.341 -0.503 2.328
30 18 0.304 -0.491 1.935
30 19 0.279 -0.731 1.880
30 20 0.270 -0.779 1.811
31 1 0.262 -0.429 2.354
31 2 0.270 -0.375 2.355
31 3 0.273 -0.117 2.307
31 4 0.205 0.092 2.221
31 5 0.115 -0.189 2.408
31 6 0.048 -0.395 2.424
31 7 0.044 -0.471 2.214
31 8 -0.014 -0.472 2.170
31 9 0.407 -0.202 2.259
31 10 0.470 -0.385 2.167
31 11 0.389 -0.457 1.975
31 12 0.367 -0.470 1.921
31 13 0.179 -0.504 2.401
31 14 -0.028 -0.558 2.121
31 15 -0.023 -0.789 2.050
31 16 -0.022 -0.827 1.988
31 17 0.337 -0.502 2.321
31 18 0.297 -0.490 1.938
31 19 0.276 -0.726 1.886
31 20 0.276 -0.776 1.821
32 1 0.255 -0.427 2.345
32 2 0.261 -0.374 2.343
32 3 0.263 -0.123 2.279
32 4 0.187 0.084 2.196
32 5 0.107 -0.188 2.398
32 6 0.031 -0.384 2.412
32 7 0.071 -0.507 2.192
32 8 0.003 -0.491 2.165
32 9 0.398 -0.200 2.241
32 10 0.469 -0.385 2.157
32 11 0.387 -0.472 1.971
32 12 0.365 -0.480 1.918
32 13 0.171 -0.503 2.395
32 14 -0.029 -0.556 2.119
32 15 -0.024 -0.785 2.050
32 16 -0.017 -0.825 1.990
32 17 0.334 -0.500 2.315
32 18 0.288 -0.491 1.941
32 19 0.272 -0.725 1.892
32 20 0.281 -0.775 1.828
33 1 0.249 -0.425 2.336
33 2 0.254 -0.372 2.332
33 3 0.255 -0.126 2.262
33 4 0.165 0.068 2.163
33 5 0.095 -0.187 2.384
33 6 0.008 -0.374 2.397
33 7 0.075 -0.518 2.180
33 8 -0.007 -0.491 2.157
33 9 0.390 -0.197 2.225
33 10 0.469 -0.382 2.145
33 11 0.383 -0.478 1.969
33 12 0.360 -0.486 1.915
33 13 0.165 -0.502 2.390
33 14 -0.031 -0.555 2.117
33 15 -0.026 -0.782 2.049
33 16 -0.012 -0.826 1.994
33 17 0.330 -0.499 2.309
33 18 0.278 -0.495 1.945
33 19 0.266 -0.727 1.900
33 20 0.285 -0.772 1.834
34 1 0.245 -0.423 2.329
34 2 0.250 -0.370 2.323
34 3 0.249 -0.127 2.247
34 4 0.151 0.058 2.140
34 5 0.078 -0.188 2.368
34 6 -0.020 -0.366 2.386
34 7 0.055 -0.505 2.176
34 8 -0.021 -0.484 2.153
34 9 0.380 -0.193 2.206
34 10 0.473 -0.370 2.119
34 11 0.378 -0.488 1.970
34 12 0.356 -0.495 1.914
34 13 0.162 -0.501 2.387
34 14 -0.032 -0.553 2.115
34 15 -0.028 -0.781 2.048
34 16 -0.002 -0.830 1.999
34 17 0.328 -0.497 2.303
34 18 0.269 -0.499 1.947
34 19 0.262 -0.731 1.905
34 20 0.286 -0.759 1.837
35 1 0.243 -0.421 2.324
35 2 0.247 -0.369 2.315
35 3 0.242 -0.132 2.225
35 4 0.136 0.040 2.108
35 5 0.056 -0.191 2.352
35 6 -0.059 -0.362 2.368
35 7 0.045 -0.497 2.174
35 8 -0.010 -0.483 2.123
35 9 0.370 -0.190 2.186
35 10 0.478 -0.360 2.093
35 11 0.387 -0.498 1.962
35 12 0.364 -0.508 1.905
35 13 0.159 -0.501 2.383
35 14 -0.034 -0.553 2.113
35 15 -0.030 -0.781 2.046
35 16 0.006 -0.833 2.003
35 17 0.327 -0.495 2.300
35 18 0.263 -0.502 1.949
35 19 0.258 -0.736 1.908
35 20 0.275 -0.742 1.838
36 1 0.241 -0.420 2.320
36 2 0.244 -0.368 2.309
36 3 0.243 -0.122 2.203
36 4 0.123 0.034 2.082
36 5 0.036 -0.197 2.331
36 6 -0.089 -0.358 2.357
36 7 -0.002 -0.465 2.166
36 8 -0.004 -0.483 2.111
36 9 0.360 -0.190 2.163
36 10 0.484 -0.347 2.066
36 11 0.368 -0.512 1.973
36 12 0.352 -0.520 1.909
36 13 0.157 -0.500 2.381
36 14 -0.036 -0.553 2.110
36 15 -0.033 -0.783 2.045
36 16 0.013 -0.833 2.006
36 17 0.326 -0.494 2.298
36 18 0.257 -0.506 1.950
36 19 0.251 -0.759 1.913
36 20 0.235 -0.798 1.846
37 1 0.239 -0.420 2.314
37 2 0.240 -0.369 2.295
37 3 0.229 -0.138 2.159
37 4 0.110 0.024 2.052
37 5 0.022 -0.202 2.313
37 6 -0.119 -0.351 2.341
37 7 -0.041 -0.464 2.173
37 8 -0.001 -0.492 2.104
37 9 0.347 -0.190 2.139
37 10 0.485 -0.333 2.037
37 11 0.353 -0.520 1.975
37 12 0.339 -0.529 1.910
37 13 0.155 -0.500 2.378
37 14 -0.039 -0.555 2.107
37 15 -0.033 -0.784 2.045
37 16 0.005 -0.832 2.000
37 17 0.326 -0.494 2.296
37 18 0.253 -0.509 1.950
37 19 0.246 -0.775 1.915
37 20 0.213 -0.834 1.851
38 1 0.236 -0.421 2.308
38 2 0.236 -0.372 2.284
38 3 0.219 -0.146 2.132
38 4 0.100 0.018 2.031
38 5 0.004 -0.212 2.283
38 6 -0.138 -0.350 2.329
38 7 -0.054 -0.465 2.175
38 8 -0.050 -0.516 2.073
38 9 0.336 -0.191 2.116
38 10 0.482 -0.320 2.006
38 11 0.343 -0.500 1.953
38 12 0.330 -0.525 1.901
38 13 0.153 -0.501 2.375
38 14 -0.042 -0.556 2.103
38 15 -0.033 -0.786 2.045
38 16 -0.003 -0.832 1.993
38 17 0.325 -0.493 2.295
38 18 0.249 -0.511 1.950
38 19 0.241 -0.786 1.915
38 20 0.202 -0.852 1.852
39 1 0.230 -0.423 2.293
39 2 0.227 -0.374 2.262
39 3 0.205 -0.154 2.089
39 4 0.084 0.011 2.005
39 5 -0.014 -0.220 2.261
39 6 -0.160 -0.352 2.313
39 7 -0.057 -0.471 2.182
39 8 -0.069 -0.526 2.061
39 9 0.323 -0.192 2.091
39 10 0.474 -0.310 1.974
39 11 0.371 -0.498 1.912
39 12 0.344 -0.523 1.869
39 13 0.148 -0.503 2.366
39 14 -0.050 -0.561 2.093
39 15 -0.032 -0.788 2.046
39 16 -0.012 -0.831 1.987
39 17 0.324 -0.492 2.293
39 18 0.246 -0.514 1.948
39 19 0.238 -0.795 1.914
39 20 0.196 -0.864 1.852
40 1 0.223 -0.424 2.278
40 2 0.219 -0.376 2.243
40 3 0.196 -0.158 2.064
40 4 0.069 0.000 1.977
40 5 -0.032 -0.231 2.235
40 6 -0.178 -0.356 2.296
40 7 -0.067 -0.493 2.188
40 8 -0.040 -0.516 2.109
40 9 0.306 -0.195 2.062
40 10 0.464 -0.302 1.943
40 11 0.383 -0.499 1.899
40 12 0.355 -0.524 1.853
40 13 0.143 -0.504 2.356
40 14 -0.057 -0.566 2.084
40 15 -0.044 -0.799 2.028
40 16 -0.051 -0.852 1.967
40 17 0.319 -0.490 2.289
40 18 0.243 -0.517 1.946
40 19 0.236 -0.801 1.912
40 20 0.193 -0.872 1.852
41 1 0.215 -0.428 2.258
41 2 0.210 -0.381 2.220
41 3 0.178 -0.169 2.027
41 4 0.052 -0.013 1.948
41 5 -0.039 -0.245 2.193
41 6 -0.186 -0.356 2.279
41 7 -0.069 -0.509 2.194
41 8 -0.033 -0.516 2.124
41 9 0.287 -0.200 2.030
41 10 0.453 -0.297 1.913
41 11 0.391 -0.500 1.885
41 12 0.363 -0.525 1.836
41 13 0.138 -0.507 2.338
41 14 -0.067 -0.573 2.072
41 15 -0.034 -0.821 2.032
41 16 -0.054 -0.886 1.972
41 17 0.311 -0.486 2.278
41 18 0.241 -0.521 1.939
41 19 0.234 -0.807 1.908
41 20 0.192 -0.880 1.849
42 1 0.209 -0.432 2.241
42 2 0.203 -0.386 2.202
42 3 0.168 -0.175 2.006
42 4 0.041 -0.021 1.929
42 5 -0.043 -0.256 2.168
42 6 -0.191 -0.359 2.263
42 7 -0.065 -0.517 2.198
42 8 -0.008 -0.548 2.169
42 9 0.266 -0.208 2.000
42 10 0.442 -0.294 1.884
42 11 0.395 -0.501 1.877
42 12 0.367 -0.525 1.825
42 13 0.135 -0.509 2.323
42 14 -0.075 -0.578 2.063
42 15 -0.026 -0.835 2.036
42 16 -0.054 -0.904 1.977
42 17 0.301 -0.483 2.262
42 18 0.239 -0.526 1.927
42 19 0.232 -0.812 1.903
42 20 0.193 -0.886 1.845
43 1 0.206 -0.434 2.231
43 2 0.200 -0.389 2.191
43 3 0.151 -0.182 1.981
43 4 0.026 -0.032 1.905
43 5 -0.047 -0.267 2.125
43 6 -0.180 -0.372 2.232
43 7 -0.048 -0.536 2.202
43 8 0.014 -0.586 2.203
43 9 0.250 -0.215 1.974
43 10 0.422 -0.290 1.848
43 11 0.396 -0.500 1.870
43 12 0.368 -0.524 1.817
43 13 0.141 -0.508 2.306
43 14 -0.078 -0.582 2.058
43 15 -0.020 -0.845 2.038
43 16 -0.050 -0.920 1.981
43 17 0.296 -0.481 2.253
43 18 0.239 -0.539 1.906
43 19 0.231 -0.823 1.884
43 20 0.198 -0.897 1.830
44 1 0.203 -0.430 2.205
44 2 0.193 -0.385 2.162
44 3 0.132 -0.188 1.948
44 4 0.012 -0.039 1.890
44 5 -0.092 -0.260 2.104
44 6 -0.177 -0.383 2.222
44 7 -0.036 -0.544 2.197
44 8 0.023 -0.596 2.211
44 9 0.229 -0.221 1.947
44 10 0.405 -0.287 1.824
44 11 0.396 -0.499 1.864
44 12 0.368 -0.522 1.811
44 13 0.145 -0.502 2.289
44 14 -0.081 -0.585 2.055
44 15 -0.017 -0.853 2.038
44 16 -0.048 -0.930 1.983
44 17 0.292 -0.476 2.236
44 18 0.238 -0.548 1.892
44 19 0.230 -0.833 1.871
44 20 0.202 -0.907 1.820
45 1 0.145 -0.432 2.160
45 2 0.141 -0.389 2.119
45 3 0.118 -0.191 1.926
45 4 -0.004 -0.045 1.873
45 5 -0.124 -0.251 2.087
45 6 -0.176 -0.387 2.214
45 7 0.057 -0.519 2.202
45 8 0.147 -0.557 2.212
45 9 0.212 -0.226 1.926
45 10 0.383 -0.279 1.793
45 11 0.393 -0.491 1.854
45 12 0.366 -0.516 1.801
45 13 0.060 -0.497 2.226
45 14 -0.119 -0.637 1.985
45 15 -0.077 -0.887 1.957
45 16 -0.108 -0.961 1.903
45 17 0.236 -0.479 2.202
45 18 0.238 -0.556 1.868
45 19 0.229 -0.838 1.863
45 20 0.202 -0.911 1.812
46 1 0.118 -0.430 2.138
46 2 0.116 -0.388 2.099
46 3 0.105 -0.193 1.909
46 4 -0.018 -0.048 1.861
46 5 -0.144 -0.244 2.071
46 6 -0.175 -0.390 2.203
46 7 0.099 -0.507 2.197
46 8 0.191 -0.549 2.213
46 9 0.197 -0.228 1.907
46 10 0.368 -0.275 1.771
46 11 0.384 -0.482 1.831
46 12 0.361 -0.508 1.785
46 13 0.039 -0.489 2.202
46 14 -0.137 -0.655 1.965
46 15 -0.104 -0.897 1.932
46 16 -0.131 -0.971 1.881
46 17 0.212 -0.476 2.186
46 18 0.237 -0.559 1.858
46 19 0.227 -0.841 1.855
46 20 0.202 -0.914 1.806
47 1 0.104 -0.428 2.126
47 2 0.103 -0.387 2.087
47 3 0.093 -0.192 1.894
47 4 -0.031 -0.048 1.850
47 5 -0.156 -0.236 2.050
47 6 -0.195 -0.380 2.173
47 7 -0.012 -0.503 2.177
47 8 0.079 -0.546 2.191
47 9 0.183 -0.228 1.890
47 10 0.350 -0.271 1.750
47 11 0.374 -0.474 1.804
47 12 0.354 -0.500 1.762
47 13 0.026 -0.486 2.191
47 14 -0.145 -0.664 1.955
47 15 -0.115 -0.903 1.920
47 16 -0.142 -0.977 1.870
47 17 0.188 -0.470 2.162
47 18 0.237 -0.562 1.841
47 19 0.226 -0.843 1.851
47 20 0.202 -0.917 1.802
48 1 0.106 -0.421 2.120
48 2 0.100 -0.382 2.080
48 3 0.075 -0.181 1.874
48 4 -0.046 -0.041 1.837
48 5 -0.158 -0.221 2.016
48 6 -0.220 -0.359 2.133
48 7 -0.057 -0.497 2.173
48 8 0.008 -0.544 2.192
48 9 0.168 -0.224 1.874
48 10 0.325 -0.268 1.723
48 11 0.366 -0.470 1.771
48 12 0.342 -0.491 1.716
48 13 0.068 -0.469 2.195
48 14 -0.138 -0.646 1.987
48 15 -0.046 -0.880 1.996
48 16 -0.068 -0.954 1.949
48 17 0.185 -0.463 2.151
48 18 0.236 -0.564 1.833
48 19 0.225 -0.845 1.847
48 20 0.202 -0.918 1.799
49 1 0.077 -0.413 2.119
49 2 0.075 -0.374 2.078
49 3 0.066 -0.178 1.867
49 4 -0.059 -0.029 1.827
49 5 -0.156 -0.211 1.995
49 6 -0.234 -0.344 2.103
49 7 -0.111 -0.494 2.168
49 8 -0.071 -0.546 2.194
49 9 0.154 -0.216 1.861
49 10 0.299 -0.263 1.699
49 11 0.357 -0.460 1.741
49 12 0.350 -0.498 1.715
49 13 0.026 -0.460 2.187
49 14 -0.142 -0.658 1.974
49 15 -0.069 -0.892 1.968
49 16 -0.090 -0.965 1.920
49 17 0.144 -0.453 2.149
49 18 0.235 -0.562 1.830
49 19 0.239 -0.836 1.865
49 20 0.218 -0.908 1.817
50 1 0.086 -0.397 2.123
50 2 0.076 -0.363 2.081
50 3 0.058 -0.175 1.870
50 4 -0.068 -0.002 1.821
50 5 -0.152 -0.193 1.971
50 6 -0.248 -0.329 2.067
50 7 -0.165 -0.491 2.156
50 8 -0.127 -0.546 2.189
50 9 0.133 -0.192 1.841
50 10 0.279 -0.260 1.683
50 11 0.344 -0.455 1.713
50 12 0.351 -0.502 1.710
50 13 0.048 -0.441 2.189
50 14 -0.137 -0.648 1.989
50 15 -0.075 -0.888 1.968
50 16 -0.095 -0.962 1.921
50 17 0.145 -0.436 2.150
50 18 0.230 -0.559 1.830
50 19 0.253 -0.827 1.880
50 20 0.234 -0.900 1.833
51 1 0.089 -0.383 2.124
51 2 0.076 -0.349 2.085
51 3 0.014 -0.164 1.899
51 4 -0.079 0.034 1.823
51 5 -0.141 -0.178 1.956
51 6 -0.257 -0.313 2.038
51 7 -0.210 -0.486 2.134
51 8 -0.188 -0.545 2.171
51 9 0.112 -0.152 1.818
51 10 0.250 -0.252 1.669
51 11 0.315 -0.447 1.668
51 12 0.308 -0.480 1.640
51 13 0.058 -0.429 2.187
51 14 -0.137 -0.635 1.997
51 15 -0.082 -0.879 1.968
51 16 -0.101 -0.953 1.922
51 17 0.148 -0.414 2.147
51 18 0.224 -0.556 1.831
51 19 0.262 -0.822 1.890
51 20 0.243 -0.895 1.843
52 1 0.086 -0.338 2.111
52 2 0.073 -0.304 2.077
52 3 0.003 -0.143 1.914
52 4 -0.084 0.068 1.831
52 5 -0.160 -0.138 1.946
52 6 -0.269 -0.294 2.015
52 7 -0.230 -0.479 2.122
52 8 -0.209 -0.530 2.149
52 9 0.129 -0.120 1.782
52 10 0.240 -0.255 1.647
52 11 0.310 -0.444 1.657
52 12 0.323 -0.490 1.663
52 13 0.050 -0.395 2.177
52 14 -0.136 -0.631 2.001
52 15 -0.085 -0.876 1.969
52 16 -0.104 -0.949 1.922
52 17 0.156 -0.381 2.139
52 18 0.218 -0.551 1.831
52 19 0.268 -0.816 1.895
52 20 0.248 -0.890 1.848
53 1 0.084 -0.317 2.106
53 2 0.072 -0.281 2.074
53 3 -0.004 -0.113 1.922
53 4 -0.089 0.107 1.845
53 5 -0.181 -0.098 1.945
53 6 -0.275 -0.277 2.003
53 7 -0.238 -0.465 2.079
53 8 -0.228 -0.526 2.114
53 9 0.105 -0.079 1.784
53 10 0.216 -0.231 1.658
53 11 0.274 -0.426 1.666
53 12 0.267 -0.458 1.640
53 13 0.046 -0.379 2.170
53 14 -0.134 -0.628 2.003
53 15 -0.087 -0.873 1.969
53 16 -0.106 -0.946 1.922
53 17 0.157 -0.355 2.134
53 18 0.200 -0.529 1.828
53 19 0.260 -0.756 1.864
53 20 0.201 -0.746 1.874
54 1 0.075 -0.276 2.096
54 2 0.063 -0.240 2.068
54 3 -0.008 -0.087 1.928
54 4 -0.091 0.137 1.859
54 5 -0.196 -0.054 1.947
54 6 -0.272 -0.249 1.996
54 7 -0.242 -0.446 2.053
54 8 -0.237 -0.516 2.091
54 9 0.085 -0.032 1.788
54 10 0.205 -0.220 1.667
54 11 0.256 -0.418 1.673
54 12 0.245 -0.445 1.632
54 13 0.039 -0.337 2.158
54 14 -0.112 -0.614 2.013
54 15 -0.035 -0.897 2.011
54 16 -0.045 -0.962 1.966
54 17 0.147 -0.317 2.119
54 18 0.188 -0.514 1.826
54 19 0.252 -0.718 1.842
54 20 0.197 -0.715 1.896
55 1 0.065 -0.238 2.080
55 2 0.054 -0.199 2.054
55 3 -0.014 -0.032 1.926
55 4 -0.100 0.190 1.865
55 5 -0.201 -0.020 1.951
55 6 -0.260 -0.218 1.998
55 7 -0.241 -0.426 2.038
55 8 -0.241 -0.503 2.072
55 9 0.080 -0.016 1.785
55 10 0.197 -0.215 1.681
55 11 0.237 -0.423 1.717
55 12 0.237 -0.475 1.707
55 13 0.027 -0.297 2.140
55 14 -0.096 -0.602 2.018
55 15 -0.017 -0.904 2.025
55 16 -0.027 -0.967 1.980
55 17 0.142 -0.295 2.106
55 18 0.158 -0.461 1.799
55 19 0.242 -0.684 1.830
55 20 0.195 -0.707 1.839
56 1 0.060 -0.222 2.074
56 2 0.050 -0.182 2.049
56 3 -0.017 0.002 1.925
56 4 -0.102 0.224 1.875
56 5 -0.202 0.030 1.953
56 6 -0.245 -0.199 2.005
56 7 -0.236 -0.413 2.032
56 8 -0.240 -0.493 2.061
56 9 0.079 -0.006 1.782
56 10 0.192 -0.214 1.698
56 11 0.225 -0.453 1.769
56 12 0.234 -0.529 1.788
56 13 0.021 -0.277 2.129
56 14 -0.086 -0.594 2.020
56 15 -0.010 -0.907 2.032
56 16 -0.019 -0.969 1.987
56 17 0.138 -0.283 2.098
56 18 0.145 -0.437 1.787
56 19 0.238 -0.669 1.825
56 20 0.192 -0.705 1.811
57 1 0.053 -0.203 2.063
57 2 0.043 -0.160 2.039
57 3 -0.021 0.053 1.923
57 4 -0.106 0.273 1.879
57 5 -0.201 0.058 1.956
57 6 -0.219 -0.177 2.017
57 7 -0.215 -0.390 2.037
57 8 -0.229 -0.476 2.055
57 9 0.078 0.004 1.782
57 10 0.185 -0.210 1.720
57 11 0.209 -0.441 1.795
57 12 0.225 -0.530 1.816
57 13 0.007 -0.250 2.105
57 14 -0.077 -0.584 2.022
57 15 -0.005 -0.908 2.035
57 16 -0.015 -0.969 1.991
57 17 0.129 -0.266 2.080
57 18 0.117 -0.384 1.752
57 19 0.231 -0.653 1.821
57 20 0.185 -0.702 1.776
58 1 0.064 -0.155 2.040
58 2 0.051 -0.108 2.020
58 3 -0.022 0.121 1.916
58 4 -0.108 0.341 1.883
58 5 -0.199 0.106 1.961
58 6 -0.189 -0.137 2.017
58 7 -0.195 -0.345 2.043
58 8 -0.208 -0.430 2.056
58 9 0.078 0.013 1.785
58 10 0.171 -0.191 1.748
58 11 0.194 -0.435 1.812
58 12 0.182 -0.485 1.794
58 13 0.025 -0.213 2.079
58 14 -0.062 -0.545 2.029
58 15 -0.007 -0.890 2.031
58 16 -0.029 -0.951 1.984
58 17 0.138 -0.212 2.048
58 18 0.195 -0.478 1.837
58 19 0.233 -0.737 1.840
58 20 0.189 -0.799 1.779
59 1 0.071 -0.113 2.018
59 2 0.057 -0.068 2.002
59 3 -0.022 0.153 1.914
59 4 -0.106 0.379 1.890
59 5 -0.200 0.160 1.968
59 6 -0.173 -0.112 2.014
59 7 -0.168 -0.312 2.043
59 8 -0.173 -0.387 2.054
59 9 0.069 0.111 1.808
59 10 0.152 -0.138 1.774
59 11 0.172 -0.353 1.782
59 12 0.144 -0.389 1.743
59 13 0.038 -0.184 2.053
59 14 -0.056 -0.514 2.038
59 15 -0.015 -0.864 2.023
59 16 -0.039 -0.926 1.970
59 17 0.140 -0.152 2.017
59 18 0.198 -0.476 1.844
59 19 0.234 -0.768 1.847
59 20 0.195 -0.835 1.777
60 1 0.070 -0.077 2.000
60 2 0.055 -0.024 1.985
60 3 -0.025 0.212 1.916
60 4 -0.108 0.439 1.899
60 5 -0.200 0.192 1.972
60 6 -0.159 -0.080 2.005
60 7 -0.152 -0.280 2.032
60 8 -0.157 -0.360 2.046
60 9 0.063 0.184 1.825
60 10 0.136 -0.077 1.790
60 11 0.155 -0.295 1.779
60 12 0.121 -0.305 1.712
60 13 0.038 -0.158 2.037
60 14 -0.050 -0.485 2.042
60 15 -0.028 -0.793 2.014
60 16 -0.054 -0.857 1.971
60 17 0.139 -0.112 1.990
60 18 0.209 -0.528 1.870
60 19 0.234 -0.782 1.851
60 20 0.197 -0.850 1.776
61 1 0.065 -0.057 1.992
61 2 0.052 -0.004 1.979
61 3 -0.026 0.237 1.918
61 4 -0.109 0.466 1.906
61 5 -0.201 0.222 1.977
61 6 -0.155 -0.053 1.998
61 7 -0.141 -0.253 2.019
61 8 -0.143 -0.334 2.034
61 9 0.058 0.253 1.837
61 10 0.127 -0.025 1.802
61 11 0.120 -0.233 1.774
61 12 0.088 -0.245 1.701
61 13 0.030 -0.136 2.028
61 14 -0.047 -0.473 2.044
61 15 -0.035 -0.752 2.010
61 16 -0.057 -0.832 1.973
61 17 0.135 -0.093 1.978
61 18 0.212 -0.550 1.880
61 19 0.235 -0.790 1.861
61 20 0.205 -0.740 1.850
62 1 0.049 -0.027 1.986
62 2 0.037 0.027 1.974
62 3 -0.031 0.283 1.925
62 4 -0.109 0.514 1.921
62 5 -0.203 0.264 1.986
62 6 -0.160 -0.011 1.991
62 7 -0.131 -0.213 1.997
62 8 -0.126 -0.295 2.011
62 9 0.055 0.291 1.845
62 10 0.123 0.023 1.811
62 11 0.102 -0.180 1.775
62 12 0.073 -0.205 1.699
62 13 0.008 -0.105 2.022
62 14 -0.045 -0.464 2.045
62 15 -0.037 -0.737 2.008
62 16 -0.068 -0.800 1.957
62 17 0.121 -0.069 1.968
62 18 0.194 -0.498 1.896
62 19 0.224 -0.735 1.870
62 20 0.194 -0.749 1.826
63 1 0.033 -0.005 1.984
63 2 0.025 0.047 1.973
63 3 -0.034 0.304 1.929
63 4 -0.108 0.540 1.931
63 5 -0.206 0.289 1.992
63 6 -0.171 0.046 1.990
63 7 -0.131 -0.157 1.978
63 8 -0.120 -0.237 1.985
63 9 0.053 0.323 1.850
63 10 0.122 0.051 1.816
63 11 0.095 -0.149 1.783
63 12 0.066 -0.175 1.705
63 13 -0.017 -0.078 2.021
63 14 -0.042 -0.456 2.045
63 15 -0.038 -0.728 2.007
63 16 -0.072 -0.788 1.951
63 17 0.107 -0.054 1.963
63 18 0.186 -0.476 1.910
63 19 0.216 -0.706 1.879
63 20 0.189 -0.737 1.825
64 1 0.012 0.020 1.979
64 2 0.006 0.072 1.971
64 3 -0.040 0.340 1.938
64 4 -0.108 0.578 1.945
64 5 -0.210 0.316 2.000
64 6 -0.178 0.073 1.990
64 7 -0.134 -0.129 1.961
64 8 -0.120 -0.196 1.953
64 9 0.052 0.342 1.854
64 10 0.122 0.072 1.820
64 11 0.092 -0.124 1.796
64 12 0.062 -0.150 1.718
64 13 -0.041 -0.053 2.016
64 14 -0.039 -0.450 2.044
64 15 -0.037 -0.727 2.008
64 16 -0.074 -0.780 1.947
64 17 0.085 -0.034 1.953
64 18 0.175 -0.438 1.919
64 19 0.212 -0.692 1.883
64 20 0.184 -0.730 1.825
65 1 -0.001 0.040 1.975
65 2 -0.006 0.092 1.969
65 3 -0.042 0.359 1.943
65 4 -0.105 0.600 1.956
65 5 -0.214 0.347 2.013
65 6 -0.190 0.117 1.996
65 7 -0.145 -0.085 1.951
65 8 -0.123 -0.163 1.940
65 9 0.053 0.361 1.858
65 10 0.125 0.090 1.822
65 11 0.101 -0.105 1.813
65 12 0.068 -0.129 1.737
65 13 -0.058 -0.034 2.010
65 14 -0.037 -0.445 2.043
65 15 -0.034 -0.733 2.010
65 16 -0.074 -0.777 1.944
65 17 0.072 -0.020 1.947
65 18 0.165 -0.411 1.928
65 19 0.211 -0.685 1.886
65 20 0.182 -0.726 1.825
66 1 -0.014 0.062 1.970
66 2 -0.017 0.114 1.966
66 3 -0.044 0.385 1.951
66 4 -0.090 0.635 1.976
66 5 -0.214 0.375 2.023
66 6 -0.196 0.139 2.000
66 7 -0.151 -0.063 1.947
66 8 -0.127 -0.141 1.933
66 9 0.056 0.377 1.862
66 10 0.128 0.105 1.823
66 11 0.105 -0.091 1.821
66 12 0.072 -0.114 1.748
66 13 -0.072 -0.013 2.005
66 14 -0.035 -0.442 2.042
66 15 -0.030 -0.740 2.011
66 16 -0.073 -0.778 1.942
66 17 0.058 -0.001 1.938
66 18 0.146 -0.386 1.941
66 19 0.210 -0.681 1.889
66 20 0.180 -0.724 1.825
67 1 -0.020 0.078 1.966
67 2 -0.023 0.131 1.964
67 3 -0.043 0.402 1.957
67 4 -0.081 0.654 1.987
67 5 -0.213 0.404 2.032
67 6 -0.203 0.164 2.008
67 7 -0.160 -0.037 1.949
67 8 -0.135 -0.116 1.931
67 9 0.060 0.391 1.867
67 10 0.134 0.120 1.824
67 11 0.119 -0.078 1.832
67 12 0.083 -0.100 1.761
67 13 -0.080 0.003 1.999
67 14 -0.034 -0.439 2.040
67 15 -0.028 -0.746 2.013
67 16 -0.071 -0.781 1.941
67 17 0.050 0.013 1.932
67 18 0.139 -0.376 1.946
67 19 0.210 -0.681 1.893
67 20 0.178 -0.724 1.826
68 1 -0.024 0.089 1.963
68 2 -0.026 0.142 1.962
68 3 -0.042 0.415 1.962
68 4 -0.073 0.668 1.996
68 5 -0.212 0.420 2.038
68 6 -0.207 0.175 2.011
68 7 -0.164 -0.025 1.950
68 8 -0.141 -0.102 1.931
68 9 0.065 0.405 1.873
68 10 0.145 0.136 1.826
68 11 0.123 -0.066 1.833
68 12 0.087 -0.089 1.766
68 13 -0.086 0.015 1.993
68 14 -0.032 -0.436 2.039
68 15 -0.025 -0.750 2.013
68 16 -0.068 -0.784 1.940
68 17 0.045 0.023 1.927
68 18 0.136 -0.370 1.947
68 19 0.211 -0.683 1.896
68 20 0.177 -0.725 1.827
69 1 -0.027 0.098 1.960
69 2 -0.028 0.151 1.961
69 3 -0.041 0.425 1.967
69 4 -0.065 0.678 2.006
69 5 -0.211 0.432 2.042
69 6 -0.211 0.186 2.020
69 7 -0.171 -0.014 1.954
69 8 -0.149 -0.089 1.932
69 9 0.071 0.415 1.878
69 10 0.155 0.148 1.828
69 11 0.127 -0.057 1.831
69 12 0.100 -0.115 1.809
69 13 -0.089 0.024 1.988
69 14 -0.032 -0.432 2.036
69 15 -0.023 -0.753 2.013
69 16 -0.065 -0.787 1.939
69 17 0.042 0.030 1.923
69 18 0.136 -0.369 1.943
69 19 0.213 -0.686 1.899
69 20 0.177 -0.727 1.827
70 1 -0.029 0.105 1.958
70 2 -0.029 0.158 1.961
70 3 -0.037 0.443 1.977
70 4 -0.057 0.693 2.016
70 5 -0.210 0.440 2.045
70 6 -0.215 0.191 2.028
70 7 -0.193 -0.008 1.960
70 8 -0.172 -0.079 1.936
70 9 0.077 0.423 1.884
70 10 0.163 0.157 1.829
70 11 0.131 -0.049 1.827
70 12 0.107 -0.119 1.824
70 13 -0.092 0.032 1.984
70 14 -0.032 -0.425 2.033
70 15 -0.021 -0.755 2.014
70 16 -0.063 -0.789 1.939
70 17 0.041 0.037 1.919
70 18 0.136 -0.374 1.935
70 19 0.214 -0.690 1.901
70 20 0.176 -0.728 1.828
71 1 -0.030 0.110 1.956
71 2 -0.028 0.164 1.961
71 3 -0.034 0.452 1.982
71 4 -0.053 0.701 2.022
71 5 -0.208 0.445 2.048
71 6 -0.219 0.194 2.037
71 7 -0.205 -0.005 1.964
71 8 -0.188 -0.073 1.938
71 9 0.082 0.429 1.891
71 10 0.170 0.164 1.831
71 11 0.135 -0.044 1.822
71 12 0.110 -0.120 1.831
71 13 -0.095 0.037 1.980
71 14 -0.033 -0.418 2.030
71 15 -0.020 -0.757 2.014
71 16 -0.060 -0.791 1.939
71 17 0.040 0.042 1.916
71 18 0.136 -0.384 1.922
71 19 0.215 -0.693 1.902
71 20 0.177 -0.730 1.828
72 1 -0.031 0.114 1.955
72 2 -0.028 0.169 1.963
72 3 -0.033 0.458 1.986
72 4 -0.049 0.707 2.029
72 5 -0.207 0.449 2.051
72 6 -0.223 0.194 2.044
72 7 -0.217 -0.004 1.966
72 8 -0.203 -0.070 1.940
72 9 0.087 0.433 1.898
72 10 0.177 0.169 1.834
72 11 0.139 -0.041 1.816
72 12 0.116 -0.118 1.825
72 13 -0.097 0.041 1.978
72 14 -0.035 -0.412 2.028
72 15 -0.019 -0.748 2.013
72 16 -0.058 -0.782 1.938
72 17 0.039 0.045 1.914
72 18 0.134 -0.391 1.910
72 19 0.215 -0.696 1.903
72 20 0.177 -0.732 1.827
73 1 -0.031 0.117 1.954
73 2 -0.027 0.173 1.965
73 3 -0.031 0.465 1.993
73 4 -0.041 0.714 2.040
73 5 -0.206 0.450 2.054
73 6 -0.227 0.191 2.050
73 7 -0.230 -0.005 1.965
73 8 -0.220 -0.068 1.938
73 9 0.092 0.435 1.905
73 10 0.183 0.173 1.837
73 11 0.143 -0.039 1.809
73 12 0.121 -0.117 1.807
73 13 -0.098 0.044 1.976
73 14 -0.037 -0.407 2.026
73 15 -0.019 -0.739 2.013
73 16 -0.056 -0.773 1.937
73 17 0.038 0.048 1.913
73 18 0.129 -0.396 1.899
73 19 0.214 -0.698 1.900
73 20 0.176 -0.734 1.825
74 1 -0.032 0.119 1.953
74 2 -0.025 0.175 1.968
74 3 -0.030 0.469 1.997
74 4 -0.036 0.717 2.047
74 5 -0.204 0.450 2.057
74 6 -0.231 0.186 2.054
74 7 -0.240 -0.008 1.963
74 8 -0.233 -0.077 1.921
74 9 0.096 0.437 1.912
74 10 0.187 0.175 1.839
74 11 0.147 -0.037 1.801
74 12 0.125 -0.114 1.789
74 13 -0.099 0.047 1.975
74 14 -0.039 -0.403 2.025
74 15 -0.019 -0.732 2.012
74 16 -0.055 -0.767 1.936
74 17 0.038 0.050 1.911
74 18 0.119 -0.399 1.888
74 19 0.209 -0.699 1.890
74 20 0.172 -0.734 1.814
75 1 -0.032 0.121 1.953
75 2 -0.025 0.177 1.971
75 3 -0.028 0.471 2.001
75 4 -0.032 0.720 2.052
75 5 -0.203 0.449 2.060
75 6 -0.235 0.180 2.057
75 7 -0.250 -0.012 1.960
75 8 -0.240 -0.083 1.911
75 9 0.100 0.437 1.920
75 10 0.190 0.176 1.841
75 11 0.152 -0.036 1.795
75 12 0.126 -0.112 1.777
75 13 -0.101 0.048 1.974
75 14 -0.042 -0.400 2.024
75 15 -0.019 -0.726 2.012
75 16 -0.054 -0.761 1.935
75 17 0.038 0.051 1.910
75 18 0.109 -0.400 1.878
75 19 0.197 -0.696 1.867
75 20 0.157 -0.744 1.825
76 1 -0.032 0.122 1.952
76 2 -0.024 0.178 1.974
76 3 -0.027 0.469 2.005
76 4 -0.028 0.717 2.058
76 5 -0.202 0.447 2.063
76 6 -0.241 0.169 2.054
76 7 -0.265 -0.025 1.956
76 8 -0.255 -0.101 1.904
76 9 0.103 0.436 1.928
76 10 0.192 0.176 1.845
76 11 0.156 -0.036 1.791
76 12 0.121 -0.109 1.764
76 13 -0.102 0.050 1.973
76 14 -0.045 -0.397 2.024
76 15 -0.019 -0.723 2.012
76 16 -0.053 -0.757 1.935
76 17 0.038 0.052 1.910
76 18 0.099 -0.399 1.870
76 19 0.184 -0.687 1.844
76 20 0.152 -0.749 1.832
77 1 -0.033 0.123 1.952
77 2 -0.023 0.178 1.977
77 3 -0.026 0.465 2.009
77 4 -0.024 0.712 2.062
77 5 -0.200 0.444 2.065
77 6 -0.246 0.162 2.050
77 7 -0.278 -0.037 1.954
77 8 -0.271 -0.119 1.905
77 9 0.105 0.435 1.934
77 10 0.192 0.174 1.850
77 11 0.159 -0.036 1.789
77 12 0.118 -0.107 1.758
77 13 -0.103 0.051 1.972
77 14 -0.048 -0.395 2.024
77 15 -0.019 -0.720 2.013
77 16 -0.052 -0.754 1.936
77 17 0.037 0.053 1.909
77 18 0.090 -0.398 1.863
77 19 0.180 -0.685 1.835
77 20 0.148 -0.751 1.833
78 1 -0.033 0.123 1.952
78 2 -0.022 0.177 1.980
78 3 -0.025 0.459 2.012
78 4 -0.022 0.707 2.064
78 5 -0.199 0.442 2.067
78 6 -0.251 0.157 2.045
78 7 -0.286 -0.047 1.956
78 8 -0.287 -0.137 1.915
78 9 0.106 0.433 1.939
78 10 0.192 0.171 1.857
78 11 0.162 -0.039 1.787
78 12 0.113 -0.106 1.754
78 13 -0.104 0.051 1.972
78 14 -0.050 -0.394 2.025
78 15 -0.018 -0.718 2.014
78 16 -0.051 -0.752 1.937
78 17 0.037 0.054 1.909
78 18 0.083 -0.397 1.858
78 19 0.177 -0.684 1.830
78 20 0.142 -0.751 1.829
79 1 -0.033 0.124 1.952
79 2 -0.022 0.176 1.982
79 3 -0.024 0.453 2.015
79 4 -0.021 0.701 2.066
79 5 -0.199 0.440 2.068
79 6 -0.254 0.154 2.041
79 7 -0.292 -0.057 1.958
79 8 -0.297 -0.152 1.928
79 9 0.107 0.432 1.943
79 10 0.190 0.168 1.864
79 11 0.164 -0.044 1.788
79 12 0.104 -0.105 1.756
79 13 -0.104 0.052 1.971
79 14 -0.053 -0.393 2.025
79 15 -0.018 -0.716 2.015
79 16 -0.050 -0.750 1.937
79 17 0.037 0.054 1.908
79 18 0.077 -0.395 1.838
79 19 0.175 -0.683 1.825
79 20 0.135 -0.749 1.819
80 1 -0.033 0.124 1.952
80 2 -0.021 0.176 1.984
80 3 -0.024 0.448 2.016
80 4 -0.019 0.696 2.067
80 5 -0.198 0.438 2.069
80 6 -0.256 0.152 2.039
80 7 -0.296 -0.063 1.961
80 8 -0.301 -0.159 1.934
80 9 0.108 0.431 1.946
80 10 0.189 0.165 1.870
80 11 0.166 -0.051 1.791
80 12 0.129 -0.125 1.769
80 13 -0.105 0.052 1.970
80 14 -0.055 -0.393 2.026
80 15 -0.017 -0.715 2.016
80 16 -0.049 -0.749 1.938
80 17 0.037 0.054 1.908
80 18 0.071 -0.394 1.833
80 19 0.166 -0.675 1.816
80 20 0.127 -0.717 1.764
81 1 -0.033 0.124 1.952
81 2 -0.021 0.175 1.986
81 3 -0.024 0.445 2.017
81 4 -0.019 0.693 2.068
81 5 -0.197 0.437 2.070
81 6 -0.257 0.151 2.037
81 7 -0.298 -0.068 1.965
81 8 -0.303 -0.163 1.940
81 9 0.108 0.430 1.949
81 10 0.188 0.163 1.874
81 11 0.167 -0.056 1.797
81 12 0.142 -0.137 1.776
81 13 -0.105 0.052 1.969
81 14 -0.057 -0.393 2.026
81 15 -0.017 -0.714 2.017
81 16 -0.048 -0.748 1.939
81 17 0.037 0.055 1.908
81 18 0.066 -0.393 1.832
81 19 0.160 -0.670 1.812
81 20 0.121 -0.697 1.730
82 1 -0.033 0.124 1.952
82 2 -0.020 0.174 1.987
82 3 -0.023 0.442 2.017
82 4 -0.018 0.691 2.068
82 5 -0.196 0.435 2.071
82 6 -0.258 0.151 2.036
82 7 -0.299 -0.072 1.969
82 8 -0.302 -0.166 1.946
82 9 0.109 0.429 1.950
82 10 0.187 0.161 1.877
82 11 0.168 -0.060 1.803
82 12 0.149 -0.144 1.781
82 13 -0.106 0.051 1.967
82 14 -0.058 -0.393 2.026
82 15 -0.016 -0.713 2.020
82 16 -0.046 -0.747 1.942
82 17 0.036 0.055 1.908
82 18 0.062 -0.393 1.833
82 19 0.155 -0.668 1.809
82 20 0.118 -0.691 1.718
83 1 -0.033 0.124 1.951
83 2 -0.020 0.172 1.988
83 3 -0.022 0.438 2.017
83 4 -0.016 0.686 2.067
83 5 -0.195 0.434 2.072
83 6 -0.258 0.150 2.036
83 7 -0.299 -0.074 1.975
83 8 -0.299 -0.166 1.953
83 9 0.109 0.429 1.952
83 10 0.187 0.160 1.879
83 11 0.169 -0.063 1.808
83 12 0.153 -0.148 1.784
83 13 -0.106 0.050 1.964
83 14 -0.059 -0.393 2.026
83 15 -0.014 -0.713 2.024
83 16 -0.034 -0.782 1.992
83 17 0.036 0.055 1.907
83 18 0.060 -0.393 1.837
83 19 0.149 -0.669 1.809
83 20 0.113 -0.691 1.713
84 1 -0.033 0.123 1.950
84 2 -0.020 0.170 1.988
84 3 -0.021 0.434 2.015
84 4 -0.014 0.682 2.065
84 5 -0.192 0.433 2.073
84 6 -0.257 0.151 2.039
84 7 -0.295 -0.073 1.984
84 8 -0.290 -0.161 1.960
84 9 0.109 0.428 1.952
84 10 0.186 0.159 1.881
84 11 0.170 -0.064 1.812
84 12 0.156 -0.151 1.787
84 13 -0.106 0.049 1.962
84 14 -0.060 -0.393 2.026
84 15 -0.013 -0.713 2.026
84 16 -0.034 -0.774 1.986
84 17 0.035 0.054 1.906
84 18 0.061 -0.394 1.841
84 19 0.142 -0.672 1.812
84 20 0.119 -0.734 1.771
85 1 -0.033 0.123 1.949
85 2 -0.019 0.168 1.987
85 3 -0.019 0.430 2.014
85 4 -0.012 0.678 2.063
85 5 -0.186 0.433 2.076
85 6 -0.253 0.156 2.049
85 7 -0.287 -0.067 1.998
85 8 -0.277 -0.149 1.966
85 9 0.110 0.427 1.953
85 10 0.186 0.157 1.882
85 11 0.170 -0.065 1.815
85 12 0.158 -0.152 1.789
85 13 -0.106 0.048 1.959
85 14 -0.061 -0.394 2.026
85 15 -0.011 -0.714 2.029
85 16 -0.028 -0.796 2.013
85 17 0.034 0.054 1.904
85 18 0.063 -0.395 1.844
85 19 0.138 -0.675 1.815
85 20 0.121 -0.752 1.795
86 1 -0.033 0.121 1.948
86 2 -0.018 0.166 1.986
86 3 -0.018 0.427 2.012
86 4 -0.009 0.675 2.060
86 5 -0.180 0.434 2.079
86 6 -0.246 0.160 2.061
86 7 -0.278 -0.061 2.006
86 8 -0.265 -0.141 1.970
86 9 0.110 0.426 1.952
86 10 0.184 0.156 1.881
86 11 0.170 -0.066 1.816
86 12 0.159 -0.154 1.790
86 13 -0.105 0.047 1.957
86 14 -0.061 -0.395 2.025
86 15 -0.009 -0.714 2.032
86 16 -0.027 -0.802 2.022
86 17 0.032 0.054 1.902
86 18 0.067 -0.396 1.848
86 19 0.136 -0.677 1.818
86 20 0.111 -0.742 1.782
87 1 -0.033 0.120 1.946
87 2 -0.016 0.164 1.985
87 3 -0.016 0.424 2.009
87 4 -0.007 0.672 2.057
87 5 -0.174 0.436 2.081
87 6 -0.238 0.164 2.072
87 7 -0.259 -0.052 2.009
87 8 -0.252 -0.134 1.974
87 9 0.110 0.424 1.950
87 10 0.183 0.154 1.879
87 11 0.171 -0.067 1.817
87 12 0.160 -0.154 1.791
87 13 -0.104 0.046 1.955
87 14 -0.061 -0.397 2.023
87 15 -0.008 -0.715 2.033
87 16 -0.036 -0.776 1.988
87 17 0.031 0.053 1.899
87 18 0.072 -0.396 1.850
87 19 0.135 -0.679 1.821
87 20 0.116 -0.753 1.799
88 1 -0.033 0.119 1.944
88 2 -0.015 0.162 1.984
88 3 -0.014 0.422 2.007
88 4 -0.004 0.670 2.054
88 5 -0.168 0.437 2.082
88 6 -0.231 0.168 2.080
88 7 -0.241 -0.046 2.008
88 8 -0.238 -0.131 1.979
88 9 0.111 0.423 1.947
88 10 0.180 0.152 1.874
88 11 0.170 -0.069 1.815
88 12 0.160 -0.155 1.790
88 13 -0.103 0.046 1.953
88 14 -0.060 -0.398 2.020
88 15 -0.008 -0.715 2.034
88 16 -0.043 -0.760 1.966
88 17 0.029 0.053 1.896
88 18 0.077 -0.397 1.852
88 19 0.135 -0.680 1.825
88 20 0.120 -0.755 1.808
89 1 -0.033 0.118 1.942
89 2 -0.014 0.160 1.982
89 3 -0.013 0.420 2.005
89 4 -0.002 0.668 2.051
89 5 -0.162 0.440 2.085
89 6 -0.221 0.178 2.088
89 7 -0.212 -0.016 2.001
89 8 -0.216 -0.105 1.989
89 9 0.111 0.422 1.943
89 10 0.178 0.151 1.867
89 11 0.168 -0.072 1.808
89 12 0.158 -0.155 1.786
89 13 -0.103 0.045 1.952
89 14 -0.059 -0.399 2.017
89 15 -0.008 -0.716 2.033
89 16 -0.047 -0.753 1.955
89 17 0.028 0.053 1.894
89 18 0.082 -0.397 1.854
89 19 0.147 -0.695 1.839
89 20 0.118 -0.751 1.808
90 1 -0.033 0.118 1.941
90 2 -0.013 0.159 1.981
90 3 -0.011 0.419 2.004
90 4 0.000 0.667 2.049
90 5 -0.158 0.442 2.086
90 6 -0.214 0.185 2.091
90 7 -0.206 -0.005 2.028
90 8 -0.207 -0.095 2.009
90 9 0.111 0.421 1.939
90 10 0.176 0.150 1.858
90 11 0.165 -0.075 1.798
90 12 0.153 -0.156 1.775
90 13 -0.102 0.045 1.951
90 14 -0.058 -0.400 2.014
90 15 -0.008 -0.716 2.033
90 16 -0.049 -0.749 1.949
90 17 0.026 0.052 1.891
90 18 0.087 -0.397 1.856
90 19 0.151 -0.699 1.845
90 20 0.119 -0.751 1.809
91 1 -0.033 0.117 1.939
91 2 -0.012 0.158 1.980
91 3 -0.010 0.418 2.002
91 4 0.002 0.667 2.046
91 5 -0.149 0.442 2.081
91 6 -0.209 0.189 2.093
91 7 -0.179 -0.022 1.952
91 8 -0.188 -0.098 1.990
91 9 0.112 0.420 1.934
91 10 0.175 0.150 1.849
91 11 0.162 -0.076 1.785
91 12 0.146 -0.157 1.762
91 13 -0.102 0.045 1.951
91 14 -0.056 -0.401 2.011
91 15 -0.007 -0.717 2.032
91 16 -0.050 -0.747 1.946
91 17 0.024 0.051 1.888
91 18 0.091 -0.397 1.857
91 19 0.153 -0.701 1.848
91 20 0.120 -0.750 1.810
92 1 -0.033 0.116 1.937
92 2 -0.012 0.157 1.978
92 3 -0.009 0.418 2.000
92 4 0.004 0.667 2.044
92 5 -0.144 0.442 2.077
92 6 -0.205 0.193 2.094
92 7 -0.166 -0.029 1.919
92 8 -0.179 -0.102 1.978
92 9 0.112 0.420 1.930
92 10 0.175 0.150 1.842
92 11 0.158 -0.076 1.774
92 12 0.139 -0.157 1.750
92 13 -0.102 0.044 1.950
92 14 -0.054 -0.402 2.009
92 15 -0.007 -0.718 2.030
92 16 -0.051 -0.746 1.943
92 17 0.022 0.050 1.885
92 18 0.094 -0.398 1.858
92 19 0.155 -0.702 1.850
92 20 0.121 -0.750 1.810
93 1 -0.033 0.114 1.934
93 2 -0.011 0.155 1.976
93 3 -0.007 0.418 1.998
93 4 0.007 0.667 2.041
93 5 -0.138 0.443 2.072
93 6 -0.200 0.196 2.092
93 7 -0.159 -0.032 1.900
93 8 -0.173 -0.104 1.969
93 9 0.113 0.419 1.925
93 10 0.176 0.150 1.836
93 11 0.156 -0.075 1.766
93 12 0.134 -0.155 1.741
93 13 -0.101 0.044 1.949
93 14 -0.053 -0.402 2.006
93 15 -0.007 -0.719 2.029
93 16 -0.051 -0.745 1.941
93 17 0.021 0.049 1.881
93 18 0.097 -0.398 1.858
93 19 0.157 -0.701 1.851
93 20 0.122 -0.750 1.810
94 1 -0.032 0.113 1.931
94 2 -0.009 0.154 1.974
94 3 -0.005 0.419 1.995
94 4 0.009 0.668 2.038
94 5 -0.135 0.443 2.069
94 6 -0.195 0.199 2.089
94 7 -0.156 -0.034 1.891
94 8 -0.170 -0.105 1.964
94 9 0.114 0.419 1.921
94 10 0.177 0.150 1.831
94 11 0.154 -0.073 1.759
94 12 0.130 -0.153 1.734
94 13 -0.100 0.044 1.948
94 14 -0.051 -0.403 2.003
94 15 -0.007 -0.720 2.027
94 16 -0.051 -0.746 1.940
94 17 0.020 0.048 1.878
94 18 0.099 -0.399 1.858
94 19 0.157 -0.699 1.852
94 20 0.124 -0.750 1.810
95 1 -0.032 0.113 1.928
95 2 -0.008 0.154 1.971
95 3 -0.003 0.421 1.991
95 4 0.011 0.670 2.035
95 5 -0.132 0.444 2.066
95 6 -0.190 0.200 2.086
95 7 -0.167 -0.016 1.938
95 8 -0.170 -0.103 1.968
95 9 0.116 0.419 1.916
95 10 0.178 0.150 1.826
95 11 0.153 -0.071 1.754
95 12 0.126 -0.148 1.729
95 13 -0.099 0.044 1.946
95 14 -0.049 -0.403 2.001
95 15 -0.007 -0.720 2.026
95 16 -0.051 -0.747 1.939
95 17 0.020 0.048 1.875
95 18 0.100 -0.399 1.857
95 19 0.157 -0.692 1.850
95 20 0.127 -0.749 1.811
96 1 -0.031 0.112 1.925
96 2 -0.007 0.153 1.968
96 3 -0.000 0.422 1.987
96 4 0.013 0.671 2.032
96 5 -0.130 0.444 2.064
96 6 -0.186 0.200 2.082
96 7 -0.180 -0.009 1.982
96 8 -0.177 -0.100 1.980
96 9 0.118 0.419 1.912
96 10 0.180 0.150 1.822
96 11 0.152 -0.068 1.751
96 12 0.123 -0.144 1.725
96 13 -0.098 0.043 1.945
96 14 -0.048 -0.404 1.998
96 15 -0.007 -0.721 2.024
96 16 -0.051 -0.748 1.939
96 17 0.020 0.047 1.871
96 18 0.102 -0.399 1.857
96 19 0.157 -0.687 1.848
96 20 0.129 -0.748 1.811
97 1 -0.029 0.112 1.920
97 2 -0.004 0.153 1.963
97 3 0.003 0.423 1.983
97 4 0.015 0.672 2.028
97 5 -0.129 0.444 2.063
97 6 -0.182 0.196 2.077
97 7 -0.191 -0.025 2.012
97 8 -0.183 -0.115 1.990
97 9 0.120 0.418 1.908
97 10 0.181 0.150 1.819
97 11 0.151 -0.066 1.748
97 12 0.121 -0.142 1.723
97 13 -0.095 0.043 1.940
97 14 -0.047 -0.404 1.996
97 15 -0.007 -0.722 2.022
97 16 -0.050 -0.749 1.939
97 17 0.022 0.048 1.865
97 18 0.103 -0.399 1.856
97 19 0.157 -0.684 1.846
97 20 0.131 -0.748 1.811
98 1 -0.026 0.112 1.914
98 2 -0.001 0.154 1.957
98 3 0.005 0.424 1.979
98 4 0.016 0.673 2.025
98 5 -0.129 0.444 2.061
98 6 -0.178 0.192 2.072
98 7 -0.195 -0.031 2.023
98 8 -0.187 -0.123 1.993
98 9 0.121 0.418 1.904
98 10 0.183 0.150 1.817
98 11 0.151 -0.064 1.746
98 12 0.120 -0.140 1.721
98 13 -0.092 0.043 1.935
98 14 -0.045 -0.404 1.993
98 15 -0.007 -0.722 2.020
98 16 -0.050 -0.750 1.939
98 17 0.024 0.048 1.859
98 18 0.104 -0.399 1.854
98 19 0.156 -0.678 1.843
98 20 0.134 -0.747 1.812
99 1 -0.024 0.113 1.909
99 2 0.002 0.154 1.952
99 3 0.008 0.424 1.975
99 4 0.017 0.674 2.022
99 5 -0.128 0.444 2.060
99 6 -0.176 0.187 2.068
99 7 -0.198 -0.037 2.027
99 8 -0.189 -0.128 1.994
99 9 0.123 0.418 1.901
99 10 0.185 0.150 1.814
99 11 0.151 -0.062 1.745
99 12 0.119 -0.138 1.720
99 13 -0.089 0.042 1.930
99 14 -0.044 -0.405 1.991
99 15 -0.006 -0.723 2.019
99 16 -0.050 -0.751 1.938
99 17 0.027 0.049 1.853
99 18 0.105 -0.399 1.852
99 19 0.155 -0.674 1.841
99 20 0.121 -0.718 1.782
100 1 -0.022 0.113 1.905
100 2 0.004 0.154 1.948
100 3 0.010 0.425 1.971
100 4 0.018 0.675 2.019
100 5 -0.127 0.444 2.059
100 6 -0.174 0.182 2.064
100 7 -0.199 -0.042 2.026
100 8 -0.192 -0.132 1.991
100 9 0.125 0.418 1.898
100 10 0.187 0.149 1.812
100 11 0.151 -0.061 1.744
100 12 0.118 -0.137 1.720
100 13 -0.087 0.042 1.927
100 14 -0.044 -0.405 1.989
100 15 -0.006 -0.723 2.018
100 16 -0.049 -0.753 1.938
100 17 0.029 0.050 1.849
100 18 0.106 -0.398 1.850
100 19 0.154 -0.671 1.839
100 20 0.113 -0.702 1.765
101 1 -0.020 0.113 1.902
101 2 0.007 0.155 1.945
101 3 0.012 0.426 1.968
101 4 0.019 0.676 2.015
101 5 -0.127 0.444 2.058
101 6 -0.174 0.177 2.060
101 7 -0.199 -0.047 2.017
101 8 -0.195 -0.136 1.984
101 9 0.126 0.418 1.895
101 10 0.189 0.149 1.810
101 11 0.152 -0.060 1.744
101 12 0.118 -0.136 1.719
101 13 -0.084 0.041 1.923
101 14 -0.043 -0.405 1.987
101 15 -0.006 -0.723 2.017
101 16 -0.049 -0.754 1.939
101 17 0.031 0.050 1.845
101 18 0.107 -0.397 1.848
101 19 0.154 -0.669 1.838
101 20 0.126 -0.717 1.786
102 1 -0.018 0.114 1.899
102 2 0.009 0.155 1.942
102 3 0.014 0.426 1.965
102 4 0.020 0.677 2.012
102 5 -0.127 0.443 2.056
102 6 -0.173 0.172 2.056
102 7 -0.199 -0.051 2.006
102 8 -0.198 -0.138 1.971
102 9 0.128 0.418 1.892
102 10 0.190 0.149 1.807
102 11 0.153 -0.059 1.743
102 12 0.118 -0.135 1.719
102 13 -0.082 0.041 1.921
102 14 -0.042 -0.406 1.986
102 15 -0.006 -0.724 2.016
102 16 -0.049 -0.754 1.939
102 17 0.033 0.051 1.842
102 18 0.107 -0.396 1.845
102 19 0.154 -0.668 1.837
102 20 0.132 -0.728 1.799
103 1 -0.016 0.114 1.896
103 2 0.011 0.155 1.940
103 3 0.015 0.427 1.963
103 4 0.020 0.678 2.007
103 5 -0.127 0.442 2.055
103 6 -0.173 0.168 2.051
103 7 -0.199 -0.053 1.995
103 8 -0.201 -0.139 1.959
103 9 0.129 0.418 1.889
103 10 0.192 0.149 1.805
103 11 0.154 -0.059 1.742
103 12 0.120 -0.135 1.719
103 13 -0.080 0.040 1.918
103 14 -0.042 -0.406 1.984
103 15 -0.006 -0.724 2.015
103 16 -0.048 -0.755 1.939
103 17 0.035 0.051 1.839
103 18 0.108 -0.395 1.844
103 19 0.154 -0.667 1.836
103 20 0.135 -0.734 1.805
104 1 -0.014 0.114 1.894
104 2 0.012 0.155 1.938
104 3 0.017 0.427 1.960
104 4 0.021 0.679 2.003
104 5 -0.127 0.442 2.053
104 6 -0.174 0.164 2.046
104 7 -0.200 -0.054 1.983
104 8 -0.203 -0.139 1.949
104 9 0.130 0.418 1.886
104 10 0.195 0.149 1.802
104 11 0.158 -0.060 1.740
104 12 0.123 -0.136 1.718
104 13 -0.079 0.040 1.916
104 14 -0.041 -0.406 1.983
104 15 -0.006 -0.724 2.015
104 16 -0.048 -0.756 1.939
104 17 0.037 0.052 1.837
104 18 0.108 -0.395 1.842
104 19 0.155 -0.667 1.836
104 20 0.137 -0.737 1.809
105 1 -0.013 0.114 1.892
105 2 0.014 0.156 1.936
105 3 0.018 0.428 1.958
105 4 0.021 0.680 1.998
105 5 -0.127 0.441 2.051
105 6 -0.175 0.161 2.041
105 7 -0.201 -0.054 1.970
105 8 -0.205 -0.139 1.939
105 9 0.131 0.418 1.883
105 10 0.197 0.149 1.799
105 11 0.162 -0.061 1.738
105 12 0.129 -0.137 1.716
105 13 -0.077 0.040 1.915
105 14 -0.040 -0.407 1.982
105 15 -0.006 -0.725 2.014
105 16 -0.048 -0.757 1.939
105 17 0.038 0.052 1.836
105 18 0.109 -0.394 1.841
105 19 0.156 -0.668 1.836
105 20 0.137 -0.739 1.811
106 1 -0.012 0.114 1.891
106 2 0.015 0.156 1.934
106 3 0.019 0.429 1.957
106 4 0.021 0.681 1.993
106 5 -0.128 0.441 2.049
106 6 -0.176 0.159 2.037
106 7 -0.202 -0.054 1.960
106 8 -0.207 -0.139 1.931
106 9 0.132 0.418 1.879
106 10 0.200 0.149 1.796
106 11 0.168 -0.063 1.735
106 12 0.137 -0.140 1.715
106 13 -0.076 0.039 1.913
106 14 -0.040 -0.407 1.982
106 15 -0.005 -0.725 2.014
106 16 -0.048 -0.757 1.939
106 17 0.040 0.052 1.835
106 18 0.109 -0.394 1.841
106 19 0.157 -0.669 1.836
106 20 0.138 -0.741 1.812
107 1 -0.010 0.114 1.890
107 2 0.017 0.156 1.933
107 3 0.020 0.429 1.955
107 4 0.021 0.682 1.988
107 5 -0.128 0.440 2.047
107 6 -0.176 0.157 2.033
107 7 -0.203 -0.053 1.953
107 8 -0.209 -0.138 1.925
107 9 0.133 0.418 1.876
107 10 0.202 0.149 1.793
107 11 0.174 -0.066 1.733
107 12 0.146 -0.142 1.714
107 13 -0.074 0.039 1.911
107 14 -0.039 -0.407 1.981
107 15 -0.005 -0.725 2.013
107 16 -0.048 -0.758 1.939
107 17 0.041 0.052 1.834
107 18 0.109 -0.393 1.840
107 19 0.159 -0.671 1.836
107 20 0.138 -0.742 1.813
108 1 -0.009 0.114 1.889
108 2 0.018 0.156 1.932
108 3 0.021 0.430 1.953
108 4 0.021 0.683 1.983
108 5 -0.128 0.439 2.045
108 6 -0.177 0.156 2.030
108 7 -0.203 -0.053 1.948
108 8 -0.210 -0.138 1.920
108 9 0.135 0.417 1.873
108 10 0.205 0.149 1.790
108 11 0.181 -0.068 1.731
108 12 0.154 -0.144 1.713
108 13 -0.073 0.039 1.910
108 14 -0.039 -0.407 1.980
108 15 -0.005 -0.725 2.013
108 16 -0.048 -0.758 1.939
108 17 0.043 0.052 1.833
108 18 0.109 -0.393 1.840
108 19 0.160 -0.672 1.836
108 20 0.138 -0.743 1.814
109 1 -0.008 0.114 1.888
109 2 0.019 0.156 1.931
109 3 0.022 0.431 1.951
109 4 0.020 0.684 1.977
109 5 -0.129 0.439 2.043
109 6 -0.177 0.156 2.028
109 7 -0.203 -0.052 1.944
109 8 -0.212 -0.137 1.916
109 9 0.136 0.417 1.871
109 10 0.208 0.149 1.787
109 11 0.186 -0.070 1.729
109 12 0.161 -0.146 1.712
109 13 -0.072 0.039 1.908
109 14 -0.038 -0.408 1.980
109 15 -0.005 -0.726 2.013
109 16 -0.048 -0.759 1.939
109 17 0.044 0.052 1.833
109 18 0.109 -0.393 1.839
109 19 0.161 -0.674 1.836
109 20 0.137 -0.743 1.814
110 1 -0.007 0.114 1.887
110 2 0.020 0.156 1.930
110 3 0.024 0.431 1.949
110 4 0.018 0.685 1.972
110 5 -0.129 0.438 2.041
110 6 -0.178 0.155 2.026
110 7 -0.204 -0.052 1.942
110 8 -0.213 -0.136 1.913
110 9 0.137 0.417 1.868
110 10 0.210 0.148 1.785
110 11 0.191 -0.072 1.728
110 12 0.167 -0.147 1.712
110 13 -0.071 0.038 1.907
110 14 -0.038 -0.408 1.979
110 15 -0.005 -0.726 2.012
110 16 -0.048 -0.759 1.939
110 17 0.046 0.052 1.832
110 18 0.110 -0.393 1.839
110 19 0.162 -0.674 1.837
110 20 0.137 -0.744 1.814
