1 1 0.470 -0.431 2.607
1 2 0.482 -0.379 2.608
1 3 0.532 -0.117 2.609
1 4 0.497 0.058 2.590
1 5 0.377 -0.221 2.680
1 6 0.341 -0.439 2.661
1 7 0.291 -0.572 2.541
1 8 0.267 -0.610 2.536
1 9 0.652 -0.219 2.549
1 10 0.695 -0.404 2.492
1 11 0.650 -0.545 2.381
1 12 0.635 -0.593 2.348
1 13 0.395 -0.482 2.637
1 14 0.263 -0.647 2.251
1 15 0.172 -0.774 2.076
1 16 0.122 -0.772 2.004
1 17 0.522 -0.511 2.569
1 18 0.362 -0.545 2.284
1 19 0.298 -0.755 2.068
1 20 0.220 -0.772 2.018
2 1 0.470 -0.431 2.606
2 2 0.483 -0.379 2.609
2 3 0.534 -0.118 2.610
2 4 0.499 0.058 2.590
2 5 0.378 -0.221 2.680
2 6 0.341 -0.439 2.660
2 7 0.292 -0.571 2.541
2 8 0.266 -0.610 2.544
2 9 0.654 -0.219 2.550
2 10 0.696 -0.403 2.493
2 11 0.651 -0.545 2.382
2 12 0.636 -0.592 2.349
2 13 0.395 -0.482 2.636
2 14 0.263 -0.647 2.250
2 15 0.172 -0.772 2.074
2 16 0.121 -0.771 2.001
2 17 0.523 -0.511 2.569
2 18 0.362 -0.545 2.284
2 19 0.298 -0.755 2.068
2 20 0.220 -0.773 2.018
3 1 0.471 -0.431 2.606
3 2 0.485 -0.379 2.610
3 3 0.535 -0.118 2.610
3 4 0.500 0.058 2.590
3 5 0.380 -0.221 2.680
3 6 0.342 -0.438 2.660
3 7 0.293 -0.571 2.541
3 8 0.266 -0.609 2.550
3 9 0.656 -0.219 2.552
3 10 0.697 -0.403 2.494
3 11 0.651 -0.544 2.383
3 12 0.636 -0.591 2.350
3 13 0.395 -0.481 2.635
3 14 0.264 -0.647 2.250
3 15 0.172 -0.771 2.072
3 16 0.121 -0.770 1.999
3 17 0.524 -0.511 2.568
3 18 0.362 -0.545 2.284
3 19 0.298 -0.755 2.068
3 20 0.221 -0.773 2.018
4 1 0.472 -0.431 2.605
4 2 0.486 -0.379 2.611
4 3 0.536 -0.118 2.612
4 4 0.502 0.058 2.591
4 5 0.381 -0.221 2.681
4 6 0.342 -0.437 2.661
4 7 0.294 -0.571 2.542
4 8 0.266 -0.608 2.554
4 9 0.658 -0.219 2.553
4 10 0.698 -0.402 2.494
4 11 0.652 -0.544 2.383
4 12 0.636 -0.591 2.350
4 13 0.396 -0.481 2.635
4 14 0.265 -0.647 2.249
4 15 0.172 -0.770 2.071
4 16 0.121 -0.770 1.997
4 17 0.524 -0.511 2.568
4 18 0.362 -0.545 2.284
4 19 0.298 -0.755 2.068
4 20 0.221 -0.774 2.018
5 1 0.472 -0.430 2.605
5 2 0.487 -0.379 2.611
5 3 0.537 -0.119 2.613
5 4 0.504 0.058 2.592
5 5 0.383 -0.221 2.682
5 6 0.342 -0.437 2.661
5 7 0.295 -0.571 2.542
5 8 0.266 -0.608 2.557
5 9 0.659 -0.219 2.555
5 10 0.699 -0.402 2.495
5 11 0.652 -0.543 2.384
5 12 0.637 -0.590 2.350
5 13 0.396 -0.481 2.634
5 14 0.265 -0.648 2.249
5 15 0.172 -0.769 2.070
5 16 0.121 -0.770 1.996
5 17 0.525 -0.511 2.568
5 18 0.362 -0.545 2.284
5 19 0.298 -0.755 2.068
5 20 0.222 -0.774 2.018
6 1 0.473 -0.430 2.605
6 2 0.489 -0.380 2.612
6 3 0.538 -0.119 2.614
6 4 0.506 0.058 2.594
6 5 0.384 -0.221 2.683
6 6 0.343 -0.436 2.662
6 7 0.296 -0.570 2.543
6 8 0.267 -0.607 2.560
6 9 0.661 -0.220 2.556
6 10 0.700 -0.402 2.496
6 11 0.653 -0.543 2.384
6 12 0.637 -0.590 2.351
6 13 0.396 -0.481 2.634
6 14 0.265 -0.648 2.249
6 15 0.172 -0.769 2.069
6 16 0.121 -0.769 1.995
6 17 0.526 -0.511 2.568
6 18 0.362 -0.545 2.284
6 19 0.298 -0.755 2.068
6 20 0.222 -0.774 2.018
7 1 0.473 -0.430 2.605
7 2 0.490 -0.380 2.613
7 3 0.540 -0.120 2.615
7 4 0.508 0.058 2.597
7 5 0.386 -0.220 2.685
7 6 0.343 -0.436 2.662
7 7 0.296 -0.569 2.543
7 8 0.267 -0.606 2.562
7 9 0.662 -0.220 2.557
7 10 0.700 -0.402 2.496
7 11 0.653 -0.542 2.384
7 12 0.637 -0.589 2.351
7 13 0.396 -0.481 2.634
7 14 0.266 -0.648 2.248
7 15 0.173 -0.770 2.070
7 16 0.150 -0.784 1.987
7 17 0.526 -0.511 2.568
7 18 0.362 -0.545 2.284
7 19 0.298 -0.755 2.068
7 20 0.222 -0.775 2.018
8 1 0.473 -0.430 2.605
8 2 0.491 -0.380 2.615
8 3 0.541 -0.121 2.617
8 4 0.511 0.058 2.599
8 5 0.388 -0.220 2.688
8 6 0.343 -0.436 2.662
8 7 0.297 -0.569 2.543
8 8 0.267 -0.606 2.563
8 9 0.663 -0.220 2.559
8 10 0.701 -0.401 2.497
8 11 0.653 -0.542 2.385
8 12 0.638 -0.588 2.351
8 13 0.396 -0.481 2.633
8 14 0.266 -0.648 2.248
8 15 0.175 -0.771 2.069
8 16 0.151 -0.784 1.987
8 17 0.526 -0.511 2.568
8 18 0.362 -0.544 2.284
8 19 0.298 -0.755 2.068
8 20 0.222 -0.775 2.018
9 1 0.474 -0.430 2.605
9 2 0.493 -0.381 2.617
9 3 0.543 -0.121 2.619
9 4 0.513 0.058 2.602
9 5 0.390 -0.220 2.690
9 6 0.344 -0.436 2.663
9 7 0.297 -0.569 2.543
9 8 0.268 -0.605 2.564
9 9 0.664 -0.220 2.560
9 10 0.702 -0.401 2.498
9 11 0.654 -0.541 2.385
9 12 0.638 -0.587 2.351
9 13 0.396 -0.481 2.633
9 14 0.266 -0.648 2.248
9 15 0.176 -0.773 2.072
9 16 0.163 -0.789 1.986
9 17 0.526 -0.511 2.568
9 18 0.362 -0.544 2.284
9 19 0.298 -0.755 2.068
9 20 0.223 -0.775 2.018
10 1 0.474 -0.430 2.605
10 2 0.494 -0.381 2.619
10 3 0.544 -0.122 2.621
10 4 0.514 0.058 2.604
10 5 0.392 -0.220 2.693
10 6 0.344 -0.435 2.664
10 7 0.297 -0.568 2.543
10 8 0.268 -0.605 2.565
10 9 0.665 -0.221 2.561
10 10 0.702 -0.401 2.498
10 11 0.655 -0.541 2.385
10 12 0.639 -0.587 2.351
10 13 0.396 -0.480 2.633
10 14 0.266 -0.648 2.248
10 15 0.176 -0.775 2.074
10 16 0.171 -0.792 1.986
10 17 0.527 -0.511 2.568
10 18 0.362 -0.544 2.284
10 19 0.298 -0.755 2.068
10 20 0.223 -0.775 2.018
11 1 0.474 -0.430 2.605
11 2 0.495 -0.381 2.621
11 3 0.546 -0.122 2.623
11 4 0.516 0.058 2.606
11 5 0.393 -0.219 2.695
11 6 0.345 -0.435 2.665
11 7 0.298 -0.567 2.544
11 8 0.269 -0.601 2.577
11 9 0.666 -0.221 2.562
11 10 0.703 -0.401 2.499
11 11 0.656 -0.540 2.386
11 12 0.640 -0.587 2.352
11 13 0.397 -0.480 2.633
11 14 0.266 -0.648 2.248
11 15 0.164 -0.783 2.092
11 16 0.178 -0.792 1.993
11 17 0.527 -0.511 2.568
11 18 0.362 -0.544 2.284
11 19 0.298 -0.755 2.068
11 20 0.223 -0.775 2.018
12 1 0.475 -0.430 2.605
12 2 0.496 -0.382 2.623
12 3 0.547 -0.123 2.625
12 4 0.516 0.058 2.607
12 5 0.395 -0.219 2.697
12 6 0.345 -0.434 2.666
12 7 0.298 -0.567 2.544
12 8 0.269 -0.600 2.582
12 9 0.666 -0.221 2.563
12 10 0.703 -0.401 2.500
12 11 0.657 -0.540 2.386
12 12 0.641 -0.586 2.352
12 13 0.397 -0.480 2.633
12 14 0.266 -0.648 2.248
12 15 0.157 -0.786 2.102
12 16 0.182 -0.792 1.999
12 17 0.527 -0.511 2.568
12 18 0.362 -0.544 2.284
12 19 0.298 -0.755 2.068
12 20 0.223 -0.775 2.018
13 1 0.475 -0.430 2.606
13 2 0.497 -0.382 2.624
13 3 0.548 -0.123 2.626
13 4 0.517 0.058 2.608
13 5 0.396 -0.219 2.699
13 6 0.346 -0.434 2.667
13 7 0.298 -0.566 2.545
13 8 0.269 -0.599 2.585
13 9 0.667 -0.222 2.564
13 10 0.704 -0.401 2.501
13 11 0.659 -0.540 2.387
13 12 0.642 -0.586 2.352
13 13 0.397 -0.480 2.633
13 14 0.266 -0.648 2.248
13 15 0.154 -0.788 2.107
13 16 0.185 -0.791 2.004
13 17 0.527 -0.511 2.568
13 18 0.362 -0.544 2.285
13 19 0.298 -0.755 2.068
13 20 0.223 -0.775 2.017
14 1 0.475 -0.430 2.606
14 2 0.498 -0.383 2.626
14 3 0.549 -0.123 2.627
14 4 0.518 0.058 2.609
14 5 0.397 -0.219 2.700
14 6 0.346 -0.434 2.667
14 7 0.299 -0.565 2.545
14 8 0.269 -0.599 2.588
14 9 0.668 -0.222 2.565
14 10 0.705 -0.401 2.502
14 11 0.661 -0.540 2.388
14 12 0.644 -0.586 2.352
14 13 0.397 -0.480 2.633
14 14 0.267 -0.648 2.248
14 15 0.152 -0.789 2.109
14 16 0.187 -0.791 2.006
14 17 0.527 -0.511 2.568
14 18 0.361 -0.544 2.285
14 19 0.298 -0.755 2.068
14 20 0.224 -0.775 2.017
15 1 0.476 -0.430 2.607
15 2 0.499 -0.383 2.628
15 3 0.550 -0.124 2.628
15 4 0.518 0.058 2.610
15 5 0.397 -0.219 2.701
15 6 0.347 -0.433 2.668
15 7 0.299 -0.564 2.545
15 8 0.269 -0.598 2.589
15 9 0.668 -0.222 2.567
15 10 0.706 -0.402 2.504
15 11 0.662 -0.539 2.388
15 12 0.645 -0.586 2.353
15 13 0.397 -0.480 2.634
15 14 0.267 -0.648 2.249
15 15 0.151 -0.789 2.111
15 16 0.189 -0.791 2.009
15 17 0.527 -0.511 2.569
15 18 0.361 -0.544 2.285
15 19 0.298 -0.755 2.068
15 20 0.224 -0.775 2.017
16 1 0.476 -0.430 2.607
16 2 0.500 -0.383 2.629
16 3 0.551 -0.124 2.628
16 4 0.518 0.058 2.610
16 5 0.398 -0.219 2.702
16 6 0.347 -0.433 2.668
16 7 0.299 -0.564 2.545
16 8 0.269 -0.598 2.590
16 9 0.669 -0.222 2.567
16 10 0.707 -0.402 2.505
16 11 0.665 -0.539 2.389
16 12 0.647 -0.585 2.353
16 13 0.397 -0.480 2.634
16 14 0.267 -0.648 2.249
16 15 0.153 -0.785 2.107
16 16 0.188 -0.790 2.008
16 17 0.527 -0.511 2.569
16 18 0.361 -0.544 2.284
16 19 0.299 -0.755 2.068
16 20 0.224 -0.776 2.017
17 1 0.477 -0.430 2.607
17 2 0.501 -0.383 2.630
17 3 0.551 -0.124 2.629
17 4 0.518 0.058 2.610
17 5 0.398 -0.219 2.702
17 6 0.347 -0.433 2.668
17 7 0.298 -0.562 2.544
17 8 0.269 -0.597 2.591
17 9 0.670 -0.222 2.568
17 10 0.708 -0.402 2.506
17 11 0.666 -0.539 2.389
17 12 0.649 -0.585 2.353
17 13 0.398 -0.480 2.634
17 14 0.267 -0.648 2.249
17 15 0.158 -0.782 2.100
17 16 0.186 -0.790 2.006
17 17 0.528 -0.511 2.569
17 18 0.361 -0.543 2.284
17 19 0.299 -0.755 2.068
17 20 0.224 -0.776 2.017
18 1 0.478 -0.430 2.608
18 2 0.502 -0.383 2.631
18 3 0.551 -0.124 2.629
18 4 0.519 0.058 2.611
18 5 0.399 -0.220 2.702
18 6 0.348 -0.433 2.668
18 7 0.297 -0.558 2.538
18 8 0.274 -0.591 2.523
18 9 0.670 -0.223 2.569
18 10 0.709 -0.402 2.507
18 11 0.668 -0.539 2.390
18 12 0.651 -0.585 2.353
18 13 0.398 -0.480 2.634
18 14 0.267 -0.648 2.249
18 15 0.161 -0.779 2.094
18 16 0.185 -0.790 2.005
18 17 0.528 -0.511 2.569
18 18 0.361 -0.543 2.284
18 19 0.299 -0.755 2.068
18 20 0.224 -0.776 2.017
19 1 0.479 -0.430 2.608
19 2 0.502 -0.384 2.632
19 3 0.552 -0.124 2.629
19 4 0.519 0.058 2.611
19 5 0.399 -0.220 2.702
19 6 0.348 -0.433 2.667
19 7 0.297 -0.554 2.532
19 8 0.276 -0.587 2.493
19 9 0.670 -0.223 2.569
19 10 0.709 -0.402 2.508
19 11 0.670 -0.539 2.389
19 12 0.653 -0.584 2.353
19 13 0.399 -0.480 2.634
19 14 0.267 -0.648 2.249
19 15 0.164 -0.778 2.089
19 16 0.184 -0.790 2.003
19 17 0.529 -0.511 2.569
19 18 0.361 -0.543 2.284
19 19 0.299 -0.755 2.068
19 20 0.225 -0.776 2.017
20 1 0.480 -0.430 2.608
20 2 0.503 -0.384 2.632
20 3 0.552 -0.124 2.629
20 4 0.519 0.058 2.611
20 5 0.400 -0.220 2.702
20 6 0.348 -0.434 2.664
20 7 0.296 -0.549 2.522
20 8 0.278 -0.583 2.471
20 9 0.671 -0.223 2.569
20 10 0.710 -0.402 2.508
20 11 0.672 -0.538 2.389
20 12 0.655 -0.584 2.352
20 13 0.400 -0.480 2.634
20 14 0.267 -0.648 2.249
20 15 0.167 -0.777 2.086
20 16 0.182 -0.791 1.999
20 17 0.530 -0.511 2.568
20 18 0.361 -0.543 2.284
20 19 0.299 -0.755 2.068
20 20 0.225 -0.776 2.017
21 1 0.480 -0.430 2.608
21 2 0.504 -0.384 2.632
21 3 0.552 -0.124 2.629
21 4 0.519 0.058 2.611
21 5 0.400 -0.221 2.702
21 6 0.349 -0.434 2.662
21 7 0.296 -0.545 2.515
21 8 0.279 -0.581 2.458
21 9 0.671 -0.223 2.570
21 10 0.710 -0.402 2.508
21 11 0.674 -0.538 2.388
21 12 0.657 -0.583 2.351
21 13 0.401 -0.480 2.634
21 14 0.259 -0.647 2.252
21 15 0.186 -0.779 2.077
21 16 0.181 -0.791 1.997
21 17 0.531 -0.511 2.568
21 18 0.360 -0.543 2.284
21 19 0.299 -0.756 2.068
21 20 0.225 -0.776 2.016
22 1 0.481 -0.430 2.608
22 2 0.504 -0.384 2.633
22 3 0.553 -0.124 2.629
22 4 0.519 0.057 2.611
22 5 0.401 -0.222 2.700
22 6 0.349 -0.434 2.659
22 7 0.296 -0.543 2.511
22 8 0.280 -0.579 2.450
22 9 0.671 -0.223 2.570
22 10 0.711 -0.402 2.509
22 11 0.675 -0.537 2.387
22 12 0.659 -0.583 2.350
22 13 0.401 -0.481 2.634
22 14 0.253 -0.646 2.255
22 15 0.195 -0.780 2.073
22 16 0.180 -0.792 1.996
22 17 0.531 -0.511 2.568
22 18 0.360 -0.543 2.284
22 19 0.299 -0.756 2.068
22 20 0.225 -0.777 2.017
23 1 0.481 -0.430 2.608
23 2 0.505 -0.384 2.633
23 3 0.553 -0.124 2.629
23 4 0.519 0.057 2.610
23 5 0.401 -0.222 2.699
23 6 0.350 -0.434 2.657
23 7 0.296 -0.541 2.508
23 8 0.280 -0.578 2.445
23 9 0.672 -0.223 2.569
23 10 0.711 -0.402 2.508
23 11 0.676 -0.537 2.386
23 12 0.661 -0.582 2.349
23 13 0.402 -0.481 2.634
23 14 0.253 -0.647 2.255
23 15 0.197 -0.780 2.071
23 16 0.179 -0.793 1.994
23 17 0.532 -0.511 2.569
23 18 0.360 -0.543 2.284
23 19 0.299 -0.756 2.068
23 20 0.225 -0.778 2.017
24 1 0.482 -0.431 2.608
24 2 0.505 -0.384 2.633
24 3 0.554 -0.124 2.628
24 4 0.519 0.057 2.608
24 5 0.402 -0.223 2.697
24 6 0.350 -0.434 2.655
24 7 0.296 -0.540 2.506
24 8 0.281 -0.578 2.441
24 9 0.672 -0.223 2.568
24 10 0.712 -0.402 2.508
24 11 0.677 -0.536 2.384
24 12 0.662 -0.581 2.348
24 13 0.402 -0.481 2.634
24 14 0.254 -0.647 2.255
24 15 0.191 -0.799 2.093
24 16 0.178 -0.796 2.001
24 17 0.532 -0.511 2.568
24 18 0.360 -0.543 2.284
24 19 0.300 -0.756 2.068
24 20 0.225 -0.779 2.017
25 1 0.482 -0.431 2.607
25 2 0.506 -0.384 2.633
25 3 0.554 -0.124 2.627
25 4 0.519 0.057 2.606
25 5 0.402 -0.224 2.696
25 6 0.350 -0.434 2.653
25 7 0.296 -0.539 2.504
25 8 0.281 -0.577 2.439
25 9 0.673 -0.223 2.567
25 10 0.713 -0.402 2.507
25 11 0.679 -0.535 2.381
25 12 0.664 -0.579 2.344
25 13 0.403 -0.481 2.634
25 14 0.256 -0.647 2.254
25 15 0.191 -0.804 2.097
25 16 0.177 -0.798 2.002
25 17 0.533 -0.511 2.568
25 18 0.360 -0.543 2.284
25 19 0.300 -0.756 2.068
25 20 0.225 -0.780 2.018
26 1 0.483 -0.431 2.607
26 2 0.507 -0.384 2.632
26 3 0.555 -0.124 2.625
26 4 0.518 0.057 2.602
26 5 0.402 -0.224 2.695
26 6 0.350 -0.434 2.651
26 7 0.296 -0.539 2.503
26 8 0.281 -0.577 2.439
26 9 0.673 -0.223 2.565
26 10 0.714 -0.402 2.506
26 11 0.680 -0.533 2.379
26 12 0.666 -0.577 2.340
26 13 0.403 -0.481 2.634
26 14 0.258 -0.648 2.253
26 15 0.190 -0.808 2.101
26 16 0.177 -0.800 2.004
26 17 0.534 -0.511 2.568
26 18 0.360 -0.543 2.284
26 19 0.300 -0.757 2.068
26 20 0.225 -0.781 2.019
27 1 0.484 -0.431 2.606
27 2 0.508 -0.385 2.631
27 3 0.555 -0.124 2.622
27 4 0.517 0.057 2.598
27 5 0.403 -0.225 2.693
27 6 0.350 -0.434 2.650
27 7 0.296 -0.539 2.502
27 8 0.280 -0.576 2.440
27 9 0.673 -0.224 2.562
27 10 0.715 -0.402 2.505
27 11 0.681 -0.533 2.377
27 12 0.668 -0.576 2.338
27 13 0.404 -0.482 2.633
27 14 0.261 -0.650 2.251
27 15 0.190 -0.811 2.103
27 16 0.178 -0.802 2.006
27 17 0.535 -0.512 2.567
27 18 0.360 -0.543 2.284
27 19 0.301 -0.757 2.068
27 20 0.226 -0.782 2.020
28 1 0.485 -0.431 2.605
28 2 0.509 -0.385 2.629
28 3 0.556 -0.123 2.618
28 4 0.517 0.056 2.592
28 5 0.403 -0.225 2.691
28 6 0.351 -0.434 2.649
28 7 0.296 -0.539 2.502
28 8 0.279 -0.577 2.444
28 9 0.674 -0.224 2.559
28 10 0.716 -0.401 2.504
28 11 0.682 -0.531 2.374
28 12 0.669 -0.574 2.335
28 13 0.405 -0.482 2.632
28 14 0.259 -0.650 2.251
28 15 0.173 -0.812 2.112
28 16 0.176 -0.806 2.021
28 17 0.536 -0.512 2.567
28 18 0.360 -0.543 2.283
28 19 0.302 -0.758 2.068
28 20 0.226 -0.783 2.021
29 1 0.486 -0.432 2.604
29 2 0.510 -0.385 2.627
29 3 0.556 -0.124 2.614
29 4 0.516 0.056 2.587
29 5 0.403 -0.226 2.689
29 6 0.351 -0.434 2.648
29 7 0.295 -0.540 2.503
29 8 0.277 -0.578 2.449
29 9 0.674 -0.224 2.556
29 10 0.717 -0.401 2.502
29 11 0.683 -0.530 2.373
29 12 0.671 -0.573 2.333
29 13 0.406 -0.482 2.631
29 14 0.259 -0.650 2.250
29 15 0.197 -0.839 2.142
29 16 0.175 -0.817 2.061
29 17 0.536 -0.512 2.566
29 18 0.360 -0.543 2.283
29 19 0.302 -0.759 2.069
29 20 0.226 -0.783 2.023
30 1 0.487 -0.432 2.602
30 2 0.510 -0.385 2.625
30 3 0.557 -0.124 2.611
30 4 0.515 0.055 2.580
30 5 0.403 -0.226 2.687
30 6 0.351 -0.434 2.648
30 7 0.295 -0.541 2.505
30 8 0.276 -0.579 2.454
30 9 0.675 -0.224 2.552
30 10 0.719 -0.400 2.501
30 11 0.684 -0.529 2.371
30 12 0.672 -0.571 2.331
30 13 0.407 -0.483 2.630
30 14 0.260 -0.650 2.249
30 15 0.207 -0.851 2.154
30 16 0.183 -0.824 2.072
30 17 0.537 -0.512 2.565
30 18 0.360 -0.543 2.283
30 19 0.303 -0.759 2.069
30 20 0.226 -0.784 2.024
31 1 0.488 -0.432 2.601
31 2 0.511 -0.385 2.623
31 3 0.557 -0.124 2.608
31 4 0.513 0.054 2.568
31 5 0.403 -0.226 2.684
31 6 0.351 -0.433 2.648
31 7 0.295 -0.541 2.507
31 8 0.276 -0.580 2.458
31 9 0.675 -0.224 2.549
31 10 0.720 -0.399 2.500
31 11 0.685 -0.528 2.370
31 12 0.673 -0.570 2.329
31 13 0.408 -0.483 2.629
31 14 0.261 -0.651 2.248
31 15 0.211 -0.855 2.157
31 16 0.190 -0.828 2.071
31 17 0.538 -0.512 2.564
31 18 0.360 -0.543 2.283
31 19 0.303 -0.759 2.069
31 20 0.226 -0.785 2.025
32 1 0.489 -0.433 2.600
32 2 0.512 -0.385 2.621
32 3 0.558 -0.125 2.605
32 4 0.511 0.054 2.560
32 5 0.403 -0.226 2.681
32 6 0.351 -0.433 2.648
32 7 0.295 -0.542 2.509
32 8 0.276 -0.581 2.462
32 9 0.676 -0.224 2.547
32 10 0.722 -0.398 2.499
32 11 0.686 -0.527 2.369
32 12 0.674 -0.570 2.328
32 13 0.409 -0.483 2.627
32 14 0.263 -0.652 2.246
32 15 0.210 -0.857 2.156
32 16 0.194 -0.830 2.071
32 17 0.539 -0.513 2.563
32 18 0.360 -0.543 2.283
32 19 0.304 -0.760 2.069
32 20 0.257 -0.791 2.012
33 1 0.490 -0.433 2.598
33 2 0.512 -0.385 2.619
33 3 0.558 -0.126 2.602
33 4 0.511 0.053 2.554
33 5 0.404 -0.225 2.679
33 6 0.351 -0.433 2.648
33 7 0.295 -0.543 2.511
33 8 0.276 -0.582 2.466
33 9 0.677 -0.225 2.544
33 10 0.723 -0.398 2.498
33 11 0.686 -0.527 2.368
33 12 0.674 -0.569 2.328
33 13 0.410 -0.484 2.626
33 14 0.256 -0.650 2.246
33 15 0.247 -0.850 2.145
33 16 0.199 -0.828 2.072
33 17 0.540 -0.513 2.562
33 18 0.360 -0.543 2.283
33 19 0.304 -0.760 2.070
33 20 0.270 -0.794 2.007
34 1 0.490 -0.433 2.597
34 2 0.513 -0.385 2.616
34 3 0.557 -0.127 2.599
34 4 0.511 0.052 2.547
34 5 0.404 -0.225 2.674
34 6 0.351 -0.432 2.648
34 7 0.295 -0.544 2.512
34 8 0.276 -0.582 2.468
34 9 0.678 -0.225 2.542
34 10 0.725 -0.398 2.496
34 11 0.687 -0.527 2.367
34 12 0.675 -0.569 2.327
34 13 0.411 -0.484 2.624
34 14 0.267 -0.642 2.235
34 15 0.239 -0.831 2.120
34 16 0.189 -0.818 2.059
34 17 0.541 -0.513 2.561
34 18 0.360 -0.543 2.283
34 19 0.305 -0.760 2.070
34 20 0.277 -0.795 2.004
35 1 0.491 -0.433 2.594
35 2 0.513 -0.386 2.612
35 3 0.557 -0.128 2.595
35 4 0.511 0.050 2.538
35 5 0.405 -0.225 2.669
35 6 0.352 -0.432 2.649
35 7 0.296 -0.544 2.514
35 8 0.276 -0.583 2.471
35 9 0.679 -0.226 2.539
35 10 0.726 -0.399 2.496
35 11 0.687 -0.527 2.367
35 12 0.675 -0.569 2.327
35 13 0.412 -0.484 2.622
35 14 0.268 -0.643 2.232
35 15 0.239 -0.830 2.116
35 16 0.183 -0.821 2.055
35 17 0.542 -0.514 2.559
35 18 0.360 -0.543 2.283
35 19 0.305 -0.761 2.070
35 20 0.281 -0.796 2.003
36 1 0.492 -0.434 2.592
36 2 0.513 -0.386 2.608
36 3 0.557 -0.130 2.591
36 4 0.511 0.049 2.531
36 5 0.406 -0.225 2.663
36 6 0.352 -0.431 2.649
36 7 0.296 -0.545 2.516
36 8 0.270 -0.583 2.535
36 9 0.679 -0.227 2.536
36 10 0.729 -0.399 2.495
36 11 0.688 -0.528 2.368
36 12 0.675 -0.569 2.328
36 13 0.412 -0.484 2.620
36 14 0.269 -0.645 2.231
36 15 0.237 -0.831 2.113
36 16 0.177 -0.820 2.051
36 17 0.543 -0.514 2.558
36 18 0.360 -0.543 2.283
36 19 0.331 -0.769 2.075
36 20 0.284 -0.803 2.012
37 1 0.493 -0.434 2.590
37 2 0.513 -0.386 2.605
37 3 0.558 -0.131 2.584
37 4 0.512 0.048 2.521
37 5 0.408 -0.224 2.656
37 6 0.353 -0.431 2.650
37 7 0.297 -0.546 2.518
37 8 0.268 -0.583 2.562
37 9 0.680 -0.228 2.534
37 10 0.732 -0.399 2.494
37 11 0.691 -0.529 2.369
37 12 0.677 -0.571 2.329
37 13 0.413 -0.485 2.618
37 14 0.270 -0.647 2.230
37 15 0.234 -0.833 2.111
37 16 0.174 -0.820 2.049
37 17 0.544 -0.514 2.557
37 18 0.360 -0.543 2.283
37 19 0.339 -0.772 2.076
37 20 0.286 -0.809 2.018
38 1 0.493 -0.435 2.589
38 2 0.512 -0.387 2.601
38 3 0.558 -0.133 2.577
38 4 0.512 0.046 2.513
38 5 0.410 -0.223 2.648
38 6 0.354 -0.431 2.650
38 7 0.298 -0.549 2.522
38 8 0.267 -0.584 2.579
38 9 0.681 -0.228 2.531
38 10 0.743 -0.397 2.495
38 11 0.702 -0.529 2.372
38 12 0.688 -0.546 2.357
38 13 0.414 -0.485 2.617
38 14 0.250 -0.649 2.238
38 15 0.213 -0.835 2.118
38 16 0.159 -0.816 2.048
38 17 0.544 -0.515 2.556
38 18 0.360 -0.543 2.283
38 19 0.343 -0.775 2.079
38 20 0.287 -0.814 2.022
39 1 0.493 -0.435 2.587
39 2 0.512 -0.387 2.598
39 3 0.559 -0.135 2.571
39 4 0.513 0.045 2.507
39 5 0.412 -0.223 2.642
39 6 0.355 -0.431 2.651
39 7 0.299 -0.552 2.526
39 8 0.266 -0.586 2.589
39 9 0.682 -0.229 2.529
39 10 0.753 -0.394 2.496
39 11 0.715 -0.524 2.371
39 12 0.690 -0.542 2.363
39 13 0.414 -0.485 2.616
39 14 0.248 -0.652 2.238
39 15 0.209 -0.837 2.118
39 16 0.156 -0.816 2.047
39 17 0.545 -0.515 2.555
39 18 0.360 -0.544 2.283
39 19 0.346 -0.776 2.080
39 20 0.288 -0.817 2.025
40 1 0.494 -0.435 2.586
40 2 0.511 -0.387 2.595
40 3 0.559 -0.136 2.566
40 4 0.514 0.044 2.500
40 5 0.414 -0.222 2.636
40 6 0.356 -0.431 2.652
40 7 0.299 -0.553 2.528
40 8 0.266 -0.586 2.596
40 9 0.683 -0.229 2.527
40 10 0.761 -0.391 2.497
40 11 0.745 -0.524 2.374
40 12 0.707 -0.549 2.357
40 13 0.414 -0.485 2.615
40 14 0.241 -0.653 2.241
40 15 0.198 -0.839 2.122
40 16 0.151 -0.815 2.047
40 17 0.545 -0.515 2.555
40 18 0.360 -0.544 2.283
40 19 0.348 -0.777 2.080
40 20 0.288 -0.819 2.028
41 1 0.495 -0.436 2.583
41 2 0.512 -0.387 2.589
41 3 0.560 -0.138 2.561
41 4 0.515 0.043 2.493
41 5 0.416 -0.221 2.631
41 6 0.357 -0.431 2.653
41 7 0.299 -0.556 2.531
41 8 0.266 -0.587 2.601
41 9 0.685 -0.229 2.525
41 10 0.766 -0.390 2.497
41 11 0.757 -0.524 2.376
41 12 0.717 -0.555 2.352
41 13 0.416 -0.485 2.611
41 14 0.241 -0.655 2.240
41 15 0.195 -0.841 2.122
41 16 0.150 -0.814 2.047
41 17 0.546 -0.516 2.553
41 18 0.349 -0.606 2.229
41 19 0.337 -0.836 2.033
41 20 0.288 -0.821 2.030
42 1 0.497 -0.436 2.579
42 2 0.513 -0.387 2.584
42 3 0.560 -0.139 2.556
42 4 0.517 0.041 2.486
42 5 0.417 -0.220 2.624
42 6 0.359 -0.432 2.653
42 7 0.300 -0.557 2.532
42 8 0.266 -0.588 2.602
42 9 0.687 -0.229 2.522
42 10 0.770 -0.389 2.498
42 11 0.763 -0.524 2.376
42 12 0.723 -0.560 2.349
42 13 0.418 -0.484 2.606
42 14 0.243 -0.658 2.238
42 15 0.193 -0.842 2.122
42 16 0.149 -0.814 2.046
42 17 0.547 -0.516 2.552
42 18 0.338 -0.641 2.198
42 19 0.328 -0.866 2.007
42 20 0.289 -0.823 2.033
43 1 0.499 -0.435 2.575
43 2 0.514 -0.387 2.578
43 3 0.561 -0.140 2.551
43 4 0.520 0.040 2.479
43 5 0.419 -0.219 2.618
43 6 0.361 -0.432 2.654
43 7 0.300 -0.557 2.533
43 8 0.267 -0.588 2.601
43 9 0.690 -0.229 2.519
43 10 0.773 -0.388 2.498
43 11 0.767 -0.524 2.377
43 12 0.726 -0.563 2.347
43 13 0.421 -0.483 2.601
43 14 0.245 -0.660 2.235
43 15 0.193 -0.844 2.122
43 16 0.150 -0.814 2.044
43 17 0.549 -0.516 2.550
43 18 0.335 -0.654 2.187
43 19 0.363 -0.856 2.047
43 20 0.294 -0.826 2.041
44 1 0.502 -0.435 2.571
44 2 0.516 -0.386 2.573
44 3 0.563 -0.141 2.546
44 4 0.523 0.039 2.471
44 5 0.420 -0.218 2.613
44 6 0.361 -0.433 2.654
44 7 0.302 -0.558 2.530
44 8 0.280 -0.593 2.524
44 9 0.693 -0.228 2.516
44 10 0.775 -0.387 2.498
44 11 0.765 -0.525 2.379
44 12 0.727 -0.564 2.347
44 13 0.423 -0.483 2.597
44 14 0.248 -0.661 2.233
44 15 0.193 -0.846 2.121
44 16 0.151 -0.814 2.043
44 17 0.552 -0.516 2.548
44 18 0.335 -0.665 2.178
44 19 0.366 -0.871 2.041
44 20 0.306 -0.826 2.050
45 1 0.506 -0.434 2.566
45 2 0.519 -0.386 2.566
45 3 0.565 -0.143 2.538
45 4 0.528 0.036 2.460
45 5 0.421 -0.217 2.606
45 6 0.362 -0.434 2.653
45 7 0.305 -0.555 2.523
45 8 0.289 -0.590 2.479
45 9 0.696 -0.229 2.513
45 10 0.771 -0.409 2.491
45 11 0.752 -0.545 2.365
45 12 0.730 -0.577 2.336
45 13 0.427 -0.482 2.592
45 14 0.250 -0.663 2.230
45 15 0.193 -0.847 2.120
45 16 0.153 -0.813 2.042
45 17 0.558 -0.516 2.544
45 18 0.338 -0.672 2.173
45 19 0.374 -0.873 2.045
45 20 0.316 -0.827 2.058
46 1 0.526 -0.433 2.556
46 2 0.531 -0.385 2.556
46 3 0.567 -0.144 2.530
46 4 0.533 0.033 2.450
46 5 0.423 -0.216 2.598
46 6 0.363 -0.435 2.653
46 7 0.307 -0.548 2.514
46 8 0.294 -0.579 2.448
46 9 0.699 -0.230 2.507
46 10 0.768 -0.421 2.486
46 11 0.745 -0.556 2.357
46 12 0.731 -0.587 2.328
46 13 0.455 -0.485 2.580
46 14 0.252 -0.664 2.230
46 15 0.194 -0.849 2.120
46 16 0.156 -0.814 2.043
46 17 0.595 -0.511 2.537
46 18 0.371 -0.672 2.174
46 19 0.407 -0.869 2.072
46 20 0.325 -0.828 2.063
47 1 0.531 -0.433 2.550
47 2 0.536 -0.385 2.549
47 3 0.569 -0.146 2.521
47 4 0.537 0.032 2.441
47 5 0.423 -0.217 2.588
47 6 0.363 -0.435 2.652
47 7 0.311 -0.537 2.501
47 8 0.297 -0.573 2.431
47 9 0.701 -0.232 2.499
47 10 0.764 -0.431 2.477
47 11 0.739 -0.567 2.351
47 12 0.731 -0.600 2.321
47 13 0.458 -0.485 2.574
47 14 0.250 -0.668 2.229
47 15 0.193 -0.853 2.119
47 16 0.157 -0.814 2.042
47 17 0.598 -0.512 2.531
47 18 0.383 -0.688 2.169
47 19 0.418 -0.875 2.075
47 20 0.374 -0.890 2.021
48 1 0.537 -0.433 2.544
48 2 0.541 -0.385 2.542
48 3 0.571 -0.148 2.510
48 4 0.541 0.030 2.434
48 5 0.424 -0.218 2.578
48 6 0.364 -0.436 2.634
48 7 0.308 -0.534 2.482
48 8 0.297 -0.570 2.418
48 9 0.705 -0.233 2.489
48 10 0.761 -0.438 2.469
48 11 0.735 -0.573 2.348
48 12 0.730 -0.611 2.316
48 13 0.463 -0.485 2.569
48 14 0.250 -0.670 2.228
48 15 0.193 -0.855 2.118
48 16 0.159 -0.814 2.042
48 17 0.607 -0.510 2.526
48 18 0.405 -0.702 2.171
48 19 0.429 -0.884 2.081
48 20 0.400 -0.925 2.004
49 1 0.541 -0.432 2.539
49 2 0.546 -0.384 2.535
49 3 0.573 -0.149 2.501
49 4 0.546 0.029 2.426
49 5 0.424 -0.218 2.567
49 6 0.366 -0.441 2.597
49 7 0.320 -0.523 2.433
49 8 0.306 -0.558 2.382
49 9 0.708 -0.235 2.478
49 10 0.757 -0.441 2.458
49 11 0.732 -0.580 2.346
49 12 0.727 -0.619 2.314
49 13 0.467 -0.485 2.565
49 14 0.250 -0.672 2.228
49 15 0.193 -0.857 2.118
49 16 0.162 -0.815 2.043
49 17 0.612 -0.509 2.523
49 18 0.418 -0.711 2.171
49 19 0.426 -0.892 2.079
49 20 0.404 -0.939 1.995
50 1 0.543 -0.431 2.534
50 2 0.548 -0.383 2.529
50 3 0.576 -0.150 2.491
50 4 0.550 0.029 2.419
50 5 0.425 -0.217 2.555
50 6 0.366 -0.441 2.573
50 7 0.326 -0.519 2.404
50 8 0.311 -0.554 2.363
50 9 0.711 -0.236 2.468
50 10 0.754 -0.443 2.448
50 11 0.729 -0.586 2.346
50 12 0.724 -0.626 2.315
50 13 0.467 -0.483 2.560
50 14 0.248 -0.674 2.228
50 15 0.193 -0.859 2.118
50 16 0.164 -0.815 2.042
50 17 0.612 -0.509 2.519
50 18 0.426 -0.717 2.170
50 19 0.416 -0.901 2.073
50 20 0.403 -0.950 1.986
51 1 0.542 -0.429 2.525
51 2 0.548 -0.382 2.519
51 3 0.579 -0.151 2.477
51 4 0.556 0.029 2.406
51 5 0.426 -0.214 2.536
51 6 0.357 -0.430 2.530
51 7 0.328 -0.528 2.381
51 8 0.314 -0.559 2.347
51 9 0.714 -0.236 2.458
51 10 0.751 -0.444 2.440
51 11 0.727 -0.591 2.346
51 12 0.721 -0.632 2.316
51 13 0.463 -0.480 2.552
51 14 0.250 -0.675 2.218
51 15 0.195 -0.861 2.111
51 16 0.168 -0.811 2.037
51 17 0.609 -0.509 2.511
51 18 0.430 -0.720 2.169
51 19 0.409 -0.907 2.068
51 20 0.401 -0.959 1.981
52 1 0.540 -0.428 2.516
52 2 0.547 -0.381 2.510
52 3 0.582 -0.152 2.466
52 4 0.561 0.029 2.391
52 5 0.427 -0.211 2.521
52 6 0.355 -0.427 2.512
52 7 0.327 -0.532 2.368
52 8 0.314 -0.563 2.336
52 9 0.716 -0.236 2.449
52 10 0.749 -0.445 2.432
52 11 0.725 -0.596 2.348
52 12 0.718 -0.637 2.317
52 13 0.458 -0.477 2.543
52 14 0.252 -0.672 2.203
52 15 0.196 -0.861 2.101
52 16 0.172 -0.808 2.032
52 17 0.603 -0.509 2.503
52 18 0.434 -0.722 2.169
52 19 0.408 -0.913 2.067
52 20 0.402 -0.966 1.979
53 1 0.535 -0.428 2.506
53 2 0.543 -0.381 2.499
53 3 0.583 -0.153 2.455
53 4 0.565 0.030 2.376
53 5 0.428 -0.208 2.503
53 6 0.354 -0.430 2.488
53 7 0.327 -0.541 2.345
53 8 0.315 -0.571 2.316
53 9 0.717 -0.236 2.439
53 10 0.748 -0.445 2.426
53 11 0.724 -0.600 2.349
53 12 0.717 -0.642 2.319
53 13 0.450 -0.474 2.532
53 14 0.253 -0.673 2.190
53 15 0.198 -0.863 2.090
53 16 0.176 -0.806 2.030
53 17 0.594 -0.511 2.494
53 18 0.437 -0.723 2.170
53 19 0.415 -0.927 2.072
53 20 0.408 -0.977 1.986
54 1 0.530 -0.428 2.497
54 2 0.539 -0.381 2.489
54 3 0.584 -0.153 2.441
54 4 0.568 0.030 2.359
54 5 0.427 -0.208 2.481
54 6 0.355 -0.432 2.473
54 7 0.329 -0.546 2.328
54 8 0.318 -0.576 2.297
54 9 0.718 -0.237 2.430
54 10 0.747 -0.445 2.421
54 11 0.722 -0.603 2.349
54 12 0.713 -0.649 2.322
54 13 0.443 -0.473 2.521
54 14 0.254 -0.674 2.182
54 15 0.208 -0.865 2.076
54 16 0.203 -0.866 2.002
54 17 0.588 -0.512 2.488
54 18 0.439 -0.726 2.170
54 19 0.421 -0.940 2.073
54 20 0.413 -0.988 1.990
55 1 0.524 -0.428 2.486
55 2 0.534 -0.382 2.477
55 3 0.583 -0.152 2.426
55 4 0.569 0.030 2.346
55 5 0.425 -0.207 2.462
55 6 0.355 -0.435 2.457
55 7 0.378 -0.535 2.259
55 8 0.385 -0.563 2.205
55 9 0.718 -0.236 2.420
55 10 0.746 -0.445 2.417
55 11 0.721 -0.605 2.349
55 12 0.712 -0.654 2.324
55 13 0.436 -0.471 2.509
55 14 0.267 -0.664 2.176
55 15 0.213 -0.868 2.069
55 16 0.215 -0.897 1.992
55 17 0.582 -0.513 2.483
55 18 0.441 -0.727 2.171
55 19 0.427 -0.953 2.078
55 20 0.419 -0.999 1.999
56 1 0.520 -0.429 2.477
56 2 0.531 -0.382 2.466
56 3 0.581 -0.152 2.410
56 4 0.569 0.031 2.333
56 5 0.423 -0.206 2.445
56 6 0.356 -0.436 2.445
56 7 0.399 -0.529 2.204
56 8 0.412 -0.559 2.136
56 9 0.716 -0.237 2.407
56 10 0.744 -0.444 2.409
56 11 0.720 -0.607 2.349
56 12 0.711 -0.659 2.326
56 13 0.432 -0.471 2.500
56 14 0.272 -0.662 2.173
56 15 0.219 -0.871 2.064
56 16 0.222 -0.916 1.987
56 17 0.578 -0.515 2.477
56 18 0.444 -0.727 2.175
56 19 0.435 -0.969 2.091
56 20 0.426 -1.013 2.017
57 1 0.515 -0.431 2.467
57 2 0.526 -0.384 2.455
57 3 0.578 -0.152 2.396
57 4 0.568 0.031 2.318
57 5 0.421 -0.206 2.429
57 6 0.356 -0.437 2.436
57 7 0.332 -0.564 2.283
57 8 0.317 -0.594 2.295
57 9 0.714 -0.237 2.395
57 10 0.741 -0.442 2.396
57 11 0.720 -0.609 2.346
57 12 0.710 -0.662 2.325
57 13 0.428 -0.472 2.490
57 14 0.275 -0.670 2.168
57 15 0.224 -0.878 2.057
57 16 0.227 -0.933 1.981
57 17 0.573 -0.517 2.470
57 18 0.446 -0.727 2.178
57 19 0.438 -0.984 2.109
57 20 0.429 -1.027 2.039
58 1 0.511 -0.433 2.454
58 2 0.522 -0.386 2.441
58 3 0.573 -0.152 2.379
58 4 0.564 0.031 2.302
58 5 0.417 -0.206 2.412
58 6 0.355 -0.440 2.419
58 7 0.326 -0.587 2.288
58 8 0.299 -0.619 2.329
58 9 0.713 -0.237 2.385
58 10 0.739 -0.441 2.386
58 11 0.720 -0.610 2.345
58 12 0.710 -0.665 2.326
58 13 0.424 -0.475 2.477
58 14 0.280 -0.703 2.154
58 15 0.225 -0.891 2.051
58 16 0.227 -0.949 1.977
58 17 0.569 -0.520 2.460
58 18 0.449 -0.727 2.180
58 19 0.434 -0.998 2.137
58 20 0.426 -1.040 2.070
59 1 0.509 -0.437 2.442
59 2 0.519 -0.389 2.428
59 3 0.566 -0.152 2.360
59 4 0.560 0.031 2.284
59 5 0.413 -0.207 2.392
59 6 0.354 -0.441 2.400
59 7 0.306 -0.611 2.322
59 8 0.272 -0.642 2.382
59 9 0.712 -0.238 2.374
59 10 0.737 -0.440 2.377
59 11 0.720 -0.611 2.344
59 12 0.711 -0.668 2.327
59 13 0.423 -0.479 2.463
59 14 0.283 -0.716 2.149
59 15 0.226 -0.906 2.048
59 16 0.227 -0.964 1.975
59 17 0.567 -0.523 2.451
59 18 0.450 -0.727 2.182
59 19 0.431 -1.007 2.156
59 20 0.423 -1.049 2.090
60 1 0.508 -0.440 2.431
60 2 0.517 -0.392 2.416
60 3 0.558 -0.153 2.341
60 4 0.558 0.030 2.270
60 5 0.410 -0.209 2.363
60 6 0.353 -0.442 2.384
60 7 0.297 -0.621 2.334
60 8 0.260 -0.651 2.402
60 9 0.711 -0.237 2.363
60 10 0.735 -0.441 2.370
60 11 0.720 -0.613 2.343
60 12 0.711 -0.671 2.328
60 13 0.424 -0.484 2.451
60 14 0.358 -0.692 2.161
60 15 0.218 -0.905 2.059
60 16 0.215 -0.958 1.996
60 17 0.567 -0.526 2.443
60 18 0.441 -0.737 2.184
60 19 0.436 -1.014 2.162
60 20 0.430 -1.056 2.097
61 1 0.507 -0.443 2.421
61 2 0.516 -0.394 2.405
61 3 0.551 -0.154 2.322
61 4 0.551 0.029 2.250
61 5 0.405 -0.209 2.344
61 6 0.352 -0.442 2.369
61 7 0.292 -0.627 2.339
61 8 0.254 -0.657 2.412
61 9 0.708 -0.236 2.349
61 10 0.734 -0.441 2.365
61 11 0.719 -0.615 2.341
61 12 0.712 -0.673 2.328
61 13 0.425 -0.488 2.440
61 14 0.396 -0.683 2.164
61 15 0.214 -0.907 2.069
61 16 0.210 -0.956 2.013
61 17 0.567 -0.527 2.437
61 18 0.435 -0.743 2.185
61 19 0.453 -1.017 2.169
61 20 0.450 -1.061 2.104
62 1 0.508 -0.444 2.413
62 2 0.515 -0.396 2.395
62 3 0.543 -0.155 2.302
62 4 0.547 0.028 2.236
62 5 0.399 -0.213 2.323
62 6 0.349 -0.446 2.350
62 7 0.290 -0.632 2.341
62 8 0.251 -0.663 2.416
62 9 0.706 -0.235 2.338
62 10 0.732 -0.443 2.360
62 11 0.719 -0.616 2.341
62 12 0.712 -0.676 2.329
62 13 0.426 -0.491 2.432
62 14 0.419 -0.682 2.166
62 15 0.210 -0.902 2.092
62 16 0.207 -0.951 2.034
62 17 0.568 -0.528 2.432
62 18 0.446 -0.784 2.178
62 19 0.450 -0.886 2.153
62 20 0.454 -0.963 2.095
63 1 0.509 -0.445 2.405
63 2 0.515 -0.397 2.386
63 3 0.535 -0.156 2.285
63 4 0.542 0.026 2.221
63 5 0.392 -0.219 2.299
63 6 0.346 -0.449 2.337
63 7 0.291 -0.635 2.336
63 8 0.252 -0.667 2.407
63 9 0.703 -0.234 2.326
63 10 0.730 -0.444 2.354
63 11 0.719 -0.618 2.341
63 12 0.713 -0.679 2.335
63 13 0.429 -0.493 2.425
63 14 0.432 -0.682 2.166
63 15 0.210 -0.901 2.106
63 16 0.208 -0.950 2.046
63 17 0.571 -0.528 2.426
63 18 0.453 -0.804 2.174
63 19 0.458 -0.846 2.152
63 20 0.462 -0.901 2.088
64 1 0.510 -0.446 2.395
64 2 0.514 -0.397 2.373
64 3 0.526 -0.157 2.268
64 4 0.537 0.023 2.205
64 5 0.387 -0.222 2.283
64 6 0.344 -0.451 2.327
64 7 0.293 -0.636 2.332
64 8 0.254 -0.662 2.353
64 9 0.698 -0.234 2.314
64 10 0.727 -0.445 2.346
64 11 0.719 -0.619 2.341
64 12 0.714 -0.680 2.339
64 13 0.431 -0.495 2.416
64 14 0.438 -0.685 2.163
64 15 0.211 -0.901 2.120
64 16 0.210 -0.950 2.059
64 17 0.575 -0.527 2.418
64 18 0.454 -0.813 2.172
64 19 0.461 -0.819 2.148
64 20 0.465 -0.878 2.086
65 1 0.511 -0.445 2.384
65 2 0.514 -0.397 2.361
65 3 0.520 -0.158 2.253
65 4 0.532 0.020 2.188
65 5 0.382 -0.225 2.267
65 6 0.341 -0.453 2.316
65 7 0.294 -0.636 2.329
65 8 0.254 -0.660 2.337
65 9 0.691 -0.234 2.298
65 10 0.722 -0.445 2.335
65 11 0.719 -0.619 2.341
65 12 0.715 -0.681 2.342
65 13 0.434 -0.496 2.409
65 14 0.439 -0.691 2.159
65 15 0.213 -0.902 2.131
65 16 0.213 -0.951 2.069
65 17 0.579 -0.525 2.407
65 18 0.456 -0.820 2.169
65 19 0.463 -0.807 2.146
65 20 0.468 -0.864 2.085
66 1 0.511 -0.446 2.374
66 2 0.513 -0.398 2.350
66 3 0.513 -0.160 2.235
66 4 0.527 0.017 2.173
66 5 0.377 -0.228 2.251
66 6 0.339 -0.454 2.308
66 7 0.297 -0.635 2.322
66 8 0.255 -0.650 2.325
66 9 0.684 -0.234 2.283
66 10 0.718 -0.446 2.325
66 11 0.718 -0.620 2.339
66 12 0.715 -0.682 2.342
66 13 0.436 -0.497 2.400
66 14 0.435 -0.696 2.147
66 15 0.218 -0.902 2.142
66 16 0.221 -0.951 2.081
66 17 0.581 -0.523 2.400
66 18 0.457 -0.826 2.167
66 19 0.468 -0.809 2.142
66 20 0.471 -0.857 2.083
67 1 0.510 -0.446 2.364
67 2 0.510 -0.398 2.337
67 3 0.497 -0.163 2.208
67 4 0.522 0.014 2.156
67 5 0.373 -0.230 2.236
67 6 0.336 -0.455 2.300
67 7 0.298 -0.635 2.320
67 8 0.255 -0.646 2.320
67 9 0.677 -0.235 2.268
67 10 0.713 -0.444 2.312
67 11 0.717 -0.620 2.338
67 12 0.715 -0.682 2.343
67 13 0.437 -0.498 2.391
67 14 0.433 -0.700 2.137
67 15 0.243 -0.927 2.126
67 16 0.247 -0.976 2.072
67 17 0.582 -0.521 2.393
67 18 0.459 -0.795 2.164
67 19 0.516 -0.946 2.162
67 20 0.521 -0.999 2.102
68 1 0.508 -0.446 2.354
68 2 0.506 -0.398 2.326
68 3 0.488 -0.165 2.193
68 4 0.516 0.008 2.137
68 5 0.369 -0.232 2.221
68 6 0.334 -0.455 2.292
68 7 0.299 -0.635 2.318
68 8 0.255 -0.641 2.317
68 9 0.669 -0.238 2.254
68 10 0.710 -0.444 2.302
68 11 0.715 -0.620 2.336
68 12 0.714 -0.681 2.343
68 13 0.437 -0.498 2.384
68 14 0.432 -0.702 2.130
68 15 0.255 -0.938 2.117
68 16 0.260 -0.987 2.067
68 17 0.581 -0.519 2.384
68 18 0.406 -0.772 2.152
68 19 0.544 -0.955 2.155
68 20 0.550 -1.007 2.095
69 1 0.505 -0.446 2.344
69 2 0.502 -0.399 2.315
69 3 0.480 -0.168 2.177
69 4 0.511 0.002 2.122
69 5 0.365 -0.234 2.206
69 6 0.331 -0.455 2.284
69 7 0.300 -0.633 2.318
69 8 0.255 -0.638 2.316
69 9 0.661 -0.244 2.238
69 10 0.707 -0.442 2.292
69 11 0.715 -0.619 2.334
69 12 0.714 -0.680 2.344
69 13 0.437 -0.498 2.378
69 14 0.432 -0.703 2.124
69 15 0.262 -0.944 2.111
69 16 0.268 -0.992 2.063
69 17 0.579 -0.517 2.374
69 18 0.373 -0.763 2.145
69 19 0.314 -0.951 2.025
69 20 0.319 -1.005 1.965
70 1 0.500 -0.447 2.331
70 2 0.496 -0.400 2.301
70 3 0.475 -0.172 2.164
70 4 0.508 -0.003 2.107
70 5 0.360 -0.236 2.191
70 6 0.327 -0.454 2.276
70 7 0.300 -0.632 2.317
70 8 0.255 -0.636 2.315
70 9 0.652 -0.251 2.225
70 10 0.704 -0.442 2.285
70 11 0.713 -0.618 2.333
70 12 0.713 -0.679 2.345
70 13 0.435 -0.498 2.367
70 14 0.433 -0.706 2.116
70 15 0.265 -0.937 2.117
70 16 0.272 -0.989 2.066
70 17 0.573 -0.516 2.360
70 18 0.361 -0.759 2.141
70 19 0.253 -0.970 1.985
70 20 0.259 -1.024 1.925
71 1 0.496 -0.447 2.321
71 2 0.492 -0.401 2.291
71 3 0.468 -0.175 2.149
71 4 0.504 -0.010 2.089
71 5 0.356 -0.238 2.178
71 6 0.322 -0.453 2.267
71 7 0.301 -0.630 2.316
71 8 0.256 -0.635 2.315
71 9 0.646 -0.256 2.214
71 10 0.702 -0.441 2.276
71 11 0.710 -0.616 2.331
71 12 0.709 -0.675 2.345
71 13 0.433 -0.497 2.360
71 14 0.435 -0.708 2.110
71 15 0.267 -0.928 2.123
71 16 0.274 -0.983 2.070
71 17 0.569 -0.515 2.351
71 18 0.353 -0.757 2.138
71 19 0.202 -0.971 1.957
71 20 0.208 -1.026 1.897
72 1 0.492 -0.447 2.311
72 2 0.487 -0.402 2.280
72 3 0.463 -0.177 2.136
72 4 0.501 -0.015 2.074
72 5 0.350 -0.239 2.164
72 6 0.312 -0.449 2.251
72 7 0.303 -0.625 2.314
72 8 0.257 -0.633 2.314
72 9 0.640 -0.261 2.203
72 10 0.699 -0.441 2.267
72 11 0.707 -0.614 2.329
72 12 0.707 -0.673 2.345
72 13 0.430 -0.496 2.351
72 14 0.436 -0.710 2.105
72 15 0.267 -0.917 2.130
72 16 0.273 -0.975 2.074
72 17 0.564 -0.514 2.341
72 18 0.348 -0.757 2.136
72 19 0.177 -0.974 1.941
72 20 0.182 -1.029 1.882
73 1 0.487 -0.447 2.303
73 2 0.483 -0.402 2.271
73 3 0.458 -0.180 2.124
73 4 0.497 -0.019 2.060
73 5 0.343 -0.239 2.149
73 6 0.306 -0.448 2.241
73 7 0.305 -0.621 2.312
73 8 0.258 -0.632 2.313
73 9 0.631 -0.265 2.186
73 10 0.693 -0.440 2.253
73 11 0.705 -0.610 2.327
73 12 0.706 -0.667 2.346
73 13 0.427 -0.495 2.343
73 14 0.437 -0.712 2.101
73 15 0.306 -0.902 2.079
73 16 0.311 -0.960 2.021
73 17 0.560 -0.512 2.333
73 18 0.346 -0.759 2.133
73 19 0.475 -0.914 2.086
73 20 0.404 -0.888 2.088
74 1 0.481 -0.445 2.289
74 2 0.476 -0.401 2.257
74 3 0.452 -0.182 2.111
74 4 0.493 -0.022 2.045
74 5 0.337 -0.237 2.136
74 6 0.302 -0.445 2.231
74 7 0.305 -0.616 2.310
74 8 0.259 -0.631 2.312
74 9 0.625 -0.268 2.176
74 10 0.687 -0.437 2.242
74 11 0.698 -0.603 2.324
74 12 0.698 -0.656 2.348
74 13 0.421 -0.492 2.326
74 14 0.439 -0.716 2.095
74 15 0.322 -0.898 2.058
74 16 0.326 -0.957 1.999
74 17 0.554 -0.510 2.324
74 18 0.377 -0.789 2.123
74 19 0.539 -0.921 2.094
74 20 0.453 -0.878 2.110
75 1 0.474 -0.443 2.276
75 2 0.470 -0.399 2.244
75 3 0.446 -0.183 2.097
75 4 0.488 -0.023 2.032
75 5 0.329 -0.233 2.124
75 6 0.299 -0.442 2.222
75 7 0.305 -0.606 2.301
75 8 0.260 -0.630 2.311
75 9 0.618 -0.268 2.164
75 10 0.682 -0.435 2.233
75 11 0.689 -0.592 2.318
75 12 0.693 -0.649 2.348
75 13 0.416 -0.489 2.312
75 14 0.440 -0.718 2.092
75 15 0.330 -0.896 2.047
75 16 0.333 -0.956 1.988
75 17 0.546 -0.507 2.310
75 18 0.388 -0.800 2.119
75 19 0.633 -0.918 2.126
75 20 0.526 -0.857 2.154
76 1 0.470 -0.440 2.266
76 2 0.465 -0.397 2.234
76 3 0.440 -0.180 2.084
76 4 0.483 -0.020 2.017
76 5 0.321 -0.227 2.111
76 6 0.298 -0.436 2.212
76 7 0.298 -0.592 2.288
76 8 0.260 -0.628 2.309
76 9 0.611 -0.266 2.153
76 10 0.677 -0.432 2.226
76 11 0.684 -0.585 2.314
76 12 0.690 -0.642 2.347
76 13 0.412 -0.487 2.303
76 14 0.433 -0.736 2.099
76 15 0.315 -0.896 2.050
76 16 0.339 -0.875 2.032
76 17 0.539 -0.502 2.301
76 18 0.394 -0.807 2.116
76 19 0.659 -0.917 2.135
76 20 0.551 -0.849 2.170
77 1 0.465 -0.436 2.260
77 2 0.460 -0.393 2.227
77 3 0.435 -0.177 2.074
77 4 0.475 -0.013 2.001
77 5 0.314 -0.218 2.099
77 6 0.287 -0.425 2.196
77 7 0.299 -0.577 2.276
77 8 0.261 -0.619 2.301
77 9 0.603 -0.260 2.142
77 10 0.673 -0.430 2.221
77 11 0.681 -0.581 2.310
77 12 0.688 -0.638 2.346
77 13 0.409 -0.483 2.296
77 14 0.429 -0.743 2.105
77 15 0.300 -0.894 2.057
77 16 0.341 -0.827 2.062
77 17 0.533 -0.496 2.294
77 18 0.398 -0.812 2.114
77 19 0.655 -0.920 2.134
77 20 0.552 -0.855 2.167
78 1 0.460 -0.425 2.252
78 2 0.456 -0.386 2.221
78 3 0.433 -0.176 2.068
78 4 0.465 -0.001 1.985
78 5 0.306 -0.207 2.089
78 6 0.281 -0.415 2.186
78 7 0.298 -0.566 2.263
78 8 0.264 -0.604 2.288
78 9 0.590 -0.240 2.126
78 10 0.671 -0.427 2.218
78 11 0.678 -0.576 2.306
78 12 0.695 -0.624 2.330
78 13 0.405 -0.473 2.291
78 14 0.426 -0.744 2.111
78 15 0.286 -0.889 2.066
78 16 0.342 -0.805 2.074
78 17 0.525 -0.481 2.287
78 18 0.401 -0.815 2.113
78 19 0.651 -0.921 2.133
78 20 0.551 -0.859 2.165
79 1 0.450 -0.400 2.243
79 2 0.448 -0.367 2.214
79 3 0.430 -0.175 2.065
79 4 0.456 0.009 1.977
79 5 0.296 -0.189 2.078
79 6 0.275 -0.399 2.176
79 7 0.289 -0.552 2.246
79 8 0.263 -0.592 2.275
79 9 0.577 -0.207 2.107
79 10 0.661 -0.405 2.211
79 11 0.673 -0.558 2.290
79 12 0.699 -0.604 2.310
79 13 0.398 -0.453 2.285
79 14 0.424 -0.744 2.116
79 15 0.226 -0.883 2.104
79 16 0.249 -0.880 2.079
79 17 0.514 -0.450 2.277
79 18 0.401 -0.816 2.112
79 19 0.624 -0.923 2.125
79 20 0.532 -0.869 2.151
80 1 0.445 -0.382 2.238
80 2 0.441 -0.350 2.208
80 3 0.425 -0.172 2.064
80 4 0.444 0.021 1.973
80 5 0.289 -0.173 2.072
80 6 0.269 -0.384 2.168
80 7 0.265 -0.535 2.232
80 8 0.253 -0.582 2.261
80 9 0.570 -0.188 2.098
80 10 0.654 -0.389 2.206
80 11 0.668 -0.545 2.278
80 12 0.698 -0.592 2.298
80 13 0.394 -0.436 2.280
80 14 0.421 -0.742 2.120
80 15 0.206 -0.887 2.123
80 16 0.209 -0.931 2.089
80 17 0.509 -0.431 2.272
80 18 0.400 -0.816 2.112
80 19 0.604 -0.924 2.119
80 20 0.517 -0.875 2.140
81 1 0.435 -0.355 2.229
81 2 0.431 -0.323 2.200
81 3 0.414 -0.158 2.063
81 4 0.429 0.038 1.971
81 5 0.279 -0.151 2.069
81 6 0.260 -0.364 2.162
81 7 0.253 -0.521 2.222
81 8 0.247 -0.569 2.246
81 9 0.566 -0.174 2.093
81 10 0.648 -0.375 2.202
81 11 0.663 -0.534 2.268
81 12 0.684 -0.581 2.286
81 13 0.384 -0.409 2.273
81 14 0.419 -0.738 2.124
81 15 0.197 -0.890 2.133
81 16 0.194 -0.959 2.090
81 17 0.503 -0.410 2.264
81 18 0.462 -0.818 2.128
81 19 0.634 -0.930 2.121
81 20 0.555 -0.887 2.138
82 1 0.430 -0.340 2.224
82 2 0.425 -0.307 2.196
82 3 0.404 -0.144 2.065
82 4 0.415 0.053 1.973
82 5 0.272 -0.136 2.067
82 6 0.242 -0.337 2.150
82 7 0.243 -0.503 2.211
82 8 0.234 -0.545 2.248
82 9 0.561 -0.144 2.090
82 10 0.633 -0.347 2.193
82 11 0.655 -0.511 2.250
82 12 0.674 -0.568 2.267
82 13 0.379 -0.396 2.268
82 14 0.412 -0.727 2.126
82 15 0.199 -0.902 2.142
82 16 0.193 -0.983 2.091
82 17 0.499 -0.394 2.259
82 18 0.487 -0.818 2.134
82 19 0.543 -0.884 2.116
82 20 0.492 -0.881 2.154
83 1 0.427 -0.323 2.219
83 2 0.421 -0.291 2.192
83 3 0.395 -0.128 2.069
83 4 0.400 0.072 1.981
83 5 0.263 -0.119 2.066
83 6 0.233 -0.324 2.144
83 7 0.236 -0.493 2.202
83 8 0.219 -0.508 2.209
83 9 0.557 -0.117 2.088
83 10 0.619 -0.322 2.186
83 11 0.644 -0.490 2.232
83 12 0.661 -0.553 2.249
83 13 0.377 -0.382 2.262
83 14 0.406 -0.718 2.127
83 15 0.227 -0.929 2.128
83 16 0.223 -1.013 2.068
83 17 0.496 -0.377 2.255
83 18 0.502 -0.814 2.139
83 19 0.440 -0.941 2.104
83 20 0.433 -0.989 2.088
84 1 0.421 -0.305 2.214
84 2 0.414 -0.270 2.187
84 3 0.381 -0.093 2.073
84 4 0.382 0.104 1.986
84 5 0.256 -0.104 2.065
84 6 0.223 -0.305 2.134
84 7 0.227 -0.474 2.185
84 8 0.214 -0.499 2.203
84 9 0.553 -0.090 2.087
84 10 0.606 -0.299 2.177
84 11 0.628 -0.468 2.215
84 12 0.645 -0.533 2.235
84 13 0.371 -0.365 2.252
84 14 0.399 -0.708 2.127
84 15 0.246 -0.942 2.115
84 16 0.246 -1.023 2.050
84 17 0.492 -0.359 2.251
84 18 0.481 -0.789 2.143
84 19 0.506 -0.948 2.125
84 20 0.462 -0.949 2.106
85 1 0.414 -0.285 2.207
85 2 0.407 -0.248 2.182
85 3 0.371 -0.063 2.075
85 4 0.368 0.134 1.991
85 5 0.244 -0.068 2.062
85 6 0.217 -0.289 2.124
85 7 0.220 -0.458 2.171
85 8 0.210 -0.491 2.199
85 9 0.547 -0.055 2.085
85 10 0.594 -0.270 2.165
85 11 0.611 -0.442 2.199
85 12 0.611 -0.495 2.216
85 13 0.364 -0.347 2.241
85 14 0.371 -0.693 2.131
85 15 0.288 -0.960 2.092
85 16 0.291 -1.031 2.024
85 17 0.485 -0.341 2.244
85 18 0.464 -0.747 2.142
85 19 0.460 -0.959 2.117
85 20 0.442 -0.997 2.063
86 1 0.404 -0.262 2.198
86 2 0.398 -0.224 2.175
86 3 0.364 -0.032 2.073
86 4 0.357 0.167 1.995
86 5 0.236 -0.044 2.061
86 6 0.210 -0.271 2.113
86 7 0.216 -0.440 2.152
86 8 0.207 -0.475 2.166
86 9 0.541 -0.029 2.081
86 10 0.586 -0.246 2.157
86 11 0.595 -0.417 2.189
86 12 0.590 -0.458 2.203
86 13 0.352 -0.325 2.227
86 14 0.350 -0.665 2.132
86 15 0.312 -0.963 2.083
86 16 0.318 -1.027 2.015
86 17 0.475 -0.317 2.234
86 18 0.455 -0.691 2.146
86 19 0.443 -0.960 2.118
86 20 0.436 -1.007 2.054
87 1 0.397 -0.246 2.192
87 2 0.392 -0.208 2.170
87 3 0.361 -0.016 2.072
87 4 0.351 0.187 2.000
87 5 0.227 -0.019 2.061
87 6 0.206 -0.242 2.111
87 7 0.209 -0.409 2.152
87 8 0.202 -0.456 2.177
87 9 0.532 -0.001 2.077
87 10 0.579 -0.219 2.148
87 11 0.587 -0.404 2.184
87 12 0.580 -0.442 2.199
87 13 0.345 -0.311 2.218
87 14 0.340 -0.654 2.132
87 15 0.324 -0.961 2.076
87 16 0.332 -1.020 2.007
87 17 0.467 -0.301 2.227
87 18 0.452 -0.666 2.148
87 19 0.430 -0.956 2.120
87 20 0.432 -1.012 2.048
88 1 0.385 -0.217 2.180
88 2 0.380 -0.177 2.159
88 3 0.351 0.024 2.069
88 4 0.341 0.228 2.002
88 5 0.213 0.016 2.062
88 6 0.200 -0.220 2.098
88 7 0.206 -0.399 2.137
88 8 0.201 -0.450 2.145
88 9 0.524 0.027 2.072
88 10 0.574 -0.191 2.141
88 11 0.580 -0.390 2.180
88 12 0.573 -0.430 2.194
88 13 0.332 -0.286 2.204
88 14 0.331 -0.644 2.131
88 15 0.290 -0.921 2.054
88 16 0.295 -0.972 1.987
88 17 0.455 -0.275 2.211
88 18 0.441 -0.633 2.151
88 19 0.425 -0.941 2.122
88 20 0.432 -1.001 2.046
89 1 0.377 -0.195 2.169
89 2 0.372 -0.157 2.151
89 3 0.347 0.040 2.067
89 4 0.335 0.248 2.007
89 5 0.205 0.042 2.061
89 6 0.194 -0.198 2.088
89 7 0.202 -0.390 2.122
89 8 0.200 -0.447 2.132
89 9 0.517 0.055 2.069
89 10 0.568 -0.164 2.136
89 11 0.571 -0.347 2.171
89 12 0.570 -0.388 2.182
89 13 0.323 -0.266 2.193
89 14 0.325 -0.639 2.130
89 15 0.277 -0.899 2.047
89 16 0.280 -0.945 1.980
89 17 0.446 -0.255 2.197
89 18 0.435 -0.614 2.154
89 19 0.424 -0.921 2.123
89 20 0.434 -0.979 2.046
90 1 0.368 -0.172 2.158
90 2 0.363 -0.129 2.139
90 3 0.340 0.086 2.061
90 4 0.328 0.295 2.006
90 5 0.197 0.063 2.060
90 6 0.182 -0.157 2.074
90 7 0.193 -0.355 2.096
90 8 0.196 -0.423 2.109
90 9 0.511 0.075 2.067
90 10 0.564 -0.144 2.131
90 11 0.567 -0.318 2.164
90 12 0.570 -0.362 2.173
90 13 0.311 -0.242 2.179
90 14 0.321 -0.633 2.129
90 15 0.271 -0.880 2.044
90 16 0.274 -0.923 1.978
90 17 0.437 -0.233 2.182
90 18 0.430 -0.602 2.155
90 19 0.428 -0.860 2.125
90 20 0.389 -0.886 2.103
91 1 0.361 -0.157 2.150
91 2 0.357 -0.113 2.132
91 3 0.337 0.105 2.059
91 4 0.324 0.317 2.009
91 5 0.192 0.081 2.060
91 6 0.175 -0.138 2.068
91 7 0.187 -0.335 2.083
91 8 0.190 -0.406 2.096
91 9 0.506 0.091 2.065
91 10 0.561 -0.128 2.129
91 11 0.565 -0.299 2.157
91 12 0.571 -0.335 2.161
91 13 0.303 -0.226 2.169
91 14 0.318 -0.625 2.127
91 15 0.268 -0.865 2.045
91 16 0.270 -0.907 1.978
91 17 0.430 -0.218 2.170
91 18 0.427 -0.594 2.155
91 19 0.432 -0.822 2.126
91 20 0.373 -0.850 2.113
92 1 0.354 -0.143 2.142
92 2 0.351 -0.100 2.126
92 3 0.334 0.120 2.059
92 4 0.321 0.333 2.013
92 5 0.186 0.099 2.059
92 6 0.167 -0.122 2.065
92 7 0.180 -0.319 2.076
92 8 0.182 -0.390 2.088
92 9 0.501 0.105 2.065
92 10 0.559 -0.115 2.127
92 11 0.563 -0.285 2.150
92 12 0.571 -0.323 2.155
92 13 0.295 -0.212 2.159
92 14 0.313 -0.617 2.127
92 15 0.271 -0.827 2.056
92 16 0.321 -0.827 2.038
92 17 0.422 -0.205 2.159
92 18 0.420 -0.588 2.152
92 19 0.432 -0.805 2.126
92 20 0.367 -0.834 2.120
93 1 0.348 -0.131 2.134
93 2 0.345 -0.088 2.120
93 3 0.330 0.131 2.059
93 4 0.318 0.346 2.017
93 5 0.182 0.111 2.059
93 6 0.161 -0.111 2.065
93 7 0.165 -0.298 2.071
93 8 0.169 -0.369 2.082
93 9 0.495 0.119 2.066
93 10 0.555 -0.102 2.125
93 11 0.561 -0.273 2.144
93 12 0.570 -0.314 2.148
93 13 0.287 -0.200 2.150
93 14 0.308 -0.607 2.125
93 15 0.273 -0.807 2.064
93 16 0.339 -0.809 2.057
93 17 0.415 -0.195 2.147
93 18 0.411 -0.584 2.146
93 19 0.427 -0.792 2.124
93 20 0.411 -0.844 2.105
94 1 0.338 -0.118 2.125
94 2 0.336 -0.076 2.113
94 3 0.324 0.144 2.061
94 4 0.314 0.360 2.022
94 5 0.175 0.127 2.060
94 6 0.151 -0.100 2.067
94 7 0.155 -0.285 2.069
94 8 0.143 -0.344 2.080
94 9 0.490 0.130 2.067
94 10 0.552 -0.091 2.124
94 11 0.558 -0.263 2.136
94 12 0.567 -0.307 2.138
94 13 0.277 -0.187 2.138
94 14 0.300 -0.593 2.119
94 15 0.275 -0.794 2.070
94 16 0.333 -0.823 2.066
94 17 0.405 -0.184 2.133
94 18 0.402 -0.578 2.135
94 19 0.418 -0.783 2.113
94 20 0.410 -0.826 2.062
95 1 0.331 -0.109 2.117
95 2 0.329 -0.066 2.107
95 3 0.318 0.154 2.063
95 4 0.311 0.371 2.027
95 5 0.170 0.138 2.061
95 6 0.141 -0.092 2.070
95 7 0.141 -0.272 2.070
95 8 0.132 -0.333 2.079
95 9 0.485 0.140 2.068
95 10 0.548 -0.082 2.123
95 11 0.555 -0.254 2.126
95 12 0.561 -0.296 2.122
95 13 0.269 -0.179 2.129
95 14 0.292 -0.583 2.115
95 15 0.275 -0.786 2.074
95 16 0.330 -0.823 2.077
95 17 0.397 -0.176 2.122
95 18 0.382 -0.571 2.106
95 19 0.410 -0.780 2.103
95 20 0.389 -0.836 2.078
96 1 0.323 -0.101 2.109
96 2 0.322 -0.058 2.101
96 3 0.314 0.163 2.065
96 4 0.307 0.380 2.032
96 5 0.164 0.149 2.064
96 6 0.132 -0.082 2.073
96 7 0.121 -0.258 2.071
96 8 0.115 -0.321 2.077
96 9 0.479 0.149 2.070
96 10 0.544 -0.073 2.121
96 11 0.550 -0.245 2.113
96 12 0.555 -0.288 2.109
96 13 0.260 -0.170 2.119
96 14 0.284 -0.575 2.110
96 15 0.275 -0.781 2.078
96 16 0.321 -0.823 2.118
96 17 0.388 -0.168 2.110
96 18 0.372 -0.567 2.087
96 19 0.397 -0.779 2.085
96 20 0.359 -0.840 2.109
97 1 0.317 -0.094 2.102
97 2 0.316 -0.051 2.095
97 3 0.310 0.171 2.066
97 4 0.304 0.389 2.036
97 5 0.160 0.157 2.065
97 6 0.125 -0.076 2.076
97 7 0.111 -0.250 2.072
97 8 0.102 -0.311 2.074
97 9 0.475 0.156 2.071
97 10 0.540 -0.067 2.119
97 11 0.543 -0.240 2.098
97 12 0.547 -0.283 2.093
97 13 0.253 -0.163 2.110
97 14 0.278 -0.569 2.106
97 15 0.275 -0.779 2.081
97 16 0.317 -0.829 2.131
97 17 0.381 -0.162 2.100
97 18 0.363 -0.555 2.060
97 19 0.387 -0.779 2.067
97 20 0.372 -0.828 2.025
98 1 0.311 -0.088 2.095
98 2 0.311 -0.045 2.089
98 3 0.306 0.177 2.067
98 4 0.300 0.397 2.040
98 5 0.157 0.164 2.067
98 6 0.119 -0.071 2.078
98 7 0.102 -0.244 2.071
98 8 0.093 -0.306 2.072
98 9 0.471 0.162 2.072
98 10 0.534 -0.062 2.114
98 11 0.538 -0.236 2.086
98 12 0.540 -0.278 2.081
98 13 0.246 -0.158 2.101
98 14 0.271 -0.564 2.101
98 15 0.273 -0.781 2.085
98 16 0.314 -0.832 2.138
98 17 0.375 -0.157 2.090
98 18 0.358 -0.545 2.038
98 19 0.380 -0.766 2.029
98 20 0.375 -0.807 1.968
99 1 0.306 -0.083 2.087
99 2 0.306 -0.039 2.083
99 3 0.303 0.183 2.067
99 4 0.297 0.404 2.044
99 5 0.153 0.170 2.068
99 6 0.114 -0.065 2.079
99 7 0.093 -0.238 2.068
99 8 0.081 -0.301 2.068
99 9 0.467 0.167 2.073
99 10 0.528 -0.058 2.107
99 11 0.529 -0.233 2.068
99 12 0.530 -0.275 2.065
99 13 0.241 -0.153 2.092
99 14 0.259 -0.562 2.096
99 15 0.273 -0.783 2.090
99 16 0.313 -0.837 2.140
99 17 0.370 -0.151 2.081
99 18 0.355 -0.536 2.015
99 19 0.375 -0.756 2.006
99 20 0.379 -0.789 1.919
100 1 0.301 -0.079 2.080
100 2 0.302 -0.034 2.077
100 3 0.300 0.188 2.067
100 4 0.294 0.409 2.046
100 5 0.151 0.175 2.069
100 6 0.110 -0.061 2.079
100 7 0.083 -0.233 2.062
100 8 0.072 -0.297 2.062
100 9 0.464 0.170 2.073
100 10 0.522 -0.056 2.098
100 11 0.520 -0.231 2.050
100 12 0.520 -0.271 2.047
100 13 0.236 -0.149 2.083
100 14 0.249 -0.559 2.093
100 15 0.274 -0.786 2.096
100 16 0.312 -0.843 2.138
100 17 0.365 -0.147 2.071
100 18 0.352 -0.528 1.995
100 19 0.368 -0.745 1.970
100 20 0.376 -0.775 1.879
101 1 0.297 -0.076 2.071
101 2 0.297 -0.031 2.070
101 3 0.297 0.192 2.067
101 4 0.291 0.413 2.047
101 5 0.148 0.178 2.069
101 6 0.106 -0.058 2.077
101 7 0.075 -0.229 2.055
101 8 0.061 -0.294 2.050
101 9 0.461 0.174 2.072
101 10 0.515 -0.054 2.087
101 11 0.514 -0.230 2.037
101 12 0.512 -0.272 2.032
101 13 0.232 -0.146 2.072
101 14 0.240 -0.556 2.092
101 15 0.273 -0.787 2.099
101 16 0.282 -0.835 2.063
101 17 0.361 -0.144 2.062
101 18 0.350 -0.523 1.978
101 19 0.363 -0.739 1.947
101 20 0.371 -0.770 1.862
102 1 0.292 -0.073 2.062
102 2 0.293 -0.028 2.063
102 3 0.294 0.195 2.065
102 4 0.287 0.416 2.047
102 5 0.146 0.181 2.068
102 6 0.101 -0.055 2.071
102 7 0.066 -0.226 2.038
102 8 0.050 -0.292 2.028
102 9 0.457 0.176 2.071
102 10 0.508 -0.053 2.077
102 11 0.508 -0.229 2.023
102 12 0.505 -0.274 2.015
102 13 0.227 -0.144 2.061
102 14 0.234 -0.554 2.090
102 15 0.272 -0.788 2.101
102 16 0.267 -0.831 2.027
102 17 0.357 -0.141 2.052
102 18 0.347 -0.520 1.965
102 19 0.354 -0.731 1.897
102 20 0.364 -0.763 1.829
103 1 0.288 -0.072 2.052
103 2 0.289 -0.027 2.056
103 3 0.291 0.197 2.063
103 4 0.283 0.419 2.046
103 5 0.143 0.183 2.066
103 6 0.094 -0.053 2.059
103 7 0.059 -0.225 2.017
103 8 0.044 -0.291 2.010
103 9 0.452 0.178 2.068
103 10 0.502 -0.053 2.066
103 11 0.503 -0.228 2.012
103 12 0.500 -0.275 2.004
103 13 0.223 -0.143 2.050
103 14 0.229 -0.553 2.089
103 15 0.270 -0.791 2.102
103 16 0.259 -0.830 2.011
103 17 0.352 -0.140 2.041
103 18 0.344 -0.519 1.950
103 19 0.350 -0.729 1.868
103 20 0.325 -0.725 1.812
104 1 0.284 -0.073 2.041
104 2 0.285 -0.027 2.048
104 3 0.287 0.198 2.058
104 4 0.277 0.420 2.042
104 5 0.139 0.184 2.061
104 6 0.089 -0.052 2.042
104 7 0.056 -0.225 1.990
104 8 0.042 -0.290 1.977
104 9 0.446 0.179 2.063
104 10 0.498 -0.053 2.057
104 11 0.500 -0.228 2.003
104 12 0.498 -0.276 1.995
104 13 0.220 -0.143 2.038
104 14 0.223 -0.559 2.087
104 15 0.269 -0.793 2.104
104 16 0.255 -0.830 2.002
104 17 0.348 -0.140 2.029
104 18 0.341 -0.520 1.938
104 19 0.342 -0.728 1.834
104 20 0.302 -0.684 1.832
105 1 0.280 -0.075 2.029
105 2 0.281 -0.029 2.039
105 3 0.282 0.198 2.051
105 4 0.270 0.419 2.037
105 5 0.135 0.184 2.055
105 6 0.085 -0.053 2.020
105 7 0.056 -0.225 1.960
105 8 0.044 -0.290 1.940
105 9 0.438 0.179 2.055
105 10 0.494 -0.054 2.047
105 11 0.498 -0.228 1.995
105 12 0.497 -0.277 1.988
105 13 0.217 -0.145 2.026
105 14 0.218 -0.564 2.085
105 15 0.267 -0.794 2.105
105 16 0.252 -0.830 1.999
105 17 0.344 -0.140 2.017
105 18 0.340 -0.520 1.930
105 19 0.339 -0.733 1.815
105 20 0.312 -0.728 1.773
106 1 0.276 -0.078 2.015
106 2 0.277 -0.033 2.028
106 3 0.276 0.195 2.040
106 4 0.262 0.417 2.028
106 5 0.130 0.183 2.043
106 6 0.081 -0.056 1.994
106 7 0.060 -0.228 1.931
106 8 0.048 -0.292 1.915
106 9 0.431 0.178 2.042
106 10 0.491 -0.055 2.036
106 11 0.497 -0.229 1.989
106 12 0.498 -0.278 1.982
106 13 0.215 -0.149 2.011
106 14 0.215 -0.570 2.082
106 15 0.266 -0.796 2.105
106 16 0.252 -0.829 2.001
106 17 0.340 -0.143 2.002
106 18 0.337 -0.522 1.920
106 19 0.336 -0.738 1.801
106 20 0.320 -0.762 1.737
107 1 0.273 -0.082 2.001
107 2 0.273 -0.037 2.018
107 3 0.271 0.192 2.030
107 4 0.256 0.414 2.020
107 5 0.125 0.180 2.030
107 6 0.078 -0.058 1.974
107 7 0.066 -0.228 1.898
107 8 0.059 -0.292 1.875
107 9 0.423 0.176 2.027
107 10 0.489 -0.056 2.023
107 11 0.497 -0.230 1.983
107 12 0.500 -0.279 1.978
107 13 0.213 -0.153 1.997
107 14 0.214 -0.573 2.077
107 15 0.263 -0.797 2.104
107 16 0.227 -0.842 2.043
107 17 0.336 -0.146 1.987
107 18 0.336 -0.524 1.914
107 19 0.333 -0.742 1.791
107 20 0.322 -0.777 1.718
108 1 0.271 -0.085 1.986
108 2 0.271 -0.040 2.006
108 3 0.266 0.188 2.018
108 4 0.251 0.411 2.011
108 5 0.120 0.178 2.018
108 6 0.076 -0.059 1.955
108 7 0.070 -0.227 1.870
108 8 0.067 -0.291 1.848
108 9 0.418 0.174 2.011
108 10 0.486 -0.057 2.010
108 11 0.498 -0.231 1.977
108 12 0.504 -0.281 1.973
108 13 0.211 -0.156 1.982
108 14 0.213 -0.578 2.069
108 15 0.258 -0.795 2.097
108 16 0.222 -0.846 2.052
108 17 0.334 -0.148 1.968
108 18 0.334 -0.526 1.907
108 19 0.331 -0.747 1.784
108 20 0.323 -0.787 1.706
109 1 0.269 -0.088 1.968
109 2 0.268 -0.044 1.991
109 3 0.262 0.184 2.001
109 4 0.247 0.407 1.999
109 5 0.116 0.175 2.005
109 6 0.076 -0.060 1.937
109 7 0.074 -0.227 1.851
109 8 0.077 -0.288 1.819
109 9 0.414 0.172 1.994
109 10 0.485 -0.059 1.997
109 11 0.500 -0.233 1.969
109 12 0.509 -0.283 1.967
109 13 0.210 -0.160 1.963
109 14 0.214 -0.570 2.034
109 15 0.252 -0.790 2.086
109 16 0.220 -0.849 2.061
109 17 0.332 -0.151 1.949
109 18 0.333 -0.528 1.896
109 19 0.328 -0.751 1.778
109 20 0.323 -0.793 1.698
110 1 0.269 -0.090 1.946
110 2 0.268 -0.047 1.973
110 3 0.259 0.182 1.984
110 4 0.244 0.405 1.985
110 5 0.113 0.173 1.990
110 6 0.077 -0.060 1.920
110 7 0.080 -0.223 1.827
110 8 0.085 -0.284 1.797
110 9 0.411 0.169 1.976
110 10 0.484 -0.060 1.980
110 11 0.503 -0.235 1.961
110 12 0.515 -0.284 1.959
110 13 0.210 -0.162 1.939
110 14 0.213 -0.572 2.022
110 15 0.249 -0.787 2.075
110 16 0.232 -0.831 2.022
110 17 0.332 -0.152 1.928
110 18 0.331 -0.531 1.878
110 19 0.326 -0.756 1.774
110 20 0.323 -0.798 1.691
111 1 0.269 -0.092 1.924
111 2 0.268 -0.050 1.954
111 3 0.259 0.180 1.968
111 4 0.244 0.404 1.970
111 5 0.111 0.171 1.973
111 6 0.080 -0.059 1.900
111 7 0.084 -0.221 1.810
111 8 0.091 -0.283 1.783
111 9 0.409 0.168 1.959
111 10 0.484 -0.061 1.964
111 11 0.507 -0.236 1.953
111 12 0.520 -0.285 1.952
111 13 0.211 -0.164 1.916
111 14 0.215 -0.577 2.003
111 15 0.248 -0.785 2.064
111 16 0.258 -0.832 2.032
111 17 0.332 -0.153 1.906
111 18 0.327 -0.554 1.836
111 19 0.324 -0.762 1.769
111 20 0.322 -0.802 1.687
112 1 0.270 -0.093 1.901
112 2 0.269 -0.053 1.933
112 3 0.260 0.178 1.947
112 4 0.244 0.402 1.953
112 5 0.110 0.169 1.955
112 6 0.083 -0.060 1.877
112 7 0.088 -0.222 1.793
112 8 0.095 -0.284 1.771
112 9 0.409 0.166 1.942
112 10 0.485 -0.062 1.946
112 11 0.511 -0.238 1.941
112 12 0.525 -0.286 1.943
112 13 0.212 -0.165 1.892
112 14 0.216 -0.582 1.978
112 15 0.250 -0.782 2.045
112 16 0.282 -0.828 2.035
112 17 0.333 -0.154 1.882
112 18 0.325 -0.564 1.819
112 19 0.321 -0.767 1.763
112 20 0.321 -0.805 1.682
113 1 0.271 -0.093 1.879
113 2 0.270 -0.054 1.913
113 3 0.261 0.177 1.931
113 4 0.247 0.401 1.937
113 5 0.111 0.170 1.936
113 6 0.086 -0.059 1.858
113 7 0.091 -0.222 1.780
113 8 0.098 -0.284 1.761
113 9 0.410 0.165 1.926
113 10 0.485 -0.063 1.925
113 11 0.516 -0.240 1.923
113 12 0.530 -0.287 1.928
113 13 0.213 -0.164 1.867
113 14 0.217 -0.583 1.948
113 15 0.250 -0.779 2.009
113 16 0.312 -0.799 2.013
113 17 0.334 -0.154 1.860
113 18 0.325 -0.570 1.802
113 19 0.317 -0.771 1.756
113 20 0.318 -0.808 1.676
114 1 0.273 -0.093 1.857
114 2 0.272 -0.055 1.892
114 3 0.263 0.176 1.913
114 4 0.250 0.400 1.921
114 5 0.112 0.170 1.916
114 6 0.090 -0.059 1.831
114 7 0.092 -0.224 1.768
114 8 0.100 -0.286 1.753
114 9 0.411 0.165 1.905
114 10 0.486 -0.064 1.902
114 11 0.518 -0.244 1.903
114 12 0.532 -0.291 1.910
114 13 0.215 -0.163 1.840
114 14 0.219 -0.577 1.904
114 15 0.250 -0.769 1.978
114 16 0.325 -0.787 1.993
114 17 0.335 -0.154 1.840
114 18 0.328 -0.573 1.782
114 19 0.314 -0.775 1.751
114 20 0.316 -0.810 1.672
115 1 0.275 -0.093 1.834
115 2 0.274 -0.056 1.871
115 3 0.266 0.173 1.889
115 4 0.255 0.398 1.903
115 5 0.115 0.171 1.895
115 6 0.092 -0.059 1.813
115 7 0.093 -0.226 1.755
115 8 0.100 -0.289 1.746
115 9 0.413 0.165 1.889
115 10 0.486 -0.065 1.878
115 11 0.519 -0.250 1.871
115 12 0.532 -0.297 1.877
115 13 0.217 -0.162 1.817
115 14 0.220 -0.574 1.876
115 15 0.251 -0.765 1.945
115 16 0.328 -0.749 1.942
115 17 0.337 -0.155 1.819
115 18 0.330 -0.574 1.769
115 19 0.310 -0.778 1.741
115 20 0.312 -0.812 1.664
116 1 0.275 -0.093 1.815
116 2 0.274 -0.057 1.853
116 3 0.267 0.172 1.871
116 4 0.259 0.397 1.887
116 5 0.117 0.173 1.877
116 6 0.093 -0.059 1.798
116 7 0.092 -0.229 1.745
116 8 0.098 -0.292 1.738
116 9 0.415 0.166 1.868
116 10 0.485 -0.065 1.852
116 11 0.516 -0.252 1.832
116 12 0.528 -0.300 1.839
116 13 0.217 -0.161 1.799
116 14 0.219 -0.570 1.847
116 15 0.249 -0.761 1.915
116 16 0.324 -0.729 1.904
116 17 0.336 -0.156 1.799
116 18 0.332 -0.574 1.760
116 19 0.309 -0.781 1.733
116 20 0.310 -0.813 1.656
117 1 0.274 -0.094 1.797
117 2 0.274 -0.057 1.835
117 3 0.268 0.171 1.853
117 4 0.263 0.396 1.870
117 5 0.120 0.175 1.859
117 6 0.091 -0.058 1.785
117 7 0.089 -0.232 1.734
117 8 0.093 -0.294 1.729
117 9 0.417 0.167 1.846
117 10 0.485 -0.065 1.827
117 11 0.512 -0.250 1.797
117 12 0.521 -0.299 1.797
117 13 0.217 -0.161 1.782
117 14 0.217 -0.574 1.819
117 15 0.237 -0.770 1.882
117 16 0.304 -0.720 1.866
117 17 0.335 -0.156 1.779
117 18 0.333 -0.574 1.751
117 19 0.307 -0.783 1.728
117 20 0.309 -0.814 1.652
118 1 0.274 -0.094 1.781
118 2 0.275 -0.058 1.820
118 3 0.269 0.171 1.838
118 4 0.266 0.397 1.855
118 5 0.121 0.177 1.845
118 6 0.090 -0.057 1.775
118 7 0.084 -0.231 1.724
118 8 0.083 -0.295 1.716
118 9 0.418 0.167 1.828
118 10 0.484 -0.065 1.803
118 11 0.506 -0.246 1.753
118 12 0.512 -0.298 1.749
118 13 0.216 -0.160 1.768
118 14 0.214 -0.582 1.787
118 15 0.225 -0.776 1.859
118 16 0.239 -0.761 1.788
118 17 0.335 -0.157 1.761
118 18 0.333 -0.574 1.743
118 19 0.306 -0.785 1.723
118 20 0.307 -0.815 1.648
119 1 0.275 -0.092 1.766
119 2 0.275 -0.056 1.806
119 3 0.271 0.174 1.823
119 4 0.269 0.400 1.839
119 5 0.123 0.179 1.832
119 6 0.087 -0.055 1.766
119 7 0.078 -0.230 1.713
119 8 0.073 -0.293 1.702
119 9 0.420 0.170 1.815
119 10 0.484 -0.062 1.780
119 11 0.503 -0.242 1.724
119 12 0.507 -0.295 1.716
119 13 0.216 -0.159 1.753
119 14 0.207 -0.579 1.746
119 15 0.177 -0.782 1.789
119 16 0.166 -0.795 1.698
119 17 0.335 -0.156 1.746
119 18 0.333 -0.573 1.734
119 19 0.305 -0.786 1.720
119 20 0.305 -0.816 1.645
120 1 0.275 -0.092 1.753
120 2 0.276 -0.055 1.793
120 3 0.273 0.176 1.808
120 4 0.271 0.402 1.821
120 5 0.124 0.180 1.821
120 6 0.085 -0.055 1.758
120 7 0.071 -0.228 1.700
120 8 0.061 -0.289 1.688
120 9 0.422 0.171 1.797
120 10 0.485 -0.061 1.760
120 11 0.499 -0.238 1.692
120 12 0.500 -0.290 1.679
120 13 0.215 -0.158 1.742
120 14 0.202 -0.576 1.721
120 15 0.150 -0.784 1.742
120 16 0.127 -0.813 1.644
120 17 0.335 -0.156 1.731
120 18 0.331 -0.572 1.726
120 19 0.304 -0.787 1.718
120 20 0.304 -0.816 1.643
121 1 0.274 -0.091 1.741
121 2 0.276 -0.054 1.782
121 3 0.274 0.179 1.797
121 4 0.272 0.405 1.807
121 5 0.125 0.181 1.811
121 6 0.082 -0.054 1.750
121 7 0.064 -0.225 1.687
121 8 0.053 -0.287 1.676
121 9 0.424 0.172 1.782
121 10 0.486 -0.060 1.742
121 11 0.496 -0.233 1.665
121 12 0.495 -0.281 1.651
121 13 0.214 -0.157 1.731
121 14 0.194 -0.570 1.696
121 15 0.185 -0.781 1.714
121 16 0.173 -0.817 1.625
121 17 0.334 -0.155 1.718
121 18 0.329 -0.570 1.719
121 19 0.303 -0.787 1.716
121 20 0.302 -0.816 1.641
122 1 0.273 -0.089 1.731
122 2 0.276 -0.052 1.772
122 3 0.275 0.183 1.785
122 4 0.273 0.409 1.791
122 5 0.127 0.182 1.802
122 6 0.079 -0.053 1.744
122 7 0.059 -0.223 1.677
122 8 0.046 -0.286 1.665
122 9 0.426 0.174 1.771
122 10 0.487 -0.059 1.726
122 11 0.494 -0.226 1.639
122 12 0.492 -0.272 1.627
122 13 0.213 -0.155 1.722
122 14 0.187 -0.563 1.676
122 15 0.205 -0.777 1.696
122 16 0.187 -0.818 1.603
122 17 0.334 -0.154 1.708
122 18 0.327 -0.569 1.713
122 19 0.302 -0.787 1.714
122 20 0.300 -0.816 1.639
123 1 0.272 -0.087 1.721
123 2 0.275 -0.049 1.762
123 3 0.276 0.187 1.773
123 4 0.273 0.413 1.778
123 5 0.128 0.183 1.791
123 6 0.078 -0.052 1.737
123 7 0.055 -0.221 1.668
123 8 0.042 -0.284 1.656
123 9 0.429 0.175 1.763
123 10 0.488 -0.057 1.712
123 11 0.494 -0.216 1.611
123 12 0.489 -0.270 1.590
123 13 0.211 -0.153 1.714
123 14 0.182 -0.556 1.661
123 15 0.140 -0.767 1.641
123 16 0.127 -0.807 1.556
123 17 0.333 -0.153 1.698
123 18 0.326 -0.566 1.708
123 19 0.302 -0.787 1.713
123 20 0.299 -0.815 1.637
124 1 0.271 -0.084 1.713
124 2 0.275 -0.047 1.754
124 3 0.276 0.191 1.763
124 4 0.273 0.416 1.765
124 5 0.130 0.185 1.779
124 6 0.077 -0.050 1.730
124 7 0.053 -0.219 1.662
124 8 0.040 -0.283 1.649
124 9 0.431 0.178 1.754
124 10 0.488 -0.053 1.696
124 11 0.494 -0.206 1.586
124 12 0.490 -0.265 1.562
124 13 0.209 -0.151 1.706
124 14 0.174 -0.549 1.645
124 15 0.116 -0.764 1.621
124 16 0.108 -0.804 1.540
124 17 0.332 -0.151 1.690
124 18 0.325 -0.564 1.703
124 19 0.301 -0.786 1.711
124 20 0.298 -0.815 1.636
125 1 0.270 -0.082 1.705
125 2 0.274 -0.044 1.746
125 3 0.277 0.194 1.753
125 4 0.273 0.420 1.754
125 5 0.131 0.187 1.768
125 6 0.076 -0.048 1.724
125 7 0.052 -0.218 1.658
125 8 0.039 -0.280 1.644
125 9 0.433 0.180 1.747
125 10 0.487 -0.048 1.682
125 11 0.494 -0.196 1.567
125 12 0.489 -0.258 1.539
125 13 0.207 -0.148 1.698
125 14 0.169 -0.544 1.633
125 15 0.103 -0.762 1.608
125 16 0.096 -0.801 1.529
125 17 0.331 -0.150 1.682
125 18 0.324 -0.562 1.699
125 19 0.300 -0.785 1.709
125 20 0.296 -0.813 1.634
126 1 0.269 -0.080 1.697
126 2 0.273 -0.042 1.739
126 3 0.277 0.197 1.745
126 4 0.273 0.422 1.745
126 5 0.133 0.189 1.758
126 6 0.076 -0.046 1.717
126 7 0.052 -0.217 1.654
126 8 0.040 -0.277 1.641
126 9 0.435 0.182 1.741
126 10 0.487 -0.043 1.670
126 11 0.493 -0.188 1.552
126 12 0.489 -0.249 1.518
126 13 0.205 -0.146 1.691
126 14 0.165 -0.541 1.624
126 15 0.096 -0.760 1.583
126 16 0.091 -0.798 1.507
126 17 0.330 -0.149 1.674
126 18 0.324 -0.560 1.696
126 19 0.299 -0.783 1.707
126 20 0.295 -0.812 1.632
127 1 0.268 -0.079 1.690
127 2 0.271 -0.040 1.732
127 3 0.277 0.199 1.737
127 4 0.273 0.424 1.736
127 5 0.134 0.191 1.748
127 6 0.078 -0.045 1.709
127 7 0.052 -0.216 1.651
127 8 0.041 -0.275 1.639
127 9 0.436 0.183 1.734
127 10 0.486 -0.038 1.660
127 11 0.492 -0.181 1.539
127 12 0.488 -0.241 1.502
127 13 0.203 -0.144 1.684
127 14 0.160 -0.538 1.615
127 15 0.093 -0.759 1.568
127 16 0.089 -0.796 1.494
127 17 0.328 -0.148 1.668
127 18 0.323 -0.558 1.692
127 19 0.297 -0.782 1.705
127 20 0.293 -0.811 1.630
128 1 0.267 -0.078 1.683
128 2 0.270 -0.039 1.725
128 3 0.276 0.201 1.729
128 4 0.273 0.425 1.727
128 5 0.135 0.193 1.739
128 6 0.080 -0.043 1.701
128 7 0.053 -0.216 1.648
128 8 0.044 -0.276 1.638
128 9 0.437 0.185 1.728
128 10 0.485 -0.035 1.653
128 11 0.492 -0.175 1.529
128 12 0.487 -0.235 1.491
128 13 0.202 -0.142 1.676
128 14 0.157 -0.535 1.606
128 15 0.094 -0.759 1.555
128 16 0.091 -0.794 1.481
128 17 0.327 -0.148 1.661
128 18 0.322 -0.556 1.689
128 19 0.295 -0.780 1.704
128 20 0.292 -0.810 1.628
129 1 0.265 -0.077 1.676
129 2 0.269 -0.038 1.718
129 3 0.276 0.202 1.721
129 4 0.273 0.426 1.719
129 5 0.135 0.193 1.732
129 6 0.081 -0.043 1.695
129 7 0.053 -0.216 1.647
129 8 0.047 -0.278 1.637
129 9 0.438 0.186 1.721
129 10 0.484 -0.032 1.646
129 11 0.491 -0.172 1.522
129 12 0.486 -0.232 1.483
129 13 0.200 -0.141 1.669
129 14 0.154 -0.533 1.599
129 15 0.095 -0.758 1.541
129 16 0.093 -0.791 1.467
129 17 0.326 -0.148 1.655
129 18 0.321 -0.553 1.684
129 19 0.294 -0.779 1.702
129 20 0.290 -0.808 1.627
130 1 0.264 -0.076 1.668
130 2 0.267 -0.037 1.711
130 3 0.275 0.203 1.713
130 4 0.272 0.427 1.712
130 5 0.135 0.194 1.725
130 6 0.082 -0.042 1.691
130 7 0.054 -0.217 1.645
130 8 0.049 -0.278 1.637
130 9 0.439 0.186 1.713
130 10 0.482 -0.032 1.638
130 11 0.488 -0.171 1.514
130 12 0.484 -0.231 1.477
130 13 0.198 -0.140 1.662
130 14 0.151 -0.531 1.589
130 15 0.096 -0.758 1.532
130 16 0.095 -0.790 1.458
130 17 0.324 -0.147 1.648
130 18 0.319 -0.550 1.678
130 19 0.292 -0.778 1.701
130 20 0.288 -0.807 1.626
131 1 0.262 -0.076 1.661
131 2 0.266 -0.037 1.704
131 3 0.274 0.204 1.707
131 4 0.271 0.428 1.704
131 5 0.135 0.194 1.719
131 6 0.083 -0.042 1.687
131 7 0.054 -0.217 1.644
131 8 0.050 -0.279 1.636
131 9 0.438 0.186 1.703
131 10 0.481 -0.031 1.631
131 11 0.485 -0.172 1.509
131 12 0.480 -0.231 1.474
131 13 0.196 -0.139 1.655
131 14 0.149 -0.528 1.577
131 15 0.098 -0.757 1.520
131 16 0.096 -0.788 1.447
131 17 0.322 -0.147 1.641
131 18 0.318 -0.548 1.672
131 19 0.290 -0.776 1.699
131 20 0.286 -0.806 1.624
132 1 0.260 -0.075 1.654
132 2 0.265 -0.036 1.697
132 3 0.273 0.205 1.700
132 4 0.270 0.428 1.696
132 5 0.134 0.194 1.714
132 6 0.083 -0.042 1.684
132 7 0.055 -0.217 1.642
132 8 0.051 -0.279 1.636
132 9 0.436 0.186 1.693
132 10 0.478 -0.033 1.623
132 11 0.480 -0.176 1.505
132 12 0.474 -0.237 1.473
132 13 0.195 -0.138 1.648
132 14 0.147 -0.524 1.566
132 15 0.100 -0.756 1.509
132 16 0.097 -0.786 1.435
132 17 0.320 -0.147 1.633
132 18 0.317 -0.546 1.666
132 19 0.288 -0.775 1.697
132 20 0.284 -0.804 1.621
133 1 0.258 -0.075 1.646
133 2 0.263 -0.036 1.690
133 3 0.272 0.206 1.694
133 4 0.268 0.430 1.689
133 5 0.133 0.194 1.709
133 6 0.083 -0.043 1.680
133 7 0.055 -0.219 1.639
133 8 0.051 -0.279 1.635
133 9 0.433 0.185 1.682
133 10 0.474 -0.037 1.612
133 11 0.473 -0.187 1.503
133 12 0.465 -0.251 1.477
133 13 0.193 -0.137 1.641
133 14 0.146 -0.519 1.556
133 15 0.045 -0.733 1.519
133 16 0.039 -0.762 1.444
133 17 0.317 -0.147 1.622
133 18 0.315 -0.543 1.655
133 19 0.286 -0.773 1.695
133 20 0.281 -0.803 1.619
134 1 0.255 -0.075 1.637
134 2 0.261 -0.036 1.682
134 3 0.270 0.207 1.687
134 4 0.266 0.431 1.682
134 5 0.131 0.193 1.704
134 6 0.081 -0.044 1.673
134 7 0.054 -0.220 1.632
134 8 0.051 -0.279 1.631
134 9 0.430 0.185 1.672
134 10 0.470 -0.041 1.604
134 11 0.465 -0.200 1.506
134 12 0.457 -0.253 1.491
134 13 0.190 -0.137 1.633
134 14 0.145 -0.516 1.548
134 15 0.021 -0.723 1.528
134 16 0.014 -0.752 1.453
134 17 0.314 -0.147 1.612
134 18 0.313 -0.541 1.647
134 19 0.284 -0.771 1.691
134 20 0.278 -0.801 1.616
135 1 0.252 -0.075 1.628
135 2 0.258 -0.036 1.673
135 3 0.268 0.208 1.680
135 4 0.263 0.432 1.675
135 5 0.128 0.192 1.697
135 6 0.078 -0.045 1.665
135 7 0.052 -0.222 1.621
135 8 0.048 -0.280 1.622
135 9 0.426 0.184 1.663
135 10 0.465 -0.045 1.596
135 11 0.460 -0.212 1.511
135 12 0.453 -0.255 1.504
135 13 0.186 -0.137 1.624
135 14 0.144 -0.514 1.542
135 15 0.008 -0.718 1.535
135 16 -0.000 -0.747 1.460
135 17 0.311 -0.147 1.603
135 18 0.312 -0.541 1.640
135 19 0.281 -0.770 1.686
135 20 0.275 -0.800 1.610
136 1 0.249 -0.076 1.619
136 2 0.256 -0.037 1.664
136 3 0.266 0.209 1.674
136 4 0.260 0.432 1.668
136 5 0.124 0.191 1.689
136 6 0.074 -0.046 1.654
136 7 0.049 -0.224 1.607
136 8 0.044 -0.280 1.608
136 9 0.422 0.184 1.655
136 10 0.462 -0.048 1.590
136 11 0.456 -0.219 1.515
136 12 0.451 -0.258 1.514
136 13 0.183 -0.137 1.615
136 14 0.144 -0.512 1.538
136 15 0.065 -0.738 1.499
136 16 0.056 -0.767 1.424
136 17 0.308 -0.147 1.594
136 18 0.311 -0.540 1.634
136 19 0.277 -0.769 1.679
136 20 0.271 -0.798 1.603
137 1 0.246 -0.076 1.610
137 2 0.253 -0.037 1.656
137 3 0.263 0.210 1.666
137 4 0.257 0.433 1.661
137 5 0.120 0.191 1.680
137 6 0.068 -0.046 1.641
137 7 0.044 -0.225 1.592
137 8 0.040 -0.279 1.594
137 9 0.418 0.184 1.648
137 10 0.459 -0.050 1.586
137 11 0.454 -0.224 1.519
137 12 0.450 -0.260 1.521
137 13 0.180 -0.138 1.605
137 14 0.143 -0.511 1.534
137 15 0.095 -0.751 1.480
137 16 0.088 -0.780 1.405
137 17 0.305 -0.148 1.585
137 18 0.310 -0.539 1.628
137 19 0.273 -0.768 1.671
137 20 0.266 -0.797 1.595
138 1 0.243 -0.076 1.601
138 2 0.249 -0.037 1.647
138 3 0.259 0.210 1.657
138 4 0.253 0.434 1.655
138 5 0.114 0.192 1.671
138 6 0.062 -0.044 1.627
138 7 0.040 -0.227 1.577
138 8 0.037 -0.279 1.580
138 9 0.413 0.185 1.641
138 10 0.456 -0.051 1.583
138 11 0.453 -0.228 1.523
138 12 0.450 -0.261 1.526
138 13 0.176 -0.138 1.595
138 14 0.142 -0.511 1.530
138 15 0.111 -0.757 1.471
138 16 0.104 -0.787 1.395
138 17 0.301 -0.147 1.577
138 18 0.308 -0.538 1.621
138 19 0.269 -0.767 1.663
138 20 0.263 -0.796 1.588
139 1 0.238 -0.077 1.592
139 2 0.244 -0.038 1.637
139 3 0.254 0.211 1.648
139 4 0.248 0.435 1.647
139 5 0.108 0.193 1.660
139 6 0.055 -0.043 1.611
139 7 0.036 -0.228 1.564
139 8 0.033 -0.279 1.565
139 9 0.408 0.185 1.635
139 10 0.455 -0.051 1.581
139 11 0.453 -0.229 1.525
139 12 0.451 -0.264 1.530
139 13 0.172 -0.138 1.585
139 14 0.141 -0.511 1.526
139 15 0.119 -0.761 1.465
139 16 0.113 -0.791 1.389
139 17 0.298 -0.147 1.569
139 18 0.305 -0.537 1.615
139 19 0.267 -0.766 1.657
139 20 0.260 -0.796 1.582
140 1 0.234 -0.077 1.583
140 2 0.239 -0.038 1.628
140 3 0.248 0.212 1.640
140 4 0.243 0.435 1.641
140 5 0.101 0.194 1.649
140 6 0.048 -0.041 1.598
140 7 0.031 -0.228 1.551
140 8 0.030 -0.280 1.550
140 9 0.403 0.186 1.630
140 10 0.453 -0.051 1.580
140 11 0.454 -0.230 1.528
140 12 0.455 -0.263 1.533
140 13 0.167 -0.139 1.574
140 14 0.139 -0.511 1.521
140 15 0.124 -0.763 1.461
140 16 0.118 -0.793 1.385
140 17 0.293 -0.147 1.560
140 18 0.300 -0.535 1.605
140 19 0.265 -0.765 1.653
140 20 0.259 -0.795 1.577
141 1 0.229 -0.077 1.573
141 2 0.233 -0.038 1.619
141 3 0.242 0.212 1.632
141 4 0.238 0.435 1.634
141 5 0.094 0.194 1.638
141 6 0.041 -0.041 1.585
141 7 0.026 -0.227 1.538
141 8 0.024 -0.278 1.534
141 9 0.398 0.187 1.625
141 10 0.452 -0.051 1.579
141 11 0.456 -0.228 1.530
141 12 0.459 -0.260 1.535
141 13 0.162 -0.139 1.563
141 14 0.136 -0.511 1.516
141 15 0.128 -0.765 1.458
141 16 0.122 -0.795 1.382
141 17 0.289 -0.147 1.552
141 18 0.295 -0.533 1.595
141 19 0.263 -0.764 1.648
141 20 0.257 -0.794 1.573
142 1 0.223 -0.077 1.565
142 2 0.226 -0.038 1.610
142 3 0.235 0.212 1.624
142 4 0.233 0.436 1.627
142 5 0.088 0.194 1.627
142 6 0.035 -0.040 1.574
142 7 0.020 -0.227 1.527
142 8 0.019 -0.278 1.521
142 9 0.394 0.189 1.621
142 10 0.450 -0.050 1.579
142 11 0.460 -0.226 1.533
142 12 0.464 -0.258 1.536
142 13 0.157 -0.139 1.552
142 14 0.134 -0.511 1.512
142 15 0.130 -0.767 1.456
142 16 0.125 -0.796 1.380
142 17 0.284 -0.146 1.544
142 18 0.288 -0.530 1.585
142 19 0.260 -0.763 1.644
142 20 0.255 -0.793 1.569
143 1 0.217 -0.077 1.556
143 2 0.220 -0.038 1.602
143 3 0.228 0.212 1.617
143 4 0.228 0.436 1.620
143 5 0.083 0.194 1.618
143 6 0.029 -0.040 1.564
143 7 0.014 -0.227 1.515
143 8 0.013 -0.279 1.510
143 9 0.389 0.190 1.617
143 10 0.449 -0.048 1.579
143 11 0.463 -0.223 1.534
143 12 0.469 -0.255 1.536
143 13 0.152 -0.139 1.542
143 14 0.133 -0.511 1.509
143 15 0.131 -0.768 1.455
143 16 0.127 -0.798 1.379
143 17 0.279 -0.146 1.536
143 18 0.283 -0.528 1.577
143 19 0.268 -0.766 1.617
143 20 0.266 -0.795 1.541
144 1 0.212 -0.076 1.548
144 2 0.214 -0.038 1.594
144 3 0.221 0.212 1.611
144 4 0.222 0.436 1.614
144 5 0.077 0.194 1.610
144 6 0.024 -0.039 1.554
144 7 0.008 -0.227 1.504
144 8 0.006 -0.280 1.499
144 9 0.383 0.192 1.612
144 10 0.447 -0.046 1.579
144 11 0.466 -0.220 1.535
144 12 0.472 -0.253 1.536
144 13 0.147 -0.139 1.534
144 14 0.132 -0.512 1.507
144 15 0.132 -0.769 1.455
144 16 0.129 -0.799 1.379
144 17 0.273 -0.145 1.527
144 18 0.279 -0.526 1.570
144 19 0.273 -0.767 1.599
144 20 0.272 -0.796 1.522
145 1 0.207 -0.076 1.541
145 2 0.208 -0.038 1.588
145 3 0.215 0.212 1.605
145 4 0.218 0.436 1.608
145 5 0.072 0.194 1.602
145 6 0.019 -0.039 1.546
145 7 0.002 -0.226 1.495
145 8 -0.001 -0.280 1.489
145 9 0.377 0.193 1.608
145 10 0.445 -0.044 1.579
145 11 0.468 -0.217 1.536
145 12 0.475 -0.252 1.536
145 13 0.143 -0.139 1.527
145 14 0.132 -0.512 1.505
145 15 0.133 -0.770 1.457
145 16 0.130 -0.800 1.381
145 17 0.268 -0.144 1.519
145 18 0.275 -0.525 1.563
145 19 0.276 -0.767 1.585
145 20 0.276 -0.797 1.509
