1 1 0.088 -0.409 2.374
1 2 0.081 -0.351 2.423
1 3 0.079 -0.029 2.410
1 4 0.098 0.175 2.392
1 5 -0.083 -0.160 2.390
1 6 -0.135 -0.397 2.345
1 7 -0.154 -0.526 2.158
1 8 -0.160 -0.570 2.098
1 9 0.238 -0.179 2.433
1 10 0.296 -0.389 2.399
1 11 0.137 -0.533 2.349
1 12 0.121 -0.597 2.330
1 13 0.011 -0.479 2.351
1 14 -0.018 -0.550 1.999
1 15 -0.035 -0.847 1.939
1 16 -0.023 -0.882 1.856
1 17 0.168 -0.485 2.377
1 18 0.261 -0.535 2.049
1 19 0.279 -0.833 1.984
1 20 0.291 -0.868 1.901
2 1 0.088 -0.409 2.374
2 2 0.080 -0.351 2.423
2 3 0.078 -0.029 2.411
2 4 0.098 0.175 2.392
2 5 -0.084 -0.160 2.390
2 6 -0.135 -0.398 2.345
2 7 -0.154 -0.526 2.158
2 8 -0.161 -0.570 2.098
2 9 0.237 -0.179 2.433
2 10 0.296 -0.389 2.399
2 11 0.137 -0.532 2.349
2 12 0.121 -0.597 2.330
2 13 0.010 -0.479 2.351
2 14 -0.018 -0.550 1.999
2 15 -0.035 -0.847 1.939
2 16 -0.024 -0.882 1.856
2 17 0.168 -0.485 2.377
2 18 0.261 -0.535 2.049
2 19 0.279 -0.833 1.984
2 20 0.291 -0.868 1.901
3 1 0.088 -0.409 2.374
3 2 0.080 -0.351 2.423
3 3 0.078 -0.029 2.411
3 4 0.098 0.175 2.392
3 5 -0.084 -0.160 2.390
3 6 -0.135 -0.398 2.345
3 7 -0.154 -0.526 2.158
3 8 -0.161 -0.570 2.099
3 9 0.237 -0.179 2.433
3 10 0.296 -0.389 2.399
3 11 0.137 -0.532 2.349
3 12 0.121 -0.596 2.330
3 13 0.010 -0.479 2.351
3 14 -0.018 -0.550 1.999
3 15 -0.035 -0.846 1.939
3 16 -0.024 -0.881 1.856
3 17 0.168 -0.485 2.377
3 18 0.261 -0.535 2.049
3 19 0.279 -0.832 1.984
3 20 0.291 -0.867 1.901
4 1 0.087 -0.409 2.374
4 2 0.079 -0.351 2.423
4 3 0.077 -0.029 2.411
4 4 0.097 0.175 2.392
4 5 -0.084 -0.160 2.390
4 6 -0.135 -0.398 2.345
4 7 -0.150 -0.527 2.159
4 8 -0.158 -0.570 2.100
4 9 0.237 -0.179 2.433
4 10 0.296 -0.389 2.399
4 11 0.137 -0.532 2.349
4 12 0.121 -0.596 2.330
4 13 0.009 -0.479 2.351
4 14 -0.018 -0.550 1.999
4 15 -0.036 -0.846 1.939
4 16 -0.024 -0.880 1.856
4 17 0.167 -0.485 2.376
4 18 0.261 -0.535 2.049
4 19 0.279 -0.832 1.984
4 20 0.291 -0.867 1.901
5 1 0.086 -0.409 2.374
5 2 0.079 -0.351 2.423
5 3 0.076 -0.029 2.412
5 4 0.097 0.175 2.392
5 5 -0.085 -0.160 2.391
5 6 -0.135 -0.398 2.346
5 7 -0.156 -0.530 2.163
5 8 -0.167 -0.575 2.106
5 9 0.237 -0.179 2.433
5 10 0.296 -0.389 2.399
5 11 0.137 -0.532 2.349
5 12 0.121 -0.596 2.330
5 13 0.009 -0.478 2.351
5 14 -0.018 -0.550 1.999
5 15 -0.036 -0.845 1.939
5 16 -0.024 -0.880 1.856
5 17 0.167 -0.484 2.376
5 18 0.261 -0.535 2.050
5 19 0.279 -0.831 1.984
5 20 0.291 -0.866 1.901
6 1 0.086 -0.408 2.374
6 2 0.078 -0.351 2.423
6 3 0.075 -0.029 2.412
6 4 0.097 0.175 2.392
6 5 -0.085 -0.160 2.391
6 6 -0.135 -0.398 2.346
6 7 -0.156 -0.530 2.164
6 8 -0.168 -0.576 2.108
6 9 0.236 -0.179 2.433
6 10 0.296 -0.389 2.399
6 11 0.137 -0.532 2.349
6 12 0.121 -0.596 2.331
6 13 0.008 -0.478 2.351
6 14 -0.018 -0.550 1.999
6 15 -0.036 -0.845 1.938
6 16 -0.024 -0.879 1.855
6 17 0.166 -0.484 2.376
6 18 0.261 -0.535 2.050
6 19 0.279 -0.831 1.984
6 20 0.291 -0.866 1.901
7 1 0.085 -0.408 2.373
7 2 0.078 -0.351 2.422
7 3 0.074 -0.030 2.412
7 4 0.096 0.174 2.392
7 5 -0.086 -0.160 2.391
7 6 -0.135 -0.398 2.346
7 7 -0.159 -0.531 2.165
7 8 -0.170 -0.577 2.110
7 9 0.236 -0.179 2.433
7 10 0.296 -0.389 2.399
7 11 0.137 -0.532 2.350
7 12 0.121 -0.596 2.331
7 13 0.008 -0.478 2.351
7 14 -0.018 -0.550 1.999
7 15 -0.036 -0.844 1.938
7 16 -0.024 -0.879 1.855
7 17 0.166 -0.484 2.376
7 18 0.261 -0.535 2.050
7 19 0.279 -0.830 1.983
7 20 0.291 -0.865 1.900
8 1 0.085 -0.408 2.373
8 2 0.077 -0.351 2.422
8 3 0.073 -0.030 2.412
8 4 0.096 0.174 2.392
8 5 -0.086 -0.161 2.391
8 6 -0.136 -0.398 2.346
8 7 -0.161 -0.532 2.166
8 8 -0.173 -0.578 2.112
8 9 0.236 -0.179 2.433
8 10 0.296 -0.389 2.399
8 11 0.137 -0.532 2.350
8 12 0.121 -0.596 2.331
8 13 0.007 -0.478 2.351
8 14 -0.018 -0.550 1.999
8 15 -0.036 -0.844 1.938
8 16 -0.024 -0.878 1.855
8 17 0.165 -0.484 2.375
8 18 0.261 -0.535 2.050
8 19 0.279 -0.830 1.983
8 20 0.291 -0.865 1.900
9 1 0.084 -0.408 2.373
9 2 0.076 -0.351 2.422
9 3 0.072 -0.030 2.412
9 4 0.095 0.174 2.392
9 5 -0.086 -0.161 2.391
9 6 -0.136 -0.398 2.346
9 7 -0.163 -0.533 2.167
9 8 -0.176 -0.579 2.113
9 9 0.236 -0.179 2.433
9 10 0.296 -0.389 2.398
9 11 0.137 -0.532 2.350
9 12 0.121 -0.596 2.331
9 13 0.007 -0.478 2.351
9 14 -0.018 -0.550 1.999
9 15 -0.036 -0.843 1.938
9 16 -0.025 -0.878 1.855
9 17 0.165 -0.484 2.375
9 18 0.261 -0.535 2.050
9 19 0.279 -0.830 1.983
9 20 0.291 -0.864 1.900
10 1 0.084 -0.408 2.373
10 2 0.076 -0.351 2.422
10 3 0.071 -0.030 2.412
10 4 0.094 0.174 2.392
10 5 -0.087 -0.161 2.391
10 6 -0.136 -0.398 2.346
10 7 -0.165 -0.533 2.168
10 8 -0.177 -0.579 2.114
10 9 0.235 -0.179 2.433
10 10 0.296 -0.389 2.398
10 11 0.137 -0.532 2.350
10 12 0.121 -0.596 2.332
10 13 0.006 -0.478 2.351
10 14 -0.018 -0.550 1.999
10 15 -0.036 -0.843 1.938
10 16 -0.025 -0.878 1.855
10 17 0.165 -0.484 2.375
10 18 0.261 -0.535 2.050
10 19 0.279 -0.829 1.983
10 20 0.290 -0.864 1.900
11 1 0.083 -0.408 2.373
11 2 0.075 -0.351 2.422
11 3 0.070 -0.030 2.412
11 4 0.094 0.174 2.392
11 5 -0.087 -0.161 2.391
11 6 -0.136 -0.398 2.346
11 7 -0.165 -0.533 2.168
11 8 -0.178 -0.580 2.114
11 9 0.235 -0.179 2.433
11 10 0.296 -0.389 2.398
11 11 0.137 -0.532 2.351
11 12 0.121 -0.596 2.332
11 13 0.006 -0.478 2.351
11 14 -0.018 -0.550 1.999
11 15 -0.036 -0.843 1.937
11 16 -0.025 -0.877 1.855
11 17 0.164 -0.484 2.375
11 18 0.261 -0.535 2.050
11 19 0.279 -0.829 1.983
11 20 0.290 -0.864 1.900
12 1 0.083 -0.408 2.373
12 2 0.075 -0.351 2.422
12 3 0.069 -0.030 2.412
12 4 0.093 0.174 2.392
12 5 -0.088 -0.161 2.391
12 6 -0.137 -0.398 2.346
12 7 -0.166 -0.534 2.169
12 8 -0.178 -0.580 2.115
12 9 0.235 -0.179 2.433
12 10 0.296 -0.389 2.398
12 11 0.137 -0.532 2.352
12 12 0.121 -0.596 2.333
12 13 0.006 -0.478 2.351
12 14 -0.018 -0.550 1.998
12 15 -0.037 -0.842 1.937
12 16 -0.025 -0.877 1.854
12 17 0.164 -0.484 2.374
12 18 0.260 -0.535 2.051
12 19 0.279 -0.829 1.983
12 20 0.290 -0.864 1.900
13 1 0.083 -0.408 2.373
13 2 0.074 -0.351 2.422
13 3 0.068 -0.030 2.412
13 4 0.092 0.173 2.391
13 5 -0.088 -0.161 2.391
13 6 -0.137 -0.398 2.346
13 7 -0.167 -0.534 2.169
13 8 -0.180 -0.580 2.115
13 9 0.234 -0.179 2.433
13 10 0.296 -0.389 2.398
13 11 0.136 -0.532 2.352
13 12 0.121 -0.596 2.333
13 13 0.005 -0.478 2.351
13 14 -0.018 -0.550 1.998
13 15 -0.037 -0.842 1.937
13 16 -0.025 -0.877 1.854
13 17 0.164 -0.483 2.374
13 18 0.260 -0.535 2.051
13 19 0.279 -0.829 1.983
13 20 0.290 -0.863 1.900
14 1 0.082 -0.408 2.373
14 2 0.074 -0.351 2.422
14 3 0.068 -0.030 2.412
14 4 0.091 0.173 2.391
14 5 -0.088 -0.161 2.391
14 6 -0.137 -0.398 2.346
14 7 -0.168 -0.534 2.170
14 8 -0.181 -0.581 2.116
14 9 0.234 -0.179 2.433
14 10 0.296 -0.390 2.398
14 11 0.136 -0.532 2.352
14 12 0.120 -0.596 2.334
14 13 0.005 -0.478 2.351
14 14 -0.018 -0.550 1.998
14 15 -0.037 -0.842 1.937
14 16 -0.025 -0.876 1.854
14 17 0.164 -0.483 2.374
14 18 0.260 -0.535 2.051
14 19 0.279 -0.829 1.983
14 20 0.290 -0.863 1.900
15 1 0.082 -0.408 2.373
15 2 0.073 -0.351 2.422
15 3 0.067 -0.030 2.412
15 4 0.090 0.173 2.391
15 5 -0.089 -0.161 2.391
15 6 -0.137 -0.398 2.346
15 7 -0.169 -0.535 2.170
15 8 -0.181 -0.581 2.116
15 9 0.234 -0.179 2.433
15 10 0.296 -0.390 2.398
15 11 0.136 -0.532 2.353
15 12 0.120 -0.596 2.334
15 13 0.005 -0.478 2.351
15 14 -0.018 -0.550 1.998
15 15 -0.037 -0.841 1.937
15 16 -0.025 -0.876 1.854
15 17 0.163 -0.483 2.374
15 18 0.260 -0.535 2.051
15 19 0.279 -0.828 1.983
15 20 0.290 -0.863 1.900
16 1 0.081 -0.408 2.373
16 2 0.073 -0.351 2.422
16 3 0.067 -0.030 2.412
16 4 0.090 0.173 2.391
16 5 -0.089 -0.162 2.391
16 6 -0.137 -0.398 2.346
16 7 -0.169 -0.535 2.171
16 8 -0.182 -0.581 2.117
16 9 0.233 -0.179 2.433
16 10 0.296 -0.390 2.398
16 11 0.136 -0.532 2.353
16 12 0.120 -0.596 2.334
16 13 0.004 -0.478 2.352
16 14 -0.018 -0.550 1.998
16 15 -0.037 -0.841 1.936
16 16 -0.025 -0.876 1.854
16 17 0.163 -0.483 2.374
16 18 0.260 -0.535 2.051
16 19 0.279 -0.828 1.983
16 20 0.290 -0.863 1.900
17 1 0.081 -0.408 2.373
17 2 0.073 -0.351 2.422
17 3 0.066 -0.030 2.412
17 4 0.089 0.173 2.390
17 5 -0.089 -0.162 2.391
17 6 -0.137 -0.398 2.346
17 7 -0.170 -0.535 2.171
17 8 -0.182 -0.581 2.117
17 9 0.233 -0.179 2.433
17 10 0.296 -0.390 2.398
17 11 0.136 -0.532 2.353
17 12 0.120 -0.596 2.334
17 13 0.004 -0.478 2.352
17 14 -0.018 -0.550 1.998
17 15 -0.037 -0.841 1.936
17 16 -0.025 -0.876 1.854
17 17 0.163 -0.483 2.374
17 18 0.260 -0.535 2.051
17 19 0.278 -0.828 1.982
17 20 0.290 -0.863 1.900
18 1 0.081 -0.408 2.373
18 2 0.073 -0.351 2.422
18 3 0.066 -0.030 2.412
18 4 0.089 0.173 2.390
18 5 -0.089 -0.162 2.391
18 6 -0.138 -0.398 2.346
18 7 -0.170 -0.535 2.171
18 8 -0.182 -0.581 2.117
18 9 0.233 -0.179 2.433
18 10 0.296 -0.390 2.398
18 11 0.136 -0.532 2.353
18 12 0.120 -0.596 2.334
18 13 0.004 -0.478 2.352
18 14 -0.018 -0.550 1.998
18 15 -0.037 -0.841 1.936
18 16 -0.025 -0.875 1.853
18 17 0.163 -0.483 2.374
18 18 0.260 -0.535 2.052
18 19 0.278 -0.828 1.982
18 20 0.290 -0.863 1.900
19 1 0.081 -0.408 2.373
19 2 0.072 -0.351 2.422
19 3 0.065 -0.030 2.412
19 4 0.088 0.173 2.390
19 5 -0.090 -0.162 2.391
19 6 -0.138 -0.398 2.347
19 7 -0.170 -0.535 2.171
19 8 -0.182 -0.581 2.117
19 9 0.233 -0.179 2.432
19 10 0.296 -0.390 2.398
19 11 0.136 -0.532 2.353
19 12 0.120 -0.595 2.335
19 13 0.004 -0.478 2.352
19 14 -0.018 -0.550 1.998
19 15 -0.037 -0.840 1.936
19 16 -0.025 -0.875 1.853
19 17 0.162 -0.483 2.374
19 18 0.260 -0.535 2.052
19 19 0.278 -0.828 1.982
19 20 0.290 -0.862 1.900
20 1 0.081 -0.408 2.373
20 2 0.072 -0.351 2.422
20 3 0.065 -0.030 2.412
20 4 0.088 0.173 2.390
20 5 -0.090 -0.162 2.391
20 6 -0.138 -0.398 2.347
20 7 -0.170 -0.535 2.171
20 8 -0.182 -0.581 2.117
20 9 0.232 -0.179 2.432
20 10 0.297 -0.390 2.398
20 11 0.136 -0.531 2.353
20 12 0.120 -0.595 2.335
20 13 0.004 -0.478 2.352
20 14 -0.018 -0.550 1.998
20 15 -0.037 -0.840 1.936
20 16 -0.025 -0.874 1.853
20 17 0.162 -0.483 2.374
20 18 0.259 -0.535 2.052
20 19 0.278 -0.827 1.982
20 20 0.290 -0.862 1.900
21 1 0.081 -0.408 2.373
21 2 0.072 -0.351 2.422
21 3 0.065 -0.030 2.411
21 4 0.088 0.173 2.389
21 5 -0.090 -0.162 2.390
21 6 -0.138 -0.398 2.347
21 7 -0.163 -0.532 2.168
21 8 -0.175 -0.578 2.114
21 9 0.232 -0.179 2.432
21 10 0.298 -0.389 2.398
21 11 0.137 -0.531 2.354
21 12 0.121 -0.594 2.335
21 13 0.004 -0.478 2.352
21 14 -0.018 -0.550 1.998
21 15 -0.037 -0.839 1.935
21 16 -0.025 -0.874 1.853
21 17 0.162 -0.483 2.374
21 18 0.259 -0.535 2.052
21 19 0.278 -0.827 1.982
21 20 0.290 -0.862 1.899
22 1 0.081 -0.408 2.373
22 2 0.072 -0.351 2.422
22 3 0.064 -0.029 2.410
22 4 0.087 0.173 2.389
22 5 -0.090 -0.163 2.389
22 6 -0.138 -0.398 2.347
22 7 -0.160 -0.531 2.165
22 8 -0.170 -0.576 2.111
22 9 0.232 -0.179 2.431
22 10 0.299 -0.388 2.398
22 11 0.138 -0.530 2.354
22 12 0.122 -0.593 2.335
22 13 0.004 -0.478 2.352
22 14 -0.018 -0.550 1.998
22 15 -0.037 -0.839 1.935
22 16 -0.025 -0.874 1.853
22 17 0.162 -0.483 2.373
22 18 0.259 -0.535 2.052
22 19 0.278 -0.827 1.982
22 20 0.290 -0.862 1.899
23 1 0.080 -0.408 2.373
23 2 0.072 -0.351 2.422
23 3 0.065 -0.029 2.406
23 4 0.087 0.173 2.388
23 5 -0.091 -0.163 2.388
23 6 -0.138 -0.399 2.346
23 7 -0.157 -0.529 2.164
23 8 -0.167 -0.574 2.109
23 9 0.232 -0.178 2.429
23 10 0.299 -0.386 2.397
23 11 0.138 -0.530 2.354
23 12 0.123 -0.593 2.336
23 13 0.004 -0.479 2.352
23 14 -0.018 -0.550 1.998
23 15 -0.036 -0.838 1.935
23 16 -0.025 -0.873 1.853
23 17 0.162 -0.483 2.373
23 18 0.259 -0.535 2.053
23 19 0.278 -0.827 1.982
23 20 0.290 -0.862 1.899
24 1 0.080 -0.408 2.372
24 2 0.072 -0.351 2.421
24 3 0.065 -0.029 2.401
24 4 0.086 0.173 2.386
24 5 -0.091 -0.164 2.385
24 6 -0.139 -0.398 2.346
24 7 -0.156 -0.529 2.163
24 8 -0.166 -0.574 2.109
24 9 0.232 -0.177 2.426
24 10 0.299 -0.386 2.396
24 11 0.139 -0.530 2.354
24 12 0.123 -0.593 2.335
24 13 0.004 -0.479 2.352
24 14 -0.018 -0.550 1.998
24 15 -0.036 -0.838 1.935
24 16 -0.025 -0.873 1.852
24 17 0.162 -0.483 2.373
24 18 0.258 -0.535 2.053
24 19 0.278 -0.827 1.982
24 20 0.290 -0.862 1.899
25 1 0.081 -0.408 2.372
25 2 0.072 -0.350 2.419
25 3 0.066 -0.030 2.393
25 4 0.086 0.172 2.381
25 5 -0.091 -0.164 2.381
25 6 -0.140 -0.398 2.346
25 7 -0.156 -0.529 2.163
25 8 -0.165 -0.573 2.108
25 9 0.233 -0.176 2.420
25 10 0.299 -0.384 2.395
25 11 0.141 -0.530 2.353
25 12 0.125 -0.592 2.334
25 13 0.004 -0.479 2.352
25 14 -0.018 -0.550 1.998
25 15 -0.035 -0.837 1.935
25 16 -0.024 -0.872 1.852
25 17 0.163 -0.483 2.373
25 18 0.258 -0.535 2.053
25 19 0.278 -0.827 1.982
25 20 0.289 -0.861 1.899
26 1 0.081 -0.407 2.371
26 2 0.073 -0.348 2.414
26 3 0.066 -0.031 2.379
26 4 0.087 0.172 2.372
26 5 -0.090 -0.163 2.373
26 6 -0.141 -0.397 2.345
26 7 -0.155 -0.528 2.163
26 8 -0.164 -0.573 2.108
26 9 0.235 -0.175 2.414
26 10 0.300 -0.382 2.393
26 11 0.309 -0.519 2.239
26 12 0.260 -0.584 2.243
26 13 0.004 -0.479 2.352
26 14 -0.018 -0.550 1.997
26 15 -0.034 -0.837 1.935
26 16 -0.023 -0.872 1.852
26 17 0.163 -0.483 2.373
26 18 0.258 -0.535 2.053
26 19 0.278 -0.826 1.982
26 20 0.289 -0.861 1.899
27 1 0.081 -0.405 2.368
27 2 0.074 -0.343 2.404
27 3 0.069 -0.034 2.363
27 4 0.090 0.172 2.356
27 5 -0.088 -0.160 2.364
27 6 -0.144 -0.395 2.343
27 7 -0.154 -0.528 2.162
27 8 -0.161 -0.573 2.108
27 9 0.238 -0.172 2.406
27 10 0.301 -0.380 2.390
27 11 0.347 -0.519 2.213
27 12 0.332 -0.582 2.195
27 13 0.004 -0.477 2.351
27 14 -0.018 -0.550 1.997
27 15 -0.033 -0.836 1.935
27 16 -0.022 -0.872 1.853
27 17 0.164 -0.481 2.371
27 18 0.258 -0.536 2.052
27 19 0.278 -0.826 1.982
27 20 0.289 -0.861 1.900
28 1 0.083 -0.401 2.363
28 2 0.077 -0.338 2.392
28 3 0.077 -0.041 2.342
28 4 0.095 0.172 2.335
28 5 -0.086 -0.156 2.350
28 6 -0.147 -0.392 2.341
28 7 -0.152 -0.527 2.162
28 8 -0.158 -0.573 2.108
28 9 0.243 -0.168 2.393
28 10 0.302 -0.378 2.386
28 11 0.375 -0.521 2.193
28 12 0.361 -0.581 2.175
28 13 0.004 -0.474 2.350
28 14 -0.018 -0.550 1.997
28 15 -0.032 -0.836 1.935
28 16 -0.021 -0.872 1.853
28 17 0.165 -0.479 2.368
28 18 0.258 -0.536 2.051
28 19 0.278 -0.826 1.982
28 20 0.289 -0.862 1.900
29 1 0.084 -0.396 2.357
29 2 0.080 -0.333 2.379
29 3 0.083 -0.047 2.323
29 4 0.099 0.170 2.306
29 5 -0.084 -0.153 2.334
29 6 -0.152 -0.389 2.337
29 7 -0.151 -0.527 2.162
29 8 -0.154 -0.573 2.108
29 9 0.250 -0.163 2.376
29 10 0.303 -0.377 2.381
29 11 0.376 -0.524 2.191
29 12 0.378 -0.581 2.162
29 13 0.004 -0.471 2.348
29 14 -0.018 -0.550 1.997
29 15 -0.030 -0.836 1.935
29 16 -0.020 -0.873 1.854
29 17 0.167 -0.477 2.365
29 18 0.258 -0.537 2.049
29 19 0.278 -0.826 1.982
29 20 0.289 -0.862 1.900
30 1 0.086 -0.393 2.349
30 2 0.083 -0.330 2.364
30 3 0.088 -0.054 2.297
30 4 0.102 0.166 2.282
30 5 -0.082 -0.151 2.314
30 6 -0.158 -0.385 2.329
30 7 -0.131 -0.517 2.150
30 8 -0.132 -0.565 2.099
30 9 0.255 -0.160 2.359
30 10 0.306 -0.377 2.371
30 11 0.374 -0.535 2.187
30 12 0.382 -0.586 2.157
30 13 0.004 -0.469 2.345
30 14 -0.018 -0.551 1.997
30 15 -0.029 -0.836 1.935
30 16 -0.018 -0.873 1.855
30 17 0.169 -0.474 2.360
30 18 0.258 -0.538 2.046
30 19 0.278 -0.826 1.982
30 20 0.289 -0.862 1.901
31 1 0.088 -0.391 2.339
31 2 0.087 -0.330 2.346
31 3 0.094 -0.064 2.268
31 4 0.108 0.158 2.252
31 5 -0.078 -0.151 2.289
31 6 -0.165 -0.381 2.318
31 7 -0.125 -0.516 2.146
31 8 -0.121 -0.564 2.096
31 9 0.261 -0.160 2.340
31 10 0.310 -0.378 2.360
31 11 0.385 -0.538 2.177
31 12 0.376 -0.595 2.157
31 13 0.004 -0.468 2.340
31 14 -0.018 -0.551 1.997
31 15 -0.028 -0.837 1.936
31 16 -0.016 -0.875 1.856
31 17 0.171 -0.472 2.355
31 18 0.258 -0.539 2.041
31 19 0.278 -0.826 1.983
31 20 0.288 -0.863 1.903
32 1 0.090 -0.391 2.328
32 2 0.090 -0.331 2.329
32 3 0.101 -0.074 2.240
32 4 0.113 0.146 2.218
32 5 -0.074 -0.155 2.262
32 6 -0.171 -0.378 2.304
32 7 -0.120 -0.518 2.143
32 8 -0.113 -0.567 2.095
32 9 0.268 -0.163 2.314
32 10 0.315 -0.380 2.347
32 11 0.380 -0.544 2.176
32 12 0.368 -0.602 2.157
32 13 0.005 -0.467 2.335
32 14 -0.018 -0.552 1.996
32 15 -0.026 -0.837 1.938
32 16 -0.014 -0.877 1.859
32 17 0.174 -0.472 2.349
32 18 0.258 -0.541 2.035
32 19 0.277 -0.826 1.984
32 20 0.288 -0.865 1.905
33 1 0.093 -0.393 2.312
33 2 0.093 -0.335 2.307
33 3 0.108 -0.089 2.201
33 4 0.121 0.134 2.182
33 5 -0.069 -0.159 2.238
33 6 -0.176 -0.375 2.289
33 7 -0.097 -0.504 2.123
33 8 -0.074 -0.548 2.074
33 9 0.275 -0.171 2.283
33 10 0.319 -0.381 2.334
33 11 0.375 -0.548 2.176
33 12 0.362 -0.608 2.157
33 13 0.005 -0.467 2.326
33 14 -0.018 -0.552 1.995
33 15 -0.024 -0.838 1.940
33 16 -0.012 -0.880 1.863
33 17 0.176 -0.472 2.339
33 18 0.259 -0.544 2.026
33 19 0.277 -0.826 1.985
33 20 0.287 -0.867 1.909
34 1 0.095 -0.396 2.295
34 2 0.096 -0.340 2.287
34 3 0.112 -0.098 2.179
34 4 0.129 0.117 2.137
34 5 -0.063 -0.169 2.208
34 6 -0.180 -0.374 2.270
34 7 -0.066 -0.485 2.093
34 8 -0.034 -0.525 2.045
34 9 0.281 -0.181 2.253
34 10 0.324 -0.383 2.321
34 11 0.371 -0.551 2.173
34 12 0.356 -0.611 2.155
34 13 0.006 -0.469 2.313
34 14 -0.018 -0.554 1.991
34 15 -0.021 -0.838 1.943
34 16 -0.009 -0.882 1.867
34 17 0.178 -0.473 2.328
34 18 0.261 -0.548 2.014
34 19 0.283 -0.796 1.955
34 20 0.290 -0.853 1.893
35 1 0.100 -0.402 2.273
35 2 0.102 -0.348 2.261
35 3 0.117 -0.111 2.149
35 4 0.135 0.105 2.105
35 5 -0.058 -0.176 2.181
35 6 -0.182 -0.373 2.256
35 7 -0.082 -0.510 2.100
35 8 -0.057 -0.563 2.062
35 9 0.287 -0.190 2.225
35 10 0.332 -0.387 2.296
35 11 0.364 -0.557 2.169
35 12 0.349 -0.618 2.150
35 13 0.010 -0.474 2.293
35 14 -0.020 -0.558 1.979
35 15 -0.019 -0.838 1.947
35 16 -0.007 -0.884 1.874
35 17 0.183 -0.478 2.309
35 18 0.263 -0.553 1.995
35 19 0.288 -0.781 1.928
35 20 0.293 -0.845 1.876
36 1 0.102 -0.408 2.249
36 2 0.104 -0.355 2.235
36 3 0.121 -0.124 2.118
36 4 0.140 0.087 2.060
36 5 -0.052 -0.185 2.148
36 6 -0.183 -0.371 2.239
36 7 -0.090 -0.533 2.109
36 8 -0.059 -0.589 2.075
36 9 0.293 -0.199 2.194
36 10 0.336 -0.390 2.284
36 11 0.357 -0.559 2.158
36 12 0.341 -0.621 2.140
36 13 0.010 -0.479 2.272
36 14 -0.022 -0.564 1.959
36 15 -0.016 -0.837 1.954
36 16 -0.005 -0.886 1.882
36 17 0.184 -0.482 2.287
36 18 0.268 -0.560 1.976
36 19 0.290 -0.777 1.914
36 20 0.295 -0.842 1.863
37 1 0.105 -0.411 2.231
37 2 0.107 -0.360 2.215
37 3 0.123 -0.135 2.090
37 4 0.143 0.077 2.034
37 5 -0.048 -0.193 2.120
37 6 -0.181 -0.367 2.222
37 7 -0.109 -0.553 2.121
37 8 -0.086 -0.618 2.097
37 9 0.297 -0.206 2.152
37 10 0.340 -0.392 2.273
37 11 0.350 -0.558 2.141
37 12 0.334 -0.620 2.122
37 13 0.014 -0.483 2.254
37 14 -0.025 -0.569 1.941
37 15 -0.014 -0.835 1.959
37 16 -0.004 -0.886 1.889
37 17 0.187 -0.483 2.273
37 18 0.270 -0.567 1.964
37 19 0.291 -0.778 1.906
37 20 0.296 -0.842 1.855
38 1 0.110 -0.412 2.211
38 2 0.112 -0.362 2.193
38 3 0.121 -0.143 2.058
38 4 0.146 0.066 2.003
38 5 -0.045 -0.197 2.079
38 6 -0.174 -0.362 2.199
38 7 -0.097 -0.561 2.139
38 8 -0.112 -0.623 2.139
38 9 0.300 -0.210 2.126
38 10 0.344 -0.393 2.260
38 11 0.349 -0.555 2.122
38 12 0.332 -0.617 2.104
38 13 0.020 -0.485 2.235
38 14 -0.028 -0.573 1.925
38 15 -0.013 -0.833 1.964
38 16 -0.003 -0.886 1.895
38 17 0.194 -0.481 2.257
38 18 0.272 -0.574 1.951
38 19 0.291 -0.782 1.900
38 20 0.296 -0.846 1.847
39 1 0.114 -0.411 2.195
39 2 0.115 -0.361 2.173
39 3 0.118 -0.146 2.023
39 4 0.148 0.061 1.981
39 5 -0.043 -0.197 2.050
39 6 -0.169 -0.358 2.181
39 7 -0.067 -0.552 2.146
39 8 -0.045 -0.606 2.143
39 9 0.304 -0.210 2.105
39 10 0.347 -0.390 2.243
39 11 0.349 -0.550 2.102
39 12 0.333 -0.612 2.084
39 13 0.024 -0.485 2.221
39 14 -0.029 -0.576 1.913
39 15 -0.012 -0.832 1.967
39 16 -0.002 -0.886 1.899
39 17 0.198 -0.479 2.246
39 18 0.274 -0.579 1.943
39 19 0.290 -0.786 1.898
39 20 0.296 -0.850 1.844
40 1 0.117 -0.408 2.182
40 2 0.117 -0.358 2.157
40 3 0.114 -0.138 1.990
40 4 0.149 0.061 1.957
40 5 -0.040 -0.192 2.015
40 6 -0.159 -0.338 2.140
40 7 -0.055 -0.530 2.171
40 8 -0.040 -0.598 2.180
40 9 0.309 -0.205 2.082
40 10 0.350 -0.382 2.222
40 11 0.356 -0.536 2.071
40 12 0.341 -0.597 2.053
40 13 0.028 -0.483 2.208
40 14 -0.030 -0.579 1.903
40 15 -0.011 -0.831 1.969
40 16 -0.002 -0.886 1.902
40 17 0.202 -0.475 2.237
40 18 0.275 -0.581 1.938
40 19 0.269 -0.814 1.962
40 20 0.278 -0.876 1.903
41 1 0.119 -0.400 2.167
41 2 0.118 -0.349 2.138
41 3 0.111 -0.127 1.965
41 4 0.151 0.066 1.934
41 5 -0.036 -0.185 1.990
41 6 -0.154 -0.323 2.110
41 7 -0.113 -0.527 2.122
41 8 -0.107 -0.599 2.125
41 9 0.312 -0.193 2.056
41 10 0.357 -0.361 2.186
41 11 0.357 -0.532 2.061
41 12 0.341 -0.594 2.043
41 13 0.033 -0.474 2.192
41 14 -0.030 -0.582 1.894
41 15 -0.011 -0.830 1.970
41 16 -0.001 -0.887 1.905
41 17 0.204 -0.463 2.225
41 18 0.276 -0.583 1.934
41 19 0.259 -0.827 1.993
41 20 0.270 -0.889 1.930
42 1 0.121 -0.384 2.151
42 2 0.119 -0.333 2.119
42 3 0.109 -0.100 1.939
42 4 0.154 0.079 1.911
42 5 -0.034 -0.169 1.967
42 6 -0.155 -0.304 2.065
42 7 -0.130 -0.516 2.109
42 8 -0.117 -0.594 2.122
42 9 0.314 -0.180 2.037
42 10 0.364 -0.346 2.159
42 11 0.353 -0.521 2.036
42 12 0.337 -0.583 2.018
42 13 0.039 -0.459 2.180
42 14 -0.029 -0.583 1.889
42 15 -0.010 -0.830 1.971
42 16 -0.001 -0.887 1.906
42 17 0.206 -0.439 2.204
42 18 0.277 -0.586 1.929
42 19 0.251 -0.834 2.010
42 20 0.263 -0.896 1.946
43 1 0.122 -0.371 2.140
43 2 0.120 -0.318 2.107
43 3 0.109 -0.075 1.922
43 4 0.158 0.108 1.889
43 5 -0.029 -0.143 1.941
43 6 -0.160 -0.289 2.035
43 7 -0.130 -0.497 2.088
43 8 -0.117 -0.581 2.112
43 9 0.315 -0.156 2.016
43 10 0.369 -0.336 2.139
43 11 0.335 -0.496 1.998
43 12 0.320 -0.557 1.980
43 13 0.045 -0.441 2.170
43 14 -0.025 -0.580 1.884
43 15 -0.011 -0.829 1.970
43 16 -0.001 -0.887 1.906
43 17 0.206 -0.424 2.192
43 18 0.278 -0.587 1.926
43 19 0.247 -0.838 2.020
43 20 0.259 -0.901 1.955
44 1 0.122 -0.347 2.131
44 2 0.119 -0.293 2.096
44 3 0.111 -0.036 1.910
44 4 0.161 0.150 1.874
44 5 -0.025 -0.115 1.923
44 6 -0.166 -0.274 2.007
44 7 -0.124 -0.473 2.066
44 8 -0.111 -0.559 2.098
44 9 0.312 -0.117 1.994
44 10 0.376 -0.324 2.122
44 11 0.329 -0.480 1.976
44 12 0.314 -0.541 1.958
44 13 0.049 -0.412 2.162
44 14 -0.020 -0.578 1.884
44 15 -0.012 -0.830 1.967
44 16 -0.002 -0.890 1.904
44 17 0.201 -0.401 2.183
44 18 0.277 -0.588 1.926
44 19 0.245 -0.844 2.025
44 20 0.257 -0.906 1.960
45 1 0.121 -0.307 2.120
45 2 0.119 -0.254 2.085
45 3 0.116 -0.002 1.905
45 4 0.164 0.183 1.865
45 5 -0.024 -0.080 1.911
45 6 -0.168 -0.263 1.988
45 7 -0.113 -0.456 2.027
45 8 -0.097 -0.536 2.060
45 9 0.307 -0.074 1.976
45 10 0.384 -0.293 2.097
45 11 0.302 -0.443 1.957
45 12 0.295 -0.515 1.943
45 13 0.052 -0.373 2.150
45 14 -0.014 -0.576 1.887
45 15 -0.015 -0.836 1.960
45 16 -0.004 -0.897 1.898
45 17 0.192 -0.363 2.173
45 18 0.274 -0.584 1.932
45 19 0.245 -0.853 2.017
45 20 0.258 -0.916 1.954
46 1 0.119 -0.272 2.110
46 2 0.119 -0.217 2.076
46 3 0.123 0.047 1.901
46 4 0.166 0.236 1.861
46 5 -0.024 -0.039 1.902
46 6 -0.168 -0.242 1.967
46 7 -0.099 -0.431 1.987
46 8 -0.058 -0.504 1.993
46 9 0.303 -0.029 1.962
46 10 0.388 -0.256 2.075
46 11 0.291 -0.418 1.951
46 12 0.286 -0.495 1.935
46 13 0.052 -0.340 2.138
46 14 -0.009 -0.571 1.892
46 15 -0.017 -0.844 1.947
46 16 -0.006 -0.906 1.885
46 17 0.187 -0.330 2.164
46 18 0.270 -0.577 1.937
46 19 0.250 -0.861 2.000
46 20 0.262 -0.922 1.937
47 1 0.118 -0.226 2.096
47 2 0.119 -0.170 2.064
47 3 0.129 0.098 1.900
47 4 0.168 0.280 1.861
47 5 -0.024 0.011 1.896
47 6 -0.162 -0.197 1.944
47 7 -0.093 -0.391 1.955
47 8 -0.050 -0.436 1.943
47 9 0.302 0.003 1.956
47 10 0.388 -0.234 2.063
47 11 0.312 -0.421 1.993
47 12 0.284 -0.476 1.961
47 13 0.048 -0.292 2.122
47 14 -0.005 -0.564 1.894
47 15 -0.020 -0.847 1.925
47 16 -0.009 -0.908 1.862
47 17 0.183 -0.290 2.146
47 18 0.268 -0.568 1.939
47 19 0.256 -0.861 1.976
47 20 0.268 -0.921 1.913
48 1 0.117 -0.191 2.084
48 2 0.119 -0.134 2.053
48 3 0.134 0.148 1.900
48 4 0.168 0.331 1.864
48 5 -0.025 0.050 1.894
48 6 -0.155 -0.172 1.933
48 7 -0.085 -0.369 1.932
48 8 -0.082 -0.404 1.927
48 9 0.304 0.048 1.955
48 10 0.378 -0.195 2.045
48 11 0.329 -0.400 2.015
48 12 0.288 -0.458 1.975
48 13 0.046 -0.258 2.108
48 14 -0.000 -0.551 1.893
48 15 -0.022 -0.843 1.905
48 16 -0.010 -0.903 1.841
48 17 0.183 -0.261 2.131
48 18 0.266 -0.555 1.940
48 19 0.262 -0.856 1.956
48 20 0.275 -0.915 1.891
49 1 0.120 -0.144 2.066
49 2 0.122 -0.086 2.039
49 3 0.134 0.197 1.901
49 4 0.168 0.384 1.871
49 5 -0.025 0.100 1.895
49 6 -0.131 -0.131 1.923
49 7 -0.084 -0.340 1.914
49 8 -0.099 -0.381 1.918
49 9 0.306 0.095 1.954
49 10 0.369 -0.170 2.033
49 11 0.341 -0.386 2.017
49 12 0.293 -0.442 1.977
49 13 0.047 -0.211 2.088
49 14 0.003 -0.535 1.890
49 15 -0.022 -0.826 1.878
49 16 -0.011 -0.883 1.810
49 17 0.188 -0.216 2.109
49 18 0.266 -0.539 1.940
49 19 0.269 -0.840 1.934
49 20 0.281 -0.896 1.866
50 1 0.123 -0.116 2.055
50 2 0.125 -0.057 2.030
50 3 0.136 0.241 1.903
50 4 0.169 0.408 1.874
50 5 -0.023 0.144 1.897
50 6 -0.115 -0.108 1.918
50 7 -0.080 -0.323 1.900
50 8 -0.100 -0.369 1.907
50 9 0.308 0.143 1.954
50 10 0.357 -0.127 2.013
50 11 0.353 -0.348 1.999
50 12 0.313 -0.377 1.960
50 13 0.050 -0.183 2.074
50 14 0.004 -0.520 1.888
50 15 -0.022 -0.811 1.862
50 16 -0.010 -0.865 1.792
50 17 0.193 -0.187 2.094
50 18 0.267 -0.509 1.939
50 19 0.273 -0.822 1.919
50 20 0.286 -0.875 1.849
51 1 0.128 -0.083 2.042
51 2 0.129 -0.024 2.019
51 3 0.138 0.275 1.905
51 4 0.170 0.459 1.882
51 5 -0.020 0.187 1.900
51 6 -0.097 -0.083 1.910
51 7 -0.071 -0.295 1.877
51 8 -0.097 -0.353 1.887
51 9 0.308 0.174 1.954
51 10 0.350 -0.098 2.001
51 11 0.358 -0.311 1.972
51 12 0.327 -0.336 1.943
51 13 0.055 -0.152 2.057
51 14 0.005 -0.504 1.886
51 15 -0.016 -0.751 1.849
51 16 0.023 -0.786 1.869
51 17 0.198 -0.153 2.075
51 18 0.267 -0.490 1.940
51 19 0.278 -0.751 1.902
51 20 0.289 -0.802 1.831
52 1 0.134 -0.047 2.027
52 2 0.135 0.015 2.007
52 3 0.142 0.324 1.909
52 4 0.172 0.504 1.892
52 5 -0.018 0.225 1.903
52 6 -0.083 -0.058 1.902
52 7 -0.066 -0.266 1.854
52 8 -0.075 -0.328 1.861
52 9 0.312 0.218 1.955
52 10 0.348 -0.063 1.988
52 11 0.359 -0.272 1.952
52 12 0.338 -0.305 1.927
52 13 0.061 -0.119 2.039
52 14 0.009 -0.468 1.895
52 15 -0.010 -0.694 1.847
52 16 0.015 -0.739 1.820
52 17 0.204 -0.121 2.058
52 18 0.263 -0.464 1.943
52 19 0.280 -0.707 1.895
52 20 0.291 -0.756 1.823
53 1 0.139 -0.020 2.017
53 2 0.139 0.044 1.999
53 3 0.144 0.365 1.914
53 4 0.172 0.554 1.903
53 5 -0.015 0.260 1.907
53 6 -0.076 -0.019 1.890
53 7 -0.062 -0.226 1.838
53 8 -0.055 -0.292 1.842
53 9 0.314 0.251 1.956
53 10 0.350 -0.030 1.979
53 11 0.367 -0.233 1.932
53 12 0.345 -0.288 1.919
53 13 0.066 -0.091 2.024
53 14 0.014 -0.441 1.906
53 15 -0.007 -0.672 1.847
53 16 0.013 -0.713 1.804
53 17 0.210 -0.093 2.045
53 18 0.261 -0.450 1.944
53 19 0.281 -0.692 1.892
53 20 0.292 -0.739 1.818
54 1 0.142 0.008 2.006
54 2 0.142 0.074 1.991
54 3 0.145 0.410 1.920
54 4 0.172 0.591 1.912
54 5 -0.012 0.301 1.912
54 6 -0.075 0.021 1.880
54 7 -0.058 -0.184 1.824
54 8 -0.043 -0.233 1.829
54 9 0.314 0.299 1.959
54 10 0.360 0.024 1.972
54 11 0.379 -0.181 1.924
54 12 0.359 -0.263 1.911
54 13 0.069 -0.062 2.008
54 14 0.017 -0.423 1.914
54 15 -0.005 -0.661 1.850
54 16 0.012 -0.701 1.798
54 17 0.213 -0.066 2.032
54 18 0.258 -0.435 1.946
54 19 0.280 -0.684 1.892
54 20 0.291 -0.730 1.818
55 1 0.143 0.030 1.999
55 2 0.143 0.097 1.985
55 3 0.146 0.439 1.925
55 4 0.174 0.625 1.922
55 5 -0.010 0.332 1.916
55 6 -0.077 0.054 1.874
55 7 -0.057 -0.150 1.815
55 8 -0.036 -0.186 1.815
55 9 0.314 0.321 1.961
55 10 0.371 0.070 1.970
55 11 0.394 -0.136 1.926
55 12 0.378 -0.231 1.905
55 13 0.070 -0.040 1.997
55 14 0.020 -0.410 1.920
55 15 -0.003 -0.662 1.860
55 16 0.011 -0.701 1.795
55 17 0.215 -0.045 2.022
55 18 0.256 -0.425 1.947
55 19 0.276 -0.688 1.902
55 20 0.286 -0.731 1.826
56 1 0.143 0.053 1.990
56 2 0.144 0.121 1.979
56 3 0.149 0.469 1.931
56 4 0.174 0.648 1.928
56 5 -0.007 0.358 1.920
56 6 -0.084 0.101 1.875
56 7 -0.064 -0.102 1.809
56 8 -0.034 -0.157 1.803
56 9 0.315 0.350 1.965
56 10 0.380 0.096 1.971
56 11 0.404 -0.111 1.928
56 12 0.393 -0.207 1.903
56 13 0.070 -0.017 1.985
56 14 0.022 -0.401 1.924
56 15 -0.001 -0.670 1.873
56 16 0.010 -0.707 1.796
56 17 0.215 -0.022 2.012
56 18 0.254 -0.418 1.948
56 19 0.271 -0.696 1.913
56 20 0.282 -0.737 1.835
57 1 0.143 0.075 1.982
57 2 0.144 0.143 1.973
57 3 0.151 0.494 1.937
57 4 0.173 0.678 1.935
57 5 -0.007 0.382 1.924
57 6 -0.086 0.123 1.875
57 7 -0.069 -0.076 1.802
57 8 -0.035 -0.128 1.788
57 9 0.317 0.369 1.969
57 10 0.388 0.115 1.975
57 11 0.413 -0.093 1.930
57 12 0.409 -0.185 1.900
57 13 0.069 0.005 1.973
57 14 0.024 -0.394 1.928
57 15 0.000 -0.681 1.886
57 16 0.010 -0.718 1.803
57 17 0.214 -0.003 2.002
57 18 0.252 -0.413 1.948
57 19 0.266 -0.705 1.923
57 20 0.278 -0.745 1.844
58 1 0.143 0.092 1.975
58 2 0.144 0.157 1.969
58 3 0.152 0.505 1.940
58 4 0.173 0.706 1.942
58 5 -0.006 0.403 1.928
58 6 -0.089 0.148 1.878
58 7 -0.078 -0.048 1.796
58 8 -0.035 -0.112 1.777
58 9 0.318 0.385 1.973
58 10 0.395 0.130 1.980
58 11 0.418 -0.079 1.931
58 12 0.420 -0.167 1.898
58 13 0.068 0.023 1.964
58 14 0.025 -0.389 1.931
58 15 0.002 -0.692 1.901
58 16 0.011 -0.730 1.816
58 17 0.214 0.014 1.991
58 18 0.250 -0.408 1.949
58 19 0.264 -0.709 1.930
58 20 0.275 -0.748 1.851
59 1 0.143 0.107 1.968
59 2 0.144 0.169 1.965
59 3 0.153 0.511 1.943
59 4 0.173 0.721 1.946
59 5 -0.007 0.419 1.933
59 6 -0.091 0.169 1.882
59 7 -0.083 -0.026 1.794
59 8 -0.036 -0.094 1.764
59 9 0.320 0.398 1.976
59 10 0.401 0.143 1.986
59 11 0.426 -0.064 1.932
59 12 0.431 -0.148 1.895
59 13 0.068 0.037 1.956
59 14 0.026 -0.385 1.933
59 15 0.003 -0.696 1.912
59 16 0.012 -0.735 1.826
59 17 0.214 0.029 1.982
59 18 0.249 -0.404 1.949
59 19 0.262 -0.711 1.936
59 20 0.273 -0.749 1.857
60 1 0.143 0.118 1.963
60 2 0.145 0.178 1.962
60 3 0.153 0.512 1.947
60 4 0.173 0.730 1.949
60 5 -0.007 0.433 1.936
60 6 -0.092 0.183 1.885
60 7 -0.087 -0.010 1.791
60 8 -0.037 -0.080 1.755
60 9 0.321 0.406 1.978
60 10 0.404 0.153 1.990
60 11 0.431 -0.054 1.933
60 12 0.439 -0.134 1.892
60 13 0.068 0.048 1.949
60 14 0.027 -0.382 1.935
60 15 0.004 -0.698 1.920
60 16 0.013 -0.737 1.835
60 17 0.214 0.040 1.973
60 18 0.247 -0.398 1.950
60 19 0.260 -0.710 1.943
60 20 0.271 -0.748 1.863
61 1 0.144 0.125 1.959
61 2 0.145 0.185 1.959
61 3 0.154 0.511 1.951
61 4 0.174 0.737 1.952
61 5 -0.007 0.442 1.939
61 6 -0.093 0.191 1.887
61 7 -0.089 0.000 1.788
61 8 -0.038 -0.068 1.746
61 9 0.322 0.413 1.980
61 10 0.407 0.159 1.994
61 11 0.434 -0.047 1.933
61 12 0.444 -0.125 1.891
61 13 0.068 0.055 1.943
61 14 0.027 -0.379 1.936
61 15 0.006 -0.697 1.929
61 16 0.015 -0.735 1.846
61 17 0.215 0.047 1.967
61 18 0.246 -0.393 1.951
61 19 0.259 -0.707 1.950
61 20 0.270 -0.744 1.870
62 1 0.144 0.131 1.955
62 2 0.146 0.189 1.957
62 3 0.154 0.509 1.955
62 4 0.175 0.741 1.955
62 5 -0.007 0.448 1.941
62 6 -0.094 0.197 1.889
62 7 -0.091 0.007 1.786
62 8 -0.042 -0.059 1.738
62 9 0.322 0.418 1.982
62 10 0.408 0.163 1.996
62 11 0.436 -0.042 1.933
62 12 0.448 -0.119 1.889
62 13 0.069 0.061 1.938
62 14 0.028 -0.376 1.938
62 15 0.008 -0.695 1.936
62 16 0.018 -0.732 1.854
62 17 0.216 0.053 1.961
62 18 0.245 -0.389 1.952
62 19 0.258 -0.703 1.956
62 20 0.268 -0.740 1.876
63 1 0.145 0.134 1.952
63 2 0.146 0.192 1.956
63 3 0.154 0.505 1.958
63 4 0.177 0.743 1.958
63 5 -0.007 0.452 1.942
63 6 -0.095 0.201 1.890
63 7 -0.093 0.012 1.784
63 8 -0.043 -0.053 1.733
63 9 0.323 0.422 1.983
63 10 0.409 0.166 1.997
63 11 0.438 -0.039 1.933
63 12 0.451 -0.115 1.888
63 13 0.071 0.065 1.933
63 14 0.029 -0.373 1.940
63 15 0.009 -0.692 1.942
63 16 0.019 -0.728 1.861
63 17 0.218 0.056 1.955
63 18 0.244 -0.386 1.952
63 19 0.257 -0.700 1.961
63 20 0.268 -0.736 1.881
64 1 0.146 0.136 1.948
64 2 0.147 0.194 1.954
64 3 0.154 0.502 1.960
64 4 0.179 0.743 1.962
64 5 -0.007 0.455 1.944
64 6 -0.095 0.203 1.892
64 7 -0.094 0.016 1.782
64 8 -0.045 -0.049 1.729
64 9 0.323 0.424 1.984
64 10 0.410 0.167 1.998
64 11 0.439 -0.037 1.933
64 12 0.453 -0.113 1.887
64 13 0.073 0.066 1.927
64 14 0.029 -0.372 1.941
64 15 0.010 -0.689 1.946
64 16 0.021 -0.725 1.865
64 17 0.219 0.058 1.949
64 18 0.244 -0.383 1.952
64 19 0.256 -0.697 1.966
64 20 0.267 -0.732 1.886
65 1 0.148 0.137 1.943
65 2 0.147 0.195 1.953
65 3 0.155 0.498 1.962
65 4 0.181 0.741 1.966
65 5 -0.006 0.456 1.945
65 6 -0.096 0.203 1.893
65 7 -0.096 0.017 1.780
65 8 -0.045 -0.046 1.727
65 9 0.324 0.425 1.986
65 10 0.409 0.165 1.997
65 11 0.439 -0.038 1.931
65 12 0.455 -0.114 1.886
65 13 0.075 0.066 1.921
65 14 0.029 -0.370 1.942
65 15 0.011 -0.688 1.949
65 16 0.022 -0.723 1.869
65 17 0.220 0.058 1.944
65 18 0.243 -0.382 1.952
65 19 0.256 -0.695 1.970
65 20 0.267 -0.730 1.889
66 1 0.149 0.135 1.938
66 2 0.148 0.195 1.952
66 3 0.155 0.494 1.964
66 4 0.182 0.737 1.969
66 5 -0.005 0.455 1.946
66 6 -0.096 0.201 1.894
66 7 -0.098 0.015 1.779
66 8 -0.048 -0.048 1.727
66 9 0.324 0.426 1.987
66 10 0.406 0.158 1.991
66 11 0.439 -0.044 1.926
66 12 0.455 -0.118 1.883
66 13 0.077 0.065 1.915
66 14 0.030 -0.370 1.942
66 15 0.012 -0.686 1.952
66 16 0.023 -0.721 1.872
66 17 0.221 0.057 1.938
66 18 0.243 -0.381 1.953
66 19 0.256 -0.694 1.972
66 20 0.266 -0.729 1.891
67 1 0.150 0.134 1.933
67 2 0.148 0.193 1.951
67 3 0.156 0.489 1.965
67 4 0.183 0.733 1.971
67 5 -0.004 0.454 1.948
67 6 -0.095 0.196 1.893
67 7 -0.100 0.009 1.779
67 8 -0.056 -0.059 1.730
67 9 0.325 0.425 1.988
67 10 0.401 0.151 1.985
67 11 0.437 -0.050 1.921
67 12 0.454 -0.127 1.880
67 13 0.078 0.063 1.909
67 14 0.030 -0.369 1.943
67 15 0.012 -0.686 1.954
67 16 0.023 -0.720 1.874
67 17 0.221 0.056 1.932
67 18 0.243 -0.380 1.953
67 19 0.256 -0.693 1.973
67 20 0.266 -0.728 1.893
68 1 0.150 0.132 1.929
68 2 0.148 0.190 1.950
68 3 0.156 0.485 1.965
68 4 0.183 0.728 1.973
68 5 -0.003 0.452 1.949
68 6 -0.093 0.189 1.892
68 7 -0.102 -0.004 1.783
68 8 -0.076 -0.089 1.746
68 9 0.325 0.425 1.989
68 10 0.395 0.144 1.978
68 11 0.432 -0.057 1.916
68 12 0.446 -0.138 1.878
68 13 0.079 0.062 1.904
68 14 0.030 -0.369 1.943
68 15 0.013 -0.685 1.955
68 16 0.024 -0.719 1.875
68 17 0.221 0.054 1.928
68 18 0.243 -0.379 1.953
68 19 0.256 -0.692 1.975
68 20 0.266 -0.727 1.894
69 1 0.151 0.130 1.926
69 2 0.149 0.188 1.949
69 3 0.156 0.480 1.966
69 4 0.183 0.723 1.974
69 5 -0.002 0.450 1.950
69 6 -0.090 0.181 1.889
69 7 -0.102 -0.024 1.791
69 8 -0.089 -0.115 1.762
69 9 0.325 0.424 1.989
69 10 0.388 0.138 1.972
69 11 0.425 -0.064 1.912
69 12 0.434 -0.150 1.876
69 13 0.080 0.060 1.901
69 14 0.030 -0.368 1.943
69 15 0.013 -0.685 1.956
69 16 0.024 -0.719 1.876
69 17 0.220 0.053 1.925
69 18 0.243 -0.379 1.953
69 19 0.255 -0.692 1.976
69 20 0.266 -0.727 1.895
70 1 0.151 0.128 1.924
70 2 0.149 0.185 1.949
70 3 0.157 0.476 1.966
70 4 0.183 0.718 1.975
70 5 -0.001 0.448 1.950
70 6 -0.087 0.175 1.886
70 7 -0.100 -0.043 1.802
70 8 -0.095 -0.136 1.782
70 9 0.325 0.423 1.990
70 10 0.383 0.134 1.968
70 11 0.412 -0.071 1.907
70 12 0.412 -0.160 1.876
70 13 0.081 0.059 1.898
70 14 0.031 -0.368 1.943
70 15 0.013 -0.684 1.957
70 16 0.024 -0.718 1.877
70 17 0.220 0.051 1.922
70 18 0.243 -0.379 1.953
70 19 0.255 -0.692 1.978
70 20 0.266 -0.726 1.897
71 1 0.152 0.127 1.922
71 2 0.149 0.183 1.949
71 3 0.157 0.472 1.966
71 4 0.182 0.714 1.975
71 5 -0.000 0.447 1.951
71 6 -0.084 0.171 1.885
71 7 -0.098 -0.059 1.815
71 8 -0.096 -0.151 1.798
71 9 0.325 0.422 1.991
71 10 0.378 0.132 1.966
71 11 0.401 -0.076 1.904
71 12 0.395 -0.165 1.875
71 13 0.082 0.057 1.895
71 14 0.031 -0.369 1.943
71 15 0.013 -0.684 1.957
71 16 0.024 -0.718 1.877
71 17 0.220 0.050 1.920
71 18 0.243 -0.379 1.953
71 19 0.255 -0.692 1.980
71 20 0.266 -0.726 1.899
72 1 0.151 0.125 1.918
72 2 0.149 0.180 1.948
72 3 0.157 0.469 1.966
72 4 0.182 0.711 1.976
72 5 0.000 0.445 1.951
72 6 -0.082 0.167 1.884
72 7 -0.096 -0.069 1.827
72 8 -0.095 -0.160 1.813
72 9 0.324 0.422 1.991
72 10 0.374 0.130 1.964
72 11 0.391 -0.078 1.902
72 12 0.383 -0.168 1.874
72 13 0.083 0.056 1.892
72 14 0.031 -0.369 1.942
72 15 0.013 -0.684 1.958
72 16 0.024 -0.718 1.878
72 17 0.219 0.049 1.916
72 18 0.243 -0.379 1.953
72 19 0.254 -0.692 1.981
72 20 0.265 -0.726 1.900
73 1 0.151 0.123 1.915
73 2 0.148 0.178 1.948
73 3 0.156 0.467 1.965
73 4 0.181 0.709 1.976
73 5 0.001 0.443 1.951
73 6 -0.080 0.164 1.884
73 7 -0.094 -0.074 1.837
73 8 -0.093 -0.164 1.825
73 9 0.324 0.421 1.991
73 10 0.371 0.128 1.963
73 11 0.385 -0.080 1.901
73 12 0.375 -0.170 1.874
73 13 0.083 0.054 1.888
73 14 0.032 -0.370 1.942
73 15 0.013 -0.684 1.958
73 16 0.025 -0.718 1.878
73 17 0.217 0.047 1.913
73 18 0.243 -0.379 1.952
73 19 0.254 -0.693 1.983
73 20 0.265 -0.726 1.901
74 1 0.150 0.121 1.912
74 2 0.147 0.176 1.947
74 3 0.156 0.466 1.965
74 4 0.180 0.708 1.975
74 5 0.001 0.442 1.950
74 6 -0.079 0.162 1.885
74 7 -0.093 -0.075 1.850
74 8 -0.090 -0.164 1.837
74 9 0.323 0.420 1.991
74 10 0.368 0.128 1.962
74 11 0.379 -0.081 1.901
74 12 0.369 -0.171 1.874
74 13 0.082 0.053 1.885
74 14 0.032 -0.370 1.941
74 15 0.013 -0.685 1.958
74 16 0.025 -0.718 1.878
74 17 0.216 0.046 1.910
74 18 0.243 -0.380 1.952
74 19 0.253 -0.693 1.984
74 20 0.265 -0.727 1.902
75 1 0.149 0.120 1.909
75 2 0.146 0.174 1.946
75 3 0.155 0.464 1.963
75 4 0.179 0.707 1.974
75 5 0.002 0.440 1.949
75 6 -0.078 0.159 1.887
75 7 -0.091 -0.072 1.861
75 8 -0.085 -0.157 1.851
75 9 0.322 0.419 1.991
75 10 0.365 0.128 1.962
75 11 0.374 -0.081 1.901
75 12 0.365 -0.171 1.874
75 13 0.082 0.052 1.883
75 14 0.031 -0.371 1.939
75 15 0.013 -0.685 1.958
75 16 0.025 -0.719 1.878
75 17 0.215 0.045 1.907
75 18 0.243 -0.380 1.952
75 19 0.253 -0.694 1.985
75 20 0.265 -0.727 1.903
76 1 0.148 0.119 1.906
76 2 0.145 0.172 1.945
76 3 0.154 0.463 1.962
76 4 0.178 0.706 1.973
76 5 0.002 0.438 1.948
76 6 -0.077 0.157 1.889
76 7 -0.089 -0.070 1.870
76 8 -0.082 -0.151 1.860
76 9 0.321 0.418 1.990
76 10 0.362 0.128 1.962
76 11 0.371 -0.081 1.901
76 12 0.362 -0.171 1.874
76 13 0.081 0.051 1.880
76 14 0.031 -0.372 1.938
76 15 0.013 -0.685 1.958
76 16 0.025 -0.719 1.878
76 17 0.214 0.044 1.905
76 18 0.243 -0.381 1.952
76 19 0.253 -0.694 1.986
76 20 0.264 -0.728 1.904
77 1 0.147 0.118 1.902
77 2 0.144 0.171 1.943
77 3 0.151 0.472 1.958
77 4 0.176 0.712 1.969
77 5 0.002 0.436 1.946
77 6 -0.076 0.155 1.892
77 7 -0.088 -0.069 1.875
77 8 -0.080 -0.147 1.866
77 9 0.319 0.417 1.989
77 10 0.360 0.128 1.962
77 11 0.369 -0.081 1.902
77 12 0.360 -0.171 1.874
77 13 0.079 0.051 1.875
77 14 0.031 -0.372 1.936
77 15 0.013 -0.686 1.958
77 16 0.025 -0.719 1.877
77 17 0.212 0.044 1.901
77 18 0.243 -0.381 1.951
77 19 0.252 -0.694 1.986
77 20 0.264 -0.728 1.904
78 1 0.146 0.117 1.899
78 2 0.142 0.170 1.941
78 3 0.149 0.473 1.955
78 4 0.175 0.714 1.967
78 5 0.002 0.435 1.945
78 6 -0.075 0.154 1.894
78 7 -0.088 -0.068 1.878
78 8 -0.078 -0.144 1.869
78 9 0.317 0.416 1.987
78 10 0.359 0.129 1.962
78 11 0.367 -0.081 1.902
78 12 0.359 -0.169 1.874
78 13 0.078 0.051 1.871
78 14 0.031 -0.373 1.934
78 15 0.013 -0.686 1.958
78 16 0.025 -0.719 1.877
78 17 0.211 0.043 1.898
78 18 0.243 -0.382 1.950
78 19 0.252 -0.695 1.987
78 20 0.264 -0.728 1.905
79 1 0.145 0.117 1.897
79 2 0.141 0.170 1.940
79 3 0.148 0.476 1.953
79 4 0.174 0.717 1.964
79 5 0.002 0.434 1.943
79 6 -0.075 0.153 1.895
79 7 -0.087 -0.067 1.880
79 8 -0.077 -0.142 1.870
79 9 0.316 0.415 1.986
79 10 0.357 0.130 1.962
79 11 0.366 -0.080 1.902
79 12 0.359 -0.168 1.875
79 13 0.077 0.052 1.868
79 14 0.030 -0.373 1.932
79 15 0.013 -0.686 1.958
79 16 0.025 -0.720 1.877
79 17 0.211 0.043 1.896
79 18 0.243 -0.383 1.950
79 19 0.251 -0.695 1.988
79 20 0.264 -0.729 1.906
80 1 0.144 0.117 1.894
80 2 0.141 0.169 1.939
80 3 0.146 0.477 1.951
80 4 0.173 0.718 1.962
80 5 0.002 0.433 1.941
80 6 -0.075 0.152 1.897
80 7 -0.087 -0.067 1.881
80 8 -0.077 -0.140 1.870
80 9 0.314 0.414 1.985
80 10 0.356 0.131 1.962
80 11 0.365 -0.080 1.903
80 12 0.359 -0.167 1.875
80 13 0.076 0.052 1.865
80 14 0.029 -0.373 1.930
80 15 0.013 -0.686 1.957
80 16 0.025 -0.720 1.876
80 17 0.210 0.043 1.894
80 18 0.243 -0.383 1.949
80 19 0.251 -0.696 1.988
80 20 0.263 -0.729 1.906
81 1 0.144 0.116 1.893
81 2 0.140 0.169 1.938
81 3 0.145 0.476 1.949
81 4 0.172 0.719 1.960
81 5 0.002 0.432 1.939
81 6 -0.075 0.151 1.897
81 7 -0.087 -0.066 1.881
81 8 -0.077 -0.138 1.867
81 9 0.313 0.413 1.983
81 10 0.354 0.131 1.961
81 11 0.364 -0.079 1.903
81 12 0.359 -0.167 1.875
81 13 0.075 0.052 1.863
81 14 0.029 -0.374 1.927
81 15 0.013 -0.687 1.957
81 16 0.025 -0.720 1.876
81 17 0.210 0.042 1.892
81 18 0.242 -0.384 1.948
81 19 0.251 -0.696 1.989
81 20 0.263 -0.730 1.907
82 1 0.143 0.116 1.891
82 2 0.139 0.168 1.937
82 3 0.144 0.475 1.947
82 4 0.170 0.718 1.959
82 5 0.002 0.432 1.937
82 6 -0.075 0.151 1.898
82 7 -0.088 -0.065 1.877
82 8 -0.079 -0.138 1.860
82 9 0.311 0.413 1.981
82 10 0.353 0.132 1.959
82 11 0.364 -0.079 1.903
82 12 0.359 -0.167 1.875
82 13 0.075 0.052 1.862
82 14 0.028 -0.374 1.926
82 15 0.013 -0.687 1.957
82 16 0.025 -0.721 1.875
82 17 0.209 0.042 1.891
82 18 0.242 -0.385 1.947
82 19 0.250 -0.697 1.989
82 20 0.263 -0.730 1.907
83 1 0.143 0.116 1.890
83 2 0.139 0.168 1.936
83 3 0.143 0.473 1.946
83 4 0.169 0.717 1.958
83 5 0.001 0.431 1.935
83 6 -0.075 0.150 1.898
83 7 -0.090 -0.064 1.871
83 8 -0.082 -0.139 1.849
83 9 0.310 0.412 1.980
83 10 0.352 0.133 1.958
83 11 0.364 -0.079 1.903
83 12 0.360 -0.166 1.875
83 13 0.075 0.052 1.861
83 14 0.028 -0.374 1.924
83 15 0.013 -0.687 1.957
83 16 0.025 -0.721 1.875
83 17 0.209 0.042 1.890
83 18 0.242 -0.386 1.945
83 19 0.250 -0.698 1.990
83 20 0.263 -0.731 1.908
84 1 0.143 0.116 1.889
84 2 0.138 0.168 1.935
84 3 0.143 0.472 1.944
84 4 0.168 0.716 1.957
84 5 0.000 0.431 1.933
84 6 -0.075 0.150 1.898
84 7 -0.092 -0.063 1.862
84 8 -0.084 -0.142 1.835
84 9 0.308 0.412 1.978
84 10 0.351 0.134 1.957
84 11 0.364 -0.079 1.902
84 12 0.360 -0.166 1.875
84 13 0.074 0.052 1.860
84 14 0.027 -0.375 1.923
84 15 0.011 -0.705 1.958
84 16 0.012 -0.768 1.913
84 17 0.209 0.042 1.889
84 18 0.241 -0.387 1.944
84 19 0.249 -0.698 1.990
84 20 0.262 -0.732 1.908
85 1 0.142 0.116 1.888
85 2 0.137 0.167 1.935
85 3 0.142 0.470 1.943
85 4 0.166 0.715 1.956
85 5 -0.000 0.431 1.931
85 6 -0.076 0.150 1.897
85 7 -0.094 -0.063 1.852
85 8 -0.087 -0.143 1.822
85 9 0.307 0.412 1.976
85 10 0.351 0.134 1.956
85 11 0.365 -0.079 1.901
85 12 0.361 -0.167 1.875
85 13 0.074 0.052 1.860
85 14 0.027 -0.375 1.921
85 15 0.011 -0.707 1.958
85 16 0.016 -0.756 1.899
85 17 0.208 0.041 1.888
85 18 0.241 -0.388 1.943
85 19 0.249 -0.699 1.990
85 20 0.262 -0.732 1.908
86 1 0.142 0.115 1.888
86 2 0.137 0.167 1.934
86 3 0.141 0.469 1.942
86 4 0.165 0.715 1.955
86 5 -0.001 0.431 1.930
86 6 -0.078 0.149 1.894
86 7 -0.096 -0.062 1.842
86 8 -0.088 -0.146 1.806
86 9 0.306 0.411 1.974
86 10 0.350 0.135 1.955
86 11 0.366 -0.079 1.900
86 12 0.362 -0.167 1.874
86 13 0.074 0.052 1.859
86 14 0.027 -0.376 1.920
86 15 0.010 -0.707 1.958
86 16 0.019 -0.748 1.890
86 17 0.207 0.041 1.886
86 18 0.241 -0.389 1.941
86 19 0.249 -0.700 1.991
86 20 0.262 -0.733 1.909
87 1 0.141 0.115 1.887
87 2 0.136 0.166 1.933
87 3 0.141 0.468 1.942
87 4 0.163 0.714 1.954
87 5 -0.002 0.430 1.929
87 6 -0.080 0.149 1.890
87 7 -0.097 -0.062 1.831
87 8 -0.089 -0.147 1.792
87 9 0.305 0.411 1.972
87 10 0.350 0.135 1.954
87 11 0.367 -0.079 1.899
87 12 0.363 -0.167 1.872
87 13 0.074 0.052 1.858
87 14 0.026 -0.377 1.919
87 15 0.010 -0.707 1.957
87 16 0.021 -0.742 1.883
87 17 0.207 0.040 1.885
87 18 0.241 -0.390 1.940
87 19 0.249 -0.701 1.991
87 20 0.262 -0.734 1.909
88 1 0.140 0.115 1.886
88 2 0.135 0.166 1.933
88 3 0.140 0.467 1.941
88 4 0.161 0.713 1.953
88 5 -0.003 0.430 1.927
88 6 -0.081 0.149 1.886
88 7 -0.098 -0.062 1.822
88 8 -0.089 -0.147 1.780
88 9 0.304 0.411 1.971
88 10 0.350 0.136 1.952
88 11 0.368 -0.079 1.898
88 12 0.364 -0.167 1.869
88 13 0.073 0.052 1.858
88 14 0.026 -0.377 1.917
88 15 0.010 -0.707 1.957
88 16 0.022 -0.739 1.878
88 17 0.206 0.040 1.884
88 18 0.241 -0.391 1.938
88 19 0.249 -0.701 1.991
88 20 0.262 -0.735 1.908
89 1 0.140 0.114 1.884
89 2 0.134 0.165 1.932
89 3 0.140 0.466 1.941
89 4 0.158 0.712 1.952
89 5 -0.003 0.430 1.926
89 6 -0.083 0.149 1.881
89 7 -0.098 -0.061 1.814
89 8 -0.089 -0.146 1.771
89 9 0.303 0.411 1.969
89 10 0.350 0.137 1.951
89 11 0.369 -0.079 1.896
89 12 0.365 -0.166 1.866
89 13 0.073 0.051 1.857
89 14 0.026 -0.378 1.916
89 15 0.010 -0.706 1.956
89 16 0.022 -0.736 1.874
89 17 0.205 0.040 1.882
89 18 0.240 -0.391 1.937
89 19 0.249 -0.702 1.990
89 20 0.261 -0.735 1.908
90 1 0.139 0.114 1.883
90 2 0.133 0.165 1.931
90 3 0.139 0.466 1.940
90 4 0.156 0.712 1.951
90 5 -0.004 0.430 1.925
90 6 -0.084 0.148 1.878
90 7 -0.098 -0.061 1.806
90 8 -0.087 -0.144 1.762
90 9 0.301 0.411 1.968
90 10 0.350 0.137 1.950
90 11 0.370 -0.079 1.894
90 12 0.366 -0.166 1.863
90 13 0.073 0.051 1.856
90 14 0.026 -0.379 1.915
90 15 0.010 -0.706 1.955
90 16 0.022 -0.735 1.872
90 17 0.204 0.039 1.881
90 18 0.241 -0.392 1.936
90 19 0.248 -0.703 1.990
90 20 0.261 -0.736 1.908
91 1 0.138 0.113 1.882
91 2 0.133 0.164 1.930
91 3 0.138 0.465 1.939
91 4 0.155 0.711 1.950
91 5 -0.005 0.430 1.925
91 6 -0.085 0.148 1.875
91 7 -0.097 -0.061 1.799
91 8 -0.086 -0.142 1.756
91 9 0.300 0.411 1.967
91 10 0.350 0.138 1.948
91 11 0.370 -0.079 1.892
91 12 0.367 -0.166 1.860
91 13 0.072 0.050 1.855
91 14 0.026 -0.379 1.914
91 15 0.010 -0.705 1.955
91 16 0.023 -0.734 1.871
91 17 0.204 0.039 1.879
91 18 0.241 -0.392 1.935
91 19 0.248 -0.703 1.990
91 20 0.260 -0.765 1.950
92 1 0.138 0.113 1.881
92 2 0.132 0.164 1.929
92 3 0.138 0.464 1.939
92 4 0.153 0.711 1.950
92 5 -0.006 0.429 1.924
92 6 -0.086 0.148 1.872
92 7 -0.096 -0.061 1.793
92 8 -0.084 -0.140 1.751
92 9 0.300 0.410 1.966
92 10 0.350 0.138 1.947
92 11 0.370 -0.078 1.889
92 12 0.367 -0.165 1.857
92 13 0.072 0.050 1.854
92 14 0.026 -0.380 1.913
92 15 0.010 -0.705 1.954
92 16 0.023 -0.733 1.869
92 17 0.203 0.039 1.878
92 18 0.241 -0.393 1.933
92 19 0.248 -0.704 1.990
92 20 0.260 -0.760 1.937
93 1 0.137 0.113 1.879
93 2 0.131 0.163 1.928
93 3 0.137 0.464 1.938
93 4 0.152 0.711 1.949
93 5 -0.007 0.429 1.923
93 6 -0.087 0.147 1.870
93 7 -0.096 -0.060 1.789
93 8 -0.083 -0.138 1.747
93 9 0.299 0.410 1.965
93 10 0.350 0.139 1.946
93 11 0.371 -0.078 1.887
93 12 0.366 -0.164 1.850
93 13 0.071 0.050 1.853
93 14 0.026 -0.381 1.912
93 15 0.009 -0.709 1.954
93 16 0.022 -0.739 1.869
93 17 0.202 0.038 1.876
93 18 0.241 -0.393 1.932
93 19 0.248 -0.705 1.989
93 20 0.261 -0.776 1.960
94 1 0.136 0.112 1.878
94 2 0.131 0.162 1.927
94 3 0.136 0.463 1.937
94 4 0.150 0.710 1.948
94 5 -0.009 0.429 1.922
94 6 -0.087 0.147 1.868
94 7 -0.095 -0.061 1.786
94 8 -0.081 -0.136 1.745
94 9 0.298 0.410 1.963
94 10 0.350 0.139 1.944
94 11 0.371 -0.078 1.885
94 12 0.365 -0.163 1.845
94 13 0.071 0.049 1.852
94 14 0.026 -0.382 1.911
94 15 0.009 -0.712 1.953
94 16 0.021 -0.744 1.868
94 17 0.202 0.038 1.875
94 18 0.241 -0.394 1.931
94 19 0.248 -0.705 1.989
94 20 0.261 -0.762 1.932
95 1 0.136 0.112 1.877
95 2 0.130 0.162 1.926
95 3 0.135 0.462 1.937
95 4 0.147 0.710 1.947
95 5 -0.010 0.429 1.921
95 6 -0.088 0.146 1.866
95 7 -0.094 -0.061 1.783
95 8 -0.080 -0.135 1.743
95 9 0.297 0.410 1.962
95 10 0.350 0.138 1.942
95 11 0.371 -0.078 1.882
95 12 0.365 -0.162 1.842
95 13 0.070 0.048 1.851
95 14 0.026 -0.383 1.910
95 15 0.008 -0.715 1.953
95 16 0.021 -0.747 1.868
95 17 0.201 0.038 1.874
95 18 0.241 -0.394 1.930
95 19 0.248 -0.706 1.988
95 20 0.261 -0.753 1.915
96 1 0.135 0.112 1.876
96 2 0.129 0.162 1.925
96 3 0.134 0.462 1.936
96 4 0.145 0.710 1.946
96 5 -0.011 0.428 1.921
96 6 -0.088 0.146 1.865
96 7 -0.094 -0.061 1.782
96 8 -0.078 -0.133 1.742
96 9 0.296 0.410 1.961
96 10 0.350 0.137 1.940
96 11 0.371 -0.078 1.881
96 12 0.365 -0.162 1.840
96 13 0.070 0.048 1.850
96 14 0.027 -0.383 1.909
96 15 0.008 -0.717 1.952
96 16 0.020 -0.750 1.868
96 17 0.201 0.038 1.873
96 18 0.242 -0.394 1.929
96 19 0.249 -0.707 1.988
96 20 0.261 -0.749 1.907
97 1 0.135 0.111 1.874
97 2 0.129 0.161 1.924
97 3 0.131 0.473 1.935
97 4 0.143 0.712 1.945
97 5 -0.012 0.428 1.920
97 6 -0.088 0.146 1.864
97 7 -0.093 -0.061 1.781
97 8 -0.076 -0.133 1.742
97 9 0.295 0.410 1.960
97 10 0.350 0.137 1.939
97 11 0.371 -0.078 1.879
97 12 0.364 -0.162 1.839
97 13 0.070 0.048 1.848
97 14 0.027 -0.384 1.908
97 15 0.008 -0.718 1.952
97 16 0.020 -0.751 1.867
97 17 0.201 0.038 1.871
97 18 0.242 -0.395 1.928
97 19 0.249 -0.707 1.986
97 20 0.261 -0.746 1.900
98 1 0.135 0.111 1.873
98 2 0.129 0.161 1.924
98 3 0.129 0.474 1.934
98 4 0.140 0.714 1.943
98 5 -0.012 0.428 1.920
98 6 -0.088 0.145 1.863
98 7 -0.092 -0.062 1.780
98 8 -0.074 -0.132 1.743
98 9 0.294 0.410 1.960
98 10 0.350 0.137 1.938
98 11 0.371 -0.078 1.878
98 12 0.364 -0.162 1.838
98 13 0.069 0.047 1.847
98 14 0.027 -0.384 1.908
98 15 0.008 -0.719 1.952
98 16 0.020 -0.753 1.867
98 17 0.201 0.038 1.870
98 18 0.242 -0.395 1.927
98 19 0.249 -0.708 1.985
98 20 0.262 -0.744 1.896
