1 1 0.249 -0.447 2.679
1 2 0.242 -0.426 2.740
1 3 0.235 -0.180 2.864
1 4 0.255 0.009 2.881
1 5 0.103 -0.270 2.796
1 6 0.089 -0.416 2.629
1 7 0.137 -0.483 2.375
1 8 0.174 -0.562 2.142
1 9 0.383 -0.277 2.827
1 10 0.418 -0.477 2.689
1 11 0.425 -0.534 2.429
1 12 0.417 -0.549 2.340
1 13 0.188 -0.495 2.630
1 14 0.176 -0.586 2.176
1 15 0.191 -0.852 2.202
1 16 0.195 -0.808 2.233
1 17 0.322 -0.503 2.652
1 18 0.411 -0.574 2.242
1 19 0.411 -0.857 2.210
1 20 0.413 -0.899 2.148
2 1 0.249 -0.447 2.679
2 2 0.242 -0.426 2.740
2 3 0.235 -0.180 2.864
2 4 0.255 0.009 2.881
2 5 0.103 -0.270 2.796
2 6 0.089 -0.416 2.629
2 7 0.138 -0.483 2.374
2 8 0.174 -0.561 2.143
2 9 0.383 -0.278 2.826
2 10 0.418 -0.478 2.690
2 11 0.411 -0.535 2.432
2 12 0.403 -0.553 2.373
2 13 0.189 -0.496 2.630
2 14 0.170 -0.586 2.176
2 15 0.186 -0.854 2.204
2 16 0.223 -0.811 2.211
2 17 0.323 -0.503 2.652
2 18 0.411 -0.573 2.242
2 19 0.411 -0.856 2.210
2 20 0.420 -0.897 2.139
3 1 0.249 -0.447 2.679
3 2 0.242 -0.427 2.740
3 3 0.235 -0.180 2.864
3 4 0.255 0.009 2.880
3 5 0.103 -0.270 2.796
3 6 0.089 -0.417 2.629
3 7 0.138 -0.485 2.374
3 8 0.175 -0.570 2.147
3 9 0.383 -0.278 2.826
3 10 0.419 -0.478 2.690
3 11 0.402 -0.535 2.434
3 12 0.393 -0.555 2.377
3 13 0.189 -0.496 2.630
3 14 0.169 -0.586 2.176
3 15 0.185 -0.856 2.205
3 16 0.227 -0.803 2.199
3 17 0.323 -0.503 2.652
3 18 0.410 -0.573 2.242
3 19 0.411 -0.856 2.210
3 20 0.424 -0.896 2.134
4 1 0.249 -0.448 2.679
4 2 0.242 -0.427 2.740
4 3 0.235 -0.180 2.864
4 4 0.255 0.009 2.880
4 5 0.102 -0.271 2.797
4 6 0.067 -0.449 2.660
4 7 0.125 -0.506 2.405
4 8 0.178 -0.600 2.151
4 9 0.383 -0.278 2.826
4 10 0.419 -0.478 2.691
4 11 0.399 -0.537 2.449
4 12 0.389 -0.557 2.389
4 13 0.187 -0.497 2.630
4 14 0.169 -0.585 2.176
4 15 0.185 -0.857 2.206
4 16 0.222 -0.795 2.192
4 17 0.323 -0.503 2.652
4 18 0.410 -0.573 2.242
4 19 0.411 -0.856 2.210
4 20 0.427 -0.895 2.131
5 1 0.249 -0.448 2.679
5 2 0.243 -0.427 2.740
5 3 0.235 -0.181 2.864
5 4 0.255 0.009 2.880
5 5 0.102 -0.271 2.797
5 6 0.072 -0.441 2.653
5 7 0.129 -0.503 2.401
5 8 0.179 -0.587 2.157
5 9 0.382 -0.278 2.826
5 10 0.447 -0.491 2.712
5 11 0.436 -0.539 2.494
5 12 0.432 -0.556 2.435
5 13 0.187 -0.497 2.630
5 14 0.169 -0.585 2.176
5 15 0.185 -0.858 2.207
5 16 0.216 -0.789 2.190
5 17 0.323 -0.503 2.652
5 18 0.410 -0.574 2.240
5 19 0.411 -0.856 2.210
5 20 0.429 -0.894 2.129
6 1 0.249 -0.448 2.679
6 2 0.243 -0.427 2.740
6 3 0.235 -0.181 2.864
6 4 0.255 0.008 2.880
6 5 0.102 -0.271 2.798
6 6 0.077 -0.435 2.646
6 7 0.131 -0.501 2.396
6 8 0.179 -0.584 2.159
6 9 0.382 -0.278 2.826
6 10 0.453 -0.495 2.716
6 11 0.447 -0.541 2.509
6 12 0.447 -0.556 2.451
6 13 0.187 -0.497 2.630
6 14 0.170 -0.585 2.176
6 15 0.185 -0.858 2.208
6 16 0.207 -0.787 2.188
6 17 0.323 -0.504 2.652
6 18 0.410 -0.574 2.238
6 19 0.411 -0.856 2.210
6 20 0.430 -0.894 2.127
7 1 0.249 -0.448 2.679
7 2 0.243 -0.427 2.740
7 3 0.235 -0.181 2.864
7 4 0.255 0.008 2.880
7 5 0.101 -0.271 2.798
7 6 0.081 -0.430 2.641
7 7 0.134 -0.499 2.391
7 8 0.179 -0.582 2.161
7 9 0.382 -0.278 2.826
7 10 0.458 -0.499 2.720
7 11 0.455 -0.542 2.518
7 12 0.456 -0.556 2.460
7 13 0.186 -0.497 2.630
7 14 0.171 -0.585 2.176
7 15 0.187 -0.861 2.210
7 16 0.200 -0.790 2.186
7 17 0.323 -0.504 2.652
7 18 0.410 -0.574 2.237
7 19 0.411 -0.855 2.210
7 20 0.429 -0.895 2.128
8 1 0.249 -0.448 2.679
8 2 0.243 -0.427 2.740
8 3 0.235 -0.181 2.864
8 4 0.255 0.008 2.880
8 5 0.101 -0.271 2.799
8 6 0.084 -0.427 2.637
8 7 0.135 -0.499 2.388
8 8 0.179 -0.582 2.162
8 9 0.382 -0.278 2.826
8 10 0.461 -0.501 2.722
8 11 0.459 -0.542 2.523
8 12 0.461 -0.556 2.466
8 13 0.185 -0.497 2.631
8 14 0.175 -0.612 2.183
8 15 0.188 -0.862 2.212
8 16 0.194 -0.791 2.184
8 17 0.322 -0.504 2.652
8 18 0.410 -0.575 2.237
8 19 0.410 -0.855 2.210
8 20 0.427 -0.895 2.130
9 1 0.249 -0.449 2.679
9 2 0.243 -0.428 2.740
9 3 0.235 -0.181 2.864
9 4 0.254 0.007 2.880
9 5 0.101 -0.271 2.799
9 6 0.086 -0.425 2.634
9 7 0.136 -0.499 2.386
9 8 0.179 -0.583 2.162
9 9 0.382 -0.279 2.826
9 10 0.463 -0.502 2.724
9 11 0.463 -0.542 2.528
9 12 0.466 -0.556 2.470
9 13 0.185 -0.497 2.631
9 14 0.180 -0.611 2.182
9 15 0.189 -0.863 2.213
9 16 0.189 -0.793 2.184
9 17 0.321 -0.505 2.652
9 18 0.410 -0.575 2.236
9 19 0.410 -0.855 2.210
9 20 0.400 -0.910 2.170
10 1 0.249 -0.449 2.680
10 2 0.243 -0.428 2.740
10 3 0.235 -0.182 2.864
10 4 0.254 0.007 2.880
10 5 0.101 -0.271 2.799
10 6 0.087 -0.424 2.632
10 7 0.137 -0.499 2.384
10 8 0.178 -0.584 2.161
10 9 0.382 -0.279 2.826
10 10 0.465 -0.501 2.725
10 11 0.553 -0.616 2.654
10 12 0.572 -0.645 2.615
10 13 0.185 -0.498 2.631
10 14 0.183 -0.609 2.182
10 15 0.190 -0.863 2.213
10 16 0.184 -0.794 2.186
10 17 0.321 -0.505 2.652
10 18 0.410 -0.575 2.236
10 19 0.411 -0.855 2.210
10 20 0.380 -0.911 2.189
11 1 0.249 -0.450 2.680
11 2 0.243 -0.429 2.741
11 3 0.235 -0.182 2.865
11 4 0.254 0.007 2.880
11 5 0.101 -0.271 2.799
11 6 0.088 -0.422 2.631
11 7 0.138 -0.499 2.382
11 8 0.178 -0.580 2.159
11 9 0.382 -0.279 2.826
11 10 0.465 -0.500 2.727
11 11 0.587 -0.635 2.703
11 12 0.629 -0.683 2.697
11 13 0.185 -0.498 2.631
11 14 0.186 -0.606 2.181
11 15 0.191 -0.864 2.214
11 16 0.181 -0.796 2.186
11 17 0.321 -0.506 2.652
11 18 0.410 -0.575 2.236
11 19 0.411 -0.855 2.210
11 20 0.374 -0.914 2.199
12 1 0.249 -0.450 2.680
12 2 0.243 -0.429 2.741
12 3 0.235 -0.182 2.865
12 4 0.254 0.007 2.880
12 5 0.101 -0.271 2.799
12 6 0.089 -0.422 2.630
12 7 0.138 -0.498 2.382
12 8 0.177 -0.581 2.159
12 9 0.382 -0.279 2.826
12 10 0.466 -0.500 2.727
12 11 0.608 -0.647 2.733
12 12 0.660 -0.701 2.742
12 13 0.185 -0.498 2.631
12 14 0.188 -0.603 2.181
12 15 0.192 -0.865 2.215
12 16 0.179 -0.797 2.186
12 17 0.320 -0.506 2.652
12 18 0.410 -0.575 2.236
12 19 0.413 -0.855 2.211
12 20 0.369 -0.913 2.203
13 1 0.249 -0.450 2.680
13 2 0.243 -0.429 2.741
13 3 0.235 -0.182 2.865
13 4 0.254 0.007 2.880
13 5 0.102 -0.271 2.799
13 6 0.089 -0.421 2.630
13 7 0.138 -0.498 2.381
13 8 0.177 -0.581 2.158
13 9 0.382 -0.279 2.826
13 10 0.465 -0.499 2.727
13 11 0.621 -0.641 2.776
13 12 0.679 -0.687 2.810
13 13 0.184 -0.498 2.632
13 14 0.190 -0.600 2.180
13 15 0.193 -0.866 2.216
13 16 0.179 -0.800 2.186
13 17 0.320 -0.507 2.652
13 18 0.411 -0.575 2.236
13 19 0.414 -0.855 2.212
13 20 0.367 -0.910 2.203
14 1 0.249 -0.450 2.680
14 2 0.243 -0.429 2.741
14 3 0.235 -0.182 2.865
14 4 0.254 0.007 2.880
14 5 0.102 -0.271 2.799
14 6 0.090 -0.420 2.629
14 7 0.139 -0.497 2.379
14 8 0.176 -0.577 2.159
14 9 0.382 -0.279 2.826
14 10 0.464 -0.497 2.727
14 11 0.626 -0.636 2.798
14 12 0.683 -0.679 2.838
14 13 0.184 -0.498 2.632
14 14 0.190 -0.597 2.179
14 15 0.194 -0.866 2.216
14 16 0.178 -0.801 2.186
14 17 0.320 -0.507 2.652
14 18 0.411 -0.575 2.239
14 19 0.414 -0.855 2.212
14 20 0.366 -0.907 2.198
15 1 0.249 -0.451 2.680
15 2 0.243 -0.430 2.741
15 3 0.235 -0.182 2.865
15 4 0.254 0.007 2.880
15 5 0.102 -0.271 2.798
15 6 0.090 -0.419 2.628
15 7 0.140 -0.496 2.378
15 8 0.176 -0.573 2.160
15 9 0.382 -0.279 2.826
15 10 0.463 -0.495 2.727
15 11 0.625 -0.631 2.809
15 12 0.678 -0.672 2.849
15 13 0.184 -0.498 2.632
15 14 0.191 -0.595 2.179
15 15 0.194 -0.866 2.217
15 16 0.179 -0.803 2.185
15 17 0.320 -0.507 2.652
15 18 0.411 -0.575 2.239
15 19 0.415 -0.855 2.212
15 20 0.366 -0.905 2.193
16 1 0.249 -0.451 2.680
16 2 0.243 -0.430 2.741
16 3 0.235 -0.182 2.865
16 4 0.254 0.007 2.879
16 5 0.103 -0.271 2.798
16 6 0.091 -0.419 2.627
16 7 0.141 -0.495 2.377
16 8 0.176 -0.572 2.159
16 9 0.382 -0.278 2.826
16 10 0.460 -0.495 2.720
16 11 0.616 -0.627 2.806
16 12 0.662 -0.666 2.839
16 13 0.184 -0.499 2.632
16 14 0.191 -0.593 2.178
16 15 0.194 -0.867 2.217
16 16 0.181 -0.805 2.183
16 17 0.320 -0.507 2.653
16 18 0.411 -0.575 2.239
16 19 0.415 -0.855 2.213
16 20 0.367 -0.903 2.188
17 1 0.250 -0.452 2.680
17 2 0.244 -0.430 2.741
17 3 0.235 -0.183 2.865
17 4 0.255 0.006 2.879
17 5 0.103 -0.271 2.797
17 6 0.091 -0.418 2.627
17 7 0.141 -0.495 2.376
17 8 0.176 -0.572 2.159
17 9 0.382 -0.278 2.825
17 10 0.455 -0.489 2.718
17 11 0.604 -0.617 2.802
17 12 0.646 -0.654 2.831
17 13 0.186 -0.500 2.632
17 14 0.191 -0.591 2.178
17 15 0.194 -0.866 2.218
17 16 0.185 -0.805 2.182
17 17 0.323 -0.510 2.655
17 18 0.411 -0.575 2.239
17 19 0.415 -0.855 2.213
17 20 0.368 -0.902 2.184
18 1 0.253 -0.454 2.681
18 2 0.245 -0.431 2.741
18 3 0.236 -0.183 2.864
18 4 0.255 0.006 2.878
18 5 0.104 -0.271 2.796
18 6 0.090 -0.416 2.626
18 7 0.141 -0.494 2.375
18 8 0.176 -0.571 2.159
18 9 0.382 -0.278 2.825
18 10 0.451 -0.477 2.718
18 11 0.593 -0.595 2.791
18 12 0.634 -0.632 2.813
18 13 0.188 -0.502 2.632
18 14 0.190 -0.590 2.177
18 15 0.194 -0.866 2.217
18 16 0.189 -0.803 2.184
18 17 0.327 -0.513 2.659
18 18 0.411 -0.575 2.240
18 19 0.415 -0.856 2.213
18 20 0.369 -0.901 2.181
19 1 0.255 -0.455 2.681
19 2 0.247 -0.432 2.742
19 3 0.237 -0.183 2.862
19 4 0.255 0.006 2.877
19 5 0.104 -0.270 2.794
19 6 0.090 -0.415 2.626
19 7 0.141 -0.492 2.375
19 8 0.176 -0.570 2.158
19 9 0.383 -0.277 2.823
19 10 0.448 -0.467 2.718
19 11 0.586 -0.582 2.782
19 12 0.627 -0.619 2.802
19 13 0.191 -0.503 2.631
19 14 0.190 -0.589 2.176
19 15 0.194 -0.866 2.217
19 16 0.193 -0.800 2.188
19 17 0.331 -0.515 2.662
19 18 0.411 -0.575 2.240
19 19 0.416 -0.856 2.213
19 20 0.370 -0.901 2.179
20 1 0.257 -0.457 2.682
20 2 0.249 -0.433 2.742
20 3 0.238 -0.183 2.860
20 4 0.256 0.006 2.873
20 5 0.105 -0.270 2.791
20 6 0.089 -0.414 2.626
20 7 0.141 -0.490 2.375
20 8 0.176 -0.570 2.157
20 9 0.383 -0.277 2.820
20 10 0.450 -0.462 2.720
20 11 0.584 -0.577 2.780
20 12 0.626 -0.614 2.797
20 13 0.194 -0.505 2.631
20 14 0.190 -0.588 2.175
20 15 0.194 -0.865 2.216
20 16 0.195 -0.798 2.191
20 17 0.334 -0.518 2.664
20 18 0.411 -0.575 2.239
20 19 0.416 -0.856 2.213
20 20 0.374 -0.905 2.179
21 1 0.259 -0.458 2.682
21 2 0.250 -0.434 2.742
21 3 0.239 -0.183 2.856
21 4 0.257 0.006 2.868
21 5 0.106 -0.269 2.788
21 6 0.089 -0.413 2.626
21 7 0.140 -0.489 2.375
21 8 0.176 -0.569 2.156
21 9 0.383 -0.276 2.816
21 10 0.459 -0.460 2.723
21 11 0.509 -0.558 2.589
21 12 0.530 -0.591 2.571
21 13 0.196 -0.507 2.630
21 14 0.190 -0.588 2.174
21 15 0.194 -0.865 2.216
21 16 0.196 -0.796 2.193
21 17 0.336 -0.520 2.666
21 18 0.412 -0.575 2.239
21 19 0.415 -0.856 2.213
21 20 0.405 -0.898 2.152
22 1 0.261 -0.459 2.682
22 2 0.252 -0.435 2.742
22 3 0.240 -0.182 2.851
22 4 0.258 0.005 2.861
22 5 0.106 -0.268 2.785
22 6 0.088 -0.412 2.625
22 7 0.140 -0.488 2.374
22 8 0.177 -0.569 2.155
22 9 0.384 -0.275 2.810
22 10 0.466 -0.460 2.725
22 11 0.488 -0.549 2.541
22 12 0.491 -0.579 2.481
22 13 0.198 -0.509 2.629
22 14 0.189 -0.588 2.173
22 15 0.193 -0.865 2.215
22 16 0.197 -0.794 2.195
22 17 0.338 -0.522 2.667
22 18 0.412 -0.575 2.239
22 19 0.415 -0.856 2.213
22 20 0.418 -0.895 2.140
23 1 0.262 -0.460 2.682
23 2 0.253 -0.435 2.742
23 3 0.241 -0.181 2.845
23 4 0.260 0.006 2.856
23 5 0.106 -0.268 2.783
23 6 0.087 -0.411 2.625
23 7 0.140 -0.486 2.374
23 8 0.177 -0.568 2.155
23 9 0.384 -0.274 2.805
23 10 0.472 -0.460 2.726
23 11 0.474 -0.546 2.508
23 12 0.471 -0.575 2.435
23 13 0.199 -0.510 2.628
23 14 0.189 -0.588 2.172
23 15 0.193 -0.864 2.215
23 16 0.198 -0.793 2.195
23 17 0.339 -0.523 2.668
23 18 0.412 -0.575 2.240
23 19 0.415 -0.856 2.213
23 20 0.425 -0.893 2.133
24 1 0.263 -0.461 2.682
24 2 0.254 -0.436 2.741
24 3 0.242 -0.179 2.840
24 4 0.261 0.006 2.853
24 5 0.106 -0.267 2.780
24 6 0.086 -0.410 2.624
24 7 0.139 -0.485 2.373
24 8 0.177 -0.567 2.154
24 9 0.384 -0.272 2.800
24 10 0.478 -0.461 2.726
24 11 0.467 -0.544 2.488
24 12 0.467 -0.577 2.422
24 13 0.200 -0.511 2.628
24 14 0.188 -0.587 2.171
24 15 0.193 -0.863 2.215
24 16 0.198 -0.792 2.195
24 17 0.340 -0.524 2.668
24 18 0.412 -0.575 2.240
24 19 0.415 -0.856 2.212
24 20 0.395 -0.905 2.179
25 1 0.263 -0.462 2.681
25 2 0.255 -0.436 2.741
25 3 0.243 -0.178 2.835
25 4 0.262 0.007 2.850
25 5 0.106 -0.266 2.778
25 6 0.086 -0.409 2.624
25 7 0.139 -0.484 2.373
25 8 0.177 -0.566 2.154
25 9 0.385 -0.272 2.795
25 10 0.483 -0.462 2.726
25 11 0.468 -0.548 2.485
25 12 0.470 -0.583 2.424
25 13 0.200 -0.512 2.627
25 14 0.187 -0.587 2.170
25 15 0.193 -0.862 2.215
25 16 0.189 -0.795 2.185
25 17 0.340 -0.525 2.669
25 18 0.412 -0.575 2.240
25 19 0.415 -0.856 2.212
25 20 0.380 -0.912 2.203
26 1 0.264 -0.462 2.681
26 2 0.256 -0.436 2.740
26 3 0.243 -0.177 2.831
26 4 0.263 0.007 2.846
26 5 0.106 -0.265 2.775
26 6 0.085 -0.408 2.624
26 7 0.128 -0.480 2.396
26 8 0.177 -0.565 2.154
26 9 0.386 -0.272 2.788
26 10 0.488 -0.463 2.727
26 11 0.490 -0.562 2.523
26 12 0.494 -0.598 2.470
26 13 0.201 -0.512 2.627
26 14 0.187 -0.587 2.169
26 15 0.193 -0.861 2.215
26 16 0.183 -0.797 2.179
26 17 0.341 -0.525 2.669
26 18 0.412 -0.575 2.241
26 19 0.414 -0.855 2.212
26 20 0.397 -0.896 2.169
27 1 0.265 -0.463 2.681
27 2 0.257 -0.436 2.740
27 3 0.244 -0.177 2.828
27 4 0.263 0.008 2.844
27 5 0.106 -0.263 2.771
27 6 0.084 -0.407 2.623
27 7 0.128 -0.477 2.391
27 8 0.177 -0.564 2.154
27 9 0.387 -0.272 2.783
27 10 0.492 -0.463 2.727
27 11 0.499 -0.563 2.533
27 12 0.501 -0.596 2.477
27 13 0.201 -0.513 2.626
27 14 0.187 -0.587 2.169
27 15 0.193 -0.860 2.214
27 16 0.178 -0.798 2.176
27 17 0.341 -0.526 2.669
27 18 0.412 -0.575 2.241
27 19 0.413 -0.854 2.212
27 20 0.407 -0.889 2.150
28 1 0.265 -0.463 2.681
28 2 0.257 -0.436 2.739
28 3 0.245 -0.176 2.825
28 4 0.264 0.008 2.841
28 5 0.106 -0.262 2.767
28 6 0.083 -0.406 2.621
28 7 0.129 -0.475 2.385
28 8 0.177 -0.564 2.153
28 9 0.388 -0.273 2.779
28 10 0.495 -0.463 2.728
28 11 0.511 -0.562 2.545
28 12 0.517 -0.594 2.493
28 13 0.201 -0.513 2.626
28 14 0.186 -0.587 2.168
28 15 0.194 -0.859 2.214
28 16 0.174 -0.798 2.175
28 17 0.342 -0.526 2.669
28 18 0.412 -0.576 2.241
28 19 0.413 -0.854 2.211
28 20 0.413 -0.886 2.140
29 1 0.265 -0.464 2.680
29 2 0.258 -0.436 2.739
29 3 0.247 -0.175 2.821
29 4 0.266 0.010 2.838
29 5 0.106 -0.260 2.763
29 6 0.079 -0.405 2.620
29 7 0.129 -0.474 2.381
29 8 0.177 -0.563 2.153
29 9 0.388 -0.273 2.776
29 10 0.498 -0.462 2.728
29 11 0.518 -0.562 2.552
29 12 0.526 -0.595 2.501
29 13 0.201 -0.514 2.626
29 14 0.186 -0.587 2.168
29 15 0.194 -0.858 2.214
29 16 0.171 -0.799 2.174
29 17 0.342 -0.527 2.669
29 18 0.413 -0.576 2.241
29 19 0.413 -0.853 2.211
29 20 0.416 -0.884 2.134
30 1 0.266 -0.464 2.680
30 2 0.258 -0.437 2.739
30 3 0.248 -0.175 2.818
30 4 0.268 0.010 2.836
30 5 0.107 -0.259 2.760
30 6 0.076 -0.402 2.616
30 7 0.130 -0.474 2.375
30 8 0.177 -0.562 2.153
30 9 0.389 -0.273 2.774
30 10 0.501 -0.461 2.727
30 11 0.523 -0.561 2.555
30 12 0.530 -0.595 2.505
30 13 0.201 -0.515 2.626
30 14 0.186 -0.587 2.168
30 15 0.194 -0.858 2.214
30 16 0.169 -0.799 2.174
30 17 0.342 -0.527 2.669
30 18 0.413 -0.576 2.241
30 19 0.412 -0.853 2.211
30 20 0.418 -0.883 2.131
31 1 0.266 -0.464 2.680
31 2 0.259 -0.437 2.738
31 3 0.250 -0.174 2.816
31 4 0.269 0.011 2.834
31 5 0.107 -0.258 2.757
31 6 0.073 -0.399 2.613
31 7 0.131 -0.474 2.369
31 8 0.177 -0.562 2.153
31 9 0.390 -0.273 2.773
31 10 0.499 -0.458 2.721
31 11 0.533 -0.561 2.558
31 12 0.549 -0.595 2.510
31 13 0.201 -0.516 2.627
31 14 0.186 -0.587 2.168
31 15 0.195 -0.857 2.214
31 16 0.167 -0.799 2.174
31 17 0.343 -0.528 2.669
31 18 0.413 -0.576 2.241
31 19 0.412 -0.853 2.211
31 20 0.419 -0.882 2.129
32 1 0.267 -0.465 2.680
32 2 0.259 -0.437 2.738
32 3 0.251 -0.173 2.813
32 4 0.271 0.011 2.833
32 5 0.108 -0.258 2.755
32 6 0.072 -0.397 2.610
32 7 0.132 -0.474 2.365
32 8 0.177 -0.562 2.153
32 9 0.391 -0.274 2.771
32 10 0.500 -0.456 2.719
32 11 0.537 -0.561 2.559
32 12 0.554 -0.595 2.512
32 13 0.201 -0.517 2.627
32 14 0.186 -0.587 2.168
32 15 0.195 -0.856 2.214
32 16 0.166 -0.798 2.176
32 17 0.343 -0.529 2.669
32 18 0.413 -0.577 2.241
32 19 0.412 -0.853 2.211
32 20 0.420 -0.881 2.127
33 1 0.267 -0.465 2.679
33 2 0.260 -0.437 2.737
33 3 0.252 -0.173 2.811
33 4 0.272 0.012 2.831
33 5 0.109 -0.257 2.752
33 6 0.070 -0.395 2.607
33 7 0.133 -0.475 2.362
33 8 0.177 -0.562 2.153
33 9 0.392 -0.274 2.769
33 10 0.504 -0.454 2.718
33 11 0.540 -0.559 2.559
33 12 0.556 -0.593 2.510
33 13 0.201 -0.518 2.627
33 14 0.186 -0.588 2.168
33 15 0.195 -0.856 2.214
33 16 0.165 -0.798 2.177
33 17 0.344 -0.529 2.669
33 18 0.413 -0.577 2.241
33 19 0.412 -0.853 2.211
33 20 0.421 -0.881 2.126
34 1 0.267 -0.466 2.679
34 2 0.260 -0.437 2.737
34 3 0.252 -0.173 2.810
34 4 0.274 0.012 2.830
34 5 0.109 -0.256 2.750
34 6 0.068 -0.394 2.603
34 7 0.133 -0.475 2.359
34 8 0.177 -0.562 2.153
34 9 0.393 -0.275 2.768
34 10 0.509 -0.451 2.718
34 11 0.559 -0.537 2.551
34 12 0.569 -0.577 2.503
34 13 0.201 -0.519 2.628
34 14 0.186 -0.588 2.168
34 15 0.195 -0.855 2.214
34 16 0.165 -0.797 2.178
34 17 0.344 -0.530 2.670
34 18 0.413 -0.577 2.241
34 19 0.412 -0.853 2.211
34 20 0.421 -0.881 2.126
35 1 0.268 -0.466 2.679
35 2 0.260 -0.437 2.737
35 3 0.253 -0.173 2.808
35 4 0.275 0.013 2.829
35 5 0.110 -0.255 2.747
35 6 0.067 -0.392 2.600
35 7 0.133 -0.476 2.356
35 8 0.177 -0.561 2.154
35 9 0.394 -0.275 2.766
35 10 0.516 -0.445 2.719
35 11 0.563 -0.533 2.550
35 12 0.571 -0.574 2.502
35 13 0.201 -0.521 2.629
35 14 0.186 -0.588 2.168
35 15 0.196 -0.855 2.214
35 16 0.164 -0.796 2.181
35 17 0.345 -0.531 2.670
35 18 0.413 -0.577 2.241
35 19 0.411 -0.852 2.210
35 20 0.421 -0.881 2.125
36 1 0.268 -0.467 2.679
36 2 0.261 -0.437 2.737
36 3 0.254 -0.172 2.806
36 4 0.276 0.013 2.827
36 5 0.110 -0.254 2.744
36 6 0.056 -0.388 2.571
36 7 0.133 -0.478 2.345
36 8 0.177 -0.561 2.154
36 9 0.395 -0.275 2.765
36 10 0.524 -0.441 2.720
36 11 0.554 -0.518 2.542
36 12 0.554 -0.564 2.507
36 13 0.201 -0.523 2.630
36 14 0.186 -0.588 2.168
36 15 0.196 -0.854 2.214
36 16 0.162 -0.795 2.185
36 17 0.346 -0.532 2.671
36 18 0.414 -0.577 2.241
36 19 0.411 -0.850 2.209
36 20 0.422 -0.880 2.125
37 1 0.268 -0.468 2.680
37 2 0.261 -0.437 2.737
37 3 0.255 -0.172 2.803
37 4 0.278 0.014 2.825
37 5 0.111 -0.253 2.740
37 6 0.053 -0.383 2.560
37 7 0.134 -0.478 2.337
37 8 0.177 -0.561 2.154
37 9 0.397 -0.275 2.763
37 10 0.529 -0.438 2.721
37 11 0.546 -0.496 2.535
37 12 0.540 -0.534 2.498
37 13 0.200 -0.525 2.632
37 14 0.186 -0.588 2.170
37 15 0.197 -0.854 2.213
37 16 0.160 -0.795 2.190
37 17 0.346 -0.534 2.672
37 18 0.414 -0.577 2.241
37 19 0.411 -0.848 2.208
37 20 0.422 -0.879 2.125
38 1 0.269 -0.469 2.680
38 2 0.261 -0.437 2.737
38 3 0.255 -0.172 2.800
38 4 0.279 0.014 2.823
38 5 0.111 -0.252 2.736
38 6 0.052 -0.378 2.554
38 7 0.134 -0.478 2.333
38 8 0.177 -0.561 2.155
38 9 0.398 -0.275 2.760
38 10 0.531 -0.434 2.722
38 11 0.543 -0.487 2.532
38 12 0.535 -0.525 2.497
38 13 0.200 -0.527 2.634
38 14 0.186 -0.588 2.170
38 15 0.197 -0.853 2.213
38 16 0.158 -0.794 2.197
38 17 0.347 -0.536 2.673
38 18 0.414 -0.577 2.242
38 19 0.412 -0.847 2.208
38 20 0.422 -0.878 2.125
39 1 0.269 -0.470 2.680
39 2 0.261 -0.437 2.737
39 3 0.256 -0.171 2.797
39 4 0.280 0.014 2.821
39 5 0.111 -0.250 2.732
39 6 0.052 -0.374 2.549
39 7 0.134 -0.478 2.328
39 8 0.178 -0.560 2.155
39 9 0.400 -0.276 2.757
39 10 0.533 -0.420 2.704
39 11 0.541 -0.488 2.523
39 12 0.531 -0.527 2.487
39 13 0.200 -0.530 2.637
39 14 0.186 -0.588 2.172
39 15 0.197 -0.852 2.212
39 16 0.156 -0.794 2.202
39 17 0.347 -0.537 2.675
39 18 0.414 -0.577 2.244
39 19 0.412 -0.847 2.207
39 20 0.423 -0.878 2.125
40 1 0.269 -0.471 2.681
40 2 0.261 -0.437 2.737
40 3 0.257 -0.171 2.792
40 4 0.281 0.016 2.817
40 5 0.111 -0.249 2.727
40 6 0.052 -0.371 2.545
40 7 0.134 -0.478 2.324
40 8 0.177 -0.560 2.155
40 9 0.402 -0.275 2.754
40 10 0.534 -0.414 2.695
40 11 0.543 -0.486 2.515
40 12 0.531 -0.526 2.480
40 13 0.199 -0.532 2.639
40 14 0.186 -0.588 2.174
40 15 0.198 -0.852 2.211
40 16 0.155 -0.794 2.207
40 17 0.348 -0.539 2.677
40 18 0.415 -0.576 2.246
40 19 0.412 -0.846 2.207
40 20 0.423 -0.877 2.125
41 1 0.270 -0.472 2.682
41 2 0.261 -0.437 2.737
41 3 0.257 -0.170 2.789
41 4 0.282 0.017 2.813
41 5 0.111 -0.248 2.723
41 6 0.052 -0.368 2.542
41 7 0.134 -0.477 2.321
41 8 0.177 -0.560 2.156
41 9 0.404 -0.274 2.750
41 10 0.535 -0.407 2.683
41 11 0.540 -0.488 2.506
41 12 0.530 -0.531 2.474
41 13 0.199 -0.534 2.641
41 14 0.186 -0.588 2.176
41 15 0.198 -0.851 2.210
41 16 0.154 -0.795 2.215
41 17 0.349 -0.540 2.679
41 18 0.415 -0.576 2.247
41 19 0.412 -0.846 2.207
41 20 0.423 -0.877 2.126
42 1 0.270 -0.472 2.683
42 2 0.262 -0.437 2.737
42 3 0.258 -0.169 2.784
42 4 0.283 0.018 2.808
42 5 0.112 -0.247 2.719
42 6 0.053 -0.366 2.540
42 7 0.134 -0.477 2.319
42 8 0.177 -0.559 2.156
42 9 0.405 -0.273 2.746
42 10 0.537 -0.400 2.670
42 11 0.537 -0.492 2.498
42 12 0.530 -0.536 2.465
42 13 0.198 -0.536 2.643
42 14 0.186 -0.588 2.178
42 15 0.199 -0.850 2.209
42 16 0.154 -0.795 2.219
42 17 0.349 -0.541 2.680
42 18 0.416 -0.576 2.249
42 19 0.412 -0.846 2.207
42 20 0.423 -0.877 2.126
43 1 0.270 -0.473 2.683
43 2 0.262 -0.437 2.737
43 3 0.259 -0.168 2.779
43 4 0.283 0.020 2.803
43 5 0.112 -0.246 2.714
43 6 0.054 -0.364 2.536
43 7 0.134 -0.477 2.316
43 8 0.177 -0.559 2.156
43 9 0.407 -0.272 2.741
43 10 0.538 -0.397 2.666
43 11 0.533 -0.490 2.492
43 12 0.529 -0.534 2.461
43 13 0.198 -0.537 2.645
43 14 0.186 -0.588 2.180
43 15 0.204 -0.849 2.206
43 16 0.155 -0.816 2.223
43 17 0.349 -0.542 2.681
43 18 0.416 -0.575 2.251
43 19 0.412 -0.845 2.207
43 20 0.423 -0.877 2.126
44 1 0.270 -0.474 2.684
44 2 0.262 -0.437 2.737
44 3 0.260 -0.168 2.773
44 4 0.284 0.021 2.798
44 5 0.112 -0.244 2.707
44 6 0.055 -0.362 2.531
44 7 0.134 -0.476 2.313
44 8 0.177 -0.559 2.157
44 9 0.409 -0.269 2.735
44 10 0.542 -0.384 2.643
44 11 0.526 -0.491 2.482
44 12 0.535 -0.536 2.465
44 13 0.198 -0.538 2.646
44 14 0.185 -0.588 2.181
44 15 0.209 -0.847 2.203
44 16 0.158 -0.826 2.225
44 17 0.349 -0.543 2.682
44 18 0.416 -0.575 2.252
44 19 0.412 -0.845 2.207
44 20 0.423 -0.877 2.126
45 1 0.270 -0.474 2.684
45 2 0.262 -0.437 2.737
45 3 0.261 -0.167 2.765
45 4 0.286 0.023 2.789
45 5 0.113 -0.243 2.699
45 6 0.056 -0.360 2.524
45 7 0.134 -0.476 2.309
45 8 0.177 -0.559 2.157
45 9 0.410 -0.266 2.727
45 10 0.544 -0.375 2.623
45 11 0.518 -0.492 2.470
45 12 0.515 -0.535 2.431
45 13 0.197 -0.539 2.647
45 14 0.185 -0.588 2.182
45 15 0.210 -0.846 2.200
45 16 0.200 -0.865 2.151
45 17 0.349 -0.543 2.683
45 18 0.417 -0.574 2.254
45 19 0.412 -0.846 2.207
45 20 0.423 -0.877 2.127
46 1 0.270 -0.475 2.684
46 2 0.262 -0.437 2.737
46 3 0.262 -0.167 2.758
46 4 0.288 0.024 2.781
46 5 0.113 -0.242 2.692
46 6 0.058 -0.357 2.517
46 7 0.130 -0.476 2.313
46 8 0.177 -0.558 2.157
46 9 0.411 -0.262 2.718
46 10 0.546 -0.372 2.595
46 11 0.520 -0.492 2.435
46 12 0.515 -0.537 2.417
46 13 0.197 -0.539 2.648
46 14 0.185 -0.588 2.183
46 15 0.211 -0.846 2.199
46 16 0.217 -0.884 2.116
46 17 0.349 -0.544 2.683
46 18 0.417 -0.573 2.255
46 19 0.412 -0.846 2.207
46 20 0.423 -0.877 2.127
47 1 0.270 -0.475 2.684
47 2 0.262 -0.436 2.736
47 3 0.262 -0.166 2.751
47 4 0.289 0.026 2.772
47 5 0.114 -0.241 2.685
47 6 0.061 -0.355 2.505
47 7 0.128 -0.476 2.316
47 8 0.177 -0.558 2.157
47 9 0.412 -0.260 2.710
47 10 0.548 -0.372 2.570
47 11 0.520 -0.499 2.419
47 12 0.515 -0.542 2.403
47 13 0.197 -0.540 2.648
47 14 0.185 -0.588 2.183
47 15 0.211 -0.845 2.198
47 16 0.225 -0.892 2.102
47 17 0.349 -0.544 2.683
47 18 0.417 -0.572 2.257
47 19 0.412 -0.846 2.207
47 20 0.423 -0.877 2.127
48 1 0.270 -0.475 2.684
48 2 0.262 -0.435 2.734
48 3 0.264 -0.164 2.741
48 4 0.290 0.027 2.763
48 5 0.115 -0.240 2.679
48 6 0.063 -0.353 2.496
48 7 0.130 -0.475 2.305
48 8 0.177 -0.558 2.157
48 9 0.413 -0.257 2.703
48 10 0.549 -0.371 2.556
48 11 0.516 -0.496 2.401
48 12 0.504 -0.533 2.360
48 13 0.196 -0.540 2.648
48 14 0.185 -0.588 2.184
48 15 0.211 -0.845 2.197
48 16 0.229 -0.896 2.093
48 17 0.349 -0.544 2.683
48 18 0.417 -0.571 2.257
48 19 0.412 -0.846 2.207
48 20 0.423 -0.877 2.127
49 1 0.270 -0.475 2.681
49 2 0.264 -0.434 2.729
49 3 0.265 -0.163 2.728
49 4 0.290 0.028 2.756
49 5 0.116 -0.238 2.670
49 6 0.066 -0.351 2.486
49 7 0.121 -0.470 2.309
49 8 0.177 -0.558 2.158
49 9 0.414 -0.254 2.691
49 10 0.549 -0.370 2.547
49 11 0.519 -0.492 2.388
49 12 0.508 -0.533 2.353
49 13 0.196 -0.540 2.648
49 14 0.186 -0.588 2.184
49 15 0.211 -0.844 2.196
49 16 0.231 -0.896 2.088
49 17 0.349 -0.544 2.681
49 18 0.417 -0.570 2.258
49 19 0.413 -0.846 2.207
49 20 0.423 -0.878 2.128
50 1 0.269 -0.475 2.676
50 2 0.264 -0.432 2.721
50 3 0.266 -0.162 2.715
50 4 0.290 0.028 2.748
50 5 0.118 -0.237 2.660
50 6 0.069 -0.350 2.469
50 7 0.118 -0.471 2.308
50 8 0.177 -0.558 2.158
50 9 0.413 -0.252 2.680
50 10 0.549 -0.367 2.539
50 11 0.482 -0.499 2.363
50 12 0.460 -0.545 2.315
50 13 0.194 -0.540 2.646
50 14 0.188 -0.589 2.183
50 15 0.211 -0.844 2.195
50 16 0.228 -0.892 2.091
50 17 0.348 -0.544 2.677
50 18 0.417 -0.569 2.258
50 19 0.413 -0.847 2.207
50 20 0.422 -0.878 2.128
51 1 0.269 -0.476 2.671
51 2 0.265 -0.431 2.715
51 3 0.266 -0.161 2.706
51 4 0.290 0.029 2.737
51 5 0.120 -0.236 2.650
51 6 0.072 -0.349 2.459
51 7 0.113 -0.470 2.306
51 8 0.177 -0.557 2.158
51 9 0.413 -0.251 2.669
51 10 0.546 -0.364 2.530
51 11 0.471 -0.501 2.355
51 12 0.435 -0.552 2.299
51 13 0.194 -0.540 2.644
51 14 0.190 -0.589 2.182
51 15 0.210 -0.843 2.195
51 16 0.217 -0.882 2.104
51 17 0.348 -0.544 2.672
51 18 0.416 -0.568 2.259
51 19 0.413 -0.847 2.207
51 20 0.377 -0.816 2.237
52 1 0.270 -0.476 2.666
52 2 0.266 -0.430 2.709
52 3 0.267 -0.159 2.696
52 4 0.289 0.030 2.725
52 5 0.121 -0.234 2.638
52 6 0.074 -0.348 2.450
52 7 0.112 -0.469 2.304
52 8 0.178 -0.556 2.160
52 9 0.412 -0.249 2.657
52 10 0.543 -0.359 2.522
52 11 0.472 -0.492 2.352
52 12 0.449 -0.530 2.302
52 13 0.194 -0.541 2.642
52 14 0.191 -0.590 2.180
52 15 0.207 -0.842 2.196
52 16 0.210 -0.876 2.112
52 17 0.349 -0.543 2.667
52 18 0.416 -0.567 2.258
52 19 0.413 -0.847 2.207
52 20 0.375 -0.874 2.235
53 1 0.270 -0.477 2.657
53 2 0.266 -0.429 2.699
53 3 0.267 -0.158 2.683
53 4 0.291 0.032 2.713
53 5 0.122 -0.232 2.628
53 6 0.037 -0.338 2.436
53 7 0.100 -0.468 2.305
53 8 0.178 -0.555 2.164
53 9 0.412 -0.248 2.645
53 10 0.540 -0.354 2.513
53 11 0.476 -0.486 2.351
53 12 0.451 -0.527 2.298
53 13 0.193 -0.541 2.638
53 14 0.192 -0.591 2.175
53 15 0.211 -0.843 2.190
53 16 0.216 -0.875 2.107
53 17 0.349 -0.543 2.658
53 18 0.415 -0.566 2.258
53 19 0.413 -0.847 2.207
53 20 0.404 -0.876 2.168
54 1 0.272 -0.476 2.648
54 2 0.268 -0.428 2.690
54 3 0.267 -0.156 2.671
54 4 0.292 0.036 2.703
54 5 0.124 -0.229 2.617
54 6 0.020 -0.332 2.430
54 7 0.095 -0.467 2.304
54 8 0.133 -0.521 2.244
54 9 0.413 -0.244 2.631
54 10 0.537 -0.351 2.501
54 11 0.480 -0.485 2.350
54 12 0.457 -0.527 2.298
54 13 0.194 -0.540 2.632
54 14 0.195 -0.623 2.170
54 15 0.202 -0.862 2.168
54 16 0.207 -0.892 2.091
54 17 0.352 -0.541 2.649
54 18 0.414 -0.566 2.255
54 19 0.413 -0.847 2.207
54 20 0.409 -0.881 2.154
55 1 0.273 -0.475 2.641
55 2 0.270 -0.426 2.681
55 3 0.267 -0.152 2.659
55 4 0.293 0.039 2.694
55 5 0.125 -0.226 2.606
55 6 0.011 -0.330 2.423
55 7 0.091 -0.467 2.304
55 8 0.113 -0.506 2.281
55 9 0.414 -0.241 2.620
55 10 0.535 -0.348 2.490
55 11 0.486 -0.486 2.348
55 12 0.464 -0.527 2.304
55 13 0.195 -0.540 2.627
55 14 0.197 -0.636 2.168
55 15 0.197 -0.873 2.157
55 16 0.202 -0.903 2.082
55 17 0.354 -0.540 2.642
55 18 0.410 -0.569 2.248
55 19 0.413 -0.847 2.207
55 20 0.416 -0.882 2.135
56 1 0.274 -0.475 2.635
56 2 0.271 -0.423 2.673
56 3 0.267 -0.148 2.646
56 4 0.295 0.045 2.670
56 5 0.126 -0.224 2.594
56 6 0.007 -0.329 2.419
56 7 0.089 -0.466 2.303
56 8 0.105 -0.500 2.296
56 9 0.415 -0.237 2.610
56 10 0.534 -0.346 2.482
56 11 0.490 -0.487 2.347
56 12 0.470 -0.527 2.307
56 13 0.196 -0.540 2.622
56 14 0.192 -0.628 2.168
56 15 0.199 -0.868 2.179
56 16 0.164 -0.827 2.184
56 17 0.356 -0.539 2.636
56 18 0.405 -0.574 2.241
56 19 0.413 -0.847 2.207
56 20 0.420 -0.884 2.128
57 1 0.277 -0.474 2.627
57 2 0.275 -0.421 2.662
57 3 0.268 -0.145 2.632
57 4 0.297 0.048 2.657
57 5 0.127 -0.221 2.583
57 6 0.004 -0.329 2.413
57 7 0.088 -0.467 2.301
57 8 0.098 -0.502 2.310
57 9 0.416 -0.235 2.599
57 10 0.534 -0.345 2.466
57 11 0.492 -0.490 2.346
57 12 0.472 -0.529 2.309
57 13 0.199 -0.540 2.616
57 14 0.191 -0.625 2.168
57 15 0.200 -0.865 2.192
57 16 0.148 -0.811 2.219
57 17 0.359 -0.537 2.629
57 18 0.401 -0.579 2.236
57 19 0.413 -0.848 2.208
57 20 0.422 -0.886 2.123
58 1 0.279 -0.473 2.621
58 2 0.277 -0.420 2.654
58 3 0.269 -0.144 2.624
58 4 0.298 0.049 2.642
58 5 0.127 -0.219 2.574
58 6 0.004 -0.328 2.407
58 7 0.088 -0.468 2.299
58 8 0.118 -0.514 2.303
58 9 0.417 -0.234 2.585
58 10 0.534 -0.345 2.455
58 11 0.494 -0.494 2.344
58 12 0.473 -0.535 2.311
58 13 0.201 -0.539 2.611
58 14 0.189 -0.622 2.167
58 15 0.201 -0.862 2.200
58 16 0.140 -0.796 2.245
58 17 0.361 -0.537 2.624
58 18 0.396 -0.585 2.231
58 19 0.413 -0.847 2.208
58 20 0.423 -0.886 2.120
59 1 0.281 -0.472 2.616
59 2 0.279 -0.418 2.646
59 3 0.270 -0.143 2.615
59 4 0.300 0.051 2.627
59 5 0.128 -0.217 2.563
59 6 0.008 -0.329 2.395
59 7 0.089 -0.472 2.293
59 8 0.132 -0.528 2.291
59 9 0.417 -0.232 2.575
59 10 0.534 -0.345 2.446
59 11 0.494 -0.498 2.341
59 12 0.474 -0.541 2.312
59 13 0.203 -0.539 2.607
59 14 0.189 -0.617 2.166
59 15 0.202 -0.860 2.205
59 16 0.135 -0.811 2.266
59 17 0.363 -0.536 2.619
59 18 0.392 -0.589 2.228
59 19 0.413 -0.846 2.209
59 20 0.423 -0.884 2.120
60 1 0.282 -0.471 2.609
60 2 0.281 -0.416 2.636
60 3 0.271 -0.142 2.604
60 4 0.301 0.051 2.615
60 5 0.129 -0.216 2.553
60 6 0.011 -0.328 2.388
60 7 0.089 -0.474 2.290
60 8 0.128 -0.532 2.282
60 9 0.419 -0.230 2.562
60 10 0.535 -0.346 2.436
60 11 0.492 -0.503 2.339
60 12 0.473 -0.548 2.313
60 13 0.204 -0.538 2.602
60 14 0.186 -0.610 2.172
60 15 0.203 -0.858 2.208
60 16 0.134 -0.810 2.266
60 17 0.364 -0.535 2.614
60 18 0.389 -0.593 2.226
60 19 0.413 -0.845 2.210
60 20 0.422 -0.881 2.123
61 1 0.284 -0.470 2.603
61 2 0.282 -0.414 2.626
61 3 0.272 -0.142 2.590
61 4 0.302 0.051 2.604
61 5 0.130 -0.215 2.541
61 6 0.015 -0.329 2.378
61 7 0.093 -0.477 2.285
61 8 0.118 -0.524 2.293
61 9 0.420 -0.228 2.551
61 10 0.535 -0.347 2.428
61 11 0.490 -0.506 2.336
61 12 0.471 -0.553 2.313
61 13 0.206 -0.537 2.598
61 14 0.197 -0.576 2.204
61 15 0.204 -0.857 2.211
61 16 0.134 -0.810 2.263
61 17 0.366 -0.533 2.608
61 18 0.387 -0.595 2.225
61 19 0.413 -0.844 2.211
61 20 0.421 -0.879 2.126
62 1 0.285 -0.468 2.597
62 2 0.283 -0.412 2.614
62 3 0.273 -0.141 2.576
62 4 0.302 0.050 2.590
62 5 0.131 -0.215 2.532
62 6 0.018 -0.330 2.368
62 7 0.073 -0.486 2.257
62 8 0.107 -0.540 2.264
62 9 0.422 -0.227 2.542
62 10 0.537 -0.348 2.422
62 11 0.487 -0.508 2.331
62 12 0.468 -0.555 2.312
62 13 0.206 -0.536 2.593
62 14 0.201 -0.565 2.214
62 15 0.204 -0.856 2.212
62 16 0.137 -0.813 2.253
62 17 0.367 -0.532 2.602
62 18 0.385 -0.597 2.224
62 19 0.413 -0.842 2.211
62 20 0.420 -0.877 2.129
63 1 0.285 -0.467 2.589
63 2 0.283 -0.410 2.603
63 3 0.275 -0.141 2.561
63 4 0.305 0.048 2.576
63 5 0.132 -0.214 2.519
63 6 0.020 -0.331 2.360
63 7 0.057 -0.490 2.239
63 8 0.096 -0.549 2.244
63 9 0.423 -0.226 2.530
63 10 0.540 -0.349 2.408
63 11 0.483 -0.512 2.329
63 12 0.465 -0.557 2.310
63 13 0.207 -0.534 2.587
63 14 0.208 -0.648 2.197
63 15 0.206 -0.900 2.222
63 16 0.182 -0.916 2.190
63 17 0.367 -0.531 2.596
63 18 0.383 -0.598 2.223
63 19 0.413 -0.841 2.212
63 20 0.419 -0.875 2.132
64 1 0.285 -0.465 2.582
64 2 0.283 -0.409 2.592
64 3 0.277 -0.141 2.549
64 4 0.306 0.045 2.563
64 5 0.134 -0.215 2.504
64 6 0.021 -0.332 2.354
64 7 0.052 -0.492 2.233
64 8 0.093 -0.553 2.235
64 9 0.425 -0.226 2.518
64 10 0.543 -0.350 2.396
64 11 0.480 -0.514 2.325
64 12 0.461 -0.559 2.308
64 13 0.206 -0.532 2.581
64 14 0.206 -0.619 2.193
64 15 0.207 -0.887 2.220
64 16 0.159 -0.854 2.210
64 17 0.367 -0.530 2.590
64 18 0.382 -0.599 2.223
64 19 0.413 -0.839 2.213
64 20 0.418 -0.874 2.134
65 1 0.285 -0.464 2.574
65 2 0.283 -0.408 2.581
65 3 0.281 -0.142 2.532
65 4 0.310 0.042 2.542
65 5 0.135 -0.214 2.492
65 6 0.022 -0.332 2.346
65 7 0.087 -0.489 2.244
65 8 0.109 -0.549 2.243
65 9 0.427 -0.227 2.503
65 10 0.546 -0.351 2.388
65 11 0.479 -0.516 2.320
65 12 0.459 -0.560 2.304
65 13 0.206 -0.531 2.576
65 14 0.205 -0.615 2.188
65 15 0.206 -0.845 2.208
65 16 0.198 -0.873 2.142
65 17 0.367 -0.530 2.583
65 18 0.381 -0.600 2.223
65 19 0.412 -0.838 2.213
65 20 0.417 -0.873 2.136
66 1 0.286 -0.464 2.571
66 2 0.285 -0.408 2.575
66 3 0.284 -0.143 2.517
66 4 0.313 0.039 2.527
66 5 0.137 -0.213 2.480
66 6 0.023 -0.332 2.332
66 7 0.106 -0.489 2.250
66 8 0.120 -0.546 2.248
66 9 0.429 -0.226 2.490
66 10 0.549 -0.350 2.378
66 11 0.479 -0.515 2.309
66 12 0.457 -0.560 2.297
66 13 0.211 -0.530 2.575
66 14 0.201 -0.607 2.186
66 15 0.206 -0.821 2.201
66 16 0.211 -0.866 2.116
66 17 0.368 -0.529 2.580
66 18 0.380 -0.600 2.222
66 19 0.412 -0.836 2.214
66 20 0.416 -0.872 2.138
67 1 0.288 -0.463 2.568
67 2 0.286 -0.407 2.570
67 3 0.284 -0.145 2.499
67 4 0.317 0.034 2.506
67 5 0.140 -0.214 2.468
67 6 0.025 -0.329 2.319
67 7 0.111 -0.488 2.248
67 8 0.134 -0.547 2.231
67 9 0.430 -0.226 2.479
67 10 0.553 -0.347 2.364
67 11 0.481 -0.513 2.295
67 12 0.455 -0.558 2.286
67 13 0.217 -0.530 2.575
67 14 0.198 -0.600 2.185
67 15 0.205 -0.817 2.200
67 16 0.217 -0.872 2.108
67 17 0.369 -0.528 2.578
67 18 0.379 -0.601 2.222
67 19 0.412 -0.836 2.214
67 20 0.415 -0.874 2.139
68 1 0.290 -0.463 2.566
68 2 0.288 -0.407 2.566
68 3 0.286 -0.148 2.483
68 4 0.320 0.030 2.490
68 5 0.143 -0.213 2.453
68 6 0.027 -0.325 2.302
68 7 0.111 -0.489 2.241
68 8 0.141 -0.547 2.219
68 9 0.432 -0.225 2.468
68 10 0.559 -0.345 2.345
68 11 0.483 -0.510 2.277
68 12 0.455 -0.555 2.270
68 13 0.221 -0.530 2.576
68 14 0.196 -0.595 2.184
68 15 0.204 -0.810 2.197
68 16 0.219 -0.870 2.102
68 17 0.370 -0.527 2.577
68 18 0.379 -0.601 2.222
68 19 0.412 -0.837 2.214
68 20 0.391 -0.882 2.158
69 1 0.292 -0.463 2.563
69 2 0.291 -0.407 2.560
69 3 0.287 -0.150 2.471
69 4 0.322 0.026 2.473
69 5 0.147 -0.214 2.439
69 6 0.030 -0.320 2.284
69 7 0.107 -0.488 2.223
69 8 0.133 -0.545 2.197
69 9 0.434 -0.225 2.457
69 10 0.562 -0.343 2.332
69 11 0.476 -0.502 2.259
69 12 0.443 -0.549 2.242
69 13 0.224 -0.530 2.575
69 14 0.193 -0.591 2.184
69 15 0.203 -0.806 2.196
69 16 0.218 -0.866 2.100
69 17 0.371 -0.527 2.576
69 18 0.379 -0.601 2.222
69 19 0.411 -0.837 2.215
69 20 0.384 -0.899 2.181
70 1 0.295 -0.463 2.560
70 2 0.294 -0.408 2.554
70 3 0.287 -0.153 2.456
70 4 0.324 0.023 2.453
70 5 0.150 -0.216 2.424
70 6 0.033 -0.316 2.265
70 7 0.110 -0.484 2.205
70 8 0.135 -0.542 2.189
70 9 0.434 -0.225 2.437
70 10 0.564 -0.341 2.317
70 11 0.488 -0.499 2.226
70 12 0.460 -0.550 2.201
70 13 0.227 -0.530 2.574
70 14 0.192 -0.589 2.184
70 15 0.203 -0.803 2.194
70 16 0.215 -0.862 2.103
70 17 0.373 -0.526 2.574
70 18 0.378 -0.601 2.222
70 19 0.411 -0.840 2.215
70 20 0.390 -0.903 2.175
71 1 0.298 -0.464 2.555
71 2 0.297 -0.409 2.544
71 3 0.287 -0.155 2.440
71 4 0.325 0.017 2.428
71 5 0.153 -0.219 2.408
71 6 0.036 -0.312 2.251
71 7 0.127 -0.485 2.193
71 8 0.147 -0.537 2.171
71 9 0.435 -0.225 2.421
71 10 0.565 -0.340 2.304
71 11 0.492 -0.497 2.213
71 12 0.466 -0.551 2.185
71 13 0.230 -0.530 2.572
71 14 0.191 -0.588 2.183
71 15 0.202 -0.801 2.193
71 16 0.212 -0.860 2.107
71 17 0.374 -0.525 2.571
71 18 0.378 -0.602 2.222
71 19 0.410 -0.842 2.215
71 20 0.396 -0.906 2.168
72 1 0.301 -0.466 2.535
72 2 0.300 -0.412 2.521
72 3 0.287 -0.158 2.423
72 4 0.325 0.012 2.408
72 5 0.157 -0.223 2.393
72 6 0.038 -0.310 2.236
72 7 0.089 -0.474 2.137
72 8 0.124 -0.528 2.129
72 9 0.436 -0.225 2.405
72 10 0.566 -0.339 2.293
72 11 0.487 -0.495 2.206
72 12 0.457 -0.549 2.180
72 13 0.232 -0.530 2.557
72 14 0.190 -0.586 2.183
72 15 0.202 -0.801 2.193
72 16 0.209 -0.859 2.111
72 17 0.377 -0.525 2.552
72 18 0.379 -0.605 2.214
72 19 0.409 -0.844 2.216
72 20 0.402 -0.907 2.161
73 1 0.303 -0.468 2.519
73 2 0.301 -0.414 2.502
73 3 0.288 -0.163 2.399
73 4 0.326 0.008 2.389
73 5 0.162 -0.229 2.370
73 6 0.040 -0.308 2.221
73 7 0.063 -0.474 2.107
73 8 0.113 -0.529 2.112
73 9 0.437 -0.227 2.388
73 10 0.569 -0.342 2.276
73 11 0.486 -0.497 2.201
73 12 0.456 -0.552 2.176
73 13 0.233 -0.530 2.543
73 14 0.189 -0.586 2.183
73 15 0.201 -0.801 2.193
73 16 0.207 -0.858 2.115
73 17 0.378 -0.525 2.538
73 18 0.380 -0.609 2.205
73 19 0.409 -0.847 2.215
73 20 0.404 -0.908 2.158
74 1 0.304 -0.469 2.507
74 2 0.301 -0.416 2.488
74 3 0.289 -0.170 2.370
74 4 0.330 -0.001 2.353
74 5 0.167 -0.234 2.348
74 6 0.042 -0.309 2.205
74 7 0.108 -0.482 2.143
74 8 0.142 -0.544 2.128
74 9 0.441 -0.229 2.369
74 10 0.574 -0.347 2.260
74 11 0.484 -0.501 2.200
74 12 0.479 -0.561 2.194
74 13 0.234 -0.530 2.533
74 14 0.188 -0.585 2.179
74 15 0.200 -0.802 2.192
74 16 0.205 -0.858 2.119
74 17 0.378 -0.526 2.529
74 18 0.381 -0.612 2.198
74 19 0.408 -0.849 2.215
74 20 0.406 -0.909 2.157
75 1 0.304 -0.471 2.493
75 2 0.301 -0.419 2.471
75 3 0.291 -0.175 2.348
75 4 0.331 -0.006 2.333
75 5 0.171 -0.239 2.325
75 6 0.042 -0.312 2.190
75 7 0.092 -0.487 2.124
75 8 0.139 -0.550 2.125
75 9 0.446 -0.235 2.343
75 10 0.584 -0.369 2.232
75 11 0.472 -0.511 2.209
75 12 0.488 -0.568 2.209
75 13 0.234 -0.531 2.521
75 14 0.188 -0.585 2.172
75 15 0.199 -0.802 2.193
75 16 0.204 -0.859 2.122
75 17 0.377 -0.527 2.516
75 18 0.381 -0.617 2.185
75 19 0.407 -0.851 2.215
75 20 0.407 -0.910 2.155
76 1 0.300 -0.476 2.472
76 2 0.297 -0.425 2.448
76 3 0.287 -0.188 2.313
76 4 0.332 -0.024 2.295
76 5 0.176 -0.249 2.295
76 6 0.041 -0.319 2.172
76 7 0.089 -0.498 2.124
76 8 0.141 -0.555 2.127
76 9 0.449 -0.242 2.323
76 10 0.588 -0.377 2.221
76 11 0.468 -0.518 2.213
76 12 0.493 -0.571 2.214
76 13 0.231 -0.533 2.499
76 14 0.194 -0.594 2.160
76 15 0.195 -0.810 2.189
76 16 0.204 -0.883 2.195
76 17 0.373 -0.532 2.500
76 18 0.382 -0.625 2.168
76 19 0.407 -0.853 2.214
76 20 0.389 -0.906 2.158
77 1 0.300 -0.487 2.417
77 2 0.298 -0.438 2.395
77 3 0.290 -0.198 2.288
77 4 0.333 -0.032 2.276
77 5 0.180 -0.258 2.272
77 6 0.040 -0.328 2.154
77 7 0.087 -0.504 2.122
77 8 0.141 -0.559 2.128
77 9 0.454 -0.250 2.299
77 10 0.591 -0.382 2.214
77 11 0.468 -0.528 2.214
77 12 0.499 -0.575 2.218
77 13 0.226 -0.540 2.441
77 14 0.198 -0.613 2.118
77 15 0.185 -0.829 2.152
77 16 0.192 -0.895 2.125
77 17 0.375 -0.548 2.443
77 18 0.379 -0.657 2.115
77 19 0.406 -0.855 2.213
77 20 0.385 -0.910 2.166
78 1 0.303 -0.497 2.369
78 2 0.301 -0.448 2.352
78 3 0.292 -0.207 2.267
78 4 0.338 -0.049 2.236
78 5 0.184 -0.268 2.247
78 6 0.038 -0.348 2.120
78 7 0.075 -0.523 2.106
78 8 0.125 -0.583 2.112
78 9 0.459 -0.259 2.277
78 10 0.592 -0.390 2.205
78 11 0.469 -0.537 2.217
78 12 0.466 -0.592 2.227
78 13 0.227 -0.548 2.388
78 14 0.206 -0.628 2.074
78 15 0.180 -0.843 2.117
78 16 0.187 -0.898 2.077
78 17 0.383 -0.562 2.391
78 18 0.372 -0.688 2.069
78 19 0.405 -0.857 2.212
78 20 0.382 -0.915 2.173
79 1 0.305 -0.503 2.345
79 2 0.303 -0.455 2.328
79 3 0.293 -0.217 2.242
79 4 0.340 -0.058 2.214
79 5 0.189 -0.277 2.230
79 6 0.039 -0.362 2.099
79 7 0.154 -0.552 2.125
79 8 0.161 -0.606 2.140
79 9 0.462 -0.267 2.254
79 10 0.591 -0.398 2.194
79 11 0.470 -0.544 2.216
79 12 0.451 -0.604 2.227
79 13 0.228 -0.553 2.362
79 14 0.211 -0.636 2.049
79 15 0.186 -0.863 2.170
79 16 0.229 -0.912 2.182
79 17 0.387 -0.570 2.366
79 18 0.369 -0.703 2.046
79 19 0.398 -0.895 2.127
79 20 0.390 -0.948 2.075
80 1 0.315 -0.513 2.317
80 2 0.310 -0.464 2.304
80 3 0.294 -0.223 2.225
80 4 0.340 -0.066 2.192
80 5 0.193 -0.286 2.207
80 6 0.041 -0.368 2.086
80 7 0.189 -0.569 2.132
80 8 0.176 -0.617 2.152
80 9 0.465 -0.276 2.232
80 10 0.592 -0.408 2.182
80 11 0.471 -0.551 2.212
80 12 0.439 -0.612 2.220
80 13 0.245 -0.567 2.328
80 14 0.220 -0.638 2.015
80 15 0.189 -0.878 2.194
80 16 0.244 -0.883 2.173
80 17 0.398 -0.579 2.336
80 18 0.357 -0.718 2.022
80 19 0.380 -0.929 2.055
80 20 0.385 -0.977 1.991
81 1 0.327 -0.521 2.297
81 2 0.320 -0.471 2.283
81 3 0.295 -0.227 2.206
81 4 0.341 -0.070 2.170
81 5 0.197 -0.291 2.194
81 6 0.045 -0.376 2.072
81 7 0.204 -0.575 2.135
81 8 0.181 -0.623 2.154
81 9 0.466 -0.282 2.212
81 10 0.592 -0.417 2.160
81 11 0.528 -0.588 2.155
81 12 0.501 -0.651 2.155
81 13 0.258 -0.575 2.310
81 14 0.247 -0.635 1.986
81 15 0.196 -0.876 2.182
81 16 0.233 -0.891 2.134
81 17 0.414 -0.584 2.310
81 18 0.333 -0.733 2.007
81 19 0.362 -0.949 2.019
81 20 0.370 -0.996 1.950
82 1 0.332 -0.524 2.287
82 2 0.325 -0.474 2.273
82 3 0.297 -0.228 2.184
82 4 0.341 -0.070 2.154
82 5 0.199 -0.292 2.181
82 6 0.048 -0.381 2.061
82 7 0.214 -0.579 2.137
82 8 0.193 -0.621 2.130
82 9 0.467 -0.285 2.198
82 10 0.592 -0.421 2.146
82 11 0.556 -0.606 2.131
82 12 0.540 -0.672 2.125
82 13 0.265 -0.578 2.302
82 14 0.252 -0.636 1.974
82 15 0.195 -0.882 2.166
82 16 0.217 -0.910 2.102
82 17 0.419 -0.586 2.299
82 18 0.326 -0.740 2.001
82 19 0.355 -0.959 2.003
82 20 0.366 -1.005 1.931
83 1 0.333 -0.523 2.283
83 2 0.326 -0.474 2.267
83 3 0.300 -0.225 2.165
83 4 0.344 -0.066 2.131
83 5 0.202 -0.290 2.168
83 6 0.051 -0.385 2.051
83 7 0.221 -0.582 2.136
83 8 0.209 -0.638 2.115
83 9 0.466 -0.285 2.182
83 10 0.591 -0.423 2.135
83 11 0.568 -0.614 2.119
83 12 0.554 -0.681 2.113
83 13 0.263 -0.568 2.309
83 14 0.250 -0.636 1.970
83 15 0.196 -0.878 2.186
83 16 0.216 -0.864 2.122
83 17 0.413 -0.581 2.300
83 18 0.330 -0.744 2.004
83 19 0.356 -0.966 1.996
83 20 0.367 -1.013 1.924
84 1 0.330 -0.515 2.288
84 2 0.326 -0.469 2.266
84 3 0.302 -0.222 2.152
84 4 0.345 -0.061 2.116
84 5 0.204 -0.281 2.151
84 6 0.105 -0.421 2.059
84 7 0.225 -0.613 2.118
84 8 0.224 -0.682 2.096
84 9 0.466 -0.279 2.164
84 10 0.589 -0.422 2.123
84 11 0.576 -0.619 2.112
84 12 0.564 -0.686 2.106
84 13 0.260 -0.556 2.318
84 14 0.236 -0.660 1.991
84 15 0.197 -0.874 2.195
84 16 0.214 -0.833 2.136
84 17 0.402 -0.567 2.314
84 18 0.345 -0.743 2.022
84 19 0.365 -0.968 2.008
84 20 0.376 -1.018 1.940
85 1 0.326 -0.496 2.295
85 2 0.323 -0.452 2.268
85 3 0.303 -0.214 2.138
85 4 0.347 -0.052 2.102
85 5 0.205 -0.265 2.135
85 6 0.138 -0.434 2.063
85 7 0.227 -0.621 2.111
85 8 0.229 -0.695 2.090
85 9 0.466 -0.266 2.148
85 10 0.586 -0.415 2.112
85 11 0.581 -0.618 2.109
85 12 0.572 -0.682 2.106
85 13 0.258 -0.535 2.329
85 14 0.230 -0.675 2.015
85 15 0.197 -0.870 2.200
85 16 0.215 -0.818 2.141
85 17 0.394 -0.551 2.324
85 18 0.359 -0.745 2.042
85 19 0.377 -0.970 2.032
85 20 0.386 -1.023 1.969
86 1 0.323 -0.479 2.301
86 2 0.321 -0.434 2.270
86 3 0.305 -0.201 2.124
86 4 0.348 -0.041 2.089
86 5 0.205 -0.243 2.118
86 6 0.155 -0.434 2.061
86 7 0.228 -0.624 2.106
86 8 0.233 -0.702 2.086
86 9 0.465 -0.241 2.129
86 10 0.583 -0.408 2.103
86 11 0.581 -0.611 2.108
86 12 0.572 -0.673 2.111
86 13 0.259 -0.517 2.336
86 14 0.229 -0.685 2.031
86 15 0.198 -0.866 2.202
86 16 0.218 -0.796 2.136
86 17 0.387 -0.534 2.333
86 18 0.370 -0.744 2.060
86 19 0.388 -0.969 2.056
86 20 0.391 -0.897 2.073
87 1 0.324 -0.452 2.307
87 2 0.321 -0.408 2.273
87 3 0.306 -0.183 2.113
87 4 0.349 -0.020 2.075
87 5 0.205 -0.220 2.106
87 6 0.105 -0.362 2.030
87 7 0.184 -0.539 2.105
87 8 0.202 -0.606 2.091
87 9 0.464 -0.216 2.115
87 10 0.579 -0.374 2.087
87 11 0.575 -0.581 2.110
87 12 0.599 -0.605 2.103
87 13 0.264 -0.495 2.343
87 14 0.212 -0.733 2.102
87 15 0.191 -0.911 2.208
87 16 0.210 -0.833 2.152
87 17 0.387 -0.497 2.342
87 18 0.380 -0.736 2.088
87 19 0.397 -0.962 2.088
87 20 0.394 -0.859 2.111
88 1 0.327 -0.422 2.314
88 2 0.325 -0.378 2.277
88 3 0.309 -0.161 2.102
88 4 0.350 0.006 2.065
88 5 0.204 -0.196 2.094
88 6 0.095 -0.331 2.015
88 7 0.134 -0.508 2.055
88 8 0.150 -0.570 2.061
88 9 0.464 -0.198 2.107
88 10 0.578 -0.352 2.078
88 11 0.568 -0.555 2.110
88 12 0.606 -0.578 2.101
88 13 0.271 -0.467 2.353
88 14 0.208 -0.747 2.152
88 15 0.189 -0.923 2.210
88 16 0.208 -0.840 2.157
88 17 0.389 -0.470 2.348
88 18 0.386 -0.726 2.109
88 19 0.404 -0.950 2.122
88 20 0.394 -0.818 2.142
89 1 0.330 -0.402 2.319
89 2 0.327 -0.356 2.280
89 3 0.313 -0.124 2.092
89 4 0.351 0.037 2.057
89 5 0.203 -0.179 2.087
89 6 0.082 -0.305 2.004
89 7 0.099 -0.480 2.025
89 8 0.111 -0.533 2.045
89 9 0.464 -0.180 2.101
89 10 0.579 -0.328 2.071
89 11 0.554 -0.512 2.109
89 12 0.605 -0.556 2.100
89 13 0.276 -0.450 2.359
89 14 0.213 -0.752 2.184
89 15 0.184 -0.932 2.215
89 16 0.203 -0.852 2.164
89 17 0.391 -0.447 2.353
89 18 0.389 -0.715 2.126
89 19 0.407 -0.938 2.148
89 20 0.394 -0.810 2.147
90 1 0.331 -0.359 2.328
90 2 0.328 -0.314 2.286
90 3 0.315 -0.090 2.086
90 4 0.351 0.072 2.052
90 5 0.202 -0.154 2.080
90 6 0.078 -0.286 1.998
90 7 0.086 -0.464 2.014
90 8 0.094 -0.513 2.038
90 9 0.465 -0.164 2.097
90 10 0.579 -0.312 2.068
90 11 0.545 -0.488 2.107
90 12 0.599 -0.540 2.100
90 13 0.278 -0.409 2.368
90 14 0.214 -0.755 2.198
90 15 0.174 -0.958 2.237
90 16 0.178 -0.974 2.195
90 17 0.390 -0.402 2.367
90 18 0.390 -0.679 2.155
90 19 0.408 -0.944 2.193
90 20 0.402 -0.938 2.179
91 1 0.331 -0.341 2.330
91 2 0.329 -0.295 2.287
91 3 0.318 -0.063 2.081
91 4 0.352 0.099 2.047
91 5 0.202 -0.131 2.076
91 6 0.077 -0.270 1.995
91 7 0.084 -0.450 2.010
91 8 0.087 -0.498 2.034
91 9 0.467 -0.133 2.094
91 10 0.578 -0.288 2.068
91 11 0.541 -0.464 2.102
91 12 0.586 -0.523 2.101
91 13 0.279 -0.391 2.370
91 14 0.242 -0.695 2.175
91 15 0.179 -0.908 2.206
91 16 0.215 -0.851 2.135
91 17 0.389 -0.384 2.370
91 18 0.391 -0.660 2.162
91 19 0.405 -0.899 2.169
91 20 0.406 -0.949 2.138
92 1 0.331 -0.319 2.329
92 2 0.329 -0.278 2.287
92 3 0.320 -0.051 2.083
92 4 0.353 0.126 2.045
92 5 0.201 -0.097 2.074
92 6 0.084 -0.246 1.997
92 7 0.091 -0.429 2.009
92 8 0.091 -0.478 2.034
92 9 0.470 -0.093 2.090
92 10 0.572 -0.257 2.069
92 11 0.540 -0.439 2.096
92 12 0.575 -0.504 2.102
92 13 0.279 -0.368 2.368
92 14 0.254 -0.670 2.174
92 15 0.181 -0.884 2.195
92 16 0.217 -0.850 2.131
92 17 0.388 -0.365 2.369
92 18 0.390 -0.642 2.166
92 19 0.407 -0.902 2.187
92 20 0.411 -0.987 2.141
93 1 0.331 -0.300 2.324
93 2 0.329 -0.258 2.284
93 3 0.322 -0.038 2.089
93 4 0.354 0.154 2.043
93 5 0.201 -0.062 2.072
93 6 0.091 -0.228 2.001
93 7 0.109 -0.409 2.018
93 8 0.099 -0.463 2.035
93 9 0.472 -0.070 2.089
93 10 0.569 -0.243 2.070
93 11 0.536 -0.426 2.093
93 12 0.558 -0.489 2.103
93 13 0.278 -0.348 2.363
93 14 0.260 -0.640 2.164
93 15 0.190 -0.858 2.180
93 16 0.232 -0.808 2.109
93 17 0.388 -0.348 2.364
93 18 0.389 -0.631 2.167
93 19 0.408 -0.902 2.192
93 20 0.414 -1.002 2.142
94 1 0.332 -0.281 2.319
94 2 0.330 -0.240 2.281
94 3 0.322 -0.023 2.098
94 4 0.356 0.178 2.042
94 5 0.201 -0.042 2.071
94 6 0.101 -0.210 2.008
94 7 0.122 -0.393 2.026
94 8 0.116 -0.446 2.040
94 9 0.473 -0.053 2.088
94 10 0.566 -0.234 2.071
94 11 0.532 -0.417 2.092
94 12 0.522 -0.472 2.108
94 13 0.278 -0.325 2.359
94 14 0.260 -0.613 2.160
94 15 0.199 -0.833 2.168
94 16 0.242 -0.781 2.091
94 17 0.389 -0.334 2.357
94 18 0.388 -0.622 2.168
94 19 0.409 -0.902 2.195
94 20 0.416 -1.011 2.142
95 1 0.333 -0.252 2.313
95 2 0.332 -0.211 2.278
95 3 0.324 -0.002 2.109
95 4 0.356 0.222 2.047
95 5 0.200 -0.012 2.073
95 6 0.109 -0.198 2.015
95 7 0.134 -0.381 2.034
95 8 0.129 -0.436 2.044
95 9 0.474 -0.026 2.089
95 10 0.557 -0.217 2.075
95 11 0.521 -0.401 2.091
95 12 0.502 -0.453 2.111
95 13 0.279 -0.301 2.353
95 14 0.261 -0.600 2.158
95 15 0.203 -0.822 2.162
95 16 0.246 -0.771 2.085
95 17 0.392 -0.302 2.347
95 18 0.384 -0.602 2.172
95 19 0.410 -0.899 2.195
95 20 0.417 -1.009 2.136
96 1 0.335 -0.232 2.308
96 2 0.334 -0.189 2.274
96 3 0.327 0.024 2.116
96 4 0.357 0.250 2.050
96 5 0.200 0.009 2.075
96 6 0.120 -0.183 2.028
96 7 0.143 -0.371 2.041
96 8 0.159 -0.419 2.060
96 9 0.475 0.001 2.091
96 10 0.548 -0.203 2.080
96 11 0.510 -0.387 2.092
96 12 0.486 -0.437 2.112
96 13 0.280 -0.282 2.348
96 14 0.261 -0.592 2.157
96 15 0.205 -0.815 2.158
96 16 0.251 -0.770 2.082
96 17 0.394 -0.283 2.341
96 18 0.382 -0.591 2.174
96 19 0.400 -0.844 2.171
96 20 0.389 -0.878 2.096
97 1 0.337 -0.216 2.302
97 2 0.336 -0.172 2.270
97 3 0.330 0.053 2.121
97 4 0.358 0.274 2.053
97 5 0.200 0.032 2.076
97 6 0.133 -0.169 2.045
97 7 0.154 -0.359 2.050
97 8 0.173 -0.412 2.069
97 9 0.475 0.030 2.094
97 10 0.537 -0.188 2.087
97 11 0.500 -0.374 2.094
97 12 0.475 -0.398 2.111
97 13 0.282 -0.267 2.339
97 14 0.260 -0.587 2.156
97 15 0.207 -0.811 2.155
97 16 0.172 -0.800 2.164
97 17 0.396 -0.268 2.334
97 18 0.381 -0.582 2.176
97 19 0.394 -0.803 2.155
97 20 0.387 -0.852 2.093
98 1 0.339 -0.201 2.296
98 2 0.338 -0.153 2.264
98 3 0.332 0.096 2.121
98 4 0.359 0.291 2.056
98 5 0.200 0.048 2.077
98 6 0.140 -0.160 2.055
98 7 0.161 -0.352 2.055
98 8 0.180 -0.407 2.073
98 9 0.476 0.050 2.098
98 10 0.528 -0.178 2.093
98 11 0.486 -0.362 2.099
98 12 0.467 -0.376 2.113
98 13 0.283 -0.251 2.330
98 14 0.256 -0.583 2.157
98 15 0.209 -0.807 2.153
98 16 0.154 -0.832 2.164
98 17 0.398 -0.255 2.328
98 18 0.380 -0.573 2.178
98 19 0.391 -0.785 2.148
98 20 0.384 -0.831 2.092
99 1 0.340 -0.190 2.292
99 2 0.339 -0.135 2.259
99 3 0.332 0.155 2.110
99 4 0.362 0.316 2.058
99 5 0.201 0.066 2.079
99 6 0.146 -0.153 2.064
99 7 0.166 -0.345 2.060
99 8 0.185 -0.403 2.077
99 9 0.476 0.063 2.100
99 10 0.515 -0.168 2.103
99 11 0.476 -0.354 2.104
99 12 0.456 -0.375 2.117
99 13 0.284 -0.238 2.324
99 14 0.250 -0.575 2.161
99 15 0.210 -0.804 2.152
99 16 0.141 -0.854 2.163
99 17 0.400 -0.246 2.323
99 18 0.380 -0.566 2.179
99 19 0.390 -0.775 2.145
99 20 0.383 -0.818 2.093
100 1 0.340 -0.175 2.287
100 2 0.339 -0.117 2.254
100 3 0.333 0.187 2.104
100 4 0.364 0.348 2.069
100 5 0.201 0.086 2.083
100 6 0.152 -0.143 2.073
100 7 0.172 -0.334 2.066
100 8 0.190 -0.391 2.082
100 9 0.475 0.078 2.104
100 10 0.500 -0.162 2.113
100 11 0.464 -0.349 2.109
100 12 0.431 -0.378 2.123
100 13 0.283 -0.221 2.316
100 14 0.246 -0.569 2.163
100 15 0.211 -0.802 2.151
100 16 0.135 -0.853 2.148
100 17 0.401 -0.236 2.317
100 18 0.380 -0.558 2.180
100 19 0.389 -0.768 2.143
100 20 0.384 -0.814 2.098
101 1 0.340 -0.160 2.281
101 2 0.339 -0.099 2.249
101 3 0.334 0.208 2.104
101 4 0.365 0.366 2.075
101 5 0.200 0.108 2.087
101 6 0.156 -0.131 2.083
101 7 0.178 -0.320 2.074
101 8 0.201 -0.369 2.092
101 9 0.474 0.094 2.110
101 10 0.482 -0.156 2.124
101 11 0.456 -0.344 2.113
101 12 0.415 -0.378 2.131
101 13 0.280 -0.204 2.308
101 14 0.241 -0.558 2.168
101 15 0.212 -0.801 2.150
101 16 0.135 -0.840 2.133
101 17 0.401 -0.225 2.309
101 18 0.380 -0.550 2.181
101 19 0.389 -0.765 2.143
101 20 0.384 -0.815 2.103
102 1 0.338 -0.145 2.275
102 2 0.338 -0.085 2.245
102 3 0.335 0.223 2.105
102 4 0.364 0.384 2.083
102 5 0.198 0.132 2.093
102 6 0.158 -0.118 2.092
102 7 0.184 -0.305 2.082
102 8 0.204 -0.356 2.096
102 9 0.474 0.112 2.117
102 10 0.465 -0.144 2.134
102 11 0.435 -0.331 2.119
102 12 0.405 -0.374 2.135
102 13 0.277 -0.189 2.301
102 14 0.239 -0.550 2.171
102 15 0.212 -0.800 2.150
102 16 0.142 -0.823 2.117
102 17 0.400 -0.214 2.302
102 18 0.380 -0.544 2.181
102 19 0.390 -0.765 2.144
102 20 0.384 -0.817 2.106
103 1 0.334 -0.125 2.265
103 2 0.335 -0.065 2.238
103 3 0.335 0.243 2.111
103 4 0.365 0.406 2.094
103 5 0.197 0.154 2.099
103 6 0.159 -0.102 2.100
103 7 0.188 -0.288 2.090
103 8 0.209 -0.339 2.102
103 9 0.475 0.130 2.126
103 10 0.453 -0.130 2.139
103 11 0.422 -0.315 2.125
103 12 0.396 -0.368 2.139
103 13 0.270 -0.169 2.287
103 14 0.236 -0.541 2.174
103 15 0.213 -0.800 2.151
103 16 0.149 -0.815 2.108
103 17 0.397 -0.198 2.289
103 18 0.381 -0.536 2.182
103 19 0.391 -0.766 2.146
103 20 0.384 -0.819 2.108
104 1 0.330 -0.106 2.256
104 2 0.332 -0.047 2.232
104 3 0.336 0.258 2.117
104 4 0.366 0.426 2.106
104 5 0.195 0.174 2.106
104 6 0.159 -0.086 2.107
104 7 0.192 -0.271 2.099
104 8 0.210 -0.325 2.105
104 9 0.476 0.148 2.134
104 10 0.446 -0.113 2.143
104 11 0.413 -0.298 2.131
104 12 0.390 -0.357 2.145
104 13 0.266 -0.156 2.277
104 14 0.234 -0.533 2.176
104 15 0.213 -0.800 2.152
104 16 0.152 -0.811 2.104
104 17 0.392 -0.169 2.273
104 18 0.381 -0.529 2.183
104 19 0.392 -0.768 2.148
104 20 0.384 -0.822 2.110
105 1 0.328 -0.090 2.248
105 2 0.330 -0.031 2.227
105 3 0.337 0.276 2.126
105 4 0.366 0.446 2.117
105 5 0.194 0.193 2.113
105 6 0.160 -0.066 2.118
105 7 0.198 -0.248 2.113
105 8 0.209 -0.307 2.111
105 9 0.476 0.168 2.142
105 10 0.439 -0.091 2.149
105 11 0.412 -0.277 2.140
105 12 0.387 -0.340 2.153
105 13 0.262 -0.145 2.266
105 14 0.232 -0.528 2.177
105 15 0.214 -0.800 2.153
105 16 0.154 -0.811 2.105
105 17 0.390 -0.152 2.264
105 18 0.382 -0.523 2.184
105 19 0.392 -0.770 2.150
105 20 0.384 -0.825 2.111
106 1 0.326 -0.077 2.241
106 2 0.329 -0.018 2.222
106 3 0.339 0.290 2.135
106 4 0.368 0.469 2.130
106 5 0.194 0.211 2.121
106 6 0.160 -0.046 2.128
106 7 0.199 -0.230 2.121
106 8 0.205 -0.288 2.116
106 9 0.477 0.183 2.148
106 10 0.438 -0.074 2.151
106 11 0.413 -0.261 2.146
106 12 0.387 -0.324 2.159
106 13 0.259 -0.135 2.256
106 14 0.231 -0.515 2.180
106 15 0.214 -0.801 2.154
106 16 0.156 -0.812 2.108
106 17 0.389 -0.140 2.257
106 18 0.382 -0.518 2.185
106 19 0.393 -0.772 2.151
106 20 0.384 -0.828 2.112
107 1 0.327 -0.064 2.235
107 2 0.329 -0.004 2.218
107 3 0.340 0.309 2.148
107 4 0.370 0.486 2.141
107 5 0.193 0.226 2.128
107 6 0.160 -0.030 2.134
107 7 0.198 -0.216 2.127
107 8 0.204 -0.272 2.121
107 9 0.481 0.208 2.162
107 10 0.445 -0.048 2.155
107 11 0.413 -0.235 2.147
107 12 0.386 -0.299 2.163
107 13 0.258 -0.124 2.246
107 14 0.230 -0.506 2.181
107 15 0.215 -0.801 2.155
107 16 0.158 -0.812 2.110
107 17 0.391 -0.128 2.250
107 18 0.382 -0.514 2.186
107 19 0.393 -0.774 2.152
107 20 0.383 -0.832 2.114
108 1 0.328 -0.052 2.229
108 2 0.330 0.008 2.215
108 3 0.342 0.324 2.159
108 4 0.372 0.502 2.151
108 5 0.194 0.244 2.139
108 6 0.161 -0.011 2.142
108 7 0.194 -0.199 2.132
108 8 0.202 -0.253 2.127
108 9 0.484 0.225 2.171
108 10 0.452 -0.026 2.157
108 11 0.416 -0.213 2.146
108 12 0.387 -0.275 2.164
108 13 0.258 -0.113 2.236
108 14 0.229 -0.500 2.182
108 15 0.215 -0.801 2.156
108 16 0.161 -0.815 2.113
108 17 0.393 -0.117 2.243
108 18 0.383 -0.511 2.187
108 19 0.394 -0.776 2.153
108 20 0.380 -0.838 2.120
109 1 0.329 -0.039 2.223
109 2 0.331 0.022 2.211
109 3 0.343 0.341 2.172
109 4 0.373 0.523 2.165
109 5 0.194 0.262 2.150
109 6 0.161 0.007 2.149
109 7 0.188 -0.181 2.138
109 8 0.195 -0.209 2.136
109 9 0.488 0.242 2.181
109 10 0.461 -0.010 2.160
109 11 0.419 -0.196 2.143
109 12 0.389 -0.256 2.163
109 13 0.257 -0.102 2.226
109 14 0.228 -0.495 2.182
109 15 0.216 -0.800 2.158
109 16 0.165 -0.818 2.115
109 17 0.395 -0.107 2.236
109 18 0.383 -0.509 2.188
109 19 0.394 -0.778 2.154
109 20 0.391 -0.833 2.104
110 1 0.329 -0.029 2.219
110 2 0.332 0.033 2.209
110 3 0.345 0.356 2.183
110 4 0.375 0.540 2.177
110 5 0.194 0.277 2.159
110 6 0.161 0.021 2.154
110 7 0.185 -0.168 2.141
110 8 0.195 -0.198 2.139
110 9 0.491 0.254 2.188
110 10 0.475 0.013 2.165
110 11 0.427 -0.170 2.138
110 12 0.423 -0.222 2.149
110 13 0.257 -0.091 2.218
110 14 0.227 -0.489 2.182
110 15 0.217 -0.797 2.161
110 16 0.172 -0.822 2.119
110 17 0.396 -0.098 2.230
110 18 0.385 -0.505 2.188
110 19 0.394 -0.780 2.155
110 20 0.385 -0.841 2.115
111 1 0.330 -0.021 2.215
111 2 0.332 0.042 2.207
111 3 0.346 0.367 2.192
111 4 0.376 0.553 2.185
111 5 0.196 0.288 2.169
111 6 0.159 0.036 2.161
111 7 0.181 -0.152 2.142
111 8 0.194 -0.190 2.141
111 9 0.493 0.262 2.194
111 10 0.482 0.025 2.168
111 11 0.434 -0.157 2.134
111 12 0.438 -0.206 2.139
111 13 0.257 -0.082 2.212
111 14 0.226 -0.485 2.182
111 15 0.218 -0.794 2.164
111 16 0.176 -0.825 2.123
111 17 0.397 -0.091 2.225
111 18 0.386 -0.503 2.188
111 19 0.394 -0.781 2.156
111 20 0.391 -0.835 2.103
112 1 0.331 -0.014 2.212
112 2 0.333 0.049 2.206
112 3 0.348 0.376 2.200
112 4 0.378 0.561 2.192
112 5 0.197 0.298 2.178
112 6 0.158 0.045 2.165
112 7 0.179 -0.143 2.142
112 8 0.194 -0.184 2.143
112 9 0.496 0.269 2.200
112 10 0.486 0.033 2.169
112 11 0.442 -0.148 2.130
112 12 0.448 -0.197 2.132
112 13 0.257 -0.075 2.207
112 14 0.225 -0.481 2.181
112 15 0.219 -0.791 2.167
112 16 0.180 -0.827 2.125
112 17 0.398 -0.085 2.220
112 18 0.386 -0.501 2.188
112 19 0.394 -0.783 2.157
112 20 0.378 -0.845 2.123
113 1 0.331 -0.009 2.210
113 2 0.334 0.054 2.205
113 3 0.350 0.383 2.207
113 4 0.380 0.569 2.198
113 5 0.199 0.305 2.185
113 6 0.158 0.051 2.168
113 7 0.177 -0.137 2.141
113 8 0.193 -0.179 2.144
113 9 0.498 0.274 2.206
113 10 0.490 0.038 2.170
113 11 0.450 -0.142 2.125
113 12 0.459 -0.192 2.124
113 13 0.258 -0.069 2.202
113 14 0.224 -0.478 2.180
113 15 0.219 -0.788 2.169
113 16 0.182 -0.828 2.128
113 17 0.399 -0.080 2.215
113 18 0.387 -0.499 2.187
113 19 0.394 -0.784 2.158
113 20 0.371 -0.850 2.134
114 1 0.332 -0.005 2.207
114 2 0.334 0.058 2.205
114 3 0.352 0.381 2.215
114 4 0.381 0.574 2.203
114 5 0.202 0.309 2.194
114 6 0.158 0.056 2.171
114 7 0.175 -0.132 2.140
114 8 0.182 -0.178 2.129
114 9 0.500 0.277 2.211
114 10 0.494 0.042 2.171
114 11 0.460 -0.139 2.121
114 12 0.467 -0.190 2.118
114 13 0.259 -0.065 2.198
114 14 0.223 -0.476 2.179
114 15 0.220 -0.785 2.170
114 16 0.184 -0.828 2.129
114 17 0.400 -0.076 2.209
114 18 0.388 -0.498 2.187
114 19 0.393 -0.785 2.158
114 20 0.367 -0.852 2.140
115 1 0.333 -0.002 2.205
115 2 0.335 0.060 2.205
115 3 0.355 0.376 2.220
115 4 0.382 0.577 2.206
115 5 0.205 0.312 2.202
115 6 0.158 0.059 2.174
115 7 0.174 -0.128 2.139
115 8 0.177 -0.172 2.124
115 9 0.503 0.280 2.215
115 10 0.497 0.045 2.172
115 11 0.470 -0.138 2.118
115 12 0.475 -0.190 2.114
115 13 0.260 -0.061 2.194
115 14 0.223 -0.475 2.178
115 15 0.220 -0.783 2.171
115 16 0.186 -0.829 2.130
115 17 0.401 -0.073 2.204
115 18 0.388 -0.497 2.186
115 19 0.393 -0.786 2.159
115 20 0.380 -0.836 2.108
116 1 0.334 0.001 2.202
116 2 0.336 0.062 2.205
116 3 0.358 0.368 2.225
116 4 0.383 0.580 2.209
116 5 0.208 0.313 2.210
116 6 0.158 0.061 2.178
116 7 0.172 -0.125 2.137
116 8 0.173 -0.171 2.120
116 9 0.507 0.283 2.222
116 10 0.502 0.046 2.174
116 11 0.488 -0.137 2.115
116 12 0.483 -0.189 2.111
116 13 0.262 -0.058 2.191
116 14 0.222 -0.473 2.177
116 15 0.220 -0.782 2.172
116 16 0.201 -0.836 2.136
116 17 0.402 -0.071 2.200
116 18 0.389 -0.496 2.186
116 19 0.393 -0.787 2.159
116 20 0.388 -0.826 2.090
117 1 0.336 0.003 2.200
117 2 0.337 0.063 2.205
117 3 0.362 0.361 2.228
117 4 0.385 0.582 2.213
117 5 0.212 0.314 2.218
117 6 0.160 0.063 2.186
117 7 0.170 -0.123 2.136
117 8 0.166 -0.181 2.116
117 9 0.510 0.285 2.227
117 10 0.510 0.046 2.178
117 11 0.503 -0.137 2.115
117 12 0.492 -0.188 2.109
117 13 0.264 -0.056 2.187
117 14 0.222 -0.473 2.175
117 15 0.220 -0.781 2.172
117 16 0.205 -0.839 2.138
117 17 0.403 -0.069 2.195
117 18 0.389 -0.496 2.185
117 19 0.392 -0.787 2.159
117 20 0.391 -0.822 2.081
118 1 0.338 0.004 2.197
118 2 0.339 0.063 2.206
118 3 0.365 0.355 2.231
118 4 0.387 0.583 2.216
118 5 0.216 0.314 2.226
118 6 0.162 0.064 2.195
118 7 0.167 -0.123 2.134
118 8 0.161 -0.183 2.114
118 9 0.513 0.287 2.231
118 10 0.522 0.046 2.186
118 11 0.519 -0.136 2.118
118 12 0.503 -0.186 2.111
118 13 0.267 -0.055 2.184
118 14 0.222 -0.474 2.172
118 15 0.220 -0.781 2.172
118 16 0.206 -0.840 2.139
118 17 0.405 -0.068 2.191
118 18 0.390 -0.495 2.183
118 19 0.392 -0.787 2.159
118 20 0.393 -0.819 2.075
119 1 0.341 0.006 2.195
119 2 0.342 0.063 2.207
119 3 0.368 0.350 2.233
119 4 0.388 0.584 2.218
119 5 0.220 0.313 2.231
119 6 0.165 0.065 2.208
119 7 0.164 -0.122 2.135
119 8 0.158 -0.183 2.114
119 9 0.518 0.288 2.236
119 10 0.537 0.048 2.199
119 11 0.530 -0.134 2.123
119 12 0.513 -0.185 2.113
119 13 0.269 -0.053 2.180
119 14 0.223 -0.475 2.169
119 15 0.220 -0.781 2.172
119 16 0.203 -0.841 2.137
119 17 0.407 -0.066 2.187
119 18 0.391 -0.494 2.181
119 19 0.392 -0.788 2.158
119 20 0.394 -0.817 2.072
120 1 0.343 0.007 2.192
120 2 0.345 0.063 2.209
120 3 0.373 0.344 2.236
120 4 0.392 0.582 2.221
120 5 0.223 0.312 2.236
120 6 0.168 0.065 2.221
120 7 0.160 -0.122 2.136
120 8 0.155 -0.183 2.114
120 9 0.521 0.289 2.240
120 10 0.552 0.048 2.211
120 11 0.539 -0.134 2.129
120 12 0.521 -0.185 2.117
120 13 0.272 -0.053 2.178
120 14 0.224 -0.478 2.165
120 15 0.220 -0.782 2.171
120 16 0.195 -0.839 2.133
120 17 0.409 -0.065 2.183
120 18 0.392 -0.493 2.179
120 19 0.392 -0.788 2.158
120 20 0.395 -0.816 2.069
121 1 0.346 0.007 2.190
121 2 0.348 0.061 2.210
121 3 0.378 0.339 2.238
121 4 0.397 0.579 2.225
121 5 0.229 0.310 2.240
121 6 0.171 0.065 2.232
121 7 0.155 -0.124 2.138
121 8 0.152 -0.184 2.116
121 9 0.525 0.289 2.243
121 10 0.561 0.048 2.221
121 11 0.551 -0.136 2.142
121 12 0.533 -0.187 2.125
121 13 0.275 -0.052 2.175
121 14 0.224 -0.482 2.159
121 15 0.218 -0.784 2.169
121 16 0.188 -0.836 2.125
121 17 0.410 -0.065 2.179
121 18 0.393 -0.493 2.176
121 19 0.392 -0.788 2.157
121 20 0.397 -0.815 2.068
122 1 0.349 0.007 2.188
122 2 0.352 0.060 2.211
122 3 0.381 0.336 2.239
122 4 0.402 0.576 2.228
122 5 0.234 0.309 2.244
122 6 0.173 0.065 2.241
122 7 0.151 -0.128 2.142
122 8 0.149 -0.186 2.119
122 9 0.532 0.289 2.247
122 10 0.569 0.046 2.229
122 11 0.561 -0.138 2.156
122 12 0.543 -0.190 2.135
122 13 0.278 -0.052 2.173
122 14 0.226 -0.491 2.151
122 15 0.214 -0.791 2.165
122 16 0.187 -0.839 2.115
122 17 0.412 -0.065 2.177
122 18 0.395 -0.494 2.173
122 19 0.393 -0.789 2.157
122 20 0.399 -0.816 2.068
123 1 0.352 0.008 2.186
123 2 0.355 0.059 2.213
123 3 0.385 0.333 2.240
123 4 0.407 0.573 2.230
123 5 0.239 0.307 2.246
123 6 0.175 0.066 2.247
123 7 0.147 -0.135 2.147
123 8 0.146 -0.190 2.125
123 9 0.539 0.289 2.251
123 10 0.575 0.045 2.237
123 11 0.569 -0.141 2.170
123 12 0.555 -0.196 2.149
123 13 0.280 -0.052 2.171
123 14 0.226 -0.497 2.146
123 15 0.209 -0.797 2.161
123 16 0.193 -0.829 2.096
123 17 0.414 -0.064 2.174
123 18 0.397 -0.496 2.169
123 19 0.395 -0.790 2.157
123 20 0.401 -0.817 2.069
124 1 0.354 0.008 2.185
124 2 0.358 0.058 2.214
124 3 0.389 0.330 2.241
124 4 0.412 0.570 2.232
124 5 0.244 0.306 2.247
124 6 0.177 0.065 2.252
124 7 0.144 -0.143 2.153
124 8 0.145 -0.197 2.133
124 9 0.545 0.288 2.254
124 10 0.580 0.044 2.245
124 11 0.577 -0.144 2.189
124 12 0.568 -0.203 2.174
124 13 0.283 -0.052 2.170
124 14 0.227 -0.501 2.141
124 15 0.205 -0.800 2.156
124 16 0.196 -0.829 2.088
124 17 0.415 -0.064 2.172
124 18 0.399 -0.500 2.166
124 19 0.396 -0.792 2.156
124 20 0.403 -0.820 2.071
125 1 0.356 0.008 2.183
125 2 0.361 0.057 2.215
125 3 0.393 0.328 2.241
125 4 0.417 0.567 2.233
125 5 0.250 0.305 2.248
125 6 0.179 0.065 2.256
125 7 0.143 -0.149 2.160
125 8 0.144 -0.202 2.141
125 9 0.550 0.287 2.256
125 10 0.585 0.044 2.255
125 11 0.582 -0.146 2.204
125 12 0.577 -0.205 2.193
125 13 0.285 -0.052 2.169
125 14 0.227 -0.503 2.136
125 15 0.200 -0.802 2.146
125 16 0.199 -0.835 2.081
125 17 0.416 -0.064 2.171
125 18 0.400 -0.504 2.163
125 19 0.398 -0.794 2.157
125 20 0.405 -0.824 2.073
126 1 0.359 0.007 2.182
126 2 0.364 0.056 2.216
126 3 0.397 0.327 2.241
126 4 0.422 0.565 2.234
126 5 0.260 0.304 2.247
126 6 0.182 0.065 2.260
126 7 0.143 -0.153 2.168
126 8 0.144 -0.207 2.154
126 9 0.554 0.286 2.257
126 10 0.589 0.043 2.265
126 11 0.586 -0.149 2.217
126 12 0.582 -0.207 2.207
126 13 0.287 -0.052 2.168
126 14 0.227 -0.505 2.131
126 15 0.197 -0.802 2.134
126 16 0.203 -0.840 2.076
126 17 0.417 -0.064 2.170
126 18 0.402 -0.507 2.160
126 19 0.399 -0.797 2.157
126 20 0.406 -0.828 2.076
127 1 0.361 0.007 2.182
127 2 0.367 0.055 2.217
127 3 0.402 0.325 2.240
127 4 0.432 0.562 2.235
127 5 0.267 0.302 2.245
127 6 0.185 0.065 2.263
127 7 0.145 -0.155 2.178
127 8 0.144 -0.212 2.167
127 9 0.559 0.286 2.258
127 10 0.592 0.043 2.273
127 11 0.588 -0.151 2.227
127 12 0.586 -0.209 2.223
127 13 0.290 -0.052 2.167
127 14 0.227 -0.506 2.126
127 15 0.194 -0.801 2.121
127 16 0.207 -0.837 2.061
127 17 0.419 -0.064 2.169
127 18 0.403 -0.510 2.159
127 19 0.399 -0.800 2.158
127 20 0.406 -0.832 2.078
128 1 0.364 0.006 2.181
128 2 0.369 0.054 2.217
128 3 0.407 0.324 2.240
128 4 0.439 0.560 2.235
128 5 0.272 0.302 2.244
128 6 0.188 0.064 2.265
128 7 0.151 -0.135 2.205
128 8 0.145 -0.209 2.180
128 9 0.562 0.285 2.258
128 10 0.594 0.043 2.278
128 11 0.589 -0.155 2.238
128 12 0.588 -0.212 2.235
128 13 0.292 -0.052 2.166
128 14 0.226 -0.505 2.119
128 15 0.192 -0.799 2.111
128 16 0.208 -0.837 2.054
128 17 0.420 -0.064 2.169
128 18 0.403 -0.513 2.157
128 19 0.400 -0.802 2.159
128 20 0.407 -0.835 2.080
129 1 0.365 0.006 2.181
129 2 0.371 0.053 2.218
129 3 0.411 0.323 2.239
129 4 0.445 0.559 2.235
129 5 0.277 0.301 2.243
129 6 0.191 0.064 2.267
129 7 0.153 -0.127 2.216
129 8 0.146 -0.205 2.189
129 9 0.565 0.284 2.258
129 10 0.596 0.043 2.282
129 11 0.589 -0.157 2.247
129 12 0.588 -0.213 2.244
129 13 0.294 -0.052 2.165
129 14 0.225 -0.504 2.111
129 15 0.190 -0.797 2.104
129 16 0.208 -0.838 2.050
129 17 0.421 -0.065 2.169
129 18 0.404 -0.514 2.156
129 19 0.400 -0.805 2.160
129 20 0.407 -0.837 2.082
130 1 0.367 0.006 2.180
130 2 0.373 0.053 2.219
130 3 0.415 0.323 2.238
130 4 0.451 0.558 2.235
130 5 0.280 0.301 2.241
130 6 0.193 0.065 2.268
130 7 0.154 -0.123 2.222
130 8 0.147 -0.203 2.195
130 9 0.568 0.283 2.258
130 10 0.597 0.043 2.284
130 11 0.591 -0.154 2.261
130 12 0.587 -0.209 2.256
130 13 0.295 -0.053 2.165
130 14 0.223 -0.502 2.106
130 15 0.185 -0.791 2.094
130 16 0.206 -0.840 2.050
130 17 0.422 -0.065 2.168
130 18 0.404 -0.516 2.155
130 19 0.400 -0.806 2.161
130 20 0.407 -0.839 2.084
131 1 0.368 0.005 2.180
131 2 0.374 0.052 2.219
131 3 0.418 0.323 2.236
131 4 0.455 0.558 2.234
131 5 0.283 0.301 2.239
131 6 0.195 0.066 2.269
131 7 0.155 -0.120 2.226
131 8 0.147 -0.200 2.200
131 9 0.570 0.283 2.257
131 10 0.597 0.044 2.286
131 11 0.592 -0.152 2.268
131 12 0.586 -0.208 2.263
131 13 0.297 -0.052 2.165
131 14 0.223 -0.501 2.103
131 15 0.180 -0.786 2.084
131 16 0.204 -0.841 2.049
131 17 0.422 -0.065 2.168
131 18 0.405 -0.517 2.155
131 19 0.400 -0.808 2.162
131 20 0.406 -0.840 2.085
132 1 0.369 0.005 2.180
132 2 0.375 0.052 2.219
132 3 0.421 0.323 2.235
132 4 0.461 0.558 2.233
132 5 0.286 0.303 2.236
132 6 0.197 0.067 2.270
132 7 0.154 -0.113 2.227
132 8 0.146 -0.192 2.204
132 9 0.573 0.282 2.256
132 10 0.597 0.044 2.288
132 11 0.592 -0.151 2.273
132 12 0.586 -0.205 2.268
132 13 0.298 -0.052 2.164
132 14 0.222 -0.500 2.101
132 15 0.176 -0.781 2.074
132 16 0.188 -0.822 2.011
132 17 0.423 -0.065 2.169
132 18 0.405 -0.518 2.154
132 19 0.400 -0.809 2.163
132 20 0.406 -0.841 2.086
133 1 0.370 0.005 2.180
133 2 0.376 0.052 2.220
133 3 0.423 0.324 2.233
133 4 0.465 0.559 2.232
133 5 0.289 0.304 2.233
133 6 0.199 0.069 2.269
133 7 0.152 -0.108 2.228
133 8 0.145 -0.185 2.206
133 9 0.574 0.282 2.255
133 10 0.597 0.045 2.289
133 11 0.592 -0.149 2.276
133 12 0.585 -0.203 2.271
133 13 0.299 -0.052 2.164
133 14 0.221 -0.499 2.100
133 15 0.173 -0.778 2.066
133 16 0.185 -0.820 2.004
133 17 0.423 -0.065 2.169
133 18 0.405 -0.518 2.154
133 19 0.400 -0.810 2.163
133 20 0.406 -0.842 2.087
134 1 0.371 0.005 2.180
134 2 0.377 0.052 2.220
134 3 0.425 0.325 2.232
134 4 0.469 0.560 2.232
134 5 0.291 0.307 2.230
134 6 0.200 0.072 2.266
134 7 0.143 -0.128 2.204
134 8 0.144 -0.186 2.205
134 9 0.576 0.282 2.254
134 10 0.597 0.050 2.286
134 11 0.593 -0.145 2.276
134 12 0.585 -0.199 2.271
134 13 0.299 -0.051 2.163
134 14 0.221 -0.498 2.099
134 15 0.171 -0.777 2.061
134 16 0.182 -0.821 2.001
134 17 0.424 -0.066 2.169
134 18 0.405 -0.519 2.154
134 19 0.400 -0.810 2.164
134 20 0.406 -0.843 2.088
135 1 0.371 0.006 2.180
135 2 0.377 0.053 2.220
135 3 0.427 0.326 2.229
135 4 0.472 0.561 2.231
135 5 0.292 0.309 2.226
135 6 0.201 0.076 2.260
135 7 0.138 -0.117 2.195
135 8 0.141 -0.180 2.201
135 9 0.578 0.283 2.252
135 10 0.596 0.059 2.280
135 11 0.594 -0.138 2.272
135 12 0.584 -0.192 2.268
135 13 0.300 -0.050 2.163
135 14 0.219 -0.496 2.100
135 15 0.170 -0.776 2.057
135 16 0.181 -0.825 2.002
135 17 0.424 -0.066 2.169
135 18 0.405 -0.519 2.153
135 19 0.399 -0.811 2.164
135 20 0.406 -0.843 2.088
136 1 0.371 0.006 2.179
136 2 0.377 0.053 2.220
136 3 0.428 0.328 2.227
136 4 0.474 0.562 2.230
136 5 0.293 0.311 2.223
136 6 0.199 0.079 2.250
136 7 0.129 -0.139 2.170
136 8 0.133 -0.191 2.190
136 9 0.579 0.283 2.250
136 10 0.593 0.067 2.273
136 11 0.594 -0.131 2.267
136 12 0.583 -0.185 2.263
136 13 0.300 -0.049 2.162
136 14 0.218 -0.493 2.100
136 15 0.168 -0.775 2.054
136 16 0.183 -0.830 2.006
136 17 0.424 -0.066 2.169
136 18 0.404 -0.519 2.153
136 19 0.399 -0.811 2.165
136 20 0.406 -0.844 2.089
137 1 0.371 0.007 2.179
137 2 0.377 0.054 2.219
137 3 0.428 0.330 2.224
137 4 0.476 0.563 2.229
137 5 0.293 0.314 2.219
137 6 0.197 0.083 2.239
137 7 0.125 -0.149 2.159
137 8 0.117 -0.203 2.160
137 9 0.580 0.284 2.247
137 10 0.589 0.072 2.266
137 11 0.592 -0.125 2.261
137 12 0.580 -0.179 2.257
137 13 0.299 -0.047 2.161
137 14 0.216 -0.491 2.101
137 15 0.168 -0.775 2.052
137 16 0.184 -0.833 2.010
137 17 0.424 -0.066 2.169
137 18 0.404 -0.519 2.153
137 19 0.398 -0.812 2.166
137 20 0.406 -0.844 2.089
138 1 0.371 0.008 2.178
138 2 0.377 0.056 2.219
138 3 0.428 0.332 2.221
138 4 0.477 0.564 2.229
138 5 0.292 0.316 2.215
138 6 0.195 0.084 2.229
138 7 0.122 -0.155 2.149
138 8 0.110 -0.208 2.137
138 9 0.580 0.285 2.244
138 10 0.584 0.075 2.260
138 11 0.589 -0.121 2.255
138 12 0.577 -0.175 2.251
138 13 0.299 -0.046 2.160
138 14 0.215 -0.490 2.101
138 15 0.167 -0.775 2.051
138 16 0.186 -0.836 2.014
138 17 0.424 -0.065 2.169
138 18 0.403 -0.519 2.153
138 19 0.398 -0.812 2.166
138 20 0.405 -0.844 2.090
139 1 0.371 0.009 2.176
139 2 0.376 0.057 2.217
139 3 0.427 0.334 2.217
139 4 0.476 0.567 2.227
139 5 0.288 0.318 2.210
139 6 0.191 0.085 2.220
139 7 0.120 -0.159 2.140
139 8 0.107 -0.211 2.125
139 9 0.579 0.286 2.240
139 10 0.581 0.077 2.255
139 11 0.587 -0.118 2.250
139 12 0.575 -0.172 2.246
139 13 0.298 -0.044 2.159
139 14 0.213 -0.489 2.102
139 15 0.165 -0.776 2.050
139 16 0.188 -0.837 2.019
139 17 0.424 -0.065 2.169
139 18 0.403 -0.519 2.152
139 19 0.397 -0.812 2.167
139 20 0.405 -0.844 2.090
140 1 0.369 0.011 2.174
140 2 0.375 0.059 2.215
140 3 0.424 0.337 2.212
140 4 0.473 0.570 2.224
140 5 0.284 0.319 2.205
140 6 0.188 0.085 2.212
140 7 0.121 -0.161 2.126
140 8 0.107 -0.212 2.105
140 9 0.578 0.287 2.236
140 10 0.577 0.077 2.252
140 11 0.584 -0.117 2.245
140 12 0.572 -0.171 2.242
140 13 0.296 -0.043 2.157
140 14 0.212 -0.488 2.102
140 15 0.162 -0.777 2.051
140 16 0.190 -0.837 2.022
140 17 0.423 -0.064 2.168
140 18 0.401 -0.518 2.152
140 19 0.397 -0.812 2.167
140 20 0.405 -0.844 2.091
141 1 0.368 0.012 2.171
141 2 0.373 0.061 2.212
141 3 0.420 0.340 2.206
141 4 0.467 0.574 2.221
141 5 0.278 0.320 2.199
141 6 0.184 0.084 2.205
141 7 0.122 -0.162 2.115
141 8 0.107 -0.213 2.093
141 9 0.572 0.288 2.227
141 10 0.572 0.074 2.248
141 11 0.558 -0.137 2.229
141 12 0.556 -0.182 2.231
141 13 0.294 -0.042 2.153
141 14 0.211 -0.487 2.103
141 15 0.160 -0.779 2.053
141 16 0.191 -0.838 2.025
141 17 0.422 -0.063 2.166
141 18 0.400 -0.518 2.151
141 19 0.396 -0.812 2.168
141 20 0.404 -0.844 2.091
142 1 0.365 0.014 2.167
142 2 0.370 0.063 2.208
142 3 0.413 0.342 2.200
142 4 0.459 0.577 2.218
142 5 0.270 0.320 2.194
142 6 0.180 0.082 2.198
142 7 0.123 -0.159 2.104
142 8 0.111 -0.210 2.081
142 9 0.565 0.290 2.220
142 10 0.568 0.072 2.244
142 11 0.546 -0.147 2.221
142 12 0.546 -0.190 2.225
142 13 0.291 -0.041 2.150
142 14 0.210 -0.487 2.103
142 15 0.159 -0.783 2.057
142 16 0.193 -0.838 2.028
142 17 0.420 -0.062 2.164
142 18 0.399 -0.517 2.151
142 19 0.396 -0.812 2.168
142 20 0.404 -0.845 2.092
143 1 0.361 0.014 2.160
143 2 0.366 0.064 2.202
143 3 0.404 0.344 2.192
143 4 0.447 0.581 2.213
143 5 0.260 0.319 2.188
143 6 0.174 0.080 2.191
143 7 0.125 -0.156 2.095
143 8 0.119 -0.205 2.069
143 9 0.551 0.290 2.207
143 10 0.560 0.067 2.240
143 11 0.540 -0.150 2.217
143 12 0.539 -0.193 2.220
143 13 0.288 -0.041 2.144
143 14 0.209 -0.487 2.103
143 15 0.158 -0.787 2.061
143 16 0.194 -0.840 2.030
143 17 0.418 -0.061 2.159
143 18 0.397 -0.517 2.150
143 19 0.395 -0.812 2.169
143 20 0.403 -0.845 2.092
