1 1 0.145 -0.478 2.373
1 2 0.170 -0.433 2.416
1 3 0.208 -0.152 2.418
1 4 0.160 0.048 2.380
1 5 0.041 -0.251 2.447
1 6 0.005 -0.423 2.312
1 7 -0.065 -0.588 2.125
1 8 -0.119 -0.604 2.104
1 9 0.349 -0.228 2.327
1 10 0.342 -0.423 2.239
1 11 0.223 -0.517 2.109
1 12 0.247 -0.603 2.098
1 13 0.041 -0.544 2.404
1 14 -0.081 -0.627 2.108
1 15 -0.179 -0.893 1.963
1 16 -0.207 -0.929 1.895
1 17 0.221 -0.556 2.319
1 18 0.119 -0.639 2.010
1 19 0.135 -0.920 1.932
1 20 0.105 -0.953 1.856
2 1 0.145 -0.478 2.373
2 2 0.170 -0.433 2.416
2 3 0.208 -0.152 2.418
2 4 0.160 0.048 2.380
2 5 0.041 -0.250 2.447
2 6 0.005 -0.423 2.312
2 7 -0.064 -0.588 2.125
2 8 -0.129 -0.647 2.068
2 9 0.349 -0.228 2.327
2 10 0.342 -0.422 2.238
2 11 0.260 -0.545 2.117
2 12 0.282 -0.628 2.117
2 13 0.041 -0.544 2.404
2 14 -0.081 -0.627 2.108
2 15 -0.181 -0.891 1.962
2 16 -0.208 -0.928 1.894
2 17 0.221 -0.556 2.319
2 18 0.119 -0.639 2.010
2 19 0.138 -0.920 1.932
2 20 0.107 -0.953 1.856
3 1 0.145 -0.478 2.373
3 2 0.170 -0.433 2.416
3 3 0.208 -0.152 2.418
3 4 0.160 0.048 2.380
3 5 0.041 -0.250 2.447
3 6 0.005 -0.423 2.312
3 7 -0.064 -0.589 2.126
3 8 -0.134 -0.667 2.051
3 9 0.349 -0.228 2.327
3 10 0.342 -0.419 2.237
3 11 0.285 -0.561 2.126
3 12 0.291 -0.635 2.115
3 13 0.041 -0.544 2.404
3 14 -0.080 -0.627 2.108
3 15 -0.182 -0.891 1.961
3 16 -0.210 -0.927 1.894
3 17 0.221 -0.556 2.319
3 18 0.119 -0.639 2.010
3 19 0.140 -0.920 1.932
3 20 0.109 -0.953 1.856
4 1 0.145 -0.478 2.373
4 2 0.170 -0.433 2.416
4 3 0.208 -0.152 2.419
4 4 0.160 0.048 2.380
4 5 0.041 -0.250 2.447
4 6 0.005 -0.422 2.312
4 7 -0.064 -0.587 2.124
4 8 -0.129 -0.640 2.067
4 9 0.349 -0.229 2.327
4 10 0.342 -0.417 2.236
4 11 0.295 -0.568 2.130
4 12 0.309 -0.619 2.125
4 13 0.041 -0.544 2.404
4 14 -0.080 -0.627 2.108
4 15 -0.174 -0.896 1.975
4 16 -0.204 -0.930 1.903
4 17 0.221 -0.556 2.319
4 18 0.119 -0.639 2.010
4 19 0.141 -0.921 1.932
4 20 0.110 -0.954 1.856
5 1 0.145 -0.478 2.373
5 2 0.171 -0.433 2.416
5 3 0.208 -0.152 2.419
5 4 0.160 0.048 2.380
5 5 0.041 -0.250 2.447
5 6 0.005 -0.422 2.312
5 7 -0.064 -0.586 2.123
5 8 -0.126 -0.623 2.078
5 9 0.349 -0.229 2.327
5 10 0.342 -0.415 2.235
5 11 0.301 -0.571 2.132
5 12 0.316 -0.628 2.133
5 13 0.041 -0.544 2.404
5 14 -0.080 -0.625 2.107
5 15 -0.175 -0.894 1.975
5 16 -0.205 -0.929 1.904
5 17 0.221 -0.556 2.319
5 18 0.119 -0.639 2.010
5 19 0.142 -0.921 1.932
5 20 0.112 -0.954 1.856
6 1 0.145 -0.478 2.374
6 2 0.171 -0.433 2.416
6 3 0.208 -0.152 2.419
6 4 0.161 0.048 2.380
6 5 0.041 -0.250 2.447
6 6 0.005 -0.422 2.312
6 7 -0.064 -0.586 2.123
6 8 -0.133 -0.649 2.057
6 9 0.349 -0.229 2.327
6 10 0.342 -0.414 2.234
6 11 0.305 -0.574 2.133
6 12 0.321 -0.628 2.133
6 13 0.041 -0.544 2.404
6 14 -0.080 -0.623 2.107
6 15 -0.177 -0.892 1.974
6 16 -0.205 -0.928 1.905
6 17 0.221 -0.556 2.319
6 18 0.119 -0.639 2.010
6 19 0.143 -0.921 1.932
6 20 0.112 -0.954 1.856
7 1 0.145 -0.478 2.374
7 2 0.171 -0.433 2.416
7 3 0.208 -0.152 2.419
7 4 0.161 0.048 2.380
7 5 0.041 -0.250 2.447
7 6 0.005 -0.422 2.312
7 7 -0.064 -0.587 2.123
7 8 -0.137 -0.665 2.045
7 9 0.349 -0.229 2.327
7 10 0.341 -0.413 2.234
7 11 0.306 -0.575 2.134
7 12 0.323 -0.628 2.133
7 13 0.041 -0.544 2.404
7 14 -0.080 -0.623 2.107
7 15 -0.178 -0.891 1.974
7 16 -0.206 -0.927 1.904
7 17 0.221 -0.556 2.319
7 18 0.119 -0.639 2.010
7 19 0.143 -0.921 1.932
7 20 0.113 -0.954 1.856
8 1 0.145 -0.478 2.374
8 2 0.171 -0.433 2.416
8 3 0.208 -0.152 2.419
8 4 0.161 0.048 2.380
8 5 0.041 -0.250 2.447
8 6 0.005 -0.422 2.312
8 7 -0.064 -0.587 2.123
8 8 -0.139 -0.674 2.037
8 9 0.349 -0.229 2.327
8 10 0.341 -0.412 2.233
8 11 0.306 -0.575 2.134
8 12 0.322 -0.617 2.131
8 13 0.041 -0.544 2.404
8 14 -0.080 -0.624 2.107
8 15 -0.182 -0.890 1.968
8 16 -0.209 -0.926 1.899
8 17 0.221 -0.556 2.319
8 18 0.120 -0.639 2.010
8 19 0.144 -0.921 1.932
8 20 0.113 -0.954 1.856
9 1 0.145 -0.478 2.374
9 2 0.171 -0.433 2.416
9 3 0.208 -0.152 2.419
9 4 0.161 0.048 2.380
9 5 0.041 -0.250 2.447
9 6 0.005 -0.422 2.314
9 7 -0.064 -0.587 2.126
9 8 -0.140 -0.680 2.033
9 9 0.349 -0.229 2.327
9 10 0.341 -0.411 2.233
9 11 0.304 -0.573 2.134
9 12 0.318 -0.623 2.133
9 13 0.041 -0.544 2.404
9 14 -0.080 -0.626 2.107
9 15 -0.185 -0.888 1.962
9 16 -0.213 -0.924 1.892
9 17 0.221 -0.556 2.319
9 18 0.120 -0.639 2.010
9 19 0.144 -0.921 1.932
9 20 0.113 -0.954 1.856
10 1 0.145 -0.478 2.374
10 2 0.171 -0.433 2.416
10 3 0.208 -0.152 2.419
10 4 0.161 0.048 2.380
10 5 0.041 -0.250 2.448
10 6 0.006 -0.421 2.314
10 7 -0.064 -0.587 2.126
10 8 -0.141 -0.684 2.030
10 9 0.349 -0.229 2.327
10 10 0.341 -0.410 2.232
10 11 0.308 -0.577 2.135
10 12 0.321 -0.634 2.142
10 13 0.041 -0.544 2.404
10 14 -0.079 -0.625 2.106
10 15 -0.187 -0.887 1.960
10 16 -0.215 -0.924 1.891
10 17 0.221 -0.556 2.319
10 18 0.120 -0.639 2.010
10 19 0.144 -0.921 1.932
10 20 0.114 -0.954 1.856
11 1 0.145 -0.478 2.374
11 2 0.171 -0.433 2.416
11 3 0.208 -0.152 2.419
11 4 0.161 0.048 2.380
11 5 0.041 -0.250 2.448
11 6 0.006 -0.421 2.315
11 7 -0.064 -0.587 2.127
11 8 -0.141 -0.686 2.029
11 9 0.349 -0.229 2.327
11 10 0.341 -0.409 2.232
11 11 0.296 -0.569 2.133
11 12 0.314 -0.622 2.154
11 13 0.041 -0.544 2.404
11 14 -0.079 -0.626 2.106
11 15 -0.171 -0.897 1.986
11 16 -0.201 -0.932 1.912
11 17 0.221 -0.556 2.318
11 18 0.120 -0.639 2.010
11 19 0.144 -0.921 1.932
11 20 0.114 -0.954 1.856
12 1 0.145 -0.478 2.374
12 2 0.171 -0.433 2.416
12 3 0.208 -0.152 2.419
12 4 0.161 0.048 2.380
12 5 0.041 -0.250 2.448
12 6 0.006 -0.421 2.315
12 7 -0.060 -0.585 2.126
12 8 -0.119 -0.632 2.073
12 9 0.349 -0.229 2.327
12 10 0.342 -0.411 2.233
12 11 0.260 -0.541 2.118
12 12 0.247 -0.582 2.107
12 13 0.041 -0.544 2.404
12 14 -0.079 -0.626 2.106
12 15 -0.170 -0.899 1.989
12 16 -0.200 -0.933 1.914
12 17 0.221 -0.556 2.318
12 18 0.120 -0.639 2.010
12 19 0.144 -0.921 1.932
12 20 0.114 -0.954 1.856
13 1 0.145 -0.478 2.374
13 2 0.171 -0.433 2.416
13 3 0.208 -0.152 2.419
13 4 0.161 0.048 2.380
13 5 0.041 -0.250 2.448
13 6 0.006 -0.420 2.315
13 7 -0.058 -0.584 2.125
13 8 -0.109 -0.606 2.095
13 9 0.349 -0.229 2.328
13 10 0.342 -0.413 2.233
13 11 0.240 -0.525 2.109
13 12 0.208 -0.560 2.080
13 13 0.041 -0.544 2.404
13 14 -0.079 -0.627 2.106
13 15 -0.171 -0.900 1.990
13 16 -0.200 -0.933 1.915
13 17 0.221 -0.556 2.318
13 18 0.120 -0.639 2.010
13 19 0.144 -0.921 1.932
13 20 0.114 -0.954 1.856
14 1 0.145 -0.478 2.374
14 2 0.171 -0.433 2.416
14 3 0.208 -0.152 2.419
14 4 0.161 0.048 2.380
14 5 0.041 -0.250 2.448
14 6 0.006 -0.420 2.316
14 7 -0.056 -0.583 2.125
14 8 -0.105 -0.593 2.105
14 9 0.349 -0.229 2.328
14 10 0.343 -0.415 2.233
14 11 0.232 -0.519 2.106
14 12 0.193 -0.551 2.069
14 13 0.041 -0.544 2.404
14 14 -0.079 -0.624 2.105
14 15 -0.172 -0.897 1.987
14 16 -0.200 -0.932 1.916
14 17 0.221 -0.556 2.319
14 18 0.120 -0.639 2.010
14 19 0.144 -0.921 1.932
14 20 0.114 -0.954 1.856
15 1 0.145 -0.478 2.374
15 2 0.171 -0.433 2.416
15 3 0.208 -0.152 2.419
15 4 0.161 0.048 2.380
15 5 0.041 -0.250 2.447
15 6 0.005 -0.420 2.318
15 7 -0.056 -0.582 2.125
15 8 -0.109 -0.602 2.094
15 9 0.350 -0.229 2.328
15 10 0.343 -0.417 2.233
15 11 0.260 -0.543 2.108
15 12 0.242 -0.593 2.069
15 13 0.041 -0.544 2.404
15 14 -0.078 -0.620 2.105
15 15 -0.171 -0.895 1.985
15 16 -0.199 -0.931 1.915
15 17 0.221 -0.556 2.319
15 18 0.122 -0.637 2.010
15 19 0.144 -0.919 1.932
15 20 0.114 -0.952 1.856
16 1 0.145 -0.478 2.374
16 2 0.171 -0.433 2.416
16 3 0.208 -0.151 2.417
16 4 0.160 0.048 2.376
16 5 0.040 -0.250 2.446
16 6 0.002 -0.419 2.322
16 7 -0.060 -0.582 2.129
16 8 -0.129 -0.647 2.057
16 9 0.350 -0.229 2.327
16 10 0.343 -0.419 2.233
16 11 0.278 -0.560 2.109
16 12 0.253 -0.607 2.065
16 13 0.041 -0.544 2.404
16 14 -0.068 -0.594 2.097
16 15 -0.169 -0.878 1.975
16 16 -0.197 -0.912 1.903
16 17 0.222 -0.556 2.319
16 18 0.124 -0.633 2.011
16 19 0.144 -0.917 1.933
16 20 0.114 -0.950 1.857
17 1 0.145 -0.478 2.374
17 2 0.171 -0.432 2.416
17 3 0.204 -0.151 2.410
17 4 0.155 0.049 2.367
17 5 0.034 -0.249 2.442
17 6 -0.003 -0.419 2.326
17 7 -0.064 -0.531 2.151
17 8 -0.129 -0.575 2.104
17 9 0.349 -0.228 2.326
17 10 0.344 -0.421 2.231
17 11 0.284 -0.566 2.108
17 12 0.262 -0.617 2.064
17 13 0.041 -0.544 2.404
17 14 -0.066 -0.588 2.096
17 15 -0.128 -0.867 1.993
17 16 -0.155 -0.901 1.918
17 17 0.223 -0.555 2.320
17 18 0.129 -0.627 2.012
17 19 0.150 -0.911 1.938
17 20 0.121 -0.944 1.862
18 1 0.145 -0.477 2.374
18 2 0.170 -0.430 2.415
18 3 0.196 -0.148 2.391
18 4 0.143 0.050 2.348
18 5 0.025 -0.248 2.434
18 6 -0.019 -0.417 2.332
18 7 -0.013 -0.483 2.125
18 8 -0.075 -0.509 2.099
18 9 0.347 -0.227 2.322
18 10 0.344 -0.422 2.229
18 11 0.287 -0.571 2.108
18 12 0.299 -0.630 2.086
18 13 0.041 -0.543 2.405
18 14 -0.065 -0.585 2.095
18 15 -0.110 -0.865 2.001
18 16 -0.137 -0.899 1.924
18 17 0.224 -0.554 2.322
18 18 0.134 -0.622 2.013
18 19 0.162 -0.902 1.947
18 20 0.134 -0.936 1.870
19 1 0.146 -0.476 2.374
19 2 0.169 -0.425 2.411
19 3 0.187 -0.146 2.371
19 4 0.123 0.047 2.316
19 5 0.009 -0.248 2.418
19 6 -0.036 -0.419 2.335
19 7 0.005 -0.465 2.116
19 8 -0.053 -0.482 2.097
19 9 0.343 -0.225 2.313
19 10 0.344 -0.424 2.223
19 11 0.289 -0.574 2.108
19 12 0.312 -0.635 2.092
19 13 0.041 -0.543 2.405
19 14 -0.063 -0.583 2.095
19 15 -0.100 -0.864 2.005
19 16 -0.126 -0.899 1.928
19 17 0.227 -0.552 2.324
19 18 0.146 -0.619 2.014
19 19 0.168 -0.899 1.952
19 20 0.141 -0.934 1.876
20 1 0.146 -0.473 2.373
20 2 0.165 -0.418 2.403
20 3 0.170 -0.148 2.343
20 4 0.106 0.044 2.291
20 5 -0.012 -0.251 2.396
20 6 -0.054 -0.423 2.333
20 7 0.033 -0.455 2.092
20 8 0.032 -0.466 2.042
20 9 0.333 -0.221 2.297
20 10 0.346 -0.419 2.215
20 11 0.316 -0.579 2.114
20 12 0.347 -0.636 2.108
20 13 0.041 -0.543 2.405
20 14 -0.062 -0.584 2.094
20 15 -0.091 -0.865 2.010
20 16 -0.115 -0.902 1.933
20 17 0.229 -0.550 2.325
20 18 0.159 -0.619 2.014
20 19 0.171 -0.898 1.955
20 20 0.146 -0.934 1.880
21 1 0.146 -0.469 2.367
21 2 0.158 -0.410 2.387
21 3 0.151 -0.152 2.314
21 4 0.078 0.036 2.259
21 5 -0.038 -0.262 2.368
21 6 -0.082 -0.438 2.320
21 7 0.045 -0.454 2.079
21 8 0.079 -0.463 2.010
21 9 0.319 -0.218 2.280
21 10 0.347 -0.415 2.208
21 11 0.323 -0.581 2.114
21 12 0.360 -0.637 2.113
21 13 0.041 -0.543 2.405
21 14 -0.043 -0.634 2.097
21 15 -0.096 -0.908 2.013
21 16 -0.117 -0.950 1.937
21 17 0.232 -0.546 2.325
21 18 0.171 -0.622 2.012
21 19 0.174 -0.900 1.958
21 20 0.150 -0.937 1.883
22 1 0.144 -0.464 2.358
22 2 0.151 -0.403 2.367
22 3 0.130 -0.158 2.285
22 4 0.049 0.025 2.226
22 5 -0.057 -0.273 2.346
22 6 -0.102 -0.451 2.308
22 7 0.047 -0.464 2.068
22 8 0.100 -0.466 1.995
22 9 0.300 -0.215 2.259
22 10 0.347 -0.412 2.200
22 11 0.327 -0.582 2.114
22 12 0.368 -0.638 2.115
22 13 0.041 -0.543 2.401
22 14 -0.040 -0.673 2.097
22 15 -0.075 -0.948 2.019
22 16 -0.092 -0.995 1.944
22 17 0.236 -0.541 2.323
22 18 0.179 -0.626 2.011
22 19 0.175 -0.902 1.961
22 20 0.154 -0.942 1.887
23 1 0.140 -0.459 2.335
23 2 0.140 -0.401 2.338
23 3 0.113 -0.165 2.263
23 4 0.027 0.017 2.200
23 5 -0.073 -0.283 2.327
23 6 -0.113 -0.462 2.300
23 7 0.044 -0.478 2.062
23 8 0.110 -0.473 1.985
23 9 0.280 -0.214 2.236
23 10 0.344 -0.411 2.191
23 11 0.330 -0.584 2.114
23 12 0.373 -0.639 2.118
23 13 0.041 -0.546 2.388
23 14 -0.040 -0.691 2.092
23 15 0.004 -0.959 2.070
23 16 -0.012 -1.006 1.996
23 17 0.240 -0.533 2.310
23 18 0.184 -0.650 2.004
23 19 0.175 -0.924 1.959
23 20 0.155 -0.969 1.885
24 1 0.138 -0.457 2.295
24 2 0.132 -0.403 2.297
24 3 0.085 -0.178 2.230
24 4 -0.001 -0.002 2.164
24 5 -0.093 -0.299 2.296
24 6 -0.119 -0.477 2.292
24 7 0.038 -0.479 2.062
24 8 0.109 -0.471 1.984
24 9 0.254 -0.218 2.204
24 10 0.340 -0.410 2.179
24 11 0.332 -0.586 2.113
24 12 0.375 -0.640 2.120
24 13 0.051 -0.555 2.348
24 14 -0.054 -0.712 2.072
24 15 0.027 -0.954 2.062
24 16 0.005 -0.897 2.039
24 17 0.248 -0.522 2.266
24 18 0.178 -0.681 1.983
24 19 0.177 -0.949 1.965
24 20 0.159 -0.995 1.891
25 1 0.083 -0.460 2.249
25 2 0.082 -0.412 2.252
25 3 0.067 -0.184 2.208
25 4 -0.023 -0.015 2.137
25 5 -0.104 -0.308 2.279
25 6 -0.125 -0.488 2.284
25 7 0.034 -0.480 2.062
25 8 0.099 -0.470 1.987
25 9 0.229 -0.222 2.172
25 10 0.333 -0.408 2.163
25 11 0.322 -0.587 2.103
25 12 0.366 -0.640 2.118
25 13 -0.008 -0.562 2.304
25 14 -0.058 -0.743 2.032
25 15 0.056 -0.954 2.041
25 16 0.022 -0.872 2.050
25 17 0.185 -0.525 2.218
25 18 0.179 -0.715 1.947
25 19 0.157 -0.967 1.989
25 20 0.138 -1.012 1.915
26 1 0.056 -0.469 2.211
26 2 0.056 -0.421 2.215
26 3 0.041 -0.194 2.170
26 4 -0.043 -0.023 2.110
26 5 -0.122 -0.314 2.253
26 6 -0.129 -0.492 2.281
26 7 0.028 -0.480 2.063
26 8 0.085 -0.470 1.992
26 9 0.205 -0.226 2.139
26 10 0.318 -0.399 2.130
26 11 0.321 -0.587 2.103
26 12 0.331 -0.634 2.095
26 13 -0.032 -0.573 2.261
26 14 -0.074 -0.770 1.997
26 15 0.066 -0.957 2.019
26 16 0.027 -0.857 2.053
26 17 0.159 -0.532 2.178
26 18 0.174 -0.764 1.887
26 19 0.147 -0.973 2.013
26 20 0.128 -1.018 1.939
27 1 0.071 -0.478 2.168
27 2 0.065 -0.430 2.173
27 3 0.024 -0.198 2.146
27 4 -0.062 -0.027 2.086
27 5 -0.133 -0.318 2.237
27 6 -0.132 -0.496 2.278
27 7 0.016 -0.481 2.062
27 8 0.063 -0.473 1.993
27 9 0.179 -0.232 2.100
27 10 0.304 -0.389 2.101
27 11 0.278 -0.569 2.055
27 12 0.268 -0.614 2.024
27 13 -0.000 -0.586 2.219
27 14 -0.119 -0.783 1.990
27 15 0.048 -0.958 2.008
27 16 0.010 -0.843 2.050
27 17 0.179 -0.531 2.133
27 18 0.144 -0.799 1.862
27 19 0.174 -0.971 2.042
27 20 0.149 -1.016 1.968
28 1 0.066 -0.488 2.134
28 2 0.060 -0.439 2.140
28 3 0.004 -0.198 2.106
28 4 -0.085 -0.029 2.056
28 5 -0.149 -0.321 2.218
28 6 -0.135 -0.498 2.275
28 7 0.005 -0.482 2.061
28 8 0.045 -0.475 1.992
28 9 0.163 -0.236 2.072
28 10 0.292 -0.378 2.066
28 11 0.207 -0.557 1.982
28 12 0.180 -0.602 1.942
28 13 -0.004 -0.598 2.180
28 14 -0.177 -0.834 1.960
28 15 0.030 -0.839 2.067
28 16 -0.030 -0.798 2.050
28 17 0.175 -0.538 2.100
28 18 0.122 -0.826 1.840
28 19 0.182 -0.935 2.075
28 20 0.155 -0.979 2.002
29 1 0.064 -0.492 2.121
29 2 0.057 -0.442 2.126
29 3 -0.008 -0.198 2.085
29 4 -0.101 -0.030 2.037
29 5 -0.159 -0.320 2.201
29 6 -0.139 -0.497 2.272
29 7 -0.005 -0.482 2.058
29 8 0.032 -0.478 1.990
29 9 0.147 -0.238 2.044
29 10 0.281 -0.377 2.045
29 11 0.166 -0.551 1.941
29 12 0.143 -0.597 1.908
29 13 0.003 -0.596 2.183
29 14 -0.192 -0.848 1.953
29 15 0.034 -0.767 2.113
29 16 -0.038 -0.781 2.054
29 17 0.173 -0.540 2.086
29 18 0.086 -0.830 1.828
29 19 0.184 -0.926 2.079
29 20 0.156 -0.972 2.009
30 1 0.064 -0.493 2.115
30 2 0.056 -0.443 2.118
30 3 -0.020 -0.193 2.063
30 4 -0.119 -0.026 2.011
30 5 -0.170 -0.316 2.183
30 6 -0.144 -0.492 2.264
30 7 -0.017 -0.481 2.051
30 8 0.020 -0.479 1.984
30 9 0.133 -0.235 2.019
30 10 0.265 -0.370 2.015
30 11 0.158 -0.549 1.934
30 12 0.125 -0.594 1.891
30 13 0.007 -0.594 2.184
30 14 -0.202 -0.855 1.952
30 15 0.035 -0.740 2.129
30 16 -0.043 -0.771 2.056
30 17 0.173 -0.541 2.081
30 18 0.054 -0.824 1.828
30 19 0.184 -0.923 2.071
30 20 0.156 -0.970 2.003
31 1 0.065 -0.490 2.119
31 2 0.055 -0.440 2.115
31 3 -0.028 -0.188 2.046
31 4 -0.130 -0.023 1.993
31 5 -0.178 -0.310 2.166
31 6 -0.149 -0.483 2.253
31 7 -0.025 -0.480 2.044
31 8 0.011 -0.480 1.978
31 9 0.124 -0.231 2.001
31 10 0.257 -0.368 2.001
31 11 0.143 -0.537 1.929
31 12 0.112 -0.588 1.883
31 13 0.010 -0.582 2.200
31 14 -0.205 -0.854 1.964
31 15 0.037 -0.725 2.138
31 16 -0.046 -0.764 2.058
31 17 0.173 -0.539 2.085
31 18 0.038 -0.819 1.831
31 19 0.183 -0.923 2.062
31 20 0.154 -0.972 1.996
32 1 0.065 -0.484 2.124
32 2 0.053 -0.433 2.115
32 3 -0.035 -0.180 2.031
32 4 -0.139 -0.013 1.971
32 5 -0.185 -0.297 2.146
32 6 -0.155 -0.468 2.234
32 7 -0.034 -0.476 2.031
32 8 0.002 -0.479 1.966
32 9 0.116 -0.225 1.985
32 10 0.251 -0.365 1.989
32 11 0.116 -0.521 1.928
32 12 0.096 -0.578 1.882
32 13 0.010 -0.572 2.210
32 14 -0.201 -0.850 1.980
32 15 0.041 -0.720 2.145
32 16 -0.046 -0.762 2.061
32 17 0.170 -0.534 2.090
32 18 0.030 -0.814 1.834
32 19 0.179 -0.926 2.052
32 20 0.151 -0.977 1.988
33 1 0.060 -0.474 2.127
33 2 0.047 -0.421 2.113
33 3 -0.041 -0.165 2.014
33 4 -0.145 -0.002 1.953
33 5 -0.191 -0.279 2.129
33 6 -0.165 -0.442 2.200
33 7 -0.041 -0.474 2.017
33 8 -0.004 -0.480 1.954
33 9 0.109 -0.211 1.970
33 10 0.242 -0.358 1.976
33 11 0.106 -0.533 1.914
33 12 0.087 -0.579 1.875
33 13 0.005 -0.559 2.214
33 14 -0.196 -0.847 1.995
33 15 0.051 -0.745 2.146
33 16 -0.041 -0.771 2.066
33 17 0.162 -0.525 2.094
33 18 0.026 -0.809 1.838
33 19 0.172 -0.933 2.042
33 20 0.144 -0.986 1.979
34 1 0.055 -0.460 2.129
34 2 0.041 -0.404 2.112
34 3 -0.046 -0.140 1.996
34 4 -0.151 0.016 1.937
34 5 -0.197 -0.234 2.101
34 6 -0.170 -0.429 2.182
34 7 -0.046 -0.471 2.005
34 8 -0.008 -0.480 1.944
34 9 0.103 -0.191 1.956
34 10 0.233 -0.348 1.965
34 11 0.098 -0.502 1.882
34 12 0.079 -0.549 1.848
34 13 -0.001 -0.537 2.217
34 14 -0.162 -0.805 2.040
34 15 0.017 -0.893 2.080
34 16 -0.051 -0.835 2.049
34 17 0.154 -0.515 2.098
34 18 0.026 -0.803 1.845
34 19 0.163 -0.946 2.032
34 20 0.136 -1.002 1.969
35 1 0.048 -0.437 2.132
35 2 0.034 -0.380 2.110
35 3 -0.050 -0.112 1.981
35 4 -0.156 0.037 1.923
35 5 -0.200 -0.212 2.089
35 6 -0.172 -0.421 2.172
35 7 -0.107 -0.511 2.004
35 8 -0.083 -0.555 1.970
35 9 0.098 -0.157 1.942
35 10 0.214 -0.317 1.946
35 11 0.074 -0.447 1.913
35 12 0.055 -0.495 1.879
35 13 -0.006 -0.513 2.218
35 14 -0.135 -0.770 2.072
35 15 -0.001 -0.963 2.051
35 16 -0.056 -0.861 2.042
35 17 0.143 -0.493 2.105
35 18 0.030 -0.792 1.856
35 19 0.138 -0.977 2.002
35 20 0.113 -1.035 1.940
36 1 0.041 -0.406 2.135
36 2 0.027 -0.350 2.110
36 3 -0.052 -0.080 1.969
36 4 -0.160 0.063 1.911
36 5 -0.202 -0.194 2.083
36 6 -0.173 -0.406 2.164
36 7 -0.129 -0.529 2.010
36 8 -0.119 -0.590 1.980
36 9 0.097 -0.132 1.934
36 10 0.206 -0.304 1.938
36 11 0.042 -0.440 1.907
36 12 0.035 -0.485 1.878
36 13 -0.012 -0.487 2.215
36 14 -0.122 -0.750 2.085
36 15 -0.009 -0.990 2.040
36 16 -0.059 -0.873 2.039
36 17 0.128 -0.452 2.124
36 18 0.057 -0.724 1.908
36 19 0.154 -0.955 2.010
36 20 0.130 -1.015 1.949
37 1 0.034 -0.386 2.139
37 2 0.020 -0.328 2.111
37 3 -0.055 -0.046 1.960
37 4 -0.164 0.101 1.900
37 5 -0.203 -0.175 2.081
37 6 -0.172 -0.396 2.160
37 7 -0.151 -0.544 2.012
37 8 -0.146 -0.615 1.994
37 9 0.096 -0.101 1.927
37 10 0.200 -0.291 1.933
37 11 0.044 -0.418 1.904
37 12 0.031 -0.472 1.877
37 13 -0.019 -0.466 2.213
37 14 -0.115 -0.736 2.091
37 15 -0.016 -1.005 2.033
37 16 -0.062 -0.879 2.037
37 17 0.118 -0.430 2.137
37 18 0.073 -0.679 1.936
37 19 0.050 -0.916 1.971
37 20 0.049 -0.841 1.926
38 1 0.023 -0.356 2.140
38 2 0.014 -0.307 2.112
38 3 -0.056 -0.034 1.957
38 4 -0.165 0.117 1.896
38 5 -0.204 -0.133 2.078
38 6 -0.169 -0.372 2.151
38 7 -0.165 -0.549 2.018
38 8 -0.159 -0.624 2.001
38 9 0.093 -0.067 1.921
38 10 0.196 -0.283 1.929
38 11 0.050 -0.406 1.897
38 12 0.022 -0.463 1.874
38 13 -0.033 -0.421 2.202
38 14 -0.110 -0.711 2.094
38 15 0.039 -0.956 2.089
38 16 0.006 -0.939 2.055
38 17 0.110 -0.414 2.143
38 18 0.081 -0.656 1.949
38 19 -0.067 -0.848 1.945
38 20 -0.004 -0.770 1.918
39 1 0.017 -0.332 2.140
39 2 0.008 -0.283 2.112
39 3 -0.055 -0.024 1.958
39 4 -0.163 0.143 1.898
39 5 -0.203 -0.105 2.076
39 6 -0.169 -0.344 2.136
39 7 -0.174 -0.535 2.032
39 8 -0.166 -0.614 2.012
39 9 0.092 -0.041 1.917
39 10 0.193 -0.275 1.927
39 11 0.058 -0.405 1.888
39 12 0.018 -0.458 1.869
39 13 -0.039 -0.396 2.197
39 14 -0.109 -0.693 2.094
39 15 0.049 -0.949 2.106
39 16 0.029 -0.976 2.061
39 17 0.102 -0.391 2.147
39 18 0.087 -0.627 1.950
39 19 0.120 -0.838 2.012
39 20 0.118 -0.853 1.960
40 1 0.009 -0.300 2.136
40 2 0.001 -0.251 2.110
40 3 -0.053 -0.004 1.966
40 4 -0.150 0.188 1.904
40 5 -0.202 -0.064 2.071
40 6 -0.174 -0.299 2.114
40 7 -0.176 -0.497 2.047
40 8 -0.165 -0.572 2.025
40 9 0.091 -0.013 1.914
40 10 0.187 -0.253 1.923
40 11 0.077 -0.396 1.880
40 12 0.027 -0.455 1.862
40 13 -0.048 -0.365 2.190
40 14 -0.108 -0.672 2.094
40 15 0.047 -0.948 2.112
40 16 0.027 -1.006 2.056
40 17 0.093 -0.364 2.145
40 18 0.091 -0.610 1.952
40 19 0.113 -0.838 2.016
40 20 0.109 -0.866 1.964
41 1 0.006 -0.279 2.131
41 2 -0.002 -0.230 2.106
41 3 -0.052 0.011 1.973
41 4 -0.137 0.220 1.911
41 5 -0.200 -0.035 2.066
41 6 -0.179 -0.277 2.101
41 7 -0.178 -0.476 2.053
41 8 -0.176 -0.536 2.027
41 9 0.090 0.015 1.912
41 10 0.182 -0.230 1.918
41 11 0.092 -0.387 1.876
41 12 0.052 -0.453 1.854
41 13 -0.052 -0.345 2.184
41 14 -0.108 -0.656 2.094
41 15 0.032 -0.947 2.110
41 16 0.013 -1.024 2.047
41 17 0.088 -0.341 2.138
41 18 0.093 -0.599 1.953
41 19 0.133 -0.850 2.024
41 20 0.116 -0.917 1.964
42 1 0.005 -0.253 2.123
42 2 -0.003 -0.206 2.100
42 3 -0.048 0.029 1.980
42 4 -0.123 0.248 1.923
42 5 -0.199 0.015 2.059
42 6 -0.189 -0.234 2.079
42 7 -0.180 -0.467 2.054
42 8 -0.181 -0.524 2.026
42 9 0.091 0.047 1.910
42 10 0.175 -0.198 1.911
42 11 0.105 -0.384 1.875
42 12 0.086 -0.449 1.854
42 13 -0.052 -0.320 2.174
42 14 -0.108 -0.643 2.093
42 15 0.003 -0.943 2.098
42 16 -0.020 -1.027 2.028
42 17 0.085 -0.317 2.127
42 18 0.095 -0.592 1.955
42 19 0.140 -0.866 2.019
42 20 0.111 -0.946 1.954
43 1 0.005 -0.234 2.115
43 2 -0.002 -0.190 2.095
43 3 -0.046 0.038 1.985
43 4 -0.114 0.262 1.931
43 5 -0.198 0.038 2.057
43 6 -0.193 -0.214 2.068
43 7 -0.200 -0.423 2.045
43 8 -0.191 -0.489 2.017
43 9 0.094 0.081 1.908
43 10 0.170 -0.164 1.904
43 11 0.120 -0.380 1.876
43 12 0.110 -0.441 1.857
43 13 -0.050 -0.299 2.161
43 14 -0.107 -0.635 2.093
43 15 -0.022 -0.937 2.086
43 16 -0.049 -1.020 2.012
43 17 0.083 -0.300 2.118
43 18 0.097 -0.587 1.955
43 19 0.110 -0.893 1.984
43 20 0.076 -0.973 1.917
44 1 -0.001 -0.199 2.095
44 2 -0.006 -0.160 2.082
44 3 -0.043 0.047 1.990
44 4 -0.102 0.275 1.942
44 5 -0.199 0.057 2.056
44 6 -0.196 -0.197 2.061
44 7 -0.212 -0.384 2.034
44 8 -0.197 -0.464 2.012
44 9 0.096 0.111 1.907
44 10 0.167 -0.133 1.900
44 11 0.137 -0.375 1.878
44 12 0.131 -0.433 1.859
44 13 -0.053 -0.276 2.144
44 14 -0.106 -0.629 2.092
44 15 -0.043 -0.929 2.075
44 16 -0.073 -1.004 2.000
44 17 0.072 -0.265 2.094
44 18 0.099 -0.584 1.956
44 19 0.105 -0.898 1.971
44 20 0.068 -0.977 1.901
45 1 -0.004 -0.160 2.079
45 2 -0.009 -0.110 2.064
45 3 -0.042 0.127 1.987
45 4 -0.104 0.347 1.937
45 5 -0.200 0.082 2.056
45 6 -0.197 -0.172 2.055
45 7 -0.213 -0.363 2.026
45 8 -0.195 -0.423 1.996
45 9 0.099 0.138 1.907
45 10 0.170 -0.103 1.896
45 11 0.161 -0.362 1.879
45 12 0.146 -0.418 1.863
45 13 -0.061 -0.241 2.127
45 14 -0.105 -0.620 2.090
45 15 -0.061 -0.910 2.066
45 16 -0.096 -0.971 1.990
45 17 0.074 -0.224 2.070
45 18 0.101 -0.581 1.957
45 19 0.098 -0.891 1.953
45 20 0.058 -0.958 1.879
46 1 -0.006 -0.143 2.071
46 2 -0.010 -0.089 2.057
46 3 -0.040 0.177 1.985
46 4 -0.098 0.395 1.941
46 5 -0.201 0.102 2.056
46 6 -0.199 -0.132 2.055
46 7 -0.212 -0.346 2.018
46 8 -0.195 -0.405 1.992
46 9 0.104 0.162 1.907
46 10 0.175 -0.078 1.894
46 11 0.181 -0.344 1.880
46 12 0.169 -0.399 1.875
46 13 -0.066 -0.225 2.119
46 14 -0.104 -0.614 2.089
46 15 -0.072 -0.897 2.060
46 16 -0.107 -0.950 1.984
46 17 0.073 -0.207 2.060
46 18 0.104 -0.576 1.959
46 19 0.092 -0.883 1.940
46 20 0.053 -0.941 1.864
47 1 -0.007 -0.122 2.061
47 2 -0.011 -0.070 2.049
47 3 -0.039 0.198 1.985
47 4 -0.094 0.416 1.944
47 5 -0.201 0.149 2.058
47 6 -0.200 -0.093 2.054
47 7 -0.210 -0.313 2.005
47 8 -0.195 -0.372 1.988
47 9 0.108 0.183 1.908
47 10 0.182 -0.055 1.892
47 11 0.201 -0.318 1.881
47 12 0.187 -0.375 1.884
47 13 -0.070 -0.205 2.107
47 14 -0.102 -0.609 2.087
47 15 -0.079 -0.878 2.056
47 16 -0.114 -0.924 1.982
47 17 0.073 -0.189 2.048
47 18 0.106 -0.570 1.962
47 19 0.088 -0.867 1.931
47 20 0.050 -0.916 1.856
48 1 -0.006 -0.105 2.052
48 2 -0.010 -0.051 2.041
48 3 -0.034 0.220 1.985
48 4 -0.085 0.444 1.953
48 5 -0.199 0.177 2.058
48 6 -0.201 -0.072 2.053
48 7 -0.208 -0.283 1.998
48 8 -0.196 -0.357 1.986
48 9 0.113 0.202 1.909
48 10 0.191 -0.035 1.891
48 11 0.211 -0.297 1.880
48 12 0.198 -0.355 1.887
48 13 -0.072 -0.187 2.095
48 14 -0.100 -0.601 2.084
48 15 -0.083 -0.833 2.052
48 16 -0.136 -0.826 1.996
48 17 0.073 -0.172 2.035
48 18 0.106 -0.565 1.963
48 19 0.084 -0.848 1.927
48 20 0.048 -0.890 1.853
49 1 -0.005 -0.088 2.042
49 2 -0.008 -0.034 2.032
49 3 -0.029 0.237 1.986
49 4 -0.080 0.461 1.958
49 5 -0.195 0.199 2.058
49 6 -0.203 -0.054 2.053
49 7 -0.210 -0.258 1.993
49 8 -0.198 -0.335 1.983
49 9 0.121 0.222 1.911
49 10 0.202 -0.014 1.892
49 11 0.227 -0.257 1.873
49 12 0.212 -0.315 1.880
49 13 -0.073 -0.169 2.081
49 14 -0.098 -0.593 2.080
49 15 -0.082 -0.809 2.049
49 16 -0.144 -0.778 2.001
49 17 0.074 -0.156 2.022
49 18 0.107 -0.561 1.963
49 19 0.081 -0.827 1.926
49 20 0.047 -0.866 1.854
50 1 -0.003 -0.075 2.033
50 2 -0.006 -0.022 2.025
50 3 -0.024 0.250 1.987
50 4 -0.073 0.475 1.963
50 5 -0.190 0.217 2.058
50 6 -0.204 -0.037 2.052
50 7 -0.212 -0.237 1.991
50 8 -0.201 -0.319 1.980
50 9 0.127 0.236 1.912
50 10 0.210 -0.000 1.893
50 11 0.232 -0.239 1.871
50 12 0.217 -0.297 1.876
50 13 -0.072 -0.155 2.068
50 14 -0.095 -0.586 2.075
50 15 -0.081 -0.796 2.047
50 16 -0.148 -0.756 2.002
50 17 0.076 -0.144 2.010
50 18 0.108 -0.557 1.962
50 19 0.079 -0.787 1.932
50 20 0.043 -0.771 1.875
51 1 0.000 -0.063 2.024
51 2 -0.002 -0.011 2.017
51 3 -0.019 0.260 1.988
51 4 -0.064 0.487 1.969
51 5 -0.184 0.235 2.058
51 6 -0.205 -0.019 2.050
51 7 -0.217 -0.213 1.988
51 8 -0.209 -0.295 1.975
51 9 0.133 0.248 1.914
51 10 0.218 0.013 1.895
51 11 0.235 -0.219 1.868
51 12 0.221 -0.279 1.868
51 13 -0.069 -0.142 2.053
51 14 -0.092 -0.578 2.068
51 15 -0.080 -0.788 2.046
51 16 -0.150 -0.741 2.003
51 17 0.079 -0.133 1.998
51 18 0.107 -0.553 1.961
51 19 0.078 -0.769 1.936
51 20 0.042 -0.716 1.888
52 1 0.003 -0.053 2.014
52 2 0.001 -0.001 2.010
52 3 -0.014 0.268 1.989
52 4 -0.056 0.497 1.974
52 5 -0.179 0.248 2.058
52 6 -0.206 -0.006 2.048
52 7 -0.222 -0.192 1.985
52 8 -0.218 -0.274 1.970
52 9 0.137 0.257 1.916
52 10 0.224 0.022 1.896
52 11 0.236 -0.197 1.865
52 12 0.221 -0.267 1.862
52 13 -0.067 -0.132 2.042
52 14 -0.089 -0.572 2.060
52 15 -0.078 -0.782 2.044
52 16 -0.149 -0.734 2.003
52 17 0.080 -0.124 1.987
52 18 0.107 -0.549 1.958
52 19 0.077 -0.759 1.938
52 20 0.041 -0.699 1.891
53 1 0.005 -0.046 2.006
53 2 0.003 0.006 2.003
53 3 -0.009 0.274 1.989
53 4 -0.048 0.504 1.978
53 5 -0.175 0.257 2.058
53 6 -0.207 0.004 2.046
53 7 -0.226 -0.179 1.981
53 8 -0.225 -0.260 1.964
53 9 0.142 0.264 1.917
53 10 0.229 0.029 1.898
53 11 0.237 -0.186 1.863
53 12 0.222 -0.257 1.856
53 13 -0.066 -0.124 2.031
53 14 -0.086 -0.565 2.050
53 15 -0.074 -0.779 2.042
53 16 -0.145 -0.733 2.001
53 17 0.082 -0.116 1.976
53 18 0.105 -0.543 1.953
53 19 0.077 -0.752 1.940
53 20 0.040 -0.702 1.891
54 1 0.006 -0.040 1.998
54 2 0.005 0.012 1.997
54 3 -0.005 0.279 1.989
54 4 -0.041 0.510 1.982
54 5 -0.171 0.265 2.059
54 6 -0.209 0.013 2.043
54 7 -0.231 -0.168 1.976
54 8 -0.233 -0.247 1.956
54 9 0.145 0.269 1.919
54 10 0.233 0.033 1.899
54 11 0.237 -0.177 1.862
54 12 0.222 -0.249 1.850
54 13 -0.066 -0.119 2.021
54 14 -0.084 -0.559 2.040
54 15 -0.072 -0.776 2.040
54 16 -0.140 -0.738 1.998
54 17 0.082 -0.111 1.966
54 18 0.103 -0.540 1.948
54 19 0.077 -0.747 1.941
54 20 0.039 -0.702 1.891
55 1 0.007 -0.036 1.991
55 2 0.006 0.016 1.992
55 3 -0.002 0.282 1.989
55 4 -0.034 0.514 1.986
55 5 -0.168 0.270 2.059
55 6 -0.209 0.020 2.041
55 7 -0.236 -0.159 1.971
55 8 -0.243 -0.236 1.945
55 9 0.148 0.273 1.920
55 10 0.235 0.037 1.899
55 11 0.236 -0.172 1.862
55 12 0.221 -0.244 1.847
55 13 -0.066 -0.114 2.013
55 14 -0.085 -0.554 2.030
55 15 -0.070 -0.773 2.038
55 16 -0.030 -0.780 2.016
55 17 0.081 -0.107 1.957
55 18 0.101 -0.536 1.942
55 19 0.077 -0.745 1.941
55 20 0.037 -0.711 1.889
56 1 0.006 -0.033 1.985
56 2 0.007 0.019 1.988
56 3 0.001 0.284 1.989
56 4 -0.030 0.516 1.989
56 5 -0.165 0.274 2.059
56 6 -0.210 0.024 2.039
56 7 -0.241 -0.151 1.966
56 8 -0.250 -0.227 1.937
56 9 0.151 0.276 1.921
56 10 0.237 0.039 1.900
56 11 0.235 -0.169 1.861
56 12 0.221 -0.241 1.844
56 13 -0.067 -0.111 2.005
56 14 -0.088 -0.549 2.019
56 15 -0.071 -0.771 2.034
56 16 -0.007 -0.787 2.021
56 17 0.079 -0.104 1.950
56 18 0.097 -0.531 1.932
56 19 0.077 -0.743 1.941
56 20 0.034 -0.724 1.886
57 1 0.006 -0.030 1.979
57 2 0.007 0.021 1.984
57 3 0.003 0.285 1.989
57 4 -0.025 0.518 1.991
57 5 -0.163 0.277 2.060
57 6 -0.210 0.027 2.038
57 7 -0.246 -0.144 1.961
57 8 -0.257 -0.220 1.930
57 9 0.153 0.278 1.921
57 10 0.238 0.041 1.900
57 11 0.235 -0.166 1.861
57 12 0.220 -0.240 1.842
57 13 -0.069 -0.109 1.998
57 14 -0.094 -0.545 2.007
57 15 -0.076 -0.770 2.026
57 16 0.009 -0.793 2.024
57 17 0.077 -0.102 1.942
57 18 0.093 -0.528 1.923
57 19 0.077 -0.742 1.940
57 20 0.031 -0.731 1.884
58 1 0.004 -0.029 1.973
58 2 0.007 0.022 1.981
58 3 0.005 0.285 1.988
58 4 -0.022 0.519 1.993
58 5 -0.161 0.278 2.060
58 6 -0.211 0.029 2.038
58 7 -0.250 -0.140 1.957
58 8 -0.261 -0.214 1.924
58 9 0.155 0.279 1.922
58 10 0.239 0.042 1.900
58 11 0.233 -0.165 1.860
58 12 0.219 -0.241 1.840
58 13 -0.071 -0.108 1.991
58 14 -0.102 -0.542 1.995
58 15 -0.085 -0.769 2.015
58 16 0.017 -0.796 2.024
58 17 0.075 -0.101 1.935
58 18 0.084 -0.502 1.898
58 19 0.078 -0.734 1.936
58 20 0.030 -0.751 1.885
59 1 0.003 -0.028 1.968
59 2 0.007 0.023 1.979
59 3 0.007 0.285 1.987
59 4 -0.018 0.519 1.994
59 5 -0.160 0.279 2.060
59 6 -0.211 0.031 2.037
59 7 -0.253 -0.137 1.955
59 8 -0.264 -0.211 1.920
59 9 0.157 0.280 1.923
59 10 0.239 0.042 1.901
59 11 0.231 -0.166 1.859
59 12 0.218 -0.243 1.838
59 13 -0.073 -0.107 1.986
59 14 -0.111 -0.541 1.984
59 15 -0.094 -0.768 2.004
59 16 0.016 -0.796 2.020
59 17 0.072 -0.101 1.930
59 18 0.081 -0.492 1.889
59 19 0.079 -0.728 1.932
59 20 0.031 -0.761 1.886
60 1 0.001 -0.028 1.963
60 2 0.007 0.024 1.976
60 3 0.009 0.285 1.987
60 4 -0.016 0.519 1.994
60 5 -0.159 0.280 2.060
60 6 -0.211 0.032 2.037
60 7 -0.255 -0.135 1.953
60 8 -0.266 -0.208 1.917
60 9 0.158 0.281 1.923
60 10 0.239 0.042 1.900
60 11 0.228 -0.168 1.858
60 12 0.216 -0.245 1.837
60 13 -0.076 -0.107 1.981
60 14 -0.117 -0.540 1.976
60 15 -0.105 -0.767 1.994
60 16 0.003 -0.794 2.011
60 17 0.069 -0.100 1.924
60 18 0.079 -0.486 1.884
60 19 0.080 -0.722 1.928
60 20 0.032 -0.768 1.886
61 1 -0.001 -0.027 1.959
61 2 0.007 0.024 1.974
61 3 0.010 0.285 1.985
61 4 -0.014 0.519 1.994
61 5 -0.158 0.280 2.061
61 6 -0.211 0.033 2.037
61 7 -0.256 -0.133 1.953
61 8 -0.268 -0.206 1.916
61 9 0.160 0.281 1.923
61 10 0.239 0.042 1.900
61 11 0.224 -0.171 1.856
61 12 0.213 -0.248 1.836
61 13 -0.078 -0.106 1.976
61 14 -0.123 -0.539 1.971
61 15 -0.115 -0.766 1.986
61 16 -0.014 -0.791 2.001
61 17 0.066 -0.100 1.920
61 18 0.077 -0.483 1.880
61 19 0.080 -0.719 1.926
61 20 0.032 -0.772 1.887
62 1 -0.003 -0.027 1.955
62 2 0.006 0.024 1.973
62 3 0.011 0.284 1.984
62 4 -0.012 0.519 1.994
62 5 -0.157 0.281 2.061
62 6 -0.211 0.033 2.038
62 7 -0.257 -0.133 1.954
62 8 -0.268 -0.205 1.916
62 9 0.161 0.281 1.923
62 10 0.237 0.041 1.899
62 11 0.220 -0.174 1.853
62 12 0.210 -0.251 1.834
62 13 -0.081 -0.105 1.972
62 14 -0.128 -0.538 1.967
62 15 -0.131 -0.765 1.979
62 16 -0.038 -0.787 1.992
62 17 0.064 -0.100 1.916
62 18 0.076 -0.480 1.878
62 19 0.080 -0.717 1.924
62 20 0.033 -0.775 1.887
63 1 -0.006 -0.026 1.951
63 2 0.005 0.024 1.971
63 3 0.011 0.284 1.982
63 4 -0.011 0.519 1.994
63 5 -0.157 0.281 2.061
63 6 -0.210 0.033 2.040
63 7 -0.255 -0.134 1.961
63 8 -0.265 -0.207 1.924
63 9 0.161 0.281 1.923
63 10 0.236 0.040 1.898
63 11 0.215 -0.177 1.851
63 12 0.206 -0.253 1.833
63 13 -0.085 -0.105 1.968
63 14 -0.134 -0.536 1.963
63 15 -0.150 -0.763 1.972
63 16 -0.130 -0.802 1.941
63 17 0.060 -0.100 1.912
63 18 0.075 -0.479 1.878
63 19 0.080 -0.715 1.923
63 20 0.033 -0.777 1.888
64 1 -0.009 -0.026 1.947
64 2 0.004 0.024 1.969
64 3 0.011 0.283 1.980
64 4 -0.011 0.518 1.993
64 5 -0.157 0.281 2.060
64 6 -0.211 0.034 2.042
64 7 -0.253 -0.147 1.976
64 8 -0.262 -0.217 1.943
64 9 0.162 0.281 1.923
64 10 0.233 0.038 1.895
64 11 0.210 -0.180 1.847
64 12 0.203 -0.254 1.830
64 13 -0.088 -0.104 1.964
64 14 -0.141 -0.535 1.959
64 15 -0.164 -0.762 1.967
64 16 -0.164 -0.811 1.920
64 17 0.057 -0.100 1.908
64 18 0.075 -0.478 1.879
64 19 0.080 -0.714 1.922
64 20 0.034 -0.778 1.888
65 1 -0.013 -0.025 1.944
65 2 0.002 0.024 1.968
65 3 0.010 0.283 1.978
65 4 -0.011 0.518 1.991
65 5 -0.157 0.281 2.059
65 6 -0.211 0.034 2.044
65 7 -0.252 -0.164 1.992
65 8 -0.259 -0.228 1.969
65 9 0.162 0.281 1.923
65 10 0.230 0.037 1.893
65 11 0.205 -0.183 1.843
65 12 0.199 -0.255 1.828
65 13 -0.092 -0.104 1.960
65 14 -0.147 -0.534 1.956
65 15 -0.177 -0.760 1.961
65 16 -0.179 -0.814 1.911
65 17 0.053 -0.100 1.905
65 18 0.074 -0.478 1.880
65 19 0.080 -0.713 1.921
65 20 0.034 -0.779 1.888
66 1 -0.017 -0.025 1.941
66 2 -0.002 0.023 1.966
66 3 0.007 0.281 1.974
66 4 -0.013 0.516 1.988
66 5 -0.159 0.281 2.057
66 6 -0.212 0.034 2.045
66 7 -0.252 -0.172 2.000
66 8 -0.259 -0.234 1.988
66 9 0.161 0.281 1.922
66 10 0.225 0.037 1.891
66 11 0.201 -0.185 1.840
66 12 0.195 -0.255 1.824
66 13 -0.096 -0.103 1.957
66 14 -0.153 -0.534 1.954
66 15 -0.187 -0.760 1.956
66 16 -0.170 -0.813 1.914
66 17 0.050 -0.100 1.903
66 18 0.073 -0.478 1.881
66 19 0.080 -0.713 1.920
66 20 0.034 -0.779 1.888
67 1 -0.021 -0.025 1.937
67 2 -0.006 0.022 1.964
67 3 0.002 0.279 1.970
67 4 -0.019 0.514 1.983
67 5 -0.164 0.281 2.053
67 6 -0.213 0.034 2.046
67 7 -0.252 -0.177 2.008
67 8 -0.261 -0.244 2.008
67 9 0.159 0.282 1.921
67 10 0.221 0.037 1.888
67 11 0.197 -0.187 1.837
67 12 0.191 -0.254 1.821
67 13 -0.100 -0.103 1.953
67 14 -0.158 -0.534 1.951
67 15 -0.195 -0.759 1.952
67 16 -0.177 -0.813 1.910
67 17 0.046 -0.100 1.900
67 18 0.071 -0.478 1.882
67 19 0.080 -0.712 1.920
67 20 0.035 -0.779 1.888
68 1 -0.027 -0.025 1.934
68 2 -0.012 0.022 1.962
68 3 -0.006 0.278 1.965
68 4 -0.026 0.513 1.978
68 5 -0.172 0.281 2.048
68 6 -0.215 0.034 2.046
68 7 -0.254 -0.180 2.016
68 8 -0.264 -0.245 2.023
68 9 0.156 0.282 1.919
68 10 0.214 0.037 1.886
68 11 0.193 -0.188 1.835
68 12 0.188 -0.254 1.818
68 13 -0.106 -0.103 1.948
68 14 -0.163 -0.534 1.949
68 15 -0.200 -0.759 1.949
68 16 -0.171 -0.810 1.913
68 17 0.041 -0.100 1.898
68 18 0.069 -0.478 1.884
68 19 0.079 -0.712 1.919
68 20 0.035 -0.778 1.888
69 1 -0.034 -0.025 1.930
69 2 -0.019 0.021 1.959
69 3 -0.016 0.277 1.961
69 4 -0.036 0.511 1.974
69 5 -0.182 0.280 2.043
69 6 -0.222 0.034 2.047
69 7 -0.258 -0.181 2.025
69 8 -0.268 -0.244 2.035
69 9 0.147 0.283 1.917
69 10 0.206 0.038 1.885
69 11 0.187 -0.189 1.833
69 12 0.182 -0.253 1.816
69 13 -0.113 -0.103 1.944
69 14 -0.167 -0.534 1.947
69 15 -0.204 -0.759 1.947
69 16 -0.164 -0.807 1.916
69 17 0.035 -0.100 1.894
69 18 0.066 -0.478 1.885
69 19 0.079 -0.712 1.919
69 20 0.035 -0.777 1.888
70 1 -0.042 -0.025 1.925
70 2 -0.028 0.020 1.957
70 3 -0.027 0.275 1.957
70 4 -0.048 0.510 1.970
70 5 -0.197 0.278 2.037
70 6 -0.234 0.032 2.048
70 7 -0.271 -0.186 2.038
70 8 -0.273 -0.247 2.043
70 9 0.137 0.284 1.916
70 10 0.196 0.038 1.885
70 11 0.181 -0.190 1.832
70 12 0.177 -0.253 1.815
70 13 -0.120 -0.104 1.938
70 14 -0.171 -0.534 1.946
70 15 -0.206 -0.759 1.946
70 16 -0.156 -0.803 1.919
70 17 0.028 -0.100 1.891
70 18 0.063 -0.479 1.885
70 19 0.078 -0.712 1.919
70 20 0.033 -0.774 1.888
71 1 -0.051 -0.026 1.921
71 2 -0.038 0.019 1.954
71 3 -0.040 0.274 1.955
71 4 -0.061 0.509 1.967
71 5 -0.214 0.275 2.032
71 6 -0.254 0.029 2.051
71 7 -0.282 -0.191 2.048
71 8 -0.292 -0.262 2.054
71 9 0.122 0.284 1.915
71 10 0.184 0.039 1.886
71 11 0.174 -0.191 1.832
71 12 0.171 -0.253 1.816
71 13 -0.130 -0.105 1.933
71 14 -0.174 -0.535 1.944
71 15 -0.208 -0.760 1.945
71 16 -0.150 -0.801 1.922
71 17 0.020 -0.100 1.887
71 18 0.058 -0.480 1.886
71 19 0.077 -0.712 1.919
71 20 0.032 -0.772 1.887
72 1 -0.064 -0.026 1.917
72 2 -0.051 0.018 1.952
72 3 -0.055 0.273 1.954
72 4 -0.077 0.507 1.965
72 5 -0.234 0.272 2.030
72 6 -0.275 0.027 2.053
72 7 -0.296 -0.196 2.056
72 8 -0.304 -0.270 2.059
72 9 0.106 0.284 1.915
72 10 0.170 0.039 1.887
72 11 0.166 -0.191 1.834
72 12 0.164 -0.253 1.817
72 13 -0.141 -0.107 1.928
72 14 -0.179 -0.535 1.942
72 15 -0.208 -0.760 1.945
72 16 -0.144 -0.798 1.925
72 17 0.008 -0.100 1.882
72 18 0.051 -0.482 1.885
72 19 0.076 -0.713 1.919
72 20 0.031 -0.771 1.887
73 1 -0.076 -0.027 1.914
73 2 -0.064 0.017 1.950
73 3 -0.071 0.271 1.953
73 4 -0.095 0.505 1.965
73 5 -0.253 0.270 2.030
73 6 -0.297 0.024 2.055
73 7 -0.311 -0.200 2.060
73 8 -0.316 -0.276 2.060
73 9 0.090 0.283 1.915
73 10 0.156 0.039 1.889
73 11 0.157 -0.192 1.836
73 12 0.157 -0.254 1.819
73 13 -0.154 -0.109 1.923
73 14 -0.190 -0.530 1.937
73 15 -0.208 -0.758 1.945
73 16 -0.229 -0.783 1.939
73 17 -0.003 -0.100 1.878
73 18 0.041 -0.484 1.883
73 19 0.075 -0.713 1.918
73 20 0.031 -0.770 1.886
74 1 -0.089 -0.027 1.911
74 2 -0.077 0.016 1.948
74 3 -0.085 0.269 1.952
74 4 -0.109 0.503 1.965
74 5 -0.271 0.268 2.030
74 6 -0.314 0.023 2.055
74 7 -0.328 -0.202 2.059
74 8 -0.338 -0.281 2.051
74 9 0.075 0.282 1.916
74 10 0.140 0.038 1.889
74 11 0.146 -0.193 1.838
74 12 0.148 -0.255 1.822
74 13 -0.167 -0.111 1.919
74 14 -0.198 -0.526 1.933
74 15 -0.208 -0.757 1.945
74 16 -0.270 -0.777 1.945
74 17 -0.015 -0.100 1.875
74 18 0.031 -0.488 1.881
74 19 0.071 -0.713 1.917
74 20 0.030 -0.770 1.886
75 1 -0.103 -0.029 1.909
75 2 -0.091 0.014 1.947
75 3 -0.099 0.266 1.953
75 4 -0.123 0.500 1.964
75 5 -0.285 0.267 2.031
75 6 -0.329 0.021 2.053
75 7 -0.350 -0.206 2.049
75 8 -0.358 -0.286 2.039
75 9 0.059 0.280 1.917
75 10 0.125 0.036 1.889
75 11 0.135 -0.194 1.839
75 12 0.139 -0.256 1.824
75 13 -0.180 -0.112 1.915
75 14 -0.206 -0.524 1.930
75 15 -0.208 -0.755 1.946
75 16 -0.290 -0.775 1.948
75 17 -0.029 -0.101 1.873
75 18 0.021 -0.491 1.878
75 19 0.065 -0.713 1.915
75 20 0.029 -0.771 1.886
76 1 -0.115 -0.029 1.907
76 2 -0.103 0.013 1.946
76 3 -0.112 0.264 1.953
76 4 -0.135 0.498 1.965
76 5 -0.299 0.267 2.032
76 6 -0.347 0.021 2.048
76 7 -0.378 -0.209 2.027
76 8 -0.384 -0.291 2.016
76 9 0.047 0.279 1.918
76 10 0.110 0.035 1.888
76 11 0.122 -0.194 1.839
76 12 0.127 -0.257 1.824
76 13 -0.191 -0.114 1.912
76 14 -0.218 -0.532 1.929
76 15 -0.209 -0.758 1.949
76 16 -0.303 -0.772 1.949
76 17 -0.040 -0.102 1.871
76 18 0.012 -0.493 1.874
76 19 0.057 -0.713 1.909
76 20 0.028 -0.773 1.886
77 1 -0.126 -0.030 1.906
77 2 -0.114 0.012 1.946
77 3 -0.123 0.262 1.953
77 4 -0.147 0.497 1.966
77 5 -0.311 0.267 2.033
77 6 -0.365 0.021 2.040
77 7 -0.397 -0.210 2.007
77 8 -0.404 -0.293 1.994
77 9 0.034 0.279 1.919
77 10 0.095 0.034 1.886
77 11 0.101 -0.196 1.835
77 12 0.105 -0.258 1.820
77 13 -0.202 -0.115 1.910
77 14 -0.226 -0.537 1.929
77 15 -0.210 -0.761 1.952
77 16 -0.310 -0.771 1.948
77 17 -0.051 -0.102 1.871
77 18 -0.000 -0.494 1.867
77 19 0.043 -0.712 1.898
77 20 0.018 -0.775 1.880
78 1 -0.136 -0.030 1.905
78 2 -0.124 0.011 1.946
78 3 -0.135 0.262 1.954
78 4 -0.161 0.497 1.967
78 5 -0.321 0.268 2.033
78 6 -0.378 0.022 2.032
78 7 -0.415 -0.205 1.981
78 8 -0.423 -0.287 1.964
78 9 0.022 0.278 1.920
78 10 0.084 0.034 1.885
78 11 0.084 -0.195 1.831
78 12 0.083 -0.257 1.815
78 13 -0.212 -0.115 1.909
78 14 -0.231 -0.541 1.929
78 15 -0.211 -0.764 1.954
78 16 -0.314 -0.770 1.947
78 17 -0.061 -0.102 1.870
78 18 -0.009 -0.494 1.861
78 19 0.033 -0.711 1.889
78 20 -0.003 -0.770 1.861
79 1 -0.144 -0.030 1.905
79 2 -0.133 0.011 1.946
79 3 -0.144 0.263 1.954
79 4 -0.171 0.498 1.967
79 5 -0.330 0.269 2.032
79 6 -0.391 0.024 2.024
79 7 -0.427 -0.200 1.962
79 8 -0.434 -0.280 1.941
79 9 0.012 0.279 1.922
79 10 0.071 0.034 1.883
79 11 0.064 -0.184 1.826
79 12 0.065 -0.254 1.809
79 13 -0.219 -0.115 1.908
79 14 -0.234 -0.543 1.930
79 15 -0.212 -0.766 1.957
79 16 -0.314 -0.770 1.945
79 17 -0.069 -0.102 1.870
79 18 -0.018 -0.493 1.853
79 19 0.022 -0.710 1.880
79 20 -0.023 -0.764 1.846
80 1 -0.151 -0.030 1.904
80 2 -0.140 0.012 1.946
80 3 -0.153 0.265 1.955
80 4 -0.181 0.499 1.968
80 5 -0.338 0.270 2.030
80 6 -0.401 0.025 2.016
80 7 -0.441 -0.192 1.936
80 8 -0.448 -0.270 1.911
80 9 0.004 0.279 1.923
80 10 0.060 0.035 1.881
80 11 0.051 -0.174 1.823
80 12 0.049 -0.249 1.804
80 13 -0.226 -0.115 1.907
80 14 -0.236 -0.544 1.930
80 15 -0.213 -0.767 1.958
80 16 -0.308 -0.771 1.941
80 17 -0.076 -0.101 1.869
80 18 -0.026 -0.495 1.848
80 19 0.015 -0.712 1.874
80 20 -0.041 -0.750 1.827
81 1 -0.158 -0.029 1.904
81 2 -0.148 0.013 1.945
81 3 -0.161 0.267 1.955
81 4 -0.189 0.501 1.968
81 5 -0.347 0.271 2.028
81 6 -0.410 0.025 2.005
81 7 -0.452 -0.185 1.916
81 8 -0.459 -0.262 1.886
81 9 -0.005 0.280 1.924
81 10 0.051 0.036 1.880
81 11 0.040 -0.171 1.818
81 12 0.038 -0.245 1.799
81 13 -0.233 -0.114 1.906
81 14 -0.238 -0.545 1.930
81 15 -0.214 -0.767 1.960
81 16 -0.305 -0.772 1.940
81 17 -0.082 -0.099 1.869
81 18 -0.032 -0.497 1.844
81 19 0.006 -0.715 1.870
81 20 -0.059 -0.736 1.818
82 1 -0.164 -0.028 1.903
82 2 -0.154 0.014 1.945
82 3 -0.168 0.269 1.955
82 4 -0.196 0.503 1.968
82 5 -0.354 0.271 2.026
82 6 -0.419 0.026 1.995
82 7 -0.462 -0.180 1.894
82 8 -0.468 -0.257 1.863
82 9 -0.011 0.281 1.925
82 10 0.043 0.036 1.879
82 11 0.033 -0.170 1.815
82 12 0.030 -0.241 1.795
82 13 -0.238 -0.114 1.905
82 14 -0.239 -0.546 1.930
82 15 -0.214 -0.768 1.961
82 16 -0.302 -0.772 1.938
82 17 -0.087 -0.098 1.868
82 18 -0.038 -0.497 1.841
82 19 -0.005 -0.716 1.867
82 20 -0.070 -0.724 1.810
83 1 -0.168 -0.027 1.903
83 2 -0.159 0.015 1.945
83 3 -0.173 0.270 1.956
83 4 -0.201 0.504 1.968
83 5 -0.360 0.271 2.023
83 6 -0.425 0.026 1.986
83 7 -0.468 -0.176 1.879
83 8 -0.475 -0.251 1.844
83 9 -0.016 0.281 1.926
83 10 0.037 0.037 1.878
83 11 0.028 -0.169 1.812
83 12 0.025 -0.239 1.793
83 13 -0.243 -0.113 1.904
83 14 -0.240 -0.546 1.930
83 15 -0.215 -0.768 1.961
83 16 -0.300 -0.773 1.937
83 17 -0.092 -0.097 1.868
83 18 -0.043 -0.498 1.840
83 19 -0.014 -0.719 1.866
83 20 -0.076 -0.716 1.805
84 1 -0.172 -0.027 1.902
84 2 -0.163 0.015 1.945
84 3 -0.177 0.271 1.956
84 4 -0.205 0.505 1.968
84 5 -0.365 0.271 2.021
84 6 -0.430 0.027 1.976
84 7 -0.474 -0.171 1.864
84 8 -0.479 -0.245 1.827
84 9 -0.020 0.282 1.927
84 10 0.033 0.037 1.877
84 11 0.024 -0.170 1.809
84 12 0.021 -0.238 1.791
84 13 -0.247 -0.112 1.903
84 14 -0.241 -0.546 1.929
84 15 -0.215 -0.768 1.962
84 16 -0.296 -0.774 1.935
84 17 -0.095 -0.097 1.867
84 18 -0.049 -0.501 1.840
84 19 -0.038 -0.726 1.873
84 20 -0.070 -0.709 1.803
85 1 -0.175 -0.026 1.902
85 2 -0.166 0.016 1.945
85 3 -0.180 0.272 1.956
85 4 -0.208 0.506 1.969
85 5 -0.368 0.271 2.018
85 6 -0.435 0.027 1.967
85 7 -0.477 -0.167 1.852
85 8 -0.482 -0.240 1.815
85 9 -0.023 0.282 1.928
85 10 0.030 0.037 1.877
85 11 0.022 -0.171 1.807
85 12 0.018 -0.237 1.789
85 13 -0.250 -0.112 1.902
85 14 -0.242 -0.546 1.929
85 15 -0.216 -0.768 1.962
85 16 -0.295 -0.775 1.934
85 17 -0.098 -0.096 1.867
85 18 -0.055 -0.506 1.841
85 19 -0.049 -0.731 1.878
85 20 -0.067 -0.705 1.803
86 1 -0.177 -0.026 1.901
86 2 -0.169 0.016 1.945
86 3 -0.183 0.273 1.955
86 4 -0.211 0.507 1.969
86 5 -0.371 0.271 2.015
86 6 -0.437 0.027 1.959
86 7 -0.480 -0.164 1.843
86 8 -0.485 -0.237 1.805
86 9 -0.026 0.282 1.928
86 10 0.028 0.038 1.877
86 11 0.022 -0.173 1.804
86 12 0.017 -0.236 1.787
86 13 -0.253 -0.111 1.902
86 14 -0.244 -0.546 1.928
86 15 -0.217 -0.767 1.962
86 16 -0.293 -0.775 1.934
86 17 -0.100 -0.096 1.866
86 18 -0.058 -0.509 1.842
86 19 -0.056 -0.735 1.881
86 20 -0.065 -0.704 1.804
87 1 -0.179 -0.026 1.901
87 2 -0.171 0.016 1.944
87 3 -0.185 0.273 1.955
87 4 -0.212 0.507 1.969
87 5 -0.374 0.270 2.012
87 6 -0.439 0.027 1.953
87 7 -0.481 -0.162 1.837
87 8 -0.486 -0.234 1.797
87 9 -0.028 0.282 1.929
87 10 0.027 0.038 1.876
87 11 0.021 -0.175 1.802
87 12 0.016 -0.237 1.784
87 13 -0.254 -0.111 1.900
87 14 -0.246 -0.546 1.927
87 15 -0.217 -0.767 1.962
87 16 -0.293 -0.776 1.933
87 17 -0.101 -0.096 1.866
87 18 -0.061 -0.510 1.843
87 19 -0.060 -0.735 1.883
87 20 -0.063 -0.705 1.805
88 1 -0.180 -0.026 1.900
88 2 -0.172 0.016 1.944
88 3 -0.186 0.273 1.955
88 4 -0.213 0.507 1.969
88 5 -0.376 0.270 2.010
88 6 -0.440 0.027 1.948
88 7 -0.481 -0.160 1.831
88 8 -0.486 -0.232 1.792
88 9 -0.029 0.283 1.929
88 10 0.026 0.038 1.876
88 11 0.022 -0.177 1.800
88 12 0.016 -0.237 1.782
88 13 -0.256 -0.111 1.899
88 14 -0.247 -0.546 1.925
88 15 -0.218 -0.766 1.962
88 16 -0.292 -0.776 1.933
88 17 -0.102 -0.095 1.866
88 18 -0.062 -0.510 1.844
88 19 -0.061 -0.735 1.884
88 20 -0.062 -0.706 1.805
89 1 -0.181 -0.026 1.900
89 2 -0.173 0.016 1.944
89 3 -0.187 0.273 1.955
89 4 -0.214 0.508 1.969
89 5 -0.377 0.270 2.007
89 6 -0.441 0.027 1.943
89 7 -0.481 -0.158 1.827
89 8 -0.486 -0.230 1.787
89 9 -0.030 0.283 1.929
89 10 0.025 0.038 1.876
89 11 0.022 -0.179 1.798
89 12 0.017 -0.239 1.779
89 13 -0.257 -0.111 1.898
89 14 -0.248 -0.545 1.924
89 15 -0.219 -0.766 1.962
89 16 -0.291 -0.777 1.932
89 17 -0.103 -0.095 1.866
89 18 -0.064 -0.511 1.844
89 19 -0.060 -0.734 1.885
89 20 -0.062 -0.706 1.806
90 1 -0.182 -0.026 1.899
90 2 -0.174 0.016 1.943
90 3 -0.188 0.274 1.955
90 4 -0.215 0.508 1.969
90 5 -0.377 0.269 2.004
90 6 -0.441 0.027 1.940
90 7 -0.479 -0.157 1.824
90 8 -0.484 -0.229 1.784
90 9 -0.031 0.283 1.930
90 10 0.024 0.038 1.876
90 11 0.023 -0.180 1.797
90 12 0.018 -0.240 1.777
90 13 -0.258 -0.110 1.897
90 14 -0.250 -0.545 1.923
90 15 -0.220 -0.765 1.962
90 16 -0.291 -0.777 1.932
90 17 -0.104 -0.095 1.865
90 18 -0.064 -0.511 1.845
90 19 -0.059 -0.734 1.886
90 20 -0.061 -0.707 1.808
91 1 -0.182 -0.026 1.898
91 2 -0.175 0.016 1.943
91 3 -0.188 0.274 1.955
91 4 -0.215 0.508 1.969
91 5 -0.378 0.269 2.000
91 6 -0.440 0.026 1.937
91 7 -0.475 -0.157 1.821
91 8 -0.478 -0.230 1.782
91 9 -0.032 0.283 1.930
91 10 0.024 0.038 1.875
91 11 0.024 -0.181 1.795
91 12 0.019 -0.241 1.775
91 13 -0.258 -0.110 1.895
91 14 -0.250 -0.545 1.922
91 15 -0.221 -0.765 1.961
91 16 -0.291 -0.777 1.932
91 17 -0.104 -0.095 1.865
91 18 -0.064 -0.512 1.846
91 19 -0.057 -0.734 1.887
91 20 -0.061 -0.708 1.809
92 1 -0.183 -0.026 1.897
92 2 -0.175 0.016 1.942
92 3 -0.189 0.274 1.954
92 4 -0.216 0.508 1.969
92 5 -0.377 0.269 1.997
92 6 -0.438 0.026 1.934
92 7 -0.470 -0.158 1.820
92 8 -0.466 -0.232 1.783
92 9 -0.032 0.283 1.930
92 10 0.024 0.038 1.875
92 11 0.025 -0.182 1.794
92 12 0.021 -0.242 1.773
92 13 -0.258 -0.110 1.893
92 14 -0.251 -0.544 1.921
92 15 -0.221 -0.764 1.960
92 16 -0.291 -0.778 1.932
92 17 -0.104 -0.095 1.865
92 18 -0.064 -0.511 1.846
92 19 -0.055 -0.732 1.886
92 20 -0.061 -0.710 1.810
93 1 -0.183 -0.026 1.897
93 2 -0.176 0.016 1.942
93 3 -0.189 0.274 1.954
93 4 -0.216 0.508 1.969
93 5 -0.377 0.268 1.994
93 6 -0.435 0.025 1.932
93 7 -0.459 -0.160 1.823
93 8 -0.445 -0.237 1.792
93 9 -0.032 0.283 1.930
93 10 0.024 0.038 1.875
93 11 0.026 -0.183 1.793
93 12 0.023 -0.244 1.771
93 13 -0.258 -0.110 1.891
93 14 -0.252 -0.544 1.919
93 15 -0.222 -0.764 1.959
93 16 -0.291 -0.778 1.931
93 17 -0.105 -0.095 1.865
93 18 -0.064 -0.510 1.846
93 19 -0.052 -0.730 1.885
93 20 -0.061 -0.712 1.810
94 1 -0.183 -0.026 1.896
94 2 -0.176 0.015 1.941
94 3 -0.189 0.273 1.954
94 4 -0.216 0.508 1.969
94 5 -0.376 0.268 1.991
94 6 -0.431 0.024 1.931
94 7 -0.444 -0.164 1.829
94 8 -0.427 -0.242 1.802
94 9 -0.032 0.283 1.930
94 10 0.024 0.038 1.875
94 11 0.027 -0.184 1.793
94 12 0.024 -0.244 1.770
94 13 -0.257 -0.110 1.889
94 14 -0.252 -0.544 1.918
94 15 -0.223 -0.764 1.959
94 16 -0.291 -0.778 1.931
94 17 -0.105 -0.095 1.864
94 18 -0.063 -0.508 1.846
94 19 -0.050 -0.728 1.884
94 20 -0.062 -0.713 1.810
95 1 -0.183 -0.027 1.894
95 2 -0.176 0.015 1.940
95 3 -0.189 0.273 1.953
95 4 -0.215 0.508 1.969
95 5 -0.376 0.268 1.989
95 6 -0.427 0.023 1.930
95 7 -0.420 -0.173 1.843
95 8 -0.404 -0.250 1.819
95 9 -0.033 0.282 1.930
95 10 0.024 0.038 1.875
95 11 0.028 -0.184 1.792
95 12 0.025 -0.245 1.769
95 13 -0.257 -0.110 1.887
95 14 -0.252 -0.544 1.917
95 15 -0.223 -0.763 1.958
95 16 -0.291 -0.777 1.931
95 17 -0.105 -0.096 1.864
95 18 -0.062 -0.506 1.846
95 19 -0.049 -0.726 1.884
95 20 -0.062 -0.715 1.810
96 1 -0.182 -0.027 1.893
96 2 -0.176 0.015 1.940
96 3 -0.190 0.273 1.953
96 4 -0.215 0.508 1.968
96 5 -0.374 0.268 1.986
96 6 -0.422 0.022 1.930
96 7 -0.402 -0.181 1.855
96 8 -0.389 -0.259 1.831
96 9 -0.032 0.282 1.930
96 10 0.025 0.038 1.875
96 11 0.029 -0.185 1.792
96 12 0.027 -0.245 1.769
96 13 -0.256 -0.110 1.885
96 14 -0.252 -0.544 1.915
96 15 -0.224 -0.763 1.957
96 16 -0.291 -0.777 1.930
96 17 -0.104 -0.096 1.864
96 18 -0.061 -0.504 1.846
96 19 -0.047 -0.724 1.883
96 20 -0.062 -0.717 1.809
97 1 -0.182 -0.027 1.892
97 2 -0.176 0.014 1.939
97 3 -0.190 0.273 1.952
97 4 -0.214 0.508 1.968
97 5 -0.374 0.268 1.985
97 6 -0.417 0.021 1.931
97 7 -0.391 -0.185 1.863
97 8 -0.379 -0.262 1.843
97 9 -0.032 0.282 1.931
97 10 0.025 0.038 1.875
97 11 0.030 -0.185 1.792
97 12 0.028 -0.245 1.768
97 13 -0.256 -0.110 1.883
97 14 -0.253 -0.544 1.914
97 15 -0.224 -0.763 1.956
97 16 -0.291 -0.777 1.930
97 17 -0.104 -0.096 1.863
97 18 -0.060 -0.503 1.845
97 19 -0.046 -0.723 1.882
97 20 -0.063 -0.718 1.809
98 1 -0.182 -0.028 1.891
98 2 -0.176 0.014 1.938
98 3 -0.189 0.273 1.951
98 4 -0.214 0.508 1.968
98 5 -0.373 0.268 1.983
98 6 -0.413 0.020 1.931
98 7 -0.384 -0.188 1.870
98 8 -0.372 -0.264 1.853
98 9 -0.031 0.281 1.931
98 10 0.026 0.037 1.875
98 11 0.031 -0.185 1.792
98 12 0.029 -0.245 1.768
98 13 -0.255 -0.110 1.882
98 14 -0.253 -0.544 1.912
98 15 -0.224 -0.762 1.956
98 16 -0.291 -0.776 1.929
98 17 -0.104 -0.096 1.862
98 18 -0.060 -0.501 1.845
98 19 -0.045 -0.722 1.882
98 20 -0.063 -0.719 1.809
99 1 -0.181 -0.028 1.890
99 2 -0.176 0.014 1.937
99 3 -0.189 0.272 1.951
99 4 -0.213 0.507 1.968
99 5 -0.372 0.268 1.981
99 6 -0.410 0.020 1.932
99 7 -0.379 -0.189 1.875
99 8 -0.367 -0.263 1.862
99 9 -0.031 0.281 1.931
99 10 0.027 0.037 1.875
99 11 0.033 -0.185 1.793
99 12 0.031 -0.245 1.769
99 13 -0.254 -0.110 1.880
99 14 -0.253 -0.544 1.911
99 15 -0.224 -0.762 1.955
99 16 -0.291 -0.776 1.928
99 17 -0.103 -0.096 1.861
99 18 -0.059 -0.500 1.845
99 19 -0.044 -0.720 1.881
99 20 -0.063 -0.720 1.809
100 1 -0.180 -0.028 1.889
100 2 -0.176 0.013 1.936
100 3 -0.189 0.272 1.950
100 4 -0.212 0.507 1.967
100 5 -0.371 0.268 1.980
100 6 -0.407 0.019 1.933
100 7 -0.376 -0.188 1.880
100 8 -0.365 -0.255 1.873
100 9 -0.030 0.281 1.931
100 10 0.028 0.037 1.875
100 11 0.035 -0.185 1.794
100 12 0.034 -0.245 1.770
100 13 -0.254 -0.110 1.879
100 14 -0.253 -0.544 1.910
100 15 -0.224 -0.762 1.954
100 16 -0.291 -0.775 1.928
100 17 -0.103 -0.097 1.861
100 18 -0.058 -0.499 1.844
100 19 -0.044 -0.719 1.881
100 20 -0.064 -0.721 1.809
101 1 -0.180 -0.028 1.888
101 2 -0.175 0.013 1.935
101 3 -0.189 0.272 1.949
101 4 -0.211 0.507 1.967
101 5 -0.370 0.268 1.979
101 6 -0.405 0.019 1.934
101 7 -0.374 -0.187 1.883
101 8 -0.364 -0.253 1.878
101 9 -0.029 0.280 1.932
101 10 0.028 0.036 1.875
101 11 0.038 -0.186 1.795
101 12 0.037 -0.245 1.771
101 13 -0.253 -0.110 1.878
101 14 -0.252 -0.543 1.908
101 15 -0.224 -0.762 1.954
101 16 -0.291 -0.775 1.927
101 17 -0.102 -0.097 1.860
101 18 -0.057 -0.498 1.844
101 19 -0.043 -0.718 1.880
101 20 -0.064 -0.721 1.809
102 1 -0.179 -0.028 1.887
102 2 -0.175 0.013 1.934
102 3 -0.188 0.272 1.948
102 4 -0.210 0.507 1.966
102 5 -0.369 0.268 1.978
102 6 -0.403 0.019 1.936
102 7 -0.374 -0.186 1.886
102 8 -0.363 -0.251 1.881
102 9 -0.028 0.280 1.932
102 10 0.030 0.036 1.876
102 11 0.041 -0.186 1.796
102 12 0.040 -0.246 1.773
102 13 -0.253 -0.110 1.877
102 14 -0.252 -0.543 1.907
102 15 -0.224 -0.761 1.953
102 16 -0.291 -0.774 1.927
102 17 -0.101 -0.097 1.859
102 18 -0.057 -0.497 1.844
102 19 -0.042 -0.718 1.880
102 20 -0.064 -0.722 1.809
103 1 -0.179 -0.028 1.886
103 2 -0.175 0.013 1.934
103 3 -0.188 0.272 1.947
103 4 -0.209 0.507 1.966
103 5 -0.369 0.268 1.978
103 6 -0.401 0.019 1.937
103 7 -0.374 -0.185 1.888
103 8 -0.363 -0.251 1.883
103 9 -0.027 0.279 1.932
103 10 0.031 0.035 1.876
103 11 0.043 -0.187 1.798
103 12 0.044 -0.246 1.775
103 13 -0.252 -0.110 1.876
103 14 -0.252 -0.543 1.906
103 15 -0.224 -0.761 1.953
103 16 -0.291 -0.774 1.926
103 17 -0.101 -0.097 1.858
103 18 -0.056 -0.496 1.843
103 19 -0.042 -0.717 1.880
103 20 -0.064 -0.722 1.809
104 1 -0.178 -0.028 1.885
104 2 -0.174 0.013 1.933
104 3 -0.188 0.271 1.946
104 4 -0.209 0.507 1.965
104 5 -0.369 0.268 1.977
104 6 -0.400 0.019 1.938
104 7 -0.375 -0.185 1.889
104 8 -0.365 -0.252 1.883
104 9 -0.026 0.279 1.932
104 10 0.032 0.035 1.876
104 11 0.046 -0.187 1.799
104 12 0.047 -0.247 1.777
104 13 -0.252 -0.110 1.876
104 14 -0.252 -0.543 1.906
104 15 -0.224 -0.761 1.952
104 16 -0.291 -0.774 1.925
104 17 -0.100 -0.097 1.858
104 18 -0.055 -0.495 1.843
104 19 -0.041 -0.716 1.880
104 20 -0.065 -0.722 1.809
105 1 -0.178 -0.028 1.885
105 2 -0.174 0.013 1.933
105 3 -0.187 0.271 1.946
105 4 -0.208 0.507 1.965
105 5 -0.368 0.268 1.977
105 6 -0.400 0.019 1.939
105 7 -0.378 -0.184 1.890
105 8 -0.368 -0.255 1.881
105 9 -0.025 0.279 1.932
105 10 0.032 0.035 1.876
105 11 0.048 -0.188 1.800
105 12 0.050 -0.247 1.778
105 13 -0.251 -0.110 1.876
105 14 -0.251 -0.543 1.905
105 15 -0.223 -0.761 1.952
105 16 -0.291 -0.773 1.925
105 17 -0.100 -0.097 1.857
105 18 -0.055 -0.495 1.843
105 19 -0.041 -0.716 1.880
105 20 -0.065 -0.722 1.810
106 1 -0.178 -0.028 1.885
106 2 -0.174 0.013 1.932
106 3 -0.187 0.271 1.945
106 4 -0.207 0.507 1.964
106 5 -0.368 0.268 1.977
106 6 -0.399 0.019 1.939
106 7 -0.381 -0.184 1.890
106 8 -0.375 -0.258 1.877
106 9 -0.024 0.278 1.932
106 10 0.033 0.034 1.877
106 11 0.049 -0.188 1.801
106 12 0.052 -0.248 1.779
106 13 -0.251 -0.110 1.875
106 14 -0.251 -0.543 1.905
106 15 -0.223 -0.761 1.952
106 16 -0.291 -0.773 1.924
106 17 -0.099 -0.097 1.857
106 18 -0.054 -0.494 1.843
106 19 -0.040 -0.715 1.880
106 20 -0.065 -0.723 1.810
107 1 -0.177 -0.028 1.884
107 2 -0.173 0.013 1.932
107 3 -0.186 0.271 1.944
107 4 -0.207 0.507 1.963
107 5 -0.368 0.269 1.977
107 6 -0.399 0.019 1.940
107 7 -0.387 -0.184 1.889
107 8 -0.384 -0.261 1.872
107 9 -0.023 0.278 1.932
107 10 0.034 0.034 1.877
107 11 0.050 -0.189 1.801
107 12 0.053 -0.248 1.780
107 13 -0.251 -0.110 1.875
107 14 -0.251 -0.543 1.904
107 15 -0.223 -0.761 1.952
107 16 -0.291 -0.772 1.924
107 17 -0.099 -0.098 1.856
107 18 -0.053 -0.494 1.842
107 19 -0.039 -0.715 1.880
107 20 -0.065 -0.723 1.810
108 1 -0.177 -0.028 1.884
108 2 -0.173 0.013 1.931
108 3 -0.186 0.271 1.944
108 4 -0.206 0.507 1.963
108 5 -0.367 0.269 1.977
108 6 -0.399 0.019 1.941
108 7 -0.394 -0.183 1.886
108 8 -0.391 -0.263 1.868
108 9 -0.022 0.278 1.932
108 10 0.035 0.034 1.877
108 11 0.051 -0.189 1.802
108 12 0.054 -0.248 1.781
108 13 -0.250 -0.110 1.875
108 14 -0.250 -0.543 1.904
108 15 -0.223 -0.761 1.952
108 16 -0.291 -0.772 1.923
108 17 -0.098 -0.098 1.856
108 18 -0.052 -0.493 1.842
108 19 -0.039 -0.715 1.880
108 20 -0.066 -0.723 1.810
109 1 -0.176 -0.028 1.883
109 2 -0.172 0.013 1.931
109 3 -0.185 0.271 1.943
109 4 -0.206 0.507 1.962
109 5 -0.367 0.269 1.976
109 6 -0.399 0.019 1.941
109 7 -0.401 -0.184 1.884
109 8 -0.400 -0.264 1.863
109 9 -0.022 0.278 1.931
109 10 0.036 0.034 1.877
109 11 0.052 -0.189 1.802
109 12 0.055 -0.248 1.781
109 13 -0.250 -0.110 1.875
109 14 -0.250 -0.543 1.904
109 15 -0.223 -0.761 1.952
109 16 -0.291 -0.771 1.923
109 17 -0.097 -0.098 1.855
109 18 -0.052 -0.493 1.842
109 19 -0.039 -0.714 1.879
109 20 -0.066 -0.723 1.810
110 1 -0.176 -0.028 1.883
110 2 -0.172 0.013 1.930
110 3 -0.185 0.272 1.943
110 4 -0.205 0.507 1.961
110 5 -0.367 0.269 1.976
110 6 -0.399 0.019 1.941
110 7 -0.408 -0.185 1.880
110 8 -0.406 -0.266 1.858
110 9 -0.021 0.278 1.931
110 10 0.037 0.034 1.877
110 11 0.052 -0.189 1.802
110 12 0.056 -0.248 1.782
110 13 -0.249 -0.110 1.874
110 14 -0.250 -0.543 1.903
110 15 -0.223 -0.761 1.951
110 16 -0.290 -0.770 1.922
110 17 -0.097 -0.098 1.855
110 18 -0.051 -0.493 1.842
110 19 -0.038 -0.714 1.879
110 20 -0.066 -0.723 1.810
111 1 -0.175 -0.028 1.883
111 2 -0.171 0.013 1.930
111 3 -0.185 0.272 1.942
111 4 -0.205 0.507 1.960
111 5 -0.366 0.269 1.976
111 6 -0.399 0.019 1.941
111 7 -0.415 -0.186 1.876
111 8 -0.412 -0.268 1.855
111 9 -0.021 0.277 1.931
111 10 0.037 0.033 1.877
111 11 0.053 -0.189 1.802
111 12 0.056 -0.249 1.782
111 13 -0.249 -0.110 1.874
111 14 -0.249 -0.543 1.903
111 15 -0.223 -0.761 1.951
111 16 -0.290 -0.770 1.922
111 17 -0.096 -0.098 1.855
111 18 -0.050 -0.493 1.841
111 19 -0.038 -0.714 1.879
111 20 -0.067 -0.723 1.810
112 1 -0.174 -0.028 1.882
112 2 -0.171 0.013 1.930
112 3 -0.184 0.272 1.941
112 4 -0.205 0.508 1.959
112 5 -0.366 0.269 1.976
112 6 -0.400 0.019 1.942
112 7 -0.420 -0.187 1.873
112 8 -0.416 -0.269 1.852
112 9 -0.020 0.277 1.930
112 10 0.038 0.033 1.877
112 11 0.053 -0.189 1.802
112 12 0.056 -0.249 1.782
112 13 -0.248 -0.110 1.874
112 14 -0.249 -0.544 1.903
112 15 -0.223 -0.761 1.951
112 16 -0.290 -0.769 1.922
112 17 -0.096 -0.098 1.854
112 18 -0.050 -0.492 1.841
112 19 -0.037 -0.714 1.878
112 20 -0.067 -0.723 1.810
113 1 -0.174 -0.028 1.882
113 2 -0.170 0.013 1.929
113 3 -0.184 0.272 1.941
113 4 -0.204 0.508 1.958
113 5 -0.366 0.269 1.976
113 6 -0.400 0.019 1.941
113 7 -0.423 -0.188 1.871
113 8 -0.419 -0.269 1.850
113 9 -0.020 0.277 1.930
113 10 0.038 0.033 1.877
113 11 0.053 -0.189 1.802
113 12 0.057 -0.249 1.782
113 13 -0.248 -0.110 1.874
113 14 -0.249 -0.544 1.903
113 15 -0.223 -0.761 1.951
113 16 -0.291 -0.769 1.921
113 17 -0.095 -0.098 1.854
113 18 -0.049 -0.492 1.840
113 19 -0.037 -0.714 1.877
113 20 -0.067 -0.723 1.810
114 1 -0.173 -0.028 1.882
114 2 -0.170 0.013 1.929
114 3 -0.183 0.273 1.940
114 4 -0.204 0.509 1.957
114 5 -0.366 0.269 1.976
114 6 -0.401 0.019 1.941
114 7 -0.426 -0.188 1.869
114 8 -0.421 -0.270 1.848
114 9 -0.020 0.277 1.929
114 10 0.039 0.033 1.876
114 11 0.054 -0.189 1.802
114 12 0.056 -0.249 1.782
114 13 -0.247 -0.110 1.874
114 14 -0.249 -0.544 1.903
114 15 -0.223 -0.761 1.951
114 16 -0.291 -0.768 1.921
114 17 -0.094 -0.098 1.854
114 18 -0.048 -0.492 1.840
114 19 -0.037 -0.713 1.877
114 20 -0.067 -0.723 1.809
115 1 -0.173 -0.028 1.882
115 2 -0.169 0.013 1.929
115 3 -0.183 0.273 1.940
115 4 -0.204 0.509 1.956
115 5 -0.365 0.269 1.976
115 6 -0.402 0.020 1.941
115 7 -0.427 -0.189 1.868
115 8 -0.423 -0.270 1.847
115 9 -0.019 0.277 1.929
115 10 0.039 0.033 1.876
115 11 0.054 -0.189 1.802
115 12 0.056 -0.249 1.781
115 13 -0.247 -0.111 1.874
115 14 -0.248 -0.544 1.903
115 15 -0.223 -0.761 1.951
115 16 -0.291 -0.768 1.921
115 17 -0.094 -0.098 1.854
115 18 -0.048 -0.492 1.839
115 19 -0.036 -0.713 1.876
115 20 -0.067 -0.723 1.809
116 1 -0.173 -0.028 1.881
116 2 -0.169 0.013 1.929
116 3 -0.183 0.274 1.939
116 4 -0.203 0.510 1.955
116 5 -0.365 0.269 1.976
116 6 -0.403 0.020 1.941
116 7 -0.428 -0.189 1.867
116 8 -0.424 -0.270 1.846
116 9 -0.019 0.277 1.929
116 10 0.039 0.033 1.876
116 11 0.054 -0.189 1.802
116 12 0.055 -0.249 1.780
116 13 -0.246 -0.111 1.873
116 14 -0.248 -0.544 1.903
116 15 -0.223 -0.761 1.951
116 16 -0.291 -0.768 1.920
116 17 -0.094 -0.098 1.854
116 18 -0.047 -0.491 1.839
116 19 -0.036 -0.713 1.875
116 20 -0.067 -0.724 1.809
117 1 -0.172 -0.028 1.881
117 2 -0.168 0.013 1.928
117 3 -0.182 0.275 1.939
117 4 -0.203 0.511 1.954
117 5 -0.365 0.269 1.976
117 6 -0.403 0.020 1.941
117 7 -0.429 -0.189 1.867
117 8 -0.424 -0.269 1.845
117 9 -0.019 0.277 1.928
117 10 0.040 0.033 1.876
117 11 0.053 -0.189 1.801
117 12 0.054 -0.249 1.780
117 13 -0.246 -0.111 1.873
117 14 -0.248 -0.544 1.903
117 15 -0.223 -0.761 1.951
117 16 -0.291 -0.767 1.920
117 17 -0.093 -0.098 1.853
117 18 -0.047 -0.493 1.838
117 19 -0.036 -0.715 1.875
117 20 -0.067 -0.722 1.808
118 1 -0.172 -0.028 1.881
118 2 -0.168 0.013 1.928
118 3 -0.182 0.275 1.939
118 4 -0.203 0.511 1.954
118 5 -0.365 0.269 1.975
118 6 -0.404 0.020 1.940
118 7 -0.429 -0.188 1.866
118 8 -0.423 -0.269 1.845
118 9 -0.019 0.277 1.928
118 10 0.040 0.033 1.875
118 11 0.053 -0.189 1.801
118 12 0.053 -0.249 1.779
118 13 -0.246 -0.111 1.873
118 14 -0.248 -0.544 1.903
118 15 -0.223 -0.761 1.951
118 16 -0.291 -0.767 1.920
118 17 -0.093 -0.098 1.853
118 18 -0.047 -0.494 1.838
118 19 -0.035 -0.716 1.874
118 20 -0.067 -0.722 1.808
119 1 -0.172 -0.028 1.881
119 2 -0.168 0.013 1.928
119 3 -0.182 0.276 1.938
119 4 -0.203 0.512 1.953
119 5 -0.364 0.269 1.975
119 6 -0.404 0.020 1.940
119 7 -0.428 -0.188 1.866
119 8 -0.422 -0.268 1.845
119 9 -0.018 0.277 1.928
119 10 0.040 0.033 1.875
119 11 0.053 -0.188 1.800
119 12 0.052 -0.249 1.778
119 13 -0.245 -0.111 1.873
119 14 -0.248 -0.544 1.902
119 15 -0.223 -0.761 1.951
119 16 -0.291 -0.767 1.920
119 17 -0.093 -0.098 1.853
119 18 -0.047 -0.495 1.838
119 19 -0.035 -0.716 1.874
119 20 -0.067 -0.722 1.808
120 1 -0.172 -0.028 1.881
120 2 -0.168 0.013 1.928
120 3 -0.181 0.277 1.938
120 4 -0.202 0.513 1.952
120 5 -0.364 0.269 1.975
120 6 -0.404 0.020 1.940
120 7 -0.426 -0.187 1.866
120 8 -0.419 -0.267 1.845
120 9 -0.018 0.277 1.928
120 10 0.040 0.033 1.875
120 11 0.053 -0.188 1.800
120 12 0.052 -0.249 1.778
120 13 -0.245 -0.111 1.873
120 14 -0.247 -0.544 1.902
120 15 -0.223 -0.761 1.950
120 16 -0.291 -0.766 1.920
120 17 -0.092 -0.098 1.853
120 18 -0.047 -0.495 1.837
120 19 -0.035 -0.717 1.874
120 20 -0.067 -0.722 1.807
121 1 -0.171 -0.028 1.881
121 2 -0.168 0.013 1.928
121 3 -0.181 0.277 1.938
121 4 -0.202 0.513 1.951
121 5 -0.364 0.269 1.975
121 6 -0.405 0.020 1.940
121 7 -0.423 -0.186 1.866
121 8 -0.414 -0.265 1.845
121 9 -0.018 0.277 1.927
121 10 0.040 0.033 1.875
121 11 0.053 -0.188 1.800
121 12 0.051 -0.249 1.777
121 13 -0.245 -0.111 1.873
121 14 -0.247 -0.544 1.902
121 15 -0.223 -0.761 1.950
121 16 -0.291 -0.766 1.920
121 17 -0.092 -0.098 1.853
121 18 -0.046 -0.495 1.837
121 19 -0.035 -0.717 1.873
121 20 -0.067 -0.722 1.807
122 1 -0.171 -0.028 1.881
122 2 -0.168 0.013 1.928
122 3 -0.181 0.278 1.938
122 4 -0.202 0.514 1.951
122 5 -0.364 0.269 1.975
122 6 -0.405 0.020 1.939
122 7 -0.419 -0.186 1.866
122 8 -0.410 -0.265 1.846
122 9 -0.018 0.277 1.927
122 10 0.040 0.033 1.875
122 11 0.052 -0.188 1.800
122 12 0.050 -0.249 1.777
122 13 -0.245 -0.111 1.873
122 14 -0.247 -0.544 1.902
122 15 -0.223 -0.761 1.950
122 16 -0.291 -0.766 1.919
122 17 -0.092 -0.098 1.853
122 18 -0.046 -0.496 1.837
122 19 -0.035 -0.717 1.873
122 20 -0.068 -0.722 1.807
123 1 -0.171 -0.028 1.881
123 2 -0.167 0.013 1.928
123 3 -0.181 0.279 1.937
123 4 -0.202 0.515 1.950
123 5 -0.364 0.269 1.974
123 6 -0.405 0.020 1.939
123 7 -0.414 -0.186 1.867
123 8 -0.405 -0.265 1.847
123 9 -0.018 0.277 1.927
123 10 0.040 0.033 1.875
123 11 0.052 -0.188 1.799
123 12 0.050 -0.249 1.777
123 13 -0.245 -0.111 1.873
123 14 -0.247 -0.545 1.902
123 15 -0.223 -0.761 1.950
123 16 -0.291 -0.766 1.919
123 17 -0.092 -0.098 1.853
123 18 -0.046 -0.496 1.837
123 19 -0.034 -0.717 1.873
123 20 -0.068 -0.722 1.807
124 1 -0.171 -0.028 1.880
124 2 -0.167 0.013 1.928
124 3 -0.181 0.279 1.937
124 4 -0.202 0.515 1.950
124 5 -0.364 0.269 1.974
124 6 -0.405 0.020 1.939
124 7 -0.409 -0.186 1.868
124 8 -0.402 -0.265 1.848
124 9 -0.018 0.277 1.927
124 10 0.040 0.033 1.875
124 11 0.052 -0.188 1.799
124 12 0.050 -0.249 1.777
124 13 -0.245 -0.111 1.873
124 14 -0.247 -0.545 1.902
124 15 -0.223 -0.762 1.950
124 16 -0.291 -0.765 1.919
124 17 -0.092 -0.098 1.853
124 18 -0.047 -0.495 1.836
124 19 -0.034 -0.717 1.872
124 20 -0.068 -0.722 1.806
125 1 -0.171 -0.028 1.880
125 2 -0.167 0.013 1.928
125 3 -0.181 0.280 1.937
125 4 -0.202 0.516 1.949
125 5 -0.364 0.269 1.973
125 6 -0.405 0.020 1.939
125 7 -0.406 -0.186 1.868
125 8 -0.399 -0.265 1.849
125 9 -0.018 0.277 1.927
125 10 0.040 0.033 1.875
125 11 0.052 -0.187 1.799
125 12 0.049 -0.249 1.776
125 13 -0.245 -0.111 1.873
125 14 -0.247 -0.545 1.901
125 15 -0.223 -0.762 1.950
125 16 -0.291 -0.765 1.919
125 17 -0.092 -0.098 1.853
125 18 -0.047 -0.495 1.836
125 19 -0.034 -0.717 1.872
125 20 -0.068 -0.723 1.806
126 1 -0.171 -0.028 1.880
126 2 -0.167 0.014 1.928
126 3 -0.181 0.281 1.937
126 4 -0.202 0.517 1.949
126 5 -0.363 0.269 1.973
126 6 -0.405 0.020 1.938
126 7 -0.403 -0.187 1.869
126 8 -0.396 -0.266 1.850
126 9 -0.018 0.277 1.927
126 10 0.040 0.033 1.875
126 11 0.052 -0.187 1.799
126 12 0.049 -0.249 1.776
126 13 -0.245 -0.111 1.873
126 14 -0.247 -0.545 1.901
126 15 -0.223 -0.762 1.950
126 16 -0.291 -0.765 1.919
126 17 -0.092 -0.098 1.853
126 18 -0.047 -0.495 1.836
126 19 -0.034 -0.716 1.871
126 20 -0.068 -0.723 1.805
127 1 -0.171 -0.028 1.880
127 2 -0.167 0.014 1.927
127 3 -0.181 0.281 1.937
127 4 -0.202 0.517 1.949
127 5 -0.363 0.269 1.973
127 6 -0.405 0.020 1.938
127 7 -0.402 -0.187 1.869
127 8 -0.395 -0.266 1.851
127 9 -0.018 0.277 1.927
127 10 0.040 0.033 1.875
127 11 0.052 -0.187 1.799
127 12 0.049 -0.249 1.776
127 13 -0.245 -0.111 1.873
127 14 -0.247 -0.545 1.901
127 15 -0.223 -0.762 1.950
127 16 -0.291 -0.765 1.919
127 17 -0.092 -0.098 1.853
127 18 -0.047 -0.495 1.836
127 19 -0.034 -0.716 1.871
127 20 -0.069 -0.724 1.805
128 1 -0.171 -0.028 1.880
128 2 -0.167 0.014 1.927
128 3 -0.182 0.282 1.937
128 4 -0.202 0.518 1.948
128 5 -0.363 0.269 1.972
128 6 -0.405 0.020 1.938
128 7 -0.400 -0.187 1.869
128 8 -0.393 -0.267 1.851
128 9 -0.018 0.277 1.927
128 10 0.040 0.033 1.875
128 11 0.051 -0.187 1.799
128 12 0.049 -0.249 1.776
128 13 -0.245 -0.111 1.873
128 14 -0.247 -0.545 1.901
128 15 -0.223 -0.762 1.950
128 16 -0.291 -0.765 1.919
128 17 -0.092 -0.098 1.853
128 18 -0.047 -0.494 1.835
128 19 -0.034 -0.716 1.870
128 20 -0.069 -0.724 1.805
129 1 -0.171 -0.028 1.880
129 2 -0.167 0.014 1.927
129 3 -0.182 0.283 1.937
129 4 -0.202 0.519 1.948
129 5 -0.363 0.269 1.972
129 6 -0.404 0.020 1.938
129 7 -0.399 -0.187 1.869
129 8 -0.392 -0.267 1.851
129 9 -0.018 0.277 1.927
129 10 0.040 0.033 1.875
129 11 0.051 -0.187 1.799
129 12 0.048 -0.249 1.777
129 13 -0.245 -0.111 1.872
129 14 -0.247 -0.545 1.900
129 15 -0.223 -0.762 1.949
129 16 -0.291 -0.764 1.919
129 17 -0.092 -0.098 1.853
129 18 -0.047 -0.494 1.835
129 19 -0.034 -0.716 1.870
129 20 -0.069 -0.725 1.804
130 1 -0.171 -0.028 1.880
130 2 -0.167 0.014 1.927
130 3 -0.182 0.283 1.937
130 4 -0.202 0.519 1.948
130 5 -0.363 0.269 1.972
130 6 -0.404 0.020 1.937
130 7 -0.399 -0.187 1.869
130 8 -0.392 -0.267 1.851
130 9 -0.017 0.277 1.927
130 10 0.040 0.033 1.875
130 11 0.051 -0.187 1.799
130 12 0.048 -0.249 1.777
130 13 -0.245 -0.111 1.872
130 14 -0.247 -0.545 1.900
130 15 -0.223 -0.762 1.949
130 16 -0.291 -0.764 1.918
130 17 -0.092 -0.098 1.853
130 18 -0.047 -0.494 1.835
130 19 -0.035 -0.715 1.870
130 20 -0.069 -0.725 1.804
131 1 -0.171 -0.028 1.880
131 2 -0.167 0.014 1.927
131 3 -0.182 0.284 1.937
131 4 -0.202 0.520 1.947
131 5 -0.363 0.269 1.971
131 6 -0.404 0.020 1.937
131 7 -0.398 -0.187 1.869
131 8 -0.392 -0.267 1.851
131 9 -0.017 0.277 1.927
131 10 0.040 0.033 1.875
131 11 0.051 -0.187 1.799
131 12 0.048 -0.249 1.777
131 13 -0.245 -0.111 1.872
131 14 -0.247 -0.545 1.900
131 15 -0.223 -0.762 1.949
131 16 -0.291 -0.764 1.918
131 17 -0.092 -0.098 1.853
131 18 -0.047 -0.493 1.835
131 19 -0.035 -0.715 1.869
131 20 -0.069 -0.726 1.804
132 1 -0.171 -0.028 1.880
132 2 -0.167 0.014 1.927
132 3 -0.183 0.285 1.937
132 4 -0.202 0.520 1.947
132 5 -0.363 0.269 1.971
132 6 -0.404 0.020 1.937
132 7 -0.398 -0.187 1.869
132 8 -0.391 -0.267 1.851
132 9 -0.017 0.277 1.927
132 10 0.040 0.033 1.875
132 11 0.051 -0.187 1.799
132 12 0.048 -0.249 1.777
132 13 -0.245 -0.111 1.872
132 14 -0.248 -0.545 1.900
132 15 -0.223 -0.762 1.949
132 16 -0.291 -0.764 1.918
132 17 -0.092 -0.098 1.853
132 18 -0.048 -0.493 1.835
132 19 -0.035 -0.715 1.869
132 20 -0.069 -0.726 1.803
133 1 -0.171 -0.028 1.880
133 2 -0.168 0.014 1.927
133 3 -0.183 0.285 1.937
133 4 -0.202 0.521 1.947
133 5 -0.363 0.269 1.971
133 6 -0.404 0.020 1.937
133 7 -0.399 -0.187 1.869
133 8 -0.392 -0.267 1.851
133 9 -0.017 0.277 1.927
133 10 0.039 0.033 1.875
133 11 0.051 -0.187 1.799
133 12 0.048 -0.249 1.777
133 13 -0.245 -0.111 1.872
133 14 -0.248 -0.545 1.899
133 15 -0.223 -0.762 1.949
133 16 -0.291 -0.763 1.918
133 17 -0.092 -0.099 1.853
133 18 -0.048 -0.493 1.835
133 19 -0.035 -0.715 1.869
133 20 -0.068 -0.727 1.803
134 1 -0.171 -0.028 1.880
134 2 -0.168 0.014 1.927
134 3 -0.183 0.286 1.937
134 4 -0.202 0.522 1.947
134 5 -0.364 0.268 1.970
134 6 -0.404 0.019 1.936
134 7 -0.401 -0.187 1.868
134 8 -0.393 -0.266 1.850
134 9 -0.017 0.277 1.928
134 10 0.039 0.032 1.875
134 11 0.051 -0.187 1.800
134 12 0.048 -0.249 1.777
134 13 -0.245 -0.111 1.872
134 14 -0.248 -0.545 1.899
134 15 -0.223 -0.762 1.949
134 16 -0.291 -0.763 1.918
134 17 -0.092 -0.099 1.853
134 18 -0.048 -0.494 1.835
134 19 -0.037 -0.716 1.869
134 20 -0.066 -0.725 1.802
135 1 -0.171 -0.029 1.880
135 2 -0.168 0.014 1.927
135 3 -0.183 0.287 1.937
135 4 -0.203 0.523 1.947
135 5 -0.364 0.268 1.970
135 6 -0.404 0.019 1.936
135 7 -0.403 -0.186 1.867
135 8 -0.395 -0.265 1.848
135 9 -0.017 0.277 1.928
135 10 0.039 0.032 1.876
135 11 0.050 -0.187 1.800
135 12 0.048 -0.249 1.777
135 13 -0.245 -0.111 1.872
135 14 -0.248 -0.545 1.899
135 15 -0.223 -0.762 1.949
135 16 -0.292 -0.763 1.918
135 17 -0.092 -0.099 1.853
135 18 -0.048 -0.495 1.835
135 19 -0.038 -0.717 1.870
135 20 -0.064 -0.723 1.801
136 1 -0.171 -0.029 1.880
136 2 -0.168 0.014 1.927
136 3 -0.184 0.288 1.938
136 4 -0.203 0.524 1.947
136 5 -0.364 0.268 1.970
136 6 -0.405 0.019 1.936
136 7 -0.406 -0.185 1.867
136 8 -0.403 -0.265 1.856
136 9 -0.018 0.277 1.928
136 10 0.039 0.032 1.876
136 11 0.050 -0.187 1.800
136 12 0.047 -0.249 1.778
136 13 -0.245 -0.111 1.872
136 14 -0.248 -0.545 1.899
136 15 -0.223 -0.762 1.949
136 16 -0.292 -0.763 1.918
136 17 -0.092 -0.099 1.854
136 18 -0.048 -0.496 1.836
136 19 -0.039 -0.719 1.870
136 20 -0.063 -0.720 1.801
137 1 -0.171 -0.029 1.880
137 2 -0.168 0.014 1.927
137 3 -0.184 0.289 1.938
137 4 -0.203 0.525 1.947
137 5 -0.364 0.268 1.970
137 6 -0.405 0.019 1.936
137 7 -0.408 -0.185 1.866
137 8 -0.406 -0.264 1.857
137 9 -0.018 0.277 1.929
137 10 0.039 0.032 1.876
137 11 0.050 -0.187 1.800
137 12 0.047 -0.249 1.778
137 13 -0.245 -0.111 1.872
137 14 -0.248 -0.545 1.899
137 15 -0.223 -0.762 1.948
137 16 -0.292 -0.763 1.918
137 17 -0.092 -0.099 1.854
137 18 -0.048 -0.498 1.837
137 19 -0.040 -0.721 1.870
137 20 -0.062 -0.717 1.801
138 1 -0.171 -0.029 1.880
138 2 -0.168 0.014 1.927
138 3 -0.184 0.290 1.939
138 4 -0.203 0.525 1.947
138 5 -0.364 0.268 1.969
138 6 -0.405 0.019 1.935
138 7 -0.409 -0.184 1.865
138 8 -0.408 -0.264 1.858
138 9 -0.018 0.277 1.929
138 10 0.038 0.032 1.877
138 11 0.050 -0.187 1.800
138 12 0.047 -0.249 1.778
138 13 -0.245 -0.111 1.872
138 14 -0.248 -0.545 1.899
138 15 -0.223 -0.762 1.948
138 16 -0.292 -0.762 1.918
138 17 -0.092 -0.099 1.854
138 18 -0.049 -0.499 1.837
138 19 -0.040 -0.722 1.871
138 20 -0.061 -0.716 1.800
139 1 -0.171 -0.029 1.880
139 2 -0.168 0.014 1.927
139 3 -0.185 0.291 1.939
139 4 -0.204 0.526 1.947
139 5 -0.364 0.268 1.969
139 6 -0.405 0.019 1.935
139 7 -0.411 -0.184 1.865
139 8 -0.411 -0.264 1.860
139 9 -0.018 0.276 1.929
139 10 0.038 0.032 1.877
139 11 0.050 -0.187 1.801
139 12 0.047 -0.249 1.779
139 13 -0.245 -0.111 1.872
139 14 -0.248 -0.545 1.899
139 15 -0.223 -0.762 1.948
139 16 -0.292 -0.762 1.918
139 17 -0.092 -0.099 1.854
139 18 -0.049 -0.500 1.838
139 19 -0.041 -0.723 1.871
139 20 -0.061 -0.715 1.800
140 1 -0.171 -0.029 1.880
140 2 -0.168 0.014 1.927
140 3 -0.185 0.292 1.940
140 4 -0.204 0.527 1.948
140 5 -0.364 0.268 1.969
140 6 -0.405 0.019 1.935
140 7 -0.412 -0.184 1.865
140 8 -0.412 -0.264 1.860
140 9 -0.018 0.276 1.930
140 10 0.038 0.032 1.877
140 11 0.049 -0.187 1.801
140 12 0.047 -0.248 1.779
140 13 -0.245 -0.111 1.872
140 14 -0.248 -0.545 1.899
140 15 -0.223 -0.762 1.948
140 16 -0.292 -0.762 1.918
140 17 -0.092 -0.099 1.854
140 18 -0.049 -0.500 1.838
140 19 -0.041 -0.723 1.871
140 20 -0.061 -0.714 1.800
141 1 -0.171 -0.029 1.880
141 2 -0.168 0.014 1.927
141 3 -0.185 0.293 1.940
141 4 -0.204 0.528 1.948
141 5 -0.365 0.268 1.969
141 6 -0.406 0.018 1.935
141 7 -0.413 -0.183 1.865
141 8 -0.413 -0.264 1.860
141 9 -0.018 0.276 1.930
141 10 0.038 0.032 1.878
141 11 0.049 -0.187 1.801
141 12 0.047 -0.248 1.779
141 13 -0.245 -0.111 1.872
141 14 -0.248 -0.545 1.899
141 15 -0.224 -0.762 1.948
141 16 -0.292 -0.762 1.918
141 17 -0.091 -0.099 1.854
141 18 -0.049 -0.500 1.838
141 19 -0.041 -0.724 1.871
141 20 -0.061 -0.714 1.800
142 1 -0.171 -0.029 1.880
142 2 -0.168 0.014 1.927
142 3 -0.186 0.294 1.941
142 4 -0.205 0.529 1.948
142 5 -0.365 0.268 1.969
142 6 -0.406 0.018 1.935
142 7 -0.414 -0.183 1.865
142 8 -0.413 -0.264 1.860
142 9 -0.018 0.276 1.931
142 10 0.038 0.031 1.878
142 11 0.049 -0.187 1.802
142 12 0.047 -0.248 1.780
142 13 -0.245 -0.111 1.872
142 14 -0.248 -0.546 1.899
142 15 -0.224 -0.762 1.948
142 16 -0.292 -0.761 1.918
142 17 -0.091 -0.099 1.854
142 18 -0.049 -0.500 1.839
142 19 -0.041 -0.724 1.870
142 20 -0.062 -0.714 1.800
143 1 -0.171 -0.029 1.880
143 2 -0.168 0.014 1.928
143 3 -0.186 0.295 1.941
143 4 -0.205 0.530 1.949
143 5 -0.365 0.267 1.969
143 6 -0.406 0.018 1.935
143 7 -0.414 -0.183 1.865
143 8 -0.413 -0.264 1.860
143 9 -0.018 0.276 1.931
143 10 0.038 0.031 1.878
143 11 0.049 -0.187 1.802
143 12 0.047 -0.248 1.780
143 13 -0.245 -0.111 1.872
143 14 -0.248 -0.546 1.899
143 15 -0.224 -0.762 1.948
143 16 -0.292 -0.761 1.917
143 17 -0.091 -0.099 1.855
143 18 -0.049 -0.500 1.839
143 19 -0.041 -0.723 1.870
143 20 -0.062 -0.714 1.799
144 1 -0.171 -0.029 1.880
144 2 -0.168 0.014 1.928
144 3 -0.186 0.296 1.942
144 4 -0.205 0.531 1.949
144 5 -0.365 0.267 1.969
144 6 -0.406 0.018 1.935
144 7 -0.415 -0.183 1.865
144 8 -0.413 -0.264 1.860
144 9 -0.019 0.276 1.931
144 10 0.037 0.031 1.879
144 11 0.049 -0.187 1.802
144 12 0.047 -0.248 1.781
144 13 -0.245 -0.111 1.872
144 14 -0.248 -0.546 1.899
144 15 -0.224 -0.763 1.948
144 16 -0.292 -0.761 1.917
144 17 -0.091 -0.099 1.855
144 18 -0.049 -0.499 1.839
144 19 -0.041 -0.723 1.870
144 20 -0.063 -0.714 1.799
145 1 -0.171 -0.029 1.880
145 2 -0.168 0.015 1.928
145 3 -0.186 0.296 1.943
145 4 -0.206 0.532 1.950
145 5 -0.365 0.267 1.969
145 6 -0.407 0.018 1.935
145 7 -0.415 -0.183 1.866
145 8 -0.413 -0.264 1.859
145 9 -0.019 0.276 1.932
145 10 0.037 0.031 1.879
145 11 0.049 -0.187 1.803
145 12 0.047 -0.248 1.781
145 13 -0.245 -0.112 1.872
145 14 -0.248 -0.546 1.899
145 15 -0.224 -0.763 1.948
145 16 -0.292 -0.761 1.917
145 17 -0.091 -0.100 1.855
145 18 -0.049 -0.499 1.839
145 19 -0.041 -0.722 1.870
145 20 -0.063 -0.714 1.799
