1 1 0.154 -0.385 2.558
1 2 0.149 -0.344 2.608
1 3 0.143 -0.077 2.624
1 4 0.124 0.112 2.605
1 5 -0.019 -0.174 2.601
1 6 -0.051 -0.366 2.494
1 7 -0.025 -0.488 2.337
1 8 -0.004 -0.522 2.280
1 9 0.308 -0.171 2.628
1 10 0.362 -0.355 2.514
1 11 0.392 -0.455 2.348
1 12 0.396 -0.483 2.294
1 13 0.080 -0.459 2.528
1 14 0.050 -0.561 2.199
1 15 0.074 -0.803 2.149
1 16 0.058 -0.855 2.097
1 17 0.234 -0.456 2.553
1 18 0.339 -0.540 2.240
1 19 0.327 -0.803 2.159
1 20 0.334 -0.859 2.108
2 1 0.154 -0.385 2.558
2 2 0.149 -0.344 2.608
2 3 0.143 -0.077 2.624
2 4 0.124 0.112 2.605
2 5 -0.019 -0.174 2.601
2 6 -0.051 -0.366 2.494
2 7 -0.033 -0.492 2.343
2 8 -0.015 -0.528 2.289
2 9 0.308 -0.171 2.628
2 10 0.362 -0.355 2.515
2 11 0.391 -0.455 2.348
2 12 0.395 -0.482 2.293
2 13 0.080 -0.459 2.528
2 14 0.050 -0.561 2.199
2 15 0.074 -0.803 2.149
2 16 0.058 -0.855 2.097
2 17 0.234 -0.456 2.553
2 18 0.339 -0.540 2.240
2 19 0.327 -0.803 2.159
2 20 0.334 -0.859 2.108
3 1 0.154 -0.385 2.558
3 2 0.149 -0.344 2.608
3 3 0.143 -0.077 2.624
3 4 0.124 0.112 2.605
3 5 -0.020 -0.174 2.601
3 6 -0.051 -0.366 2.494
3 7 -0.038 -0.494 2.347
3 8 -0.023 -0.531 2.295
3 9 0.307 -0.171 2.628
3 10 0.362 -0.355 2.515
3 11 0.390 -0.454 2.347
3 12 0.395 -0.481 2.293
3 13 0.080 -0.459 2.528
3 14 0.050 -0.561 2.199
3 15 0.074 -0.803 2.149
3 16 0.058 -0.855 2.097
3 17 0.234 -0.456 2.553
3 18 0.339 -0.540 2.240
3 19 0.327 -0.803 2.159
3 20 0.334 -0.859 2.108
4 1 0.154 -0.385 2.558
4 2 0.149 -0.344 2.608
4 3 0.143 -0.077 2.624
4 4 0.124 0.112 2.605
4 5 -0.020 -0.174 2.601
4 6 -0.051 -0.366 2.494
4 7 -0.041 -0.496 2.349
4 8 -0.029 -0.534 2.299
4 9 0.307 -0.171 2.628
4 10 0.362 -0.355 2.515
4 11 0.389 -0.453 2.347
4 12 0.394 -0.481 2.293
4 13 0.079 -0.459 2.528
4 14 0.050 -0.561 2.199
4 15 0.074 -0.803 2.149
4 16 0.058 -0.855 2.097
4 17 0.234 -0.456 2.553
4 18 0.339 -0.540 2.240
4 19 0.327 -0.803 2.159
4 20 0.334 -0.859 2.108
5 1 0.154 -0.385 2.558
5 2 0.149 -0.344 2.608
5 3 0.143 -0.077 2.624
5 4 0.124 0.111 2.605
5 5 -0.020 -0.174 2.601
5 6 -0.051 -0.366 2.494
5 7 -0.043 -0.497 2.351
5 8 -0.033 -0.536 2.301
5 9 0.307 -0.171 2.628
5 10 0.362 -0.355 2.515
5 11 0.387 -0.460 2.352
5 12 0.393 -0.484 2.295
5 13 0.079 -0.459 2.528
5 14 0.050 -0.561 2.199
5 15 0.074 -0.803 2.149
5 16 0.058 -0.855 2.097
5 17 0.234 -0.456 2.553
5 18 0.339 -0.540 2.240
5 19 0.327 -0.803 2.159
5 20 0.334 -0.859 2.108
6 1 0.154 -0.385 2.558
6 2 0.149 -0.345 2.608
6 3 0.143 -0.077 2.624
6 4 0.124 0.111 2.605
6 5 -0.020 -0.174 2.601
6 6 -0.051 -0.366 2.494
6 7 -0.044 -0.497 2.352
6 8 -0.036 -0.537 2.303
6 9 0.307 -0.171 2.628
6 10 0.362 -0.355 2.515
6 11 0.388 -0.463 2.355
6 12 0.393 -0.486 2.297
6 13 0.079 -0.459 2.528
6 14 0.050 -0.561 2.199
6 15 0.074 -0.803 2.149
6 16 0.058 -0.855 2.097
6 17 0.234 -0.456 2.553
6 18 0.339 -0.540 2.240
6 19 0.327 -0.803 2.159
6 20 0.334 -0.859 2.108
7 1 0.154 -0.385 2.558
7 2 0.149 -0.345 2.608
7 3 0.143 -0.078 2.624
7 4 0.124 0.111 2.605
7 5 -0.020 -0.174 2.602
7 6 -0.051 -0.366 2.495
7 7 -0.035 -0.488 2.345
7 8 -0.026 -0.526 2.296
7 9 0.306 -0.171 2.628
7 10 0.362 -0.355 2.515
7 11 0.389 -0.465 2.356
7 12 0.393 -0.487 2.298
7 13 0.079 -0.459 2.528
7 14 0.050 -0.561 2.199
7 15 0.074 -0.803 2.149
7 16 0.058 -0.855 2.097
7 17 0.233 -0.456 2.553
7 18 0.338 -0.540 2.240
7 19 0.327 -0.803 2.159
7 20 0.334 -0.859 2.108
8 1 0.154 -0.385 2.558
8 2 0.149 -0.345 2.609
8 3 0.143 -0.078 2.624
8 4 0.124 0.111 2.606
8 5 -0.020 -0.174 2.602
8 6 -0.051 -0.366 2.495
8 7 -0.032 -0.485 2.343
8 8 -0.019 -0.519 2.291
8 9 0.306 -0.171 2.628
8 10 0.362 -0.355 2.515
8 11 0.389 -0.466 2.357
8 12 0.393 -0.488 2.299
8 13 0.079 -0.459 2.528
8 14 0.050 -0.561 2.199
8 15 0.074 -0.803 2.149
8 16 0.058 -0.855 2.097
8 17 0.233 -0.456 2.553
8 18 0.338 -0.540 2.240
8 19 0.327 -0.803 2.159
8 20 0.334 -0.858 2.108
9 1 0.154 -0.385 2.558
9 2 0.149 -0.345 2.609
9 3 0.143 -0.078 2.624
9 4 0.124 0.111 2.606
9 5 -0.020 -0.174 2.602
9 6 -0.051 -0.366 2.495
9 7 -0.034 -0.486 2.343
9 8 -0.023 -0.521 2.293
9 9 0.306 -0.171 2.628
9 10 0.362 -0.355 2.515
9 11 0.390 -0.467 2.358
9 12 0.394 -0.488 2.300
9 13 0.079 -0.459 2.528
9 14 0.050 -0.561 2.199
9 15 0.074 -0.803 2.149
9 16 0.058 -0.855 2.097
9 17 0.233 -0.456 2.553
9 18 0.338 -0.540 2.240
9 19 0.327 -0.803 2.159
9 20 0.334 -0.858 2.108
10 1 0.154 -0.385 2.558
10 2 0.149 -0.345 2.609
10 3 0.142 -0.078 2.624
10 4 0.124 0.111 2.606
10 5 -0.020 -0.174 2.602
10 6 -0.051 -0.366 2.495
10 7 -0.036 -0.488 2.344
10 8 -0.027 -0.524 2.294
10 9 0.306 -0.171 2.628
10 10 0.362 -0.355 2.515
10 11 0.389 -0.464 2.355
10 12 0.393 -0.488 2.299
10 13 0.079 -0.459 2.528
10 14 0.050 -0.561 2.199
10 15 0.074 -0.803 2.149
10 16 0.058 -0.855 2.097
10 17 0.233 -0.456 2.553
10 18 0.338 -0.540 2.241
10 19 0.327 -0.803 2.159
10 20 0.335 -0.858 2.108
11 1 0.153 -0.385 2.558
11 2 0.148 -0.345 2.609
11 3 0.142 -0.078 2.624
11 4 0.124 0.111 2.606
11 5 -0.020 -0.174 2.602
11 6 -0.051 -0.366 2.495
11 7 -0.038 -0.490 2.345
11 8 -0.030 -0.527 2.296
11 9 0.306 -0.171 2.628
11 10 0.362 -0.355 2.515
11 11 0.391 -0.463 2.355
11 12 0.394 -0.488 2.299
11 13 0.079 -0.459 2.528
11 14 0.050 -0.561 2.199
11 15 0.074 -0.803 2.149
11 16 0.058 -0.855 2.097
11 17 0.233 -0.456 2.553
11 18 0.338 -0.540 2.241
11 19 0.326 -0.803 2.159
11 20 0.335 -0.858 2.108
12 1 0.153 -0.385 2.558
12 2 0.148 -0.345 2.609
12 3 0.142 -0.078 2.624
12 4 0.124 0.111 2.606
12 5 -0.020 -0.174 2.602
12 6 -0.051 -0.366 2.495
12 7 -0.040 -0.491 2.346
12 8 -0.033 -0.529 2.298
12 9 0.306 -0.171 2.628
12 10 0.362 -0.355 2.515
12 11 0.387 -0.458 2.351
12 12 0.392 -0.486 2.298
12 13 0.079 -0.459 2.528
12 14 0.050 -0.561 2.199
12 15 0.074 -0.803 2.149
12 16 0.059 -0.855 2.097
12 17 0.233 -0.456 2.554
12 18 0.338 -0.539 2.241
12 19 0.326 -0.803 2.159
12 20 0.335 -0.858 2.108
13 1 0.153 -0.386 2.558
13 2 0.148 -0.345 2.609
13 3 0.142 -0.078 2.624
13 4 0.123 0.111 2.606
13 5 -0.020 -0.174 2.602
13 6 -0.051 -0.366 2.495
13 7 -0.041 -0.492 2.346
13 8 -0.036 -0.531 2.299
13 9 0.305 -0.171 2.628
13 10 0.362 -0.355 2.515
13 11 0.386 -0.463 2.355
13 12 0.391 -0.488 2.300
13 13 0.078 -0.459 2.528
13 14 0.050 -0.561 2.199
13 15 0.074 -0.803 2.149
13 16 0.059 -0.855 2.097
13 17 0.233 -0.456 2.554
13 18 0.338 -0.539 2.241
13 19 0.326 -0.804 2.159
13 20 0.335 -0.858 2.108
14 1 0.153 -0.386 2.558
14 2 0.148 -0.345 2.609
14 3 0.142 -0.078 2.624
14 4 0.123 0.111 2.606
14 5 -0.021 -0.174 2.602
14 6 -0.051 -0.366 2.495
14 7 -0.042 -0.493 2.347
14 8 -0.037 -0.532 2.300
14 9 0.305 -0.171 2.628
14 10 0.362 -0.355 2.515
14 11 0.381 -0.457 2.350
14 12 0.388 -0.485 2.298
14 13 0.078 -0.459 2.528
14 14 0.050 -0.561 2.199
14 15 0.074 -0.803 2.149
14 16 0.059 -0.855 2.097
14 17 0.233 -0.456 2.553
14 18 0.338 -0.539 2.241
14 19 0.326 -0.804 2.159
14 20 0.335 -0.858 2.108
15 1 0.153 -0.386 2.558
15 2 0.148 -0.345 2.609
15 3 0.142 -0.078 2.624
15 4 0.123 0.111 2.606
15 5 -0.021 -0.174 2.602
15 6 -0.051 -0.366 2.495
15 7 -0.043 -0.494 2.347
15 8 -0.039 -0.534 2.301
15 9 0.305 -0.172 2.628
15 10 0.362 -0.355 2.515
15 11 0.379 -0.455 2.348
15 12 0.387 -0.484 2.297
15 13 0.078 -0.459 2.528
15 14 0.050 -0.561 2.199
15 15 0.074 -0.803 2.149
15 16 0.059 -0.855 2.097
15 17 0.232 -0.456 2.553
15 18 0.338 -0.539 2.241
15 19 0.326 -0.804 2.159
15 20 0.335 -0.858 2.108
16 1 0.153 -0.386 2.558
16 2 0.148 -0.345 2.609
16 3 0.142 -0.078 2.624
16 4 0.123 0.111 2.606
16 5 -0.021 -0.174 2.602
16 6 -0.051 -0.366 2.495
16 7 -0.044 -0.494 2.347
16 8 -0.051 -0.543 2.333
16 9 0.305 -0.172 2.628
16 10 0.362 -0.355 2.515
16 11 0.378 -0.453 2.347
16 12 0.386 -0.483 2.296
16 13 0.078 -0.459 2.528
16 14 0.050 -0.561 2.199
16 15 0.074 -0.803 2.149
16 16 0.059 -0.855 2.097
16 17 0.232 -0.456 2.553
16 18 0.338 -0.539 2.241
16 19 0.326 -0.804 2.159
16 20 0.335 -0.858 2.108
17 1 0.153 -0.386 2.558
17 2 0.148 -0.345 2.609
17 3 0.142 -0.078 2.624
17 4 0.123 0.111 2.606
17 5 -0.021 -0.174 2.602
17 6 -0.051 -0.366 2.495
17 7 -0.039 -0.491 2.345
17 8 -0.034 -0.531 2.314
17 9 0.305 -0.172 2.628
17 10 0.362 -0.355 2.515
17 11 0.378 -0.452 2.346
17 12 0.385 -0.481 2.295
17 13 0.078 -0.459 2.528
17 14 0.050 -0.561 2.199
17 15 0.074 -0.803 2.149
17 16 0.059 -0.855 2.097
17 17 0.232 -0.456 2.553
17 18 0.338 -0.539 2.241
17 19 0.326 -0.804 2.159
17 20 0.335 -0.858 2.108
18 1 0.152 -0.386 2.558
18 2 0.148 -0.345 2.609
18 3 0.141 -0.078 2.623
18 4 0.123 0.111 2.606
18 5 -0.021 -0.175 2.602
18 6 -0.051 -0.367 2.495
18 7 -0.021 -0.484 2.331
18 8 -0.005 -0.521 2.284
18 9 0.305 -0.172 2.628
18 10 0.362 -0.355 2.515
18 11 0.377 -0.451 2.345
18 12 0.385 -0.480 2.294
18 13 0.078 -0.459 2.528
18 14 0.050 -0.561 2.199
18 15 0.074 -0.803 2.149
18 16 0.059 -0.855 2.097
18 17 0.232 -0.456 2.553
18 18 0.338 -0.539 2.241
18 19 0.326 -0.804 2.159
18 20 0.335 -0.858 2.108
19 1 0.152 -0.386 2.558
19 2 0.148 -0.345 2.609
19 3 0.141 -0.078 2.623
19 4 0.123 0.111 2.605
19 5 -0.021 -0.175 2.602
19 6 -0.051 -0.367 2.495
19 7 -0.012 -0.478 2.328
19 8 0.008 -0.512 2.277
19 9 0.304 -0.172 2.627
19 10 0.362 -0.355 2.515
19 11 0.378 -0.450 2.345
19 12 0.385 -0.479 2.294
19 13 0.077 -0.459 2.528
19 14 0.050 -0.561 2.199
19 15 0.074 -0.803 2.149
19 16 0.059 -0.855 2.097
19 17 0.232 -0.456 2.553
19 18 0.338 -0.539 2.241
19 19 0.326 -0.804 2.159
19 20 0.335 -0.858 2.108
20 1 0.152 -0.386 2.558
20 2 0.147 -0.345 2.609
20 3 0.140 -0.079 2.622
20 4 0.123 0.111 2.603
20 5 -0.021 -0.175 2.602
20 6 -0.051 -0.367 2.495
20 7 -0.018 -0.481 2.331
20 8 0.003 -0.514 2.277
20 9 0.304 -0.172 2.626
20 10 0.362 -0.355 2.515
20 11 0.385 -0.447 2.343
20 12 0.387 -0.476 2.292
20 13 0.077 -0.459 2.528
20 14 0.050 -0.561 2.199
20 15 0.074 -0.803 2.149
20 16 0.059 -0.856 2.097
20 17 0.232 -0.456 2.553
20 18 0.338 -0.539 2.241
20 19 0.326 -0.804 2.159
20 20 0.335 -0.858 2.108
21 1 0.152 -0.386 2.558
21 2 0.147 -0.345 2.609
21 3 0.139 -0.079 2.620
21 4 0.122 0.110 2.599
21 5 -0.022 -0.176 2.601
21 6 -0.052 -0.367 2.495
21 7 -0.018 -0.480 2.330
21 8 0.002 -0.513 2.276
21 9 0.304 -0.173 2.624
21 10 0.362 -0.354 2.515
21 11 0.390 -0.444 2.342
21 12 0.362 -0.468 2.269
21 13 0.077 -0.460 2.528
21 14 0.050 -0.561 2.199
21 15 0.074 -0.803 2.149
21 16 0.059 -0.856 2.098
21 17 0.232 -0.456 2.553
21 18 0.338 -0.539 2.241
21 19 0.326 -0.804 2.159
21 20 0.335 -0.858 2.108
22 1 0.152 -0.386 2.558
22 2 0.147 -0.345 2.608
22 3 0.139 -0.081 2.614
22 4 0.121 0.108 2.588
22 5 -0.023 -0.176 2.598
22 6 -0.053 -0.367 2.495
22 7 -0.022 -0.480 2.330
22 8 -0.002 -0.513 2.275
22 9 0.304 -0.174 2.617
22 10 0.364 -0.354 2.514
22 11 0.395 -0.443 2.340
22 12 0.351 -0.462 2.259
22 13 0.077 -0.460 2.529
22 14 0.050 -0.560 2.199
22 15 0.073 -0.802 2.149
22 16 0.059 -0.856 2.098
22 17 0.232 -0.456 2.553
22 18 0.338 -0.539 2.241
22 19 0.326 -0.804 2.159
22 20 0.335 -0.858 2.109
23 1 0.152 -0.386 2.558
23 2 0.147 -0.345 2.608
23 3 0.138 -0.084 2.601
23 4 0.121 0.101 2.565
23 5 -0.024 -0.178 2.591
23 6 -0.055 -0.368 2.493
23 7 -0.026 -0.480 2.330
23 8 -0.008 -0.514 2.275
23 9 0.304 -0.177 2.604
23 10 0.368 -0.353 2.510
23 11 0.398 -0.432 2.329
23 12 0.333 -0.467 2.232
23 13 0.077 -0.460 2.529
23 14 0.050 -0.560 2.199
23 15 0.072 -0.802 2.149
23 16 0.058 -0.856 2.099
23 17 0.232 -0.456 2.553
23 18 0.338 -0.539 2.241
23 19 0.326 -0.804 2.159
23 20 0.335 -0.858 2.109
24 1 0.152 -0.387 2.557
24 2 0.148 -0.345 2.605
24 3 0.138 -0.088 2.582
24 4 0.122 0.098 2.532
24 5 -0.025 -0.181 2.577
24 6 -0.058 -0.368 2.489
24 7 -0.030 -0.475 2.323
24 8 -0.012 -0.511 2.271
24 9 0.306 -0.179 2.586
24 10 0.378 -0.346 2.491
24 11 0.403 -0.425 2.311
24 12 0.375 -0.456 2.227
24 13 0.076 -0.461 2.529
24 14 0.050 -0.560 2.199
24 15 0.071 -0.802 2.149
24 16 0.058 -0.856 2.099
24 17 0.232 -0.456 2.552
24 18 0.338 -0.538 2.241
24 19 0.326 -0.804 2.160
24 20 0.334 -0.859 2.109
25 1 0.152 -0.388 2.555
25 2 0.148 -0.345 2.599
25 3 0.138 -0.093 2.557
25 4 0.123 0.095 2.510
25 5 -0.025 -0.186 2.545
25 6 -0.063 -0.368 2.478
25 7 -0.033 -0.473 2.313
25 8 -0.015 -0.510 2.266
25 9 0.307 -0.182 2.564
25 10 0.388 -0.341 2.461
25 11 0.371 -0.448 2.249
25 12 0.357 -0.484 2.164
25 13 0.077 -0.463 2.529
25 14 0.050 -0.560 2.198
25 15 0.069 -0.802 2.150
25 16 0.056 -0.856 2.100
25 17 0.233 -0.457 2.552
25 18 0.339 -0.537 2.240
25 19 0.327 -0.804 2.160
25 20 0.334 -0.859 2.110
26 1 0.153 -0.391 2.548
26 2 0.150 -0.346 2.581
26 3 0.143 -0.099 2.522
26 4 0.127 0.092 2.472
26 5 -0.023 -0.188 2.518
26 6 -0.068 -0.369 2.459
26 7 -0.037 -0.474 2.297
26 8 -0.019 -0.510 2.256
26 9 0.309 -0.184 2.539
26 10 0.393 -0.339 2.443
26 11 0.354 -0.464 2.205
26 12 0.350 -0.501 2.125
26 13 0.077 -0.465 2.528
26 14 0.050 -0.559 2.198
26 15 0.067 -0.802 2.150
26 16 0.054 -0.857 2.101
26 17 0.234 -0.458 2.550
26 18 0.339 -0.537 2.238
26 19 0.327 -0.803 2.161
26 20 0.333 -0.859 2.112
27 1 0.155 -0.396 2.537
27 2 0.152 -0.348 2.559
27 3 0.146 -0.106 2.489
27 4 0.131 0.084 2.431
27 5 -0.020 -0.193 2.486
27 6 -0.073 -0.375 2.425
27 7 -0.038 -0.483 2.269
27 8 -0.023 -0.516 2.239
27 9 0.310 -0.188 2.506
27 10 0.399 -0.340 2.419
27 11 0.349 -0.474 2.174
27 12 0.349 -0.509 2.103
27 13 0.078 -0.469 2.525
27 14 0.050 -0.559 2.197
27 15 0.065 -0.802 2.150
27 16 0.051 -0.857 2.101
27 17 0.235 -0.461 2.546
27 18 0.339 -0.537 2.234
27 19 0.327 -0.803 2.161
27 20 0.332 -0.859 2.114
28 1 0.156 -0.402 2.523
28 2 0.153 -0.352 2.536
28 3 0.146 -0.117 2.451
28 4 0.136 0.071 2.389
28 5 -0.016 -0.200 2.446
28 6 -0.076 -0.383 2.396
28 7 -0.036 -0.495 2.245
28 8 -0.022 -0.525 2.218
28 9 0.312 -0.193 2.473
28 10 0.406 -0.343 2.384
28 11 0.348 -0.484 2.150
28 12 0.348 -0.513 2.090
28 13 0.079 -0.475 2.519
28 14 0.050 -0.559 2.195
28 15 0.063 -0.803 2.151
28 16 0.049 -0.858 2.102
28 17 0.237 -0.465 2.540
28 18 0.338 -0.541 2.227
28 19 0.328 -0.802 2.163
28 20 0.331 -0.858 2.115
29 1 0.159 -0.409 2.506
29 2 0.157 -0.357 2.512
29 3 0.150 -0.125 2.418
29 4 0.140 0.059 2.352
29 5 -0.012 -0.205 2.414
29 6 -0.076 -0.390 2.375
29 7 -0.034 -0.506 2.225
29 8 -0.020 -0.544 2.184
29 9 0.316 -0.203 2.430
29 10 0.412 -0.350 2.358
29 11 0.349 -0.490 2.136
29 12 0.349 -0.517 2.081
29 13 0.081 -0.482 2.510
29 14 0.049 -0.560 2.190
29 15 0.062 -0.803 2.152
29 16 0.047 -0.858 2.103
29 17 0.240 -0.471 2.531
29 18 0.337 -0.548 2.216
29 19 0.328 -0.802 2.165
29 20 0.330 -0.858 2.117
30 1 0.165 -0.416 2.484
30 2 0.163 -0.363 2.484
30 3 0.155 -0.138 2.377
30 4 0.146 0.042 2.305
30 5 -0.006 -0.213 2.370
30 6 -0.077 -0.395 2.357
30 7 -0.029 -0.515 2.211
30 8 -0.017 -0.552 2.171
30 9 0.321 -0.210 2.398
30 10 0.416 -0.359 2.331
30 11 0.353 -0.496 2.124
30 12 0.352 -0.522 2.074
30 13 0.086 -0.491 2.497
30 14 0.048 -0.563 2.179
30 15 0.060 -0.805 2.153
30 16 0.045 -0.859 2.104
30 17 0.246 -0.478 2.516
30 18 0.337 -0.554 2.203
30 19 0.328 -0.802 2.169
30 20 0.328 -0.858 2.120
31 1 0.170 -0.422 2.464
31 2 0.167 -0.369 2.458
31 3 0.159 -0.147 2.346
31 4 0.149 0.031 2.268
31 5 -0.002 -0.217 2.341
31 6 -0.077 -0.405 2.332
31 7 -0.004 -0.506 2.176
31 8 0.011 -0.541 2.136
31 9 0.322 -0.217 2.362
31 10 0.418 -0.369 2.304
31 11 0.359 -0.501 2.116
31 12 0.356 -0.528 2.070
31 13 0.091 -0.497 2.480
31 14 0.046 -0.566 2.162
31 15 0.059 -0.805 2.154
31 16 0.044 -0.860 2.104
31 17 0.251 -0.484 2.501
31 18 0.338 -0.559 2.189
31 19 0.329 -0.802 2.171
31 20 0.327 -0.857 2.122
32 1 0.173 -0.427 2.445
32 2 0.170 -0.374 2.436
32 3 0.160 -0.157 2.313
32 4 0.154 0.022 2.227
32 5 0.005 -0.223 2.302
32 6 -0.077 -0.412 2.316
32 7 0.032 -0.496 2.132
32 8 0.045 -0.537 2.092
32 9 0.324 -0.222 2.335
32 10 0.419 -0.382 2.278
32 11 0.361 -0.536 2.088
32 12 0.348 -0.580 2.036
32 13 0.095 -0.502 2.466
32 14 0.044 -0.571 2.147
32 15 0.054 -0.813 2.141
32 16 0.048 -0.865 2.088
32 17 0.254 -0.489 2.485
32 18 0.341 -0.564 2.174
32 19 0.328 -0.802 2.174
32 20 0.327 -0.857 2.124
33 1 0.174 -0.430 2.426
33 2 0.172 -0.376 2.414
33 3 0.165 -0.161 2.285
33 4 0.157 0.019 2.192
33 5 0.008 -0.225 2.282
33 6 -0.077 -0.415 2.303
33 7 0.039 -0.493 2.120
33 8 0.052 -0.536 2.080
33 9 0.327 -0.222 2.299
33 10 0.420 -0.389 2.260
33 11 0.361 -0.560 2.072
33 12 0.374 -0.573 2.022
33 13 0.098 -0.504 2.450
33 14 0.042 -0.580 2.132
33 15 0.051 -0.823 2.128
33 16 0.051 -0.882 2.132
33 17 0.255 -0.491 2.466
33 18 0.345 -0.569 2.158
33 19 0.328 -0.802 2.176
33 20 0.326 -0.857 2.125
34 1 0.175 -0.428 2.407
34 2 0.173 -0.375 2.393
34 3 0.169 -0.160 2.264
34 4 0.159 0.022 2.159
34 5 0.010 -0.222 2.262
34 6 -0.074 -0.417 2.292
34 7 0.044 -0.492 2.111
34 8 0.065 -0.531 2.065
34 9 0.330 -0.219 2.277
34 10 0.419 -0.395 2.246
34 11 0.361 -0.576 2.063
34 12 0.379 -0.578 2.013
34 13 0.099 -0.501 2.433
34 14 0.041 -0.591 2.119
34 15 0.050 -0.833 2.120
34 16 0.055 -0.895 2.099
34 17 0.254 -0.489 2.444
34 18 0.351 -0.575 2.143
34 19 0.326 -0.803 2.178
34 20 0.325 -0.858 2.126
35 1 0.178 -0.423 2.392
35 2 0.176 -0.371 2.376
35 3 0.173 -0.149 2.239
35 4 0.161 0.031 2.125
35 5 0.012 -0.211 2.243
35 6 -0.069 -0.410 2.277
35 7 0.044 -0.492 2.110
35 8 0.071 -0.530 2.057
35 9 0.334 -0.203 2.250
35 10 0.418 -0.397 2.232
35 11 0.368 -0.578 2.065
35 12 0.377 -0.586 2.015
35 13 0.104 -0.494 2.419
35 14 0.041 -0.597 2.112
35 15 0.049 -0.839 2.116
35 16 0.056 -0.903 2.082
35 17 0.256 -0.485 2.430
35 18 0.354 -0.579 2.132
35 19 0.323 -0.806 2.179
35 20 0.325 -0.858 2.127
36 1 0.183 -0.411 2.379
36 2 0.181 -0.359 2.362
36 3 0.175 -0.133 2.218
36 4 0.162 0.040 2.103
36 5 0.014 -0.196 2.226
36 6 -0.060 -0.394 2.263
36 7 0.039 -0.496 2.114
36 8 0.075 -0.529 2.051
36 9 0.339 -0.182 2.227
36 10 0.417 -0.396 2.219
36 11 0.368 -0.584 2.060
36 12 0.379 -0.588 2.008
36 13 0.111 -0.481 2.408
36 14 0.041 -0.601 2.108
36 15 0.050 -0.843 2.115
36 16 0.048 -0.893 2.151
36 17 0.261 -0.468 2.417
36 18 0.346 -0.611 2.136
36 19 0.316 -0.845 2.164
36 20 0.327 -0.827 2.117
37 1 0.189 -0.382 2.367
37 2 0.188 -0.329 2.346
37 3 0.182 -0.096 2.195
37 4 0.164 0.069 2.081
37 5 0.018 -0.164 2.207
37 6 -0.051 -0.372 2.250
37 7 0.036 -0.488 2.111
37 8 0.070 -0.527 2.051
37 9 0.344 -0.147 2.207
37 10 0.418 -0.378 2.203
37 11 0.379 -0.549 2.074
37 12 0.373 -0.588 2.022
37 13 0.120 -0.446 2.399
37 14 0.042 -0.603 2.110
37 15 0.052 -0.845 2.119
37 16 0.042 -0.893 2.133
37 17 0.265 -0.446 2.406
37 18 0.343 -0.623 2.138
37 19 0.312 -0.862 2.158
37 20 0.328 -0.815 2.111
38 1 0.196 -0.350 2.358
38 2 0.194 -0.299 2.335
38 3 0.186 -0.066 2.183
38 4 0.166 0.098 2.066
38 5 0.023 -0.127 2.192
38 6 -0.041 -0.344 2.237
38 7 0.031 -0.485 2.114
38 8 0.062 -0.527 2.060
38 9 0.347 -0.117 2.196
38 10 0.421 -0.351 2.190
38 11 0.391 -0.509 2.086
38 12 0.367 -0.576 2.042
38 13 0.128 -0.410 2.394
38 14 0.044 -0.601 2.118
38 15 0.056 -0.843 2.128
38 16 0.033 -0.881 2.112
38 17 0.269 -0.415 2.395
38 18 0.340 -0.629 2.141
38 19 0.310 -0.869 2.155
38 20 0.329 -0.811 2.105
39 1 0.200 -0.317 2.349
39 2 0.198 -0.263 2.323
39 3 0.191 -0.021 2.169
39 4 0.169 0.137 2.054
39 5 0.026 -0.098 2.181
39 6 -0.031 -0.308 2.219
39 7 0.020 -0.478 2.127
39 8 0.053 -0.526 2.073
39 9 0.352 -0.082 2.187
39 10 0.429 -0.307 2.182
39 11 0.395 -0.489 2.090
39 12 0.361 -0.550 2.062
39 13 0.131 -0.383 2.386
39 14 0.047 -0.598 2.126
39 15 0.059 -0.841 2.135
39 16 0.029 -0.876 2.103
39 17 0.275 -0.378 2.385
39 18 0.336 -0.628 2.150
39 19 0.296 -0.899 2.177
39 20 0.304 -0.907 2.125
40 1 0.204 -0.273 2.339
40 2 0.202 -0.221 2.313
40 3 0.193 0.020 2.160
40 4 0.171 0.173 2.049
40 5 0.030 -0.060 2.172
40 6 -0.026 -0.293 2.212
40 7 0.015 -0.474 2.131
40 8 0.049 -0.525 2.078
40 9 0.355 -0.040 2.178
40 10 0.436 -0.272 2.178
40 11 0.397 -0.480 2.092
40 12 0.356 -0.536 2.071
40 13 0.136 -0.332 2.379
40 14 0.049 -0.595 2.133
40 15 0.061 -0.838 2.140
40 16 0.028 -0.873 2.099
40 17 0.278 -0.347 2.375
40 18 0.333 -0.616 2.158
40 19 0.299 -0.873 2.169
40 20 0.302 -0.911 2.115
41 1 0.208 -0.227 2.333
41 2 0.205 -0.176 2.306
41 3 0.193 0.057 2.154
41 4 0.174 0.216 2.046
41 5 0.032 -0.027 2.165
41 6 -0.019 -0.261 2.201
41 7 0.008 -0.451 2.138
41 8 0.041 -0.490 2.097
41 9 0.359 0.003 2.171
41 10 0.445 -0.224 2.174
41 11 0.405 -0.419 2.096
41 12 0.364 -0.488 2.082
41 13 0.139 -0.299 2.375
41 14 0.052 -0.590 2.139
41 15 0.063 -0.834 2.144
41 16 0.028 -0.872 2.097
41 17 0.280 -0.292 2.369
41 18 0.332 -0.576 2.170
41 19 0.302 -0.835 2.169
41 20 0.301 -0.909 2.119
42 1 0.212 -0.191 2.325
42 2 0.209 -0.139 2.298
42 3 0.199 0.104 2.149
42 4 0.176 0.259 2.048
42 5 0.036 0.013 2.161
42 6 -0.014 -0.234 2.195
42 7 0.003 -0.425 2.144
42 8 0.036 -0.474 2.106
42 9 0.362 0.034 2.166
42 10 0.448 -0.199 2.172
42 11 0.409 -0.384 2.097
42 12 0.372 -0.447 2.087
42 13 0.146 -0.260 2.363
42 14 0.057 -0.577 2.147
42 15 0.065 -0.824 2.146
42 16 0.032 -0.871 2.100
42 17 0.285 -0.250 2.359
42 18 0.332 -0.546 2.177
42 19 0.303 -0.816 2.169
42 20 0.301 -0.899 2.122
43 1 0.215 -0.163 2.314
43 2 0.212 -0.112 2.289
43 3 0.200 0.132 2.146
43 4 0.180 0.298 2.052
43 5 0.039 0.053 2.158
43 6 -0.012 -0.188 2.189
43 7 -0.008 -0.381 2.156
43 8 0.026 -0.439 2.122
43 9 0.367 0.079 2.162
43 10 0.451 -0.160 2.173
43 11 0.420 -0.334 2.101
43 12 0.389 -0.397 2.087
43 13 0.149 -0.235 2.352
43 14 0.067 -0.552 2.155
43 15 0.066 -0.818 2.148
43 16 0.038 -0.871 2.104
43 17 0.287 -0.221 2.346
43 18 0.333 -0.530 2.182
43 19 0.304 -0.806 2.168
43 20 0.302 -0.888 2.122
44 1 0.217 -0.134 2.300
44 2 0.214 -0.081 2.276
44 3 0.200 0.177 2.141
44 4 0.183 0.339 2.058
44 5 0.040 0.080 2.156
44 6 -0.009 -0.163 2.186
44 7 -0.013 -0.355 2.162
44 8 0.020 -0.417 2.131
44 9 0.371 0.113 2.160
44 10 0.454 -0.127 2.175
44 11 0.426 -0.309 2.104
44 12 0.398 -0.373 2.086
44 13 0.152 -0.204 2.333
44 14 0.075 -0.534 2.159
44 15 0.069 -0.813 2.151
44 16 0.045 -0.870 2.109
44 17 0.291 -0.195 2.332
44 18 0.334 -0.518 2.186
44 19 0.304 -0.800 2.168
44 20 0.304 -0.878 2.121
45 1 0.220 -0.112 2.290
45 2 0.216 -0.064 2.268
45 3 0.200 0.193 2.140
45 4 0.189 0.388 2.068
45 5 0.046 0.124 2.154
45 6 -0.007 -0.122 2.178
45 7 -0.013 -0.312 2.165
45 8 0.012 -0.378 2.136
45 9 0.374 0.152 2.158
45 10 0.451 -0.090 2.176
45 11 0.435 -0.286 2.106
45 12 0.407 -0.354 2.085
45 13 0.155 -0.183 2.319
45 14 0.081 -0.521 2.162
45 15 0.072 -0.809 2.154
45 16 0.056 -0.871 2.115
45 17 0.295 -0.173 2.319
45 18 0.335 -0.509 2.189
45 19 0.305 -0.797 2.167
45 20 0.305 -0.873 2.119
46 1 0.225 -0.086 2.274
46 2 0.221 -0.039 2.256
46 3 0.203 0.205 2.141
46 4 0.194 0.413 2.075
46 5 0.051 0.155 2.153
46 6 -0.003 -0.090 2.173
46 7 -0.010 -0.278 2.164
46 8 0.008 -0.357 2.140
46 9 0.377 0.178 2.157
46 10 0.450 -0.064 2.177
46 11 0.439 -0.272 2.108
46 12 0.417 -0.339 2.085
46 13 0.160 -0.156 2.299
46 14 0.086 -0.511 2.164
46 15 0.075 -0.808 2.156
46 16 0.063 -0.873 2.120
46 17 0.299 -0.149 2.300
46 18 0.335 -0.504 2.190
46 19 0.306 -0.796 2.165
46 20 0.307 -0.870 2.118
47 1 0.229 -0.064 2.260
47 2 0.225 -0.018 2.245
47 3 0.208 0.223 2.147
47 4 0.200 0.440 2.082
47 5 0.058 0.187 2.154
47 6 0.003 -0.058 2.171
47 7 -0.006 -0.248 2.161
47 8 0.005 -0.334 2.142
47 9 0.381 0.205 2.157
47 10 0.451 -0.037 2.176
47 11 0.452 -0.245 2.111
47 12 0.432 -0.318 2.086
47 13 0.163 -0.133 2.280
47 14 0.090 -0.504 2.164
47 15 0.079 -0.808 2.157
47 16 0.083 -0.870 2.102
47 17 0.303 -0.130 2.283
47 18 0.336 -0.500 2.192
47 19 0.308 -0.796 2.162
47 20 0.308 -0.868 2.116
48 1 0.232 -0.047 2.247
48 2 0.229 0.000 2.234
48 3 0.216 0.243 2.152
48 4 0.208 0.466 2.091
48 5 0.063 0.212 2.155
48 6 0.007 -0.032 2.172
48 7 -0.004 -0.228 2.161
48 8 0.005 -0.315 2.145
48 9 0.384 0.223 2.157
48 10 0.454 -0.017 2.176
48 11 0.464 -0.225 2.114
48 12 0.446 -0.301 2.089
48 13 0.165 -0.115 2.264
48 14 0.094 -0.499 2.164
48 15 0.083 -0.810 2.158
48 16 0.093 -0.869 2.092
48 17 0.305 -0.113 2.264
48 18 0.337 -0.495 2.191
48 19 0.310 -0.798 2.158
48 20 0.309 -0.867 2.115
49 1 0.235 -0.026 2.230
49 2 0.233 0.023 2.219
49 3 0.226 0.271 2.156
49 4 0.216 0.498 2.100
49 5 0.070 0.241 2.159
49 6 0.012 -0.002 2.174
49 7 0.000 -0.202 2.161
49 8 0.006 -0.286 2.148
49 9 0.389 0.245 2.157
49 10 0.459 0.006 2.173
49 11 0.474 -0.209 2.116
49 12 0.458 -0.287 2.093
49 13 0.166 -0.095 2.244
49 14 0.100 -0.495 2.162
49 15 0.088 -0.814 2.157
49 16 0.099 -0.869 2.086
49 17 0.308 -0.094 2.241
49 18 0.339 -0.491 2.188
49 19 0.311 -0.800 2.154
49 20 0.311 -0.867 2.114
50 1 0.237 -0.010 2.217
50 2 0.236 0.039 2.208
50 3 0.231 0.289 2.158
50 4 0.221 0.516 2.106
50 5 0.074 0.258 2.162
50 6 0.015 0.016 2.178
50 7 0.002 -0.188 2.161
50 8 0.008 -0.269 2.150
50 9 0.393 0.263 2.158
50 10 0.466 0.024 2.169
50 11 0.481 -0.193 2.118
50 12 0.469 -0.272 2.096
50 13 0.167 -0.081 2.230
50 14 0.106 -0.491 2.157
50 15 0.092 -0.816 2.157
50 16 0.102 -0.869 2.081
50 17 0.310 -0.079 2.222
50 18 0.341 -0.488 2.183
50 19 0.313 -0.801 2.151
50 20 0.312 -0.867 2.113
51 1 0.239 0.006 2.202
51 2 0.239 0.056 2.195
51 3 0.238 0.309 2.159
51 4 0.225 0.535 2.110
51 5 0.077 0.277 2.166
51 6 0.017 0.037 2.186
51 7 0.004 -0.176 2.162
51 8 0.011 -0.256 2.151
51 9 0.399 0.281 2.159
51 10 0.474 0.044 2.164
51 11 0.488 -0.181 2.118
51 12 0.477 -0.261 2.098
51 13 0.167 -0.066 2.213
51 14 0.114 -0.488 2.148
51 15 0.094 -0.817 2.156
51 16 0.104 -0.867 2.077
51 17 0.313 -0.065 2.201
51 18 0.342 -0.485 2.175
51 19 0.314 -0.802 2.149
51 20 0.313 -0.868 2.113
52 1 0.241 0.019 2.189
52 2 0.241 0.069 2.184
52 3 0.243 0.325 2.160
52 4 0.228 0.549 2.113
52 5 0.080 0.291 2.170
52 6 0.016 0.057 2.200
52 7 0.008 -0.144 2.173
52 8 0.017 -0.221 2.155
52 9 0.404 0.294 2.159
52 10 0.481 0.057 2.159
52 11 0.492 -0.173 2.117
52 12 0.482 -0.253 2.099
52 13 0.167 -0.054 2.198
52 14 0.124 -0.485 2.130
52 15 0.096 -0.817 2.154
52 16 0.103 -0.862 2.071
52 17 0.314 -0.053 2.183
52 18 0.342 -0.483 2.166
52 19 0.315 -0.803 2.147
52 20 0.314 -0.868 2.113
53 1 0.243 0.031 2.176
53 2 0.244 0.081 2.174
53 3 0.247 0.337 2.160
53 4 0.230 0.560 2.116
53 5 0.082 0.302 2.174
53 6 0.017 0.069 2.209
53 7 0.011 -0.125 2.179
53 8 0.020 -0.202 2.158
53 9 0.408 0.304 2.159
53 10 0.488 0.068 2.154
53 11 0.499 -0.155 2.109
53 12 0.490 -0.237 2.095
53 13 0.168 -0.043 2.184
53 14 0.134 -0.477 2.109
53 15 0.099 -0.811 2.147
53 16 0.096 -0.863 2.088
53 17 0.317 -0.041 2.164
53 18 0.341 -0.481 2.158
53 19 0.315 -0.803 2.146
53 20 0.312 -0.854 2.081
54 1 0.244 0.039 2.165
54 2 0.245 0.090 2.165
54 3 0.249 0.346 2.160
54 4 0.231 0.569 2.118
54 5 0.084 0.310 2.177
54 6 0.018 0.079 2.218
54 7 0.015 -0.109 2.187
54 8 0.024 -0.186 2.162
54 9 0.410 0.312 2.158
54 10 0.492 0.076 2.149
54 11 0.503 -0.146 2.102
54 12 0.495 -0.228 2.089
54 13 0.168 -0.035 2.172
54 14 0.142 -0.467 2.083
54 15 0.103 -0.799 2.129
54 16 0.094 -0.862 2.091
54 17 0.317 -0.033 2.148
54 18 0.339 -0.478 2.151
54 19 0.315 -0.804 2.144
54 20 0.313 -0.859 2.086
55 1 0.245 0.046 2.155
55 2 0.246 0.096 2.157
55 3 0.252 0.352 2.159
55 4 0.232 0.576 2.119
55 5 0.086 0.316 2.179
55 6 0.020 0.087 2.224
55 7 0.019 -0.099 2.193
55 8 0.028 -0.175 2.165
55 9 0.412 0.317 2.157
55 10 0.495 0.081 2.145
55 11 0.505 -0.137 2.092
55 12 0.497 -0.217 2.077
55 13 0.168 -0.028 2.161
55 14 0.146 -0.457 2.057
55 15 0.109 -0.784 2.095
55 16 0.097 -0.834 2.039
55 17 0.317 -0.027 2.133
55 18 0.337 -0.474 2.144
55 19 0.315 -0.805 2.143
55 20 0.313 -0.863 2.089
56 1 0.245 0.051 2.144
56 2 0.247 0.101 2.149
56 3 0.253 0.357 2.158
56 4 0.233 0.581 2.120
56 5 0.088 0.322 2.180
56 6 0.023 0.094 2.230
56 7 0.024 -0.090 2.199
56 8 0.033 -0.165 2.171
56 9 0.414 0.321 2.154
56 10 0.498 0.085 2.138
56 11 0.505 -0.130 2.080
56 12 0.496 -0.207 2.058
56 13 0.168 -0.022 2.150
56 14 0.147 -0.448 2.032
56 15 0.114 -0.772 2.062
56 16 0.102 -0.810 1.990
56 17 0.316 -0.023 2.119
56 18 0.335 -0.469 2.138
56 19 0.313 -0.806 2.141
56 20 0.304 -0.853 2.071
57 1 0.245 0.055 2.133
57 2 0.247 0.105 2.142
57 3 0.254 0.361 2.155
57 4 0.234 0.585 2.121
57 5 0.089 0.326 2.181
57 6 0.027 0.099 2.233
57 7 0.027 -0.083 2.202
57 8 0.038 -0.159 2.176
57 9 0.416 0.325 2.149
57 10 0.500 0.088 2.128
57 11 0.503 -0.124 2.066
57 12 0.492 -0.199 2.037
57 13 0.168 -0.018 2.138
57 14 0.145 -0.441 2.013
57 15 0.121 -0.767 2.019
57 16 0.109 -0.799 1.938
57 17 0.316 -0.020 2.107
57 18 0.332 -0.465 2.132
57 19 0.311 -0.806 2.140
57 20 0.298 -0.848 2.061
58 1 0.244 0.058 2.120
58 2 0.247 0.108 2.133
58 3 0.255 0.364 2.149
58 4 0.233 0.589 2.120
58 5 0.091 0.330 2.180
58 6 0.032 0.105 2.232
58 7 0.030 -0.078 2.205
58 8 0.048 -0.139 2.186
58 9 0.417 0.328 2.140
58 10 0.501 0.090 2.115
58 11 0.500 -0.117 2.047
58 12 0.486 -0.190 2.014
58 13 0.168 -0.014 2.126
58 14 0.142 -0.436 1.997
58 15 0.129 -0.749 1.973
58 16 0.116 -0.778 1.887
58 17 0.314 -0.017 2.092
58 18 0.329 -0.460 2.126
58 19 0.308 -0.808 2.139
58 20 0.294 -0.846 2.056
59 1 0.243 0.061 2.106
59 2 0.247 0.110 2.123
59 3 0.256 0.367 2.140
59 4 0.231 0.592 2.118
59 5 0.092 0.333 2.178
59 6 0.040 0.112 2.224
59 7 0.033 -0.074 2.207
59 8 0.052 -0.132 2.190
59 9 0.417 0.333 2.126
59 10 0.500 0.094 2.099
59 11 0.495 -0.112 2.031
59 12 0.480 -0.185 1.998
59 13 0.167 -0.011 2.114
59 14 0.139 -0.431 1.984
59 15 0.132 -0.731 1.932
59 16 0.118 -0.761 1.848
59 17 0.312 -0.015 2.076
59 18 0.326 -0.455 2.121
59 19 0.306 -0.809 2.138
59 20 0.290 -0.844 2.053
60 1 0.241 0.062 2.092
60 2 0.246 0.112 2.112
60 3 0.255 0.369 2.126
60 4 0.228 0.596 2.113
60 5 0.093 0.335 2.172
60 6 0.047 0.118 2.211
60 7 0.037 -0.070 2.206
60 8 0.055 -0.126 2.191
60 9 0.416 0.336 2.111
60 10 0.495 0.096 2.074
60 11 0.489 -0.108 2.011
60 12 0.473 -0.180 1.977
60 13 0.166 -0.009 2.101
60 14 0.136 -0.428 1.975
60 15 0.130 -0.717 1.900
60 16 0.115 -0.748 1.817
60 17 0.309 -0.013 2.062
60 18 0.323 -0.451 2.116
60 19 0.304 -0.810 2.137
60 20 0.288 -0.844 2.051
61 1 0.239 0.062 2.075
61 2 0.245 0.111 2.098
61 3 0.253 0.369 2.108
61 4 0.221 0.598 2.102
61 5 0.093 0.335 2.157
61 6 0.053 0.120 2.185
61 7 0.040 -0.067 2.205
61 8 0.057 -0.122 2.192
61 9 0.412 0.338 2.093
61 10 0.491 0.097 2.056
61 11 0.481 -0.105 1.992
61 12 0.467 -0.178 1.961
61 13 0.164 -0.008 2.083
61 14 0.133 -0.424 1.967
61 15 0.127 -0.708 1.877
61 16 0.117 -0.749 1.810
61 17 0.307 -0.013 2.047
61 18 0.319 -0.448 2.110
61 19 0.302 -0.811 2.137
61 20 0.286 -0.843 2.051
62 1 0.236 0.061 2.058
62 2 0.242 0.110 2.083
62 3 0.249 0.369 2.089
62 4 0.211 0.599 2.089
62 5 0.090 0.333 2.138
62 6 0.056 0.122 2.164
62 7 0.040 -0.064 2.202
62 8 0.053 -0.119 2.195
62 9 0.407 0.338 2.073
62 10 0.485 0.097 2.036
62 11 0.472 -0.108 1.967
62 12 0.459 -0.181 1.940
62 13 0.162 -0.009 2.067
62 14 0.131 -0.421 1.960
62 15 0.119 -0.699 1.855
62 16 0.105 -0.736 1.779
62 17 0.304 -0.014 2.029
62 18 0.316 -0.445 2.104
62 19 0.301 -0.811 2.137
62 20 0.284 -0.844 2.051
63 1 0.232 0.059 2.041
63 2 0.238 0.108 2.067
63 3 0.242 0.367 2.070
63 4 0.199 0.598 2.072
63 5 0.083 0.327 2.115
63 6 0.055 0.122 2.146
63 7 0.046 -0.079 2.175
63 8 0.057 -0.133 2.177
63 9 0.399 0.337 2.055
63 10 0.478 0.096 2.016
63 11 0.466 -0.112 1.946
63 12 0.452 -0.186 1.920
63 13 0.159 -0.011 2.050
63 14 0.128 -0.418 1.953
63 15 0.112 -0.692 1.838
63 16 0.096 -0.728 1.760
63 17 0.300 -0.016 2.012
63 18 0.312 -0.444 2.095
63 19 0.297 -0.790 2.134
63 20 0.281 -0.823 2.050
64 1 0.225 0.057 2.022
64 2 0.231 0.105 2.050
64 3 0.233 0.366 2.050
64 4 0.187 0.597 2.054
64 5 0.072 0.321 2.089
64 6 0.048 0.119 2.125
64 7 0.029 -0.075 2.156
64 8 0.038 -0.132 2.171
64 9 0.390 0.335 2.037
64 10 0.470 0.095 1.998
64 11 0.461 -0.116 1.928
64 12 0.446 -0.190 1.900
64 13 0.152 -0.014 2.032
64 14 0.124 -0.415 1.943
64 15 0.102 -0.686 1.823
64 16 0.096 -0.728 1.755
64 17 0.294 -0.017 1.994
64 18 0.307 -0.443 2.083
64 19 0.294 -0.777 2.130
64 20 0.279 -0.811 2.048
65 1 0.216 0.055 2.002
65 2 0.221 0.102 2.032
65 3 0.220 0.363 2.031
65 4 0.175 0.594 2.037
65 5 0.059 0.316 2.065
65 6 0.035 0.114 2.100
65 7 0.017 -0.076 2.116
65 8 0.026 -0.119 2.125
65 9 0.382 0.333 2.023
65 10 0.462 0.093 1.982
65 11 0.452 -0.126 1.899
65 12 0.440 -0.202 1.877
65 13 0.143 -0.017 2.009
65 14 0.118 -0.412 1.929
65 15 0.092 -0.678 1.809
65 16 0.083 -0.715 1.734
65 17 0.286 -0.019 1.975
65 18 0.301 -0.442 2.069
65 19 0.292 -0.769 2.126
65 20 0.279 -0.803 2.045
66 1 0.203 0.052 1.981
66 2 0.209 0.099 2.012
66 3 0.209 0.360 2.014
66 4 0.164 0.592 2.022
66 5 0.046 0.312 2.043
66 6 0.015 0.103 2.068
66 7 0.009 -0.080 2.095
66 8 0.012 -0.116 2.083
66 9 0.371 0.330 2.007
66 10 0.453 0.091 1.967
66 11 0.448 -0.130 1.885
66 12 0.438 -0.207 1.861
66 13 0.129 -0.021 1.984
66 14 0.110 -0.409 1.912
66 15 0.087 -0.673 1.801
66 16 0.076 -0.709 1.724
66 17 0.275 -0.022 1.955
66 18 0.293 -0.444 2.049
66 19 0.290 -0.764 2.119
66 20 0.278 -0.798 2.039
67 1 0.189 0.051 1.959
67 2 0.194 0.097 1.993
67 3 0.194 0.357 1.995
67 4 0.152 0.589 2.005
67 5 0.033 0.310 2.026
67 6 -0.001 0.095 2.046
67 7 -0.012 -0.090 2.054
67 8 -0.005 -0.120 2.038
67 9 0.362 0.329 1.995
67 10 0.446 0.090 1.956
67 11 0.446 -0.132 1.877
67 12 0.438 -0.207 1.850
67 13 0.114 -0.023 1.960
67 14 0.102 -0.406 1.896
67 15 0.083 -0.670 1.796
67 16 0.073 -0.705 1.717
67 17 0.262 -0.023 1.933
67 18 0.285 -0.445 2.029
67 19 0.287 -0.759 2.108
67 20 0.276 -0.793 2.028
68 1 0.169 0.042 1.933
68 2 0.173 0.086 1.968
68 3 0.171 0.334 1.967
68 4 0.140 0.572 1.986
68 5 0.016 0.304 2.005
68 6 -0.027 0.071 2.011
68 7 -0.038 -0.114 2.008
68 8 -0.022 -0.131 2.002
68 9 0.342 0.318 1.968
68 10 0.436 0.084 1.944
68 11 0.443 -0.133 1.867
68 12 0.437 -0.209 1.840
68 13 0.096 -0.031 1.936
68 14 0.089 -0.409 1.874
68 15 0.079 -0.665 1.791
68 16 0.068 -0.699 1.712
68 17 0.236 -0.036 1.903
68 18 0.276 -0.455 2.002
68 19 0.281 -0.769 2.094
68 20 0.271 -0.803 2.015
69 1 0.155 0.037 1.917
69 2 0.160 0.079 1.953
69 3 0.160 0.324 1.954
69 4 0.132 0.561 1.971
69 5 0.003 0.300 1.989
69 6 -0.043 0.063 1.990
69 7 -0.057 -0.124 1.967
69 8 -0.044 -0.173 1.952
69 9 0.331 0.313 1.953
69 10 0.426 0.080 1.934
69 11 0.440 -0.132 1.859
69 12 0.436 -0.209 1.831
69 13 0.082 -0.036 1.918
69 14 0.072 -0.415 1.853
69 15 0.076 -0.663 1.789
69 16 0.066 -0.696 1.708
69 17 0.222 -0.041 1.887
69 18 0.267 -0.462 1.977
69 19 0.274 -0.774 2.082
69 20 0.265 -0.808 2.002
70 1 0.142 0.035 1.900
70 2 0.147 0.076 1.937
70 3 0.150 0.316 1.940
70 4 0.124 0.552 1.958
70 5 -0.010 0.299 1.976
70 6 -0.065 0.056 1.958
70 7 -0.077 -0.131 1.918
70 8 -0.065 -0.205 1.905
70 9 0.322 0.311 1.941
70 10 0.417 0.077 1.925
70 11 0.436 -0.131 1.852
70 12 0.435 -0.208 1.825
70 13 0.069 -0.039 1.900
70 14 0.061 -0.420 1.841
70 15 0.073 -0.662 1.787
70 16 0.063 -0.695 1.706
70 17 0.209 -0.043 1.869
70 18 0.258 -0.465 1.954
70 19 0.267 -0.775 2.059
70 20 0.258 -0.808 1.978
71 1 0.131 0.034 1.883
71 2 0.136 0.074 1.922
71 3 0.140 0.313 1.928
71 4 0.116 0.548 1.946
71 5 -0.023 0.301 1.961
71 6 -0.081 0.053 1.930
71 7 -0.094 -0.134 1.875
71 8 -0.085 -0.221 1.866
71 9 0.311 0.311 1.926
71 10 0.408 0.077 1.916
71 11 0.430 -0.129 1.845
71 12 0.433 -0.206 1.819
71 13 0.057 -0.040 1.881
71 14 0.051 -0.425 1.831
71 15 0.069 -0.663 1.786
71 16 0.059 -0.696 1.705
71 17 0.198 -0.043 1.854
71 18 0.250 -0.465 1.928
71 19 0.259 -0.766 2.022
71 20 0.250 -0.799 1.941
72 1 0.120 0.036 1.867
72 2 0.126 0.074 1.907
72 3 0.129 0.311 1.914
72 4 0.108 0.547 1.932
72 5 -0.036 0.303 1.947
72 6 -0.097 0.053 1.894
72 7 -0.109 -0.139 1.833
72 8 -0.105 -0.232 1.822
72 9 0.301 0.312 1.913
72 10 0.396 0.077 1.905
72 11 0.424 -0.127 1.839
72 12 0.428 -0.205 1.813
72 13 0.047 -0.040 1.863
72 14 0.042 -0.431 1.821
72 15 0.065 -0.667 1.786
72 16 0.072 -0.713 1.724
72 17 0.188 -0.041 1.838
72 18 0.242 -0.464 1.899
72 19 0.252 -0.752 1.982
72 20 0.244 -0.784 1.901
73 1 0.112 0.037 1.852
73 2 0.117 0.075 1.893
73 3 0.119 0.311 1.901
73 4 0.100 0.547 1.919
73 5 -0.049 0.306 1.932
73 6 -0.106 0.055 1.872
73 7 -0.124 -0.144 1.788
73 8 -0.124 -0.236 1.773
73 9 0.290 0.313 1.900
73 10 0.382 0.078 1.892
73 11 0.415 -0.127 1.831
73 12 0.419 -0.205 1.807
73 13 0.039 -0.039 1.847
73 14 0.034 -0.435 1.813
73 15 0.059 -0.671 1.784
73 16 0.081 -0.718 1.731
73 17 0.180 -0.039 1.824
73 18 0.235 -0.462 1.861
73 19 0.246 -0.729 1.932
73 20 0.238 -0.762 1.851
74 1 0.105 0.038 1.838
74 2 0.110 0.075 1.881
74 3 0.111 0.312 1.889
74 4 0.092 0.548 1.904
74 5 -0.060 0.309 1.918
74 6 -0.119 0.060 1.846
74 7 -0.137 -0.143 1.749
74 8 -0.140 -0.228 1.721
74 9 0.277 0.315 1.886
74 10 0.367 0.079 1.878
74 11 0.399 -0.128 1.821
74 12 0.407 -0.207 1.800
74 13 0.033 -0.038 1.832
74 14 0.028 -0.437 1.806
74 15 0.055 -0.674 1.782
74 16 0.083 -0.719 1.732
74 17 0.174 -0.037 1.812
74 18 0.228 -0.451 1.821
74 19 0.239 -0.702 1.877
74 20 0.231 -0.734 1.796
75 1 0.100 0.038 1.827
75 2 0.104 0.076 1.869
75 3 0.103 0.313 1.877
75 4 0.085 0.549 1.892
75 5 -0.072 0.311 1.903
75 6 -0.128 0.063 1.828
75 7 -0.152 -0.126 1.712
75 8 -0.156 -0.203 1.673
75 9 0.267 0.316 1.874
75 10 0.353 0.080 1.866
75 11 0.385 -0.130 1.812
75 12 0.393 -0.208 1.793
75 13 0.028 -0.038 1.818
75 14 0.024 -0.437 1.800
75 15 0.050 -0.675 1.779
75 16 0.085 -0.720 1.733
75 17 0.170 -0.035 1.801
75 18 0.223 -0.443 1.791
75 19 0.233 -0.677 1.828
75 20 0.226 -0.710 1.746
76 1 0.095 0.039 1.816
76 2 0.099 0.076 1.859
76 3 0.095 0.315 1.866
76 4 0.078 0.550 1.879
76 5 -0.081 0.312 1.889
76 6 -0.137 0.066 1.810
76 7 -0.167 -0.109 1.673
76 8 -0.171 -0.181 1.629
76 9 0.258 0.318 1.864
76 10 0.343 0.080 1.855
76 11 0.371 -0.131 1.804
76 12 0.376 -0.210 1.786
76 13 0.024 -0.038 1.806
76 14 0.020 -0.436 1.794
76 15 0.046 -0.675 1.775
76 16 0.085 -0.720 1.731
76 17 0.166 -0.034 1.793
76 18 0.217 -0.434 1.765
76 19 0.226 -0.659 1.779
76 20 0.220 -0.692 1.698
77 1 0.091 0.040 1.806
77 2 0.094 0.078 1.849
77 3 0.088 0.318 1.856
77 4 0.071 0.553 1.868
77 5 -0.089 0.314 1.878
77 6 -0.147 0.070 1.793
77 7 -0.180 -0.094 1.642
77 8 -0.186 -0.156 1.587
77 9 0.248 0.319 1.853
77 10 0.329 0.081 1.843
77 11 0.355 -0.133 1.796
77 12 0.356 -0.211 1.778
77 13 0.020 -0.036 1.795
77 14 0.016 -0.435 1.790
77 15 0.042 -0.674 1.771
77 16 0.083 -0.721 1.729
77 17 0.162 -0.032 1.784
77 18 0.209 -0.429 1.740
77 19 0.221 -0.651 1.752
77 20 0.215 -0.684 1.671
78 1 0.087 0.042 1.797
78 2 0.090 0.079 1.841
78 3 0.082 0.321 1.846
78 4 0.064 0.556 1.857
78 5 -0.096 0.315 1.869
78 6 -0.158 0.076 1.777
78 7 -0.194 -0.076 1.616
78 8 -0.197 -0.137 1.559
78 9 0.240 0.321 1.843
78 10 0.320 0.082 1.834
78 11 0.337 -0.134 1.787
78 12 0.336 -0.209 1.769
78 13 0.017 -0.035 1.786
78 14 0.014 -0.433 1.785
78 15 0.040 -0.674 1.768
78 16 0.080 -0.721 1.727
78 17 0.159 -0.030 1.776
78 18 0.201 -0.427 1.721
78 19 0.213 -0.657 1.715
78 20 0.210 -0.684 1.645
79 1 0.084 0.042 1.789
79 2 0.086 0.081 1.833
79 3 0.075 0.323 1.837
79 4 0.057 0.559 1.845
79 5 -0.103 0.316 1.859
79 6 -0.166 0.081 1.763
79 7 -0.206 -0.060 1.597
79 8 -0.208 -0.117 1.538
79 9 0.231 0.323 1.832
79 10 0.312 0.083 1.825
79 11 0.322 -0.134 1.777
79 12 0.318 -0.204 1.759
79 13 0.015 -0.035 1.778
79 14 0.012 -0.431 1.781
79 15 0.038 -0.673 1.765
79 16 0.074 -0.722 1.722
79 17 0.156 -0.028 1.769
79 18 0.193 -0.426 1.705
79 19 0.205 -0.660 1.689
79 20 0.168 -0.635 1.660
80 1 0.080 0.043 1.780
80 2 0.082 0.082 1.825
80 3 0.069 0.325 1.829
80 4 0.050 0.561 1.835
80 5 -0.108 0.315 1.851
80 6 -0.173 0.085 1.754
80 7 -0.213 -0.048 1.585
80 8 -0.214 -0.108 1.519
80 9 0.223 0.325 1.822
80 10 0.305 0.085 1.817
80 11 0.308 -0.134 1.767
80 12 0.303 -0.201 1.750
80 13 0.012 -0.034 1.770
80 14 0.010 -0.430 1.777
80 15 0.037 -0.672 1.763
80 16 0.065 -0.723 1.718
80 17 0.153 -0.027 1.759
80 18 0.185 -0.425 1.691
80 19 0.196 -0.664 1.663
80 20 0.161 -0.599 1.647
81 1 0.076 0.044 1.771
81 2 0.078 0.083 1.816
81 3 0.063 0.327 1.820
81 4 0.044 0.563 1.824
81 5 -0.114 0.314 1.843
81 6 -0.179 0.091 1.746
81 7 -0.220 -0.038 1.576
81 8 -0.219 -0.102 1.504
81 9 0.217 0.326 1.812
81 10 0.297 0.086 1.805
81 11 0.297 -0.120 1.757
81 12 0.290 -0.192 1.740
81 13 0.009 -0.034 1.761
81 14 0.010 -0.428 1.774
81 15 0.036 -0.671 1.762
81 16 0.054 -0.723 1.713
81 17 0.149 -0.025 1.750
81 18 0.176 -0.423 1.678
81 19 0.191 -0.669 1.645
81 20 0.162 -0.653 1.589
82 1 0.072 0.045 1.761
82 2 0.074 0.084 1.807
82 3 0.058 0.329 1.810
82 4 0.038 0.564 1.811
82 5 -0.119 0.313 1.836
82 6 -0.183 0.095 1.741
82 7 -0.224 -0.032 1.569
82 8 -0.223 -0.097 1.495
82 9 0.210 0.327 1.801
82 10 0.290 0.087 1.793
82 11 0.289 -0.110 1.749
82 12 0.283 -0.185 1.732
82 13 0.006 -0.033 1.752
82 14 0.009 -0.428 1.769
82 15 0.035 -0.671 1.760
82 16 0.045 -0.721 1.708
82 17 0.145 -0.023 1.739
82 18 0.168 -0.422 1.669
82 19 0.185 -0.673 1.630
82 20 0.162 -0.690 1.548
83 1 0.067 0.046 1.751
83 2 0.070 0.085 1.797
83 3 0.052 0.330 1.800
83 4 0.032 0.564 1.798
83 5 -0.123 0.311 1.829
83 6 -0.186 0.099 1.737
83 7 -0.227 -0.027 1.564
83 8 -0.225 -0.094 1.488
83 9 0.204 0.328 1.788
83 10 0.283 0.088 1.777
83 11 0.284 -0.103 1.740
83 12 0.276 -0.179 1.719
83 13 0.002 -0.033 1.743
83 14 0.010 -0.438 1.759
83 15 0.037 -0.678 1.759
83 16 0.038 -0.674 1.703
83 17 0.140 -0.022 1.728
83 18 0.156 -0.425 1.658
83 19 0.177 -0.677 1.606
83 20 0.157 -0.709 1.514
84 1 0.063 0.046 1.740
84 2 0.066 0.086 1.786
84 3 0.048 0.331 1.789
84 4 0.028 0.565 1.785
84 5 -0.127 0.311 1.822
84 6 -0.189 0.101 1.735
84 7 -0.229 -0.024 1.561
84 8 -0.227 -0.092 1.484
84 9 0.199 0.329 1.776
84 10 0.277 0.088 1.760
84 11 0.279 -0.097 1.725
84 12 0.270 -0.174 1.703
84 13 -0.002 -0.033 1.734
84 14 0.010 -0.445 1.753
84 15 0.039 -0.684 1.759
84 16 0.038 -0.650 1.700
84 17 0.135 -0.021 1.716
84 18 0.146 -0.428 1.648
84 19 0.169 -0.679 1.584
84 20 0.153 -0.719 1.491
85 1 0.058 0.048 1.730
85 2 0.062 0.087 1.776
85 3 0.044 0.333 1.777
85 4 0.024 0.566 1.772
85 5 -0.131 0.311 1.815
85 6 -0.190 0.103 1.733
85 7 -0.231 -0.023 1.559
85 8 -0.228 -0.092 1.481
85 9 0.195 0.329 1.764
85 10 0.272 0.088 1.745
85 11 0.277 -0.093 1.708
85 12 0.268 -0.172 1.685
85 13 -0.006 -0.032 1.725
85 14 0.010 -0.451 1.747
85 15 0.040 -0.688 1.758
85 16 0.040 -0.639 1.699
85 17 0.130 -0.019 1.704
85 18 0.135 -0.428 1.632
85 19 0.159 -0.679 1.558
85 20 0.147 -0.723 1.467
86 1 0.054 0.049 1.719
86 2 0.058 0.089 1.765
86 3 0.041 0.334 1.765
86 4 0.021 0.568 1.758
86 5 -0.134 0.311 1.806
86 6 -0.192 0.104 1.731
86 7 -0.231 -0.026 1.558
86 8 -0.228 -0.094 1.488
86 9 0.193 0.329 1.752
86 10 0.269 0.088 1.729
86 11 0.277 -0.092 1.691
86 12 0.267 -0.171 1.671
86 13 -0.011 -0.031 1.716
86 14 0.009 -0.452 1.740
86 15 0.040 -0.690 1.756
86 16 0.048 -0.635 1.692
86 17 0.126 -0.018 1.692
86 18 0.127 -0.427 1.613
86 19 0.148 -0.676 1.530
86 20 0.138 -0.722 1.443
87 1 0.050 0.051 1.708
87 2 0.055 0.090 1.753
87 3 0.038 0.336 1.752
87 4 0.019 0.569 1.743
87 5 -0.136 0.312 1.798
87 6 -0.193 0.104 1.729
87 7 -0.230 -0.039 1.562
87 8 -0.226 -0.109 1.505
87 9 0.191 0.329 1.738
87 10 0.267 0.087 1.713
87 11 0.277 -0.093 1.673
87 12 0.267 -0.172 1.654
87 13 -0.015 -0.030 1.707
87 14 0.007 -0.450 1.732
87 15 0.039 -0.688 1.751
87 16 0.066 -0.638 1.687
87 17 0.121 -0.017 1.679
87 18 0.121 -0.425 1.595
87 19 0.141 -0.674 1.508
87 20 0.131 -0.719 1.423
88 1 0.046 0.052 1.695
88 2 0.052 0.092 1.740
88 3 0.037 0.337 1.740
88 4 0.018 0.570 1.728
88 5 -0.137 0.314 1.789
88 6 -0.195 0.101 1.727
88 7 -0.228 -0.057 1.571
88 8 -0.222 -0.130 1.529
88 9 0.190 0.328 1.723
88 10 0.266 0.086 1.697
88 11 0.271 -0.122 1.630
88 12 0.264 -0.192 1.622
88 13 -0.020 -0.028 1.694
88 14 0.004 -0.446 1.723
88 15 0.036 -0.684 1.741
88 16 0.073 -0.636 1.683
88 17 0.117 -0.016 1.666
88 18 0.116 -0.422 1.582
88 19 0.135 -0.671 1.488
88 20 0.124 -0.715 1.405
89 1 0.042 0.052 1.681
89 2 0.049 0.092 1.726
89 3 0.036 0.338 1.727
89 4 0.018 0.571 1.713
89 5 -0.138 0.316 1.781
89 6 -0.196 0.095 1.724
89 7 -0.222 -0.087 1.588
89 8 -0.214 -0.162 1.557
89 9 0.190 0.326 1.707
89 10 0.265 0.084 1.679
89 11 0.267 -0.140 1.605
89 12 0.262 -0.203 1.599
89 13 -0.025 -0.026 1.681
89 14 -0.000 -0.441 1.712
89 15 0.031 -0.679 1.727
89 16 0.074 -0.633 1.675
89 17 0.111 -0.017 1.649
89 18 0.111 -0.418 1.567
89 19 0.127 -0.669 1.467
89 20 0.115 -0.711 1.385
90 1 0.038 0.052 1.664
90 2 0.047 0.092 1.710
90 3 0.035 0.338 1.713
90 4 0.019 0.571 1.699
90 5 -0.137 0.318 1.772
90 6 -0.196 0.088 1.721
90 7 -0.214 -0.109 1.608
90 8 -0.207 -0.183 1.580
90 9 0.189 0.323 1.688
90 10 0.264 0.080 1.658
90 11 0.265 -0.148 1.589
90 12 0.260 -0.214 1.578
90 13 -0.030 -0.025 1.667
90 14 -0.006 -0.436 1.701
90 15 0.026 -0.675 1.714
90 16 0.072 -0.628 1.667
90 17 0.106 -0.019 1.630
90 18 0.107 -0.418 1.545
90 19 0.122 -0.670 1.456
90 20 0.108 -0.709 1.374
91 1 0.034 0.050 1.648
91 2 0.045 0.090 1.694
91 3 0.036 0.338 1.698
91 4 0.020 0.570 1.685
91 5 -0.135 0.320 1.762
91 6 -0.195 0.084 1.718
91 7 -0.204 -0.125 1.627
91 8 -0.196 -0.202 1.608
91 9 0.189 0.319 1.669
91 10 0.264 0.077 1.639
91 11 0.263 -0.153 1.574
91 12 0.257 -0.222 1.558
91 13 -0.034 -0.025 1.654
91 14 -0.011 -0.436 1.691
91 15 0.022 -0.675 1.704
91 16 0.064 -0.622 1.663
91 17 0.099 -0.021 1.609
91 18 0.105 -0.417 1.532
91 19 0.118 -0.670 1.448
91 20 0.102 -0.709 1.367
92 1 0.030 0.048 1.631
92 2 0.043 0.087 1.677
92 3 0.036 0.336 1.683
92 4 0.022 0.569 1.673
92 5 -0.132 0.322 1.753
92 6 -0.193 0.081 1.717
92 7 -0.190 -0.141 1.647
92 8 -0.185 -0.220 1.632
92 9 0.188 0.316 1.649
92 10 0.262 0.073 1.616
92 11 0.261 -0.156 1.557
92 12 0.254 -0.226 1.539
92 13 -0.038 -0.027 1.639
92 14 -0.018 -0.434 1.678
92 15 0.018 -0.673 1.695
92 16 0.058 -0.618 1.659
92 17 0.093 -0.024 1.590
92 18 0.103 -0.417 1.524
92 19 0.114 -0.672 1.442
92 20 0.096 -0.709 1.361
93 1 0.026 0.045 1.615
93 2 0.041 0.084 1.661
93 3 0.037 0.334 1.667
93 4 0.023 0.567 1.660
93 5 -0.127 0.324 1.742
93 6 -0.190 0.078 1.716
93 7 -0.179 -0.149 1.662
93 8 -0.174 -0.230 1.652
93 9 0.187 0.314 1.631
93 10 0.260 0.070 1.592
93 11 0.257 -0.158 1.537
93 12 0.249 -0.227 1.521
93 13 -0.042 -0.029 1.625
93 14 -0.027 -0.425 1.657
93 15 0.012 -0.665 1.685
93 16 0.052 -0.614 1.649
93 17 0.088 -0.026 1.574
93 18 0.100 -0.421 1.510
93 19 0.112 -0.673 1.437
93 20 0.092 -0.710 1.358
94 1 0.024 0.042 1.598
94 2 0.040 0.081 1.644
94 3 0.039 0.331 1.651
94 4 0.025 0.566 1.649
94 5 -0.118 0.326 1.722
94 6 -0.184 0.077 1.717
94 7 -0.168 -0.156 1.676
94 8 -0.159 -0.239 1.678
94 9 0.186 0.312 1.610
94 10 0.257 0.069 1.568
94 11 0.253 -0.157 1.514
94 12 0.244 -0.226 1.497
94 13 -0.044 -0.031 1.608
94 14 -0.031 -0.419 1.642
94 15 0.008 -0.659 1.675
94 16 0.019 -0.599 1.628
94 17 0.084 -0.028 1.559
94 18 0.098 -0.426 1.498
94 19 0.110 -0.676 1.434
94 20 0.089 -0.712 1.355
95 1 0.024 0.039 1.581
95 2 0.041 0.078 1.626
95 3 0.041 0.331 1.636
95 4 0.027 0.565 1.639
95 5 -0.111 0.329 1.707
95 6 -0.173 0.085 1.722
95 7 -0.158 -0.156 1.690
95 8 -0.149 -0.238 1.698
95 9 0.185 0.312 1.591
95 10 0.255 0.068 1.545
95 11 0.248 -0.153 1.491
95 12 0.239 -0.222 1.475
95 13 -0.043 -0.031 1.588
95 14 -0.033 -0.413 1.625
95 15 0.004 -0.651 1.666
95 16 0.006 -0.593 1.617
95 17 0.082 -0.029 1.543
95 18 0.097 -0.428 1.486
95 19 0.108 -0.678 1.430
95 20 0.086 -0.713 1.352
96 1 0.027 0.037 1.554
96 2 0.045 0.076 1.601
96 3 0.044 0.330 1.618
96 4 0.029 0.566 1.628
96 5 -0.105 0.333 1.692
96 6 -0.163 0.098 1.727
96 7 -0.151 -0.151 1.701
96 8 -0.143 -0.238 1.708
96 9 0.185 0.312 1.572
96 10 0.254 0.069 1.523
96 11 0.244 -0.147 1.466
96 12 0.233 -0.215 1.448
96 13 -0.037 -0.031 1.555
96 14 -0.033 -0.409 1.613
96 15 0.002 -0.646 1.656
96 16 -0.004 -0.588 1.609
96 17 0.084 -0.029 1.520
96 18 0.096 -0.439 1.469
96 19 0.106 -0.681 1.426
96 20 0.083 -0.715 1.349
97 1 0.030 0.036 1.534
97 2 0.049 0.075 1.581
97 3 0.047 0.331 1.602
97 4 0.033 0.567 1.616
97 5 -0.099 0.335 1.677
97 6 -0.155 0.109 1.730
97 7 -0.147 -0.149 1.707
97 8 -0.138 -0.235 1.716
97 9 0.184 0.313 1.556
97 10 0.253 0.070 1.502
97 11 0.240 -0.142 1.439
97 12 0.228 -0.209 1.422
97 13 -0.033 -0.031 1.534
97 14 -0.031 -0.406 1.599
97 15 -0.000 -0.642 1.646
97 16 -0.011 -0.584 1.602
97 17 0.087 -0.028 1.500
97 18 0.096 -0.444 1.461
97 19 0.105 -0.684 1.420
97 20 0.080 -0.717 1.343
98 1 0.033 0.035 1.517
98 2 0.052 0.074 1.564
98 3 0.050 0.332 1.586
98 4 0.037 0.568 1.606
98 5 -0.095 0.337 1.664
98 6 -0.148 0.118 1.730
98 7 -0.143 -0.145 1.710
98 8 -0.134 -0.229 1.719
98 9 0.183 0.315 1.539
98 10 0.253 0.073 1.483
98 11 0.235 -0.138 1.415
98 12 0.222 -0.205 1.393
98 13 -0.030 -0.030 1.518
98 14 -0.030 -0.404 1.587
98 15 -0.001 -0.647 1.639
98 16 -0.030 -0.659 1.571
98 17 0.088 -0.027 1.482
98 18 0.096 -0.446 1.454
98 19 0.105 -0.686 1.415
98 20 0.078 -0.718 1.339
99 1 0.034 0.035 1.503
99 2 0.054 0.074 1.550
99 3 0.052 0.333 1.572
99 4 0.039 0.569 1.594
99 5 -0.092 0.339 1.656
99 6 -0.142 0.127 1.728
99 7 -0.139 -0.139 1.711
99 8 -0.130 -0.222 1.719
99 9 0.182 0.316 1.523
99 10 0.252 0.075 1.463
99 11 0.228 -0.137 1.385
99 12 0.216 -0.201 1.369
99 13 -0.028 -0.030 1.506
99 14 -0.028 -0.403 1.575
99 15 -0.002 -0.652 1.633
99 16 -0.039 -0.695 1.553
99 17 0.089 -0.026 1.467
99 18 0.097 -0.446 1.447
99 19 0.104 -0.687 1.411
99 20 0.076 -0.719 1.336
100 1 0.036 0.034 1.488
100 2 0.056 0.073 1.535
100 3 0.055 0.333 1.558
100 4 0.042 0.570 1.581
100 5 -0.087 0.341 1.639
100 6 -0.136 0.138 1.721
100 7 -0.134 -0.129 1.706
100 8 -0.124 -0.210 1.712
100 9 0.181 0.317 1.507
100 10 0.252 0.077 1.443
100 11 0.222 -0.138 1.360
100 12 0.210 -0.198 1.344
100 13 -0.026 -0.030 1.492
100 14 -0.015 -0.416 1.536
100 15 -0.005 -0.649 1.628
100 16 -0.030 -0.664 1.547
100 17 0.090 -0.026 1.451
100 18 0.097 -0.443 1.440
100 19 0.104 -0.689 1.408
100 20 0.074 -0.720 1.332
101 1 0.037 0.033 1.476
101 2 0.058 0.072 1.522
101 3 0.057 0.333 1.545
101 4 0.045 0.570 1.568
101 5 -0.084 0.342 1.626
101 6 -0.132 0.145 1.715
101 7 -0.130 -0.121 1.700
101 8 -0.120 -0.201 1.705
101 9 0.180 0.318 1.494
101 10 0.252 0.079 1.424
101 11 0.217 -0.139 1.336
101 12 0.205 -0.196 1.319
101 13 -0.025 -0.030 1.481
101 14 -0.007 -0.423 1.515
101 15 -0.008 -0.647 1.621
101 16 -0.022 -0.640 1.542
101 17 0.090 -0.027 1.438
101 18 0.098 -0.440 1.433
101 19 0.104 -0.690 1.403
101 20 0.073 -0.722 1.328
102 1 0.037 0.032 1.465
102 2 0.059 0.071 1.511
102 3 0.059 0.332 1.533
102 4 0.048 0.569 1.556
102 5 -0.082 0.344 1.618
102 6 -0.127 0.152 1.705
102 7 -0.126 -0.111 1.691
102 8 -0.116 -0.191 1.694
102 9 0.179 0.318 1.480
102 10 0.252 0.080 1.404
102 11 0.213 -0.138 1.314
102 12 0.200 -0.194 1.297
102 13 -0.024 -0.030 1.471
102 14 -0.005 -0.428 1.505
102 15 -0.011 -0.651 1.614
102 16 -0.035 -0.664 1.531
102 17 0.089 -0.028 1.427
102 18 0.100 -0.437 1.427
102 19 0.102 -0.692 1.397
102 20 0.069 -0.724 1.322
103 1 0.037 0.031 1.454
103 2 0.060 0.069 1.500
103 3 0.061 0.330 1.521
103 4 0.050 0.567 1.544
103 5 -0.080 0.344 1.605
103 6 -0.124 0.156 1.691
103 7 -0.122 -0.104 1.678
103 8 -0.113 -0.183 1.681
103 9 0.179 0.318 1.468
103 10 0.251 0.081 1.384
103 11 0.211 -0.131 1.295
103 12 0.196 -0.192 1.276
103 13 -0.024 -0.031 1.461
103 14 -0.006 -0.435 1.499
103 15 -0.015 -0.660 1.601
103 16 -0.044 -0.686 1.516
103 17 0.089 -0.029 1.415
103 18 0.101 -0.435 1.421
103 19 0.099 -0.694 1.391
103 20 0.065 -0.726 1.317
104 1 0.037 0.028 1.445
104 2 0.060 0.067 1.490
104 3 0.063 0.328 1.510
104 4 0.051 0.564 1.532
104 5 -0.078 0.344 1.592
104 6 -0.122 0.153 1.669
104 7 -0.119 -0.102 1.660
104 8 -0.110 -0.181 1.662
104 9 0.179 0.318 1.457
104 10 0.252 0.082 1.370
104 11 0.209 -0.126 1.277
104 12 0.193 -0.189 1.256
104 13 -0.024 -0.033 1.452
104 14 -0.011 -0.441 1.493
104 15 -0.018 -0.672 1.580
104 16 -0.051 -0.705 1.497
104 17 0.088 -0.032 1.405
104 18 0.102 -0.433 1.416
104 19 0.096 -0.696 1.387
104 20 0.062 -0.728 1.312
105 1 0.037 0.027 1.436
105 2 0.060 0.065 1.482
105 3 0.064 0.326 1.501
105 4 0.052 0.559 1.521
105 5 -0.076 0.343 1.582
105 6 -0.121 0.150 1.650
105 7 -0.117 -0.101 1.642
105 8 -0.108 -0.181 1.644
105 9 0.181 0.317 1.446
105 10 0.253 0.082 1.357
105 11 0.210 -0.119 1.263
105 12 0.193 -0.186 1.238
105 13 -0.025 -0.035 1.444
105 14 -0.021 -0.444 1.480
105 15 -0.022 -0.683 1.553
105 16 -0.057 -0.719 1.475
105 17 0.087 -0.034 1.396
105 18 0.103 -0.433 1.411
105 19 0.094 -0.698 1.383
105 20 0.058 -0.730 1.309
