1 1 -0.060 -0.438 2.706
1 2 -0.049 -0.416 2.768
1 3 0.009 -0.166 2.886
1 4 0.004 0.027 2.889
1 5 -0.182 -0.264 2.870
1 6 -0.358 -0.331 2.868
1 7 -0.529 -0.274 2.928
1 8 -0.584 -0.261 2.933
1 9 0.136 -0.242 2.878
1 10 0.378 -0.282 2.920
1 11 0.495 -0.380 2.731
1 12 0.525 -0.413 2.690
1 13 -0.159 -0.493 2.678
1 14 -0.100 -0.572 2.234
1 15 -0.104 -0.773 2.070
1 16 -0.106 -0.821 1.997
1 17 -0.001 -0.501 2.656
1 18 0.182 -0.572 2.251
1 19 0.176 -0.839 2.126
1 20 0.242 -0.832 2.082
2 1 -0.103 -0.448 2.707
2 2 -0.082 -0.424 2.769
2 3 0.009 -0.166 2.886
2 4 0.003 0.027 2.888
2 5 -0.182 -0.264 2.870
2 6 -0.358 -0.331 2.868
2 7 -0.527 -0.270 2.925
2 8 -0.583 -0.258 2.931
2 9 0.136 -0.242 2.878
2 10 0.374 -0.277 2.932
2 11 0.494 -0.379 2.732
2 12 0.524 -0.411 2.691
2 13 -0.203 -0.496 2.683
2 14 -0.101 -0.572 2.237
2 15 -0.105 -0.771 2.072
2 16 -0.108 -0.819 1.999
2 17 -0.046 -0.514 2.657
2 18 0.176 -0.570 2.261
2 19 0.176 -0.839 2.126
2 20 0.242 -0.833 2.082
3 1 -0.119 -0.453 2.709
3 2 -0.095 -0.428 2.770
3 3 0.008 -0.166 2.886
3 4 0.003 0.027 2.888
3 5 -0.182 -0.264 2.870
3 6 -0.358 -0.331 2.868
3 7 -0.526 -0.268 2.924
3 8 -0.582 -0.257 2.930
3 9 0.136 -0.242 2.878
3 10 0.373 -0.277 2.933
3 11 0.494 -0.379 2.732
3 12 0.523 -0.410 2.690
3 13 -0.222 -0.500 2.687
3 14 -0.103 -0.571 2.243
3 15 -0.106 -0.770 2.080
3 16 -0.109 -0.817 2.005
3 17 -0.070 -0.522 2.660
3 18 0.170 -0.569 2.271
3 19 0.176 -0.839 2.126
3 20 0.242 -0.833 2.083
4 1 -0.071 -0.428 2.702
4 2 -0.064 -0.413 2.764
4 3 0.008 -0.166 2.886
4 4 0.002 0.027 2.888
4 5 -0.182 -0.264 2.870
4 6 -0.358 -0.332 2.868
4 7 -0.525 -0.266 2.922
4 8 -0.581 -0.255 2.929
4 9 0.136 -0.242 2.878
4 10 0.373 -0.277 2.934
4 11 0.494 -0.380 2.733
4 12 0.523 -0.409 2.689
4 13 -0.170 -0.479 2.671
4 14 -0.102 -0.571 2.242
4 15 -0.106 -0.771 2.080
4 16 -0.109 -0.818 2.005
4 17 0.009 -0.486 2.648
4 18 0.177 -0.571 2.259
4 19 0.176 -0.839 2.126
4 20 0.242 -0.833 2.083
5 1 -0.032 -0.426 2.703
5 2 -0.027 -0.408 2.765
5 3 0.008 -0.166 2.886
5 4 0.002 0.027 2.888
5 5 -0.182 -0.264 2.870
5 6 -0.358 -0.332 2.869
5 7 -0.524 -0.265 2.921
5 8 -0.581 -0.254 2.928
5 9 0.136 -0.242 2.877
5 10 0.372 -0.276 2.934
5 11 0.495 -0.381 2.733
5 12 0.522 -0.408 2.687
5 13 -0.119 -0.485 2.672
5 14 -0.102 -0.571 2.241
5 15 -0.106 -0.771 2.079
5 16 -0.109 -0.819 2.005
5 17 0.052 -0.484 2.652
5 18 0.183 -0.573 2.248
5 19 0.176 -0.839 2.126
5 20 0.242 -0.833 2.083
6 1 0.006 -0.423 2.706
6 2 -0.001 -0.405 2.767
6 3 0.008 -0.166 2.886
6 4 0.001 0.027 2.888
6 5 -0.182 -0.264 2.870
6 6 -0.358 -0.332 2.869
6 7 -0.524 -0.264 2.920
6 8 -0.581 -0.252 2.928
6 9 0.136 -0.242 2.877
6 10 0.372 -0.276 2.935
6 11 0.495 -0.381 2.733
6 12 0.522 -0.408 2.686
6 13 -0.077 -0.487 2.672
6 14 -0.102 -0.571 2.241
6 15 -0.106 -0.771 2.079
6 16 -0.109 -0.819 2.005
6 17 0.097 -0.476 2.656
6 18 0.186 -0.573 2.242
6 19 0.176 -0.839 2.126
6 20 0.242 -0.833 2.083
7 1 0.018 -0.421 2.707
7 2 0.010 -0.404 2.768
7 3 0.008 -0.166 2.886
7 4 0.001 0.027 2.887
7 5 -0.182 -0.264 2.870
7 6 -0.358 -0.332 2.869
7 7 -0.524 -0.263 2.919
7 8 -0.581 -0.251 2.928
7 9 0.136 -0.242 2.877
7 10 0.372 -0.276 2.935
7 11 0.495 -0.382 2.732
7 12 0.522 -0.408 2.685
7 13 -0.063 -0.488 2.671
7 14 -0.102 -0.571 2.240
7 15 -0.105 -0.771 2.079
7 16 -0.108 -0.819 2.005
7 17 0.114 -0.472 2.657
7 18 0.189 -0.574 2.238
7 19 0.176 -0.839 2.126
7 20 0.242 -0.833 2.083
8 1 0.026 -0.420 2.707
8 2 0.016 -0.403 2.768
8 3 0.008 -0.166 2.886
8 4 0.000 0.027 2.887
8 5 -0.182 -0.264 2.870
8 6 -0.358 -0.332 2.869
8 7 -0.524 -0.263 2.918
8 8 -0.581 -0.252 2.928
8 9 0.136 -0.243 2.877
8 10 0.372 -0.276 2.935
8 11 0.496 -0.383 2.732
8 12 0.522 -0.407 2.684
8 13 -0.054 -0.488 2.671
8 14 -0.101 -0.571 2.240
8 15 -0.105 -0.772 2.079
8 16 -0.108 -0.820 2.005
8 17 0.125 -0.470 2.658
8 18 0.190 -0.574 2.236
8 19 0.176 -0.839 2.126
8 20 0.242 -0.833 2.083
9 1 0.001 -0.414 2.702
9 2 0.011 -0.401 2.767
9 3 0.008 -0.166 2.886
9 4 -0.000 0.027 2.887
9 5 -0.183 -0.264 2.871
9 6 -0.358 -0.332 2.869
9 7 -0.524 -0.262 2.917
9 8 -0.582 -0.252 2.928
9 9 0.136 -0.243 2.877
9 10 0.333 -0.285 2.918
9 11 0.495 -0.383 2.733
9 12 0.521 -0.406 2.684
9 13 -0.094 -0.475 2.664
9 14 -0.101 -0.572 2.237
9 15 -0.103 -0.773 2.078
9 16 -0.106 -0.822 2.005
9 17 0.084 -0.468 2.648
9 18 0.191 -0.575 2.234
9 19 0.176 -0.839 2.126
9 20 0.241 -0.833 2.083
10 1 -0.000 -0.413 2.702
10 2 0.010 -0.401 2.767
10 3 0.007 -0.166 2.886
10 4 -0.000 0.027 2.887
10 5 -0.183 -0.264 2.871
10 6 -0.359 -0.332 2.869
10 7 -0.524 -0.262 2.917
10 8 -0.582 -0.254 2.928
10 9 0.136 -0.243 2.877
10 10 0.313 -0.289 2.910
10 11 0.494 -0.382 2.733
10 12 0.521 -0.406 2.685
10 13 -0.091 -0.475 2.666
10 14 -0.101 -0.572 2.237
10 15 -0.103 -0.773 2.078
10 16 -0.106 -0.823 2.005
10 17 0.088 -0.466 2.648
10 18 0.192 -0.575 2.233
10 19 0.176 -0.839 2.126
10 20 0.241 -0.833 2.083
11 1 -0.001 -0.413 2.702
11 2 0.009 -0.401 2.767
11 3 0.007 -0.166 2.886
11 4 -0.001 0.027 2.887
11 5 -0.183 -0.264 2.871
11 6 -0.359 -0.332 2.869
11 7 -0.524 -0.262 2.916
11 8 -0.583 -0.254 2.928
11 9 0.136 -0.243 2.877
11 10 0.338 -0.285 2.923
11 11 0.494 -0.382 2.733
11 12 0.521 -0.406 2.685
11 13 -0.091 -0.476 2.668
11 14 -0.100 -0.572 2.237
11 15 -0.103 -0.774 2.078
11 16 -0.105 -0.824 2.006
11 17 0.087 -0.466 2.648
11 18 0.192 -0.575 2.232
11 19 0.176 -0.839 2.126
11 20 0.241 -0.833 2.084
12 1 0.003 -0.417 2.705
12 2 0.010 -0.401 2.768
12 3 0.007 -0.166 2.886
12 4 -0.001 0.027 2.887
12 5 -0.183 -0.264 2.871
12 6 -0.359 -0.331 2.869
12 7 -0.525 -0.262 2.916
12 8 -0.583 -0.255 2.928
12 9 0.136 -0.243 2.877
12 10 0.347 -0.284 2.927
12 11 0.493 -0.382 2.733
12 12 0.521 -0.406 2.685
12 13 -0.084 -0.483 2.673
12 14 -0.100 -0.572 2.237
12 15 -0.102 -0.774 2.079
12 16 -0.104 -0.824 2.006
12 17 0.094 -0.472 2.656
12 18 0.193 -0.575 2.231
12 19 0.176 -0.839 2.126
12 20 0.240 -0.833 2.084
13 1 0.004 -0.419 2.707
13 2 0.010 -0.402 2.769
13 3 0.007 -0.166 2.886
13 4 -0.001 0.027 2.887
13 5 -0.183 -0.264 2.871
13 6 -0.359 -0.331 2.869
13 7 -0.525 -0.263 2.916
13 8 -0.584 -0.257 2.928
13 9 0.136 -0.243 2.877
13 10 0.359 -0.282 2.931
13 11 0.494 -0.383 2.732
13 12 0.522 -0.407 2.684
13 13 -0.082 -0.485 2.675
13 14 -0.100 -0.572 2.236
13 15 -0.101 -0.775 2.080
13 16 -0.103 -0.824 2.007
13 17 0.095 -0.474 2.659
13 18 0.193 -0.575 2.231
13 19 0.176 -0.839 2.127
13 20 0.240 -0.833 2.084
14 1 -0.068 -0.440 2.717
14 2 -0.050 -0.417 2.778
14 3 0.007 -0.166 2.885
14 4 -0.001 0.027 2.887
14 5 -0.183 -0.264 2.871
14 6 -0.360 -0.331 2.869
14 7 -0.526 -0.263 2.915
14 8 -0.585 -0.258 2.928
14 9 0.136 -0.243 2.877
14 10 0.367 -0.281 2.934
14 11 0.494 -0.383 2.732
14 12 0.522 -0.407 2.684
14 13 -0.168 -0.497 2.693
14 14 -0.103 -0.570 2.248
14 15 -0.103 -0.773 2.091
14 16 -0.105 -0.820 2.016
14 17 -0.013 -0.507 2.668
14 18 0.175 -0.571 2.261
14 19 0.176 -0.839 2.127
14 20 0.240 -0.833 2.084
15 1 -0.110 -0.453 2.724
15 2 -0.090 -0.426 2.785
15 3 0.007 -0.166 2.885
15 4 -0.001 0.027 2.886
15 5 -0.183 -0.264 2.871
15 6 -0.360 -0.330 2.869
15 7 -0.527 -0.264 2.915
15 8 -0.586 -0.260 2.928
15 9 0.135 -0.243 2.877
15 10 0.371 -0.279 2.937
15 11 0.494 -0.383 2.732
15 12 0.522 -0.407 2.684
15 13 -0.210 -0.504 2.704
15 14 -0.106 -0.569 2.257
15 15 -0.104 -0.772 2.100
15 16 -0.106 -0.817 2.024
15 17 -0.057 -0.520 2.674
15 18 0.165 -0.569 2.278
15 19 0.176 -0.839 2.127
15 20 0.240 -0.833 2.084
16 1 -0.126 -0.457 2.726
16 2 -0.103 -0.430 2.787
16 3 0.007 -0.166 2.885
16 4 -0.002 0.027 2.886
16 5 -0.184 -0.265 2.871
16 6 -0.360 -0.330 2.870
16 7 -0.528 -0.264 2.914
16 8 -0.587 -0.261 2.928
16 9 0.135 -0.243 2.877
16 10 0.374 -0.279 2.939
16 11 0.494 -0.383 2.732
16 12 0.522 -0.408 2.685
16 13 -0.229 -0.507 2.709
16 14 -0.107 -0.568 2.263
16 15 -0.105 -0.771 2.105
16 16 -0.108 -0.815 2.028
16 17 -0.080 -0.527 2.677
16 18 0.161 -0.568 2.285
16 19 0.176 -0.839 2.127
16 20 0.240 -0.833 2.084
17 1 -0.135 -0.460 2.728
17 2 -0.112 -0.432 2.788
17 3 0.007 -0.166 2.885
17 4 -0.002 0.027 2.886
17 5 -0.184 -0.265 2.871
17 6 -0.361 -0.329 2.870
17 7 -0.530 -0.266 2.913
17 8 -0.589 -0.263 2.927
17 9 0.135 -0.243 2.877
17 10 0.376 -0.278 2.939
17 11 0.494 -0.383 2.732
17 12 0.522 -0.408 2.685
17 13 -0.239 -0.509 2.710
17 14 -0.108 -0.567 2.265
17 15 -0.106 -0.771 2.107
17 16 -0.108 -0.814 2.029
17 17 -0.087 -0.529 2.676
17 18 0.158 -0.568 2.290
17 19 0.176 -0.839 2.127
17 20 0.239 -0.833 2.084
18 1 -0.046 -0.433 2.713
18 2 -0.043 -0.414 2.776
18 3 0.007 -0.166 2.885
18 4 -0.002 0.027 2.886
18 5 -0.184 -0.265 2.871
18 6 -0.361 -0.328 2.870
18 7 -0.532 -0.268 2.912
18 8 -0.590 -0.265 2.927
18 9 0.135 -0.243 2.877
18 10 0.377 -0.278 2.940
18 11 0.494 -0.381 2.732
18 12 0.522 -0.408 2.686
18 13 -0.136 -0.491 2.682
18 14 -0.105 -0.569 2.254
18 15 -0.104 -0.770 2.091
18 16 -0.107 -0.815 2.017
18 17 0.041 -0.487 2.659
18 18 0.176 -0.572 2.259
18 19 0.176 -0.839 2.127
18 20 0.239 -0.833 2.084
19 1 -0.012 -0.428 2.711
19 2 -0.010 -0.409 2.773
19 3 0.007 -0.166 2.885
19 4 -0.002 0.027 2.886
19 5 -0.184 -0.265 2.871
19 6 -0.361 -0.328 2.870
19 7 -0.533 -0.270 2.911
19 8 -0.591 -0.266 2.926
19 9 0.135 -0.243 2.877
19 10 0.378 -0.278 2.940
19 11 0.494 -0.381 2.732
19 12 0.522 -0.408 2.687
19 13 -0.100 -0.492 2.678
19 14 -0.103 -0.570 2.248
19 15 -0.103 -0.770 2.082
19 16 -0.106 -0.816 2.009
19 17 0.073 -0.483 2.662
19 18 0.185 -0.574 2.245
19 19 0.176 -0.839 2.127
19 20 0.239 -0.833 2.084
20 1 0.017 -0.423 2.709
20 2 0.012 -0.406 2.771
20 3 0.007 -0.166 2.885
20 4 -0.002 0.027 2.886
20 5 -0.184 -0.265 2.871
20 6 -0.362 -0.327 2.870
20 7 -0.534 -0.271 2.910
20 8 -0.592 -0.267 2.926
20 9 0.135 -0.243 2.877
20 10 0.379 -0.278 2.940
20 11 0.494 -0.380 2.732
20 12 0.522 -0.409 2.687
20 13 -0.063 -0.491 2.672
20 14 -0.102 -0.571 2.244
20 15 -0.103 -0.770 2.077
20 16 -0.106 -0.816 2.004
20 17 0.119 -0.474 2.661
20 18 0.190 -0.575 2.238
20 19 0.176 -0.839 2.127
20 20 0.243 -0.832 2.082
21 1 0.030 -0.421 2.708
21 2 0.023 -0.404 2.770
21 3 0.007 -0.166 2.885
21 4 -0.002 0.027 2.886
21 5 -0.184 -0.265 2.871
21 6 -0.362 -0.327 2.870
21 7 -0.535 -0.272 2.909
21 8 -0.593 -0.268 2.926
21 9 0.135 -0.243 2.877
21 10 0.379 -0.277 2.940
21 11 0.494 -0.379 2.732
21 12 0.522 -0.409 2.688
21 13 -0.049 -0.490 2.669
21 14 -0.101 -0.571 2.241
21 15 -0.103 -0.770 2.073
21 16 -0.105 -0.816 2.000
21 17 0.135 -0.470 2.660
21 18 0.192 -0.575 2.234
21 19 0.176 -0.839 2.127
21 20 0.243 -0.832 2.082
22 1 0.038 -0.419 2.708
22 2 0.030 -0.403 2.769
22 3 0.007 -0.166 2.885
22 4 -0.003 0.027 2.886
22 5 -0.184 -0.265 2.871
22 6 -0.362 -0.326 2.870
22 7 -0.536 -0.273 2.909
22 8 -0.594 -0.269 2.926
22 9 0.135 -0.243 2.877
22 10 0.379 -0.277 2.940
22 11 0.494 -0.379 2.731
22 12 0.522 -0.409 2.688
22 13 -0.040 -0.490 2.668
22 14 -0.100 -0.572 2.238
22 15 -0.102 -0.770 2.072
22 16 -0.105 -0.817 1.999
22 17 0.139 -0.469 2.661
22 18 0.194 -0.576 2.231
22 19 0.176 -0.839 2.127
22 20 0.243 -0.832 2.082
23 1 0.040 -0.419 2.708
23 2 0.033 -0.402 2.769
23 3 0.007 -0.166 2.885
23 4 -0.003 0.027 2.886
23 5 -0.184 -0.265 2.871
23 6 -0.362 -0.326 2.871
23 7 -0.537 -0.274 2.909
23 8 -0.594 -0.270 2.926
23 9 0.135 -0.243 2.877
23 10 0.379 -0.277 2.939
23 11 0.494 -0.378 2.731
23 12 0.522 -0.410 2.689
23 13 -0.041 -0.489 2.668
23 14 -0.099 -0.572 2.237
23 15 -0.102 -0.770 2.070
23 16 -0.105 -0.817 1.997
23 17 0.139 -0.469 2.661
23 18 0.195 -0.576 2.229
23 19 0.176 -0.839 2.127
23 20 0.242 -0.832 2.082
24 1 0.002 -0.413 2.702
24 2 0.007 -0.400 2.765
24 3 0.007 -0.166 2.885
24 4 -0.003 0.027 2.886
24 5 -0.184 -0.265 2.871
24 6 -0.363 -0.325 2.871
24 7 -0.537 -0.274 2.908
24 8 -0.595 -0.270 2.926
24 9 0.135 -0.243 2.877
24 10 0.379 -0.277 2.938
24 11 0.494 -0.377 2.731
24 12 0.522 -0.410 2.690
24 13 -0.088 -0.475 2.666
24 14 -0.099 -0.572 2.235
24 15 -0.102 -0.770 2.069
24 16 -0.105 -0.819 1.996
24 17 0.083 -0.466 2.647
24 18 0.196 -0.576 2.228
24 19 0.176 -0.839 2.127
24 20 0.242 -0.832 2.082
25 1 0.002 -0.415 2.704
25 2 0.006 -0.399 2.765
25 3 0.007 -0.166 2.885
25 4 -0.003 0.027 2.886
25 5 -0.184 -0.265 2.871
25 6 -0.363 -0.325 2.871
25 7 -0.538 -0.275 2.908
25 8 -0.595 -0.271 2.926
25 9 0.135 -0.243 2.877
25 10 0.378 -0.277 2.939
25 11 0.494 -0.377 2.731
25 12 0.522 -0.410 2.690
25 13 -0.086 -0.479 2.669
25 14 -0.099 -0.572 2.234
25 15 -0.102 -0.770 2.069
25 16 -0.105 -0.819 1.996
25 17 0.087 -0.468 2.651
25 18 0.196 -0.576 2.227
25 19 0.176 -0.839 2.127
25 20 0.242 -0.833 2.082
26 1 0.004 -0.418 2.706
26 2 0.005 -0.400 2.765
26 3 0.007 -0.166 2.885
26 4 -0.003 0.027 2.886
26 5 -0.184 -0.265 2.871
26 6 -0.362 -0.328 2.870
26 7 -0.536 -0.274 2.908
26 8 -0.591 -0.264 2.926
26 9 0.135 -0.243 2.877
26 10 0.377 -0.276 2.940
26 11 0.493 -0.377 2.731
26 12 0.522 -0.410 2.691
26 13 -0.083 -0.483 2.673
26 14 -0.099 -0.572 2.234
26 15 -0.098 -0.774 2.075
26 16 -0.101 -0.822 2.001
26 17 0.090 -0.471 2.655
26 18 0.196 -0.576 2.227
26 19 0.176 -0.839 2.127
26 20 0.241 -0.833 2.082
27 1 0.007 -0.420 2.708
27 2 0.006 -0.401 2.767
27 3 0.007 -0.166 2.885
27 4 -0.003 0.027 2.886
27 5 -0.184 -0.265 2.871
27 6 -0.362 -0.328 2.870
27 7 -0.536 -0.274 2.908
27 8 -0.591 -0.263 2.926
27 9 0.135 -0.243 2.877
27 10 0.377 -0.276 2.940
27 11 0.493 -0.376 2.731
27 12 0.522 -0.411 2.692
27 13 -0.079 -0.487 2.675
27 14 -0.098 -0.572 2.234
27 15 -0.097 -0.774 2.076
27 16 -0.100 -0.822 2.002
27 17 0.094 -0.474 2.659
27 18 0.196 -0.576 2.228
27 19 0.176 -0.839 2.127
27 20 0.241 -0.833 2.082
28 1 0.008 -0.422 2.710
28 2 0.007 -0.402 2.768
28 3 0.007 -0.166 2.885
28 4 -0.003 0.027 2.885
28 5 -0.184 -0.265 2.871
28 6 -0.361 -0.329 2.870
28 7 -0.536 -0.274 2.908
28 8 -0.590 -0.262 2.926
28 9 0.135 -0.243 2.877
28 10 0.376 -0.276 2.940
28 11 0.493 -0.376 2.731
28 12 0.522 -0.411 2.692
28 13 -0.077 -0.489 2.677
28 14 -0.098 -0.573 2.233
28 15 -0.097 -0.775 2.076
28 16 -0.100 -0.822 2.002
28 17 0.096 -0.476 2.661
28 18 0.196 -0.576 2.229
28 19 0.176 -0.839 2.127
28 20 0.240 -0.833 2.082
29 1 0.009 -0.423 2.710
29 2 0.007 -0.403 2.769
29 3 0.007 -0.166 2.885
29 4 -0.003 0.027 2.885
29 5 -0.184 -0.265 2.871
29 6 -0.361 -0.329 2.870
29 7 -0.536 -0.274 2.908
29 8 -0.590 -0.262 2.926
29 9 0.135 -0.243 2.877
29 10 0.376 -0.276 2.940
29 11 0.493 -0.376 2.731
29 12 0.523 -0.412 2.693
29 13 -0.077 -0.490 2.677
29 14 -0.098 -0.573 2.233
29 15 -0.096 -0.775 2.077
29 16 -0.099 -0.823 2.002
29 17 0.097 -0.477 2.663
29 18 0.196 -0.576 2.229
29 19 0.176 -0.839 2.127
29 20 0.240 -0.833 2.082
30 1 0.010 -0.424 2.711
30 2 0.008 -0.404 2.770
30 3 0.007 -0.166 2.885
30 4 -0.003 0.027 2.885
30 5 -0.184 -0.265 2.871
30 6 -0.361 -0.329 2.870
30 7 -0.536 -0.274 2.908
30 8 -0.590 -0.262 2.926
30 9 0.135 -0.243 2.877
30 10 0.376 -0.276 2.939
30 11 0.493 -0.376 2.730
30 12 0.523 -0.413 2.693
30 13 -0.076 -0.491 2.678
30 14 -0.098 -0.573 2.233
30 15 -0.096 -0.776 2.077
30 16 -0.099 -0.823 2.003
30 17 0.098 -0.478 2.664
30 18 0.195 -0.576 2.230
30 19 0.176 -0.839 2.127
30 20 0.240 -0.833 2.082
31 1 0.011 -0.424 2.712
31 2 0.008 -0.404 2.771
31 3 0.007 -0.166 2.885
31 4 -0.003 0.027 2.885
31 5 -0.184 -0.265 2.871
31 6 -0.362 -0.326 2.872
31 7 -0.537 -0.276 2.908
31 8 -0.593 -0.267 2.924
31 9 0.135 -0.243 2.877
31 10 0.376 -0.277 2.936
31 11 0.492 -0.375 2.728
31 12 0.523 -0.414 2.695
31 13 -0.076 -0.492 2.678
31 14 -0.098 -0.573 2.233
31 15 -0.098 -0.774 2.075
31 16 -0.093 -0.833 2.033
31 17 0.098 -0.478 2.664
31 18 0.195 -0.576 2.230
31 19 0.176 -0.839 2.127
31 20 0.239 -0.833 2.083
32 1 0.011 -0.425 2.712
32 2 0.009 -0.405 2.771
32 3 0.007 -0.166 2.885
32 4 -0.003 0.027 2.885
32 5 -0.184 -0.265 2.871
32 6 -0.362 -0.324 2.873
32 7 -0.538 -0.277 2.908
32 8 -0.595 -0.270 2.924
32 9 0.136 -0.243 2.877
32 10 0.377 -0.277 2.933
32 11 0.491 -0.373 2.725
32 12 0.523 -0.415 2.697
32 13 -0.075 -0.492 2.678
32 14 -0.098 -0.573 2.233
32 15 -0.098 -0.774 2.075
32 16 -0.095 -0.831 2.028
32 17 0.099 -0.479 2.664
32 18 0.195 -0.576 2.231
32 19 0.176 -0.839 2.127
32 20 0.239 -0.833 2.083
33 1 0.011 -0.425 2.712
33 2 0.009 -0.405 2.772
33 3 0.007 -0.166 2.885
33 4 -0.003 0.027 2.885
33 5 -0.184 -0.265 2.871
33 6 -0.362 -0.323 2.874
33 7 -0.539 -0.278 2.908
33 8 -0.596 -0.273 2.923
33 9 0.136 -0.243 2.877
33 10 0.378 -0.278 2.930
33 11 0.490 -0.372 2.722
33 12 0.523 -0.415 2.698
33 13 -0.075 -0.493 2.679
33 14 -0.098 -0.573 2.233
33 15 -0.099 -0.774 2.075
33 16 -0.098 -0.826 2.018
33 17 0.099 -0.479 2.665
33 18 0.194 -0.576 2.231
33 19 0.176 -0.839 2.127
33 20 0.239 -0.833 2.083
34 1 0.012 -0.426 2.712
34 2 0.010 -0.406 2.772
34 3 0.006 -0.166 2.885
34 4 -0.001 0.026 2.883
34 5 -0.184 -0.265 2.871
34 6 -0.362 -0.323 2.872
34 7 -0.539 -0.281 2.907
34 8 -0.597 -0.274 2.923
34 9 0.136 -0.243 2.877
34 10 0.378 -0.279 2.927
34 11 0.490 -0.371 2.720
34 12 0.522 -0.415 2.698
34 13 -0.074 -0.493 2.679
34 14 -0.098 -0.573 2.233
34 15 -0.099 -0.776 2.078
34 16 -0.099 -0.826 2.017
34 17 0.100 -0.479 2.665
34 18 0.194 -0.576 2.231
34 19 0.176 -0.839 2.127
34 20 0.239 -0.833 2.083
35 1 -0.021 -0.427 2.701
35 2 -0.012 -0.409 2.764
35 3 0.006 -0.166 2.884
35 4 0.003 0.026 2.879
35 5 -0.184 -0.265 2.871
35 6 -0.360 -0.328 2.870
35 7 -0.538 -0.281 2.906
35 8 -0.595 -0.273 2.923
35 9 0.136 -0.243 2.876
35 10 0.379 -0.279 2.924
35 11 0.489 -0.369 2.718
35 12 0.521 -0.416 2.697
35 13 -0.113 -0.486 2.668
35 14 -0.099 -0.573 2.232
35 15 -0.100 -0.776 2.078
35 16 -0.102 -0.826 2.011
35 17 0.060 -0.484 2.649
35 18 0.194 -0.576 2.231
35 19 0.176 -0.839 2.127
35 20 0.238 -0.833 2.083
36 1 -0.086 -0.448 2.709
36 2 -0.067 -0.425 2.771
36 3 0.006 -0.167 2.884
36 4 0.008 0.026 2.874
36 5 -0.184 -0.265 2.871
36 6 -0.360 -0.329 2.869
36 7 -0.538 -0.282 2.906
36 8 -0.594 -0.273 2.922
36 9 0.136 -0.243 2.876
36 10 0.379 -0.279 2.921
36 11 0.487 -0.369 2.715
36 12 0.518 -0.416 2.695
36 13 -0.182 -0.498 2.684
36 14 -0.105 -0.570 2.245
36 15 -0.109 -0.772 2.088
36 16 -0.112 -0.818 2.014
36 17 -0.028 -0.515 2.661
36 18 0.172 -0.572 2.266
36 19 0.176 -0.839 2.127
36 20 0.238 -0.833 2.083
37 1 -0.043 -0.446 2.701
37 2 -0.041 -0.426 2.764
37 3 0.006 -0.167 2.883
37 4 0.013 0.024 2.869
37 5 -0.183 -0.264 2.870
37 6 -0.359 -0.329 2.868
37 7 -0.537 -0.283 2.906
37 8 -0.594 -0.273 2.922
37 9 0.136 -0.243 2.875
37 10 0.382 -0.282 2.911
37 11 0.483 -0.370 2.716
37 12 0.510 -0.417 2.692
37 13 -0.130 -0.499 2.671
37 14 -0.106 -0.570 2.242
37 15 -0.112 -0.774 2.088
37 16 -0.115 -0.819 2.011
37 17 0.042 -0.504 2.654
37 18 0.175 -0.573 2.259
37 19 0.176 -0.839 2.127
37 20 0.238 -0.833 2.083
38 1 -0.028 -0.445 2.701
38 2 -0.025 -0.425 2.762
38 3 0.006 -0.167 2.881
38 4 0.019 0.022 2.864
38 5 -0.182 -0.264 2.869
38 6 -0.357 -0.326 2.868
38 7 -0.538 -0.292 2.900
38 8 -0.597 -0.288 2.911
38 9 0.137 -0.243 2.874
38 10 0.384 -0.284 2.904
38 11 0.475 -0.373 2.721
38 12 0.502 -0.418 2.687
38 13 -0.118 -0.500 2.670
38 14 -0.106 -0.571 2.239
38 15 -0.114 -0.774 2.086
38 16 -0.117 -0.819 2.008
38 17 0.050 -0.506 2.656
38 18 0.178 -0.574 2.252
38 19 0.176 -0.839 2.127
38 20 0.238 -0.833 2.083
39 1 -0.012 -0.443 2.700
39 2 -0.013 -0.423 2.761
39 3 0.006 -0.168 2.880
39 4 0.028 0.020 2.858
39 5 -0.179 -0.264 2.866
39 6 -0.355 -0.324 2.867
39 7 -0.529 -0.268 2.895
39 8 -0.591 -0.266 2.907
39 9 0.139 -0.244 2.872
39 10 0.388 -0.285 2.895
39 11 0.471 -0.375 2.723
39 12 0.494 -0.420 2.683
39 13 -0.099 -0.499 2.668
39 14 -0.106 -0.569 2.236
39 15 -0.116 -0.771 2.079
39 16 -0.106 -0.826 2.030
39 17 0.077 -0.501 2.657
39 18 0.181 -0.575 2.246
39 19 0.176 -0.840 2.127
39 20 0.238 -0.833 2.083
40 1 0.001 -0.439 2.703
40 2 -0.004 -0.421 2.763
40 3 0.006 -0.169 2.877
40 4 0.036 0.019 2.852
40 5 -0.177 -0.264 2.864
40 6 -0.354 -0.320 2.865
40 7 -0.487 -0.256 2.751
40 8 -0.523 -0.252 2.701
40 9 0.169 -0.225 2.887
40 10 0.386 -0.284 2.885
40 11 0.467 -0.377 2.724
40 12 0.489 -0.422 2.680
40 13 -0.086 -0.500 2.669
40 14 -0.106 -0.569 2.236
40 15 -0.117 -0.771 2.078
40 16 -0.107 -0.826 2.028
40 17 0.096 -0.497 2.661
40 18 0.182 -0.576 2.242
40 19 0.176 -0.841 2.127
40 20 0.238 -0.833 2.083
41 1 0.008 -0.439 2.706
41 2 0.003 -0.420 2.765
41 3 0.006 -0.170 2.875
41 4 0.042 0.017 2.846
41 5 -0.175 -0.263 2.862
41 6 -0.357 -0.306 2.848
41 7 -0.476 -0.236 2.660
41 8 -0.508 -0.238 2.606
41 9 0.175 -0.230 2.878
41 10 0.386 -0.284 2.871
41 11 0.463 -0.380 2.721
41 12 0.482 -0.431 2.666
41 13 -0.080 -0.502 2.672
41 14 -0.106 -0.567 2.236
41 15 -0.118 -0.769 2.077
41 16 -0.111 -0.817 2.019
41 17 0.105 -0.497 2.665
41 18 0.182 -0.576 2.241
41 19 0.175 -0.841 2.127
41 20 0.237 -0.833 2.083
42 1 0.014 -0.436 2.710
42 2 0.009 -0.417 2.768
42 3 0.007 -0.171 2.872
42 4 0.048 0.014 2.841
42 5 -0.173 -0.263 2.858
42 6 -0.359 -0.297 2.836
42 7 -0.459 -0.224 2.611
42 8 -0.483 -0.231 2.539
42 9 0.184 -0.229 2.877
42 10 0.386 -0.283 2.862
42 11 0.453 -0.385 2.714
42 12 0.475 -0.440 2.657
42 13 -0.075 -0.502 2.674
42 14 -0.106 -0.567 2.235
42 15 -0.118 -0.769 2.079
42 16 -0.111 -0.815 2.018
42 17 0.113 -0.497 2.669
42 18 0.182 -0.576 2.240
42 19 0.176 -0.842 2.126
42 20 0.237 -0.833 2.083
43 1 0.018 -0.434 2.712
43 2 0.012 -0.415 2.769
43 3 0.007 -0.172 2.868
43 4 0.057 0.010 2.830
43 5 -0.170 -0.260 2.854
43 6 -0.361 -0.294 2.821
43 7 -0.440 -0.206 2.616
43 8 -0.451 -0.233 2.527
43 9 0.189 -0.228 2.877
43 10 0.386 -0.282 2.855
43 11 0.436 -0.399 2.691
43 12 0.468 -0.448 2.651
43 13 -0.072 -0.502 2.675
43 14 -0.106 -0.566 2.235
43 15 -0.118 -0.770 2.080
43 16 -0.112 -0.814 2.017
43 17 0.117 -0.496 2.671
43 18 0.183 -0.576 2.240
43 19 0.176 -0.842 2.126
43 20 0.237 -0.833 2.083
44 1 0.021 -0.432 2.714
44 2 0.014 -0.413 2.771
44 3 0.009 -0.173 2.863
44 4 0.063 0.008 2.823
44 5 -0.167 -0.257 2.847
44 6 -0.348 -0.300 2.788
44 7 -0.422 -0.209 2.587
44 8 -0.437 -0.220 2.507
44 9 0.193 -0.227 2.877
44 10 0.386 -0.281 2.848
44 11 0.428 -0.401 2.683
44 12 0.459 -0.457 2.645
44 13 -0.070 -0.501 2.676
44 14 -0.105 -0.566 2.235
44 15 -0.118 -0.771 2.083
44 16 -0.107 -0.817 2.024
44 17 0.119 -0.496 2.673
44 18 0.183 -0.576 2.239
44 19 0.176 -0.842 2.126
44 20 0.238 -0.833 2.083
45 1 0.022 -0.430 2.715
45 2 0.016 -0.411 2.772
45 3 0.013 -0.175 2.853
45 4 0.068 0.006 2.817
45 5 -0.164 -0.252 2.839
45 6 -0.343 -0.291 2.764
45 7 -0.391 -0.217 2.552
45 8 -0.385 -0.275 2.490
45 9 0.196 -0.226 2.876
45 10 0.387 -0.281 2.843
45 11 0.422 -0.401 2.677
45 12 0.444 -0.457 2.630
45 13 -0.069 -0.500 2.677
45 14 -0.105 -0.566 2.235
45 15 -0.118 -0.772 2.084
45 16 -0.107 -0.816 2.022
45 17 0.120 -0.495 2.675
45 18 0.183 -0.576 2.239
45 19 0.177 -0.842 2.125
45 20 0.238 -0.833 2.083
46 1 0.023 -0.429 2.716
46 2 0.016 -0.409 2.772
46 3 0.018 -0.176 2.842
46 4 0.072 0.004 2.812
46 5 -0.161 -0.246 2.827
46 6 -0.341 -0.295 2.755
46 7 -0.360 -0.274 2.545
46 8 -0.356 -0.297 2.469
46 9 0.199 -0.228 2.872
46 10 0.388 -0.282 2.837
46 11 0.418 -0.400 2.670
46 12 0.430 -0.458 2.617
46 13 -0.069 -0.498 2.677
46 14 -0.105 -0.566 2.235
46 15 -0.118 -0.772 2.085
46 16 -0.107 -0.816 2.019
46 17 0.118 -0.496 2.675
46 18 0.183 -0.577 2.239
46 19 0.177 -0.841 2.125
46 20 0.238 -0.833 2.082
47 1 0.023 -0.427 2.715
47 2 0.017 -0.407 2.771
47 3 0.024 -0.177 2.832
47 4 0.076 0.003 2.808
47 5 -0.158 -0.240 2.815
47 6 -0.330 -0.289 2.721
47 7 -0.333 -0.302 2.514
47 8 -0.337 -0.311 2.453
47 9 0.201 -0.229 2.867
47 10 0.391 -0.288 2.820
47 11 0.410 -0.435 2.631
47 12 0.418 -0.497 2.606
47 13 -0.070 -0.496 2.676
47 14 -0.105 -0.566 2.234
47 15 -0.118 -0.773 2.085
47 16 -0.106 -0.815 2.016
47 17 0.117 -0.496 2.675
47 18 0.183 -0.577 2.238
47 19 0.177 -0.841 2.124
47 20 0.238 -0.833 2.082
48 1 0.023 -0.425 2.714
48 2 0.017 -0.404 2.769
48 3 0.028 -0.177 2.823
48 4 0.082 0.003 2.800
48 5 -0.153 -0.235 2.802
48 6 -0.319 -0.277 2.691
48 7 -0.315 -0.315 2.492
48 8 -0.322 -0.320 2.435
48 9 0.204 -0.231 2.861
48 10 0.395 -0.294 2.805
48 11 0.407 -0.451 2.629
48 12 0.414 -0.515 2.601
48 13 -0.071 -0.493 2.674
48 14 -0.105 -0.566 2.233
48 15 -0.117 -0.774 2.085
48 16 -0.105 -0.815 2.013
48 17 0.115 -0.497 2.674
48 18 0.183 -0.577 2.238
48 19 0.178 -0.840 2.124
48 20 0.238 -0.833 2.082
49 1 0.022 -0.424 2.713
49 2 0.016 -0.402 2.767
49 3 0.033 -0.177 2.814
49 4 0.092 0.002 2.787
49 5 -0.148 -0.230 2.788
49 6 -0.314 -0.272 2.677
49 7 -0.301 -0.305 2.438
49 8 -0.294 -0.331 2.396
49 9 0.208 -0.231 2.856
49 10 0.397 -0.299 2.796
49 11 0.405 -0.461 2.630
49 12 0.411 -0.525 2.598
49 13 -0.076 -0.489 2.673
49 14 -0.104 -0.566 2.233
49 15 -0.117 -0.775 2.086
49 16 -0.104 -0.815 2.011
49 17 0.112 -0.499 2.673
49 18 0.183 -0.577 2.237
49 19 0.178 -0.840 2.124
49 20 0.239 -0.833 2.082
50 1 0.022 -0.422 2.709
50 2 0.017 -0.399 2.762
50 3 0.038 -0.176 2.802
50 4 0.102 0.002 2.774
50 5 -0.140 -0.225 2.771
50 6 -0.297 -0.271 2.631
50 7 -0.273 -0.309 2.384
50 8 -0.283 -0.353 2.370
50 9 0.211 -0.232 2.851
50 10 0.399 -0.302 2.789
50 11 0.404 -0.469 2.631
50 12 0.409 -0.532 2.596
50 13 -0.077 -0.486 2.670
50 14 -0.104 -0.567 2.231
50 15 -0.117 -0.776 2.085
50 16 -0.102 -0.815 2.008
50 17 0.111 -0.499 2.672
50 18 0.183 -0.578 2.236
50 19 0.178 -0.839 2.124
50 20 0.242 -0.831 2.082
51 1 0.022 -0.421 2.707
51 2 0.017 -0.397 2.759
51 3 0.045 -0.175 2.791
51 4 0.115 0.003 2.761
51 5 -0.130 -0.220 2.752
51 6 -0.281 -0.271 2.589
51 7 -0.230 -0.329 2.330
51 8 -0.250 -0.386 2.325
51 9 0.217 -0.231 2.844
51 10 0.400 -0.307 2.783
51 11 0.403 -0.479 2.636
51 12 0.408 -0.539 2.600
51 13 -0.078 -0.485 2.669
51 14 -0.104 -0.567 2.230
51 15 -0.116 -0.777 2.085
51 16 -0.097 -0.820 2.018
51 17 0.105 -0.507 2.679
51 18 0.182 -0.579 2.240
51 19 0.178 -0.839 2.124
51 20 0.244 -0.830 2.081
52 1 0.023 -0.421 2.706
52 2 0.018 -0.395 2.756
52 3 0.053 -0.173 2.778
52 4 0.130 0.006 2.743
52 5 -0.122 -0.217 2.736
52 6 -0.271 -0.260 2.576
52 7 -0.216 -0.335 2.320
52 8 -0.197 -0.399 2.278
52 9 0.225 -0.231 2.833
52 10 0.401 -0.311 2.778
52 11 0.402 -0.486 2.640
52 12 0.407 -0.542 2.605
52 13 -0.079 -0.484 2.669
52 14 -0.103 -0.568 2.229
52 15 -0.116 -0.778 2.085
52 16 -0.087 -0.830 2.034
52 17 0.105 -0.512 2.683
52 18 0.182 -0.580 2.241
52 19 0.179 -0.838 2.124
52 20 0.247 -0.828 2.081
53 1 0.028 -0.425 2.699
53 2 0.022 -0.396 2.749
53 3 0.060 -0.172 2.766
53 4 0.138 0.007 2.731
53 5 -0.104 -0.216 2.713
53 6 -0.259 -0.264 2.554
53 7 -0.201 -0.341 2.314
53 8 -0.169 -0.402 2.260
53 9 0.232 -0.230 2.819
53 10 0.401 -0.315 2.774
53 11 0.401 -0.490 2.643
53 12 0.405 -0.545 2.609
53 13 -0.073 -0.487 2.663
53 14 -0.102 -0.569 2.224
53 15 -0.116 -0.779 2.082
53 16 -0.074 -0.840 2.053
53 17 0.108 -0.516 2.684
53 18 0.182 -0.581 2.242
53 19 0.179 -0.838 2.124
53 20 0.250 -0.827 2.081
54 1 0.036 -0.430 2.689
54 2 0.028 -0.397 2.739
54 3 0.068 -0.170 2.748
54 4 0.145 0.007 2.718
54 5 -0.093 -0.217 2.699
54 6 -0.252 -0.266 2.542
54 7 -0.185 -0.348 2.307
54 8 -0.120 -0.423 2.245
54 9 0.238 -0.230 2.808
54 10 0.402 -0.319 2.770
54 11 0.400 -0.493 2.646
54 12 0.402 -0.548 2.617
54 13 -0.063 -0.491 2.653
54 14 -0.101 -0.567 2.217
54 15 -0.109 -0.782 2.083
54 16 -0.066 -0.833 2.037
54 17 0.114 -0.521 2.682
54 18 0.183 -0.582 2.241
54 19 0.179 -0.837 2.124
54 20 0.252 -0.826 2.081
55 1 0.044 -0.435 2.680
55 2 0.035 -0.399 2.728
55 3 0.075 -0.168 2.732
55 4 0.153 0.008 2.700
55 5 -0.082 -0.217 2.683
55 6 -0.246 -0.269 2.532
55 7 -0.173 -0.353 2.310
55 8 -0.080 -0.448 2.236
55 9 0.243 -0.229 2.796
55 10 0.399 -0.336 2.759
55 11 0.400 -0.500 2.646
55 12 0.398 -0.555 2.620
55 13 -0.053 -0.496 2.644
55 14 -0.100 -0.565 2.213
55 15 -0.090 -0.793 2.110
55 16 -0.067 -0.834 2.046
55 17 0.122 -0.525 2.680
55 18 0.184 -0.584 2.239
55 19 0.179 -0.837 2.124
55 20 0.253 -0.826 2.080
56 1 0.051 -0.437 2.673
56 2 0.042 -0.399 2.719
56 3 0.081 -0.167 2.716
56 4 0.161 0.007 2.683
56 5 -0.074 -0.217 2.671
56 6 -0.229 -0.290 2.500
56 7 -0.162 -0.360 2.309
56 8 -0.086 -0.438 2.256
56 9 0.247 -0.229 2.786
56 10 0.397 -0.346 2.752
56 11 0.396 -0.507 2.646
56 12 0.388 -0.563 2.622
56 13 -0.044 -0.498 2.636
56 14 -0.098 -0.561 2.211
56 15 -0.080 -0.793 2.131
56 16 -0.070 -0.834 2.065
56 17 0.130 -0.527 2.677
56 18 0.185 -0.586 2.237
56 19 0.179 -0.835 2.124
56 20 0.255 -0.826 2.080
57 1 0.058 -0.439 2.666
57 2 0.048 -0.399 2.711
57 3 0.088 -0.166 2.701
57 4 0.171 0.007 2.663
57 5 -0.063 -0.218 2.652
57 6 -0.218 -0.292 2.488
57 7 -0.106 -0.397 2.306
57 8 -0.007 -0.490 2.221
57 9 0.253 -0.229 2.776
57 10 0.395 -0.357 2.745
57 11 0.392 -0.518 2.644
57 12 0.380 -0.573 2.620
57 13 -0.038 -0.499 2.630
57 14 -0.092 -0.549 2.213
57 15 -0.075 -0.787 2.144
57 16 -0.062 -0.823 2.073
57 17 0.137 -0.529 2.673
57 18 0.186 -0.588 2.234
57 19 0.180 -0.834 2.125
57 20 0.258 -0.827 2.080
58 1 0.063 -0.440 2.661
58 2 0.053 -0.398 2.704
58 3 0.095 -0.166 2.685
58 4 0.179 0.006 2.652
58 5 -0.053 -0.218 2.637
58 6 -0.158 -0.311 2.460
58 7 -0.067 -0.434 2.293
58 8 -0.037 -0.534 2.179
58 9 0.261 -0.228 2.765
58 10 0.393 -0.365 2.740
58 11 0.389 -0.526 2.642
58 12 0.375 -0.580 2.618
58 13 -0.033 -0.499 2.626
58 14 -0.087 -0.541 2.214
58 15 -0.074 -0.783 2.155
58 16 -0.058 -0.817 2.080
58 17 0.143 -0.530 2.671
58 18 0.187 -0.589 2.231
58 19 0.180 -0.832 2.125
58 20 0.260 -0.829 2.080
59 1 0.070 -0.440 2.655
59 2 0.061 -0.396 2.694
59 3 0.109 -0.166 2.662
59 4 0.188 0.007 2.639
59 5 -0.043 -0.218 2.620
59 6 -0.150 -0.317 2.446
59 7 -0.058 -0.435 2.295
59 8 -0.005 -0.528 2.186
59 9 0.275 -0.232 2.751
59 10 0.392 -0.382 2.730
59 11 0.385 -0.546 2.632
59 12 0.371 -0.591 2.612
59 13 -0.027 -0.500 2.621
59 14 -0.082 -0.536 2.215
59 15 -0.073 -0.781 2.161
59 16 -0.056 -0.814 2.084
59 17 0.150 -0.531 2.669
59 18 0.188 -0.591 2.229
59 19 0.180 -0.831 2.126
59 20 0.262 -0.831 2.080
60 1 0.076 -0.442 2.648
60 2 0.069 -0.396 2.683
60 3 0.118 -0.164 2.645
60 4 0.200 0.008 2.616
60 5 -0.033 -0.217 2.603
60 6 -0.147 -0.320 2.436
60 7 -0.076 -0.430 2.288
60 8 -0.063 -0.469 2.223
60 9 0.283 -0.235 2.741
60 10 0.392 -0.391 2.724
60 11 0.382 -0.556 2.624
60 12 0.368 -0.599 2.608
60 13 -0.022 -0.500 2.615
60 14 -0.078 -0.533 2.215
60 15 -0.073 -0.782 2.166
60 16 -0.068 -0.837 2.109
60 17 0.155 -0.533 2.667
60 18 0.189 -0.592 2.227
60 19 0.181 -0.830 2.126
60 20 0.263 -0.832 2.080
61 1 0.081 -0.443 2.643
61 2 0.075 -0.396 2.673
61 3 0.125 -0.164 2.632
61 4 0.208 0.008 2.601
61 5 -0.023 -0.216 2.582
61 6 -0.145 -0.321 2.425
61 7 -0.078 -0.436 2.281
61 8 -0.070 -0.471 2.225
61 9 0.292 -0.240 2.732
61 10 0.393 -0.401 2.720
61 11 0.379 -0.564 2.617
61 12 0.366 -0.607 2.603
61 13 -0.019 -0.501 2.612
61 14 -0.073 -0.534 2.213
61 15 -0.073 -0.785 2.169
61 16 -0.074 -0.849 2.121
61 17 0.160 -0.536 2.665
61 18 0.190 -0.593 2.225
61 19 0.181 -0.830 2.126
61 20 0.264 -0.832 2.080
62 1 0.086 -0.445 2.636
62 2 0.081 -0.397 2.660
62 3 0.134 -0.164 2.615
62 4 0.222 0.009 2.579
62 5 -0.012 -0.214 2.561
62 6 -0.145 -0.322 2.413
62 7 -0.080 -0.438 2.276
62 8 -0.061 -0.460 2.249
62 9 0.300 -0.245 2.725
62 10 0.394 -0.409 2.718
62 11 0.376 -0.570 2.611
62 12 0.363 -0.614 2.598
62 13 -0.016 -0.502 2.607
62 14 -0.069 -0.538 2.212
62 15 -0.077 -0.788 2.167
62 16 -0.067 -0.848 2.112
62 17 0.164 -0.538 2.663
62 18 0.190 -0.594 2.224
62 19 0.181 -0.829 2.126
62 20 0.264 -0.833 2.079
63 1 0.093 -0.446 2.621
63 2 0.090 -0.396 2.637
63 3 0.144 -0.165 2.593
63 4 0.234 0.008 2.561
63 5 -0.001 -0.212 2.540
63 6 -0.141 -0.323 2.396
63 7 -0.075 -0.444 2.270
63 8 -0.035 -0.482 2.251
63 9 0.308 -0.249 2.717
63 10 0.395 -0.415 2.716
63 11 0.362 -0.589 2.628
63 12 0.347 -0.642 2.613
63 13 -0.005 -0.500 2.581
63 14 -0.067 -0.541 2.211
63 15 -0.084 -0.801 2.159
63 16 -0.072 -0.864 2.114
63 17 0.167 -0.541 2.659
63 18 0.191 -0.595 2.223
63 19 0.182 -0.829 2.127
63 20 0.264 -0.833 2.079
64 1 0.106 -0.448 2.613
64 2 0.101 -0.397 2.623
64 3 0.154 -0.165 2.568
64 4 0.251 0.005 2.533
64 5 0.012 -0.211 2.517
64 6 -0.136 -0.324 2.380
64 7 -0.068 -0.454 2.265
64 8 -0.013 -0.507 2.247
64 9 0.315 -0.253 2.705
64 10 0.395 -0.418 2.714
64 11 0.357 -0.598 2.641
64 12 0.344 -0.649 2.616
64 13 0.018 -0.507 2.577
64 14 -0.065 -0.543 2.210
64 15 -0.090 -0.811 2.153
64 16 -0.073 -0.875 2.114
64 17 0.183 -0.544 2.660
64 18 0.193 -0.596 2.223
64 19 0.183 -0.829 2.127
64 20 0.264 -0.834 2.079
65 1 0.113 -0.449 2.608
65 2 0.108 -0.397 2.614
65 3 0.161 -0.166 2.550
65 4 0.262 0.003 2.512
65 5 0.022 -0.213 2.498
65 6 -0.127 -0.325 2.363
65 7 -0.060 -0.466 2.259
65 8 0.000 -0.527 2.244
65 9 0.326 -0.255 2.694
65 10 0.395 -0.422 2.713
65 11 0.354 -0.603 2.643
65 12 0.342 -0.655 2.617
65 13 0.028 -0.509 2.574
65 14 -0.051 -0.525 2.240
65 15 -0.094 -0.818 2.148
65 16 -0.074 -0.880 2.115
65 17 0.192 -0.545 2.660
65 18 0.194 -0.597 2.223
65 19 0.185 -0.830 2.128
65 20 0.264 -0.835 2.079
66 1 0.119 -0.449 2.605
66 2 0.114 -0.396 2.608
66 3 0.167 -0.168 2.531
66 4 0.274 -0.000 2.483
66 5 0.035 -0.219 2.473
66 6 -0.114 -0.325 2.341
66 7 -0.053 -0.479 2.254
66 8 0.008 -0.543 2.242
66 9 0.336 -0.259 2.684
66 10 0.393 -0.428 2.710
66 11 0.352 -0.609 2.641
66 12 0.342 -0.662 2.615
66 13 0.034 -0.510 2.573
66 14 -0.058 -0.540 2.234
66 15 -0.095 -0.823 2.146
66 16 -0.076 -0.884 2.114
66 17 0.199 -0.544 2.662
66 18 0.197 -0.615 2.226
66 19 0.189 -0.846 2.131
66 20 0.258 -0.831 2.089
67 1 0.114 -0.457 2.570
67 2 0.114 -0.403 2.569
67 3 0.176 -0.170 2.497
67 4 0.291 -0.006 2.450
67 5 0.044 -0.224 2.450
67 6 -0.100 -0.331 2.314
67 7 -0.043 -0.497 2.243
67 8 0.016 -0.560 2.239
67 9 0.345 -0.265 2.671
67 10 0.387 -0.438 2.706
67 11 0.353 -0.615 2.637
67 12 0.345 -0.670 2.612
67 13 0.024 -0.512 2.542
67 14 -0.064 -0.550 2.224
67 15 -0.096 -0.826 2.145
67 16 -0.077 -0.887 2.113
67 17 0.179 -0.560 2.632
67 18 0.199 -0.626 2.226
67 19 0.196 -0.874 2.123
67 20 0.246 -0.907 2.067
68 1 0.112 -0.460 2.555
68 2 0.114 -0.406 2.552
68 3 0.181 -0.174 2.475
68 4 0.300 -0.012 2.423
68 5 0.054 -0.233 2.423
68 6 -0.093 -0.334 2.299
68 7 -0.033 -0.505 2.235
68 8 0.022 -0.567 2.238
68 9 0.350 -0.272 2.638
68 10 0.382 -0.443 2.700
68 11 0.355 -0.618 2.635
68 12 0.350 -0.675 2.611
68 13 0.020 -0.513 2.528
68 14 -0.066 -0.553 2.217
68 15 -0.096 -0.829 2.144
68 16 -0.078 -0.890 2.113
68 17 0.170 -0.567 2.618
68 18 0.199 -0.639 2.224
68 19 0.202 -0.895 2.115
68 20 0.243 -0.953 2.051
69 1 0.113 -0.462 2.548
69 2 0.116 -0.408 2.541
69 3 0.186 -0.179 2.448
69 4 0.307 -0.022 2.391
69 5 0.060 -0.240 2.402
69 6 -0.086 -0.352 2.260
69 7 -0.017 -0.524 2.228
69 8 0.024 -0.579 2.233
69 9 0.350 -0.280 2.610
69 10 0.378 -0.445 2.694
69 11 0.356 -0.621 2.633
69 12 0.357 -0.680 2.612
69 13 0.020 -0.514 2.521
69 14 -0.067 -0.555 2.213
69 15 -0.094 -0.831 2.145
69 16 -0.080 -0.890 2.110
69 17 0.169 -0.569 2.613
69 18 0.201 -0.645 2.223
69 19 0.204 -0.905 2.114
69 20 0.238 -0.972 2.048
70 1 0.108 -0.462 2.524
70 2 0.114 -0.410 2.512
70 3 0.190 -0.186 2.418
70 4 0.316 -0.040 2.350
70 5 0.066 -0.246 2.374
70 6 -0.083 -0.356 2.242
70 7 -0.012 -0.530 2.224
70 8 -0.044 -0.582 2.146
70 9 0.350 -0.285 2.576
70 10 0.374 -0.446 2.688
70 11 0.356 -0.623 2.632
70 12 0.360 -0.682 2.612
70 13 0.011 -0.508 2.496
70 14 -0.072 -0.562 2.183
70 15 -0.093 -0.833 2.148
70 16 -0.081 -0.891 2.110
70 17 0.161 -0.565 2.592
70 18 0.211 -0.570 2.237
70 19 0.206 -0.844 2.136
70 20 0.243 -0.889 2.090
71 1 0.105 -0.458 2.503
71 2 0.113 -0.408 2.491
71 3 0.193 -0.191 2.393
71 4 0.320 -0.048 2.328
71 5 0.070 -0.249 2.344
71 6 -0.081 -0.363 2.224
71 7 -0.004 -0.536 2.226
71 8 0.009 -0.589 2.216
71 9 0.352 -0.289 2.558
71 10 0.375 -0.442 2.673
71 11 0.355 -0.624 2.630
71 12 0.363 -0.683 2.612
71 13 0.005 -0.502 2.478
71 14 -0.050 -0.553 2.150
71 15 -0.106 -0.775 2.059
71 16 -0.089 -0.846 2.104
71 17 0.156 -0.560 2.578
71 18 0.217 -0.591 2.233
71 19 0.200 -0.865 2.140
71 20 0.233 -0.934 2.084
72 1 0.103 -0.457 2.493
72 2 0.113 -0.408 2.479
72 3 0.196 -0.196 2.359
72 4 0.326 -0.062 2.283
72 5 0.072 -0.252 2.318
72 6 -0.079 -0.368 2.212
72 7 -0.065 -0.591 2.139
72 8 -0.079 -0.610 2.107
72 9 0.356 -0.295 2.539
72 10 0.372 -0.467 2.638
72 11 0.354 -0.639 2.627
72 12 0.368 -0.696 2.614
72 13 0.003 -0.500 2.470
72 14 -0.043 -0.547 2.138
72 15 -0.111 -0.750 2.026
72 16 -0.094 -0.820 2.103
72 17 0.153 -0.558 2.571
72 18 0.211 -0.700 2.210
72 19 0.224 -0.906 2.061
72 20 0.255 -0.974 2.007
73 1 0.105 -0.457 2.484
73 2 0.117 -0.409 2.466
73 3 0.198 -0.200 2.337
73 4 0.329 -0.069 2.258
73 5 0.076 -0.255 2.293
73 6 -0.076 -0.372 2.199
73 7 -0.087 -0.611 2.106
73 8 -0.124 -0.616 2.057
73 9 0.361 -0.300 2.500
73 10 0.372 -0.479 2.620
73 11 0.354 -0.649 2.623
73 12 0.372 -0.706 2.613
73 13 0.004 -0.500 2.464
73 14 -0.041 -0.543 2.130
73 15 -0.116 -0.736 2.006
73 16 -0.098 -0.807 2.101
73 17 0.153 -0.555 2.564
73 18 0.215 -0.690 2.212
73 19 0.229 -0.930 2.061
73 20 0.259 -0.995 2.007
74 1 0.114 -0.453 2.467
74 2 0.126 -0.405 2.444
74 3 0.199 -0.200 2.294
74 4 0.330 -0.075 2.215
74 5 0.079 -0.256 2.268
74 6 -0.074 -0.375 2.187
74 7 -0.101 -0.619 2.088
74 8 -0.141 -0.619 2.038
74 9 0.358 -0.306 2.471
74 10 0.372 -0.487 2.605
74 11 0.354 -0.659 2.616
74 12 0.375 -0.714 2.609
74 13 0.026 -0.500 2.439
74 14 -0.073 -0.578 2.133
74 15 -0.101 -0.820 2.095
74 16 -0.080 -0.859 2.083
74 17 0.156 -0.552 2.560
74 18 0.216 -0.693 2.209
74 19 0.230 -0.943 2.066
74 20 0.259 -1.008 2.013
75 1 0.116 -0.449 2.448
75 2 0.128 -0.402 2.422
75 3 0.199 -0.200 2.274
75 4 0.331 -0.077 2.194
75 5 0.083 -0.253 2.244
75 6 -0.071 -0.377 2.176
75 7 -0.108 -0.620 2.081
75 8 -0.151 -0.620 2.026
75 9 0.351 -0.310 2.439
75 10 0.372 -0.491 2.596
75 11 0.355 -0.667 2.607
75 12 0.378 -0.722 2.602
75 13 0.031 -0.499 2.424
75 14 -0.078 -0.571 2.114
75 15 -0.128 -0.783 2.025
75 16 -0.099 -0.838 2.078
75 17 0.156 -0.548 2.553
75 18 0.221 -0.651 2.213
75 19 0.223 -0.936 2.098
75 20 0.252 -1.000 2.046
76 1 0.117 -0.447 2.439
76 2 0.129 -0.401 2.412
76 3 0.200 -0.198 2.254
76 4 0.331 -0.077 2.170
76 5 0.084 -0.251 2.224
76 6 -0.071 -0.386 2.160
76 7 -0.113 -0.617 2.078
76 8 -0.158 -0.619 2.019
76 9 0.348 -0.313 2.421
76 10 0.372 -0.493 2.589
76 11 0.355 -0.672 2.600
76 12 0.380 -0.727 2.596
76 13 0.033 -0.498 2.416
76 14 -0.076 -0.568 2.104
76 15 -0.136 -0.779 2.005
76 16 -0.107 -0.829 2.077
76 17 0.155 -0.544 2.548
76 18 0.225 -0.626 2.216
76 19 0.222 -0.932 2.115
76 20 0.250 -0.996 2.064
77 1 0.116 -0.446 2.417
77 2 0.128 -0.399 2.387
77 3 0.199 -0.192 2.231
77 4 0.331 -0.073 2.145
77 5 0.084 -0.247 2.205
77 6 -0.071 -0.390 2.150
77 7 -0.111 -0.612 2.080
77 8 -0.157 -0.616 2.019
77 9 0.344 -0.316 2.405
77 10 0.375 -0.489 2.578
77 11 0.353 -0.671 2.596
77 12 0.379 -0.727 2.594
77 13 0.033 -0.496 2.405
77 14 -0.076 -0.567 2.092
77 15 -0.143 -0.779 1.989
77 16 -0.113 -0.824 2.074
77 17 0.156 -0.540 2.511
77 18 0.234 -0.639 2.207
77 19 0.215 -0.949 2.136
77 20 0.243 -1.013 2.085
78 1 0.116 -0.446 2.405
78 2 0.128 -0.399 2.374
78 3 0.198 -0.187 2.214
78 4 0.330 -0.067 2.123
78 5 0.085 -0.242 2.190
78 6 -0.069 -0.391 2.143
78 7 -0.106 -0.607 2.085
78 8 -0.151 -0.613 2.022
78 9 0.342 -0.316 2.394
78 10 0.382 -0.462 2.545
78 11 0.351 -0.634 2.603
78 12 0.378 -0.704 2.598
78 13 0.033 -0.494 2.398
78 14 -0.073 -0.567 2.084
78 15 -0.146 -0.779 1.981
78 16 -0.117 -0.821 2.072
78 17 0.158 -0.538 2.494
78 18 0.223 -0.686 2.205
78 19 0.258 -1.001 2.131
78 20 0.286 -1.065 2.079
79 1 0.125 -0.444 2.376
79 2 0.135 -0.396 2.347
79 3 0.200 -0.180 2.193
79 4 0.333 -0.060 2.100
79 5 0.086 -0.234 2.176
79 6 -0.069 -0.392 2.138
79 7 -0.100 -0.603 2.088
79 8 -0.144 -0.611 2.027
79 9 0.342 -0.315 2.381
79 10 0.384 -0.452 2.531
79 11 0.351 -0.618 2.607
79 12 0.377 -0.683 2.602
79 13 0.041 -0.487 2.372
79 14 -0.083 -0.566 2.074
79 15 -0.153 -0.780 1.975
79 16 -0.124 -0.818 2.070
79 17 0.175 -0.535 2.458
79 18 0.225 -0.696 2.204
79 19 0.236 -1.022 2.177
79 20 0.264 -1.086 2.122
80 1 0.129 -0.439 2.362
80 2 0.139 -0.392 2.333
80 3 0.203 -0.171 2.175
80 4 0.336 -0.052 2.079
80 5 0.088 -0.223 2.159
80 6 -0.063 -0.408 2.129
80 7 -0.098 -0.602 2.088
80 8 -0.141 -0.610 2.028
80 9 0.348 -0.298 2.354
80 10 0.387 -0.442 2.518
80 11 0.352 -0.600 2.608
80 12 0.377 -0.660 2.603
80 13 0.045 -0.480 2.361
80 14 -0.101 -0.601 2.089
80 15 -0.128 -0.846 2.070
80 16 -0.107 -0.885 2.056
80 17 0.182 -0.527 2.444
80 18 0.227 -0.701 2.204
80 19 0.248 -1.035 2.176
80 20 0.275 -1.099 2.122
81 1 0.132 -0.433 2.354
81 2 0.141 -0.385 2.323
81 3 0.205 -0.151 2.141
81 4 0.340 -0.038 2.055
81 5 0.090 -0.207 2.142
81 6 -0.060 -0.412 2.126
81 7 -0.097 -0.599 2.087
81 8 -0.138 -0.608 2.028
81 9 0.351 -0.286 2.338
81 10 0.389 -0.435 2.506
81 11 0.348 -0.586 2.606
81 12 0.372 -0.643 2.601
81 13 0.047 -0.472 2.354
81 14 -0.107 -0.614 2.096
81 15 -0.124 -0.864 2.096
81 16 -0.102 -0.912 2.049
81 17 0.185 -0.518 2.436
81 18 0.213 -0.720 2.197
81 19 0.266 -1.043 2.178
81 20 0.291 -1.107 2.125
82 1 0.138 -0.409 2.343
82 2 0.147 -0.364 2.311
82 3 0.208 -0.142 2.129
82 4 0.343 -0.027 2.041
82 5 0.095 -0.175 2.117
82 6 -0.049 -0.402 2.124
82 7 -0.095 -0.595 2.085
82 8 -0.135 -0.605 2.028
82 9 0.354 -0.280 2.330
82 10 0.388 -0.429 2.495
82 11 0.342 -0.574 2.602
82 12 0.365 -0.629 2.596
82 13 0.051 -0.451 2.347
82 14 -0.086 -0.619 2.094
82 15 -0.098 -0.762 2.129
82 16 -0.076 -0.829 2.063
82 17 0.188 -0.501 2.433
82 18 0.229 -0.683 2.173
82 19 0.234 -0.990 2.186
82 20 0.257 -1.057 2.134
83 1 0.140 -0.384 2.335
83 2 0.151 -0.339 2.302
83 3 0.214 -0.129 2.120
83 4 0.350 -0.009 2.028
83 5 0.099 -0.153 2.103
83 6 -0.036 -0.385 2.121
83 7 -0.093 -0.590 2.082
83 8 -0.132 -0.603 2.027
83 9 0.359 -0.269 2.322
83 10 0.385 -0.423 2.480
83 11 0.334 -0.562 2.592
83 12 0.356 -0.616 2.586
83 13 0.050 -0.423 2.339
83 14 -0.089 -0.619 2.101
83 15 -0.135 -0.819 2.071
83 16 -0.088 -0.842 2.101
83 17 0.187 -0.477 2.431
83 18 0.228 -0.632 2.146
83 19 0.223 -0.928 2.181
83 20 0.245 -0.997 2.131
84 1 0.142 -0.352 2.321
84 2 0.155 -0.309 2.288
84 3 0.222 -0.111 2.110
84 4 0.356 0.011 2.015
84 5 0.101 -0.134 2.091
84 6 -0.025 -0.365 2.118
84 7 -0.092 -0.588 2.079
84 8 -0.129 -0.600 2.026
84 9 0.366 -0.253 2.313
84 10 0.364 -0.399 2.422
84 11 0.344 -0.536 2.538
84 12 0.365 -0.592 2.537
84 13 0.051 -0.395 2.328
84 14 -0.094 -0.614 2.109
84 15 -0.139 -0.822 2.067
84 16 -0.094 -0.837 2.126
84 17 0.187 -0.448 2.425
84 18 0.210 -0.634 2.153
84 19 0.224 -0.929 2.176
84 20 0.245 -0.999 2.126
85 1 0.144 -0.339 2.316
85 2 0.157 -0.295 2.281
85 3 0.232 -0.088 2.099
85 4 0.363 0.035 2.002
85 5 0.102 -0.116 2.079
85 6 -0.016 -0.345 2.114
85 7 -0.090 -0.584 2.076
85 8 -0.127 -0.598 2.025
85 9 0.362 -0.207 2.264
85 10 0.355 -0.351 2.353
85 11 0.355 -0.507 2.482
85 12 0.375 -0.565 2.485
85 13 0.052 -0.383 2.322
85 14 -0.109 -0.597 2.118
85 15 -0.143 -0.823 2.058
85 16 -0.095 -0.836 2.140
85 17 0.187 -0.427 2.418
85 18 0.206 -0.621 2.146
85 19 0.220 -0.925 2.160
85 20 0.240 -0.996 2.110
86 1 0.144 -0.331 2.312
86 2 0.158 -0.286 2.277
86 3 0.239 -0.070 2.091
86 4 0.369 0.056 1.992
86 5 0.104 -0.095 2.067
86 6 -0.007 -0.321 2.108
86 7 -0.086 -0.572 2.069
86 8 -0.122 -0.589 2.022
86 9 0.356 -0.177 2.231
86 10 0.351 -0.325 2.317
86 11 0.363 -0.486 2.438
86 12 0.381 -0.548 2.451
86 13 0.052 -0.374 2.319
86 14 -0.136 -0.547 2.109
86 15 -0.152 -0.789 2.042
86 16 -0.101 -0.829 2.140
86 17 0.180 -0.410 2.410
86 18 0.204 -0.616 2.143
86 19 0.216 -0.926 2.151
86 20 0.234 -0.996 2.100
87 1 0.142 -0.324 2.309
87 2 0.157 -0.279 2.273
87 3 0.247 -0.046 2.080
87 4 0.376 0.079 1.982
87 5 0.107 -0.069 2.052
87 6 0.003 -0.292 2.099
87 7 -0.078 -0.545 2.063
87 8 -0.115 -0.570 2.017
87 9 0.354 -0.165 2.218
87 10 0.349 -0.312 2.300
87 11 0.368 -0.473 2.400
87 12 0.377 -0.533 2.430
87 13 0.050 -0.363 2.316
87 14 -0.140 -0.540 2.111
87 15 -0.118 -0.801 2.104
87 16 -0.095 -0.850 2.121
87 17 0.175 -0.396 2.398
87 18 0.203 -0.613 2.142
87 19 0.212 -0.929 2.144
87 20 0.229 -0.999 2.093
88 1 0.100 -0.289 2.288
88 2 0.124 -0.242 2.252
88 3 0.255 -0.022 2.069
88 4 0.382 0.103 1.973
88 5 0.110 -0.050 2.042
88 6 0.008 -0.271 2.093
88 7 -0.070 -0.523 2.059
88 8 -0.107 -0.549 2.013
88 9 0.352 -0.153 2.207
88 10 0.352 -0.301 2.286
88 11 0.370 -0.462 2.379
88 12 0.372 -0.519 2.413
88 13 0.014 -0.313 2.294
88 14 -0.110 -0.595 2.134
88 15 -0.109 -0.874 2.145
88 16 -0.093 -0.943 2.113
88 17 0.120 -0.359 2.359
88 18 0.204 -0.608 2.152
88 19 0.208 -0.929 2.140
88 20 0.224 -0.999 2.088
89 1 0.073 -0.235 2.273
89 2 0.104 -0.191 2.236
89 3 0.261 0.001 2.060
89 4 0.389 0.130 1.960
89 5 0.116 -0.025 2.028
89 6 0.011 -0.220 2.050
89 7 0.023 -0.432 2.072
89 8 0.009 -0.492 2.066
89 9 0.354 -0.135 2.194
89 10 0.356 -0.286 2.273
89 11 0.371 -0.447 2.359
89 12 0.367 -0.501 2.391
89 13 -0.011 -0.250 2.280
89 14 -0.088 -0.560 2.127
89 15 -0.100 -0.842 2.159
89 16 -0.088 -0.916 2.122
89 17 0.083 -0.306 2.339
89 18 0.199 -0.588 2.172
89 19 0.204 -0.923 2.136
89 20 0.218 -0.993 2.084
90 1 0.069 -0.216 2.260
90 2 0.101 -0.172 2.226
90 3 0.268 0.026 2.051
90 4 0.394 0.153 1.949
90 5 0.121 -0.004 2.018
90 6 0.009 -0.182 2.017
90 7 0.060 -0.375 2.062
90 8 0.078 -0.442 2.082
90 9 0.356 -0.122 2.186
90 10 0.361 -0.270 2.263
90 11 0.371 -0.433 2.345
90 12 0.364 -0.485 2.376
90 13 -0.009 -0.233 2.261
90 14 -0.082 -0.587 2.129
90 15 -0.095 -0.854 2.172
90 16 -0.062 -0.872 2.102
90 17 0.081 -0.291 2.323
90 18 0.198 -0.584 2.176
90 19 0.201 -0.921 2.134
90 20 0.213 -0.992 2.083
91 1 0.066 -0.200 2.252
91 2 0.099 -0.157 2.218
91 3 0.274 0.044 2.044
91 4 0.399 0.172 1.942
91 5 0.126 0.014 2.010
91 6 0.007 -0.159 1.997
91 7 0.079 -0.344 2.047
91 8 0.105 -0.422 2.084
91 9 0.359 -0.108 2.179
91 10 0.365 -0.260 2.256
91 11 0.371 -0.424 2.336
91 12 0.361 -0.476 2.365
91 13 -0.013 -0.211 2.253
91 14 -0.078 -0.589 2.130
91 15 -0.092 -0.837 2.168
91 16 -0.060 -0.879 2.108
91 17 0.072 -0.272 2.314
91 18 0.197 -0.577 2.180
91 19 0.196 -0.914 2.132
91 20 0.208 -0.985 2.082
92 1 0.076 -0.192 2.244
92 2 0.108 -0.147 2.211
92 3 0.284 0.077 2.033
92 4 0.409 0.204 1.935
92 5 0.134 0.035 2.004
92 6 0.006 -0.121 1.974
92 7 0.081 -0.333 2.024
92 8 0.089 -0.408 2.032
92 9 0.363 -0.089 2.172
92 10 0.368 -0.253 2.251
92 11 0.371 -0.419 2.329
92 12 0.358 -0.470 2.356
92 13 0.006 -0.207 2.243
92 14 -0.076 -0.569 2.133
92 15 -0.090 -0.816 2.159
92 16 -0.063 -0.872 2.099
92 17 0.095 -0.264 2.301
92 18 0.196 -0.573 2.181
92 19 0.192 -0.911 2.133
92 20 0.204 -0.983 2.082
93 1 0.094 -0.188 2.235
93 2 0.124 -0.141 2.201
93 3 0.291 0.101 2.027
93 4 0.416 0.227 1.932
93 5 0.144 0.067 1.995
93 6 0.005 -0.106 1.964
93 7 0.083 -0.327 2.002
93 8 0.091 -0.397 2.010
93 9 0.369 -0.068 2.165
93 10 0.371 -0.249 2.249
93 11 0.371 -0.416 2.323
93 12 0.354 -0.468 2.346
93 13 0.023 -0.208 2.237
93 14 -0.074 -0.563 2.134
93 15 -0.089 -0.805 2.153
93 16 -0.065 -0.867 2.092
93 17 0.120 -0.261 2.288
93 18 0.196 -0.571 2.181
93 19 0.189 -0.908 2.136
93 20 0.201 -0.980 2.085
94 1 0.115 -0.182 2.225
94 2 0.143 -0.131 2.191
94 3 0.299 0.123 2.023
94 4 0.425 0.254 1.938
94 5 0.151 0.091 1.989
94 6 0.006 -0.082 1.952
94 7 0.071 -0.292 1.962
94 8 0.081 -0.365 1.965
94 9 0.376 -0.045 2.161
94 10 0.374 -0.246 2.248
94 11 0.370 -0.414 2.319
94 12 0.350 -0.471 2.325
94 13 0.037 -0.206 2.228
94 14 -0.073 -0.559 2.135
94 15 -0.088 -0.796 2.146
94 16 -0.066 -0.863 2.085
94 17 0.143 -0.256 2.280
94 18 0.196 -0.568 2.180
94 19 0.186 -0.904 2.140
94 20 0.199 -0.977 2.087
95 1 0.132 -0.178 2.215
95 2 0.159 -0.124 2.183
95 3 0.308 0.148 2.020
95 4 0.433 0.276 1.944
95 5 0.156 0.104 1.987
95 6 0.007 -0.061 1.945
95 7 0.055 -0.264 1.933
95 8 0.069 -0.343 1.935
95 9 0.385 -0.018 2.157
95 10 0.386 -0.227 2.244
95 11 0.373 -0.401 2.299
95 12 0.351 -0.460 2.307
95 13 0.056 -0.208 2.213
95 14 -0.072 -0.553 2.134
95 15 -0.087 -0.791 2.141
95 16 -0.066 -0.859 2.081
95 17 0.162 -0.251 2.271
95 18 0.196 -0.565 2.177
95 19 0.184 -0.901 2.143
95 20 0.198 -0.974 2.090
96 1 0.148 -0.170 2.207
96 2 0.175 -0.113 2.175
96 3 0.317 0.174 2.020
96 4 0.442 0.303 1.952
96 5 0.162 0.120 1.984
96 6 0.007 -0.037 1.938
96 7 0.044 -0.240 1.911
96 8 0.056 -0.313 1.902
96 9 0.395 0.011 2.155
96 10 0.396 -0.207 2.239
96 11 0.376 -0.386 2.280
96 12 0.365 -0.420 2.276
96 13 0.069 -0.206 2.204
96 14 -0.068 -0.539 2.129
96 15 -0.086 -0.787 2.136
96 16 -0.065 -0.856 2.076
96 17 0.181 -0.242 2.262
96 18 0.198 -0.560 2.174
96 19 0.184 -0.836 2.145
96 20 0.203 -0.892 2.093
97 1 0.159 -0.165 2.199
97 2 0.185 -0.106 2.168
97 3 0.324 0.193 2.020
97 4 0.449 0.321 1.957
97 5 0.169 0.137 1.983
97 6 0.007 -0.020 1.933
97 7 0.036 -0.220 1.897
97 8 0.049 -0.297 1.887
97 9 0.404 0.032 2.155
97 10 0.404 -0.192 2.234
97 11 0.379 -0.374 2.268
97 12 0.373 -0.399 2.260
97 13 0.079 -0.203 2.195
97 14 -0.063 -0.527 2.124
97 15 -0.085 -0.784 2.132
97 16 -0.063 -0.852 2.072
97 17 0.193 -0.233 2.251
97 18 0.203 -0.552 2.166
97 19 0.184 -0.795 2.143
97 20 0.208 -0.846 2.093
98 1 0.178 -0.145 2.178
98 2 0.203 -0.085 2.152
98 3 0.334 0.218 2.021
98 4 0.456 0.344 1.963
98 5 0.175 0.150 1.982
98 6 0.006 -0.008 1.930
98 7 0.031 -0.202 1.886
98 8 0.042 -0.276 1.874
98 9 0.414 0.058 2.155
98 10 0.411 -0.174 2.228
98 11 0.381 -0.357 2.252
98 12 0.379 -0.392 2.249
98 13 0.096 -0.188 2.173
98 14 -0.057 -0.515 2.117
98 15 -0.084 -0.781 2.129
98 16 -0.061 -0.849 2.068
98 17 0.215 -0.212 2.224
98 18 0.205 -0.539 2.154
98 19 0.187 -0.775 2.131
98 20 0.215 -0.824 2.075
99 1 0.189 -0.133 2.165
99 2 0.213 -0.071 2.141
99 3 0.342 0.239 2.023
99 4 0.462 0.381 1.980
99 5 0.179 0.163 1.982
99 6 0.005 0.005 1.928
99 7 0.027 -0.178 1.874
99 8 0.037 -0.257 1.861
99 9 0.422 0.080 2.156
99 10 0.418 -0.155 2.222
99 11 0.377 -0.333 2.223
99 12 0.385 -0.381 2.240
99 13 0.107 -0.177 2.157
99 14 -0.049 -0.501 2.108
99 15 -0.084 -0.780 2.127
99 16 -0.059 -0.846 2.066
99 17 0.225 -0.201 2.211
99 18 0.206 -0.528 2.146
99 19 0.189 -0.764 2.121
99 20 0.221 -0.815 2.062
100 1 0.195 -0.123 2.155
100 2 0.219 -0.063 2.135
100 3 0.345 0.248 2.024
100 4 0.464 0.394 1.986
100 5 0.186 0.184 1.981
100 6 0.003 0.017 1.926
100 7 0.024 -0.161 1.868
100 8 0.031 -0.232 1.855
100 9 0.426 0.091 2.158
100 10 0.421 -0.148 2.220
100 11 0.378 -0.327 2.214
100 12 0.390 -0.380 2.230
100 13 0.114 -0.165 2.142
100 14 -0.037 -0.491 2.091
100 15 -0.082 -0.780 2.123
100 16 -0.054 -0.843 2.062
100 17 0.230 -0.193 2.202
100 18 0.208 -0.520 2.139
100 19 0.190 -0.760 2.113
100 20 0.225 -0.813 2.052
101 1 0.199 -0.114 2.146
101 2 0.222 -0.056 2.128
101 3 0.346 0.253 2.026
101 4 0.464 0.404 1.993
101 5 0.190 0.199 1.980
101 6 0.001 0.036 1.925
101 7 0.021 -0.141 1.864
101 8 0.028 -0.209 1.851
101 9 0.428 0.098 2.159
101 10 0.424 -0.143 2.218
101 11 0.380 -0.323 2.207
101 12 0.393 -0.381 2.222
101 13 0.119 -0.154 2.128
101 14 -0.019 -0.480 2.066
101 15 -0.074 -0.777 2.109
101 16 -0.043 -0.836 2.047
101 17 0.233 -0.187 2.193
101 18 0.210 -0.511 2.131
101 19 0.192 -0.761 2.106
101 20 0.227 -0.815 2.044
102 1 0.205 -0.097 2.132
102 2 0.230 -0.030 2.112
102 3 0.355 0.296 2.029
102 4 0.467 0.443 2.002
102 5 0.194 0.217 1.980
102 6 -0.001 0.060 1.924
102 7 0.019 -0.118 1.862
102 8 0.026 -0.193 1.848
102 9 0.437 0.135 2.162
102 10 0.431 -0.100 2.209
102 11 0.404 -0.288 2.196
102 12 0.401 -0.364 2.209
102 13 0.125 -0.140 2.112
102 14 -0.005 -0.476 2.047
102 15 -0.069 -0.775 2.100
102 16 -0.035 -0.831 2.038
102 17 0.238 -0.172 2.179
102 18 0.215 -0.501 2.122
102 19 0.193 -0.764 2.101
102 20 0.230 -0.818 2.039
103 1 0.209 -0.087 2.122
103 2 0.234 -0.020 2.105
103 3 0.357 0.306 2.031
103 4 0.468 0.455 2.006
103 5 0.197 0.230 1.980
103 6 -0.002 0.076 1.925
103 7 0.017 -0.103 1.861
103 8 0.025 -0.178 1.845
103 9 0.440 0.147 2.164
103 10 0.435 -0.089 2.205
103 11 0.415 -0.277 2.190
103 12 0.407 -0.349 2.194
103 13 0.130 -0.130 2.098
103 14 0.009 -0.473 2.027
103 15 -0.047 -0.764 2.058
103 16 -0.009 -0.816 1.998
103 17 0.241 -0.164 2.169
103 18 0.218 -0.494 2.115
103 19 0.194 -0.767 2.097
103 20 0.232 -0.820 2.035
104 1 0.213 -0.078 2.112
104 2 0.237 -0.013 2.099
104 3 0.358 0.312 2.032
104 4 0.468 0.463 2.009
104 5 0.198 0.240 1.980
104 6 -0.003 0.086 1.925
104 7 0.016 -0.093 1.860
104 8 0.024 -0.165 1.844
104 9 0.441 0.154 2.165
104 10 0.437 -0.082 2.203
104 11 0.422 -0.271 2.186
104 12 0.411 -0.341 2.183
104 13 0.135 -0.121 2.083
104 14 0.028 -0.471 2.002
104 15 -0.027 -0.755 2.024
104 16 0.014 -0.805 1.964
104 17 0.246 -0.156 2.158
104 18 0.221 -0.490 2.110
104 19 0.195 -0.769 2.094
104 20 0.234 -0.822 2.032
105 1 0.236 -0.051 2.093
105 2 0.249 0.004 2.087
105 3 0.357 0.315 2.034
105 4 0.468 0.470 2.012
105 5 0.200 0.252 1.980
105 6 -0.002 0.095 1.926
105 7 0.015 -0.086 1.860
105 8 0.022 -0.153 1.844
105 9 0.471 0.195 2.151
105 10 0.447 -0.046 2.188
105 11 0.440 -0.244 2.177
105 12 0.420 -0.323 2.171
105 13 0.148 -0.109 2.067
105 14 0.046 -0.471 1.983
105 15 -0.010 -0.746 2.001
105 16 0.029 -0.793 1.937
105 17 0.273 -0.138 2.141
105 18 0.224 -0.487 2.105
105 19 0.196 -0.771 2.093
105 20 0.234 -0.823 2.030
106 1 0.245 -0.040 2.085
106 2 0.256 0.013 2.081
106 3 0.355 0.316 2.036
106 4 0.453 0.503 2.032
106 5 0.200 0.263 1.980
106 6 -0.001 0.103 1.927
106 7 0.014 -0.081 1.860
106 8 0.021 -0.145 1.845
106 9 0.485 0.214 2.143
106 10 0.453 -0.032 2.182
106 11 0.449 -0.230 2.172
106 12 0.426 -0.312 2.163
106 13 0.158 -0.102 2.056
106 14 0.065 -0.474 1.963
106 15 0.007 -0.742 1.979
106 16 0.043 -0.787 1.913
106 17 0.285 -0.130 2.133
106 18 0.227 -0.485 2.102
106 19 0.196 -0.774 2.092
106 20 0.223 -0.841 2.053
107 1 0.252 -0.032 2.079
107 2 0.262 0.021 2.074
107 3 0.352 0.315 2.037
107 4 0.447 0.518 2.041
107 5 0.201 0.273 1.980
107 6 0.001 0.109 1.929
107 7 0.013 -0.077 1.860
107 8 0.019 -0.138 1.846
107 9 0.492 0.224 2.140
107 10 0.457 -0.024 2.178
107 11 0.456 -0.220 2.168
107 12 0.433 -0.302 2.156
107 13 0.168 -0.093 2.044
107 14 0.084 -0.475 1.950
107 15 0.031 -0.739 1.950
107 16 0.060 -0.788 1.903
107 17 0.293 -0.124 2.126
107 18 0.230 -0.485 2.099
107 19 0.197 -0.778 2.091
107 20 0.221 -0.849 2.060
108 1 0.259 -0.024 2.071
108 2 0.269 0.029 2.067
108 3 0.350 0.317 2.038
108 4 0.443 0.529 2.045
108 5 0.200 0.282 1.980
108 6 0.003 0.114 1.931
108 7 0.011 -0.074 1.862
108 8 0.017 -0.133 1.848
108 9 0.494 0.234 2.135
108 10 0.463 -0.015 2.173
108 11 0.460 -0.213 2.165
108 12 0.441 -0.295 2.149
108 13 0.180 -0.086 2.032
108 14 0.102 -0.470 1.938
108 15 0.058 -0.733 1.915
108 16 0.073 -0.788 1.893
108 17 0.302 -0.118 2.118
108 18 0.234 -0.486 2.095
108 19 0.197 -0.781 2.090
108 20 0.241 -0.827 2.057
109 1 0.265 -0.018 2.064
109 2 0.274 0.036 2.059
109 3 0.346 0.319 2.038
109 4 0.439 0.537 2.047
109 5 0.200 0.289 1.979
109 6 0.005 0.119 1.933
109 7 0.008 -0.072 1.864
109 8 0.012 -0.129 1.852
109 9 0.494 0.243 2.130
109 10 0.468 -0.006 2.169
109 11 0.464 -0.208 2.161
109 12 0.448 -0.290 2.143
109 13 0.189 -0.078 2.020
109 14 0.123 -0.459 1.924
109 15 0.085 -0.717 1.879
109 16 0.102 -0.782 1.872
109 17 0.309 -0.113 2.111
109 18 0.243 -0.486 2.088
109 19 0.199 -0.784 2.088
109 20 0.255 -0.819 2.053
110 1 0.269 -0.011 2.055
110 2 0.279 0.044 2.051
110 3 0.343 0.322 2.037
110 4 0.436 0.544 2.048
110 5 0.198 0.295 1.979
110 6 0.006 0.122 1.936
110 7 0.004 -0.070 1.869
110 8 0.004 -0.127 1.859
110 9 0.492 0.250 2.125
110 10 0.473 0.001 2.165
110 11 0.468 -0.205 2.155
110 12 0.455 -0.286 2.138
110 13 0.195 -0.072 2.010
110 14 0.138 -0.448 1.910
110 15 0.115 -0.698 1.842
110 16 0.145 -0.763 1.834
110 17 0.316 -0.105 2.098
110 18 0.255 -0.491 2.078
110 19 0.216 -0.787 2.074
110 20 0.270 -0.817 2.049
111 1 0.273 -0.005 2.045
111 2 0.282 0.050 2.042
111 3 0.339 0.326 2.035
111 4 0.433 0.549 2.045
111 5 0.197 0.300 1.977
111 6 0.008 0.125 1.939
111 7 -0.003 -0.071 1.876
111 8 -0.005 -0.128 1.867
111 9 0.490 0.255 2.122
111 10 0.479 0.006 2.160
111 11 0.474 -0.202 2.148
111 12 0.464 -0.282 2.133
111 13 0.200 -0.067 2.001
111 14 0.152 -0.435 1.891
111 15 0.132 -0.689 1.823
111 16 0.174 -0.748 1.802
111 17 0.322 -0.098 2.082
111 18 0.284 -0.456 2.061
111 19 0.245 -0.772 2.056
111 20 0.290 -0.804 2.006
112 1 0.277 0.000 2.034
112 2 0.285 0.056 2.032
112 3 0.335 0.331 2.031
112 4 0.428 0.555 2.040
112 5 0.196 0.304 1.975
112 6 0.010 0.126 1.942
112 7 -0.009 -0.073 1.885
112 8 -0.013 -0.132 1.877
112 9 0.487 0.261 2.118
112 10 0.484 0.012 2.155
112 11 0.479 -0.199 2.140
112 12 0.478 -0.275 2.124
112 13 0.205 -0.062 1.989
112 14 0.165 -0.424 1.880
112 15 0.161 -0.677 1.794
112 16 0.212 -0.729 1.767
112 17 0.328 -0.092 2.068
112 18 0.301 -0.493 2.052
112 19 0.257 -0.761 1.994
112 20 0.288 -0.741 2.002
113 1 0.281 0.005 2.021
113 2 0.288 0.061 2.022
113 3 0.330 0.338 2.025
113 4 0.422 0.562 2.032
113 5 0.193 0.308 1.972
113 6 0.012 0.126 1.946
113 7 -0.014 -0.078 1.894
113 8 -0.018 -0.137 1.886
113 9 0.484 0.265 2.115
113 10 0.489 0.016 2.149
113 11 0.485 -0.197 2.132
113 12 0.491 -0.271 2.117
113 13 0.210 -0.057 1.977
113 14 0.189 -0.402 1.880
113 15 0.186 -0.666 1.772
113 16 0.231 -0.722 1.747
113 17 0.333 -0.087 2.054
113 18 0.317 -0.446 2.040
113 19 0.269 -0.679 1.946
113 20 0.289 -0.598 1.982
114 1 0.286 0.010 2.007
114 2 0.291 0.067 2.010
114 3 0.325 0.347 2.014
114 4 0.415 0.570 2.018
114 5 0.191 0.312 1.966
114 6 0.016 0.125 1.949
114 7 -0.018 -0.084 1.903
114 8 -0.023 -0.147 1.898
114 9 0.482 0.272 2.109
114 10 0.495 0.025 2.141
114 11 0.492 -0.193 2.123
114 12 0.502 -0.267 2.110
114 13 0.216 -0.053 1.963
114 14 0.200 -0.393 1.879
114 15 0.202 -0.657 1.758
114 16 0.248 -0.699 1.700
114 17 0.340 -0.082 2.040
114 18 0.325 -0.410 2.037
114 19 0.275 -0.638 1.927
114 20 0.290 -0.511 1.974
115 1 0.290 0.015 1.992
115 2 0.293 0.071 1.997
115 3 0.321 0.354 2.002
115 4 0.409 0.576 2.004
115 5 0.188 0.314 1.953
115 6 0.023 0.121 1.950
115 7 -0.020 -0.094 1.912
115 8 -0.024 -0.159 1.909
115 9 0.480 0.279 2.105
115 10 0.500 0.032 2.134
115 11 0.500 -0.189 2.113
115 12 0.511 -0.264 2.104
115 13 0.223 -0.050 1.945
115 14 0.198 -0.364 1.852
115 15 0.215 -0.650 1.745
115 16 0.262 -0.688 1.685
115 17 0.346 -0.078 2.027
115 18 0.330 -0.395 2.036
115 19 0.279 -0.618 1.918
115 20 0.309 -0.626 1.894
116 1 0.295 0.019 1.974
116 2 0.296 0.076 1.981
116 3 0.317 0.361 1.989
116 4 0.403 0.582 1.989
116 5 0.187 0.314 1.935
116 6 0.036 0.110 1.945
116 7 -0.019 -0.107 1.920
116 8 -0.020 -0.173 1.919
116 9 0.479 0.286 2.098
116 10 0.505 0.039 2.126
116 11 0.508 -0.184 2.103
116 12 0.520 -0.261 2.097
116 13 0.229 -0.047 1.926
116 14 0.233 -0.356 1.875
116 15 0.228 -0.642 1.731
116 16 0.274 -0.680 1.674
116 17 0.352 -0.073 2.009
116 18 0.339 -0.383 2.038
116 19 0.286 -0.602 1.917
116 20 0.330 -0.617 1.880
117 1 0.301 0.022 1.950
117 2 0.299 0.083 1.960
117 3 0.312 0.410 1.961
117 4 0.395 0.608 1.961
117 5 0.187 0.312 1.916
117 6 0.048 0.101 1.936
117 7 -0.014 -0.122 1.925
117 8 -0.009 -0.192 1.927
117 9 0.478 0.292 2.089
117 10 0.508 0.045 2.113
117 11 0.515 -0.179 2.094
117 12 0.528 -0.258 2.090
117 13 0.236 -0.046 1.896
117 14 0.258 -0.355 1.893
117 15 0.238 -0.635 1.720
117 16 0.282 -0.676 1.668
117 17 0.362 -0.068 1.986
117 18 0.340 -0.376 2.031
117 19 0.289 -0.593 1.912
117 20 0.298 -0.621 1.817
118 1 0.303 0.023 1.922
118 2 0.299 0.088 1.938
118 3 0.310 0.435 1.946
118 4 0.392 0.618 1.947
118 5 0.189 0.308 1.892
118 6 0.062 0.090 1.920
118 7 -0.006 -0.133 1.925
118 8 -0.000 -0.203 1.929
118 9 0.475 0.296 2.077
118 10 0.511 0.049 2.103
118 11 0.522 -0.174 2.085
118 12 0.536 -0.254 2.083
118 13 0.238 -0.044 1.865
118 14 0.267 -0.352 1.896
118 15 0.249 -0.630 1.709
118 16 0.289 -0.675 1.663
118 17 0.365 -0.064 1.959
118 18 0.324 -0.371 2.005
118 19 0.279 -0.589 1.897
118 20 0.264 -0.639 1.768
119 1 0.309 0.022 1.905
119 2 0.301 0.089 1.924
119 3 0.309 0.446 1.936
119 4 0.389 0.625 1.934
119 5 0.193 0.303 1.869
119 6 0.074 0.080 1.896
119 7 0.013 -0.145 1.910
119 8 0.015 -0.213 1.925
119 9 0.473 0.299 2.062
119 10 0.514 0.052 2.091
119 11 0.527 -0.170 2.077
119 12 0.543 -0.250 2.076
119 13 0.247 -0.047 1.846
119 14 0.282 -0.355 1.893
119 15 0.256 -0.627 1.702
119 16 0.294 -0.675 1.660
119 17 0.374 -0.063 1.943
119 18 0.347 -0.371 1.999
119 19 0.291 -0.588 1.897
119 20 0.283 -0.638 1.785
120 1 0.317 0.021 1.888
120 2 0.305 0.090 1.909
120 3 0.307 0.452 1.923
120 4 0.385 0.629 1.920
120 5 0.196 0.299 1.848
120 6 0.089 0.068 1.861
120 7 0.039 -0.153 1.882
120 8 0.041 -0.221 1.903
120 9 0.470 0.301 2.047
120 10 0.517 0.055 2.080
120 11 0.532 -0.167 2.068
120 12 0.548 -0.246 2.069
120 13 0.259 -0.049 1.826
120 14 0.272 -0.365 1.794
120 15 0.267 -0.655 1.688
120 16 0.311 -0.711 1.632
120 17 0.382 -0.062 1.930
120 18 0.355 -0.370 1.993
120 19 0.300 -0.589 1.894
120 20 0.299 -0.642 1.768
121 1 0.324 0.022 1.871
121 2 0.309 0.091 1.894
121 3 0.306 0.455 1.911
121 4 0.383 0.631 1.906
121 5 0.200 0.296 1.825
121 6 0.099 0.062 1.830
121 7 0.063 -0.156 1.845
121 8 0.067 -0.226 1.865
121 9 0.467 0.304 2.037
121 10 0.518 0.059 2.070
121 11 0.536 -0.162 2.057
121 12 0.552 -0.241 2.061
121 13 0.268 -0.051 1.810
121 14 0.270 -0.369 1.749
121 15 0.274 -0.671 1.679
121 16 0.322 -0.728 1.618
121 17 0.391 -0.058 1.913
121 18 0.384 -0.370 1.966
121 19 0.320 -0.591 1.881
121 20 0.319 -0.641 1.759
122 1 0.324 0.023 1.841
122 2 0.306 0.088 1.864
122 3 0.300 0.420 1.875
122 4 0.377 0.622 1.879
122 5 0.204 0.297 1.806
122 6 0.108 0.061 1.796
122 7 0.091 -0.158 1.799
122 8 0.091 -0.225 1.816
122 9 0.460 0.315 2.012
122 10 0.517 0.071 2.049
122 11 0.538 -0.159 2.048
122 12 0.554 -0.237 2.053
122 13 0.271 -0.048 1.777
122 14 0.266 -0.369 1.700
122 15 0.278 -0.681 1.674
122 16 0.327 -0.737 1.611
122 17 0.388 -0.056 1.880
122 18 0.399 -0.368 1.954
122 19 0.285 -0.640 1.993
122 20 0.323 -0.682 1.924
123 1 0.329 0.025 1.825
123 2 0.308 0.087 1.850
123 3 0.298 0.400 1.856
123 4 0.375 0.617 1.865
123 5 0.208 0.299 1.786
123 6 0.115 0.061 1.764
123 7 0.112 -0.158 1.750
123 8 0.111 -0.229 1.759
123 9 0.457 0.321 1.996
123 10 0.517 0.076 2.040
123 11 0.539 -0.156 2.039
123 12 0.554 -0.232 2.045
123 13 0.279 -0.047 1.762
123 14 0.264 -0.369 1.680
123 15 0.280 -0.687 1.670
123 16 0.331 -0.742 1.607
123 17 0.393 -0.052 1.864
123 18 0.417 -0.365 1.924
123 19 0.288 -0.652 2.009
123 20 0.340 -0.690 1.944
124 1 0.336 0.024 1.809
124 2 0.313 0.083 1.834
124 3 0.298 0.390 1.843
124 4 0.374 0.614 1.852
124 5 0.211 0.301 1.768
124 6 0.123 0.063 1.725
124 7 0.129 -0.156 1.696
124 8 0.132 -0.234 1.699
124 9 0.455 0.325 1.984
124 10 0.516 0.081 2.029
124 11 0.538 -0.158 2.023
124 12 0.549 -0.227 2.029
124 13 0.286 -0.048 1.750
124 14 0.262 -0.369 1.666
124 15 0.282 -0.691 1.668
124 16 0.334 -0.746 1.603
124 17 0.403 -0.048 1.842
124 18 0.426 -0.368 1.913
124 19 0.281 -0.662 2.023
124 20 0.341 -0.698 1.966
125 1 0.346 0.020 1.785
125 2 0.320 0.077 1.813
125 3 0.298 0.384 1.832
125 4 0.374 0.612 1.839
125 5 0.213 0.303 1.749
125 6 0.130 0.065 1.691
125 7 0.147 -0.149 1.643
125 8 0.153 -0.231 1.638
125 9 0.454 0.327 1.972
125 10 0.516 0.084 2.016
125 11 0.536 -0.163 2.004
125 12 0.544 -0.226 2.008
125 13 0.294 -0.049 1.738
125 14 0.267 -0.449 1.653
125 15 0.282 -0.704 1.666
125 16 0.335 -0.749 1.601
125 17 0.416 -0.047 1.807
125 18 0.432 -0.369 1.901
125 19 0.275 -0.665 2.020
125 20 0.336 -0.696 1.957
126 1 0.355 0.016 1.764
126 2 0.326 0.072 1.794
126 3 0.300 0.380 1.820
126 4 0.374 0.610 1.825
126 5 0.216 0.304 1.729
126 6 0.137 0.065 1.656
126 7 0.167 -0.147 1.591
126 8 0.180 -0.222 1.579
126 9 0.454 0.328 1.958
126 10 0.515 0.086 2.002
126 11 0.533 -0.168 1.980
126 12 0.540 -0.226 1.992
126 13 0.304 -0.051 1.719
126 14 0.268 -0.452 1.641
126 15 0.282 -0.709 1.664
126 16 0.336 -0.751 1.599
126 17 0.423 -0.046 1.785
126 18 0.435 -0.374 1.885
126 19 0.272 -0.666 2.004
126 20 0.335 -0.697 1.947
127 1 0.366 0.008 1.733
127 2 0.334 0.064 1.768
127 3 0.301 0.381 1.806
127 4 0.374 0.611 1.812
127 5 0.219 0.305 1.711
127 6 0.147 0.065 1.623
127 7 0.194 -0.140 1.541
127 8 0.208 -0.206 1.523
127 9 0.454 0.329 1.944
127 10 0.515 0.088 1.986
127 11 0.531 -0.170 1.957
127 12 0.536 -0.225 1.958
127 13 0.315 -0.055 1.697
127 14 0.271 -0.451 1.637
127 15 0.283 -0.713 1.662
127 16 0.337 -0.753 1.597
127 17 0.436 -0.050 1.748
127 18 0.437 -0.387 1.857
127 19 0.274 -0.666 1.976
127 20 0.335 -0.698 1.934
128 1 0.373 0.004 1.719
128 2 0.339 0.060 1.754
128 3 0.303 0.382 1.793
128 4 0.375 0.611 1.800
128 5 0.222 0.304 1.694
128 6 0.168 0.064 1.582
128 7 0.224 -0.124 1.491
128 8 0.244 -0.193 1.465
128 9 0.455 0.330 1.930
128 10 0.515 0.089 1.971
128 11 0.530 -0.170 1.945
128 12 0.535 -0.225 1.945
128 13 0.325 -0.059 1.681
128 14 0.275 -0.444 1.637
128 15 0.283 -0.717 1.660
128 16 0.338 -0.754 1.596
128 17 0.442 -0.051 1.734
128 18 0.442 -0.400 1.828
128 19 0.280 -0.667 1.944
128 20 0.338 -0.699 1.895
129 1 0.379 -0.003 1.708
129 2 0.345 0.052 1.742
129 3 0.312 0.370 1.766
129 4 0.378 0.601 1.781
129 5 0.227 0.303 1.677
129 6 0.180 0.064 1.556
129 7 0.255 -0.108 1.443
129 8 0.280 -0.178 1.412
129 9 0.461 0.318 1.906
129 10 0.519 0.078 1.946
129 11 0.533 -0.180 1.926
129 12 0.538 -0.235 1.927
129 13 0.333 -0.063 1.671
129 14 0.280 -0.435 1.637
129 15 0.283 -0.721 1.658
129 16 0.338 -0.756 1.594
129 17 0.448 -0.058 1.723
129 18 0.447 -0.406 1.806
129 19 0.286 -0.665 1.922
129 20 0.343 -0.697 1.863
130 1 0.383 -0.006 1.702
130 2 0.349 0.048 1.735
130 3 0.315 0.363 1.754
130 4 0.381 0.593 1.767
130 5 0.232 0.301 1.661
130 6 0.198 0.066 1.522
130 7 0.289 -0.094 1.399
130 8 0.319 -0.166 1.368
130 9 0.465 0.310 1.890
130 10 0.522 0.070 1.930
130 11 0.536 -0.187 1.914
130 12 0.541 -0.242 1.915
130 13 0.338 -0.066 1.664
130 14 0.283 -0.432 1.635
130 15 0.284 -0.724 1.655
130 16 0.339 -0.757 1.592
130 17 0.452 -0.063 1.718
130 18 0.455 -0.413 1.787
130 19 0.294 -0.667 1.896
130 20 0.350 -0.699 1.834
131 1 0.387 -0.008 1.697
131 2 0.352 0.046 1.730
131 3 0.318 0.362 1.744
131 4 0.384 0.591 1.756
131 5 0.239 0.300 1.644
131 6 0.209 0.070 1.497
131 7 0.321 -0.084 1.363
131 8 0.365 -0.149 1.329
131 9 0.468 0.306 1.878
131 10 0.524 0.066 1.918
131 11 0.538 -0.191 1.904
131 12 0.543 -0.246 1.906
131 13 0.343 -0.067 1.659
131 14 0.289 -0.426 1.631
131 15 0.284 -0.726 1.654
131 16 0.339 -0.758 1.591
131 17 0.455 -0.064 1.714
131 18 0.468 -0.434 1.760
131 19 0.298 -0.672 1.881
131 20 0.354 -0.705 1.819
132 1 0.391 -0.010 1.692
132 2 0.355 0.045 1.724
132 3 0.322 0.368 1.734
132 4 0.388 0.594 1.746
132 5 0.247 0.299 1.630
132 6 0.222 0.077 1.471
132 7 0.356 -0.070 1.333
132 8 0.409 -0.128 1.297
132 9 0.471 0.306 1.868
132 10 0.527 0.066 1.908
132 11 0.540 -0.190 1.895
132 12 0.546 -0.246 1.898
132 13 0.347 -0.069 1.654
132 14 0.294 -0.422 1.629
132 15 0.285 -0.728 1.651
132 16 0.341 -0.759 1.590
132 17 0.459 -0.065 1.709
132 18 0.475 -0.443 1.748
132 19 0.405 -0.681 1.771
132 20 0.444 -0.714 1.723
133 1 0.377 -0.036 1.663
133 2 0.345 0.020 1.693
133 3 0.329 0.343 1.707
133 4 0.392 0.573 1.728
133 5 0.255 0.300 1.617
133 6 0.242 0.087 1.442
133 7 0.386 -0.058 1.311
133 8 0.443 -0.102 1.278
133 9 0.477 0.288 1.845
133 10 0.533 0.048 1.885
133 11 0.547 -0.208 1.873
133 12 0.553 -0.266 1.877
133 13 0.337 -0.078 1.633
133 14 0.312 -0.448 1.624
133 15 0.286 -0.731 1.649
133 16 0.342 -0.763 1.588
133 17 0.437 -0.100 1.679
133 18 0.483 -0.449 1.739
133 19 0.462 -0.735 1.706
133 20 0.518 -0.768 1.647
134 1 0.375 -0.038 1.654
134 2 0.343 0.016 1.683
134 3 0.332 0.335 1.697
134 4 0.395 0.564 1.719
134 5 0.265 0.301 1.604
134 6 0.255 0.093 1.425
134 7 0.412 -0.045 1.296
134 8 0.466 -0.083 1.267
134 9 0.481 0.278 1.833
134 10 0.536 0.038 1.873
134 11 0.551 -0.217 1.862
134 12 0.557 -0.276 1.866
134 13 0.333 -0.075 1.621
134 14 0.326 -0.486 1.617
134 15 0.287 -0.733 1.647
134 16 0.344 -0.763 1.586
134 17 0.431 -0.106 1.671
134 18 0.500 -0.476 1.726
134 19 0.496 -0.752 1.679
134 20 0.554 -0.787 1.621
135 1 0.384 -0.035 1.655
135 2 0.349 0.017 1.680
135 3 0.335 0.330 1.691
135 4 0.399 0.558 1.713
135 5 0.276 0.301 1.592
135 6 0.267 0.097 1.410
135 7 0.428 -0.032 1.289
135 8 0.483 -0.067 1.261
135 9 0.485 0.272 1.825
135 10 0.540 0.031 1.865
135 11 0.555 -0.224 1.854
135 12 0.562 -0.283 1.858
135 13 0.350 -0.071 1.626
135 14 0.332 -0.501 1.615
135 15 0.294 -0.738 1.622
135 16 0.352 -0.763 1.566
135 17 0.438 -0.105 1.676
135 18 0.514 -0.515 1.713
135 19 0.516 -0.765 1.665
135 20 0.577 -0.797 1.608
136 1 0.389 -0.032 1.654
136 2 0.353 0.020 1.678
136 3 0.340 0.328 1.686
136 4 0.405 0.556 1.708
136 5 0.285 0.303 1.582
136 6 0.276 0.101 1.400
136 7 0.441 -0.019 1.286
136 8 0.496 -0.051 1.259
136 9 0.490 0.268 1.819
136 10 0.545 0.027 1.859
136 11 0.560 -0.227 1.848
136 12 0.567 -0.287 1.852
136 13 0.353 -0.068 1.622
136 14 0.339 -0.488 1.608
136 15 0.298 -0.737 1.618
136 16 0.357 -0.762 1.564
136 17 0.442 -0.103 1.678
136 18 0.520 -0.529 1.708
136 19 0.531 -0.773 1.656
136 20 0.595 -0.802 1.602
137 1 0.394 -0.027 1.654
137 2 0.360 0.025 1.677
137 3 0.348 0.329 1.683
137 4 0.414 0.558 1.702
137 5 0.293 0.305 1.574
137 6 0.286 0.104 1.392
137 7 0.452 -0.007 1.286
137 8 0.510 -0.039 1.259
137 9 0.496 0.267 1.814
137 10 0.551 0.026 1.854
137 11 0.567 -0.228 1.842
137 12 0.574 -0.288 1.847
137 13 0.357 -0.065 1.618
137 14 0.342 -0.477 1.605
137 15 0.305 -0.734 1.615
137 16 0.364 -0.761 1.562
137 17 0.447 -0.100 1.679
137 18 0.525 -0.536 1.704
137 19 0.541 -0.777 1.654
137 20 0.608 -0.803 1.602
138 1 0.400 -0.017 1.649
138 2 0.367 0.037 1.672
138 3 0.362 0.342 1.678
138 4 0.430 0.570 1.696
138 5 0.302 0.308 1.566
138 6 0.295 0.108 1.387
138 7 0.460 0.001 1.288
138 8 0.521 -0.032 1.259
138 9 0.505 0.271 1.808
138 10 0.560 0.031 1.848
138 11 0.577 -0.224 1.836
138 12 0.584 -0.284 1.841
138 13 0.360 -0.057 1.608
138 14 0.345 -0.467 1.603
138 15 0.311 -0.730 1.613
138 16 0.371 -0.758 1.560
138 17 0.452 -0.094 1.678
138 18 0.548 -0.519 1.704
138 19 0.550 -0.770 1.655
138 20 0.616 -0.799 1.602
139 1 0.407 -0.010 1.645
139 2 0.375 0.045 1.668
139 3 0.374 0.351 1.675
139 4 0.444 0.578 1.691
139 5 0.311 0.311 1.560
139 6 0.305 0.111 1.383
139 7 0.466 0.007 1.290
139 8 0.529 -0.027 1.262
139 9 0.515 0.277 1.803
139 10 0.571 0.037 1.843
139 11 0.587 -0.218 1.831
139 12 0.595 -0.278 1.836
139 13 0.366 -0.053 1.598
139 14 0.347 -0.460 1.601
139 15 0.317 -0.726 1.612
139 16 0.377 -0.756 1.559
139 17 0.459 -0.088 1.677
139 18 0.558 -0.511 1.704
139 19 0.559 -0.763 1.656
139 20 0.624 -0.794 1.603
140 1 0.413 -0.004 1.641
140 2 0.383 0.052 1.665
140 3 0.385 0.358 1.672
140 4 0.457 0.585 1.687
140 5 0.321 0.314 1.554
140 6 0.315 0.113 1.381
140 7 0.472 0.010 1.293
140 8 0.537 -0.025 1.265
140 9 0.527 0.283 1.799
140 10 0.582 0.042 1.839
140 11 0.598 -0.212 1.827
140 12 0.606 -0.272 1.832
140 13 0.372 -0.049 1.590
140 14 0.350 -0.453 1.600
140 15 0.321 -0.722 1.611
140 16 0.381 -0.754 1.559
140 17 0.465 -0.084 1.676
140 18 0.565 -0.506 1.704
140 19 0.571 -0.757 1.658
140 20 0.634 -0.789 1.604
141 1 0.431 0.000 1.641
141 2 0.401 0.055 1.665
141 3 0.407 0.354 1.669
141 4 0.473 0.582 1.683
141 5 0.331 0.315 1.549
141 6 0.330 0.112 1.382
141 7 0.480 0.010 1.298
141 8 0.546 -0.030 1.271
141 9 0.545 0.283 1.795
141 10 0.601 0.042 1.836
141 11 0.617 -0.212 1.823
141 12 0.624 -0.272 1.828
141 13 0.393 -0.050 1.588
141 14 0.355 -0.448 1.599
141 15 0.324 -0.721 1.611
141 16 0.383 -0.753 1.558
141 17 0.483 -0.082 1.678
141 18 0.572 -0.506 1.702
141 19 0.580 -0.755 1.661
141 20 0.643 -0.785 1.607
142 1 0.444 0.002 1.640
142 2 0.415 0.056 1.664
142 3 0.421 0.351 1.667
142 4 0.486 0.579 1.680
142 5 0.343 0.316 1.544
142 6 0.347 0.109 1.383
142 7 0.491 0.003 1.304
142 8 0.556 -0.045 1.281
142 9 0.560 0.282 1.793
142 10 0.615 0.041 1.833
142 11 0.631 -0.213 1.820
142 12 0.639 -0.273 1.825
142 13 0.406 -0.051 1.587
142 14 0.361 -0.444 1.598
142 15 0.325 -0.719 1.610
142 16 0.384 -0.752 1.558
142 17 0.497 -0.081 1.678
142 18 0.577 -0.507 1.700
142 19 0.640 -0.744 1.660
142 20 0.687 -0.775 1.609
143 1 0.460 0.002 1.638
143 2 0.430 0.056 1.663
143 3 0.434 0.349 1.665
143 4 0.501 0.577 1.678
143 5 0.353 0.315 1.541
143 6 0.360 0.104 1.386
143 7 0.507 -0.016 1.314
143 8 0.568 -0.074 1.294
143 9 0.574 0.282 1.790
143 10 0.630 0.042 1.831
143 11 0.646 -0.213 1.817
143 12 0.653 -0.272 1.823
143 13 0.417 -0.053 1.586
143 14 0.367 -0.442 1.596
143 15 0.314 -0.713 1.608
143 16 0.373 -0.747 1.555
143 17 0.516 -0.081 1.675
143 18 0.584 -0.509 1.697
143 19 0.660 -0.743 1.661
143 20 0.704 -0.771 1.610
144 1 0.476 -0.003 1.635
144 2 0.447 0.051 1.660
144 3 0.448 0.346 1.663
144 4 0.516 0.573 1.675
144 5 0.370 0.313 1.538
144 6 0.371 0.097 1.389
144 7 0.520 -0.038 1.324
144 8 0.574 -0.102 1.306
144 9 0.589 0.281 1.788
144 10 0.645 0.040 1.828
144 11 0.660 -0.214 1.815
144 12 0.668 -0.274 1.820
144 13 0.431 -0.057 1.585
144 14 0.377 -0.443 1.592
144 15 0.313 -0.712 1.607
144 16 0.372 -0.746 1.554
144 17 0.532 -0.083 1.671
144 18 0.596 -0.514 1.692
144 19 0.671 -0.743 1.662
144 20 0.715 -0.770 1.611
145 1 0.493 -0.010 1.632
145 2 0.464 0.044 1.657
145 3 0.464 0.338 1.661
145 4 0.533 0.564 1.673
145 5 0.386 0.310 1.538
145 6 0.379 0.091 1.392
145 7 0.529 -0.060 1.333
145 8 0.573 -0.121 1.318
145 9 0.605 0.276 1.786
145 10 0.661 0.035 1.826
145 11 0.677 -0.219 1.813
145 12 0.684 -0.279 1.818
145 13 0.447 -0.064 1.583
145 14 0.389 -0.448 1.589
145 15 0.312 -0.711 1.607
145 16 0.371 -0.745 1.554
145 17 0.549 -0.089 1.665
145 18 0.613 -0.521 1.685
145 19 0.681 -0.745 1.663
145 20 0.725 -0.771 1.611
146 1 0.495 -0.022 1.610
146 2 0.469 0.035 1.643
146 3 0.473 0.335 1.658
146 4 0.544 0.560 1.671
146 5 0.400 0.307 1.539
146 6 0.386 0.086 1.397
146 7 0.532 -0.082 1.345
146 8 0.565 -0.148 1.337
146 9 0.616 0.273 1.784
146 10 0.671 0.032 1.824
146 11 0.687 -0.222 1.811
146 12 0.694 -0.281 1.816
146 13 0.445 -0.068 1.559
146 14 0.400 -0.454 1.586
146 15 0.314 -0.711 1.606
146 16 0.373 -0.746 1.553
146 17 0.546 -0.105 1.633
146 18 0.632 -0.528 1.677
146 19 0.690 -0.749 1.664
146 20 0.736 -0.774 1.612
147 1 0.541 -0.022 1.605
147 2 0.513 0.035 1.638
147 3 0.504 0.353 1.658
147 4 0.570 0.573 1.670
147 5 0.414 0.305 1.540
147 6 0.394 0.079 1.406
147 7 0.527 -0.115 1.363
147 8 0.555 -0.171 1.355
147 9 0.641 0.283 1.783
147 10 0.697 0.042 1.823
147 11 0.712 -0.212 1.810
147 12 0.719 -0.272 1.815
147 13 0.491 -0.071 1.553
147 14 0.411 -0.460 1.584
147 15 0.318 -0.710 1.605
147 16 0.376 -0.745 1.551
147 17 0.598 -0.101 1.631
147 18 0.661 -0.515 1.669
147 19 0.691 -0.750 1.664
147 20 0.739 -0.776 1.612
148 1 0.566 -0.023 1.603
148 2 0.535 0.035 1.635
148 3 0.519 0.357 1.657
148 4 0.586 0.578 1.669
148 5 0.427 0.304 1.541
148 6 0.405 0.070 1.421
148 7 0.518 -0.130 1.376
148 8 0.528 -0.201 1.380
148 9 0.658 0.287 1.782
148 10 0.714 0.046 1.822
148 11 0.729 -0.209 1.809
148 12 0.736 -0.268 1.814
148 13 0.519 -0.074 1.552
148 14 0.433 -0.466 1.582
148 15 0.321 -0.709 1.605
148 16 0.379 -0.743 1.550
148 17 0.631 -0.098 1.630
148 18 0.674 -0.510 1.666
148 19 0.691 -0.751 1.664
148 20 0.741 -0.778 1.611
149 1 0.581 -0.021 1.602
149 2 0.549 0.036 1.634
149 3 0.534 0.354 1.655
149 4 0.599 0.578 1.669
149 5 0.438 0.304 1.543
149 6 0.416 0.064 1.436
149 7 0.497 -0.143 1.395
149 8 0.510 -0.216 1.394
149 9 0.674 0.285 1.781
149 10 0.730 0.045 1.821
149 11 0.746 -0.210 1.808
149 12 0.753 -0.269 1.813
149 13 0.536 -0.074 1.550
149 14 0.447 -0.467 1.580
149 15 0.325 -0.707 1.604
149 16 0.383 -0.741 1.548
149 17 0.646 -0.096 1.630
149 18 0.682 -0.512 1.662
149 19 0.687 -0.755 1.665
149 20 0.741 -0.779 1.610
150 1 0.593 -0.017 1.600
150 2 0.560 0.038 1.632
150 3 0.544 0.351 1.654
150 4 0.610 0.576 1.669
150 5 0.448 0.304 1.545
150 6 0.423 0.061 1.446
150 7 0.482 -0.149 1.409
150 8 0.489 -0.223 1.410
150 9 0.686 0.284 1.780
150 10 0.742 0.043 1.820
150 11 0.757 -0.211 1.807
150 12 0.765 -0.271 1.812
150 13 0.550 -0.072 1.546
150 14 0.460 -0.467 1.578
150 15 0.334 -0.703 1.602
150 16 0.391 -0.737 1.546
150 17 0.657 -0.094 1.629
150 18 0.688 -0.512 1.660
150 19 0.683 -0.757 1.665
150 20 0.740 -0.780 1.609
151 1 0.601 -0.011 1.598
151 2 0.567 0.041 1.630
151 3 0.552 0.350 1.653
151 4 0.619 0.574 1.668
151 5 0.458 0.305 1.547
151 6 0.428 0.060 1.455
151 7 0.467 -0.164 1.426
151 8 0.471 -0.232 1.424
151 9 0.696 0.283 1.778
151 10 0.751 0.042 1.819
151 11 0.767 -0.212 1.806
151 12 0.774 -0.272 1.810
151 13 0.559 -0.068 1.540
151 14 0.473 -0.465 1.575
151 15 0.343 -0.698 1.601
151 16 0.400 -0.732 1.543
151 17 0.664 -0.092 1.629
151 18 0.692 -0.512 1.659
151 19 0.680 -0.758 1.665
151 20 0.740 -0.781 1.608
152 1 0.606 -0.008 1.596
152 2 0.572 0.043 1.628
152 3 0.560 0.347 1.651
152 4 0.629 0.572 1.668
152 5 0.471 0.306 1.551
152 6 0.433 0.059 1.466
152 7 0.452 -0.178 1.443
152 8 0.457 -0.240 1.437
152 9 0.705 0.281 1.777
152 10 0.760 0.041 1.817
152 11 0.776 -0.214 1.804
152 12 0.783 -0.273 1.809
152 13 0.564 -0.066 1.535
152 14 0.483 -0.465 1.572
152 15 0.358 -0.694 1.597
152 16 0.413 -0.728 1.539
152 17 0.668 -0.090 1.628
152 18 0.695 -0.513 1.658
152 19 0.685 -0.759 1.665
152 20 0.744 -0.781 1.607
153 1 0.609 -0.005 1.594
153 2 0.576 0.045 1.626
153 3 0.569 0.343 1.649
153 4 0.641 0.568 1.668
153 5 0.484 0.307 1.554
153 6 0.438 0.060 1.480
153 7 0.443 -0.179 1.456
153 8 0.441 -0.237 1.455
153 9 0.714 0.279 1.775
153 10 0.770 0.038 1.815
153 11 0.786 -0.216 1.802
153 12 0.793 -0.276 1.807
153 13 0.567 -0.063 1.531
153 14 0.492 -0.465 1.570
153 15 0.373 -0.693 1.593
153 16 0.428 -0.726 1.534
153 17 0.670 -0.089 1.626
153 18 0.698 -0.513 1.658
153 19 0.695 -0.760 1.665
153 20 0.752 -0.780 1.606
154 1 0.611 -0.003 1.592
154 2 0.579 0.046 1.624
154 3 0.578 0.342 1.648
154 4 0.651 0.567 1.667
154 5 0.497 0.309 1.557
154 6 0.443 0.061 1.490
154 7 0.437 -0.184 1.469
154 8 0.434 -0.239 1.464
154 9 0.724 0.278 1.774
154 10 0.740 0.073 1.627
154 11 0.744 -0.175 1.572
154 12 0.752 -0.235 1.576
154 13 0.568 -0.062 1.529
154 14 0.505 -0.468 1.566
154 15 0.385 -0.691 1.590
154 16 0.440 -0.725 1.530
154 17 0.671 -0.087 1.625
154 18 0.702 -0.514 1.658
154 19 0.710 -0.759 1.666
154 20 0.765 -0.779 1.606
155 1 0.613 -0.001 1.591
155 2 0.582 0.048 1.623
155 3 0.588 0.344 1.647
155 4 0.664 0.569 1.668
155 5 0.511 0.310 1.560
155 6 0.447 0.062 1.500
155 7 0.438 -0.182 1.480
155 8 0.431 -0.237 1.476
155 9 0.734 0.279 1.773
155 10 0.741 0.085 1.583
155 11 0.733 -0.156 1.486
155 12 0.740 -0.215 1.491
155 13 0.570 -0.060 1.527
155 14 0.519 -0.471 1.562
155 15 0.397 -0.690 1.586
155 16 0.451 -0.723 1.526
155 17 0.673 -0.086 1.623
155 18 0.710 -0.514 1.658
155 19 0.727 -0.757 1.667
155 20 0.781 -0.777 1.606
156 1 0.617 0.000 1.589
156 2 0.587 0.050 1.622
156 3 0.600 0.347 1.647
156 4 0.677 0.573 1.668
156 5 0.525 0.311 1.562
156 6 0.453 0.064 1.508
156 7 0.443 -0.177 1.489
156 8 0.435 -0.232 1.489
156 9 0.745 0.281 1.773
156 10 0.741 0.092 1.556
156 11 0.728 -0.146 1.443
156 12 0.735 -0.206 1.448
156 13 0.573 -0.059 1.526
156 14 0.556 -0.468 1.550
156 15 0.411 -0.686 1.581
156 16 0.465 -0.720 1.521
156 17 0.675 -0.083 1.621
156 18 0.725 -0.511 1.658
156 19 0.749 -0.753 1.667
156 20 0.801 -0.772 1.605
157 1 0.623 0.003 1.588
157 2 0.595 0.054 1.621
157 3 0.614 0.352 1.649
157 4 0.692 0.577 1.669
157 5 0.537 0.311 1.564
157 6 0.465 0.065 1.517
157 7 0.454 -0.169 1.497
157 8 0.450 -0.225 1.501
157 9 0.757 0.284 1.774
157 10 0.751 0.096 1.560
157 11 0.731 -0.141 1.427
157 12 0.738 -0.200 1.432
157 13 0.577 -0.056 1.526
157 14 0.576 -0.467 1.543
157 15 0.447 -0.689 1.565
157 16 0.501 -0.723 1.505
157 17 0.680 -0.079 1.618
157 18 0.752 -0.503 1.659
157 19 0.781 -0.745 1.668
157 20 0.832 -0.764 1.606
158 1 0.635 0.007 1.586
158 2 0.608 0.058 1.620
158 3 0.627 0.357 1.650
158 4 0.705 0.582 1.669
158 5 0.551 0.311 1.565
158 6 0.477 0.066 1.524
158 7 0.470 -0.161 1.502
158 8 0.467 -0.218 1.509
158 9 0.769 0.288 1.774
158 10 0.765 0.100 1.563
158 11 0.742 -0.137 1.431
158 12 0.749 -0.197 1.436
158 13 0.587 -0.052 1.526
158 14 0.603 -0.475 1.529
158 15 0.477 -0.692 1.550
158 16 0.534 -0.723 1.489
158 17 0.690 -0.073 1.614
158 18 0.767 -0.499 1.657
158 19 0.798 -0.740 1.666
158 20 0.850 -0.759 1.603
159 1 0.650 0.009 1.584
159 2 0.623 0.061 1.620
159 3 0.641 0.360 1.650
159 4 0.716 0.585 1.669
159 5 0.563 0.310 1.566
159 6 0.490 0.065 1.528
159 7 0.489 -0.157 1.505
159 8 0.496 -0.214 1.514
159 9 0.783 0.291 1.775
159 10 0.790 0.102 1.566
159 11 0.772 -0.138 1.450
159 12 0.779 -0.197 1.454
159 13 0.601 -0.047 1.526
159 14 0.650 -0.462 1.510
159 15 0.513 -0.686 1.534
159 16 0.568 -0.718 1.473
159 17 0.704 -0.069 1.611
159 18 0.780 -0.497 1.652
159 19 0.819 -0.737 1.657
159 20 0.870 -0.756 1.595
160 1 0.668 0.006 1.580
160 2 0.639 0.058 1.617
160 3 0.653 0.360 1.650
160 4 0.727 0.585 1.668
160 5 0.575 0.309 1.567
160 6 0.501 0.064 1.531
160 7 0.516 -0.158 1.504
160 8 0.527 -0.217 1.511
160 9 0.795 0.292 1.775
160 10 0.807 0.101 1.573
160 11 0.793 -0.141 1.468
160 12 0.800 -0.200 1.473
160 13 0.613 -0.046 1.527
160 14 0.690 -0.449 1.494
160 15 0.659 -0.700 1.482
160 16 0.714 -0.733 1.421
160 17 0.724 -0.071 1.601
160 18 0.791 -0.498 1.648
160 19 0.832 -0.737 1.652
160 20 0.883 -0.757 1.589
161 1 0.688 -0.014 1.571
161 2 0.657 0.046 1.612
161 3 0.665 0.362 1.651
161 4 0.739 0.586 1.667
161 5 0.585 0.307 1.568
161 6 0.510 0.063 1.533
161 7 0.536 -0.159 1.502
161 8 0.553 -0.219 1.504
161 9 0.808 0.294 1.775
161 10 0.821 0.100 1.581
161 11 0.810 -0.142 1.484
161 12 0.817 -0.202 1.489
161 13 0.628 -0.056 1.534
161 14 0.725 -0.440 1.478
161 15 0.781 -0.714 1.425
161 16 0.834 -0.748 1.364
161 17 0.750 -0.085 1.572
161 18 0.745 -0.479 1.606
161 19 0.727 -0.635 1.734
161 20 0.676 -0.609 1.663
162 1 0.698 -0.023 1.566
162 2 0.666 0.038 1.609
162 3 0.674 0.363 1.650
162 4 0.749 0.587 1.666
162 5 0.595 0.306 1.569
162 6 0.521 0.062 1.535
162 7 0.556 -0.150 1.498
162 8 0.573 -0.211 1.496
162 9 0.818 0.296 1.775
162 10 0.828 0.101 1.584
162 11 0.821 -0.143 1.494
162 12 0.828 -0.203 1.499
162 13 0.636 -0.062 1.538
162 14 0.740 -0.436 1.471
162 15 0.833 -0.720 1.400
162 16 0.886 -0.753 1.339
162 17 0.761 -0.091 1.558
162 18 0.724 -0.489 1.578
162 19 0.713 -0.606 1.384
162 20 0.750 -0.632 1.319
163 1 0.704 -0.028 1.563
163 2 0.673 0.034 1.606
163 3 0.685 0.366 1.649
163 4 0.760 0.588 1.665
163 5 0.604 0.305 1.569
163 6 0.532 0.061 1.535
163 7 0.569 -0.142 1.494
163 8 0.586 -0.204 1.489
163 9 0.829 0.299 1.774
163 10 0.834 0.101 1.586
163 11 0.830 -0.143 1.501
163 12 0.837 -0.202 1.506
163 13 0.641 -0.065 1.540
163 14 0.750 -0.433 1.466
163 15 0.862 -0.722 1.387
163 16 0.915 -0.756 1.326
163 17 0.768 -0.094 1.550
163 18 0.718 -0.496 1.645
163 19 0.699 -0.529 1.389
163 20 0.735 -0.558 1.318
164 1 0.722 -0.004 1.557
164 2 0.690 0.049 1.601
164 3 0.696 0.371 1.648
164 4 0.770 0.590 1.663
164 5 0.612 0.304 1.569
164 6 0.546 0.060 1.532
164 7 0.598 -0.125 1.479
164 8 0.604 -0.159 1.479
164 9 0.841 0.303 1.773
164 10 0.841 0.103 1.588
164 11 0.838 -0.141 1.506
164 12 0.846 -0.201 1.511
164 13 0.662 -0.045 1.522
164 14 0.757 -0.429 1.462
164 15 0.849 -0.706 1.387
164 16 0.901 -0.739 1.325
164 17 0.781 -0.078 1.555
164 18 0.715 -0.485 1.665
164 19 0.728 -0.480 1.378
164 20 0.755 -0.513 1.282
165 1 0.729 0.008 1.555
165 2 0.699 0.059 1.599
165 3 0.706 0.377 1.646
165 4 0.778 0.591 1.661
165 5 0.621 0.304 1.568
165 6 0.557 0.059 1.528
165 7 0.611 -0.118 1.471
165 8 0.613 -0.138 1.473
165 9 0.850 0.307 1.772
165 10 0.848 0.106 1.589
165 11 0.846 -0.139 1.509
165 12 0.853 -0.198 1.514
165 13 0.672 -0.033 1.513
165 14 0.760 -0.424 1.457
165 15 0.849 -0.695 1.382
165 16 0.901 -0.728 1.319
165 17 0.786 -0.068 1.560
165 18 0.717 -0.482 1.678
165 19 0.742 -0.468 1.377
165 20 0.774 -0.493 1.278
166 1 0.733 0.016 1.553
166 2 0.703 0.066 1.597
166 3 0.714 0.381 1.643
166 4 0.788 0.592 1.657
166 5 0.630 0.303 1.565
166 6 0.569 0.060 1.522
166 7 0.621 -0.113 1.464
166 8 0.621 -0.129 1.467
166 9 0.859 0.311 1.770
166 10 0.854 0.109 1.589
166 11 0.852 -0.136 1.510
166 12 0.859 -0.196 1.515
166 13 0.677 -0.027 1.506
166 14 0.762 -0.419 1.454
166 15 0.836 -0.684 1.383
166 16 0.888 -0.718 1.321
166 17 0.789 -0.062 1.564
166 18 0.725 -0.480 1.683
166 19 0.746 -0.475 1.331
166 20 0.792 -0.513 1.263
167 1 0.735 0.022 1.552
167 2 0.706 0.071 1.595
167 3 0.722 0.385 1.640
167 4 0.797 0.593 1.653
167 5 0.641 0.302 1.561
167 6 0.581 0.063 1.512
167 7 0.628 -0.110 1.459
167 8 0.627 -0.123 1.462
167 9 0.868 0.315 1.767
167 10 0.861 0.112 1.588
167 11 0.859 -0.133 1.510
167 12 0.866 -0.193 1.515
167 13 0.680 -0.022 1.501
167 14 0.762 -0.415 1.450
167 15 0.827 -0.677 1.384
167 16 0.879 -0.710 1.322
167 17 0.790 -0.058 1.566
167 18 0.736 -0.479 1.683
167 19 0.763 -0.503 1.331
167 20 0.815 -0.542 1.268
168 1 0.738 0.026 1.550
168 2 0.710 0.075 1.593
168 3 0.732 0.387 1.635
168 4 0.807 0.593 1.648
168 5 0.651 0.301 1.555
168 6 0.614 0.060 1.491
168 7 0.665 -0.133 1.423
168 8 0.664 -0.185 1.420
168 9 0.877 0.318 1.763
168 10 0.870 0.115 1.585
168 11 0.868 -0.131 1.507
168 12 0.875 -0.190 1.512
168 13 0.683 -0.018 1.496
168 14 0.762 -0.412 1.447
168 15 0.821 -0.672 1.385
168 16 0.873 -0.706 1.322
168 17 0.792 -0.056 1.567
168 18 0.745 -0.479 1.680
168 19 0.774 -0.521 1.335
168 20 0.828 -0.557 1.273
169 1 0.742 0.038 1.547
169 2 0.720 0.101 1.589
169 3 0.756 0.438 1.632
169 4 0.826 0.609 1.640
169 5 0.663 0.300 1.546
169 6 0.630 0.058 1.479
169 7 0.700 -0.167 1.400
169 8 0.698 -0.233 1.398
169 9 0.904 0.368 1.759
169 10 0.898 0.167 1.581
169 11 0.895 -0.079 1.502
169 12 0.902 -0.138 1.507
169 13 0.685 -0.015 1.493
169 14 0.762 -0.409 1.445
169 15 0.816 -0.668 1.385
169 16 0.867 -0.702 1.322
169 17 0.800 -0.036 1.569
169 18 0.751 -0.386 1.661
169 19 0.785 -0.534 1.358
169 20 0.839 -0.569 1.296
170 1 0.745 0.045 1.545
170 2 0.724 0.112 1.587
170 3 0.768 0.466 1.630
170 4 0.835 0.617 1.636
170 5 0.674 0.299 1.536
170 6 0.651 0.054 1.458
170 7 0.722 -0.192 1.389
170 8 0.745 -0.259 1.393
170 9 0.916 0.389 1.757
170 10 0.910 0.188 1.579
170 11 0.906 -0.058 1.499
170 12 0.913 -0.117 1.504
170 13 0.687 -0.013 1.490
170 14 0.762 -0.407 1.443
170 15 0.813 -0.666 1.385
170 16 0.864 -0.699 1.322
170 17 0.804 -0.027 1.570
170 18 0.756 -0.339 1.656
170 19 0.794 -0.537 1.374
170 20 0.849 -0.570 1.313
171 1 0.750 0.031 1.523
171 2 0.728 0.105 1.571
171 3 0.774 0.477 1.629
171 4 0.840 0.622 1.632
171 5 0.683 0.299 1.524
171 6 0.661 0.052 1.445
171 7 0.732 -0.201 1.383
171 8 0.761 -0.268 1.391
171 9 0.923 0.400 1.755
171 10 0.917 0.200 1.577
171 11 0.913 -0.045 1.497
171 12 0.920 -0.105 1.502
171 13 0.677 -0.028 1.499
171 14 0.766 -0.403 1.434
171 15 0.834 -0.662 1.353
171 16 0.886 -0.696 1.292
171 17 0.822 -0.030 1.515
171 18 0.760 -0.316 1.655
171 19 0.802 -0.525 1.390
171 20 0.858 -0.557 1.329
172 1 0.752 0.024 1.513
172 2 0.730 0.100 1.562
172 3 0.778 0.484 1.626
172 4 0.845 0.625 1.627
172 5 0.690 0.298 1.512
172 6 0.681 0.049 1.426
172 7 0.736 -0.198 1.375
172 8 0.761 -0.262 1.390
172 9 0.928 0.408 1.753
172 10 0.922 0.208 1.574
172 11 0.918 -0.037 1.494
172 12 0.925 -0.097 1.498
172 13 0.671 -0.036 1.505
172 14 0.769 -0.401 1.428
172 15 0.846 -0.660 1.336
172 16 0.899 -0.694 1.275
172 17 0.830 -0.032 1.488
172 18 0.762 -0.301 1.654
172 19 0.808 -0.489 1.396
172 20 0.864 -0.522 1.336
173 1 0.738 0.036 1.536
173 2 0.719 0.109 1.573
173 3 0.781 0.488 1.620
173 4 0.848 0.628 1.622
173 5 0.697 0.299 1.500
173 6 0.689 0.048 1.417
173 7 0.740 -0.201 1.373
173 8 0.769 -0.271 1.385
173 9 0.932 0.413 1.749
173 10 0.926 0.213 1.570
173 11 0.922 -0.032 1.489
173 12 0.929 -0.091 1.494
173 13 0.648 -0.022 1.566
173 14 0.744 -0.351 1.465
173 15 0.837 -0.645 1.346
173 16 0.891 -0.680 1.287
173 17 0.822 -0.030 1.483
173 18 0.766 -0.292 1.652
173 19 0.809 -0.464 1.411
173 20 0.865 -0.499 1.353
174 1 0.749 0.095 1.585
174 2 0.726 0.159 1.609
174 3 0.782 0.488 1.612
174 4 0.850 0.630 1.615
174 5 0.700 0.298 1.492
174 6 0.694 0.050 1.398
174 7 0.735 -0.192 1.366
174 8 0.748 -0.249 1.356
174 9 0.934 0.417 1.744
174 10 0.929 0.217 1.565
174 11 0.924 -0.028 1.483
174 12 0.932 -0.088 1.488
174 13 0.652 0.008 1.646
174 14 0.749 -0.306 1.534
174 15 0.844 -0.609 1.413
174 16 0.900 -0.647 1.357
174 17 0.839 0.038 1.525
174 18 0.772 -0.288 1.650
174 19 0.808 -0.450 1.418
174 20 0.808 -0.498 1.464
175 1 0.742 0.087 1.641
175 2 0.718 0.158 1.654
175 3 0.782 0.486 1.603
175 4 0.852 0.632 1.608
175 5 0.703 0.301 1.482
175 6 0.699 0.053 1.387
175 7 0.751 -0.180 1.415
175 8 0.769 -0.248 1.439
175 9 0.936 0.419 1.737
175 10 0.865 0.240 1.542
175 11 0.821 0.011 1.434
175 12 0.829 -0.049 1.439
175 13 0.651 0.010 1.669
175 14 0.760 -0.295 1.568
175 15 0.881 -0.602 1.478
175 16 0.938 -0.645 1.427
175 17 0.814 0.024 1.646
175 18 0.782 -0.290 1.644
175 19 0.791 -0.575 1.542
175 20 0.822 -0.621 1.535
176 1 0.740 0.077 1.668
176 2 0.716 0.154 1.673
176 3 0.782 0.485 1.594
176 4 0.853 0.634 1.602
176 5 0.705 0.302 1.477
176 6 0.701 0.056 1.379
176 7 0.764 -0.164 1.449
176 8 0.785 -0.224 1.446
176 9 0.937 0.420 1.730
176 10 0.819 0.262 1.518
176 11 0.749 0.046 1.388
176 12 0.756 -0.013 1.393
176 13 0.655 0.008 1.684
176 14 0.796 -0.310 1.628
176 15 0.927 -0.605 1.577
176 16 0.985 -0.651 1.528
176 17 0.815 0.027 1.678
176 18 0.796 -0.301 1.625
176 19 0.784 -0.635 1.580
176 20 0.826 -0.696 1.557
177 1 0.768 -0.037 1.683
177 2 0.738 0.041 1.689
177 3 0.782 0.393 1.582
177 4 0.853 0.586 1.588
177 5 0.707 0.234 1.467
177 6 0.703 0.042 1.361
177 7 0.770 -0.155 1.462
177 8 0.791 -0.212 1.455
177 9 0.937 0.339 1.712
177 10 0.780 0.250 1.484
177 11 0.699 0.047 1.345
177 12 0.706 -0.013 1.350
177 13 0.694 -0.084 1.703
177 14 0.820 -0.405 1.641
177 15 0.943 -0.687 1.597
177 16 1.000 -0.733 1.547
177 17 0.838 -0.107 1.686
177 18 0.844 -0.456 1.644
177 19 0.833 -0.778 1.655
177 20 0.887 -0.832 1.610
178 1 0.816 -0.004 1.759
178 2 0.778 0.066 1.752
178 3 0.786 0.385 1.579
178 4 0.854 0.568 1.582
178 5 0.709 0.223 1.464
178 6 0.704 0.040 1.355
178 7 0.774 -0.148 1.470
178 8 0.795 -0.203 1.460
178 9 0.939 0.325 1.708
178 10 0.774 0.251 1.479
178 11 0.680 0.053 1.332
178 12 0.687 -0.007 1.336
178 13 0.760 -0.061 1.776
178 14 0.828 -0.383 1.648
178 15 0.889 -0.660 1.527
178 16 0.946 -0.707 1.478
178 17 0.879 -0.047 1.790
178 18 0.923 -0.420 1.759
178 19 0.819 -0.622 1.628
178 20 0.805 -0.690 1.640
179 1 0.845 0.002 1.795
179 2 0.805 0.073 1.785
179 3 0.789 0.375 1.579
179 4 0.855 0.561 1.580
179 5 0.711 0.215 1.463
179 6 0.712 0.090 1.317
179 7 0.773 -0.103 1.456
179 8 0.794 -0.158 1.446
179 9 0.940 0.316 1.705
179 10 0.769 0.250 1.473
179 11 0.676 0.054 1.323
179 12 0.683 -0.005 1.328
179 13 0.800 -0.055 1.811
179 14 0.837 -0.329 1.621
179 15 0.883 -0.614 1.453
179 16 0.941 -0.669 1.400
179 17 0.903 -0.037 1.834
179 18 0.965 -0.410 1.811
179 19 0.820 -0.618 1.635
179 20 0.800 -0.689 1.650
180 1 0.858 0.012 1.810
180 2 0.817 0.079 1.799
180 3 0.792 0.372 1.580
180 4 0.856 0.557 1.578
180 5 0.714 0.212 1.464
180 6 0.719 0.128 1.293
180 7 0.773 -0.072 1.443
180 8 0.796 -0.128 1.439
180 9 0.942 0.310 1.704
180 10 0.788 0.219 1.495
180 11 0.706 0.008 1.363
180 12 0.713 -0.052 1.368
180 13 0.813 -0.048 1.825
180 14 0.846 -0.308 1.621
180 15 0.875 -0.573 1.398
180 16 0.934 -0.632 1.342
180 17 0.919 -0.021 1.849
180 18 0.983 -0.402 1.827
180 19 0.923 -0.658 1.718
180 20 0.955 -0.717 1.696
181 1 0.863 0.025 1.807
181 2 0.823 0.091 1.799
181 3 0.796 0.377 1.582
181 4 0.857 0.557 1.577
181 5 0.717 0.214 1.465
181 6 0.749 0.145 1.288
181 7 0.777 -0.061 1.442
181 8 0.797 -0.118 1.439
181 9 0.945 0.310 1.703
181 10 0.800 0.205 1.507
181 11 0.727 -0.017 1.388
181 12 0.734 -0.077 1.393
181 13 0.817 -0.038 1.831
181 14 0.849 -0.298 1.614
181 15 0.873 -0.561 1.380
181 16 0.931 -0.619 1.323
181 17 0.933 -0.010 1.818
181 18 0.990 -0.390 1.825
181 19 0.973 -0.663 1.751
181 20 1.023 -0.715 1.716
182 1 0.866 0.003 1.809
182 2 0.817 0.055 1.782
182 3 0.759 0.213 1.507
182 4 0.829 0.430 1.518
182 5 0.691 0.086 1.410
182 6 0.750 0.210 1.365
182 7 0.780 -0.023 1.452
182 8 0.790 -0.082 1.451
182 9 0.920 0.181 1.647
182 10 0.781 0.072 1.482
182 11 0.754 -0.135 1.419
182 12 0.761 -0.194 1.424
182 13 0.816 -0.052 1.845
182 14 0.854 -0.309 1.592
182 15 0.878 -0.549 1.356
182 16 0.934 -0.610 1.306
182 17 0.948 -0.011 1.843
182 18 0.990 -0.395 1.804
182 19 0.998 -0.673 1.740
182 20 1.061 -0.727 1.692
