1 1 0.056 -0.423 2.463
1 2 0.043 -0.373 2.500
1 3 0.040 -0.099 2.489
1 4 0.068 0.081 2.468
1 5 -0.115 -0.202 2.451
1 6 -0.174 -0.424 2.386
1 7 -0.077 -0.547 2.263
1 8 -0.047 -0.592 2.225
1 9 0.214 -0.210 2.548
1 10 0.235 -0.415 2.501
1 11 0.197 -0.533 2.338
1 12 0.197 -0.538 2.273
1 13 -0.027 -0.498 2.434
1 14 -0.020 -0.616 2.140
1 15 -0.038 -0.902 2.062
1 16 -0.015 -0.936 1.985
1 17 0.147 -0.502 2.476
1 18 0.325 -0.551 2.224
1 19 0.360 -0.820 2.062
1 20 0.384 -0.849 1.979
2 1 0.056 -0.423 2.463
2 2 0.043 -0.373 2.500
2 3 0.040 -0.099 2.489
2 4 0.068 0.081 2.468
2 5 -0.115 -0.202 2.451
2 6 -0.175 -0.424 2.386
2 7 -0.077 -0.547 2.263
2 8 -0.046 -0.592 2.225
2 9 0.213 -0.210 2.548
2 10 0.235 -0.415 2.501
2 11 0.195 -0.537 2.342
2 12 0.197 -0.537 2.276
2 13 -0.027 -0.498 2.434
2 14 -0.020 -0.616 2.140
2 15 -0.038 -0.902 2.062
2 16 -0.015 -0.936 1.985
2 17 0.147 -0.502 2.476
2 18 0.325 -0.551 2.224
2 19 0.359 -0.821 2.064
2 20 0.383 -0.851 1.981
3 1 0.056 -0.423 2.463
3 2 0.043 -0.373 2.500
3 3 0.040 -0.100 2.489
3 4 0.068 0.081 2.468
3 5 -0.115 -0.202 2.451
3 6 -0.175 -0.424 2.385
3 7 -0.079 -0.550 2.264
3 8 -0.047 -0.593 2.226
3 9 0.213 -0.210 2.549
3 10 0.235 -0.415 2.501
3 11 0.194 -0.540 2.346
3 12 0.193 -0.549 2.279
3 13 -0.027 -0.498 2.434
3 14 -0.020 -0.616 2.140
3 15 -0.037 -0.902 2.062
3 16 -0.015 -0.936 1.984
3 17 0.147 -0.502 2.476
3 18 0.323 -0.551 2.222
3 19 0.358 -0.821 2.065
3 20 0.382 -0.851 1.982
4 1 0.056 -0.423 2.463
4 2 0.043 -0.373 2.500
4 3 0.040 -0.100 2.489
4 4 0.068 0.081 2.468
4 5 -0.115 -0.202 2.451
4 6 -0.175 -0.424 2.385
4 7 -0.092 -0.549 2.254
4 8 -0.058 -0.592 2.217
4 9 0.213 -0.210 2.549
4 10 0.235 -0.415 2.501
4 11 0.193 -0.542 2.348
4 12 0.192 -0.557 2.280
4 13 -0.027 -0.498 2.434
4 14 -0.020 -0.616 2.140
4 15 -0.037 -0.902 2.062
4 16 -0.015 -0.936 1.984
4 17 0.147 -0.502 2.476
4 18 0.322 -0.550 2.222
4 19 0.358 -0.822 2.066
4 20 0.382 -0.852 1.984
5 1 0.056 -0.423 2.463
5 2 0.043 -0.373 2.500
5 3 0.040 -0.100 2.489
5 4 0.068 0.081 2.468
5 5 -0.115 -0.202 2.450
5 6 -0.175 -0.424 2.385
5 7 -0.093 -0.550 2.254
5 8 -0.059 -0.592 2.217
5 9 0.213 -0.211 2.549
5 10 0.234 -0.415 2.501
5 11 0.193 -0.544 2.350
5 12 0.190 -0.561 2.281
5 13 -0.027 -0.498 2.434
5 14 -0.020 -0.615 2.140
5 15 -0.037 -0.902 2.061
5 16 -0.014 -0.936 1.984
5 17 0.147 -0.502 2.476
5 18 0.322 -0.550 2.221
5 19 0.357 -0.822 2.067
5 20 0.381 -0.853 1.985
6 1 0.056 -0.423 2.463
6 2 0.043 -0.373 2.500
6 3 0.040 -0.100 2.489
6 4 0.068 0.081 2.468
6 5 -0.115 -0.202 2.450
6 6 -0.175 -0.424 2.385
6 7 -0.094 -0.551 2.254
6 8 -0.060 -0.593 2.217
6 9 0.213 -0.211 2.549
6 10 0.234 -0.415 2.501
6 11 0.192 -0.545 2.351
6 12 0.190 -0.564 2.282
6 13 -0.027 -0.498 2.434
6 14 -0.020 -0.615 2.140
6 15 -0.037 -0.902 2.061
6 16 -0.014 -0.936 1.984
6 17 0.147 -0.502 2.476
6 18 0.320 -0.550 2.220
6 19 0.356 -0.822 2.067
6 20 0.381 -0.854 1.986
7 1 0.056 -0.423 2.463
7 2 0.043 -0.373 2.500
7 3 0.040 -0.100 2.489
7 4 0.069 0.081 2.468
7 5 -0.115 -0.202 2.450
7 6 -0.175 -0.424 2.385
7 7 -0.092 -0.551 2.255
7 8 -0.060 -0.593 2.218
7 9 0.213 -0.211 2.550
7 10 0.234 -0.415 2.501
7 11 0.192 -0.546 2.352
7 12 0.189 -0.566 2.282
7 13 -0.027 -0.498 2.434
7 14 -0.020 -0.615 2.140
7 15 -0.037 -0.901 2.061
7 16 -0.014 -0.936 1.984
7 17 0.148 -0.502 2.476
7 18 0.317 -0.550 2.217
7 19 0.356 -0.823 2.066
7 20 0.380 -0.854 1.986
8 1 0.056 -0.423 2.463
8 2 0.043 -0.373 2.500
8 3 0.040 -0.100 2.489
8 4 0.069 0.081 2.468
8 5 -0.115 -0.202 2.450
8 6 -0.175 -0.424 2.385
8 7 -0.090 -0.551 2.257
8 8 -0.059 -0.593 2.218
8 9 0.213 -0.211 2.550
8 10 0.234 -0.415 2.501
8 11 0.143 -0.532 2.306
8 12 0.110 -0.562 2.230
8 13 -0.026 -0.498 2.433
8 14 -0.021 -0.615 2.140
8 15 -0.037 -0.901 2.061
8 16 -0.014 -0.936 1.984
8 17 0.148 -0.502 2.476
8 18 0.316 -0.550 2.216
8 19 0.356 -0.823 2.066
8 20 0.380 -0.854 1.987
9 1 0.057 -0.423 2.463
9 2 0.043 -0.373 2.500
9 3 0.040 -0.100 2.489
9 4 0.069 0.081 2.468
9 5 -0.115 -0.202 2.450
9 6 -0.175 -0.424 2.385
9 7 -0.091 -0.556 2.261
9 8 -0.061 -0.597 2.222
9 9 0.213 -0.211 2.550
9 10 0.234 -0.415 2.501
9 11 0.167 -0.544 2.331
9 12 0.183 -0.543 2.255
9 13 -0.026 -0.498 2.433
9 14 -0.021 -0.615 2.140
9 15 -0.037 -0.901 2.061
9 16 -0.014 -0.935 1.984
9 17 0.148 -0.502 2.476
9 18 0.294 -0.550 2.203
9 19 0.357 -0.814 2.045
9 20 0.381 -0.851 1.978
10 1 0.057 -0.423 2.463
10 2 0.043 -0.373 2.500
10 3 0.040 -0.100 2.489
10 4 0.070 0.081 2.467
10 5 -0.115 -0.202 2.450
10 6 -0.175 -0.424 2.385
10 7 -0.091 -0.559 2.265
10 8 -0.061 -0.601 2.225
10 9 0.213 -0.211 2.551
10 10 0.234 -0.415 2.501
10 11 0.177 -0.549 2.342
10 12 0.196 -0.536 2.258
10 13 -0.026 -0.498 2.433
10 14 -0.021 -0.615 2.140
10 15 -0.037 -0.901 2.061
10 16 -0.014 -0.935 1.984
10 17 0.149 -0.502 2.476
10 18 0.281 -0.551 2.196
10 19 0.356 -0.812 2.037
10 20 0.380 -0.850 1.973
11 1 0.057 -0.423 2.463
11 2 0.043 -0.373 2.500
11 3 0.040 -0.101 2.489
11 4 0.070 0.080 2.467
11 5 -0.115 -0.202 2.450
11 6 -0.175 -0.424 2.385
11 7 -0.090 -0.559 2.266
11 8 -0.061 -0.602 2.227
11 9 0.214 -0.211 2.551
11 10 0.234 -0.415 2.501
11 11 0.182 -0.551 2.347
11 12 0.203 -0.532 2.262
11 13 -0.025 -0.498 2.433
11 14 -0.021 -0.615 2.140
11 15 -0.037 -0.901 2.061
11 16 -0.014 -0.935 1.984
11 17 0.149 -0.502 2.477
11 18 0.277 -0.552 2.194
11 19 0.364 -0.806 2.028
11 20 0.385 -0.845 1.965
12 1 0.057 -0.423 2.463
12 2 0.044 -0.373 2.500
12 3 0.040 -0.101 2.489
12 4 0.071 0.079 2.467
12 5 -0.115 -0.202 2.450
12 6 -0.175 -0.424 2.385
12 7 -0.089 -0.560 2.267
12 8 -0.060 -0.602 2.228
12 9 0.214 -0.211 2.551
12 10 0.234 -0.415 2.501
12 11 0.186 -0.552 2.351
12 12 0.207 -0.529 2.264
12 13 -0.025 -0.498 2.433
12 14 -0.021 -0.615 2.140
12 15 -0.037 -0.901 2.061
12 16 -0.014 -0.935 1.984
12 17 0.150 -0.502 2.477
12 18 0.278 -0.552 2.194
12 19 0.370 -0.801 2.021
12 20 0.389 -0.841 1.958
13 1 0.058 -0.423 2.463
13 2 0.044 -0.373 2.500
13 3 0.040 -0.101 2.489
13 4 0.072 0.079 2.466
13 5 -0.115 -0.202 2.450
13 6 -0.175 -0.424 2.385
13 7 -0.088 -0.559 2.267
13 8 -0.060 -0.602 2.228
13 9 0.214 -0.211 2.552
13 10 0.234 -0.415 2.501
13 11 0.192 -0.541 2.343
13 12 0.207 -0.529 2.267
13 13 -0.025 -0.498 2.433
13 14 -0.021 -0.614 2.140
13 15 -0.037 -0.901 2.061
13 16 -0.014 -0.935 1.984
13 17 0.150 -0.502 2.477
13 18 0.280 -0.552 2.195
13 19 0.369 -0.803 2.023
13 20 0.390 -0.840 1.956
14 1 0.058 -0.423 2.463
14 2 0.044 -0.373 2.500
14 3 0.040 -0.101 2.489
14 4 0.072 0.078 2.466
14 5 -0.115 -0.202 2.450
14 6 -0.175 -0.424 2.385
14 7 -0.086 -0.557 2.266
14 8 -0.058 -0.601 2.228
14 9 0.214 -0.212 2.552
14 10 0.234 -0.415 2.501
14 11 0.197 -0.532 2.337
14 12 0.208 -0.530 2.269
14 13 -0.024 -0.498 2.433
14 14 -0.021 -0.614 2.140
14 15 -0.037 -0.901 2.060
14 16 -0.014 -0.935 1.984
14 17 0.151 -0.502 2.477
14 18 0.284 -0.552 2.197
14 19 0.367 -0.805 2.028
14 20 0.391 -0.840 1.955
15 1 0.058 -0.423 2.464
15 2 0.044 -0.373 2.500
15 3 0.040 -0.101 2.489
15 4 0.073 0.078 2.466
15 5 -0.115 -0.202 2.450
15 6 -0.175 -0.423 2.385
15 7 -0.080 -0.553 2.266
15 8 -0.053 -0.598 2.228
15 9 0.214 -0.212 2.552
15 10 0.234 -0.415 2.501
15 11 0.198 -0.535 2.341
15 12 0.208 -0.530 2.270
15 13 -0.024 -0.498 2.433
15 14 -0.021 -0.614 2.140
15 15 -0.037 -0.900 2.060
15 16 -0.014 -0.935 1.984
15 17 0.151 -0.502 2.477
15 18 0.283 -0.552 2.197
15 19 0.366 -0.806 2.028
15 20 0.390 -0.840 1.954
16 1 0.059 -0.422 2.464
16 2 0.044 -0.373 2.500
16 3 0.040 -0.102 2.489
16 4 0.073 0.078 2.466
16 5 -0.115 -0.203 2.450
16 6 -0.175 -0.423 2.385
16 7 -0.077 -0.551 2.267
16 8 -0.050 -0.596 2.229
16 9 0.214 -0.212 2.552
16 10 0.234 -0.415 2.501
16 11 0.199 -0.536 2.343
16 12 0.209 -0.531 2.272
16 13 -0.024 -0.498 2.433
16 14 -0.021 -0.614 2.140
16 15 -0.037 -0.900 2.060
16 16 -0.014 -0.934 1.983
16 17 0.151 -0.502 2.478
16 18 0.284 -0.552 2.198
16 19 0.363 -0.809 2.032
16 20 0.389 -0.841 1.955
17 1 0.059 -0.422 2.464
17 2 0.044 -0.373 2.500
17 3 0.040 -0.102 2.489
17 4 0.074 0.077 2.466
17 5 -0.115 -0.203 2.450
17 6 -0.175 -0.423 2.385
17 7 -0.076 -0.550 2.267
17 8 -0.047 -0.595 2.230
17 9 0.214 -0.212 2.552
17 10 0.234 -0.415 2.501
17 11 0.199 -0.538 2.345
17 12 0.209 -0.531 2.273
17 13 -0.024 -0.498 2.433
17 14 -0.021 -0.614 2.140
17 15 -0.037 -0.900 2.060
17 16 -0.014 -0.934 1.983
17 17 0.152 -0.502 2.478
17 18 0.285 -0.552 2.199
17 19 0.361 -0.812 2.036
17 20 0.388 -0.842 1.956
18 1 0.059 -0.422 2.464
18 2 0.045 -0.373 2.500
18 3 0.040 -0.102 2.489
18 4 0.074 0.077 2.465
18 5 -0.115 -0.203 2.450
18 6 -0.175 -0.423 2.385
18 7 -0.075 -0.549 2.267
18 8 -0.046 -0.594 2.230
18 9 0.215 -0.212 2.552
18 10 0.234 -0.415 2.501
18 11 0.202 -0.532 2.340
18 12 0.209 -0.532 2.274
18 13 -0.024 -0.498 2.433
18 14 -0.021 -0.614 2.140
18 15 -0.037 -0.900 2.060
18 16 -0.014 -0.934 1.983
18 17 0.152 -0.502 2.478
18 18 0.301 -0.551 2.209
18 19 0.355 -0.819 2.054
18 20 0.384 -0.847 1.966
19 1 0.059 -0.422 2.464
19 2 0.045 -0.373 2.500
19 3 0.040 -0.102 2.489
19 4 0.075 0.077 2.465
19 5 -0.115 -0.203 2.450
19 6 -0.175 -0.423 2.385
19 7 -0.074 -0.549 2.267
19 8 -0.045 -0.593 2.230
19 9 0.215 -0.212 2.552
19 10 0.234 -0.415 2.501
19 11 0.201 -0.532 2.340
19 12 0.209 -0.533 2.274
19 13 -0.023 -0.498 2.433
19 14 -0.021 -0.614 2.141
19 15 -0.037 -0.900 2.060
19 16 -0.014 -0.934 1.983
19 17 0.152 -0.502 2.478
19 18 0.310 -0.550 2.215
19 19 0.351 -0.823 2.064
19 20 0.381 -0.850 1.975
20 1 0.059 -0.422 2.464
20 2 0.045 -0.373 2.500
20 3 0.040 -0.102 2.490
20 4 0.076 0.076 2.465
20 5 -0.115 -0.203 2.450
20 6 -0.176 -0.423 2.385
20 7 -0.053 -0.527 2.271
20 8 -0.019 -0.517 2.262
20 9 0.215 -0.212 2.553
20 10 0.234 -0.415 2.501
20 11 0.198 -0.530 2.340
20 12 0.207 -0.533 2.277
20 13 -0.024 -0.498 2.433
20 14 -0.021 -0.614 2.141
20 15 -0.037 -0.900 2.060
20 16 -0.014 -0.934 1.983
20 17 0.152 -0.502 2.478
20 18 0.316 -0.549 2.219
20 19 0.349 -0.825 2.070
20 20 0.378 -0.853 1.981
21 1 0.059 -0.422 2.464
21 2 0.045 -0.373 2.501
21 3 0.041 -0.102 2.490
21 4 0.077 0.076 2.465
21 5 -0.115 -0.203 2.450
21 6 -0.176 -0.422 2.385
21 7 -0.048 -0.520 2.273
21 8 -0.006 -0.476 2.280
21 9 0.215 -0.212 2.553
21 10 0.234 -0.415 2.501
21 11 0.195 -0.514 2.328
21 12 0.203 -0.534 2.276
21 13 -0.024 -0.497 2.433
21 14 -0.021 -0.613 2.141
21 15 -0.037 -0.900 2.060
21 16 -0.013 -0.934 1.983
21 17 0.151 -0.502 2.478
21 18 0.319 -0.549 2.222
21 19 0.348 -0.826 2.075
21 20 0.376 -0.855 1.988
22 1 0.059 -0.422 2.464
22 2 0.045 -0.373 2.501
22 3 0.041 -0.102 2.490
22 4 0.078 0.075 2.465
22 5 -0.115 -0.203 2.450
22 6 -0.185 -0.415 2.384
22 7 -0.045 -0.513 2.276
22 8 -0.003 -0.454 2.291
22 9 0.216 -0.212 2.553
22 10 0.234 -0.413 2.501
22 11 0.195 -0.506 2.318
22 12 0.197 -0.537 2.276
22 13 -0.025 -0.497 2.433
22 14 -0.022 -0.609 2.140
22 15 -0.036 -0.896 2.060
22 16 -0.013 -0.931 1.984
22 17 0.150 -0.502 2.478
22 18 0.322 -0.548 2.224
22 19 0.346 -0.827 2.079
22 20 0.374 -0.856 1.993
23 1 0.058 -0.422 2.464
23 2 0.044 -0.373 2.501
23 3 0.041 -0.102 2.490
23 4 0.079 0.075 2.464
23 5 -0.115 -0.203 2.450
23 6 -0.201 -0.401 2.383
23 7 -0.067 -0.459 2.239
23 8 -0.026 -0.395 2.257
23 9 0.216 -0.212 2.553
23 10 0.236 -0.411 2.503
23 11 0.198 -0.495 2.317
23 12 0.198 -0.537 2.274
23 13 -0.027 -0.497 2.433
23 14 -0.023 -0.604 2.139
23 15 -0.036 -0.892 2.061
23 16 -0.012 -0.926 1.985
23 17 0.148 -0.502 2.479
23 18 0.310 -0.513 2.220
23 19 0.359 -0.779 2.060
23 20 0.384 -0.812 1.980
24 1 0.057 -0.422 2.465
24 2 0.044 -0.373 2.501
24 3 0.041 -0.103 2.490
24 4 0.081 0.074 2.464
24 5 -0.115 -0.202 2.450
24 6 -0.224 -0.379 2.383
24 7 -0.084 -0.459 2.196
24 8 -0.039 -0.458 2.163
24 9 0.216 -0.212 2.552
24 10 0.243 -0.408 2.508
24 11 0.208 -0.489 2.314
24 12 0.202 -0.537 2.273
24 13 -0.028 -0.497 2.434
24 14 -0.024 -0.601 2.139
24 15 -0.035 -0.890 2.061
24 16 -0.012 -0.924 1.985
24 17 0.146 -0.502 2.480
24 18 0.309 -0.506 2.221
24 19 0.364 -0.768 2.057
24 20 0.386 -0.802 1.980
25 1 0.056 -0.422 2.466
25 2 0.044 -0.373 2.501
25 3 0.041 -0.103 2.490
25 4 0.084 0.073 2.462
25 5 -0.115 -0.202 2.450
25 6 -0.235 -0.369 2.384
25 7 -0.108 -0.450 2.160
25 8 -0.063 -0.474 2.097
25 9 0.217 -0.212 2.552
25 10 0.254 -0.404 2.515
25 11 0.219 -0.487 2.312
25 12 0.208 -0.536 2.272
25 13 -0.030 -0.497 2.435
25 14 -0.025 -0.599 2.140
25 15 -0.035 -0.887 2.061
25 16 -0.011 -0.922 1.985
25 17 0.145 -0.503 2.482
25 18 0.308 -0.503 2.223
25 19 0.366 -0.763 2.056
25 20 0.388 -0.798 1.980
26 1 0.055 -0.422 2.467
26 2 0.044 -0.373 2.501
26 3 0.041 -0.103 2.490
26 4 0.086 0.073 2.460
26 5 -0.115 -0.202 2.449
26 6 -0.246 -0.360 2.386
26 7 -0.152 -0.439 2.188
26 8 -0.128 -0.484 2.135
26 9 0.218 -0.213 2.552
26 10 0.286 -0.396 2.537
26 11 0.270 -0.481 2.328
26 12 0.232 -0.526 2.284
26 13 -0.032 -0.498 2.437
26 14 -0.025 -0.598 2.140
26 15 -0.034 -0.886 2.061
26 16 -0.011 -0.921 1.985
26 17 0.143 -0.503 2.484
26 18 0.309 -0.504 2.227
26 19 0.367 -0.762 2.057
26 20 0.389 -0.798 1.983
27 1 0.054 -0.422 2.468
27 2 0.043 -0.373 2.502
27 3 0.041 -0.103 2.489
27 4 0.089 0.072 2.458
27 5 -0.115 -0.201 2.448
27 6 -0.260 -0.349 2.384
27 7 -0.180 -0.435 2.203
27 8 -0.162 -0.494 2.141
27 9 0.221 -0.213 2.552
27 10 0.300 -0.393 2.544
27 11 0.298 -0.483 2.336
27 12 0.242 -0.524 2.287
27 13 -0.034 -0.498 2.440
27 14 -0.026 -0.598 2.140
27 15 -0.034 -0.885 2.061
27 16 -0.011 -0.920 1.985
27 17 0.142 -0.503 2.486
27 18 0.311 -0.507 2.232
27 19 0.368 -0.764 2.060
27 20 0.390 -0.801 1.986
28 1 0.053 -0.421 2.470
28 2 0.043 -0.372 2.502
28 3 0.042 -0.103 2.489
28 4 0.091 0.072 2.457
28 5 -0.114 -0.200 2.447
28 6 -0.270 -0.340 2.381
28 7 -0.199 -0.443 2.226
28 8 -0.195 -0.507 2.176
28 9 0.226 -0.214 2.552
28 10 0.312 -0.392 2.550
28 11 0.334 -0.492 2.364
28 12 0.253 -0.524 2.293
28 13 -0.037 -0.498 2.444
28 14 -0.027 -0.599 2.140
28 15 -0.034 -0.885 2.061
28 16 -0.011 -0.919 1.985
28 17 0.140 -0.503 2.490
28 18 0.312 -0.509 2.236
28 19 0.368 -0.767 2.063
28 20 0.390 -0.804 1.989
29 1 0.052 -0.421 2.472
29 2 0.042 -0.372 2.503
29 3 0.043 -0.103 2.488
29 4 0.093 0.072 2.454
29 5 -0.114 -0.199 2.445
29 6 -0.277 -0.333 2.377
29 7 -0.211 -0.466 2.259
29 8 -0.203 -0.529 2.208
29 9 0.232 -0.215 2.552
29 10 0.323 -0.390 2.554
29 11 0.350 -0.498 2.378
29 12 0.261 -0.525 2.298
29 13 -0.039 -0.498 2.447
29 14 -0.028 -0.602 2.140
29 15 -0.034 -0.884 2.061
29 16 -0.010 -0.919 1.985
29 17 0.139 -0.503 2.493
29 18 0.310 -0.520 2.240
29 19 0.353 -0.793 2.079
29 20 0.383 -0.817 1.998
30 1 0.050 -0.420 2.475
30 2 0.042 -0.371 2.503
30 3 0.044 -0.103 2.487
30 4 0.096 0.071 2.451
30 5 -0.113 -0.198 2.442
30 6 -0.281 -0.326 2.371
30 7 -0.215 -0.478 2.275
30 8 -0.208 -0.534 2.249
30 9 0.238 -0.216 2.553
30 10 0.352 -0.381 2.548
30 11 0.360 -0.503 2.386
30 12 0.266 -0.527 2.301
30 13 -0.041 -0.498 2.451
30 14 -0.029 -0.605 2.139
30 15 -0.034 -0.884 2.060
30 16 -0.010 -0.919 1.984
30 17 0.138 -0.503 2.496
30 18 0.314 -0.533 2.250
30 19 0.347 -0.806 2.088
30 20 0.327 -0.857 2.085
31 1 0.050 -0.419 2.476
31 2 0.042 -0.370 2.503
31 3 0.047 -0.104 2.484
31 4 0.099 0.069 2.447
31 5 -0.111 -0.197 2.438
31 6 -0.281 -0.322 2.363
31 7 -0.215 -0.488 2.286
31 8 -0.209 -0.535 2.268
31 9 0.245 -0.216 2.553
31 10 0.370 -0.376 2.541
31 11 0.371 -0.507 2.390
31 12 0.270 -0.527 2.303
31 13 -0.043 -0.498 2.453
31 14 -0.029 -0.608 2.139
31 15 -0.034 -0.884 2.059
31 16 -0.010 -0.919 1.984
31 17 0.137 -0.503 2.499
31 18 0.303 -0.538 2.248
31 19 0.354 -0.794 2.066
31 20 0.371 -0.827 2.002
32 1 0.049 -0.418 2.478
32 2 0.041 -0.370 2.503
32 3 0.050 -0.105 2.481
32 4 0.102 0.068 2.442
32 5 -0.109 -0.196 2.433
32 6 -0.275 -0.317 2.348
32 7 -0.213 -0.496 2.292
32 8 -0.208 -0.535 2.279
32 9 0.251 -0.217 2.551
32 10 0.383 -0.372 2.530
32 11 0.377 -0.510 2.391
32 12 0.317 -0.543 2.310
32 13 -0.044 -0.498 2.455
32 14 -0.029 -0.610 2.138
32 15 -0.034 -0.884 2.058
32 16 -0.010 -0.919 1.983
32 17 0.137 -0.503 2.501
32 18 0.298 -0.541 2.247
32 19 0.358 -0.788 2.054
32 20 0.373 -0.827 1.995
33 1 0.049 -0.418 2.479
33 2 0.042 -0.369 2.502
33 3 0.055 -0.107 2.477
33 4 0.105 0.066 2.436
33 5 -0.105 -0.195 2.426
33 6 -0.269 -0.315 2.335
33 7 -0.210 -0.501 2.296
33 8 -0.204 -0.533 2.284
33 9 0.259 -0.218 2.547
33 10 0.392 -0.370 2.511
33 11 0.387 -0.515 2.377
33 12 0.369 -0.553 2.314
33 13 -0.045 -0.498 2.456
33 14 -0.029 -0.612 2.138
33 15 -0.035 -0.884 2.058
33 16 -0.011 -0.920 1.983
33 17 0.136 -0.503 2.503
33 18 0.294 -0.542 2.246
33 19 0.360 -0.784 2.048
33 20 0.382 -0.819 1.975
34 1 0.049 -0.417 2.480
34 2 0.043 -0.367 2.501
34 3 0.061 -0.109 2.470
34 4 0.111 0.064 2.424
34 5 -0.099 -0.196 2.416
34 6 -0.258 -0.313 2.313
34 7 -0.206 -0.505 2.295
34 8 -0.199 -0.531 2.283
34 9 0.267 -0.218 2.539
34 10 0.401 -0.367 2.490
34 11 0.423 -0.481 2.328
34 12 0.412 -0.542 2.293
34 13 -0.045 -0.497 2.458
34 14 -0.029 -0.614 2.138
34 15 -0.036 -0.884 2.056
34 16 -0.012 -0.920 1.982
34 17 0.137 -0.502 2.505
34 18 0.296 -0.537 2.247
34 19 0.365 -0.771 2.050
34 20 0.347 -0.826 2.063
35 1 0.053 -0.415 2.482
35 2 0.049 -0.365 2.498
35 3 0.068 -0.112 2.461
35 4 0.118 0.063 2.409
35 5 -0.093 -0.196 2.406
35 6 -0.250 -0.313 2.296
35 7 -0.202 -0.508 2.291
35 8 -0.190 -0.543 2.275
35 9 0.274 -0.219 2.528
35 10 0.407 -0.364 2.469
35 11 0.408 -0.493 2.316
35 12 0.401 -0.560 2.325
35 13 -0.039 -0.497 2.461
35 14 -0.029 -0.615 2.138
35 15 -0.037 -0.884 2.055
35 16 -0.013 -0.920 1.980
35 17 0.146 -0.500 2.512
35 18 0.247 -0.589 2.243
35 19 0.353 -0.829 2.075
35 20 0.356 -0.872 2.044
36 1 0.058 -0.414 2.483
36 2 0.056 -0.363 2.494
36 3 0.076 -0.117 2.447
36 4 0.123 0.059 2.390
36 5 -0.088 -0.197 2.395
36 6 -0.244 -0.314 2.285
36 7 -0.198 -0.511 2.284
36 8 -0.185 -0.554 2.269
36 9 0.282 -0.219 2.511
36 10 0.413 -0.362 2.451
36 11 0.402 -0.505 2.311
36 12 0.402 -0.569 2.320
36 13 -0.033 -0.497 2.464
36 14 -0.029 -0.616 2.137
36 15 -0.037 -0.884 2.053
36 16 -0.014 -0.921 1.979
36 17 0.153 -0.498 2.516
36 18 0.284 -0.671 2.200
36 19 0.339 -0.875 2.080
36 20 0.351 -0.916 2.031
37 1 0.063 -0.413 2.482
37 2 0.063 -0.362 2.489
37 3 0.082 -0.121 2.432
37 4 0.129 0.059 2.359
37 5 -0.082 -0.199 2.383
37 6 -0.239 -0.316 2.278
37 7 -0.195 -0.514 2.266
37 8 -0.182 -0.562 2.261
37 9 0.288 -0.219 2.491
37 10 0.417 -0.361 2.439
37 11 0.398 -0.515 2.310
37 12 0.396 -0.575 2.315
37 13 -0.029 -0.498 2.465
37 14 -0.029 -0.617 2.137
37 15 -0.038 -0.884 2.052
37 16 -0.015 -0.922 1.978
37 17 0.157 -0.497 2.518
37 18 0.293 -0.711 2.185
37 19 0.335 -0.895 2.082
37 20 0.350 -0.939 2.022
38 1 0.068 -0.413 2.481
38 2 0.070 -0.361 2.482
38 3 0.089 -0.127 2.413
38 4 0.137 0.056 2.328
38 5 -0.077 -0.201 2.369
38 6 -0.235 -0.318 2.271
38 7 -0.195 -0.516 2.256
38 8 -0.182 -0.573 2.252
38 9 0.293 -0.220 2.474
38 10 0.422 -0.360 2.426
38 11 0.391 -0.523 2.312
38 12 0.390 -0.578 2.310
38 13 -0.025 -0.498 2.465
38 14 -0.028 -0.618 2.137
38 15 -0.039 -0.884 2.051
38 16 -0.016 -0.923 1.977
38 17 0.161 -0.496 2.519
38 18 0.297 -0.728 2.178
38 19 0.332 -0.907 2.082
38 20 0.350 -0.952 2.016
39 1 0.075 -0.413 2.474
39 2 0.077 -0.363 2.468
39 3 0.094 -0.135 2.385
39 4 0.143 0.050 2.300
39 5 -0.072 -0.203 2.353
39 6 -0.232 -0.320 2.266
39 7 -0.196 -0.518 2.246
39 8 -0.183 -0.578 2.246
39 9 0.297 -0.221 2.454
39 10 0.427 -0.360 2.415
39 11 0.385 -0.529 2.312
39 12 0.381 -0.580 2.304
39 13 -0.020 -0.499 2.463
39 14 -0.028 -0.619 2.137
39 15 -0.039 -0.885 2.050
39 16 -0.017 -0.925 1.977
39 17 0.164 -0.496 2.518
39 18 0.303 -0.728 2.176
39 19 0.331 -0.915 2.082
39 20 0.350 -0.962 2.012
40 1 0.080 -0.413 2.465
40 2 0.083 -0.364 2.454
40 3 0.097 -0.144 2.361
40 4 0.149 0.044 2.272
40 5 -0.068 -0.204 2.336
40 6 -0.229 -0.322 2.261
40 7 -0.199 -0.520 2.239
40 8 -0.188 -0.582 2.240
40 9 0.300 -0.222 2.431
40 10 0.430 -0.360 2.404
40 11 0.370 -0.529 2.308
40 12 0.363 -0.575 2.290
40 13 -0.017 -0.499 2.460
40 14 -0.028 -0.619 2.137
40 15 -0.039 -0.885 2.050
40 16 -0.018 -0.927 1.977
40 17 0.168 -0.495 2.514
40 18 0.306 -0.727 2.176
40 19 0.334 -0.919 2.079
40 20 0.354 -0.967 2.006
41 1 0.084 -0.414 2.450
41 2 0.087 -0.366 2.436
41 3 0.100 -0.153 2.339
41 4 0.154 0.031 2.235
41 5 -0.065 -0.207 2.317
41 6 -0.227 -0.325 2.254
41 7 -0.206 -0.522 2.228
41 8 -0.199 -0.584 2.230
41 9 0.305 -0.223 2.407
41 10 0.439 -0.359 2.387
41 11 0.363 -0.528 2.306
41 12 0.287 -0.549 2.251
41 13 -0.014 -0.499 2.455
41 14 -0.027 -0.618 2.137
41 15 -0.039 -0.886 2.051
41 16 -0.019 -0.930 1.981
41 17 0.172 -0.494 2.501
41 18 0.306 -0.711 2.182
41 19 0.336 -0.924 2.076
41 20 0.356 -0.972 2.002
42 1 0.087 -0.415 2.435
42 2 0.089 -0.369 2.418
42 3 0.101 -0.165 2.312
42 4 0.158 0.019 2.205
42 5 -0.061 -0.213 2.293
42 6 -0.225 -0.329 2.242
42 7 -0.213 -0.525 2.219
42 8 -0.206 -0.587 2.223
42 9 0.309 -0.225 2.387
42 10 0.445 -0.359 2.375
42 11 0.381 -0.539 2.314
42 12 0.311 -0.563 2.267
42 13 -0.011 -0.499 2.447
42 14 -0.027 -0.618 2.137
42 15 -0.038 -0.888 2.056
42 16 -0.019 -0.937 1.988
42 17 0.175 -0.494 2.490
42 18 0.305 -0.699 2.189
42 19 0.339 -0.927 2.074
42 20 0.359 -0.976 2.000
43 1 0.090 -0.417 2.419
43 2 0.091 -0.372 2.399
43 3 0.097 -0.175 2.279
43 4 0.160 0.010 2.182
43 5 -0.058 -0.218 2.272
43 6 -0.224 -0.335 2.227
43 7 -0.219 -0.528 2.212
43 8 -0.213 -0.591 2.218
43 9 0.316 -0.232 2.357
43 10 0.453 -0.364 2.359
43 11 0.384 -0.547 2.323
43 12 0.304 -0.571 2.277
43 13 -0.009 -0.500 2.437
43 14 -0.027 -0.618 2.136
43 15 -0.037 -0.891 2.061
43 16 -0.019 -0.942 1.996
43 17 0.178 -0.495 2.479
43 18 0.303 -0.691 2.193
43 19 0.341 -0.930 2.072
43 20 0.360 -0.980 1.999
44 1 0.091 -0.419 2.405
44 2 0.092 -0.376 2.383
44 3 0.094 -0.184 2.253
44 4 0.163 -0.006 2.150
44 5 -0.053 -0.224 2.251
44 6 -0.225 -0.342 2.209
44 7 -0.225 -0.533 2.205
44 8 -0.219 -0.595 2.213
44 9 0.319 -0.237 2.334
44 10 0.457 -0.368 2.341
44 11 0.388 -0.553 2.333
44 12 0.274 -0.556 2.244
44 13 -0.006 -0.500 2.426
44 14 -0.027 -0.617 2.135
44 15 -0.035 -0.892 2.066
44 16 -0.018 -0.947 2.004
44 17 0.180 -0.495 2.468
44 18 0.302 -0.686 2.196
44 19 0.342 -0.933 2.070
44 20 0.361 -0.984 1.997
45 1 0.090 -0.421 2.393
45 2 0.090 -0.379 2.369
45 3 0.094 -0.194 2.224
45 4 0.165 -0.017 2.129
45 5 -0.047 -0.232 2.230
45 6 -0.225 -0.349 2.187
45 7 -0.230 -0.536 2.200
45 8 -0.225 -0.598 2.210
45 9 0.320 -0.242 2.304
45 10 0.461 -0.369 2.324
45 11 0.390 -0.554 2.336
45 12 0.258 -0.547 2.228
45 13 -0.006 -0.500 2.418
45 14 -0.027 -0.616 2.132
45 15 -0.034 -0.894 2.071
45 16 -0.018 -0.951 2.011
45 17 0.179 -0.496 2.460
45 18 0.302 -0.684 2.197
45 19 0.344 -0.935 2.067
45 20 0.361 -0.987 1.996
46 1 0.089 -0.433 2.371
46 2 0.088 -0.392 2.344
46 3 0.093 -0.202 2.201
46 4 0.166 -0.039 2.088
46 5 -0.042 -0.239 2.210
46 6 -0.225 -0.354 2.171
46 7 -0.235 -0.540 2.195
46 8 -0.231 -0.602 2.206
46 9 0.320 -0.247 2.283
46 10 0.460 -0.376 2.300
46 11 0.393 -0.557 2.341
46 12 0.352 -0.601 2.340
46 13 -0.005 -0.506 2.400
46 14 -0.030 -0.617 2.116
46 15 -0.036 -0.895 2.077
46 16 -0.022 -0.954 2.018
46 17 0.177 -0.502 2.441
46 18 0.319 -0.627 2.187
46 19 0.346 -0.923 2.065
46 20 0.361 -0.980 1.997
47 1 0.088 -0.442 2.357
47 2 0.088 -0.401 2.329
47 3 0.092 -0.213 2.174
47 4 0.167 -0.051 2.067
47 5 -0.034 -0.251 2.183
47 6 -0.225 -0.358 2.156
47 7 -0.239 -0.543 2.190
47 8 -0.234 -0.603 2.205
47 9 0.321 -0.254 2.260
47 10 0.463 -0.381 2.279
47 11 0.393 -0.557 2.343
47 12 0.357 -0.602 2.356
47 13 -0.004 -0.511 2.388
47 14 -0.033 -0.618 2.103
47 15 -0.038 -0.896 2.081
47 16 -0.025 -0.957 2.024
47 17 0.176 -0.507 2.429
47 18 0.327 -0.608 2.183
47 19 0.347 -0.917 2.064
47 20 0.362 -0.977 1.998
48 1 0.086 -0.456 2.338
48 2 0.086 -0.416 2.308
48 3 0.093 -0.225 2.152
48 4 0.171 -0.076 2.032
48 5 -0.028 -0.261 2.162
48 6 -0.224 -0.367 2.139
48 7 -0.242 -0.547 2.186
48 8 -0.237 -0.604 2.204
48 9 0.322 -0.264 2.237
48 10 0.466 -0.384 2.266
48 11 0.406 -0.562 2.325
48 12 0.319 -0.575 2.227
48 13 -0.004 -0.520 2.372
48 14 -0.039 -0.621 2.083
48 15 -0.040 -0.895 2.084
48 16 -0.029 -0.958 2.028
48 17 0.172 -0.523 2.405
48 18 0.329 -0.607 2.175
48 19 0.345 -0.920 2.061
48 20 0.358 -0.982 1.997
49 1 0.081 -0.473 2.318
49 2 0.082 -0.433 2.287
49 3 0.087 -0.244 2.125
49 4 0.172 -0.088 2.015
49 5 -0.025 -0.270 2.145
49 6 -0.223 -0.375 2.126
49 7 -0.244 -0.552 2.183
49 8 -0.239 -0.606 2.203
49 9 0.324 -0.272 2.220
49 10 0.470 -0.387 2.254
49 11 0.412 -0.563 2.319
49 12 0.380 -0.607 2.304
49 13 -0.013 -0.542 2.340
49 14 -0.047 -0.630 2.045
49 15 -0.044 -0.894 2.087
49 16 -0.033 -0.957 2.032
49 17 0.169 -0.534 2.392
49 18 0.325 -0.617 2.163
49 19 0.340 -0.927 2.052
49 20 0.353 -0.991 1.992
50 1 0.085 -0.480 2.308
50 2 0.083 -0.440 2.276
50 3 0.085 -0.252 2.111
50 4 0.172 -0.103 1.992
50 5 -0.024 -0.277 2.131
50 6 -0.221 -0.383 2.115
50 7 -0.245 -0.559 2.176
50 8 -0.246 -0.610 2.197
50 9 0.326 -0.281 2.202
50 10 0.473 -0.390 2.243
50 11 0.416 -0.564 2.314
50 12 0.403 -0.619 2.323
50 13 -0.010 -0.546 2.332
50 14 -0.050 -0.632 2.036
50 15 -0.046 -0.894 2.089
50 16 -0.036 -0.958 2.034
50 17 0.200 -0.535 2.372
50 18 0.345 -0.619 2.144
50 19 0.347 -0.928 2.046
50 20 0.345 -0.992 2.007
51 1 0.084 -0.486 2.296
51 2 0.081 -0.446 2.264
51 3 0.073 -0.257 2.088
51 4 0.172 -0.112 1.976
51 5 -0.024 -0.283 2.117
51 6 -0.218 -0.390 2.107
51 7 -0.247 -0.567 2.168
51 8 -0.277 -0.595 2.160
51 9 0.330 -0.288 2.188
51 10 0.476 -0.394 2.235
51 11 0.418 -0.564 2.311
51 12 0.411 -0.623 2.331
51 13 -0.013 -0.552 2.324
51 14 -0.052 -0.633 2.027
51 15 -0.050 -0.892 2.088
51 16 -0.039 -0.957 2.034
51 17 0.198 -0.549 2.358
51 18 0.336 -0.641 2.120
51 19 0.340 -0.943 2.031
51 20 0.339 -1.010 1.989
52 1 0.082 -0.490 2.289
52 2 0.079 -0.450 2.256
52 3 0.071 -0.261 2.077
52 4 0.172 -0.118 1.961
52 5 -0.024 -0.286 2.106
52 6 -0.214 -0.395 2.099
52 7 -0.250 -0.572 2.160
52 8 -0.295 -0.589 2.143
52 9 0.333 -0.294 2.178
52 10 0.478 -0.398 2.230
52 11 0.417 -0.565 2.308
52 12 0.410 -0.626 2.336
52 13 -0.017 -0.554 2.317
52 14 -0.053 -0.635 2.020
52 15 -0.053 -0.891 2.087
52 16 -0.043 -0.957 2.033
52 17 0.195 -0.555 2.350
52 18 0.329 -0.655 2.106
52 19 0.334 -0.953 2.021
52 20 0.319 -1.025 1.995
53 1 0.082 -0.490 2.281
53 2 0.079 -0.450 2.248
53 3 0.071 -0.263 2.069
53 4 0.171 -0.120 1.948
53 5 -0.025 -0.286 2.095
53 6 -0.212 -0.398 2.095
53 7 -0.252 -0.575 2.156
53 8 -0.305 -0.586 2.134
53 9 0.336 -0.297 2.169
53 10 0.455 -0.424 2.227
53 11 0.419 -0.579 2.317
53 12 0.417 -0.641 2.357
53 13 -0.019 -0.553 2.312
53 14 -0.053 -0.635 2.016
53 15 -0.056 -0.891 2.083
53 16 -0.046 -0.957 2.029
53 17 0.195 -0.557 2.344
53 18 0.356 -0.637 2.102
53 19 0.331 -0.926 2.034
53 20 0.321 -0.999 2.001
54 1 0.073 -0.471 2.248
54 2 0.071 -0.429 2.214
54 3 0.061 -0.231 2.041
54 4 0.170 -0.113 1.934
54 5 -0.026 -0.280 2.082
54 6 -0.209 -0.400 2.091
54 7 -0.253 -0.577 2.152
54 8 -0.310 -0.585 2.129
54 9 0.338 -0.298 2.161
54 10 0.444 -0.432 2.225
54 11 0.417 -0.586 2.318
54 12 0.417 -0.648 2.362
54 13 -0.023 -0.533 2.278
54 14 -0.052 -0.644 1.998
54 15 -0.058 -0.891 2.080
54 16 -0.049 -0.958 2.026
54 17 0.178 -0.543 2.320
54 18 0.353 -0.640 2.090
54 19 0.322 -0.930 2.022
54 20 0.291 -0.996 2.004
55 1 0.071 -0.458 2.232
55 2 0.068 -0.416 2.197
55 3 0.056 -0.210 2.027
55 4 0.169 -0.085 1.913
55 5 -0.029 -0.261 2.067
55 6 -0.206 -0.400 2.088
55 7 -0.253 -0.577 2.149
55 8 -0.308 -0.589 2.128
55 9 0.339 -0.288 2.147
55 10 0.432 -0.436 2.223
55 11 0.314 -0.558 2.150
55 12 0.270 -0.600 2.118
55 13 -0.020 -0.518 2.264
55 14 -0.052 -0.646 1.992
55 15 -0.059 -0.891 2.079
55 16 -0.050 -0.957 2.025
55 17 0.172 -0.528 2.301
55 18 0.355 -0.635 2.081
55 19 0.340 -0.872 2.047
55 20 0.291 -0.889 2.108
56 1 0.084 -0.429 2.210
56 2 0.081 -0.388 2.178
56 3 0.069 -0.186 2.024
56 4 0.169 -0.044 1.894
56 5 -0.034 -0.226 2.054
56 6 -0.198 -0.394 2.088
56 7 -0.252 -0.571 2.144
56 8 -0.282 -0.597 2.141
56 9 0.332 -0.252 2.124
56 10 0.409 -0.408 2.203
56 11 0.288 -0.557 2.105
56 12 0.251 -0.609 2.081
56 13 -0.006 -0.495 2.247
56 14 -0.052 -0.648 1.987
56 15 -0.056 -0.888 2.082
56 16 -0.047 -0.954 2.026
56 17 0.177 -0.500 2.272
56 18 0.365 -0.623 2.068
56 19 0.322 -0.810 2.091
56 20 0.298 -0.854 2.087
57 1 0.097 -0.395 2.193
57 2 0.093 -0.359 2.165
57 3 0.076 -0.173 2.023
57 4 0.163 -0.009 1.891
57 5 -0.043 -0.183 2.046
57 6 -0.183 -0.376 2.090
57 7 -0.229 -0.553 2.140
57 8 -0.254 -0.595 2.155
57 9 0.328 -0.226 2.114
57 10 0.390 -0.387 2.191
57 11 0.286 -0.535 2.052
57 12 0.259 -0.584 2.018
57 13 0.011 -0.469 2.234
57 14 -0.051 -0.648 1.985
57 15 -0.051 -0.886 2.085
57 16 -0.044 -0.952 2.029
57 17 0.186 -0.460 2.252
57 18 0.357 -0.630 2.064
57 19 0.317 -0.869 2.116
57 20 0.271 -0.902 2.098
58 1 0.112 -0.360 2.186
58 2 0.109 -0.318 2.158
58 3 0.089 -0.118 2.019
58 4 0.163 0.044 1.878
58 5 -0.049 -0.141 2.041
58 6 -0.165 -0.347 2.093
58 7 -0.194 -0.520 2.156
58 8 -0.218 -0.571 2.168
58 9 0.320 -0.180 2.104
58 10 0.363 -0.350 2.176
58 11 0.269 -0.508 2.013
58 12 0.234 -0.554 1.962
58 13 0.038 -0.428 2.226
58 14 -0.034 -0.645 2.010
58 15 -0.049 -0.893 2.086
58 16 -0.042 -0.957 2.029
58 17 0.194 -0.434 2.242
58 18 0.345 -0.638 2.064
58 19 0.309 -0.908 2.131
58 20 0.261 -0.942 2.095
59 1 0.121 -0.324 2.179
59 2 0.118 -0.280 2.151
59 3 0.098 -0.066 2.015
59 4 0.162 0.098 1.871
59 5 -0.054 -0.100 2.037
59 6 -0.158 -0.323 2.094
59 7 -0.170 -0.494 2.162
59 8 -0.186 -0.549 2.180
59 9 0.311 -0.135 2.100
59 10 0.345 -0.321 2.169
59 11 0.267 -0.452 1.985
59 12 0.240 -0.484 1.924
59 13 0.053 -0.397 2.217
59 14 -0.025 -0.642 2.022
59 15 -0.048 -0.899 2.086
59 16 -0.041 -0.962 2.027
59 17 0.200 -0.392 2.231
59 18 0.320 -0.639 2.074
59 19 0.306 -0.923 2.138
59 20 0.270 -0.971 2.092
60 1 0.125 -0.301 2.175
60 2 0.121 -0.254 2.146
60 3 0.100 -0.016 2.010
60 4 0.160 0.146 1.863
60 5 -0.057 -0.069 2.031
60 6 -0.154 -0.285 2.093
60 7 -0.159 -0.462 2.160
60 8 -0.172 -0.536 2.185
60 9 0.301 -0.090 2.094
60 10 0.326 -0.277 2.155
60 11 0.355 -0.436 2.232
60 12 0.366 -0.489 2.273
60 13 0.060 -0.373 2.211
60 14 -0.020 -0.639 2.028
60 15 -0.046 -0.903 2.083
60 16 -0.039 -0.965 2.024
60 17 0.202 -0.369 2.225
60 18 0.302 -0.636 2.082
60 19 0.305 -0.930 2.142
60 20 0.281 -0.986 2.087
61 1 0.121 -0.273 2.170
61 2 0.117 -0.220 2.141
61 3 0.100 0.037 1.999
61 4 0.156 0.198 1.860
61 5 -0.057 -0.032 2.025
61 6 -0.156 -0.248 2.087
61 7 -0.156 -0.428 2.151
61 8 -0.165 -0.510 2.182
61 9 0.290 -0.036 2.087
61 10 0.317 -0.253 2.148
61 11 0.328 -0.407 2.220
61 12 0.332 -0.458 2.247
61 13 0.056 -0.342 2.203
61 14 -0.016 -0.633 2.033
61 15 -0.042 -0.906 2.077
61 16 -0.033 -0.966 2.015
61 17 0.192 -0.334 2.217
61 18 0.281 -0.616 2.097
61 19 0.305 -0.931 2.139
61 20 0.296 -0.989 2.073
62 1 0.112 -0.243 2.166
62 2 0.109 -0.190 2.136
62 3 0.096 0.072 1.994
62 4 0.152 0.230 1.859
62 5 -0.058 -0.004 2.019
62 6 -0.158 -0.218 2.080
62 7 -0.156 -0.405 2.143
62 8 -0.161 -0.487 2.174
62 9 0.284 -0.001 2.083
62 10 0.311 -0.210 2.138
62 11 0.349 -0.380 2.274
62 12 0.358 -0.439 2.314
62 13 0.046 -0.313 2.195
62 14 -0.012 -0.619 2.039
62 15 -0.037 -0.904 2.068
62 16 -0.027 -0.963 2.005
62 17 0.184 -0.309 2.211
62 18 0.266 -0.594 2.105
62 19 0.306 -0.920 2.130
62 20 0.311 -0.981 2.059
63 1 0.106 -0.218 2.161
63 2 0.103 -0.164 2.131
63 3 0.093 0.102 1.990
63 4 0.145 0.271 1.860
63 5 -0.060 0.031 2.011
63 6 -0.163 -0.185 2.069
63 7 -0.157 -0.390 2.136
63 8 -0.157 -0.470 2.162
63 9 0.282 0.039 2.078
63 10 0.308 -0.191 2.134
63 11 0.354 -0.373 2.283
63 12 0.368 -0.431 2.342
63 13 0.039 -0.290 2.188
63 14 -0.010 -0.601 2.043
63 15 -0.033 -0.898 2.059
63 16 -0.021 -0.955 1.994
63 17 0.178 -0.284 2.204
63 18 0.256 -0.572 2.110
63 19 0.307 -0.899 2.117
63 20 0.322 -0.964 2.045
64 1 0.101 -0.193 2.154
64 2 0.099 -0.138 2.125
64 3 0.089 0.137 1.986
64 4 0.140 0.297 1.861
64 5 -0.061 0.061 2.006
64 6 -0.167 -0.155 2.058
64 7 -0.155 -0.350 2.109
64 8 -0.148 -0.429 2.127
64 9 0.280 0.064 2.073
64 10 0.311 -0.168 2.129
64 11 0.357 -0.334 2.269
64 12 0.373 -0.403 2.341
64 13 0.033 -0.266 2.180
64 14 -0.010 -0.579 2.048
64 15 -0.028 -0.886 2.050
64 16 -0.015 -0.941 1.983
64 17 0.174 -0.259 2.196
64 18 0.250 -0.559 2.113
64 19 0.304 -0.833 2.097
64 20 0.324 -0.895 2.026
65 1 0.099 -0.170 2.148
65 2 0.097 -0.115 2.119
65 3 0.088 0.160 1.985
65 4 0.135 0.326 1.863
65 5 -0.063 0.084 2.003
65 6 -0.168 -0.140 2.052
65 7 -0.155 -0.330 2.095
65 8 -0.143 -0.405 2.102
65 9 0.276 0.092 2.067
65 10 0.317 -0.143 2.123
65 11 0.364 -0.296 2.261
65 12 0.378 -0.363 2.321
65 13 0.030 -0.245 2.173
65 14 -0.010 -0.564 2.051
65 15 -0.021 -0.820 2.035
65 16 -0.008 -0.874 1.968
65 17 0.172 -0.234 2.186
65 18 0.247 -0.548 2.116
65 19 0.302 -0.793 2.086
65 20 0.324 -0.865 2.018
66 1 0.097 -0.149 2.142
66 2 0.095 -0.099 2.116
66 3 0.087 0.171 1.985
66 4 0.129 0.347 1.868
66 5 -0.065 0.105 2.000
66 6 -0.168 -0.126 2.045
66 7 -0.155 -0.317 2.082
66 8 -0.144 -0.388 2.067
66 9 0.274 0.109 2.064
66 10 0.322 -0.125 2.121
66 11 0.363 -0.276 2.239
66 12 0.376 -0.341 2.297
66 13 0.028 -0.225 2.165
66 14 -0.011 -0.551 2.054
66 15 -0.018 -0.774 2.031
66 16 -0.005 -0.843 1.964
66 17 0.172 -0.216 2.179
66 18 0.245 -0.540 2.119
66 19 0.301 -0.779 2.082
66 20 0.325 -0.850 2.014
67 1 0.097 -0.131 2.134
67 2 0.095 -0.084 2.111
67 3 0.087 0.179 1.987
67 4 0.123 0.363 1.877
67 5 -0.067 0.124 1.999
67 6 -0.167 -0.114 2.039
67 7 -0.154 -0.308 2.067
67 8 -0.144 -0.380 2.047
67 9 0.273 0.140 2.062
67 10 0.327 -0.102 2.121
67 11 0.344 -0.263 2.200
67 12 0.349 -0.326 2.238
67 13 0.027 -0.208 2.155
67 14 -0.011 -0.543 2.056
67 15 -0.017 -0.759 2.029
67 16 -0.004 -0.827 1.962
67 17 0.172 -0.199 2.172
67 18 0.243 -0.534 2.121
67 19 0.300 -0.771 2.079
67 20 0.325 -0.840 2.011
68 1 0.097 -0.113 2.125
68 2 0.095 -0.066 2.103
68 3 0.087 0.193 1.994
68 4 0.119 0.385 1.886
68 5 -0.070 0.150 1.999
68 6 -0.161 -0.095 2.032
68 7 -0.152 -0.301 2.048
68 8 -0.144 -0.374 2.024
68 9 0.272 0.158 2.060
68 10 0.330 -0.085 2.123
68 11 0.340 -0.254 2.185
68 12 0.344 -0.316 2.217
68 13 0.027 -0.188 2.139
68 14 -0.011 -0.537 2.057
68 15 -0.017 -0.751 2.031
68 16 -0.003 -0.817 1.961
68 17 0.173 -0.182 2.160
68 18 0.242 -0.530 2.123
68 19 0.299 -0.771 2.081
68 20 0.324 -0.834 2.010
69 1 0.098 -0.095 2.113
69 2 0.096 -0.047 2.094
69 3 0.087 0.206 1.999
69 4 0.115 0.408 1.896
69 5 -0.073 0.171 2.000
69 6 -0.157 -0.078 2.025
69 7 -0.149 -0.292 2.032
69 8 -0.144 -0.361 1.993
69 9 0.271 0.173 2.059
69 10 0.331 -0.070 2.124
69 11 0.334 -0.246 2.170
69 12 0.337 -0.308 2.197
69 13 0.026 -0.170 2.123
69 14 -0.012 -0.533 2.059
69 15 -0.018 -0.752 2.036
69 16 -0.003 -0.811 1.961
69 17 0.175 -0.167 2.147
69 18 0.242 -0.527 2.124
69 19 0.297 -0.776 2.085
69 20 0.320 -0.832 2.013
70 1 0.098 -0.079 2.102
70 2 0.096 -0.030 2.085
70 3 0.087 0.223 2.006
70 4 0.110 0.436 1.909
70 5 -0.075 0.189 2.001
70 6 -0.153 -0.061 2.020
70 7 -0.146 -0.266 2.000
70 8 -0.144 -0.338 1.967
70 9 0.269 0.194 2.060
70 10 0.331 -0.048 2.126
70 11 0.329 -0.235 2.157
70 12 0.331 -0.298 2.179
70 13 0.026 -0.152 2.105
70 14 -0.012 -0.528 2.059
70 15 -0.019 -0.764 2.051
70 16 -0.004 -0.813 1.973
70 17 0.176 -0.153 2.135
70 18 0.241 -0.525 2.125
70 19 0.296 -0.782 2.090
70 20 0.316 -0.832 2.016
71 1 0.098 -0.066 2.092
71 2 0.096 -0.016 2.078
71 3 0.087 0.236 2.010
71 4 0.107 0.453 1.918
71 5 -0.077 0.204 2.002
71 6 -0.150 -0.048 2.015
71 7 -0.144 -0.251 1.985
71 8 -0.142 -0.322 1.950
71 9 0.266 0.210 2.061
71 10 0.330 -0.030 2.128
71 11 0.326 -0.223 2.149
71 12 0.328 -0.289 2.167
71 13 0.025 -0.140 2.092
71 14 -0.013 -0.524 2.060
71 15 -0.021 -0.772 2.059
71 16 -0.006 -0.817 1.982
71 17 0.176 -0.140 2.123
71 18 0.240 -0.523 2.126
71 19 0.294 -0.788 2.093
71 20 0.312 -0.834 2.019
72 1 0.097 -0.054 2.083
72 2 0.096 -0.004 2.071
72 3 0.086 0.252 2.015
72 4 0.105 0.472 1.928
72 5 -0.079 0.219 2.003
72 6 -0.148 -0.034 2.011
72 7 -0.141 -0.240 1.976
72 8 -0.139 -0.307 1.936
72 9 0.264 0.227 2.063
72 10 0.328 -0.014 2.129
72 11 0.322 -0.210 2.140
72 12 0.323 -0.279 2.155
72 13 0.025 -0.129 2.080
72 14 -0.013 -0.518 2.060
72 15 -0.022 -0.779 2.065
72 16 -0.007 -0.820 1.987
72 17 0.175 -0.130 2.112
72 18 0.240 -0.521 2.127
72 19 0.293 -0.793 2.097
72 20 0.309 -0.836 2.022
73 1 0.097 -0.044 2.075
73 2 0.095 0.007 2.064
73 3 0.085 0.268 2.019
73 4 0.101 0.490 1.937
73 5 -0.081 0.232 2.005
73 6 -0.146 -0.022 2.006
73 7 -0.137 -0.228 1.969
73 8 -0.134 -0.293 1.928
73 9 0.261 0.242 2.067
73 10 0.326 0.002 2.130
73 11 0.319 -0.200 2.133
73 12 0.320 -0.272 2.146
73 13 0.024 -0.119 2.068
73 14 -0.013 -0.512 2.060
73 15 -0.023 -0.783 2.068
73 16 -0.008 -0.822 1.991
73 17 0.175 -0.119 2.102
73 18 0.239 -0.519 2.127
73 19 0.292 -0.797 2.099
73 20 0.307 -0.837 2.024
74 1 0.096 -0.035 2.068
74 2 0.094 0.017 2.059
74 3 0.083 0.283 2.023
74 4 0.097 0.509 1.948
74 5 -0.083 0.243 2.007
74 6 -0.145 -0.011 2.002
74 7 -0.130 -0.208 1.962
74 8 -0.128 -0.275 1.924
74 9 0.257 0.258 2.070
74 10 0.323 0.017 2.130
74 11 0.317 -0.195 2.129
74 12 0.318 -0.267 2.140
74 13 0.023 -0.110 2.058
74 14 -0.014 -0.506 2.059
74 15 -0.023 -0.787 2.071
74 16 -0.009 -0.825 1.994
74 17 0.174 -0.110 2.093
74 18 0.237 -0.516 2.127
74 19 0.291 -0.800 2.101
74 20 0.315 -0.855 2.059
75 1 0.095 -0.027 2.063
75 2 0.093 0.025 2.054
75 3 0.081 0.293 2.025
75 4 0.094 0.523 1.959
75 5 -0.084 0.252 2.009
75 6 -0.145 -0.003 1.999
75 7 -0.125 -0.196 1.958
75 8 -0.121 -0.263 1.921
75 9 0.255 0.269 2.074
75 10 0.322 0.027 2.131
75 11 0.317 -0.190 2.127
75 12 0.298 -0.231 2.091
75 13 0.023 -0.104 2.050
75 14 -0.014 -0.501 2.057
75 15 -0.024 -0.789 2.072
75 16 -0.009 -0.826 1.996
75 17 0.174 -0.103 2.085
75 18 0.235 -0.512 2.127
75 19 0.287 -0.804 2.107
75 20 0.319 -0.858 2.076
76 1 0.095 -0.020 2.057
76 2 0.092 0.032 2.050
76 3 0.079 0.303 2.027
76 4 0.090 0.537 1.971
76 5 -0.086 0.259 2.010
76 6 -0.145 0.004 1.996
76 7 -0.121 -0.187 1.954
76 8 -0.116 -0.254 1.919
76 9 0.253 0.278 2.077
76 10 0.319 0.034 2.131
76 11 0.316 -0.186 2.127
76 12 0.284 -0.207 2.059
76 13 0.023 -0.097 2.042
76 14 -0.014 -0.498 2.056
76 15 -0.024 -0.791 2.073
76 16 -0.009 -0.828 1.997
76 17 0.174 -0.095 2.077
76 18 0.233 -0.505 2.125
76 19 0.285 -0.806 2.111
76 20 0.321 -0.860 2.084
77 1 0.094 -0.013 2.050
77 2 0.092 0.040 2.045
77 3 0.077 0.311 2.029
77 4 0.085 0.551 1.985
77 5 -0.088 0.269 2.013
77 6 -0.144 0.013 1.993
77 7 -0.118 -0.178 1.949
77 8 -0.110 -0.247 1.917
77 9 0.250 0.285 2.080
77 10 0.317 0.041 2.131
77 11 0.316 -0.182 2.127
77 12 0.284 -0.201 2.055
77 13 0.023 -0.089 2.032
77 14 -0.014 -0.495 2.055
77 15 -0.024 -0.792 2.074
77 16 -0.010 -0.829 1.997
77 17 0.173 -0.087 2.068
77 18 0.230 -0.495 2.123
77 19 0.281 -0.808 2.116
77 20 0.322 -0.860 2.089
78 1 0.094 -0.006 2.044
78 2 0.091 0.047 2.041
78 3 0.075 0.320 2.032
78 4 0.082 0.561 1.996
78 5 -0.090 0.276 2.015
78 6 -0.144 0.020 1.990
78 7 -0.115 -0.171 1.945
78 8 -0.106 -0.240 1.915
78 9 0.248 0.291 2.083
78 10 0.315 0.048 2.132
78 11 0.316 -0.181 2.127
78 12 0.289 -0.200 2.060
78 13 0.023 -0.081 2.023
78 14 -0.014 -0.491 2.054
78 15 -0.024 -0.794 2.075
78 16 -0.010 -0.829 1.998
78 17 0.173 -0.081 2.061
78 18 0.227 -0.486 2.120
78 19 0.279 -0.809 2.120
78 20 0.322 -0.860 2.093
79 1 0.093 0.001 2.038
79 2 0.090 0.053 2.037
79 3 0.072 0.328 2.035
79 4 0.079 0.569 2.003
79 5 -0.092 0.283 2.017
79 6 -0.143 0.027 1.986
79 7 -0.111 -0.164 1.940
79 8 -0.101 -0.235 1.913
79 9 0.246 0.295 2.086
79 10 0.313 0.054 2.134
79 11 0.310 -0.162 2.111
79 12 0.297 -0.204 2.071
79 13 0.023 -0.074 2.012
79 14 -0.013 -0.485 2.052
79 15 -0.024 -0.794 2.075
79 16 -0.010 -0.830 1.998
79 17 0.173 -0.074 2.053
79 18 0.225 -0.478 2.116
79 19 0.273 -0.793 2.121
79 20 0.319 -0.854 2.097
80 1 0.092 0.007 2.032
80 2 0.088 0.059 2.034
80 3 0.069 0.334 2.038
80 4 0.076 0.577 2.013
80 5 -0.094 0.289 2.019
80 6 -0.143 0.032 1.983
80 7 -0.108 -0.160 1.934
80 8 -0.097 -0.232 1.910
80 9 0.240 0.304 2.092
80 10 0.311 0.062 2.136
80 11 0.296 -0.151 2.077
80 12 0.308 -0.209 2.084
80 13 0.023 -0.067 2.002
80 14 -0.013 -0.478 2.050
80 15 -0.024 -0.789 2.074
80 16 -0.008 -0.823 1.997
80 17 0.173 -0.068 2.046
80 18 0.222 -0.469 2.113
80 19 0.270 -0.778 2.120
80 20 0.299 -0.818 2.064
81 1 0.092 0.012 2.027
81 2 0.087 0.064 2.032
81 3 0.067 0.339 2.040
81 4 0.073 0.582 2.020
81 5 -0.096 0.294 2.021
81 6 -0.144 0.037 1.980
81 7 -0.106 -0.156 1.929
81 8 -0.092 -0.228 1.906
81 9 0.237 0.309 2.096
81 10 0.299 0.067 2.129
81 11 0.260 -0.101 2.000
81 12 0.290 -0.161 2.047
81 13 0.023 -0.062 1.994
81 14 -0.012 -0.473 2.048
81 15 -0.023 -0.782 2.074
81 16 -0.006 -0.816 1.997
81 17 0.173 -0.062 2.039
81 18 0.220 -0.462 2.108
81 19 0.268 -0.768 2.117
81 20 0.286 -0.793 2.037
82 1 0.091 0.016 2.023
82 2 0.087 0.067 2.030
82 3 0.065 0.342 2.042
82 4 0.071 0.585 2.027
82 5 -0.098 0.298 2.022
82 6 -0.146 0.042 1.976
82 7 -0.104 -0.153 1.923
82 8 -0.088 -0.226 1.902
82 9 0.235 0.312 2.099
82 10 0.292 0.071 2.124
82 11 0.239 -0.069 1.954
82 12 0.278 -0.132 2.021
82 13 0.023 -0.059 1.988
82 14 -0.012 -0.468 2.047
82 15 -0.022 -0.776 2.074
82 16 -0.005 -0.809 1.996
82 17 0.173 -0.058 2.034
82 18 0.219 -0.457 2.103
82 19 0.267 -0.761 2.115
82 20 0.282 -0.783 2.027
83 1 0.091 0.019 2.019
83 2 0.086 0.069 2.029
83 3 0.064 0.344 2.043
83 4 0.069 0.588 2.032
83 5 -0.100 0.301 2.023
83 6 -0.148 0.047 1.972
83 7 -0.103 -0.151 1.917
83 8 -0.085 -0.223 1.898
83 9 0.234 0.314 2.101
83 10 0.287 0.072 2.120
83 11 0.232 -0.058 1.938
83 12 0.274 -0.120 2.011
83 13 0.023 -0.056 1.983
83 14 -0.012 -0.465 2.045
83 15 -0.021 -0.771 2.074
83 16 -0.004 -0.804 1.996
83 17 0.172 -0.055 2.029
83 18 0.218 -0.454 2.096
83 19 0.266 -0.756 2.113
83 20 0.279 -0.777 2.022
84 1 0.090 0.021 2.015
84 2 0.085 0.071 2.029
84 3 0.063 0.345 2.044
84 4 0.067 0.589 2.037
84 5 -0.101 0.303 2.023
84 6 -0.150 0.050 1.968
84 7 -0.103 -0.150 1.912
84 8 -0.084 -0.221 1.894
84 9 0.232 0.315 2.102
84 10 0.283 0.072 2.117
84 11 0.235 -0.073 1.938
84 12 0.272 -0.118 2.005
84 13 0.023 -0.054 1.978
84 14 -0.011 -0.461 2.044
84 15 -0.021 -0.767 2.074
84 16 -0.003 -0.799 1.996
84 17 0.172 -0.053 2.024
84 18 0.219 -0.451 2.088
84 19 0.278 -0.779 2.099
84 20 0.314 -0.832 2.068
85 1 0.090 0.023 2.012
85 2 0.084 0.072 2.028
85 3 0.062 0.346 2.045
85 4 0.066 0.589 2.042
85 5 -0.102 0.305 2.024
85 6 -0.152 0.053 1.964
85 7 -0.103 -0.149 1.906
85 8 -0.083 -0.219 1.890
85 9 0.231 0.316 2.103
85 10 0.280 0.072 2.114
85 11 0.233 -0.061 1.925
85 12 0.271 -0.114 2.000
85 13 0.023 -0.053 1.973
85 14 -0.011 -0.459 2.043
85 15 -0.021 -0.763 2.074
85 16 -0.002 -0.795 1.996
85 17 0.172 -0.051 2.020
85 18 0.226 -0.450 2.069
85 19 0.283 -0.772 2.085
85 20 0.309 -0.808 2.026
86 1 0.090 0.025 2.009
86 2 0.084 0.073 2.028
86 3 0.061 0.346 2.046
86 4 0.065 0.589 2.047
86 5 -0.103 0.307 2.023
86 6 -0.153 0.056 1.959
86 7 -0.103 -0.148 1.902
86 8 -0.083 -0.218 1.887
86 9 0.230 0.317 2.104
86 10 0.278 0.071 2.111
86 11 0.239 -0.061 1.929
86 12 0.271 -0.113 1.996
86 13 0.024 -0.051 1.967
86 14 -0.011 -0.456 2.042
86 15 -0.020 -0.760 2.074
86 16 -0.001 -0.792 1.996
86 17 0.172 -0.050 2.017
86 18 0.234 -0.451 2.050
86 19 0.287 -0.766 2.072
86 20 0.313 -0.798 1.999
87 1 0.091 0.025 2.006
87 2 0.084 0.074 2.027
87 3 0.061 0.346 2.047
87 4 0.066 0.588 2.050
87 5 -0.102 0.309 2.021
87 6 -0.154 0.059 1.953
87 7 -0.103 -0.147 1.897
87 8 -0.083 -0.217 1.884
87 9 0.230 0.317 2.105
87 10 0.277 0.071 2.109
87 11 0.244 -0.062 1.934
87 12 0.273 -0.113 1.993
87 13 0.026 -0.050 1.962
87 14 -0.010 -0.454 2.041
87 15 -0.020 -0.757 2.074
87 16 -0.000 -0.789 1.997
87 17 0.172 -0.049 2.015
87 18 0.241 -0.452 2.036
87 19 0.290 -0.762 2.061
87 20 0.315 -0.793 1.982
88 1 0.092 0.026 2.002
88 2 0.084 0.074 2.027
88 3 0.061 0.345 2.047
88 4 0.067 0.588 2.053
88 5 -0.099 0.311 2.017
88 6 -0.153 0.061 1.947
88 7 -0.104 -0.147 1.892
88 8 -0.084 -0.216 1.880
88 9 0.229 0.317 2.106
88 10 0.277 0.070 2.108
88 11 0.302 -0.120 2.047
88 12 0.313 -0.182 2.040
88 13 0.029 -0.050 1.957
88 14 -0.010 -0.452 2.040
88 15 -0.020 -0.755 2.074
88 16 0.001 -0.787 1.997
88 17 0.172 -0.049 2.012
88 18 0.246 -0.452 2.027
88 19 0.296 -0.765 2.046
88 20 0.320 -0.796 1.965
89 1 0.095 0.025 1.998
89 2 0.084 0.074 2.026
89 3 0.062 0.344 2.047
89 4 0.073 0.586 2.056
89 5 -0.092 0.313 2.009
89 6 -0.150 0.062 1.939
89 7 -0.104 -0.148 1.887
89 8 -0.085 -0.217 1.876
89 9 0.229 0.317 2.106
89 10 0.283 0.069 2.111
89 11 0.327 -0.148 2.083
89 12 0.334 -0.221 2.057
89 13 0.033 -0.050 1.952
89 14 -0.009 -0.451 2.040
89 15 -0.019 -0.754 2.074
89 16 0.002 -0.785 1.997
89 17 0.174 -0.049 2.010
89 18 0.249 -0.453 2.021
89 19 0.301 -0.765 2.030
89 20 0.326 -0.796 1.949
90 1 0.100 0.024 1.994
90 2 0.087 0.073 2.025
90 3 0.066 0.342 2.046
90 4 0.080 0.584 2.058
90 5 -0.083 0.314 2.000
90 6 -0.146 0.064 1.932
90 7 -0.103 -0.148 1.881
90 8 -0.087 -0.218 1.870
90 9 0.231 0.316 2.107
90 10 0.289 0.067 2.113
90 11 0.346 -0.175 2.104
90 12 0.349 -0.249 2.062
90 13 0.039 -0.051 1.947
90 14 -0.008 -0.450 2.039
90 15 -0.021 -0.779 2.081
90 16 0.004 -0.812 2.005
90 17 0.178 -0.050 2.007
90 18 0.252 -0.454 2.016
90 19 0.305 -0.765 2.016
90 20 0.331 -0.796 1.936
91 1 0.106 0.023 1.990
91 2 0.091 0.071 2.022
91 3 0.074 0.338 2.043
91 4 0.093 0.581 2.058
91 5 -0.072 0.315 1.992
91 6 -0.140 0.065 1.924
91 7 -0.101 -0.149 1.873
91 8 -0.088 -0.219 1.864
91 9 0.240 0.313 2.107
91 10 0.304 0.063 2.118
91 11 0.350 -0.184 2.102
91 12 0.356 -0.262 2.065
91 13 0.045 -0.052 1.942
91 14 -0.005 -0.450 2.036
91 15 -0.022 -0.790 2.083
91 16 0.005 -0.823 2.008
91 17 0.183 -0.052 2.004
91 18 0.254 -0.456 2.013
91 19 0.309 -0.761 2.002
91 20 0.335 -0.793 1.924
92 1 0.116 0.021 1.984
92 2 0.100 0.068 2.018
92 3 0.087 0.334 2.038
92 4 0.116 0.577 2.054
92 5 -0.059 0.315 1.983
92 6 -0.131 0.066 1.917
92 7 -0.098 -0.150 1.865
92 8 -0.089 -0.219 1.857
92 9 0.252 0.311 2.106
92 10 0.317 0.060 2.120
92 11 0.355 -0.166 2.095
92 12 0.358 -0.250 2.061
92 13 0.054 -0.054 1.937
92 14 -0.001 -0.450 2.032
92 15 -0.022 -0.796 2.085
92 16 0.006 -0.829 2.010
92 17 0.192 -0.055 2.000
92 18 0.256 -0.458 2.011
92 19 0.312 -0.758 1.990
92 20 0.339 -0.790 1.914
93 1 0.128 0.019 1.978
93 2 0.112 0.065 2.013
93 3 0.103 0.330 2.032
93 4 0.137 0.573 2.050
93 5 -0.044 0.316 1.976
93 6 -0.121 0.067 1.910
93 7 -0.093 -0.151 1.857
93 8 -0.088 -0.218 1.849
93 9 0.280 0.304 2.100
93 10 0.331 0.057 2.118
93 11 0.366 -0.193 2.074
93 12 0.365 -0.260 2.055
93 13 0.064 -0.057 1.931
93 14 0.005 -0.451 2.026
93 15 -0.022 -0.800 2.086
93 16 0.007 -0.833 2.011
93 17 0.206 -0.059 1.994
93 18 0.258 -0.462 2.009
93 19 0.313 -0.755 1.982
93 20 0.340 -0.788 1.906
94 1 0.145 0.016 1.972
94 2 0.129 0.061 2.007
94 3 0.124 0.326 2.024
94 4 0.159 0.571 2.044
94 5 -0.029 0.316 1.970
94 6 -0.109 0.068 1.905
94 7 -0.088 -0.152 1.850
94 8 -0.084 -0.219 1.839
94 9 0.299 0.299 2.094
94 10 0.347 0.053 2.111
94 11 0.377 -0.167 2.060
94 12 0.375 -0.239 2.046
94 13 0.079 -0.060 1.925
94 14 0.014 -0.453 2.019
94 15 -0.021 -0.802 2.085
94 16 0.009 -0.835 2.011
94 17 0.222 -0.064 1.988
94 18 0.261 -0.466 2.007
94 19 0.313 -0.754 1.977
94 20 0.341 -0.787 1.902
95 1 0.161 0.014 1.966
95 2 0.146 0.059 2.001
95 3 0.141 0.324 2.018
95 4 0.174 0.569 2.040
95 5 -0.015 0.316 1.966
95 6 -0.095 0.069 1.901
95 7 -0.079 -0.154 1.842
95 8 -0.076 -0.220 1.830
95 9 0.316 0.296 2.088
95 10 0.369 0.050 2.105
95 11 0.389 -0.180 2.047
95 12 0.385 -0.242 2.039
95 13 0.094 -0.062 1.918
95 14 0.027 -0.456 2.008
95 15 -0.018 -0.803 2.083
95 16 0.012 -0.836 2.009
95 17 0.239 -0.067 1.982
95 18 0.266 -0.471 2.005
95 19 0.314 -0.753 1.973
95 20 0.342 -0.786 1.898
96 1 0.175 0.013 1.960
96 2 0.161 0.058 1.996
96 3 0.157 0.323 2.013
96 4 0.192 0.568 2.036
96 5 0.002 0.317 1.962
96 6 -0.081 0.070 1.898
96 7 -0.066 -0.153 1.835
96 8 -0.063 -0.221 1.821
96 9 0.332 0.296 2.081
96 10 0.386 0.049 2.098
96 11 0.397 -0.187 2.040
96 12 0.397 -0.246 2.031
96 13 0.107 -0.063 1.913
96 14 0.045 -0.459 1.993
96 15 -0.010 -0.802 2.080
96 16 0.016 -0.858 2.044
96 17 0.253 -0.069 1.976
96 18 0.274 -0.475 2.001
96 19 0.314 -0.752 1.971
96 20 0.342 -0.785 1.896
97 1 0.198 0.013 1.953
97 2 0.183 0.058 1.990
97 3 0.174 0.324 2.008
97 4 0.213 0.569 2.029
97 5 0.018 0.319 1.959
97 6 -0.064 0.072 1.896
97 7 -0.055 -0.152 1.831
97 8 -0.051 -0.220 1.816
97 9 0.349 0.296 2.074
97 10 0.405 0.049 2.087
97 11 0.404 -0.192 2.032
97 12 0.411 -0.249 2.024
97 13 0.130 -0.063 1.905
97 14 0.057 -0.460 1.984
97 15 -0.002 -0.801 2.074
97 16 0.019 -0.864 2.053
97 17 0.278 -0.069 1.968
97 18 0.283 -0.477 1.998
97 19 0.315 -0.751 1.969
97 20 0.342 -0.784 1.894
98 1 0.213 0.014 1.948
98 2 0.200 0.059 1.986
98 3 0.194 0.327 2.003
98 4 0.226 0.571 2.025
98 5 0.030 0.320 1.956
98 6 -0.051 0.073 1.895
98 7 -0.039 -0.150 1.828
98 8 -0.033 -0.217 1.812
98 9 0.363 0.296 2.066
98 10 0.423 0.050 2.079
98 11 0.412 -0.195 2.025
98 12 0.423 -0.250 2.017
98 13 0.145 -0.063 1.901
98 14 0.069 -0.461 1.972
98 15 0.006 -0.798 2.065
98 16 0.020 -0.868 2.057
98 17 0.293 -0.068 1.963
98 18 0.292 -0.478 1.994
98 19 0.315 -0.750 1.968
98 20 0.343 -0.783 1.893
99 1 0.226 0.015 1.944
99 2 0.213 0.060 1.982
99 3 0.209 0.328 1.999
99 4 0.244 0.573 2.017
99 5 0.043 0.321 1.954
99 6 -0.036 0.074 1.895
99 7 -0.023 -0.149 1.826
99 8 -0.010 -0.210 1.811
99 9 0.379 0.298 2.058
99 10 0.437 0.054 2.056
99 11 0.427 -0.198 2.014
99 12 0.439 -0.254 2.007
99 13 0.157 -0.062 1.897
99 14 0.082 -0.461 1.957
99 15 0.022 -0.762 2.045
99 16 0.029 -0.839 2.047
99 17 0.305 -0.067 1.958
99 18 0.301 -0.478 1.990
99 19 0.317 -0.749 1.967
99 20 0.344 -0.782 1.892
100 1 0.238 0.017 1.939
100 2 0.226 0.061 1.978
100 3 0.221 0.329 1.995
100 4 0.257 0.574 2.011
100 5 0.057 0.323 1.951
100 6 -0.023 0.075 1.896
100 7 -0.004 -0.149 1.825
100 8 0.007 -0.206 1.811
100 9 0.395 0.299 2.051
100 10 0.445 0.053 2.032
100 11 0.441 -0.201 2.002
100 12 0.452 -0.256 1.999
100 13 0.168 -0.060 1.893
100 14 0.093 -0.460 1.943
100 15 0.029 -0.761 2.033
100 16 0.041 -0.839 2.039
100 17 0.318 -0.065 1.952
100 18 0.309 -0.477 1.985
100 19 0.319 -0.747 1.966
100 20 0.345 -0.781 1.891
101 1 0.249 0.019 1.935
101 2 0.236 0.063 1.974
101 3 0.233 0.331 1.992
101 4 0.267 0.576 2.006
101 5 0.069 0.325 1.950
101 6 -0.010 0.077 1.897
101 7 0.012 -0.149 1.825
101 8 0.024 -0.203 1.812
101 9 0.409 0.301 2.046
101 10 0.451 0.051 2.012
101 11 0.456 -0.201 1.989
101 12 0.468 -0.256 1.990
101 13 0.177 -0.058 1.890
101 14 0.102 -0.459 1.929
101 15 0.037 -0.744 2.017
101 16 0.047 -0.822 2.024
101 17 0.329 -0.063 1.946
101 18 0.317 -0.476 1.981
101 19 0.321 -0.746 1.966
101 20 0.346 -0.779 1.890
102 1 0.257 0.021 1.931
102 2 0.246 0.066 1.971
102 3 0.245 0.333 1.988
102 4 0.280 0.578 2.001
102 5 0.080 0.327 1.949
102 6 0.003 0.078 1.898
102 7 0.034 -0.148 1.827
102 8 0.035 -0.202 1.814
102 9 0.423 0.303 2.040
102 10 0.482 0.059 2.008
102 11 0.471 -0.201 1.980
102 12 0.481 -0.256 1.983
102 13 0.185 -0.055 1.887
102 14 0.110 -0.457 1.913
102 15 0.043 -0.734 2.001
102 16 0.053 -0.810 2.005
102 17 0.337 -0.060 1.940
102 18 0.326 -0.473 1.976
102 19 0.324 -0.744 1.965
102 20 0.348 -0.778 1.889
103 1 0.265 0.023 1.927
103 2 0.254 0.067 1.967
103 3 0.254 0.335 1.984
103 4 0.289 0.581 1.996
103 5 0.091 0.329 1.948
103 6 0.016 0.078 1.899
103 7 0.048 -0.147 1.829
103 8 0.047 -0.200 1.816
103 9 0.433 0.304 2.035
103 10 0.481 0.055 1.976
103 11 0.458 -0.139 1.884
103 12 0.478 -0.208 1.914
103 13 0.192 -0.053 1.884
103 14 0.120 -0.456 1.891
103 15 0.052 -0.729 1.980
103 16 0.060 -0.804 1.980
103 17 0.345 -0.059 1.935
103 18 0.333 -0.471 1.971
103 19 0.326 -0.743 1.964
103 20 0.349 -0.777 1.888
104 1 0.273 0.025 1.923
104 2 0.262 0.069 1.963
104 3 0.263 0.337 1.981
104 4 0.297 0.582 1.991
104 5 0.101 0.330 1.947
104 6 0.030 0.078 1.901
104 7 0.062 -0.144 1.831
104 8 0.077 -0.204 1.816
104 9 0.442 0.307 2.031
104 10 0.482 0.053 1.964
104 11 0.470 -0.131 1.868
104 12 0.484 -0.200 1.899
104 13 0.199 -0.051 1.881
104 14 0.129 -0.455 1.873
104 15 0.060 -0.739 1.945
104 16 0.072 -0.806 1.935
104 17 0.352 -0.057 1.929
104 18 0.339 -0.470 1.968
104 19 0.329 -0.742 1.964
104 20 0.351 -0.775 1.887
105 1 0.280 0.026 1.919
105 2 0.271 0.070 1.960
105 3 0.274 0.338 1.976
105 4 0.305 0.584 1.986
105 5 0.110 0.331 1.946
105 6 0.041 0.078 1.902
105 7 0.073 -0.142 1.833
105 8 0.092 -0.200 1.815
105 9 0.451 0.309 2.026
105 10 0.485 0.053 1.957
105 11 0.473 -0.124 1.855
105 12 0.489 -0.193 1.888
105 13 0.207 -0.049 1.878
105 14 0.138 -0.455 1.856
105 15 0.069 -0.739 1.918
105 16 0.087 -0.783 1.857
105 17 0.358 -0.056 1.925
105 18 0.345 -0.469 1.964
105 19 0.332 -0.740 1.963
105 20 0.353 -0.774 1.886
106 1 0.288 0.027 1.915
106 2 0.279 0.071 1.956
106 3 0.283 0.339 1.973
106 4 0.311 0.585 1.981
106 5 0.117 0.332 1.945
106 6 0.049 0.079 1.902
106 7 0.081 -0.140 1.833
106 8 0.104 -0.200 1.811
106 9 0.459 0.311 2.022
106 10 0.487 0.053 1.952
106 11 0.485 -0.127 1.860
106 12 0.495 -0.189 1.881
106 13 0.213 -0.047 1.875
106 14 0.146 -0.454 1.841
106 15 0.075 -0.739 1.903
106 16 0.124 -0.782 1.865
106 17 0.365 -0.055 1.920
106 18 0.351 -0.467 1.961
106 19 0.335 -0.740 1.962
106 20 0.354 -0.773 1.885
107 1 0.294 0.028 1.911
107 2 0.286 0.072 1.952
107 3 0.290 0.340 1.969
107 4 0.316 0.586 1.977
107 5 0.124 0.333 1.944
107 6 0.056 0.079 1.902
107 7 0.088 -0.139 1.832
107 8 0.111 -0.196 1.806
107 9 0.466 0.313 2.018
107 10 0.490 0.053 1.948
107 11 0.498 -0.134 1.871
107 12 0.504 -0.190 1.877
107 13 0.220 -0.045 1.872
107 14 0.153 -0.453 1.829
107 15 0.100 -0.719 1.867
107 16 0.137 -0.749 1.793
107 17 0.371 -0.054 1.915
107 18 0.356 -0.466 1.959
107 19 0.338 -0.739 1.961
107 20 0.356 -0.772 1.884
108 1 0.300 0.028 1.907
108 2 0.292 0.073 1.949
108 3 0.297 0.340 1.965
108 4 0.322 0.586 1.970
108 5 0.132 0.333 1.942
108 6 0.062 0.079 1.902
108 7 0.093 -0.139 1.830
108 8 0.113 -0.194 1.804
108 9 0.474 0.316 2.014
108 10 0.493 0.054 1.944
108 11 0.510 -0.138 1.882
108 12 0.514 -0.190 1.875
108 13 0.226 -0.044 1.869
108 14 0.158 -0.452 1.820
108 15 0.112 -0.710 1.851
108 16 0.142 -0.764 1.835
108 17 0.377 -0.054 1.910
108 18 0.359 -0.465 1.957
108 19 0.341 -0.738 1.961
108 20 0.358 -0.771 1.883
109 1 0.306 0.029 1.902
109 2 0.298 0.073 1.945
109 3 0.304 0.339 1.961
109 4 0.327 0.586 1.963
109 5 0.139 0.333 1.940
109 6 0.067 0.079 1.900
109 7 0.097 -0.138 1.828
109 8 0.118 -0.195 1.795
109 9 0.480 0.319 2.010
109 10 0.498 0.056 1.941
109 11 0.519 -0.138 1.888
109 12 0.524 -0.190 1.875
109 13 0.231 -0.043 1.865
109 14 0.162 -0.451 1.814
109 15 0.126 -0.700 1.831
109 16 0.169 -0.750 1.820
109 17 0.382 -0.054 1.905
109 18 0.363 -0.465 1.955
109 19 0.343 -0.738 1.960
109 20 0.360 -0.771 1.882
110 1 0.311 0.029 1.897
110 2 0.303 0.072 1.940
110 3 0.309 0.339 1.956
110 4 0.331 0.586 1.957
110 5 0.145 0.332 1.937
110 6 0.072 0.079 1.897
110 7 0.100 -0.138 1.823
110 8 0.119 -0.190 1.785
110 9 0.485 0.321 2.006
110 10 0.502 0.058 1.938
110 11 0.524 -0.138 1.891
110 12 0.532 -0.190 1.874
110 13 0.236 -0.043 1.861
110 14 0.164 -0.451 1.810
110 15 0.132 -0.695 1.820
110 16 0.177 -0.748 1.817
110 17 0.386 -0.054 1.899
110 18 0.366 -0.464 1.954
110 19 0.345 -0.737 1.959
110 20 0.362 -0.770 1.881
111 1 0.315 0.028 1.892
111 2 0.308 0.072 1.935
111 3 0.314 0.338 1.950
111 4 0.334 0.585 1.951
111 5 0.150 0.332 1.933
111 6 0.077 0.078 1.894
111 7 0.103 -0.138 1.818
111 8 0.121 -0.193 1.778
111 9 0.489 0.323 2.000
111 10 0.506 0.061 1.934
111 11 0.529 -0.138 1.892
111 12 0.540 -0.189 1.873
111 13 0.240 -0.042 1.857
111 14 0.167 -0.451 1.807
111 15 0.137 -0.684 1.810
111 16 0.179 -0.744 1.812
111 17 0.390 -0.054 1.894
111 18 0.369 -0.464 1.952
111 19 0.347 -0.737 1.958
111 20 0.363 -0.770 1.880
112 1 0.318 0.028 1.886
112 2 0.311 0.071 1.929
112 3 0.318 0.338 1.945
112 4 0.336 0.585 1.943
112 5 0.154 0.332 1.929
112 6 0.081 0.078 1.889
112 7 0.105 -0.138 1.814
112 8 0.121 -0.192 1.775
112 9 0.492 0.325 1.994
112 10 0.511 0.062 1.930
112 11 0.533 -0.138 1.892
112 12 0.547 -0.188 1.871
112 13 0.244 -0.042 1.852
112 14 0.169 -0.451 1.805
112 15 0.142 -0.679 1.804
112 16 0.180 -0.742 1.802
112 17 0.393 -0.054 1.887
112 18 0.371 -0.464 1.949
112 19 0.348 -0.737 1.958
112 20 0.378 -0.790 1.919
113 1 0.321 0.027 1.880
113 2 0.314 0.071 1.923
113 3 0.320 0.338 1.938
113 4 0.338 0.585 1.934
113 5 0.157 0.331 1.924
113 6 0.085 0.077 1.883
113 7 0.106 -0.138 1.810
113 8 0.121 -0.191 1.773
113 9 0.495 0.326 1.987
113 10 0.515 0.064 1.926
113 11 0.538 -0.135 1.889
113 12 0.551 -0.187 1.869
113 13 0.246 -0.043 1.847
113 14 0.173 -0.452 1.804
113 15 0.146 -0.676 1.799
113 16 0.179 -0.742 1.792
113 17 0.396 -0.055 1.880
113 18 0.374 -0.464 1.946
113 19 0.349 -0.737 1.957
113 20 0.386 -0.801 1.939
114 1 0.323 0.026 1.873
114 2 0.316 0.070 1.917
114 3 0.322 0.337 1.932
114 4 0.338 0.585 1.925
114 5 0.160 0.330 1.918
114 6 0.090 0.075 1.875
114 7 0.107 -0.139 1.806
114 8 0.120 -0.191 1.771
114 9 0.496 0.327 1.979
114 10 0.518 0.065 1.921
114 11 0.542 -0.132 1.884
114 12 0.555 -0.186 1.867
114 13 0.249 -0.043 1.841
114 14 0.180 -0.454 1.805
114 15 0.150 -0.675 1.796
114 16 0.179 -0.742 1.785
114 17 0.398 -0.055 1.873
114 18 0.378 -0.464 1.940
114 19 0.350 -0.706 1.947
114 20 0.373 -0.747 1.892
115 1 0.324 0.025 1.866
115 2 0.317 0.069 1.910
115 3 0.322 0.337 1.924
115 4 0.337 0.584 1.913
115 5 0.161 0.328 1.910
115 6 0.093 0.073 1.867
115 7 0.108 -0.140 1.802
115 8 0.120 -0.192 1.770
115 9 0.496 0.327 1.970
115 10 0.521 0.065 1.916
115 11 0.545 -0.131 1.879
115 12 0.558 -0.185 1.865
115 13 0.250 -0.045 1.834
115 14 0.186 -0.456 1.806
115 15 0.155 -0.675 1.794
115 16 0.178 -0.743 1.778
115 17 0.399 -0.055 1.867
115 18 0.381 -0.464 1.934
115 19 0.351 -0.694 1.943
115 20 0.370 -0.726 1.874
116 1 0.325 0.024 1.859
116 2 0.318 0.068 1.903
116 3 0.322 0.336 1.915
116 4 0.334 0.583 1.902
116 5 0.162 0.326 1.901
116 6 0.096 0.070 1.858
116 7 0.109 -0.141 1.798
116 8 0.119 -0.192 1.769
116 9 0.496 0.327 1.963
116 10 0.523 0.066 1.911
116 11 0.546 -0.129 1.873
116 12 0.559 -0.183 1.861
116 13 0.251 -0.046 1.826
116 14 0.191 -0.458 1.808
116 15 0.160 -0.677 1.793
116 16 0.177 -0.744 1.771
116 17 0.400 -0.056 1.860
116 18 0.383 -0.465 1.930
116 19 0.351 -0.687 1.940
116 20 0.367 -0.713 1.861
117 1 0.325 0.023 1.852
117 2 0.318 0.068 1.895
117 3 0.320 0.335 1.906
117 4 0.330 0.583 1.893
117 5 0.160 0.324 1.891
117 6 0.097 0.068 1.848
117 7 0.110 -0.142 1.793
117 8 0.119 -0.193 1.768
117 9 0.495 0.327 1.956
117 10 0.524 0.066 1.906
117 11 0.547 -0.128 1.868
117 12 0.560 -0.182 1.856
117 13 0.252 -0.047 1.818
117 14 0.195 -0.460 1.808
117 15 0.163 -0.679 1.792
117 16 0.177 -0.744 1.766
117 17 0.400 -0.056 1.853
117 18 0.384 -0.465 1.925
117 19 0.351 -0.683 1.938
117 20 0.365 -0.707 1.854
118 1 0.324 0.022 1.843
118 2 0.316 0.066 1.886
118 3 0.317 0.334 1.897
118 4 0.327 0.582 1.885
118 5 0.159 0.322 1.880
118 6 0.098 0.065 1.838
118 7 0.111 -0.144 1.786
118 8 0.118 -0.194 1.765
118 9 0.492 0.327 1.947
118 10 0.525 0.066 1.900
118 11 0.547 -0.127 1.861
118 12 0.560 -0.181 1.852
118 13 0.252 -0.049 1.810
118 14 0.197 -0.461 1.809
118 15 0.165 -0.681 1.792
118 16 0.175 -0.744 1.760
118 17 0.400 -0.057 1.845
118 18 0.385 -0.465 1.921
118 19 0.351 -0.680 1.936
118 20 0.369 -0.750 1.904
119 1 0.323 0.021 1.835
119 2 0.314 0.066 1.878
119 3 0.314 0.334 1.888
119 4 0.322 0.582 1.877
119 5 0.156 0.321 1.870
119 6 0.098 0.064 1.827
119 7 0.112 -0.148 1.773
119 8 0.118 -0.199 1.758
119 9 0.489 0.327 1.939
119 10 0.524 0.067 1.894
119 11 0.545 -0.126 1.853
119 12 0.554 -0.180 1.840
119 13 0.251 -0.050 1.801
119 14 0.199 -0.462 1.808
119 15 0.167 -0.682 1.792
119 16 0.174 -0.743 1.754
119 17 0.399 -0.057 1.837
119 18 0.385 -0.465 1.917
119 19 0.350 -0.678 1.934
119 20 0.370 -0.758 1.914
120 1 0.321 0.021 1.827
120 2 0.312 0.065 1.870
120 3 0.310 0.334 1.880
120 4 0.318 0.582 1.869
120 5 0.153 0.320 1.860
120 6 0.096 0.063 1.817
120 7 0.112 -0.150 1.762
120 8 0.118 -0.202 1.747
120 9 0.485 0.328 1.931
120 10 0.521 0.067 1.885
120 11 0.541 -0.125 1.844
120 12 0.547 -0.178 1.829
120 13 0.249 -0.051 1.793
120 14 0.200 -0.463 1.807
120 15 0.167 -0.683 1.792
120 16 0.173 -0.742 1.749
120 17 0.398 -0.057 1.830
120 18 0.385 -0.465 1.914
120 19 0.350 -0.677 1.932
120 20 0.370 -0.767 1.924
121 1 0.319 0.021 1.820
121 2 0.310 0.066 1.863
121 3 0.307 0.335 1.873
121 4 0.311 0.583 1.858
121 5 0.149 0.320 1.851
121 6 0.095 0.062 1.808
121 7 0.112 -0.151 1.753
121 8 0.117 -0.206 1.735
121 9 0.481 0.330 1.924
121 10 0.516 0.070 1.875
121 11 0.532 -0.122 1.829
121 12 0.530 -0.176 1.808
121 13 0.248 -0.051 1.786
121 14 0.201 -0.464 1.803
121 15 0.168 -0.684 1.791
121 16 0.173 -0.741 1.744
121 17 0.396 -0.057 1.824
121 18 0.385 -0.464 1.909
121 19 0.348 -0.676 1.929
121 20 0.370 -0.772 1.930
122 1 0.317 0.022 1.812
122 2 0.307 0.066 1.855
122 3 0.303 0.336 1.865
122 4 0.305 0.584 1.850
122 5 0.146 0.320 1.843
122 6 0.092 0.062 1.797
122 7 0.111 -0.150 1.744
122 8 0.117 -0.210 1.723
122 9 0.477 0.331 1.918
122 10 0.511 0.071 1.865
122 11 0.523 -0.121 1.816
122 12 0.524 -0.176 1.800
122 13 0.246 -0.051 1.777
122 14 0.201 -0.465 1.797
122 15 0.168 -0.685 1.789
122 16 0.175 -0.740 1.740
122 17 0.394 -0.056 1.816
122 18 0.384 -0.463 1.905
122 19 0.347 -0.676 1.926
122 20 0.370 -0.776 1.934
123 1 0.314 0.022 1.805
123 2 0.304 0.066 1.848
123 3 0.299 0.336 1.859
123 4 0.300 0.584 1.841
123 5 0.143 0.319 1.835
123 6 0.090 0.061 1.788
123 7 0.110 -0.149 1.735
123 8 0.117 -0.212 1.712
123 9 0.474 0.332 1.913
123 10 0.506 0.073 1.857
123 11 0.514 -0.124 1.802
123 12 0.519 -0.177 1.794
123 13 0.244 -0.051 1.771
123 14 0.201 -0.465 1.790
123 15 0.167 -0.687 1.787
123 16 0.177 -0.737 1.734
123 17 0.392 -0.056 1.810
123 18 0.383 -0.463 1.901
123 19 0.345 -0.677 1.923
123 20 0.370 -0.777 1.936
124 1 0.312 0.022 1.799
124 2 0.301 0.067 1.842
124 3 0.295 0.337 1.851
124 4 0.294 0.585 1.832
124 5 0.139 0.319 1.826
124 6 0.087 0.061 1.779
124 7 0.109 -0.147 1.726
124 8 0.117 -0.214 1.703
124 9 0.471 0.332 1.908
124 10 0.502 0.073 1.850
124 11 0.502 -0.129 1.787
124 12 0.515 -0.179 1.789
124 13 0.242 -0.051 1.764
124 14 0.200 -0.466 1.783
124 15 0.166 -0.688 1.784
124 16 0.179 -0.734 1.728
124 17 0.390 -0.056 1.804
124 18 0.382 -0.462 1.897
124 19 0.344 -0.677 1.920
124 20 0.369 -0.778 1.936
125 1 0.310 0.022 1.793
125 2 0.298 0.067 1.835
125 3 0.291 0.338 1.844
125 4 0.289 0.586 1.823
125 5 0.136 0.318 1.818
125 6 0.083 0.060 1.771
125 7 0.099 -0.140 1.715
125 8 0.114 -0.212 1.695
125 9 0.467 0.333 1.902
125 10 0.499 0.073 1.846
125 11 0.482 -0.125 1.760
125 12 0.474 -0.185 1.753
125 13 0.240 -0.051 1.758
125 14 0.199 -0.467 1.778
125 15 0.165 -0.689 1.781
125 16 0.182 -0.726 1.717
125 17 0.388 -0.055 1.799
125 18 0.382 -0.462 1.893
125 19 0.342 -0.677 1.918
125 20 0.369 -0.777 1.934
