1 1 0.067 -0.420 2.396
1 2 0.064 -0.369 2.404
1 3 0.057 -0.113 2.396
1 4 0.063 0.080 2.355
1 5 -0.104 -0.204 2.372
1 6 -0.133 -0.404 2.274
1 7 -0.046 -0.526 2.149
1 8 0.013 -0.554 2.104
1 9 0.227 -0.209 2.421
1 10 0.297 -0.400 2.338
1 11 0.163 -0.509 2.139
1 12 0.095 -0.553 2.057
1 13 -0.018 -0.500 2.379
1 14 -0.135 -0.593 2.115
1 15 -0.138 -0.853 2.085
1 16 -0.115 -0.895 2.027
1 17 0.156 -0.490 2.409
1 18 0.320 -0.588 2.174
1 19 0.312 -0.818 2.142
1 20 0.330 -0.877 2.098
2 1 0.067 -0.420 2.396
2 2 0.065 -0.369 2.404
2 3 0.057 -0.113 2.396
2 4 0.063 0.080 2.355
2 5 -0.104 -0.204 2.372
2 6 -0.133 -0.404 2.274
2 7 -0.046 -0.526 2.149
2 8 0.013 -0.554 2.104
2 9 0.228 -0.209 2.421
2 10 0.297 -0.400 2.338
2 11 0.163 -0.509 2.139
2 12 0.095 -0.553 2.057
2 13 -0.018 -0.500 2.379
2 14 -0.135 -0.593 2.115
2 15 -0.136 -0.856 2.087
2 16 -0.116 -0.898 2.022
2 17 0.156 -0.490 2.409
2 18 0.320 -0.588 2.174
2 19 0.312 -0.818 2.142
2 20 0.330 -0.877 2.098
3 1 0.068 -0.420 2.396
3 2 0.065 -0.369 2.404
3 3 0.057 -0.112 2.396
3 4 0.064 0.080 2.355
3 5 -0.104 -0.204 2.372
3 6 -0.133 -0.404 2.274
3 7 -0.045 -0.525 2.150
3 8 0.013 -0.553 2.104
3 9 0.228 -0.209 2.421
3 10 0.297 -0.400 2.338
3 11 0.163 -0.509 2.139
3 12 0.094 -0.553 2.057
3 13 -0.018 -0.500 2.379
3 14 -0.135 -0.593 2.115
3 15 -0.135 -0.859 2.088
3 16 -0.117 -0.901 2.019
3 17 0.157 -0.490 2.409
3 18 0.320 -0.587 2.174
3 19 0.312 -0.818 2.142
3 20 0.330 -0.877 2.098
4 1 0.068 -0.420 2.396
4 2 0.065 -0.369 2.405
4 3 0.057 -0.112 2.396
4 4 0.065 0.081 2.355
4 5 -0.104 -0.204 2.372
4 6 -0.133 -0.404 2.274
4 7 -0.045 -0.526 2.150
4 8 0.014 -0.553 2.104
4 9 0.228 -0.209 2.421
4 10 0.297 -0.401 2.338
4 11 0.163 -0.509 2.139
4 12 0.094 -0.553 2.057
4 13 -0.018 -0.500 2.379
4 14 -0.135 -0.593 2.115
4 15 -0.134 -0.861 2.089
4 16 -0.118 -0.903 2.016
4 17 0.157 -0.490 2.410
4 18 0.320 -0.587 2.174
4 19 0.312 -0.818 2.142
4 20 0.330 -0.877 2.098
5 1 0.068 -0.420 2.396
5 2 0.065 -0.369 2.405
5 3 0.057 -0.112 2.397
5 4 0.066 0.081 2.355
5 5 -0.104 -0.204 2.372
5 6 -0.133 -0.404 2.274
5 7 -0.045 -0.526 2.150
5 8 0.014 -0.554 2.104
5 9 0.228 -0.209 2.421
5 10 0.297 -0.401 2.337
5 11 0.163 -0.509 2.139
5 12 0.094 -0.553 2.057
5 13 -0.017 -0.501 2.379
5 14 -0.135 -0.593 2.116
5 15 -0.133 -0.862 2.090
5 16 -0.118 -0.904 2.015
5 17 0.157 -0.490 2.410
5 18 0.320 -0.587 2.174
5 19 0.312 -0.817 2.142
5 20 0.330 -0.877 2.098
6 1 0.068 -0.420 2.397
6 2 0.065 -0.369 2.405
6 3 0.057 -0.112 2.397
6 4 0.066 0.081 2.355
6 5 -0.104 -0.204 2.372
6 6 -0.133 -0.404 2.274
6 7 -0.045 -0.526 2.150
6 8 0.013 -0.554 2.104
6 9 0.228 -0.209 2.421
6 10 0.297 -0.401 2.337
6 11 0.163 -0.509 2.139
6 12 0.094 -0.554 2.057
6 13 -0.017 -0.501 2.379
6 14 -0.135 -0.593 2.116
6 15 -0.132 -0.863 2.090
6 16 -0.118 -0.905 2.013
6 17 0.158 -0.490 2.410
6 18 0.320 -0.587 2.174
6 19 0.312 -0.817 2.142
6 20 0.330 -0.878 2.098
7 1 0.069 -0.420 2.397
7 2 0.065 -0.369 2.405
7 3 0.058 -0.112 2.397
7 4 0.067 0.081 2.356
7 5 -0.104 -0.204 2.372
7 6 -0.133 -0.404 2.274
7 7 -0.046 -0.526 2.150
7 8 0.013 -0.554 2.104
7 9 0.228 -0.209 2.421
7 10 0.297 -0.401 2.337
7 11 0.163 -0.509 2.139
7 12 0.094 -0.554 2.057
7 13 -0.016 -0.501 2.379
7 14 -0.134 -0.593 2.116
7 15 -0.132 -0.864 2.090
7 16 -0.118 -0.906 2.012
7 17 0.159 -0.490 2.410
7 18 0.320 -0.587 2.174
7 19 0.312 -0.817 2.142
7 20 0.329 -0.878 2.098
8 1 0.069 -0.420 2.397
8 2 0.066 -0.369 2.405
8 3 0.058 -0.112 2.397
8 4 0.068 0.081 2.356
8 5 -0.103 -0.204 2.372
8 6 -0.133 -0.404 2.274
8 7 -0.046 -0.526 2.150
8 8 0.013 -0.554 2.104
8 9 0.228 -0.209 2.421
8 10 0.297 -0.401 2.337
8 11 0.163 -0.509 2.139
8 12 0.094 -0.554 2.057
8 13 -0.015 -0.501 2.379
8 14 -0.134 -0.593 2.116
8 15 -0.131 -0.865 2.091
8 16 -0.118 -0.906 2.011
8 17 0.159 -0.490 2.410
8 18 0.320 -0.587 2.174
8 19 0.312 -0.817 2.142
8 20 0.329 -0.878 2.098
9 1 0.069 -0.420 2.397
9 2 0.066 -0.369 2.405
9 3 0.058 -0.112 2.397
9 4 0.068 0.081 2.356
9 5 -0.103 -0.204 2.372
9 6 -0.133 -0.404 2.274
9 7 -0.046 -0.527 2.150
9 8 0.013 -0.554 2.104
9 9 0.228 -0.209 2.421
9 10 0.297 -0.401 2.337
9 11 0.163 -0.509 2.139
9 12 0.094 -0.554 2.057
9 13 -0.015 -0.501 2.379
9 14 -0.134 -0.593 2.116
9 15 -0.131 -0.865 2.091
9 16 -0.118 -0.907 2.011
9 17 0.160 -0.490 2.410
9 18 0.320 -0.587 2.173
9 19 0.312 -0.817 2.142
9 20 0.329 -0.878 2.098
10 1 0.070 -0.420 2.397
10 2 0.066 -0.369 2.405
10 3 0.058 -0.112 2.397
10 4 0.069 0.081 2.356
10 5 -0.103 -0.204 2.372
10 6 -0.132 -0.404 2.274
10 7 -0.046 -0.527 2.150
10 8 0.013 -0.555 2.104
10 9 0.229 -0.209 2.421
10 10 0.298 -0.401 2.337
10 11 0.165 -0.510 2.138
10 12 0.094 -0.554 2.057
10 13 -0.014 -0.502 2.379
10 14 -0.134 -0.593 2.116
10 15 -0.130 -0.866 2.091
10 16 -0.118 -0.907 2.010
10 17 0.161 -0.490 2.410
10 18 0.320 -0.587 2.173
10 19 0.312 -0.817 2.142
10 20 0.329 -0.878 2.098
11 1 0.070 -0.420 2.397
11 2 0.066 -0.369 2.405
11 3 0.058 -0.112 2.397
11 4 0.070 0.081 2.355
11 5 -0.103 -0.205 2.372
11 6 -0.132 -0.404 2.274
11 7 -0.047 -0.527 2.149
11 8 0.012 -0.555 2.104
11 9 0.229 -0.209 2.422
11 10 0.298 -0.401 2.337
11 11 0.165 -0.510 2.138
11 12 0.093 -0.554 2.057
11 13 -0.013 -0.502 2.379
11 14 -0.134 -0.592 2.116
11 15 -0.130 -0.866 2.091
11 16 -0.118 -0.907 2.010
11 17 0.161 -0.490 2.410
11 18 0.320 -0.587 2.173
11 19 0.312 -0.817 2.142
11 20 0.328 -0.878 2.099
12 1 0.071 -0.420 2.397
12 2 0.067 -0.369 2.405
12 3 0.058 -0.112 2.397
12 4 0.071 0.081 2.355
12 5 -0.103 -0.205 2.372
12 6 -0.132 -0.404 2.274
12 7 -0.047 -0.527 2.149
12 8 0.012 -0.555 2.103
12 9 0.229 -0.209 2.422
12 10 0.298 -0.401 2.337
12 11 0.166 -0.510 2.138
12 12 0.093 -0.554 2.057
12 13 -0.013 -0.502 2.379
12 14 -0.134 -0.592 2.116
12 15 -0.130 -0.866 2.091
12 16 -0.118 -0.907 2.010
12 17 0.162 -0.490 2.410
12 18 0.320 -0.587 2.173
12 19 0.312 -0.817 2.142
12 20 0.327 -0.878 2.099
13 1 0.071 -0.420 2.397
13 2 0.067 -0.369 2.405
13 3 0.058 -0.112 2.397
13 4 0.072 0.081 2.355
13 5 -0.103 -0.205 2.372
13 6 -0.132 -0.404 2.274
13 7 -0.047 -0.526 2.147
13 8 0.015 -0.549 2.103
13 9 0.229 -0.209 2.422
13 10 0.298 -0.401 2.337
13 11 0.166 -0.510 2.137
13 12 0.093 -0.554 2.057
13 13 -0.012 -0.502 2.379
13 14 -0.134 -0.592 2.116
13 15 -0.130 -0.866 2.091
13 16 -0.118 -0.907 2.010
13 17 0.162 -0.490 2.410
13 18 0.320 -0.587 2.172
13 19 0.312 -0.817 2.142
13 20 0.327 -0.879 2.100
14 1 0.071 -0.421 2.397
14 2 0.068 -0.370 2.405
14 3 0.059 -0.112 2.397
14 4 0.073 0.081 2.354
14 5 -0.102 -0.205 2.372
14 6 -0.132 -0.404 2.274
14 7 -0.049 -0.527 2.147
14 8 0.014 -0.550 2.102
14 9 0.229 -0.210 2.422
14 10 0.298 -0.401 2.337
14 11 0.166 -0.510 2.137
14 12 0.093 -0.554 2.057
14 13 -0.012 -0.502 2.379
14 14 -0.134 -0.592 2.116
14 15 -0.129 -0.867 2.091
14 16 -0.118 -0.907 2.009
14 17 0.162 -0.490 2.410
14 18 0.321 -0.587 2.172
14 19 0.312 -0.817 2.142
14 20 0.326 -0.879 2.100
15 1 0.072 -0.421 2.397
15 2 0.068 -0.370 2.405
15 3 0.059 -0.112 2.397
15 4 0.074 0.081 2.354
15 5 -0.102 -0.205 2.372
15 6 -0.132 -0.404 2.274
15 7 -0.047 -0.526 2.146
15 8 0.016 -0.549 2.102
15 9 0.230 -0.210 2.422
15 10 0.298 -0.401 2.337
15 11 0.166 -0.510 2.137
15 12 0.093 -0.554 2.057
15 13 -0.011 -0.503 2.379
15 14 -0.134 -0.592 2.116
15 15 -0.129 -0.867 2.091
15 16 -0.117 -0.907 2.009
15 17 0.163 -0.490 2.410
15 18 0.321 -0.587 2.172
15 19 0.312 -0.817 2.142
15 20 0.326 -0.879 2.100
16 1 0.072 -0.421 2.397
16 2 0.068 -0.370 2.405
16 3 0.059 -0.113 2.397
16 4 0.075 0.080 2.353
16 5 -0.102 -0.205 2.372
16 6 -0.132 -0.404 2.274
16 7 -0.000 -0.511 2.138
16 8 0.058 -0.539 2.090
16 9 0.230 -0.210 2.422
16 10 0.298 -0.401 2.336
16 11 0.166 -0.510 2.137
16 12 0.093 -0.554 2.056
16 13 -0.011 -0.503 2.379
16 14 -0.134 -0.592 2.116
16 15 -0.129 -0.867 2.091
16 16 -0.117 -0.907 2.009
16 17 0.163 -0.490 2.410
16 18 0.321 -0.587 2.171
16 19 0.312 -0.817 2.141
16 20 0.326 -0.879 2.100
17 1 0.073 -0.421 2.397
17 2 0.069 -0.370 2.405
17 3 0.060 -0.113 2.397
17 4 0.075 0.080 2.353
17 5 -0.101 -0.205 2.372
17 6 -0.132 -0.404 2.274
17 7 0.048 -0.502 2.123
17 8 0.067 -0.539 2.085
17 9 0.230 -0.210 2.422
17 10 0.298 -0.401 2.336
17 11 0.166 -0.510 2.137
17 12 0.093 -0.554 2.056
17 13 -0.011 -0.503 2.379
17 14 -0.134 -0.592 2.116
17 15 -0.129 -0.867 2.091
17 16 -0.117 -0.907 2.009
17 17 0.163 -0.490 2.410
17 18 0.321 -0.587 2.171
17 19 0.312 -0.817 2.141
17 20 0.326 -0.879 2.100
18 1 0.073 -0.421 2.397
18 2 0.069 -0.370 2.405
18 3 0.060 -0.113 2.397
18 4 0.076 0.080 2.352
18 5 -0.101 -0.205 2.372
18 6 -0.131 -0.404 2.274
18 7 -0.013 -0.515 2.131
18 8 0.051 -0.535 2.092
18 9 0.231 -0.210 2.422
18 10 0.298 -0.401 2.336
18 11 0.166 -0.510 2.137
18 12 0.093 -0.554 2.056
18 13 -0.010 -0.503 2.379
18 14 -0.134 -0.592 2.116
18 15 -0.129 -0.867 2.091
18 16 -0.117 -0.907 2.009
18 17 0.164 -0.490 2.410
18 18 0.321 -0.587 2.171
18 19 0.312 -0.817 2.141
18 20 0.326 -0.879 2.100
19 1 0.073 -0.421 2.397
19 2 0.069 -0.370 2.405
19 3 0.060 -0.113 2.397
19 4 0.077 0.080 2.351
19 5 -0.101 -0.205 2.372
19 6 -0.131 -0.404 2.274
19 7 0.015 -0.506 2.127
19 8 0.066 -0.533 2.088
19 9 0.231 -0.210 2.422
19 10 0.298 -0.401 2.336
19 11 0.166 -0.510 2.137
19 12 0.093 -0.554 2.056
19 13 -0.010 -0.503 2.379
19 14 -0.134 -0.592 2.116
19 15 -0.129 -0.867 2.091
19 16 -0.117 -0.906 2.009
19 17 0.164 -0.490 2.410
19 18 0.321 -0.587 2.171
19 19 0.313 -0.816 2.141
19 20 0.326 -0.879 2.100
20 1 0.074 -0.421 2.397
20 2 0.070 -0.370 2.405
20 3 0.060 -0.113 2.397
20 4 0.077 0.080 2.351
20 5 -0.100 -0.206 2.372
20 6 -0.131 -0.404 2.274
20 7 0.038 -0.503 2.119
20 8 0.073 -0.535 2.086
20 9 0.231 -0.210 2.422
20 10 0.298 -0.401 2.336
20 11 0.166 -0.510 2.137
20 12 0.093 -0.554 2.056
20 13 -0.010 -0.503 2.379
20 14 -0.134 -0.592 2.116
20 15 -0.129 -0.867 2.091
20 16 -0.117 -0.906 2.009
20 17 0.164 -0.490 2.410
20 18 0.321 -0.588 2.171
20 19 0.313 -0.816 2.141
20 20 0.325 -0.880 2.101
21 1 0.074 -0.421 2.397
21 2 0.070 -0.370 2.405
21 3 0.061 -0.113 2.397
21 4 0.078 0.080 2.351
21 5 -0.100 -0.206 2.372
21 6 -0.131 -0.405 2.274
21 7 0.001 -0.507 2.128
21 8 0.058 -0.533 2.092
21 9 0.231 -0.210 2.422
21 10 0.298 -0.401 2.336
21 11 0.166 -0.510 2.137
21 12 0.093 -0.554 2.056
21 13 -0.009 -0.503 2.379
21 14 -0.134 -0.592 2.116
21 15 -0.128 -0.867 2.091
21 16 -0.117 -0.906 2.009
21 17 0.164 -0.490 2.410
21 18 0.321 -0.588 2.170
21 19 0.313 -0.816 2.141
21 20 0.325 -0.880 2.101
22 1 0.074 -0.421 2.397
22 2 0.070 -0.370 2.405
22 3 0.061 -0.113 2.396
22 4 0.078 0.080 2.350
22 5 -0.100 -0.206 2.372
22 6 -0.131 -0.405 2.274
22 7 0.007 -0.506 2.130
22 8 0.068 -0.534 2.090
22 9 0.232 -0.211 2.422
22 10 0.298 -0.401 2.336
22 11 0.165 -0.509 2.137
22 12 0.092 -0.554 2.056
22 13 -0.009 -0.503 2.379
22 14 -0.134 -0.592 2.116
22 15 -0.128 -0.867 2.091
22 16 -0.116 -0.906 2.009
22 17 0.165 -0.490 2.410
22 18 0.321 -0.588 2.170
22 19 0.313 -0.816 2.141
22 20 0.324 -0.880 2.101
23 1 0.074 -0.422 2.397
23 2 0.070 -0.370 2.405
23 3 0.061 -0.113 2.396
23 4 0.078 0.079 2.350
23 5 -0.099 -0.206 2.371
23 6 -0.131 -0.405 2.274
23 7 0.038 -0.505 2.125
23 8 0.067 -0.538 2.088
23 9 0.232 -0.211 2.422
23 10 0.298 -0.401 2.336
23 11 0.165 -0.509 2.137
23 12 0.092 -0.554 2.056
23 13 -0.009 -0.503 2.379
23 14 -0.134 -0.592 2.116
23 15 -0.128 -0.867 2.091
23 16 -0.116 -0.906 2.009
23 17 0.165 -0.490 2.410
23 18 0.321 -0.588 2.170
23 19 0.313 -0.816 2.141
23 20 0.324 -0.881 2.101
24 1 0.075 -0.422 2.397
24 2 0.071 -0.371 2.405
24 3 0.062 -0.113 2.396
24 4 0.079 0.079 2.350
24 5 -0.099 -0.206 2.371
24 6 -0.130 -0.405 2.273
24 7 0.003 -0.509 2.135
24 8 0.057 -0.536 2.094
24 9 0.232 -0.211 2.422
24 10 0.298 -0.401 2.336
24 11 0.165 -0.509 2.137
24 12 0.092 -0.554 2.056
24 13 -0.009 -0.503 2.379
24 14 -0.134 -0.592 2.116
24 15 -0.130 -0.830 2.084
24 16 -0.117 -0.883 2.005
24 17 0.165 -0.490 2.410
24 18 0.322 -0.588 2.170
24 19 0.313 -0.816 2.141
24 20 0.324 -0.881 2.102
25 1 0.075 -0.422 2.397
25 2 0.071 -0.371 2.405
25 3 0.062 -0.114 2.396
25 4 0.079 0.079 2.349
25 5 -0.099 -0.206 2.371
25 6 -0.130 -0.405 2.273
25 7 0.004 -0.507 2.135
25 8 0.063 -0.536 2.092
25 9 0.232 -0.211 2.422
25 10 0.298 -0.401 2.335
25 11 0.165 -0.509 2.137
25 12 0.092 -0.554 2.056
25 13 -0.009 -0.504 2.379
25 14 -0.134 -0.592 2.116
25 15 -0.132 -0.813 2.082
25 16 -0.118 -0.868 2.003
25 17 0.165 -0.490 2.410
25 18 0.322 -0.588 2.170
25 19 0.313 -0.816 2.141
25 20 0.324 -0.881 2.102
26 1 0.075 -0.422 2.397
26 2 0.071 -0.371 2.404
26 3 0.063 -0.114 2.396
26 4 0.079 0.079 2.349
26 5 -0.099 -0.206 2.371
26 6 -0.130 -0.405 2.273
26 7 -0.034 -0.520 2.136
26 8 0.040 -0.537 2.099
26 9 0.232 -0.211 2.422
26 10 0.298 -0.401 2.335
26 11 0.165 -0.509 2.137
26 12 0.092 -0.554 2.056
26 13 -0.008 -0.504 2.378
26 14 -0.134 -0.592 2.116
26 15 -0.132 -0.805 2.080
26 16 -0.119 -0.858 2.002
26 17 0.165 -0.490 2.410
26 18 0.322 -0.588 2.170
26 19 0.313 -0.816 2.140
26 20 0.324 -0.881 2.102
27 1 0.075 -0.422 2.397
27 2 0.071 -0.371 2.404
27 3 0.063 -0.114 2.396
27 4 0.079 0.079 2.349
27 5 -0.098 -0.206 2.371
27 6 -0.130 -0.405 2.273
27 7 -0.009 -0.512 2.136
27 8 0.055 -0.537 2.095
27 9 0.233 -0.211 2.422
27 10 0.299 -0.401 2.335
27 11 0.165 -0.509 2.137
27 12 0.092 -0.554 2.056
27 13 -0.008 -0.504 2.378
27 14 -0.134 -0.592 2.116
27 15 -0.132 -0.800 2.079
27 16 -0.119 -0.852 2.001
27 17 0.165 -0.491 2.410
27 18 0.322 -0.588 2.170
27 19 0.313 -0.816 2.140
27 20 0.323 -0.881 2.102
28 1 0.075 -0.422 2.397
28 2 0.072 -0.371 2.404
28 3 0.063 -0.114 2.395
28 4 0.080 0.079 2.348
28 5 -0.098 -0.206 2.371
28 6 -0.130 -0.405 2.273
28 7 0.007 -0.507 2.135
28 8 0.065 -0.536 2.092
28 9 0.233 -0.211 2.422
28 10 0.299 -0.401 2.335
28 11 0.165 -0.509 2.137
28 12 0.092 -0.555 2.056
28 13 -0.008 -0.504 2.378
28 14 -0.134 -0.592 2.116
28 15 -0.132 -0.796 2.079
28 16 -0.119 -0.848 2.000
28 17 0.165 -0.491 2.410
28 18 0.322 -0.588 2.170
28 19 0.313 -0.816 2.140
28 20 0.323 -0.881 2.102
29 1 0.075 -0.422 2.397
29 2 0.072 -0.371 2.404
29 3 0.064 -0.114 2.395
29 4 0.080 0.079 2.348
29 5 -0.098 -0.206 2.371
29 6 -0.130 -0.405 2.273
29 7 0.012 -0.505 2.135
29 8 0.072 -0.536 2.090
29 9 0.233 -0.211 2.421
29 10 0.299 -0.401 2.335
29 11 0.165 -0.509 2.138
29 12 0.092 -0.555 2.056
29 13 -0.008 -0.504 2.378
29 14 -0.134 -0.592 2.116
29 15 -0.133 -0.794 2.078
29 16 -0.119 -0.845 2.000
29 17 0.165 -0.491 2.410
29 18 0.322 -0.588 2.170
29 19 0.313 -0.816 2.140
29 20 0.323 -0.881 2.102
30 1 0.075 -0.422 2.396
30 2 0.072 -0.371 2.404
30 3 0.064 -0.114 2.395
30 4 0.080 0.078 2.348
30 5 -0.098 -0.206 2.370
30 6 -0.129 -0.405 2.273
30 7 0.016 -0.503 2.134
30 8 0.076 -0.536 2.088
30 9 0.233 -0.211 2.421
30 10 0.299 -0.401 2.336
30 11 0.165 -0.508 2.138
30 12 0.092 -0.555 2.056
30 13 -0.008 -0.504 2.378
30 14 -0.134 -0.592 2.116
30 15 -0.133 -0.793 2.078
30 16 -0.119 -0.843 2.000
30 17 0.165 -0.491 2.410
30 18 0.322 -0.588 2.170
30 19 0.313 -0.816 2.140
30 20 0.323 -0.881 2.102
31 1 0.075 -0.422 2.396
31 2 0.072 -0.371 2.404
31 3 0.064 -0.114 2.394
31 4 0.080 0.078 2.347
31 5 -0.097 -0.206 2.370
31 6 -0.129 -0.405 2.273
31 7 0.043 -0.501 2.122
31 8 0.076 -0.541 2.088
31 9 0.234 -0.211 2.421
31 10 0.299 -0.400 2.336
31 11 0.165 -0.507 2.139
31 12 0.092 -0.555 2.056
31 13 -0.008 -0.504 2.378
31 14 -0.134 -0.592 2.116
31 15 -0.133 -0.794 2.078
31 16 -0.120 -0.841 1.999
31 17 0.166 -0.491 2.410
31 18 0.322 -0.588 2.170
31 19 0.313 -0.816 2.140
31 20 0.325 -0.864 2.074
32 1 0.075 -0.422 2.396
32 2 0.072 -0.371 2.403
32 3 0.065 -0.115 2.394
32 4 0.081 0.078 2.346
32 5 -0.097 -0.206 2.370
32 6 -0.129 -0.405 2.273
32 7 0.003 -0.509 2.130
32 8 0.051 -0.542 2.094
32 9 0.235 -0.211 2.420
32 10 0.299 -0.400 2.336
32 11 0.164 -0.507 2.140
32 12 0.092 -0.555 2.057
32 13 -0.008 -0.504 2.378
32 14 -0.134 -0.592 2.116
32 15 -0.132 -0.795 2.078
32 16 -0.120 -0.840 1.999
32 17 0.166 -0.491 2.410
32 18 0.322 -0.588 2.170
32 19 0.313 -0.816 2.140
32 20 0.324 -0.866 2.078
33 1 0.076 -0.422 2.396
33 2 0.072 -0.371 2.403
33 3 0.066 -0.115 2.392
33 4 0.082 0.078 2.345
33 5 -0.096 -0.206 2.369
33 6 -0.129 -0.405 2.273
33 7 -0.023 -0.513 2.135
33 8 0.039 -0.542 2.096
33 9 0.236 -0.211 2.420
33 10 0.299 -0.399 2.336
33 11 0.163 -0.504 2.140
33 12 0.092 -0.551 2.058
33 13 -0.008 -0.504 2.378
33 14 -0.134 -0.592 2.116
33 15 -0.132 -0.796 2.079
33 16 -0.120 -0.839 1.999
33 17 0.166 -0.491 2.410
33 18 0.322 -0.588 2.170
33 19 0.313 -0.816 2.140
33 20 0.323 -0.868 2.082
34 1 0.076 -0.422 2.396
34 2 0.073 -0.371 2.402
34 3 0.067 -0.115 2.390
34 4 0.084 0.077 2.342
34 5 -0.095 -0.206 2.368
34 6 -0.129 -0.405 2.272
34 7 -0.033 -0.515 2.137
34 8 0.033 -0.542 2.097
34 9 0.239 -0.212 2.417
34 10 0.300 -0.399 2.336
34 11 0.152 -0.489 2.142
34 12 0.092 -0.549 2.059
34 13 -0.008 -0.503 2.378
34 14 -0.134 -0.592 2.116
34 15 -0.130 -0.799 2.081
34 16 -0.120 -0.846 2.009
34 17 0.166 -0.491 2.410
34 18 0.322 -0.588 2.170
34 19 0.313 -0.816 2.140
34 20 0.322 -0.870 2.085
35 1 0.076 -0.421 2.396
35 2 0.073 -0.370 2.401
35 3 0.071 -0.117 2.385
35 4 0.088 0.075 2.336
35 5 -0.093 -0.206 2.365
35 6 -0.129 -0.405 2.270
35 7 -0.039 -0.515 2.137
35 8 0.029 -0.540 2.096
35 9 0.243 -0.213 2.412
35 10 0.301 -0.398 2.334
35 11 0.147 -0.481 2.142
35 12 0.092 -0.543 2.060
35 13 -0.008 -0.503 2.378
35 14 -0.134 -0.592 2.116
35 15 -0.128 -0.802 2.083
35 16 -0.121 -0.851 2.017
35 17 0.166 -0.491 2.410
35 18 0.321 -0.588 2.170
35 19 0.313 -0.816 2.140
35 20 0.321 -0.873 2.088
36 1 0.076 -0.421 2.395
36 2 0.074 -0.370 2.398
36 3 0.076 -0.121 2.373
36 4 0.093 0.071 2.325
36 5 -0.089 -0.206 2.356
36 6 -0.137 -0.404 2.257
36 7 -0.042 -0.513 2.134
36 8 0.027 -0.538 2.094
36 9 0.251 -0.216 2.400
36 10 0.310 -0.395 2.321
36 11 0.144 -0.475 2.140
36 12 0.121 -0.527 2.085
36 13 -0.008 -0.503 2.377
36 14 -0.133 -0.592 2.116
36 15 -0.126 -0.805 2.084
36 16 -0.123 -0.855 2.023
36 17 0.166 -0.491 2.410
36 18 0.321 -0.587 2.170
36 19 0.310 -0.817 2.143
36 20 0.321 -0.872 2.090
37 1 0.077 -0.420 2.393
37 2 0.076 -0.369 2.394
37 3 0.082 -0.124 2.361
37 4 0.099 0.067 2.307
37 5 -0.083 -0.208 2.340
37 6 -0.144 -0.402 2.245
37 7 -0.048 -0.509 2.123
37 8 0.023 -0.534 2.087
37 9 0.259 -0.219 2.384
37 10 0.321 -0.390 2.306
37 11 0.145 -0.470 2.134
37 12 0.127 -0.517 2.093
37 13 -0.008 -0.502 2.377
37 14 -0.132 -0.592 2.115
37 15 -0.124 -0.807 2.085
37 16 -0.124 -0.857 2.026
37 17 0.166 -0.491 2.410
37 18 0.321 -0.580 2.166
37 19 0.308 -0.817 2.145
37 20 0.320 -0.872 2.092
38 1 0.078 -0.420 2.389
38 2 0.078 -0.369 2.385
38 3 0.089 -0.130 2.339
38 4 0.104 0.063 2.283
38 5 -0.077 -0.210 2.321
38 6 -0.157 -0.394 2.210
38 7 -0.050 -0.501 2.101
38 8 0.022 -0.527 2.072
38 9 0.267 -0.224 2.363
38 10 0.338 -0.390 2.274
38 11 0.167 -0.472 2.105
38 12 0.126 -0.504 2.081
38 13 -0.009 -0.502 2.376
38 14 -0.127 -0.589 2.110
38 15 -0.123 -0.809 2.087
38 16 -0.125 -0.858 2.028
38 17 0.166 -0.491 2.409
38 18 0.321 -0.572 2.160
38 19 0.306 -0.817 2.147
38 20 0.319 -0.872 2.093
39 1 0.080 -0.420 2.377
39 2 0.082 -0.371 2.368
39 3 0.097 -0.140 2.311
39 4 0.111 0.052 2.243
39 5 -0.070 -0.215 2.296
39 6 -0.165 -0.392 2.176
39 7 -0.050 -0.491 2.064
39 8 0.024 -0.516 2.039
39 9 0.275 -0.230 2.334
39 10 0.347 -0.390 2.251
39 11 0.188 -0.470 2.090
39 12 0.095 -0.509 2.040
39 13 -0.009 -0.501 2.372
39 14 -0.121 -0.585 2.100
39 15 -0.121 -0.810 2.088
39 16 -0.126 -0.859 2.030
39 17 0.168 -0.492 2.403
39 18 0.323 -0.566 2.151
39 19 0.304 -0.818 2.149
39 20 0.312 -0.877 2.104
40 1 0.084 -0.422 2.366
40 2 0.087 -0.375 2.352
40 3 0.103 -0.148 2.279
40 4 0.116 0.043 2.214
40 5 -0.062 -0.222 2.259
40 6 -0.175 -0.392 2.134
40 7 -0.049 -0.491 2.036
40 8 0.025 -0.516 2.014
40 9 0.280 -0.238 2.303
40 10 0.354 -0.395 2.235
40 11 0.246 -0.484 2.078
40 12 0.161 -0.509 2.035
40 13 -0.008 -0.501 2.367
40 14 -0.116 -0.578 2.090
40 15 -0.120 -0.812 2.088
40 16 -0.125 -0.861 2.031
40 17 0.170 -0.495 2.395
40 18 0.323 -0.562 2.140
40 19 0.299 -0.822 2.157
40 20 0.302 -0.888 2.123
41 1 0.087 -0.427 2.352
41 2 0.091 -0.380 2.335
41 3 0.107 -0.156 2.247
41 4 0.124 0.033 2.178
41 5 -0.056 -0.229 2.230
41 6 -0.179 -0.393 2.111
41 7 -0.051 -0.493 2.011
41 8 0.023 -0.517 1.989
41 9 0.284 -0.244 2.272
41 10 0.352 -0.403 2.194
41 11 0.189 -0.482 2.037
41 12 0.115 -0.519 1.993
41 13 -0.007 -0.504 2.359
41 14 -0.109 -0.564 2.074
41 15 -0.117 -0.813 2.088
41 16 -0.125 -0.862 2.031
41 17 0.172 -0.497 2.388
41 18 0.317 -0.556 2.123
41 19 0.295 -0.827 2.163
41 20 0.298 -0.894 2.131
42 1 0.091 -0.433 2.334
42 2 0.095 -0.387 2.315
42 3 0.111 -0.159 2.215
42 4 0.131 0.030 2.151
42 5 -0.049 -0.232 2.200
42 6 -0.180 -0.393 2.097
42 7 -0.052 -0.497 1.998
42 8 0.020 -0.523 1.972
42 9 0.287 -0.248 2.244
42 10 0.350 -0.411 2.173
42 11 0.173 -0.487 2.013
42 12 0.091 -0.530 1.963
42 13 -0.003 -0.508 2.347
42 14 -0.099 -0.613 2.074
42 15 -0.087 -0.875 2.113
42 16 -0.086 -0.926 2.047
42 17 0.175 -0.503 2.375
42 18 0.315 -0.550 2.105
42 19 0.292 -0.831 2.167
42 20 0.296 -0.897 2.135
43 1 0.096 -0.437 2.319
43 2 0.099 -0.390 2.297
43 3 0.114 -0.158 2.186
43 4 0.138 0.031 2.121
43 5 -0.045 -0.230 2.178
43 6 -0.181 -0.393 2.086
43 7 -0.059 -0.508 1.987
43 8 0.011 -0.537 1.958
43 9 0.290 -0.247 2.219
43 10 0.344 -0.415 2.153
43 11 0.168 -0.488 2.004
43 12 0.112 -0.524 1.958
43 13 0.003 -0.510 2.335
43 14 -0.093 -0.633 2.073
43 15 -0.075 -0.903 2.124
43 16 -0.071 -0.957 2.055
43 17 0.178 -0.506 2.362
43 18 0.311 -0.542 2.087
43 19 0.308 -0.837 2.130
43 20 0.314 -0.897 2.076
44 1 0.102 -0.436 2.302
44 2 0.104 -0.388 2.278
44 3 0.115 -0.146 2.157
44 4 0.143 0.041 2.094
44 5 -0.043 -0.215 2.150
44 6 -0.179 -0.392 2.078
44 7 -0.034 -0.533 1.957
44 8 0.041 -0.551 1.938
44 9 0.290 -0.235 2.191
44 10 0.336 -0.415 2.135
44 11 0.164 -0.494 1.993
44 12 0.119 -0.530 1.951
44 13 0.011 -0.509 2.322
44 14 -0.090 -0.645 2.072
44 15 -0.069 -0.918 2.128
44 16 -0.062 -0.974 2.058
44 17 0.183 -0.502 2.338
44 18 0.303 -0.627 2.095
44 19 0.315 -0.868 2.119
44 20 0.319 -0.912 2.059
45 1 0.106 -0.423 2.279
45 2 0.108 -0.372 2.253
45 3 0.116 -0.122 2.128
45 4 0.143 0.066 2.063
45 5 -0.043 -0.197 2.129
45 6 -0.172 -0.391 2.076
45 7 -0.023 -0.544 1.943
45 8 0.054 -0.558 1.928
45 9 0.288 -0.206 2.166
45 10 0.328 -0.404 2.118
45 11 0.169 -0.492 1.988
45 12 0.131 -0.529 1.950
45 13 0.020 -0.494 2.298
45 14 -0.072 -0.684 2.087
45 15 -0.079 -0.962 2.127
45 16 -0.070 -1.019 2.055
45 17 0.186 -0.490 2.318
45 18 0.297 -0.664 2.101
45 19 0.317 -0.882 2.118
45 20 0.321 -0.921 2.051
46 1 0.102 -0.390 2.255
46 2 0.104 -0.337 2.229
46 3 0.110 -0.079 2.102
46 4 0.139 0.096 2.039
46 5 -0.048 -0.156 2.105
46 6 -0.157 -0.364 2.068
46 7 -0.048 -0.515 1.949
46 8 0.029 -0.539 1.931
46 9 0.284 -0.177 2.151
46 10 0.318 -0.378 2.103
46 11 0.171 -0.487 1.982
46 12 0.133 -0.528 1.946
46 13 0.022 -0.461 2.275
46 14 -0.066 -0.667 2.070
46 15 -0.078 -0.958 2.123
46 16 -0.068 -1.016 2.051
46 17 0.178 -0.456 2.297
46 18 0.290 -0.682 2.117
46 19 0.291 -0.915 2.174
46 20 0.298 -0.961 2.102
47 1 0.098 -0.336 2.237
47 2 0.098 -0.284 2.210
47 3 0.101 -0.028 2.084
47 4 0.132 0.142 2.017
47 5 -0.057 -0.106 2.084
47 6 -0.149 -0.334 2.064
47 7 -0.071 -0.485 1.952
47 8 -0.000 -0.518 1.933
47 9 0.277 -0.122 2.136
47 10 0.313 -0.335 2.093
47 11 0.166 -0.480 1.971
47 12 0.128 -0.515 1.938
47 13 0.025 -0.405 2.259
47 14 -0.065 -0.658 2.060
47 15 -0.079 -0.941 2.100
47 16 -0.068 -1.000 2.029
47 17 0.168 -0.405 2.278
47 18 0.278 -0.669 2.142
47 19 0.288 -0.926 2.184
47 20 0.295 -0.975 2.110
48 1 0.086 -0.278 2.216
48 2 0.087 -0.225 2.191
48 3 0.091 0.035 2.073
48 4 0.124 0.202 2.007
48 5 -0.066 -0.049 2.070
48 6 -0.149 -0.280 2.058
48 7 -0.096 -0.437 1.954
48 8 -0.038 -0.487 1.929
48 9 0.268 -0.054 2.128
48 10 0.310 -0.274 2.090
48 11 0.173 -0.449 1.966
48 12 0.131 -0.503 1.933
48 13 0.015 -0.350 2.236
48 14 -0.062 -0.646 2.052
48 15 -0.082 -0.923 2.080
48 16 -0.069 -0.980 2.009
48 17 0.156 -0.346 2.257
48 18 0.269 -0.629 2.144
48 19 0.288 -0.859 2.160
48 20 0.278 -0.919 2.149
49 1 0.079 -0.215 2.200
49 2 0.079 -0.167 2.179
49 3 0.086 0.063 2.071
49 4 0.111 0.268 2.005
49 5 -0.078 0.012 2.061
49 6 -0.161 -0.218 2.047
49 7 -0.116 -0.393 1.955
49 8 -0.083 -0.447 1.925
49 9 0.258 0.014 2.123
49 10 0.311 -0.222 2.089
49 11 0.202 -0.393 1.968
49 12 0.170 -0.450 1.946
49 13 0.008 -0.285 2.218
49 14 -0.042 -0.599 2.048
49 15 -0.080 -0.832 2.050
49 16 -0.051 -0.894 2.029
49 17 0.148 -0.287 2.241
49 18 0.263 -0.563 2.130
49 19 0.288 -0.781 2.129
49 20 0.261 -0.847 2.159
50 1 0.077 -0.162 2.185
50 2 0.077 -0.116 2.167
50 3 0.078 0.108 2.078
50 4 0.103 0.333 2.011
50 5 -0.088 0.073 2.055
50 6 -0.171 -0.164 2.041
50 7 -0.129 -0.358 1.955
50 8 -0.113 -0.409 1.923
50 9 0.249 0.077 2.119
50 10 0.308 -0.162 2.093
50 11 0.240 -0.328 1.981
50 12 0.207 -0.387 1.949
50 13 0.006 -0.233 2.199
50 14 -0.031 -0.573 2.046
50 15 -0.077 -0.783 2.032
50 16 -0.029 -0.843 2.032
50 17 0.148 -0.236 2.221
50 18 0.259 -0.551 2.130
50 19 0.286 -0.766 2.125
50 20 0.280 -0.832 2.101
51 1 0.073 -0.112 2.164
51 2 0.072 -0.066 2.150
51 3 0.069 0.160 2.083
51 4 0.095 0.396 2.018
51 5 -0.100 0.135 2.050
51 6 -0.180 -0.108 2.038
51 7 -0.150 -0.302 1.970
51 8 -0.137 -0.365 1.932
51 9 0.239 0.136 2.115
51 10 0.302 -0.113 2.097
51 11 0.273 -0.274 1.988
51 12 0.245 -0.339 1.949
51 13 0.002 -0.184 2.172
51 14 -0.025 -0.548 2.045
51 15 -0.075 -0.758 2.023
51 16 -0.024 -0.821 2.036
51 17 0.147 -0.189 2.196
51 18 0.252 -0.542 2.129
51 19 0.282 -0.766 2.130
51 20 0.283 -0.819 2.083
52 1 0.067 -0.069 2.141
52 2 0.065 -0.023 2.131
52 3 0.058 0.210 2.084
52 4 0.086 0.451 2.027
52 5 -0.111 0.194 2.047
52 6 -0.195 -0.050 2.035
52 7 -0.162 -0.264 1.978
52 8 -0.157 -0.328 1.948
52 9 0.229 0.189 2.109
52 10 0.292 -0.065 2.101
52 11 0.292 -0.228 1.999
52 12 0.272 -0.294 1.952
52 13 -0.006 -0.142 2.140
52 14 -0.022 -0.533 2.044
52 15 -0.073 -0.744 2.018
52 16 -0.021 -0.809 2.038
52 17 0.143 -0.149 2.169
52 18 0.244 -0.535 2.127
52 19 0.276 -0.770 2.136
52 20 0.285 -0.818 2.071
53 1 0.060 -0.033 2.117
53 2 0.059 0.012 2.112
53 3 0.050 0.244 2.084
53 4 0.077 0.488 2.035
53 5 -0.123 0.244 2.045
53 6 -0.212 0.004 2.035
53 7 -0.170 -0.222 1.996
53 8 -0.168 -0.299 1.962
53 9 0.222 0.226 2.104
53 10 0.283 -0.027 2.099
53 11 0.299 -0.197 2.005
53 12 0.286 -0.266 1.956
53 13 -0.013 -0.107 2.107
53 14 -0.024 -0.510 2.041
53 15 -0.072 -0.741 2.017
53 16 -0.023 -0.808 2.040
53 17 0.138 -0.112 2.137
53 18 0.229 -0.523 2.121
53 19 0.269 -0.781 2.140
53 20 0.283 -0.822 2.061
54 1 0.053 -0.005 2.096
54 2 0.051 0.041 2.093
54 3 0.042 0.276 2.080
54 4 0.067 0.521 2.043
54 5 -0.131 0.282 2.044
54 6 -0.220 0.042 2.035
54 7 -0.176 -0.179 2.005
54 8 -0.176 -0.251 1.978
54 9 0.216 0.251 2.100
54 10 0.279 0.000 2.097
54 11 0.299 -0.168 2.005
54 12 0.293 -0.242 1.958
54 13 -0.021 -0.077 2.077
54 14 -0.028 -0.494 2.038
54 15 -0.071 -0.745 2.019
54 16 -0.034 -0.819 2.045
54 17 0.131 -0.086 2.112
54 18 0.204 -0.501 2.102
54 19 0.259 -0.792 2.142
54 20 0.290 -0.851 2.100
55 1 0.045 0.015 2.078
55 2 0.044 0.061 2.077
55 3 0.036 0.296 2.077
55 4 0.062 0.541 2.045
55 5 -0.135 0.302 2.042
55 6 -0.227 0.066 2.033
55 7 -0.178 -0.157 2.007
55 8 -0.180 -0.218 1.981
55 9 0.211 0.272 2.095
55 10 0.276 0.029 2.093
55 11 0.297 -0.144 2.000
55 12 0.297 -0.198 1.956
55 13 -0.029 -0.059 2.055
55 14 -0.035 -0.478 2.034
55 15 -0.073 -0.755 2.026
55 16 -0.054 -0.815 1.994
55 17 0.124 -0.067 2.091
55 18 0.181 -0.477 2.069
55 19 0.237 -0.780 2.123
55 20 0.262 -0.828 2.058
56 1 0.039 0.031 2.059
56 2 0.037 0.078 2.061
56 3 0.030 0.314 2.071
56 4 0.056 0.557 2.047
56 5 -0.139 0.317 2.038
56 6 -0.233 0.081 2.031
56 7 -0.177 -0.139 2.000
56 8 -0.173 -0.192 1.971
56 9 0.207 0.289 2.091
56 10 0.275 0.047 2.091
56 11 0.296 -0.123 1.990
56 12 0.301 -0.175 1.953
56 13 -0.035 -0.044 2.034
56 14 -0.045 -0.460 2.029
56 15 -0.074 -0.755 2.031
56 16 -0.068 -0.800 1.963
56 17 0.117 -0.051 2.070
56 18 0.163 -0.453 2.027
56 19 0.217 -0.760 2.083
56 20 0.238 -0.800 2.006
57 1 0.033 0.042 2.043
57 2 0.032 0.089 2.048
57 3 0.026 0.326 2.064
57 4 0.052 0.569 2.048
57 5 -0.143 0.328 2.031
57 6 -0.236 0.092 2.029
57 7 -0.168 -0.117 1.969
57 8 -0.162 -0.171 1.957
57 9 0.204 0.300 2.087
57 10 0.274 0.061 2.087
57 11 0.298 -0.104 1.982
57 12 0.301 -0.156 1.948
57 13 -0.041 -0.034 2.017
57 14 -0.052 -0.448 2.025
57 15 -0.076 -0.753 2.036
57 16 -0.073 -0.792 1.952
57 17 0.111 -0.040 2.051
57 18 0.150 -0.435 1.982
57 19 0.199 -0.738 2.044
57 20 0.216 -0.773 1.959
58 1 0.028 0.049 2.027
58 2 0.027 0.096 2.035
58 3 0.021 0.333 2.056
58 4 0.048 0.576 2.047
58 5 -0.147 0.335 2.021
58 6 -0.239 0.099 2.022
58 7 -0.161 -0.108 1.945
58 8 -0.150 -0.162 1.934
58 9 0.201 0.309 2.082
58 10 0.274 0.070 2.083
58 11 0.296 -0.088 1.968
58 12 0.296 -0.137 1.936
58 13 -0.045 -0.028 1.998
58 14 -0.058 -0.438 2.022
58 15 -0.077 -0.749 2.042
58 16 -0.074 -0.782 1.947
58 17 0.106 -0.032 2.033
58 18 0.141 -0.423 1.943
58 19 0.181 -0.740 1.994
58 20 0.197 -0.773 1.906
59 1 0.024 0.054 2.008
59 2 0.023 0.100 2.021
59 3 0.017 0.336 2.045
59 4 0.042 0.581 2.044
59 5 -0.152 0.338 2.009
59 6 -0.241 0.100 2.004
59 7 -0.157 -0.109 1.912
59 8 -0.146 -0.163 1.916
59 9 0.198 0.314 2.076
59 10 0.273 0.078 2.075
59 11 0.289 -0.075 1.950
59 12 0.288 -0.126 1.922
59 13 -0.048 -0.025 1.975
59 14 -0.062 -0.431 2.019
59 15 -0.077 -0.743 2.046
59 16 -0.072 -0.771 1.948
59 17 0.102 -0.028 2.014
59 18 0.135 -0.417 1.911
59 19 0.161 -0.735 1.942
59 20 0.176 -0.766 1.854
60 1 0.021 0.056 1.989
60 2 0.019 0.102 2.006
60 3 0.013 0.336 2.030
60 4 0.033 0.582 2.036
60 5 -0.156 0.339 1.992
60 6 -0.243 0.099 1.983
60 7 -0.154 -0.116 1.880
60 8 -0.148 -0.170 1.894
60 9 0.195 0.318 2.068
60 10 0.273 0.082 2.067
60 11 0.284 -0.068 1.939
60 12 0.277 -0.118 1.906
60 13 -0.051 -0.024 1.951
60 14 -0.065 -0.425 2.015
60 15 -0.077 -0.736 2.049
60 16 -0.068 -0.761 1.951
60 17 0.099 -0.026 1.996
60 18 0.130 -0.413 1.888
60 19 0.143 -0.720 1.885
60 20 0.160 -0.751 1.799
61 1 0.018 0.055 1.965
61 2 0.014 0.099 1.987
61 3 0.008 0.332 2.011
61 4 0.026 0.581 2.024
61 5 -0.160 0.338 1.975
61 6 -0.244 0.096 1.961
61 7 -0.153 -0.124 1.857
61 8 -0.151 -0.183 1.868
61 9 0.190 0.319 2.055
61 10 0.269 0.083 2.053
61 11 0.276 -0.067 1.925
61 12 0.271 -0.116 1.896
61 13 -0.053 -0.026 1.927
61 14 -0.069 -0.422 2.009
61 15 -0.076 -0.730 2.051
61 16 -0.064 -0.755 1.954
61 17 0.096 -0.027 1.970
61 18 0.126 -0.413 1.870
61 19 0.126 -0.699 1.828
61 20 0.143 -0.730 1.744
62 1 0.016 0.050 1.940
62 2 0.010 0.094 1.964
62 3 0.004 0.325 1.988
62 4 0.019 0.575 2.009
62 5 -0.161 0.333 1.952
62 6 -0.245 0.090 1.936
62 7 -0.155 -0.130 1.841
62 8 -0.161 -0.192 1.847
62 9 0.185 0.319 2.039
62 10 0.260 0.078 2.028
62 11 0.265 -0.073 1.907
62 12 0.264 -0.120 1.882
62 13 -0.054 -0.029 1.904
62 14 -0.071 -0.420 2.001
62 15 -0.075 -0.726 2.051
62 16 -0.060 -0.750 1.956
62 17 0.092 -0.030 1.944
62 18 0.122 -0.416 1.856
62 19 0.117 -0.682 1.791
62 20 0.136 -0.715 1.710
63 1 0.014 0.045 1.915
63 2 0.007 0.087 1.942
63 3 0.001 0.320 1.969
63 4 0.013 0.570 1.990
63 5 -0.162 0.328 1.935
63 6 -0.244 0.084 1.912
63 7 -0.160 -0.135 1.826
63 8 -0.169 -0.199 1.824
63 9 0.181 0.316 2.019
63 10 0.253 0.073 2.010
63 11 0.260 -0.081 1.896
63 12 0.255 -0.129 1.862
63 13 -0.054 -0.034 1.879
63 14 -0.074 -0.420 1.987
63 15 -0.074 -0.722 2.051
63 16 -0.058 -0.747 1.957
63 17 0.090 -0.035 1.917
63 18 0.118 -0.422 1.845
63 19 0.113 -0.670 1.768
63 20 0.132 -0.704 1.688
64 1 0.015 0.038 1.891
64 2 0.007 0.079 1.920
64 3 0.001 0.315 1.947
64 4 0.010 0.566 1.969
64 5 -0.161 0.322 1.913
64 6 -0.243 0.079 1.892
64 7 -0.165 -0.140 1.809
64 8 -0.173 -0.202 1.797
64 9 0.178 0.312 1.995
64 10 0.247 0.066 1.990
64 11 0.255 -0.105 1.869
64 12 0.244 -0.151 1.832
64 13 -0.053 -0.039 1.856
64 14 -0.075 -0.423 1.967
64 15 -0.073 -0.762 2.057
64 16 -0.054 -0.792 1.971
64 17 0.091 -0.041 1.891
64 18 0.113 -0.430 1.837
64 19 0.110 -0.663 1.754
64 20 0.129 -0.696 1.674
65 1 0.018 0.031 1.868
65 2 0.010 0.072 1.899
65 3 0.003 0.309 1.924
65 4 0.012 0.560 1.944
65 5 -0.159 0.316 1.894
65 6 -0.242 0.073 1.873
65 7 -0.172 -0.149 1.785
65 8 -0.174 -0.209 1.765
65 9 0.178 0.308 1.969
65 10 0.244 0.062 1.974
65 11 0.253 -0.117 1.857
65 12 0.241 -0.161 1.818
65 13 -0.050 -0.044 1.834
65 14 -0.073 -0.430 1.940
65 15 -0.070 -0.781 2.054
65 16 -0.050 -0.815 1.972
65 17 0.094 -0.047 1.868
65 18 0.109 -0.438 1.827
65 19 0.107 -0.658 1.744
65 20 0.127 -0.692 1.664
66 1 0.023 0.026 1.849
66 2 0.014 0.067 1.880
66 3 0.007 0.305 1.904
66 4 0.015 0.556 1.921
66 5 -0.155 0.310 1.874
66 6 -0.239 0.068 1.855
66 7 -0.175 -0.153 1.765
66 8 -0.170 -0.211 1.741
66 9 0.179 0.306 1.946
66 10 0.245 0.060 1.963
66 11 0.252 -0.124 1.848
66 12 0.243 -0.170 1.809
66 13 -0.045 -0.049 1.814
66 14 -0.070 -0.437 1.908
66 15 -0.067 -0.789 2.038
66 16 -0.048 -0.823 1.959
66 17 0.098 -0.050 1.849
66 18 0.105 -0.447 1.811
66 19 0.107 -0.657 1.736
66 20 0.115 -0.705 1.673
67 1 0.029 0.023 1.829
67 2 0.021 0.064 1.861
67 3 0.014 0.302 1.882
67 4 0.021 0.553 1.897
67 5 -0.149 0.306 1.854
67 6 -0.237 0.064 1.839
67 7 -0.176 -0.151 1.744
67 8 -0.142 -0.202 1.701
67 9 0.184 0.306 1.924
67 10 0.254 0.061 1.945
67 11 0.255 -0.131 1.835
67 12 0.251 -0.186 1.788
67 13 -0.038 -0.052 1.796
67 14 -0.067 -0.444 1.873
67 15 -0.065 -0.779 2.001
67 16 -0.046 -0.815 1.923
67 17 0.105 -0.053 1.827
67 18 0.105 -0.454 1.790
67 19 0.109 -0.658 1.729
67 20 0.104 -0.667 1.666
68 1 0.038 0.022 1.807
68 2 0.030 0.062 1.841
68 3 0.021 0.301 1.862
68 4 0.029 0.553 1.871
68 5 -0.144 0.304 1.837
68 6 -0.231 0.063 1.820
68 7 -0.176 -0.146 1.722
68 8 -0.135 -0.198 1.682
68 9 0.193 0.306 1.895
68 10 0.267 0.063 1.914
68 11 0.258 -0.138 1.809
68 12 0.256 -0.195 1.773
68 13 -0.030 -0.054 1.775
68 14 -0.066 -0.450 1.830
68 15 -0.063 -0.772 1.970
68 16 -0.075 -0.827 1.952
68 17 0.115 -0.053 1.804
68 18 0.110 -0.457 1.763
68 19 0.113 -0.662 1.723
68 20 0.094 -0.648 1.661
69 1 0.046 0.022 1.786
69 2 0.038 0.062 1.821
69 3 0.028 0.303 1.843
69 4 0.038 0.555 1.847
69 5 -0.138 0.305 1.821
69 6 -0.227 0.063 1.805
69 7 -0.171 -0.139 1.697
69 8 -0.126 -0.190 1.662
69 9 0.200 0.308 1.869
69 10 0.277 0.064 1.883
69 11 0.262 -0.142 1.784
69 12 0.261 -0.205 1.747
69 13 -0.023 -0.054 1.756
69 14 -0.065 -0.452 1.792
69 15 -0.065 -0.755 1.918
69 16 -0.070 -0.802 1.877
69 17 0.123 -0.052 1.781
69 18 0.115 -0.458 1.745
69 19 0.117 -0.665 1.715
69 20 0.087 -0.626 1.662
70 1 0.052 0.024 1.766
70 2 0.045 0.064 1.802
70 3 0.036 0.306 1.822
70 4 0.046 0.559 1.825
70 5 -0.133 0.309 1.806
70 6 -0.221 0.067 1.791
70 7 -0.164 -0.131 1.675
70 8 -0.119 -0.182 1.644
70 9 0.206 0.310 1.846
70 10 0.285 0.067 1.856
70 11 0.266 -0.144 1.759
70 12 0.265 -0.210 1.727
70 13 -0.017 -0.052 1.738
70 14 -0.063 -0.453 1.741
70 15 -0.071 -0.730 1.854
70 16 -0.069 -0.770 1.791
70 17 0.130 -0.050 1.759
70 18 0.120 -0.458 1.732
70 19 0.120 -0.667 1.710
70 20 0.086 -0.618 1.657
71 1 0.057 0.027 1.748
71 2 0.051 0.067 1.784
71 3 0.043 0.309 1.804
71 4 0.054 0.562 1.803
71 5 -0.128 0.313 1.793
71 6 -0.213 0.071 1.774
71 7 -0.157 -0.126 1.653
71 8 -0.110 -0.173 1.624
71 9 0.212 0.313 1.825
71 10 0.291 0.069 1.826
71 11 0.270 -0.144 1.735
71 12 0.270 -0.215 1.700
71 13 -0.012 -0.049 1.721
71 14 -0.065 -0.451 1.702
71 15 -0.074 -0.674 1.771
71 16 -0.068 -0.709 1.692
71 17 0.135 -0.046 1.738
71 18 0.124 -0.457 1.722
71 19 0.121 -0.668 1.705
71 20 0.083 -0.613 1.656
72 1 0.061 0.030 1.729
72 2 0.056 0.069 1.766
72 3 0.049 0.312 1.785
72 4 0.060 0.565 1.780
72 5 -0.124 0.317 1.778
72 6 -0.208 0.073 1.761
72 7 -0.150 -0.123 1.635
72 8 -0.115 -0.168 1.602
72 9 0.218 0.315 1.805
72 10 0.295 0.070 1.799
72 11 0.273 -0.146 1.709
72 12 0.273 -0.216 1.682
72 13 -0.009 -0.046 1.703
72 14 -0.067 -0.447 1.655
72 15 -0.076 -0.638 1.707
72 16 -0.067 -0.669 1.619
72 17 0.139 -0.044 1.718
72 18 0.128 -0.455 1.715
72 19 0.123 -0.669 1.702
72 20 0.066 -0.621 1.672
73 1 0.064 0.032 1.711
73 2 0.059 0.072 1.750
73 3 0.053 0.314 1.768
73 4 0.064 0.567 1.761
73 5 -0.121 0.320 1.766
73 6 -0.204 0.076 1.751
73 7 -0.147 -0.120 1.622
73 8 -0.119 -0.166 1.588
73 9 0.221 0.315 1.782
73 10 0.297 0.071 1.778
73 11 0.275 -0.147 1.687
73 12 0.275 -0.215 1.659
73 13 -0.007 -0.043 1.686
73 14 -0.067 -0.444 1.623
73 15 -0.080 -0.630 1.646
73 16 -0.070 -0.657 1.567
73 17 0.140 -0.042 1.700
73 18 0.131 -0.454 1.709
73 19 0.124 -0.670 1.700
73 20 0.059 -0.627 1.676
74 1 0.064 0.033 1.694
74 2 0.061 0.073 1.733
74 3 0.056 0.316 1.751
74 4 0.065 0.569 1.741
74 5 -0.118 0.322 1.751
74 6 -0.201 0.077 1.742
74 7 -0.146 -0.118 1.612
74 8 -0.128 -0.163 1.575
74 9 0.223 0.315 1.763
74 10 0.297 0.070 1.754
74 11 0.274 -0.145 1.662
74 12 0.275 -0.214 1.640
74 13 -0.007 -0.040 1.671
74 14 -0.067 -0.441 1.591
74 15 -0.085 -0.634 1.598
74 16 -0.074 -0.655 1.524
74 17 0.140 -0.042 1.682
74 18 0.133 -0.453 1.704
74 19 0.125 -0.671 1.698
74 20 0.061 -0.626 1.674
75 1 0.063 0.034 1.678
75 2 0.061 0.074 1.718
75 3 0.056 0.318 1.735
75 4 0.065 0.571 1.722
75 5 -0.116 0.324 1.738
75 6 -0.198 0.078 1.732
75 7 -0.146 -0.118 1.603
75 8 -0.135 -0.163 1.565
75 9 0.224 0.315 1.747
75 10 0.297 0.069 1.736
75 11 0.275 -0.143 1.644
75 12 0.276 -0.212 1.625
75 13 -0.008 -0.038 1.656
75 14 -0.067 -0.439 1.568
75 15 -0.084 -0.635 1.567
75 16 -0.076 -0.656 1.494
75 17 0.138 -0.042 1.666
75 18 0.135 -0.452 1.700
75 19 0.125 -0.671 1.697
75 20 0.089 -0.624 1.654
76 1 0.061 0.034 1.664
76 2 0.060 0.074 1.704
76 3 0.056 0.320 1.719
76 4 0.063 0.572 1.704
76 5 -0.115 0.326 1.723
76 6 -0.195 0.080 1.719
76 7 -0.147 -0.119 1.593
76 8 -0.141 -0.166 1.557
76 9 0.222 0.314 1.724
76 10 0.295 0.067 1.716
76 11 0.275 -0.141 1.626
76 12 0.277 -0.208 1.606
76 13 -0.010 -0.037 1.643
76 14 -0.066 -0.437 1.549
76 15 -0.086 -0.637 1.533
76 16 -0.079 -0.659 1.456
76 17 0.136 -0.042 1.652
76 18 0.136 -0.452 1.695
76 19 0.126 -0.671 1.696
76 20 0.101 -0.622 1.645
77 1 0.058 0.035 1.649
77 2 0.057 0.075 1.689
77 3 0.053 0.321 1.701
77 4 0.060 0.574 1.685
77 5 -0.116 0.327 1.708
77 6 -0.192 0.081 1.705
77 7 -0.149 -0.121 1.585
77 8 -0.147 -0.169 1.550
77 9 0.220 0.314 1.706
77 10 0.290 0.066 1.693
77 11 0.277 -0.138 1.607
77 12 0.278 -0.204 1.589
77 13 -0.014 -0.036 1.629
77 14 -0.065 -0.436 1.535
77 15 -0.088 -0.641 1.511
77 16 -0.082 -0.662 1.429
77 17 0.132 -0.043 1.638
77 18 0.136 -0.451 1.688
77 19 0.127 -0.672 1.692
77 20 0.148 -0.622 1.634
78 1 0.054 0.035 1.635
78 2 0.053 0.076 1.674
78 3 0.049 0.323 1.683
78 4 0.055 0.575 1.663
78 5 -0.118 0.328 1.688
78 6 -0.191 0.081 1.689
78 7 -0.151 -0.124 1.578
78 8 -0.153 -0.174 1.544
78 9 0.217 0.314 1.688
78 10 0.287 0.065 1.677
78 11 0.279 -0.133 1.587
78 12 0.279 -0.199 1.573
78 13 -0.018 -0.035 1.615
78 14 -0.063 -0.435 1.524
78 15 -0.088 -0.645 1.491
78 16 -0.084 -0.666 1.408
78 17 0.128 -0.043 1.624
78 18 0.134 -0.450 1.680
78 19 0.128 -0.672 1.690
78 20 0.168 -0.629 1.623
79 1 0.050 0.035 1.620
79 2 0.049 0.076 1.660
79 3 0.045 0.323 1.665
79 4 0.050 0.575 1.643
79 5 -0.122 0.327 1.666
79 6 -0.190 0.080 1.672
79 7 -0.155 -0.128 1.572
79 8 -0.158 -0.178 1.539
79 9 0.213 0.314 1.669
79 10 0.284 0.065 1.662
79 11 0.280 -0.130 1.573
79 12 0.280 -0.194 1.557
79 13 -0.022 -0.035 1.601
79 14 -0.062 -0.435 1.517
79 15 -0.088 -0.648 1.478
79 16 -0.084 -0.669 1.394
79 17 0.124 -0.043 1.611
79 18 0.132 -0.449 1.671
79 19 0.128 -0.671 1.687
79 20 0.179 -0.634 1.616
80 1 0.046 0.034 1.605
80 2 0.044 0.075 1.644
80 3 0.040 0.322 1.646
80 4 0.045 0.575 1.624
80 5 -0.126 0.325 1.646
80 6 -0.192 0.078 1.653
80 7 -0.159 -0.131 1.566
80 8 -0.163 -0.183 1.535
80 9 0.209 0.313 1.653
80 10 0.280 0.064 1.644
80 11 0.281 -0.127 1.562
80 12 0.281 -0.190 1.544
80 13 -0.026 -0.036 1.586
80 14 -0.061 -0.436 1.512
80 15 -0.087 -0.651 1.469
80 16 -0.084 -0.672 1.384
80 17 0.120 -0.044 1.597
80 18 0.129 -0.449 1.661
80 19 0.129 -0.671 1.684
80 20 0.184 -0.636 1.612
81 1 0.041 0.032 1.588
81 2 0.040 0.074 1.627
81 3 0.035 0.320 1.626
81 4 0.039 0.573 1.604
81 5 -0.132 0.321 1.622
81 6 -0.196 0.073 1.629
81 7 -0.165 -0.134 1.560
81 8 -0.170 -0.196 1.527
81 9 0.206 0.313 1.638
81 10 0.278 0.064 1.631
81 11 0.280 -0.124 1.550
81 12 0.281 -0.187 1.535
81 13 -0.031 -0.039 1.569
81 14 -0.059 -0.437 1.510
81 15 -0.087 -0.654 1.464
81 16 -0.083 -0.676 1.378
81 17 0.117 -0.045 1.582
81 18 0.126 -0.449 1.650
81 19 0.126 -0.671 1.675
81 20 0.187 -0.635 1.611
82 1 0.036 0.029 1.569
82 2 0.034 0.071 1.608
82 3 0.030 0.316 1.606
82 4 0.032 0.569 1.584
82 5 -0.139 0.316 1.599
82 6 -0.202 0.066 1.605
82 7 -0.174 -0.139 1.551
82 8 -0.177 -0.209 1.520
82 9 0.203 0.311 1.624
82 10 0.275 0.063 1.617
82 11 0.279 -0.123 1.540
82 12 0.281 -0.185 1.528
82 13 -0.036 -0.044 1.548
82 14 -0.058 -0.440 1.508
82 15 -0.086 -0.658 1.460
82 16 -0.081 -0.682 1.375
82 17 0.112 -0.048 1.563
82 18 0.123 -0.451 1.634
82 19 0.119 -0.671 1.663
82 20 0.177 -0.630 1.610
83 1 0.031 0.026 1.549
83 2 0.027 0.067 1.588
83 3 0.022 0.312 1.586
83 4 0.026 0.566 1.568
83 5 -0.148 0.309 1.573
83 6 -0.210 0.057 1.578
83 7 -0.186 -0.147 1.537
83 8 -0.185 -0.222 1.512
83 9 0.198 0.309 1.609
83 10 0.272 0.061 1.605
83 11 0.276 -0.124 1.526
83 12 0.281 -0.184 1.518
83 13 -0.041 -0.050 1.527
83 14 -0.056 -0.443 1.503
83 15 -0.085 -0.661 1.454
83 16 -0.080 -0.688 1.369
83 17 0.108 -0.051 1.546
83 18 0.121 -0.454 1.613
83 19 0.103 -0.673 1.645
83 20 0.158 -0.626 1.605
84 1 0.025 0.023 1.530
84 2 0.020 0.064 1.569
84 3 0.014 0.309 1.567
84 4 0.018 0.562 1.544
84 5 -0.157 0.303 1.551
84 6 -0.218 0.050 1.558
84 7 -0.197 -0.155 1.524
84 8 -0.192 -0.232 1.504
84 9 0.190 0.308 1.591
84 10 0.265 0.059 1.590
84 11 0.271 -0.127 1.512
84 12 0.279 -0.185 1.507
84 13 -0.047 -0.054 1.506
84 14 -0.057 -0.449 1.486
84 15 -0.084 -0.665 1.449
84 16 -0.079 -0.694 1.363
84 17 0.103 -0.053 1.528
84 18 0.113 -0.460 1.576
84 19 0.097 -0.675 1.628
84 20 0.122 -0.671 1.549
85 1 0.018 0.021 1.510
85 2 0.012 0.062 1.549
85 3 0.004 0.306 1.547
85 4 0.012 0.560 1.528
85 5 -0.166 0.298 1.528
85 6 -0.226 0.045 1.536
85 7 -0.208 -0.162 1.508
85 8 -0.200 -0.241 1.493
85 9 0.181 0.306 1.574
85 10 0.257 0.057 1.574
85 11 0.267 -0.129 1.502
85 12 0.277 -0.186 1.495
85 13 -0.053 -0.056 1.486
85 14 -0.059 -0.453 1.467
85 15 -0.085 -0.668 1.441
85 16 -0.078 -0.699 1.356
85 17 0.097 -0.055 1.509
85 18 0.109 -0.462 1.558
85 19 0.093 -0.677 1.609
85 20 0.105 -0.694 1.513
86 1 0.011 0.020 1.491
86 2 0.003 0.061 1.531
86 3 -0.005 0.305 1.529
86 4 0.004 0.556 1.510
86 5 -0.175 0.296 1.508
86 6 -0.236 0.043 1.514
86 7 -0.220 -0.168 1.485
86 8 -0.210 -0.246 1.475
86 9 0.173 0.306 1.560
86 10 0.243 0.056 1.554
86 11 0.262 -0.132 1.491
86 12 0.274 -0.188 1.486
86 13 -0.060 -0.057 1.466
86 14 -0.067 -0.451 1.435
86 15 -0.084 -0.671 1.435
86 16 -0.077 -0.703 1.351
86 17 0.090 -0.056 1.491
86 18 0.107 -0.463 1.541
86 19 0.087 -0.678 1.585
86 20 0.094 -0.707 1.485
87 1 0.003 0.020 1.473
87 2 -0.005 0.061 1.513
87 3 -0.013 0.305 1.512
87 4 -0.008 0.550 1.488
87 5 -0.182 0.295 1.489
87 6 -0.245 0.041 1.491
87 7 -0.230 -0.171 1.459
87 8 -0.222 -0.250 1.450
87 9 0.161 0.307 1.544
87 10 0.230 0.056 1.538
87 11 0.256 -0.135 1.479
87 12 0.267 -0.191 1.469
87 13 -0.067 -0.057 1.447
87 14 -0.071 -0.449 1.419
87 15 -0.084 -0.673 1.428
87 16 -0.075 -0.706 1.344
87 17 0.081 -0.056 1.472
87 18 0.106 -0.464 1.517
87 19 0.083 -0.679 1.566
87 20 0.087 -0.713 1.467
88 1 -0.004 0.021 1.456
88 2 -0.012 0.062 1.496
88 3 -0.019 0.305 1.496
88 4 -0.015 0.545 1.473
88 5 -0.189 0.294 1.471
88 6 -0.253 0.041 1.466
88 7 -0.235 -0.162 1.417
88 8 -0.231 -0.243 1.417
88 9 0.151 0.309 1.529
88 10 0.221 0.057 1.526
88 11 0.249 -0.136 1.469
88 12 0.262 -0.192 1.459
88 13 -0.074 -0.056 1.430
88 14 -0.073 -0.448 1.408
88 15 -0.084 -0.674 1.421
88 16 -0.074 -0.708 1.338
88 17 0.074 -0.055 1.457
88 18 0.106 -0.463 1.500
88 19 0.080 -0.681 1.530
88 20 0.085 -0.716 1.439
89 1 -0.009 0.022 1.443
89 2 -0.018 0.063 1.483
89 3 -0.025 0.306 1.481
89 4 -0.022 0.541 1.461
89 5 -0.195 0.295 1.453
89 6 -0.258 0.042 1.442
89 7 -0.239 -0.153 1.389
89 8 -0.238 -0.232 1.386
89 9 0.143 0.315 1.519
89 10 0.211 0.063 1.516
89 11 0.244 -0.138 1.463
89 12 0.249 -0.193 1.441
89 13 -0.078 -0.054 1.416
89 14 -0.076 -0.446 1.400
89 15 -0.083 -0.675 1.415
89 16 -0.072 -0.710 1.332
89 17 0.069 -0.053 1.443
89 18 0.108 -0.460 1.482
89 19 0.081 -0.680 1.506
89 20 0.087 -0.716 1.417
90 1 -0.013 0.023 1.430
90 2 -0.022 0.063 1.470
90 3 -0.031 0.306 1.468
90 4 -0.027 0.537 1.450
90 5 -0.201 0.296 1.436
90 6 -0.261 0.042 1.420
90 7 -0.236 -0.144 1.345
90 8 -0.234 -0.223 1.337
90 9 0.123 0.320 1.492
90 10 0.204 0.068 1.510
90 11 0.233 -0.142 1.452
90 12 0.244 -0.195 1.433
90 13 -0.080 -0.054 1.404
90 14 -0.078 -0.444 1.393
90 15 -0.085 -0.676 1.409
90 16 -0.073 -0.711 1.327
90 17 0.065 -0.052 1.430
90 18 0.110 -0.456 1.461
90 19 0.091 -0.679 1.466
90 20 0.098 -0.713 1.382
91 1 -0.016 0.022 1.417
91 2 -0.026 0.063 1.457
91 3 -0.036 0.306 1.454
91 4 -0.032 0.534 1.441
91 5 -0.206 0.297 1.419
91 6 -0.264 0.043 1.400
91 7 -0.234 -0.141 1.324
91 8 -0.231 -0.218 1.310
91 9 0.114 0.322 1.480
91 10 0.201 0.074 1.509
91 11 0.227 -0.144 1.447
91 12 0.240 -0.196 1.428
91 13 -0.082 -0.053 1.392
91 14 -0.081 -0.442 1.386
91 15 -0.088 -0.676 1.403
91 16 -0.075 -0.711 1.322
91 17 0.061 -0.051 1.419
91 18 0.113 -0.452 1.439
91 19 0.101 -0.676 1.439
91 20 0.111 -0.710 1.356
92 1 -0.018 0.022 1.407
92 2 -0.029 0.063 1.446
92 3 -0.040 0.306 1.442
92 4 -0.036 0.531 1.432
92 5 -0.209 0.298 1.405
92 6 -0.267 0.044 1.383
92 7 -0.232 -0.143 1.305
92 8 -0.227 -0.216 1.286
92 9 0.109 0.322 1.472
92 10 0.200 0.079 1.511
92 11 0.222 -0.144 1.443
92 12 0.236 -0.196 1.425
92 13 -0.084 -0.054 1.380
92 14 -0.083 -0.440 1.381
92 15 -0.092 -0.677 1.398
92 16 -0.077 -0.712 1.317
92 17 0.059 -0.050 1.410
92 18 0.115 -0.445 1.419
92 19 0.140 -0.668 1.373
92 20 0.155 -0.702 1.292
93 1 -0.020 0.021 1.397
93 2 -0.032 0.062 1.436
93 3 -0.044 0.307 1.433
93 4 -0.039 0.528 1.425
93 5 -0.212 0.298 1.393
93 6 -0.269 0.044 1.368
93 7 -0.230 -0.146 1.283
93 8 -0.223 -0.216 1.263
93 9 0.105 0.322 1.466
93 10 0.199 0.082 1.512
93 11 0.218 -0.143 1.441
93 12 0.231 -0.195 1.422
93 13 -0.085 -0.054 1.368
93 14 -0.085 -0.439 1.376
93 15 -0.095 -0.677 1.393
93 16 -0.079 -0.712 1.313
93 17 0.057 -0.049 1.402
93 18 0.117 -0.441 1.403
93 19 0.151 -0.665 1.352
93 20 0.168 -0.700 1.273
94 1 -0.021 0.021 1.387
94 2 -0.034 0.062 1.427
94 3 -0.047 0.307 1.423
94 4 -0.042 0.525 1.417
94 5 -0.215 0.298 1.382
94 6 -0.272 0.044 1.352
94 7 -0.229 -0.148 1.268
94 8 -0.221 -0.217 1.247
94 9 0.101 0.321 1.460
94 10 0.198 0.085 1.513
94 11 0.213 -0.142 1.439
94 12 0.226 -0.194 1.419
94 13 -0.085 -0.055 1.357
94 14 -0.087 -0.438 1.372
94 15 -0.096 -0.678 1.385
94 16 -0.079 -0.713 1.305
94 17 0.055 -0.049 1.394
94 18 0.118 -0.436 1.389
94 19 0.157 -0.664 1.339
94 20 0.176 -0.699 1.260
95 1 -0.022 0.020 1.378
95 2 -0.036 0.061 1.418
95 3 -0.049 0.308 1.415
95 4 -0.044 0.522 1.410
95 5 -0.216 0.298 1.371
95 6 -0.273 0.044 1.338
95 7 -0.227 -0.149 1.254
95 8 -0.220 -0.217 1.233
95 9 0.098 0.319 1.454
95 10 0.197 0.087 1.512
95 11 0.208 -0.139 1.436
95 12 0.221 -0.192 1.415
95 13 -0.085 -0.056 1.346
95 14 -0.088 -0.438 1.368
95 15 -0.097 -0.678 1.378
95 16 -0.078 -0.713 1.298
95 17 0.054 -0.048 1.387
95 18 0.118 -0.432 1.379
95 19 0.161 -0.663 1.330
95 20 0.181 -0.698 1.251
96 1 -0.023 0.020 1.370
96 2 -0.037 0.061 1.410
96 3 -0.051 0.308 1.407
96 4 -0.046 0.520 1.403
96 5 -0.217 0.297 1.362
96 6 -0.274 0.044 1.324
96 7 -0.226 -0.150 1.242
96 8 -0.218 -0.217 1.221
96 9 0.096 0.318 1.448
96 10 0.192 0.090 1.506
96 11 0.204 -0.137 1.433
96 12 0.217 -0.191 1.410
96 13 -0.085 -0.056 1.337
96 14 -0.089 -0.439 1.364
96 15 -0.097 -0.678 1.373
96 16 -0.078 -0.713 1.292
96 17 0.053 -0.048 1.379
96 18 0.118 -0.429 1.372
96 19 0.164 -0.662 1.323
96 20 0.184 -0.698 1.245
97 1 -0.024 0.019 1.361
97 2 -0.038 0.060 1.401
97 3 -0.053 0.309 1.400
97 4 -0.046 0.518 1.397
97 5 -0.217 0.297 1.353
97 6 -0.274 0.044 1.313
97 7 -0.224 -0.149 1.231
97 8 -0.215 -0.216 1.210
97 9 0.093 0.316 1.441
97 10 0.189 0.093 1.501
97 11 0.200 -0.136 1.426
97 12 0.213 -0.191 1.404
97 13 -0.085 -0.056 1.326
97 14 -0.090 -0.439 1.360
97 15 -0.097 -0.679 1.369
97 16 -0.077 -0.713 1.288
97 17 0.052 -0.048 1.371
97 18 0.118 -0.427 1.367
97 19 0.162 -0.663 1.321
97 20 0.184 -0.698 1.242
98 1 -0.024 0.018 1.353
98 2 -0.039 0.060 1.393
98 3 -0.054 0.309 1.393
98 4 -0.047 0.516 1.392
98 5 -0.217 0.296 1.346
98 6 -0.274 0.045 1.305
98 7 -0.222 -0.148 1.221
98 8 -0.213 -0.215 1.201
98 9 0.092 0.314 1.433
98 10 0.186 0.094 1.495
98 11 0.197 -0.137 1.418
98 12 0.211 -0.191 1.398
98 13 -0.086 -0.057 1.318
98 14 -0.091 -0.439 1.356
98 15 -0.097 -0.678 1.365
98 16 -0.077 -0.713 1.285
98 17 0.051 -0.049 1.363
98 18 0.117 -0.426 1.363
98 19 0.157 -0.664 1.322
98 20 0.179 -0.699 1.243
99 1 -0.025 0.018 1.346
99 2 -0.039 0.060 1.386
99 3 -0.055 0.310 1.387
99 4 -0.046 0.514 1.387
99 5 -0.216 0.295 1.339
99 6 -0.274 0.046 1.299
99 7 -0.219 -0.147 1.213
99 8 -0.210 -0.213 1.193
99 9 0.091 0.311 1.426
99 10 0.183 0.095 1.486
99 11 0.195 -0.139 1.410
99 12 0.209 -0.193 1.391
99 13 -0.085 -0.057 1.311
99 14 -0.092 -0.438 1.352
99 15 -0.098 -0.678 1.363
99 16 -0.077 -0.713 1.283
99 17 0.051 -0.049 1.356
99 18 0.115 -0.425 1.361
99 19 0.149 -0.665 1.327
99 20 0.171 -0.700 1.248
100 1 -0.024 0.017 1.340
100 2 -0.039 0.059 1.381
100 3 -0.055 0.311 1.382
100 4 -0.046 0.512 1.382
100 5 -0.215 0.294 1.333
100 6 -0.273 0.046 1.294
100 7 -0.216 -0.146 1.208
100 8 -0.208 -0.212 1.188
100 9 0.091 0.309 1.419
100 10 0.182 0.096 1.480
100 11 0.194 -0.142 1.401
100 12 0.208 -0.195 1.383
100 13 -0.084 -0.057 1.305
100 14 -0.092 -0.438 1.349
100 15 -0.098 -0.678 1.361
100 16 -0.077 -0.713 1.281
100 17 0.052 -0.049 1.351
100 18 0.114 -0.426 1.360
100 19 0.140 -0.667 1.334
100 20 0.162 -0.701 1.254
101 1 -0.023 0.017 1.335
101 2 -0.038 0.059 1.376
101 3 -0.055 0.312 1.377
101 4 -0.045 0.510 1.378
101 5 -0.214 0.293 1.328
101 6 -0.273 0.047 1.290
101 7 -0.214 -0.146 1.203
101 8 -0.206 -0.211 1.183
101 9 0.091 0.307 1.412
101 10 0.182 0.097 1.476
101 11 0.193 -0.145 1.394
101 12 0.207 -0.198 1.376
101 13 -0.083 -0.057 1.299
101 14 -0.092 -0.438 1.346
101 15 -0.098 -0.678 1.359
101 16 -0.077 -0.712 1.279
101 17 0.052 -0.050 1.346
101 18 0.112 -0.427 1.359
101 19 0.099 -0.668 1.346
101 20 0.120 -0.702 1.266
102 1 -0.022 0.017 1.330
102 2 -0.037 0.059 1.371
102 3 -0.054 0.313 1.372
102 4 -0.043 0.509 1.374
102 5 -0.212 0.292 1.323
102 6 -0.272 0.048 1.287
102 7 -0.213 -0.145 1.201
102 8 -0.205 -0.210 1.181
102 9 0.092 0.305 1.406
102 10 0.184 0.097 1.470
102 11 0.194 -0.148 1.387
102 12 0.208 -0.201 1.370
102 13 -0.082 -0.057 1.295
102 14 -0.092 -0.438 1.343
102 15 -0.098 -0.678 1.358
102 16 -0.077 -0.712 1.278
102 17 0.054 -0.050 1.340
102 18 0.110 -0.428 1.359
102 19 0.077 -0.669 1.353
102 20 0.097 -0.703 1.273
103 1 -0.020 0.016 1.325
103 2 -0.035 0.059 1.366
103 3 -0.052 0.314 1.368
103 4 -0.042 0.507 1.371
103 5 -0.211 0.292 1.320
103 6 -0.270 0.048 1.284
103 7 -0.212 -0.145 1.199
103 8 -0.204 -0.210 1.179
103 9 0.094 0.304 1.401
103 10 0.187 0.097 1.464
103 11 0.196 -0.150 1.379
103 12 0.208 -0.204 1.365
103 13 -0.081 -0.057 1.291
103 14 -0.092 -0.437 1.340
103 15 -0.098 -0.678 1.356
103 16 -0.077 -0.712 1.276
103 17 0.056 -0.051 1.335
103 18 0.109 -0.430 1.360
103 19 0.082 -0.670 1.362
103 20 0.101 -0.703 1.282
104 1 -0.018 0.016 1.321
104 2 -0.033 0.059 1.362
104 3 -0.050 0.315 1.364
104 4 -0.040 0.506 1.368
104 5 -0.209 0.291 1.317
104 6 -0.267 0.048 1.281
104 7 -0.210 -0.145 1.197
104 8 -0.203 -0.210 1.177
104 9 0.096 0.304 1.395
104 10 0.192 0.097 1.455
104 11 0.197 -0.152 1.367
104 12 0.209 -0.206 1.361
104 13 -0.079 -0.057 1.287
104 14 -0.091 -0.437 1.337
104 15 -0.098 -0.677 1.355
104 16 -0.077 -0.711 1.274
104 17 0.057 -0.051 1.331
104 18 0.107 -0.432 1.360
104 19 0.090 -0.670 1.369
104 20 0.108 -0.703 1.288
105 1 -0.016 0.016 1.318
105 2 -0.031 0.059 1.358
105 3 -0.048 0.316 1.360
105 4 -0.039 0.506 1.366
105 5 -0.206 0.290 1.315
105 6 -0.263 0.049 1.279
105 7 -0.209 -0.146 1.196
105 8 -0.201 -0.211 1.177
105 9 0.098 0.303 1.390
105 10 0.196 0.096 1.446
105 11 0.199 -0.153 1.358
105 12 0.211 -0.207 1.349
105 13 -0.077 -0.057 1.283
105 14 -0.090 -0.436 1.334
105 15 -0.098 -0.677 1.353
105 16 -0.077 -0.711 1.273
105 17 0.059 -0.051 1.327
105 18 0.107 -0.434 1.360
105 19 0.099 -0.670 1.373
105 20 0.116 -0.704 1.291
106 1 -0.015 0.016 1.314
106 2 -0.028 0.059 1.355
106 3 -0.046 0.317 1.357
106 4 -0.038 0.506 1.364
106 5 -0.203 0.290 1.313
106 6 -0.259 0.049 1.277
106 7 -0.208 -0.146 1.196
106 8 -0.198 -0.214 1.180
106 9 0.100 0.303 1.385
106 10 0.201 0.095 1.439
106 11 0.200 -0.154 1.352
106 12 0.212 -0.208 1.341
106 13 -0.075 -0.057 1.280
106 14 -0.090 -0.436 1.331
106 15 -0.098 -0.677 1.351
106 16 -0.078 -0.710 1.271
106 17 0.061 -0.052 1.324
106 18 0.106 -0.436 1.360
106 19 0.106 -0.670 1.375
106 20 0.123 -0.704 1.293
107 1 -0.013 0.016 1.311
107 2 -0.026 0.059 1.352
107 3 -0.043 0.318 1.354
107 4 -0.037 0.505 1.363
107 5 -0.200 0.289 1.310
107 6 -0.255 0.050 1.275
107 7 -0.206 -0.146 1.196
107 8 -0.195 -0.218 1.183
107 9 0.103 0.304 1.381
107 10 0.205 0.094 1.432
107 11 0.202 -0.154 1.348
107 12 0.214 -0.209 1.334
107 13 -0.073 -0.056 1.277
107 14 -0.089 -0.435 1.328
107 15 -0.098 -0.676 1.350
107 16 -0.078 -0.710 1.269
107 17 0.062 -0.052 1.321
107 18 0.106 -0.437 1.360
107 19 0.113 -0.670 1.375
107 20 0.129 -0.704 1.294
108 1 -0.011 0.015 1.308
108 2 -0.024 0.059 1.349
108 3 -0.040 0.318 1.351
108 4 -0.035 0.505 1.361
108 5 -0.196 0.289 1.308
108 6 -0.251 0.050 1.274
108 7 -0.204 -0.147 1.197
108 8 -0.192 -0.221 1.185
108 9 0.105 0.304 1.377
108 10 0.208 0.094 1.427
108 11 0.203 -0.154 1.344
108 12 0.215 -0.209 1.329
108 13 -0.072 -0.056 1.275
108 14 -0.088 -0.435 1.326
108 15 -0.098 -0.676 1.348
108 16 -0.078 -0.710 1.267
108 17 0.064 -0.052 1.318
108 18 0.106 -0.437 1.359
108 19 0.118 -0.670 1.375
108 20 0.134 -0.704 1.294
