1 1 0.303 -0.444 2.543
1 2 0.297 -0.391 2.569
1 3 0.271 -0.115 2.575
1 4 0.287 0.068 2.544
1 5 0.118 -0.207 2.548
1 6 0.085 -0.413 2.487
1 7 0.123 -0.551 2.373
1 8 0.113 -0.592 2.340
1 9 0.429 -0.226 2.554
1 10 0.465 -0.437 2.560
1 11 0.459 -0.576 2.438
1 12 0.463 -0.597 2.391
1 13 0.225 -0.521 2.530
1 14 0.323 -0.689 2.184
1 15 0.230 -0.902 2.079
1 16 0.233 -0.934 2.005
1 17 0.394 -0.506 2.547
1 18 0.353 -0.602 2.240
1 19 0.391 -0.842 2.061
1 20 0.302 -0.840 2.084
2 1 0.302 -0.443 2.543
2 2 0.296 -0.391 2.572
2 3 0.270 -0.116 2.579
2 4 0.285 0.069 2.548
2 5 0.117 -0.207 2.552
2 6 0.085 -0.414 2.489
2 7 0.120 -0.552 2.374
2 8 0.115 -0.591 2.340
2 9 0.428 -0.225 2.557
2 10 0.461 -0.441 2.559
2 11 0.461 -0.579 2.437
2 12 0.466 -0.598 2.391
2 13 0.225 -0.520 2.530
2 14 0.323 -0.689 2.185
2 15 0.229 -0.901 2.079
2 16 0.232 -0.933 2.006
2 17 0.394 -0.506 2.547
2 18 0.359 -0.607 2.241
2 19 0.394 -0.845 2.061
2 20 0.307 -0.842 2.083
3 1 0.302 -0.443 2.544
3 2 0.296 -0.392 2.576
3 3 0.270 -0.116 2.582
3 4 0.283 0.070 2.552
3 5 0.116 -0.207 2.557
3 6 0.085 -0.414 2.492
3 7 0.118 -0.552 2.377
3 8 0.117 -0.589 2.340
3 9 0.426 -0.225 2.561
3 10 0.458 -0.445 2.558
3 11 0.462 -0.582 2.436
3 12 0.470 -0.616 2.394
3 13 0.225 -0.520 2.531
3 14 0.323 -0.688 2.185
3 15 0.229 -0.901 2.080
3 16 0.231 -0.932 2.006
3 17 0.394 -0.506 2.547
3 18 0.362 -0.610 2.242
3 19 0.396 -0.847 2.058
3 20 0.309 -0.842 2.082
4 1 0.302 -0.443 2.545
4 2 0.296 -0.392 2.579
4 3 0.269 -0.117 2.585
4 4 0.282 0.070 2.555
4 5 0.115 -0.207 2.560
4 6 0.084 -0.413 2.495
4 7 0.114 -0.552 2.380
4 8 0.117 -0.588 2.341
4 9 0.425 -0.224 2.563
4 10 0.455 -0.448 2.556
4 11 0.463 -0.584 2.435
4 12 0.471 -0.625 2.393
4 13 0.225 -0.520 2.532
4 14 0.323 -0.687 2.185
4 15 0.228 -0.900 2.081
4 16 0.230 -0.931 2.007
4 17 0.394 -0.506 2.547
4 18 0.365 -0.611 2.242
4 19 0.398 -0.847 2.056
4 20 0.311 -0.843 2.081
5 1 0.302 -0.443 2.546
5 2 0.295 -0.392 2.583
5 3 0.267 -0.118 2.590
5 4 0.281 0.071 2.557
5 5 0.114 -0.207 2.563
5 6 0.083 -0.411 2.501
5 7 0.110 -0.550 2.384
5 8 0.118 -0.584 2.344
5 9 0.424 -0.224 2.566
5 10 0.453 -0.451 2.555
5 11 0.464 -0.586 2.433
5 12 0.472 -0.630 2.393
5 13 0.225 -0.520 2.533
5 14 0.323 -0.686 2.185
5 15 0.228 -0.899 2.081
5 16 0.230 -0.930 2.007
5 17 0.394 -0.506 2.547
5 18 0.368 -0.612 2.242
5 19 0.399 -0.847 2.054
5 20 0.312 -0.843 2.080
6 1 0.301 -0.442 2.548
6 2 0.294 -0.393 2.586
6 3 0.265 -0.119 2.594
6 4 0.280 0.071 2.559
6 5 0.113 -0.207 2.566
6 6 0.081 -0.410 2.506
6 7 0.108 -0.548 2.387
6 8 0.118 -0.581 2.347
6 9 0.423 -0.224 2.568
6 10 0.452 -0.452 2.554
6 11 0.464 -0.587 2.432
6 12 0.471 -0.628 2.390
6 13 0.225 -0.519 2.533
6 14 0.323 -0.685 2.186
6 15 0.228 -0.898 2.082
6 16 0.230 -0.929 2.008
6 17 0.393 -0.505 2.547
6 18 0.371 -0.612 2.242
6 19 0.373 -0.839 2.040
6 20 0.341 -0.855 2.004
7 1 0.301 -0.442 2.549
7 2 0.294 -0.393 2.589
7 3 0.263 -0.119 2.598
7 4 0.279 0.071 2.561
7 5 0.113 -0.208 2.568
7 6 0.080 -0.409 2.509
7 7 0.106 -0.547 2.390
7 8 0.118 -0.579 2.349
7 9 0.422 -0.224 2.569
7 10 0.451 -0.454 2.554
7 11 0.464 -0.588 2.430
7 12 0.471 -0.631 2.389
7 13 0.225 -0.519 2.534
7 14 0.323 -0.685 2.186
7 15 0.228 -0.897 2.082
7 16 0.229 -0.928 2.008
7 17 0.393 -0.505 2.548
7 18 0.373 -0.612 2.242
7 19 0.373 -0.837 2.037
7 20 0.324 -0.848 2.041
8 1 0.301 -0.442 2.550
8 2 0.293 -0.394 2.591
8 3 0.262 -0.120 2.600
8 4 0.278 0.071 2.562
8 5 0.112 -0.208 2.569
8 6 0.080 -0.408 2.511
8 7 0.104 -0.546 2.391
8 8 0.118 -0.578 2.351
8 9 0.421 -0.223 2.571
8 10 0.450 -0.455 2.553
8 11 0.464 -0.589 2.429
8 12 0.471 -0.633 2.388
8 13 0.225 -0.519 2.535
8 14 0.323 -0.685 2.186
8 15 0.227 -0.897 2.082
8 16 0.229 -0.927 2.008
8 17 0.393 -0.505 2.548
8 18 0.375 -0.608 2.241
8 19 0.373 -0.835 2.036
8 20 0.317 -0.845 2.055
9 1 0.300 -0.442 2.551
9 2 0.293 -0.394 2.593
9 3 0.261 -0.120 2.602
9 4 0.277 0.071 2.563
9 5 0.112 -0.208 2.570
9 6 0.079 -0.408 2.513
9 7 0.103 -0.545 2.393
9 8 0.118 -0.576 2.352
9 9 0.420 -0.223 2.573
9 10 0.450 -0.456 2.553
9 11 0.464 -0.590 2.429
9 12 0.470 -0.634 2.388
9 13 0.225 -0.519 2.535
9 14 0.323 -0.685 2.186
9 15 0.227 -0.896 2.082
9 16 0.229 -0.927 2.008
9 17 0.392 -0.504 2.548
9 18 0.377 -0.605 2.241
9 19 0.374 -0.834 2.035
9 20 0.311 -0.842 2.068
10 1 0.300 -0.442 2.552
10 2 0.292 -0.394 2.595
10 3 0.260 -0.120 2.604
10 4 0.276 0.070 2.565
10 5 0.111 -0.208 2.572
10 6 0.078 -0.407 2.515
10 7 0.102 -0.545 2.394
10 8 0.117 -0.575 2.353
10 9 0.419 -0.223 2.574
10 10 0.449 -0.456 2.552
10 11 0.464 -0.591 2.428
10 12 0.470 -0.631 2.386
10 13 0.225 -0.519 2.536
10 14 0.323 -0.685 2.186
10 15 0.227 -0.896 2.082
10 16 0.229 -0.926 2.008
10 17 0.392 -0.504 2.548
10 18 0.378 -0.603 2.240
10 19 0.376 -0.833 2.035
10 20 0.308 -0.841 2.072
11 1 0.300 -0.442 2.553
11 2 0.292 -0.394 2.596
11 3 0.259 -0.120 2.605
11 4 0.275 0.070 2.566
11 5 0.111 -0.208 2.573
11 6 0.078 -0.407 2.515
11 7 0.101 -0.544 2.394
11 8 0.112 -0.553 2.373
11 9 0.419 -0.223 2.575
11 10 0.450 -0.455 2.554
11 11 0.463 -0.589 2.429
11 12 0.472 -0.620 2.387
11 13 0.224 -0.519 2.537
11 14 0.324 -0.685 2.185
11 15 0.227 -0.896 2.082
11 16 0.229 -0.926 2.008
11 17 0.392 -0.504 2.548
11 18 0.378 -0.599 2.240
11 19 0.377 -0.832 2.036
11 20 0.307 -0.840 2.076
12 1 0.299 -0.442 2.554
12 2 0.291 -0.395 2.597
12 3 0.258 -0.120 2.606
12 4 0.275 0.070 2.566
12 5 0.111 -0.209 2.573
12 6 0.077 -0.407 2.516
12 7 0.101 -0.544 2.395
12 8 0.110 -0.544 2.381
12 9 0.418 -0.223 2.576
12 10 0.450 -0.454 2.554
12 11 0.463 -0.589 2.429
12 12 0.472 -0.614 2.387
12 13 0.224 -0.519 2.537
12 14 0.324 -0.685 2.185
12 15 0.228 -0.895 2.082
12 16 0.229 -0.925 2.008
12 17 0.391 -0.503 2.549
12 18 0.378 -0.597 2.239
12 19 0.379 -0.831 2.038
12 20 0.305 -0.840 2.078
13 1 0.299 -0.442 2.555
13 2 0.291 -0.395 2.598
13 3 0.258 -0.120 2.607
13 4 0.274 0.070 2.567
13 5 0.110 -0.209 2.574
13 6 0.077 -0.407 2.517
13 7 0.100 -0.544 2.396
13 8 0.111 -0.552 2.376
13 9 0.418 -0.223 2.577
13 10 0.450 -0.454 2.554
13 11 0.462 -0.589 2.429
13 12 0.470 -0.615 2.387
13 13 0.224 -0.518 2.538
13 14 0.324 -0.685 2.185
13 15 0.229 -0.895 2.082
13 16 0.230 -0.925 2.007
13 17 0.391 -0.503 2.549
13 18 0.378 -0.595 2.239
13 19 0.383 -0.830 2.040
13 20 0.305 -0.839 2.080
14 1 0.298 -0.442 2.555
14 2 0.291 -0.395 2.599
14 3 0.257 -0.120 2.608
14 4 0.274 0.070 2.568
14 5 0.110 -0.209 2.574
14 6 0.076 -0.406 2.517
14 7 0.100 -0.544 2.396
14 8 0.112 -0.559 2.370
14 9 0.417 -0.223 2.577
14 10 0.449 -0.454 2.554
14 11 0.462 -0.589 2.429
14 12 0.469 -0.616 2.388
14 13 0.224 -0.518 2.538
14 14 0.324 -0.685 2.185
14 15 0.230 -0.894 2.082
14 16 0.231 -0.925 2.007
14 17 0.390 -0.503 2.549
14 18 0.377 -0.593 2.239
14 19 0.385 -0.829 2.042
14 20 0.304 -0.839 2.081
15 1 0.297 -0.442 2.556
15 2 0.289 -0.395 2.600
15 3 0.257 -0.120 2.608
15 4 0.273 0.070 2.569
15 5 0.110 -0.209 2.575
15 6 0.076 -0.407 2.517
15 7 0.100 -0.544 2.396
15 8 0.113 -0.564 2.366
15 9 0.417 -0.223 2.578
15 10 0.449 -0.454 2.554
15 11 0.462 -0.588 2.429
15 12 0.468 -0.617 2.388
15 13 0.222 -0.518 2.539
15 14 0.324 -0.685 2.185
15 15 0.231 -0.894 2.081
15 16 0.232 -0.924 2.007
15 17 0.386 -0.503 2.550
15 18 0.377 -0.591 2.238
15 19 0.387 -0.828 2.043
15 20 0.304 -0.839 2.082
16 1 0.296 -0.442 2.557
16 2 0.289 -0.395 2.601
16 3 0.257 -0.120 2.609
16 4 0.273 0.070 2.569
16 5 0.110 -0.209 2.575
16 6 0.076 -0.407 2.517
16 7 0.100 -0.544 2.396
16 8 0.114 -0.568 2.363
16 9 0.417 -0.223 2.578
16 10 0.450 -0.452 2.556
16 11 0.461 -0.587 2.430
16 12 0.460 -0.585 2.404
16 13 0.221 -0.518 2.540
16 14 0.324 -0.685 2.185
16 15 0.231 -0.894 2.081
16 16 0.233 -0.924 2.007
16 17 0.384 -0.502 2.550
16 18 0.377 -0.590 2.238
16 19 0.389 -0.828 2.045
16 20 0.304 -0.839 2.082
17 1 0.295 -0.442 2.557
17 2 0.288 -0.395 2.602
17 3 0.256 -0.120 2.609
17 4 0.272 0.070 2.570
17 5 0.110 -0.209 2.575
17 6 0.076 -0.407 2.518
17 7 0.100 -0.544 2.396
17 8 0.114 -0.570 2.360
17 9 0.417 -0.223 2.579
17 10 0.450 -0.451 2.556
17 11 0.461 -0.586 2.431
17 12 0.458 -0.582 2.403
17 13 0.220 -0.518 2.540
17 14 0.324 -0.685 2.185
17 15 0.232 -0.893 2.081
17 16 0.233 -0.923 2.007
17 17 0.383 -0.502 2.550
17 18 0.377 -0.589 2.238
17 19 0.391 -0.827 2.047
17 20 0.304 -0.838 2.082
18 1 0.294 -0.442 2.558
18 2 0.287 -0.396 2.602
18 3 0.256 -0.120 2.610
18 4 0.272 0.070 2.570
18 5 0.110 -0.209 2.575
18 6 0.076 -0.407 2.518
18 7 0.100 -0.544 2.396
18 8 0.114 -0.572 2.359
18 9 0.416 -0.223 2.579
18 10 0.450 -0.451 2.557
18 11 0.460 -0.585 2.431
18 12 0.456 -0.584 2.399
18 13 0.220 -0.518 2.540
18 14 0.324 -0.684 2.185
18 15 0.232 -0.893 2.081
18 16 0.233 -0.923 2.007
18 17 0.382 -0.502 2.550
18 18 0.377 -0.588 2.238
18 19 0.393 -0.827 2.048
18 20 0.305 -0.838 2.082
19 1 0.292 -0.442 2.558
19 2 0.286 -0.396 2.603
19 3 0.256 -0.120 2.610
19 4 0.271 0.070 2.570
19 5 0.110 -0.209 2.576
19 6 0.075 -0.407 2.517
19 7 0.100 -0.544 2.396
19 8 0.115 -0.573 2.357
19 9 0.416 -0.223 2.579
19 10 0.450 -0.451 2.557
19 11 0.460 -0.585 2.431
19 12 0.455 -0.586 2.396
19 13 0.217 -0.518 2.541
19 14 0.324 -0.684 2.185
19 15 0.232 -0.892 2.081
19 16 0.234 -0.922 2.007
19 17 0.380 -0.502 2.551
19 18 0.377 -0.587 2.238
19 19 0.395 -0.827 2.050
19 20 0.306 -0.838 2.082
20 1 0.291 -0.442 2.558
20 2 0.285 -0.396 2.603
20 3 0.256 -0.120 2.610
20 4 0.271 0.070 2.571
20 5 0.109 -0.210 2.576
20 6 0.075 -0.407 2.517
20 7 0.100 -0.544 2.396
20 8 0.115 -0.574 2.356
20 9 0.416 -0.223 2.579
20 10 0.451 -0.450 2.557
20 11 0.460 -0.584 2.432
20 12 0.455 -0.587 2.395
20 13 0.216 -0.517 2.541
20 14 0.324 -0.684 2.186
20 15 0.232 -0.892 2.081
20 16 0.234 -0.922 2.007
20 17 0.379 -0.502 2.551
20 18 0.377 -0.586 2.238
20 19 0.397 -0.826 2.051
20 20 0.307 -0.837 2.082
21 1 0.290 -0.442 2.559
21 2 0.284 -0.396 2.604
21 3 0.255 -0.120 2.610
21 4 0.271 0.070 2.571
21 5 0.109 -0.210 2.576
21 6 0.075 -0.407 2.517
21 7 0.100 -0.544 2.395
21 8 0.115 -0.575 2.355
21 9 0.416 -0.223 2.579
21 10 0.451 -0.449 2.558
21 11 0.459 -0.584 2.432
21 12 0.456 -0.592 2.393
21 13 0.214 -0.517 2.541
21 14 0.324 -0.684 2.186
21 15 0.233 -0.892 2.081
21 16 0.234 -0.922 2.007
21 17 0.377 -0.502 2.551
21 18 0.377 -0.586 2.238
21 19 0.399 -0.826 2.052
21 20 0.309 -0.837 2.082
22 1 0.289 -0.442 2.559
22 2 0.284 -0.396 2.604
22 3 0.255 -0.120 2.610
22 4 0.271 0.070 2.571
22 5 0.109 -0.210 2.576
22 6 0.075 -0.408 2.516
22 7 0.102 -0.544 2.394
22 8 0.115 -0.575 2.353
22 9 0.416 -0.223 2.579
22 10 0.451 -0.449 2.558
22 11 0.459 -0.584 2.432
22 12 0.457 -0.596 2.390
22 13 0.213 -0.517 2.541
22 14 0.324 -0.684 2.186
22 15 0.233 -0.892 2.081
22 16 0.234 -0.922 2.007
22 17 0.377 -0.502 2.551
22 18 0.377 -0.585 2.237
22 19 0.400 -0.826 2.052
22 20 0.309 -0.837 2.082
23 1 0.289 -0.442 2.559
23 2 0.283 -0.396 2.604
23 3 0.255 -0.120 2.610
23 4 0.271 0.070 2.571
23 5 0.109 -0.210 2.576
23 6 0.075 -0.408 2.515
23 7 0.102 -0.545 2.393
23 8 0.115 -0.576 2.353
23 9 0.416 -0.223 2.579
23 10 0.452 -0.449 2.558
23 11 0.459 -0.584 2.432
23 12 0.459 -0.598 2.388
23 13 0.212 -0.517 2.542
23 14 0.324 -0.684 2.185
23 15 0.233 -0.892 2.081
23 16 0.234 -0.921 2.007
23 17 0.376 -0.502 2.551
23 18 0.376 -0.585 2.237
23 19 0.400 -0.826 2.053
23 20 0.310 -0.837 2.081
24 1 0.288 -0.442 2.559
24 2 0.282 -0.396 2.604
24 3 0.255 -0.120 2.609
24 4 0.271 0.070 2.571
24 5 0.109 -0.210 2.575
24 6 0.074 -0.408 2.515
24 7 0.101 -0.545 2.393
24 8 0.115 -0.576 2.352
24 9 0.416 -0.223 2.579
24 10 0.453 -0.448 2.558
24 11 0.459 -0.583 2.432
24 12 0.462 -0.601 2.387
24 13 0.212 -0.517 2.542
24 14 0.324 -0.684 2.185
24 15 0.233 -0.891 2.081
24 16 0.234 -0.921 2.007
24 17 0.376 -0.502 2.551
24 18 0.376 -0.584 2.237
24 19 0.401 -0.826 2.053
24 20 0.310 -0.837 2.081
25 1 0.288 -0.442 2.559
25 2 0.282 -0.395 2.604
25 3 0.255 -0.120 2.608
25 4 0.271 0.070 2.571
25 5 0.109 -0.211 2.575
25 6 0.074 -0.409 2.515
25 7 0.098 -0.545 2.394
25 8 0.113 -0.576 2.353
25 9 0.416 -0.223 2.579
25 10 0.455 -0.448 2.558
25 11 0.459 -0.583 2.432
25 12 0.466 -0.603 2.387
25 13 0.211 -0.516 2.542
25 14 0.324 -0.684 2.185
25 15 0.233 -0.891 2.081
25 16 0.234 -0.921 2.007
25 17 0.376 -0.502 2.552
25 18 0.375 -0.584 2.238
25 19 0.401 -0.826 2.054
25 20 0.310 -0.837 2.081
26 1 0.288 -0.442 2.559
26 2 0.282 -0.395 2.604
26 3 0.255 -0.119 2.605
26 4 0.271 0.070 2.570
26 5 0.109 -0.211 2.573
26 6 0.074 -0.409 2.516
26 7 0.095 -0.545 2.394
26 8 0.112 -0.576 2.354
26 9 0.416 -0.223 2.579
26 10 0.457 -0.448 2.558
26 11 0.458 -0.583 2.432
26 12 0.474 -0.602 2.388
26 13 0.211 -0.516 2.542
26 14 0.324 -0.684 2.185
26 15 0.233 -0.891 2.081
26 16 0.234 -0.921 2.007
26 17 0.376 -0.502 2.552
26 18 0.374 -0.583 2.238
26 19 0.401 -0.826 2.054
26 20 0.311 -0.837 2.081
27 1 0.288 -0.442 2.559
27 2 0.282 -0.395 2.604
27 3 0.256 -0.119 2.602
27 4 0.271 0.070 2.569
27 5 0.110 -0.212 2.571
27 6 0.073 -0.409 2.517
27 7 0.092 -0.546 2.395
27 8 0.109 -0.576 2.356
27 9 0.417 -0.223 2.578
27 10 0.461 -0.448 2.559
27 11 0.456 -0.582 2.424
27 12 0.457 -0.615 2.362
27 13 0.211 -0.517 2.542
27 14 0.324 -0.684 2.186
27 15 0.233 -0.891 2.082
27 16 0.234 -0.921 2.007
27 17 0.377 -0.502 2.552
27 18 0.374 -0.583 2.238
27 19 0.401 -0.826 2.055
27 20 0.311 -0.837 2.081
28 1 0.288 -0.442 2.559
28 2 0.282 -0.395 2.604
28 3 0.258 -0.118 2.597
28 4 0.273 0.069 2.565
28 5 0.111 -0.212 2.568
28 6 0.072 -0.409 2.517
28 7 0.083 -0.545 2.396
28 8 0.103 -0.576 2.358
28 9 0.418 -0.224 2.576
28 10 0.466 -0.448 2.559
28 11 0.456 -0.579 2.421
28 12 0.455 -0.617 2.358
28 13 0.212 -0.517 2.542
28 14 0.323 -0.684 2.185
28 15 0.233 -0.891 2.082
28 16 0.234 -0.921 2.007
28 17 0.377 -0.502 2.552
28 18 0.373 -0.583 2.238
28 19 0.401 -0.827 2.055
28 20 0.311 -0.837 2.081
29 1 0.288 -0.441 2.559
29 2 0.282 -0.394 2.603
29 3 0.259 -0.117 2.589
29 4 0.276 0.069 2.559
29 5 0.112 -0.212 2.565
29 6 0.072 -0.409 2.518
29 7 0.075 -0.544 2.396
29 8 0.097 -0.575 2.359
29 9 0.420 -0.224 2.573
29 10 0.473 -0.443 2.559
29 11 0.455 -0.574 2.422
29 12 0.452 -0.617 2.360
29 13 0.212 -0.517 2.542
29 14 0.323 -0.684 2.186
29 15 0.233 -0.891 2.082
29 16 0.234 -0.921 2.007
29 17 0.378 -0.502 2.552
29 18 0.357 -0.579 2.239
29 19 0.396 -0.824 2.060
29 20 0.307 -0.837 2.082
30 1 0.289 -0.441 2.558
30 2 0.283 -0.394 2.601
30 3 0.261 -0.116 2.581
30 4 0.279 0.068 2.551
30 5 0.113 -0.212 2.561
30 6 0.070 -0.408 2.517
30 7 0.070 -0.543 2.394
30 8 0.092 -0.575 2.358
30 9 0.423 -0.224 2.570
30 10 0.478 -0.441 2.557
30 11 0.455 -0.573 2.421
30 12 0.450 -0.618 2.361
30 13 0.212 -0.517 2.542
30 14 0.323 -0.684 2.186
30 15 0.233 -0.891 2.082
30 16 0.234 -0.921 2.007
30 17 0.378 -0.503 2.552
30 18 0.352 -0.578 2.239
30 19 0.394 -0.824 2.061
30 20 0.306 -0.838 2.083
31 1 0.289 -0.441 2.556
31 2 0.284 -0.393 2.598
31 3 0.263 -0.116 2.573
31 4 0.283 0.066 2.540
31 5 0.114 -0.212 2.554
31 6 0.068 -0.407 2.515
31 7 0.065 -0.541 2.391
31 8 0.086 -0.574 2.356
31 9 0.426 -0.224 2.563
31 10 0.482 -0.441 2.555
31 11 0.455 -0.572 2.420
31 12 0.449 -0.618 2.362
31 13 0.212 -0.517 2.541
31 14 0.323 -0.684 2.186
31 15 0.232 -0.891 2.082
31 16 0.234 -0.921 2.007
31 17 0.380 -0.503 2.552
31 18 0.348 -0.578 2.238
31 19 0.392 -0.824 2.061
31 20 0.305 -0.838 2.083
32 1 0.291 -0.442 2.553
32 2 0.286 -0.393 2.592
32 3 0.266 -0.116 2.563
32 4 0.285 0.065 2.532
32 5 0.116 -0.211 2.548
32 6 0.063 -0.402 2.505
32 7 0.061 -0.541 2.388
32 8 0.083 -0.575 2.355
32 9 0.431 -0.224 2.554
32 10 0.486 -0.438 2.551
32 11 0.456 -0.571 2.420
32 12 0.448 -0.618 2.365
32 13 0.212 -0.517 2.541
32 14 0.323 -0.684 2.185
32 15 0.232 -0.891 2.081
32 16 0.234 -0.921 2.007
32 17 0.381 -0.505 2.549
32 18 0.344 -0.600 2.241
32 19 0.399 -0.845 2.066
32 20 0.372 -0.885 2.030
33 1 0.292 -0.443 2.550
33 2 0.287 -0.392 2.584
33 3 0.270 -0.116 2.553
33 4 0.288 0.063 2.520
33 5 0.119 -0.210 2.538
33 6 0.052 -0.387 2.474
33 7 0.059 -0.541 2.386
33 8 0.073 -0.585 2.357
33 9 0.435 -0.223 2.545
33 10 0.492 -0.434 2.543
33 11 0.457 -0.570 2.419
33 12 0.449 -0.619 2.368
33 13 0.213 -0.518 2.539
33 14 0.324 -0.685 2.185
33 15 0.232 -0.891 2.081
33 16 0.234 -0.921 2.007
33 17 0.382 -0.506 2.547
33 18 0.340 -0.600 2.239
33 19 0.404 -0.818 2.092
33 20 0.348 -0.845 2.072
34 1 0.293 -0.443 2.545
34 2 0.290 -0.391 2.574
34 3 0.273 -0.116 2.538
34 4 0.290 0.062 2.509
34 5 0.123 -0.209 2.525
34 6 0.048 -0.382 2.462
34 7 0.057 -0.540 2.382
34 8 0.065 -0.589 2.353
34 9 0.438 -0.221 2.536
34 10 0.496 -0.429 2.535
34 11 0.455 -0.565 2.415
34 12 0.443 -0.613 2.369
34 13 0.213 -0.518 2.537
34 14 0.324 -0.686 2.185
34 15 0.232 -0.891 2.081
34 16 0.234 -0.922 2.006
34 17 0.383 -0.508 2.543
34 18 0.337 -0.600 2.236
34 19 0.403 -0.820 2.085
34 20 0.337 -0.847 2.072
35 1 0.295 -0.444 2.538
35 2 0.291 -0.390 2.562
35 3 0.276 -0.115 2.521
35 4 0.294 0.060 2.493
35 5 0.129 -0.209 2.503
35 6 0.046 -0.375 2.438
35 7 0.056 -0.541 2.380
35 8 0.059 -0.598 2.358
35 9 0.441 -0.219 2.526
35 10 0.500 -0.426 2.522
35 11 0.463 -0.570 2.413
35 12 0.455 -0.621 2.377
35 13 0.214 -0.519 2.534
35 14 0.324 -0.686 2.185
35 15 0.232 -0.892 2.080
35 16 0.234 -0.923 2.006
35 17 0.385 -0.508 2.539
35 18 0.335 -0.598 2.232
35 19 0.402 -0.823 2.076
35 20 0.324 -0.841 2.079
36 1 0.297 -0.444 2.529
36 2 0.293 -0.389 2.547
36 3 0.280 -0.114 2.504
36 4 0.299 0.059 2.479
36 5 0.134 -0.208 2.486
36 6 0.046 -0.371 2.424
36 7 0.055 -0.542 2.378
36 8 0.056 -0.601 2.358
36 9 0.444 -0.216 2.516
36 10 0.503 -0.426 2.512
36 11 0.468 -0.573 2.410
36 12 0.460 -0.625 2.379
36 13 0.215 -0.518 2.528
36 14 0.323 -0.686 2.185
36 15 0.232 -0.893 2.079
36 16 0.235 -0.925 2.005
36 17 0.386 -0.509 2.533
36 18 0.334 -0.595 2.227
36 19 0.401 -0.826 2.070
36 20 0.317 -0.838 2.083
37 1 0.299 -0.444 2.519
37 2 0.295 -0.388 2.533
37 3 0.284 -0.114 2.488
37 4 0.305 0.056 2.460
37 5 0.139 -0.207 2.471
37 6 0.047 -0.367 2.411
37 7 0.054 -0.542 2.377
37 8 0.054 -0.603 2.360
37 9 0.448 -0.213 2.504
37 10 0.506 -0.427 2.504
37 11 0.472 -0.578 2.407
37 12 0.462 -0.628 2.380
37 13 0.217 -0.519 2.521
37 14 0.323 -0.686 2.185
37 15 0.232 -0.895 2.079
37 16 0.235 -0.928 2.005
37 17 0.387 -0.509 2.525
37 18 0.334 -0.592 2.221
37 19 0.401 -0.831 2.064
37 20 0.314 -0.837 2.085
38 1 0.300 -0.444 2.509
38 2 0.296 -0.387 2.519
38 3 0.286 -0.114 2.472
38 4 0.309 0.055 2.444
38 5 0.143 -0.205 2.457
38 6 0.050 -0.366 2.400
38 7 0.055 -0.543 2.374
38 8 0.054 -0.605 2.360
38 9 0.450 -0.210 2.489
38 10 0.508 -0.429 2.498
38 11 0.474 -0.582 2.406
38 12 0.464 -0.631 2.381
38 13 0.218 -0.518 2.512
38 14 0.323 -0.686 2.185
38 15 0.231 -0.897 2.078
38 16 0.235 -0.932 2.005
38 17 0.388 -0.509 2.518
38 18 0.334 -0.589 2.214
38 19 0.401 -0.833 2.061
38 20 0.311 -0.836 2.087
39 1 0.302 -0.443 2.500
39 2 0.298 -0.386 2.507
39 3 0.289 -0.113 2.451
39 4 0.313 0.054 2.426
39 5 0.148 -0.203 2.439
39 6 0.053 -0.366 2.390
39 7 0.060 -0.546 2.367
39 8 0.058 -0.608 2.357
39 9 0.453 -0.208 2.473
39 10 0.508 -0.431 2.489
39 11 0.475 -0.588 2.404
39 12 0.464 -0.636 2.382
39 13 0.220 -0.517 2.505
39 14 0.323 -0.686 2.185
39 15 0.230 -0.900 2.078
39 16 0.234 -0.935 2.005
39 17 0.389 -0.508 2.510
39 18 0.336 -0.585 2.206
39 19 0.401 -0.834 2.058
39 20 0.310 -0.835 2.087
40 1 0.304 -0.442 2.491
40 2 0.301 -0.384 2.494
40 3 0.291 -0.113 2.431
40 4 0.318 0.052 2.401
40 5 0.152 -0.201 2.423
40 6 0.059 -0.368 2.382
40 7 0.063 -0.548 2.361
40 8 0.069 -0.604 2.345
40 9 0.457 -0.206 2.459
40 10 0.508 -0.434 2.480
40 11 0.476 -0.591 2.403
40 12 0.465 -0.645 2.384
40 13 0.223 -0.516 2.497
40 14 0.322 -0.686 2.185
40 15 0.229 -0.903 2.078
40 16 0.234 -0.940 2.006
40 17 0.391 -0.507 2.503
40 18 0.340 -0.582 2.198
40 19 0.403 -0.836 2.055
40 20 0.311 -0.834 2.087
41 1 0.308 -0.440 2.481
41 2 0.304 -0.383 2.481
41 3 0.293 -0.115 2.413
41 4 0.322 0.050 2.382
41 5 0.155 -0.200 2.407
41 6 0.067 -0.371 2.375
41 7 0.066 -0.550 2.357
41 8 0.071 -0.604 2.343
41 9 0.462 -0.205 2.443
41 10 0.508 -0.437 2.470
41 11 0.479 -0.599 2.404
41 12 0.470 -0.657 2.390
41 13 0.227 -0.515 2.489
41 14 0.322 -0.686 2.185
41 15 0.226 -0.907 2.080
41 16 0.231 -0.946 2.009
41 17 0.395 -0.505 2.494
41 18 0.344 -0.580 2.190
41 19 0.405 -0.837 2.051
41 20 0.313 -0.833 2.085
42 1 0.312 -0.438 2.467
42 2 0.308 -0.381 2.465
42 3 0.294 -0.116 2.393
42 4 0.326 0.046 2.357
42 5 0.158 -0.199 2.393
42 6 0.077 -0.375 2.368
42 7 0.071 -0.553 2.345
42 8 0.073 -0.606 2.338
42 9 0.467 -0.205 2.425
42 10 0.508 -0.438 2.459
42 11 0.484 -0.606 2.408
42 12 0.479 -0.668 2.399
42 13 0.231 -0.513 2.478
42 14 0.322 -0.686 2.185
42 15 0.221 -0.913 2.086
42 16 0.227 -0.953 2.016
42 17 0.400 -0.503 2.482
42 18 0.354 -0.736 2.181
42 19 0.440 -0.917 2.059
42 20 0.416 -0.948 2.027
43 1 0.316 -0.437 2.455
43 2 0.312 -0.380 2.450
43 3 0.296 -0.119 2.369
43 4 0.329 0.044 2.334
43 5 0.161 -0.200 2.374
43 6 0.086 -0.382 2.360
43 7 0.100 -0.562 2.318
43 8 0.079 -0.607 2.330
43 9 0.473 -0.205 2.405
43 10 0.508 -0.439 2.446
43 11 0.486 -0.610 2.407
43 12 0.502 -0.659 2.400
43 13 0.235 -0.512 2.469
43 14 0.322 -0.686 2.185
43 15 0.216 -0.918 2.095
43 16 0.221 -0.959 2.026
43 17 0.405 -0.501 2.470
43 18 0.358 -0.779 2.175
43 19 0.459 -0.960 2.063
43 20 0.472 -1.012 1.996
44 1 0.319 -0.436 2.442
44 2 0.315 -0.380 2.434
44 3 0.298 -0.123 2.347
44 4 0.333 0.041 2.313
44 5 0.164 -0.200 2.357
44 6 0.092 -0.392 2.346
44 7 0.110 -0.568 2.309
44 8 0.085 -0.611 2.324
44 9 0.478 -0.206 2.386
44 10 0.508 -0.439 2.434
44 11 0.486 -0.612 2.406
44 12 0.514 -0.654 2.402
44 13 0.238 -0.510 2.458
44 14 0.322 -0.686 2.185
44 15 0.211 -0.922 2.108
44 16 0.217 -0.965 2.040
44 17 0.408 -0.499 2.460
44 18 0.360 -0.810 2.173
44 19 0.409 -1.015 2.082
44 20 0.438 -1.073 1.994
45 1 0.322 -0.435 2.430
45 2 0.318 -0.380 2.419
45 3 0.301 -0.128 2.323
45 4 0.337 0.037 2.289
45 5 0.166 -0.203 2.339
45 6 0.097 -0.400 2.334
45 7 0.114 -0.574 2.304
45 8 0.090 -0.617 2.319
45 9 0.482 -0.209 2.362
45 10 0.509 -0.439 2.423
45 11 0.487 -0.614 2.406
45 12 0.523 -0.651 2.404
45 13 0.241 -0.510 2.449
45 14 0.322 -0.687 2.183
45 15 0.202 -0.927 2.122
45 16 0.207 -0.972 2.056
45 17 0.411 -0.499 2.450
45 18 0.362 -0.828 2.172
45 19 0.382 -1.040 2.092
45 20 0.411 -1.102 1.999
46 1 0.325 -0.436 2.419
46 2 0.321 -0.382 2.405
46 3 0.303 -0.134 2.299
46 4 0.342 0.032 2.260
46 5 0.168 -0.208 2.317
46 6 0.101 -0.406 2.323
46 7 0.113 -0.579 2.299
46 8 0.093 -0.621 2.314
46 9 0.485 -0.213 2.339
46 10 0.510 -0.438 2.412
46 11 0.490 -0.615 2.406
46 12 0.533 -0.648 2.407
46 13 0.244 -0.510 2.441
46 14 0.322 -0.691 2.182
46 15 0.176 -0.920 2.144
46 16 0.181 -0.967 2.079
46 17 0.413 -0.499 2.441
46 18 0.363 -0.837 2.171
46 19 0.380 -1.045 2.108
46 20 0.357 -1.000 2.087
47 1 0.326 -0.438 2.406
47 2 0.323 -0.385 2.389
47 3 0.305 -0.142 2.275
47 4 0.346 0.026 2.231
47 5 0.169 -0.212 2.299
47 6 0.103 -0.411 2.310
47 7 0.110 -0.584 2.295
47 8 0.095 -0.625 2.312
47 9 0.485 -0.215 2.318
47 10 0.511 -0.437 2.399
47 11 0.496 -0.614 2.409
47 12 0.544 -0.644 2.411
47 13 0.246 -0.510 2.432
47 14 0.322 -0.697 2.180
47 15 0.157 -0.914 2.159
47 16 0.161 -0.961 2.095
47 17 0.415 -0.500 2.430
47 18 0.351 -0.847 2.162
47 19 0.462 -0.984 2.167
47 20 0.391 -0.948 2.147
48 1 0.329 -0.440 2.393
48 2 0.325 -0.388 2.374
48 3 0.307 -0.149 2.252
48 4 0.350 0.019 2.207
48 5 0.172 -0.218 2.273
48 6 0.106 -0.417 2.297
48 7 0.128 -0.589 2.303
48 8 0.097 -0.626 2.310
48 9 0.485 -0.219 2.298
48 10 0.513 -0.436 2.385
48 11 0.502 -0.613 2.411
48 12 0.552 -0.641 2.415
48 13 0.249 -0.511 2.422
48 14 0.323 -0.704 2.177
48 15 0.160 -0.895 2.158
48 16 0.215 -0.888 2.122
48 17 0.416 -0.501 2.420
48 18 0.347 -0.852 2.158
48 19 0.517 -0.934 2.200
48 20 0.418 -0.892 2.188
49 1 0.331 -0.442 2.383
49 2 0.327 -0.391 2.362
49 3 0.307 -0.154 2.231
49 4 0.354 0.011 2.175
49 5 0.174 -0.223 2.252
49 6 0.108 -0.423 2.284
49 7 0.167 -0.576 2.331
49 8 0.174 -0.616 2.354
49 9 0.486 -0.222 2.282
49 10 0.515 -0.435 2.376
49 11 0.504 -0.612 2.412
49 12 0.554 -0.640 2.418
49 13 0.254 -0.514 2.410
49 14 0.326 -0.713 2.173
49 15 0.162 -0.885 2.157
49 16 0.243 -0.848 2.135
49 17 0.417 -0.502 2.413
49 18 0.344 -0.855 2.156
49 19 0.552 -0.901 2.217
49 20 0.429 -0.871 2.204
50 1 0.333 -0.444 2.373
50 2 0.329 -0.394 2.349
50 3 0.307 -0.158 2.214
50 4 0.357 0.004 2.148
50 5 0.177 -0.226 2.233
50 6 0.110 -0.426 2.273
50 7 0.184 -0.568 2.345
50 8 0.209 -0.609 2.376
50 9 0.486 -0.224 2.268
50 10 0.517 -0.433 2.367
50 11 0.506 -0.610 2.412
50 12 0.553 -0.639 2.421
50 13 0.259 -0.516 2.399
50 14 0.328 -0.723 2.168
50 15 0.162 -0.879 2.155
50 16 0.254 -0.831 2.141
50 17 0.418 -0.502 2.407
50 18 0.342 -0.855 2.153
50 19 0.562 -0.890 2.224
50 20 0.436 -0.858 2.215
51 1 0.336 -0.446 2.365
51 2 0.331 -0.396 2.339
51 3 0.309 -0.163 2.192
51 4 0.361 -0.003 2.123
51 5 0.182 -0.226 2.212
51 6 0.111 -0.428 2.262
51 7 0.157 -0.581 2.318
51 8 0.167 -0.622 2.350
51 9 0.486 -0.226 2.256
51 10 0.519 -0.432 2.359
51 11 0.507 -0.608 2.412
51 12 0.549 -0.638 2.424
51 13 0.264 -0.518 2.390
51 14 0.330 -0.730 2.165
51 15 0.163 -0.875 2.151
51 16 0.261 -0.821 2.145
51 17 0.420 -0.502 2.401
51 18 0.376 -0.842 2.160
51 19 0.428 -0.850 2.164
51 20 0.358 -0.838 2.176
52 1 0.338 -0.447 2.357
52 2 0.334 -0.397 2.329
52 3 0.311 -0.167 2.173
52 4 0.365 -0.007 2.101
52 5 0.188 -0.224 2.192
52 6 0.113 -0.426 2.249
52 7 0.146 -0.582 2.306
52 8 0.128 -0.621 2.320
52 9 0.487 -0.227 2.244
52 10 0.520 -0.430 2.352
52 11 0.509 -0.603 2.411
52 12 0.546 -0.637 2.425
52 13 0.269 -0.518 2.383
52 14 0.332 -0.735 2.162
52 15 0.162 -0.872 2.145
52 16 0.264 -0.815 2.144
52 17 0.421 -0.501 2.396
52 18 0.393 -0.835 2.163
52 19 0.411 -0.830 2.160
52 20 0.312 -0.832 2.149
53 1 0.341 -0.447 2.350
53 2 0.336 -0.398 2.320
53 3 0.311 -0.170 2.155
53 4 0.368 -0.011 2.079
53 5 0.193 -0.223 2.175
53 6 0.115 -0.426 2.240
53 7 0.139 -0.584 2.298
53 8 0.108 -0.620 2.305
53 9 0.487 -0.229 2.233
53 10 0.523 -0.428 2.344
53 11 0.510 -0.596 2.408
53 12 0.542 -0.635 2.426
53 13 0.273 -0.516 2.377
53 14 0.332 -0.739 2.161
53 15 0.162 -0.870 2.141
53 16 0.264 -0.813 2.141
53 17 0.423 -0.498 2.390
53 18 0.401 -0.832 2.165
53 19 0.369 -0.830 2.139
53 20 0.288 -0.833 2.135
54 1 0.344 -0.445 2.342
54 2 0.339 -0.397 2.310
54 3 0.312 -0.172 2.137
54 4 0.370 -0.014 2.061
54 5 0.199 -0.219 2.158
54 6 0.118 -0.425 2.230
54 7 0.136 -0.585 2.292
54 8 0.099 -0.619 2.297
54 9 0.489 -0.229 2.222
54 10 0.525 -0.425 2.336
54 11 0.510 -0.589 2.404
54 12 0.538 -0.633 2.425
54 13 0.278 -0.513 2.371
54 14 0.333 -0.741 2.160
54 15 0.161 -0.868 2.137
54 16 0.263 -0.814 2.136
54 17 0.425 -0.495 2.382
54 18 0.406 -0.830 2.166
54 19 0.374 -0.837 2.142
54 20 0.279 -0.832 2.129
55 1 0.346 -0.443 2.336
55 2 0.341 -0.395 2.302
55 3 0.313 -0.171 2.119
55 4 0.372 -0.016 2.043
55 5 0.203 -0.217 2.145
55 6 0.121 -0.422 2.216
55 7 0.209 -0.556 2.247
55 8 0.245 -0.591 2.252
55 9 0.491 -0.228 2.208
55 10 0.527 -0.421 2.328
55 11 0.510 -0.581 2.398
55 12 0.534 -0.629 2.422
55 13 0.281 -0.509 2.367
55 14 0.334 -0.742 2.159
55 15 0.160 -0.865 2.134
55 16 0.260 -0.816 2.130
55 17 0.426 -0.491 2.376
55 18 0.410 -0.829 2.167
55 19 0.359 -0.832 2.135
55 20 0.277 -0.835 2.126
56 1 0.349 -0.441 2.328
56 2 0.343 -0.393 2.292
56 3 0.314 -0.170 2.104
56 4 0.374 -0.016 2.028
56 5 0.207 -0.215 2.135
56 6 0.124 -0.419 2.202
56 7 0.241 -0.541 2.225
56 8 0.275 -0.581 2.236
56 9 0.493 -0.226 2.194
56 10 0.523 -0.418 2.314
56 11 0.514 -0.573 2.394
56 12 0.533 -0.625 2.420
56 13 0.284 -0.504 2.361
56 14 0.334 -0.744 2.159
56 15 0.159 -0.864 2.131
56 16 0.257 -0.819 2.125
56 17 0.427 -0.487 2.369
56 18 0.412 -0.828 2.168
56 19 0.370 -0.842 2.139
56 20 0.278 -0.839 2.124
57 1 0.351 -0.436 2.319
57 2 0.345 -0.389 2.281
57 3 0.317 -0.168 2.090
57 4 0.376 -0.013 2.013
57 5 0.211 -0.212 2.123
57 6 0.127 -0.416 2.192
57 7 0.255 -0.534 2.215
57 8 0.308 -0.574 2.226
57 9 0.496 -0.223 2.181
57 10 0.520 -0.415 2.302
57 11 0.518 -0.566 2.386
57 12 0.533 -0.621 2.415
57 13 0.288 -0.496 2.353
57 14 0.335 -0.744 2.159
57 15 0.159 -0.863 2.129
57 16 0.255 -0.821 2.121
57 17 0.428 -0.482 2.361
57 18 0.413 -0.827 2.168
57 19 0.370 -0.844 2.137
57 20 0.276 -0.841 2.121
58 1 0.354 -0.430 2.308
58 2 0.348 -0.383 2.270
58 3 0.320 -0.165 2.078
58 4 0.379 -0.007 1.997
58 5 0.215 -0.206 2.111
58 6 0.132 -0.412 2.184
58 7 0.264 -0.530 2.208
58 8 0.319 -0.571 2.222
58 9 0.500 -0.218 2.167
58 10 0.515 -0.409 2.289
58 11 0.526 -0.560 2.360
58 12 0.535 -0.615 2.397
58 13 0.291 -0.487 2.344
58 14 0.335 -0.744 2.158
58 15 0.158 -0.862 2.128
58 16 0.253 -0.823 2.118
58 17 0.430 -0.475 2.353
58 18 0.412 -0.731 2.170
58 19 0.361 -0.936 2.175
58 20 0.333 -0.980 2.137
59 1 0.357 -0.422 2.298
59 2 0.351 -0.377 2.259
59 3 0.325 -0.160 2.065
59 4 0.384 0.002 1.982
59 5 0.220 -0.193 2.095
59 6 0.144 -0.398 2.173
59 7 0.269 -0.526 2.204
59 8 0.310 -0.570 2.222
59 9 0.503 -0.212 2.153
59 10 0.510 -0.403 2.273
59 11 0.530 -0.556 2.346
59 12 0.539 -0.608 2.376
59 13 0.295 -0.477 2.334
59 14 0.336 -0.744 2.158
59 15 0.145 -0.877 2.146
59 16 0.177 -0.911 2.118
59 17 0.431 -0.467 2.343
59 18 0.412 -0.779 2.165
59 19 0.370 -0.977 2.161
59 20 0.330 -1.002 2.129
60 1 0.361 -0.413 2.287
60 2 0.355 -0.367 2.247
60 3 0.331 -0.149 2.052
60 4 0.391 0.015 1.968
60 5 0.224 -0.180 2.083
60 6 0.153 -0.384 2.165
60 7 0.180 -0.535 2.228
60 8 0.173 -0.590 2.262
60 9 0.506 -0.205 2.141
60 10 0.505 -0.397 2.260
60 11 0.532 -0.553 2.334
60 12 0.541 -0.602 2.359
60 13 0.299 -0.465 2.325
60 14 0.336 -0.744 2.158
60 15 0.136 -0.886 2.156
60 16 0.128 -0.964 2.117
60 17 0.434 -0.458 2.333
60 18 0.414 -0.775 2.164
60 19 0.376 -0.996 2.153
60 20 0.328 -1.018 2.124
61 1 0.364 -0.403 2.278
61 2 0.359 -0.357 2.237
61 3 0.336 -0.130 2.038
61 4 0.398 0.031 1.956
61 5 0.228 -0.164 2.073
61 6 0.162 -0.369 2.158
61 7 0.205 -0.526 2.213
61 8 0.232 -0.581 2.232
61 9 0.510 -0.194 2.127
61 10 0.502 -0.388 2.245
61 11 0.533 -0.547 2.324
61 12 0.542 -0.594 2.345
61 13 0.302 -0.454 2.316
61 14 0.336 -0.744 2.157
61 15 0.130 -0.893 2.162
61 16 0.110 -0.985 2.116
61 17 0.436 -0.448 2.323
61 18 0.413 -0.780 2.161
61 19 0.380 -1.002 2.141
61 20 0.320 -1.017 2.112
62 1 0.367 -0.387 2.266
62 2 0.362 -0.345 2.229
62 3 0.340 -0.122 2.034
62 4 0.402 0.043 1.949
62 5 0.233 -0.141 2.063
62 6 0.159 -0.339 2.147
62 7 0.190 -0.512 2.208
62 8 0.152 -0.543 2.237
62 9 0.513 -0.183 2.116
62 10 0.500 -0.378 2.233
62 11 0.535 -0.540 2.307
62 12 0.545 -0.585 2.326
62 13 0.305 -0.438 2.307
62 14 0.335 -0.744 2.156
62 15 0.127 -0.899 2.165
62 16 0.100 -0.998 2.115
62 17 0.439 -0.434 2.308
62 18 0.412 -0.764 2.158
62 19 0.378 -1.014 2.137
62 20 0.346 -1.063 2.094
63 1 0.371 -0.373 2.258
63 2 0.366 -0.334 2.222
63 3 0.344 -0.116 2.033
63 4 0.404 0.052 1.947
63 5 0.236 -0.121 2.056
63 6 0.158 -0.319 2.139
63 7 0.148 -0.482 2.208
63 8 0.109 -0.526 2.244
63 9 0.516 -0.174 2.108
63 10 0.500 -0.371 2.223
63 11 0.534 -0.534 2.294
63 12 0.545 -0.579 2.311
63 13 0.308 -0.424 2.300
63 14 0.334 -0.742 2.154
63 15 0.126 -0.904 2.167
63 16 0.096 -1.006 2.114
63 17 0.442 -0.422 2.297
63 18 0.411 -0.753 2.156
63 19 0.378 -1.021 2.135
63 20 0.356 -1.079 2.086
64 1 0.376 -0.352 2.246
64 2 0.372 -0.315 2.213
64 3 0.351 -0.110 2.036
64 4 0.406 0.060 1.947
64 5 0.238 -0.104 2.052
64 6 0.156 -0.294 2.132
64 7 0.126 -0.453 2.202
64 8 0.097 -0.490 2.228
64 9 0.521 -0.150 2.096
64 10 0.508 -0.350 2.204
64 11 0.522 -0.508 2.272
64 12 0.540 -0.565 2.298
64 13 0.314 -0.403 2.287
64 14 0.332 -0.739 2.152
64 15 0.126 -0.907 2.169
64 16 0.100 -1.005 2.112
64 17 0.445 -0.404 2.285
64 18 0.409 -0.730 2.154
64 19 0.377 -1.023 2.134
64 20 0.365 -1.086 2.081
65 1 0.380 -0.335 2.238
65 2 0.377 -0.297 2.206
65 3 0.360 -0.098 2.043
65 4 0.409 0.077 1.954
65 5 0.241 -0.077 2.048
65 6 0.156 -0.274 2.125
65 7 0.120 -0.433 2.195
65 8 0.096 -0.470 2.218
65 9 0.524 -0.131 2.088
65 10 0.518 -0.332 2.191
65 11 0.512 -0.490 2.255
65 12 0.534 -0.550 2.284
65 13 0.319 -0.387 2.276
65 14 0.329 -0.733 2.149
65 15 0.126 -0.908 2.167
65 16 0.109 -0.998 2.105
65 17 0.447 -0.388 2.277
65 18 0.409 -0.718 2.152
65 19 0.377 -1.017 2.133
65 20 0.372 -1.083 2.077
66 1 0.381 -0.309 2.225
66 2 0.380 -0.268 2.194
66 3 0.373 -0.064 2.046
66 4 0.415 0.114 1.956
66 5 0.245 -0.053 2.044
66 6 0.155 -0.223 2.109
66 7 0.125 -0.408 2.183
66 8 0.104 -0.448 2.203
66 9 0.532 -0.093 2.080
66 10 0.528 -0.303 2.173
66 11 0.509 -0.473 2.243
66 12 0.529 -0.525 2.268
66 13 0.319 -0.365 2.261
66 14 0.325 -0.724 2.146
66 15 0.158 -0.923 2.139
66 16 0.156 -0.996 2.074
66 17 0.447 -0.364 2.264
66 18 0.411 -0.680 2.155
66 19 0.376 -1.000 2.132
66 20 0.379 -1.064 2.073
67 1 0.382 -0.293 2.216
67 2 0.381 -0.249 2.186
67 3 0.380 -0.030 2.047
67 4 0.417 0.155 1.963
67 5 0.248 -0.025 2.043
67 6 0.155 -0.201 2.103
67 7 0.133 -0.386 2.171
67 8 0.113 -0.427 2.189
67 9 0.539 -0.063 2.075
67 10 0.539 -0.278 2.162
67 11 0.509 -0.444 2.215
67 12 0.526 -0.502 2.246
67 13 0.319 -0.346 2.248
67 14 0.323 -0.708 2.143
67 15 0.179 -0.928 2.125
67 16 0.184 -0.990 2.059
67 17 0.447 -0.351 2.256
67 18 0.411 -0.666 2.155
67 19 0.374 -0.985 2.130
67 20 0.381 -1.047 2.070
68 1 0.382 -0.273 2.207
68 2 0.382 -0.227 2.177
68 3 0.387 0.005 2.047
68 4 0.419 0.191 1.965
68 5 0.252 0.007 2.042
68 6 0.155 -0.186 2.100
68 7 0.135 -0.360 2.161
68 8 0.118 -0.416 2.182
68 9 0.543 -0.043 2.073
68 10 0.545 -0.261 2.153
68 11 0.513 -0.442 2.210
68 12 0.526 -0.495 2.239
68 13 0.316 -0.325 2.237
68 14 0.321 -0.694 2.143
68 15 0.197 -0.927 2.114
68 16 0.204 -0.982 2.048
68 17 0.446 -0.335 2.245
68 18 0.411 -0.658 2.156
68 19 0.370 -0.968 2.127
68 20 0.377 -1.026 2.065
69 1 0.382 -0.242 2.193
69 2 0.383 -0.197 2.167
69 3 0.390 0.033 2.048
69 4 0.420 0.224 1.972
69 5 0.254 0.053 2.043
69 6 0.161 -0.158 2.098
69 7 0.138 -0.334 2.151
69 8 0.124 -0.390 2.170
69 9 0.550 -0.008 2.072
69 10 0.556 -0.231 2.143
69 11 0.528 -0.403 2.191
69 12 0.529 -0.464 2.219
69 13 0.315 -0.297 2.223
69 14 0.320 -0.643 2.150
69 15 0.214 -0.918 2.107
69 16 0.222 -0.969 2.042
69 17 0.446 -0.311 2.228
69 18 0.412 -0.651 2.155
69 19 0.367 -0.945 2.124
69 20 0.374 -0.998 2.061
70 1 0.383 -0.214 2.181
70 2 0.384 -0.164 2.156
70 3 0.390 0.081 2.046
70 4 0.423 0.272 1.973
70 5 0.253 0.082 2.045
70 6 0.164 -0.131 2.104
70 7 0.141 -0.312 2.146
70 8 0.127 -0.363 2.160
70 9 0.554 0.033 2.070
70 10 0.568 -0.187 2.133
70 11 0.544 -0.368 2.177
70 12 0.556 -0.419 2.196
70 13 0.314 -0.269 2.209
70 14 0.319 -0.617 2.154
70 15 0.230 -0.904 2.102
70 16 0.238 -0.951 2.038
70 17 0.449 -0.287 2.211
70 18 0.412 -0.647 2.155
70 19 0.366 -0.921 2.123
70 20 0.372 -0.971 2.059
71 1 0.383 -0.193 2.172
71 2 0.384 -0.142 2.148
71 3 0.390 0.109 2.046
71 4 0.423 0.303 1.978
71 5 0.250 0.109 2.049
71 6 0.167 -0.108 2.108
71 7 0.143 -0.293 2.143
71 8 0.129 -0.343 2.155
71 9 0.556 0.053 2.070
71 10 0.572 -0.170 2.129
71 11 0.556 -0.345 2.165
71 12 0.565 -0.392 2.181
71 13 0.313 -0.248 2.196
71 14 0.319 -0.603 2.156
71 15 0.256 -0.853 2.103
71 16 0.292 -0.883 2.055
71 17 0.450 -0.270 2.200
71 18 0.413 -0.643 2.155
71 19 0.366 -0.902 2.122
71 20 0.371 -0.950 2.058
72 1 0.381 -0.171 2.161
72 2 0.383 -0.121 2.141
72 3 0.388 0.138 2.050
72 4 0.422 0.334 1.986
72 5 0.248 0.131 2.053
72 6 0.170 -0.086 2.113
72 7 0.147 -0.270 2.140
72 8 0.133 -0.318 2.147
72 9 0.559 0.075 2.072
72 10 0.575 -0.152 2.126
72 11 0.564 -0.324 2.156
72 12 0.570 -0.353 2.166
72 13 0.309 -0.224 2.179
72 14 0.319 -0.593 2.157
72 15 0.267 -0.829 2.104
72 16 0.314 -0.855 2.063
72 17 0.449 -0.252 2.188
72 18 0.413 -0.640 2.154
72 19 0.371 -0.857 2.124
72 20 0.317 -0.867 2.087
73 1 0.379 -0.156 2.153
73 2 0.381 -0.105 2.134
73 3 0.388 0.157 2.053
73 4 0.421 0.354 1.992
73 5 0.247 0.150 2.058
73 6 0.171 -0.068 2.116
73 7 0.148 -0.254 2.138
73 8 0.134 -0.302 2.143
73 9 0.560 0.099 2.076
73 10 0.578 -0.132 2.125
73 11 0.570 -0.303 2.148
73 12 0.576 -0.327 2.153
73 13 0.306 -0.209 2.166
73 14 0.319 -0.586 2.158
73 15 0.272 -0.818 2.104
73 16 0.326 -0.840 2.068
73 17 0.448 -0.238 2.177
73 18 0.413 -0.637 2.153
73 19 0.373 -0.841 2.125
73 20 0.326 -0.852 2.084
74 1 0.378 -0.140 2.143
74 2 0.380 -0.089 2.127
74 3 0.388 0.178 2.059
74 4 0.420 0.376 2.000
74 5 0.247 0.165 2.063
74 6 0.173 -0.053 2.119
74 7 0.148 -0.241 2.136
74 8 0.135 -0.292 2.139
74 9 0.562 0.118 2.081
74 10 0.585 -0.102 2.125
74 11 0.578 -0.276 2.137
74 12 0.579 -0.316 2.147
74 13 0.304 -0.193 2.153
74 14 0.319 -0.581 2.157
74 15 0.275 -0.811 2.105
74 16 0.330 -0.834 2.070
74 17 0.446 -0.220 2.159
74 18 0.413 -0.636 2.153
74 19 0.374 -0.832 2.126
74 20 0.340 -0.851 2.077
75 1 0.378 -0.122 2.131
75 2 0.380 -0.072 2.119
75 3 0.388 0.194 2.064
75 4 0.419 0.393 2.008
75 5 0.248 0.177 2.068
75 6 0.173 -0.041 2.120
75 7 0.148 -0.233 2.134
75 8 0.135 -0.285 2.137
75 9 0.563 0.135 2.085
75 10 0.590 -0.086 2.125
75 11 0.582 -0.261 2.131
75 12 0.582 -0.305 2.139
75 13 0.304 -0.182 2.140
75 14 0.317 -0.575 2.151
75 15 0.275 -0.808 2.105
75 16 0.326 -0.837 2.073
75 17 0.447 -0.192 2.136
75 18 0.409 -0.580 2.150
75 19 0.378 -0.822 2.127
75 20 0.390 -0.865 2.116
76 1 0.379 -0.112 2.123
76 2 0.380 -0.062 2.114
76 3 0.389 0.203 2.068
76 4 0.418 0.404 2.016
76 5 0.248 0.186 2.072
76 6 0.174 -0.034 2.121
76 7 0.148 -0.226 2.130
76 8 0.136 -0.280 2.134
76 9 0.565 0.150 2.090
76 10 0.592 -0.075 2.124
76 11 0.586 -0.251 2.127
76 12 0.585 -0.297 2.132
76 13 0.304 -0.174 2.130
76 14 0.312 -0.565 2.134
76 15 0.273 -0.807 2.104
76 16 0.317 -0.846 2.075
76 17 0.448 -0.181 2.126
76 18 0.408 -0.551 2.149
76 19 0.380 -0.816 2.128
76 20 0.420 -0.871 2.136
77 1 0.379 -0.105 2.118
77 2 0.381 -0.055 2.110
77 3 0.390 0.209 2.071
77 4 0.416 0.412 2.023
77 5 0.249 0.192 2.075
77 6 0.175 -0.029 2.121
77 7 0.149 -0.221 2.125
77 8 0.137 -0.277 2.127
77 9 0.566 0.160 2.093
77 10 0.595 -0.068 2.124
77 11 0.588 -0.244 2.123
77 12 0.588 -0.291 2.125
77 13 0.304 -0.169 2.120
77 14 0.306 -0.558 2.113
77 15 0.268 -0.806 2.096
77 16 0.312 -0.850 2.075
77 17 0.448 -0.174 2.120
77 18 0.408 -0.539 2.147
77 19 0.382 -0.812 2.128
77 20 0.433 -0.874 2.144
78 1 0.379 -0.101 2.112
78 2 0.381 -0.051 2.107
78 3 0.390 0.213 2.073
78 4 0.415 0.417 2.028
78 5 0.249 0.196 2.077
78 6 0.175 -0.026 2.120
78 7 0.150 -0.218 2.114
78 8 0.139 -0.276 2.115
78 9 0.567 0.167 2.094
78 10 0.596 -0.063 2.123
78 11 0.592 -0.239 2.117
78 12 0.592 -0.285 2.108
78 13 0.304 -0.166 2.111
78 14 0.302 -0.552 2.089
78 15 0.264 -0.803 2.082
78 16 0.305 -0.854 2.069
78 17 0.448 -0.170 2.113
78 18 0.409 -0.534 2.143
78 19 0.384 -0.810 2.127
78 20 0.441 -0.874 2.149
79 1 0.379 -0.098 2.107
79 2 0.381 -0.048 2.103
79 3 0.391 0.215 2.075
79 4 0.413 0.420 2.035
79 5 0.249 0.198 2.079
79 6 0.177 -0.025 2.116
79 7 0.153 -0.223 2.096
79 8 0.143 -0.279 2.098
79 9 0.567 0.171 2.096
79 10 0.597 -0.059 2.123
79 11 0.596 -0.236 2.105
79 12 0.596 -0.281 2.093
79 13 0.304 -0.164 2.102
79 14 0.301 -0.547 2.067
79 15 0.261 -0.792 2.051
79 16 0.298 -0.854 2.065
79 17 0.448 -0.169 2.106
79 18 0.412 -0.538 2.135
79 19 0.386 -0.808 2.127
79 20 0.445 -0.875 2.151
80 1 0.379 -0.097 2.100
80 2 0.381 -0.046 2.098
80 3 0.391 0.216 2.077
80 4 0.411 0.422 2.040
80 5 0.249 0.200 2.080
80 6 0.180 -0.027 2.107
80 7 0.157 -0.228 2.079
80 8 0.151 -0.283 2.074
80 9 0.567 0.174 2.097
80 10 0.599 -0.057 2.120
80 11 0.599 -0.235 2.090
80 12 0.599 -0.278 2.079
80 13 0.304 -0.164 2.093
80 14 0.293 -0.548 2.036
80 15 0.259 -0.777 2.016
80 16 0.296 -0.839 2.020
80 17 0.448 -0.169 2.097
80 18 0.415 -0.543 2.129
80 19 0.389 -0.807 2.125
80 20 0.444 -0.876 2.149
81 1 0.379 -0.097 2.092
81 2 0.381 -0.045 2.092
81 3 0.391 0.216 2.079
81 4 0.408 0.422 2.045
81 5 0.250 0.200 2.082
81 6 0.182 -0.031 2.097
81 7 0.162 -0.232 2.063
81 8 0.157 -0.285 2.057
81 9 0.568 0.177 2.097
81 10 0.600 -0.056 2.115
81 11 0.604 -0.233 2.073
81 12 0.604 -0.289 2.059
81 13 0.304 -0.164 2.084
81 14 0.289 -0.548 2.020
81 15 0.258 -0.768 1.992
81 16 0.296 -0.829 1.998
81 17 0.447 -0.170 2.088
81 18 0.418 -0.549 2.124
81 19 0.392 -0.807 2.124
81 20 0.420 -0.855 2.082
82 1 0.377 -0.097 2.084
82 2 0.380 -0.045 2.087
82 3 0.392 0.216 2.080
82 4 0.406 0.423 2.049
82 5 0.250 0.200 2.082
82 6 0.184 -0.034 2.089
82 7 0.169 -0.242 2.043
82 8 0.160 -0.290 2.045
82 9 0.568 0.178 2.098
82 10 0.601 -0.054 2.107
82 11 0.607 -0.230 2.055
82 12 0.608 -0.294 2.038
82 13 0.302 -0.163 2.075
82 14 0.285 -0.547 2.008
82 15 0.257 -0.760 1.966
82 16 0.307 -0.801 1.953
82 17 0.445 -0.172 2.078
82 18 0.420 -0.552 2.119
82 19 0.394 -0.806 2.123
82 20 0.407 -0.843 2.046
83 1 0.375 -0.096 2.076
83 2 0.378 -0.045 2.081
83 3 0.392 0.215 2.080
83 4 0.404 0.424 2.053
83 5 0.250 0.200 2.083
83 6 0.186 -0.036 2.083
83 7 0.171 -0.246 2.033
83 8 0.162 -0.293 2.035
83 9 0.567 0.179 2.098
83 10 0.601 -0.053 2.098
83 11 0.609 -0.228 2.038
83 12 0.610 -0.296 2.023
83 13 0.300 -0.163 2.068
83 14 0.282 -0.546 2.000
83 15 0.256 -0.753 1.947
83 16 0.312 -0.786 1.928
83 17 0.442 -0.172 2.067
83 18 0.422 -0.554 2.116
83 19 0.396 -0.806 2.123
83 20 0.402 -0.838 2.032
84 1 0.373 -0.096 2.069
84 2 0.377 -0.044 2.077
84 3 0.391 0.215 2.081
84 4 0.401 0.424 2.055
84 5 0.249 0.200 2.083
84 6 0.187 -0.037 2.077
84 7 0.172 -0.246 2.023
84 8 0.162 -0.292 2.023
84 9 0.567 0.180 2.098
84 10 0.600 -0.052 2.088
84 11 0.609 -0.225 2.025
84 12 0.610 -0.296 2.008
84 13 0.298 -0.162 2.061
84 14 0.277 -0.543 1.990
84 15 0.255 -0.749 1.932
84 16 0.315 -0.777 1.910
84 17 0.439 -0.172 2.059
84 18 0.422 -0.556 2.114
84 19 0.397 -0.806 2.122
84 20 0.399 -0.835 2.023
85 1 0.371 -0.096 2.061
85 2 0.375 -0.045 2.072
85 3 0.391 0.214 2.081
85 4 0.399 0.425 2.057
85 5 0.249 0.199 2.083
85 6 0.187 -0.038 2.071
85 7 0.171 -0.242 2.013
85 8 0.160 -0.288 2.009
85 9 0.566 0.181 2.096
85 10 0.599 -0.050 2.076
85 11 0.607 -0.222 2.011
85 12 0.609 -0.294 1.993
85 13 0.296 -0.162 2.054
85 14 0.272 -0.542 1.983
85 15 0.254 -0.747 1.921
85 16 0.317 -0.770 1.898
85 17 0.436 -0.172 2.050
85 18 0.423 -0.557 2.112
85 19 0.398 -0.806 2.122
85 20 0.397 -0.834 2.019
86 1 0.368 -0.096 2.054
86 2 0.373 -0.045 2.068
86 3 0.390 0.213 2.080
86 4 0.396 0.425 2.059
86 5 0.248 0.199 2.083
86 6 0.186 -0.039 2.063
86 7 0.168 -0.239 2.005
86 8 0.157 -0.285 1.998
86 9 0.564 0.181 2.095
86 10 0.596 -0.050 2.064
86 11 0.604 -0.220 1.997
86 12 0.606 -0.292 1.979
86 13 0.293 -0.162 2.047
86 14 0.267 -0.540 1.978
86 15 0.250 -0.745 1.910
86 16 0.316 -0.764 1.888
86 17 0.434 -0.173 2.042
86 18 0.423 -0.558 2.111
86 19 0.399 -0.806 2.121
86 20 0.360 -0.842 2.073
87 1 0.364 -0.097 2.046
87 2 0.369 -0.046 2.063
87 3 0.387 0.212 2.078
87 4 0.393 0.425 2.060
87 5 0.246 0.198 2.082
87 6 0.183 -0.039 2.055
87 7 0.164 -0.236 1.997
87 8 0.154 -0.283 1.988
87 9 0.560 0.180 2.091
87 10 0.591 -0.051 2.051
87 11 0.599 -0.220 1.983
87 12 0.600 -0.291 1.965
87 13 0.290 -0.162 2.039
87 14 0.260 -0.538 1.972
87 15 0.245 -0.743 1.899
87 16 0.307 -0.759 1.869
87 17 0.430 -0.174 2.033
87 18 0.423 -0.559 2.109
87 19 0.399 -0.806 2.121
87 20 0.339 -0.846 2.103
88 1 0.360 -0.098 2.038
88 2 0.365 -0.048 2.058
88 3 0.383 0.209 2.075
88 4 0.389 0.424 2.060
88 5 0.243 0.196 2.078
88 6 0.178 -0.040 2.044
88 7 0.159 -0.235 1.989
88 8 0.151 -0.283 1.981
88 9 0.554 0.179 2.084
88 10 0.584 -0.053 2.037
88 11 0.592 -0.222 1.969
88 12 0.595 -0.292 1.953
88 13 0.286 -0.162 2.032
88 14 0.253 -0.536 1.967
88 15 0.238 -0.741 1.888
88 16 0.301 -0.752 1.859
88 17 0.425 -0.175 2.023
88 18 0.423 -0.560 2.107
88 19 0.400 -0.806 2.121
88 20 0.335 -0.854 2.118
89 1 0.355 -0.100 2.029
89 2 0.360 -0.051 2.052
89 3 0.376 0.206 2.068
89 4 0.383 0.423 2.059
89 5 0.237 0.194 2.072
89 6 0.173 -0.041 2.034
89 7 0.153 -0.233 1.982
89 8 0.149 -0.282 1.974
89 9 0.546 0.178 2.075
89 10 0.575 -0.057 2.022
89 11 0.582 -0.225 1.954
89 12 0.588 -0.294 1.940
89 13 0.282 -0.164 2.021
89 14 0.243 -0.535 1.959
89 15 0.230 -0.750 1.876
89 16 0.248 -0.780 1.809
89 17 0.420 -0.176 2.014
89 18 0.422 -0.561 2.105
89 19 0.399 -0.806 2.121
89 20 0.371 -0.846 2.081
90 1 0.349 -0.103 2.018
90 2 0.354 -0.054 2.045
90 3 0.368 0.202 2.061
90 4 0.375 0.421 2.057
90 5 0.229 0.191 2.065
90 6 0.166 -0.042 2.023
90 7 0.147 -0.233 1.974
90 8 0.146 -0.282 1.967
90 9 0.527 0.175 2.056
90 10 0.567 -0.060 2.009
90 11 0.573 -0.228 1.941
90 12 0.578 -0.285 1.931
90 13 0.276 -0.166 2.010
90 14 0.233 -0.536 1.951
90 15 0.223 -0.758 1.865
90 16 0.219 -0.796 1.780
90 17 0.414 -0.178 2.002
90 18 0.421 -0.563 2.101
90 19 0.399 -0.807 2.121
90 20 0.385 -0.842 2.063
91 1 0.343 -0.105 2.007
91 2 0.347 -0.057 2.036
91 3 0.360 0.198 2.052
91 4 0.367 0.418 2.053
91 5 0.219 0.189 2.056
91 6 0.158 -0.043 2.013
91 7 0.141 -0.233 1.966
91 8 0.142 -0.283 1.960
91 9 0.519 0.174 2.046
91 10 0.556 -0.062 1.994
91 11 0.563 -0.231 1.929
91 12 0.568 -0.278 1.922
91 13 0.270 -0.168 1.997
91 14 0.224 -0.538 1.941
91 15 0.216 -0.764 1.855
91 16 0.204 -0.804 1.764
91 17 0.408 -0.179 1.991
91 18 0.417 -0.566 2.092
91 19 0.399 -0.807 2.121
91 20 0.394 -0.840 2.051
92 1 0.335 -0.107 1.992
92 2 0.339 -0.061 2.025
92 3 0.351 0.194 2.041
92 4 0.355 0.415 2.044
92 5 0.207 0.186 2.045
92 6 0.148 -0.046 2.001
92 7 0.132 -0.234 1.954
92 8 0.133 -0.285 1.947
92 9 0.503 0.170 2.028
92 10 0.547 -0.066 1.981
92 11 0.551 -0.235 1.917
92 12 0.557 -0.273 1.912
92 13 0.263 -0.170 1.983
92 14 0.215 -0.541 1.929
92 15 0.211 -0.770 1.847
92 16 0.194 -0.809 1.754
92 17 0.399 -0.181 1.975
92 18 0.412 -0.570 2.078
92 19 0.399 -0.807 2.121
92 20 0.372 -0.849 2.076
93 1 0.326 -0.110 1.978
93 2 0.330 -0.064 2.012
93 3 0.340 0.190 2.029
93 4 0.344 0.412 2.036
93 5 0.195 0.184 2.035
93 6 0.137 -0.047 1.990
93 7 0.121 -0.235 1.940
93 8 0.117 -0.286 1.928
93 9 0.488 0.167 2.013
93 10 0.537 -0.068 1.968
93 11 0.540 -0.238 1.907
93 12 0.547 -0.271 1.904
93 13 0.256 -0.172 1.968
93 14 0.209 -0.543 1.920
93 15 0.208 -0.775 1.842
93 16 0.188 -0.812 1.748
93 17 0.390 -0.182 1.959
93 18 0.402 -0.572 2.055
93 19 0.398 -0.807 2.121
93 20 0.358 -0.854 2.094
94 1 0.316 -0.110 1.962
94 2 0.321 -0.067 1.998
94 3 0.330 0.188 2.017
94 4 0.332 0.410 2.024
94 5 0.185 0.184 2.026
94 6 0.127 -0.048 1.978
94 7 0.110 -0.235 1.924
94 8 0.106 -0.286 1.913
94 9 0.478 0.166 2.000
94 10 0.528 -0.069 1.955
94 11 0.531 -0.240 1.898
94 12 0.537 -0.269 1.894
94 13 0.248 -0.172 1.953
94 14 0.202 -0.544 1.909
94 15 0.205 -0.778 1.838
94 16 0.183 -0.815 1.743
94 17 0.378 -0.181 1.940
94 18 0.392 -0.571 2.036
94 19 0.393 -0.800 2.107
94 20 0.369 -0.836 2.050
95 1 0.306 -0.111 1.945
95 2 0.310 -0.068 1.983
95 3 0.319 0.186 2.003
95 4 0.320 0.408 2.013
95 5 0.174 0.184 2.016
95 6 0.117 -0.047 1.968
95 7 0.096 -0.232 1.907
95 8 0.092 -0.283 1.896
95 9 0.466 0.165 1.987
95 10 0.515 -0.069 1.938
95 11 0.521 -0.241 1.886
95 12 0.526 -0.267 1.882
95 13 0.238 -0.172 1.938
95 14 0.195 -0.544 1.899
95 15 0.203 -0.781 1.834
95 16 0.180 -0.817 1.740
95 17 0.367 -0.180 1.921
95 18 0.377 -0.558 2.004
95 19 0.387 -0.789 2.088
95 20 0.374 -0.817 2.012
96 1 0.296 -0.110 1.931
96 2 0.301 -0.068 1.971
96 3 0.311 0.185 1.993
96 4 0.311 0.407 2.003
96 5 0.162 0.186 2.006
96 6 0.105 -0.046 1.956
96 7 0.083 -0.229 1.890
96 8 0.079 -0.280 1.881
96 9 0.452 0.165 1.971
96 10 0.504 -0.069 1.924
96 11 0.511 -0.242 1.873
96 12 0.516 -0.266 1.869
96 13 0.229 -0.172 1.924
96 14 0.188 -0.544 1.888
96 15 0.201 -0.783 1.831
96 16 0.178 -0.818 1.737
96 17 0.356 -0.178 1.904
96 18 0.367 -0.552 1.983
96 19 0.381 -0.779 2.064
96 20 0.375 -0.804 1.979
97 1 0.284 -0.108 1.915
97 2 0.290 -0.067 1.956
97 3 0.300 0.185 1.981
97 4 0.302 0.406 1.993
97 5 0.149 0.188 1.995
97 6 0.094 -0.044 1.945
97 7 0.073 -0.226 1.878
97 8 0.067 -0.276 1.867
97 9 0.440 0.165 1.958
97 10 0.493 -0.069 1.911
97 11 0.502 -0.242 1.861
97 12 0.507 -0.264 1.857
97 13 0.217 -0.170 1.909
97 14 0.180 -0.543 1.877
97 15 0.200 -0.784 1.828
97 16 0.177 -0.819 1.736
97 17 0.344 -0.175 1.887
97 18 0.357 -0.545 1.960
97 19 0.371 -0.765 2.029
97 20 0.369 -0.791 1.946
98 1 0.273 -0.107 1.901
98 2 0.279 -0.067 1.943
98 3 0.290 0.185 1.970
98 4 0.293 0.406 1.982
98 5 0.139 0.189 1.984
98 6 0.083 -0.043 1.933
98 7 0.062 -0.223 1.865
98 8 0.055 -0.274 1.853
98 9 0.432 0.166 1.949
98 10 0.484 -0.067 1.901
98 11 0.492 -0.240 1.848
98 12 0.498 -0.262 1.844
98 13 0.205 -0.169 1.892
98 14 0.172 -0.544 1.867
98 15 0.198 -0.786 1.826
98 16 0.176 -0.820 1.735
98 17 0.334 -0.174 1.873
98 18 0.349 -0.540 1.935
98 19 0.358 -0.745 1.986
98 20 0.358 -0.772 1.904
99 1 0.263 -0.105 1.888
99 2 0.268 -0.066 1.930
99 3 0.278 0.186 1.958
99 4 0.284 0.407 1.971
99 5 0.128 0.190 1.970
99 6 0.071 -0.041 1.918
99 7 0.052 -0.222 1.853
99 8 0.045 -0.274 1.842
99 9 0.424 0.167 1.940
99 10 0.476 -0.066 1.891
99 11 0.484 -0.238 1.836
99 12 0.490 -0.260 1.831
99 13 0.195 -0.167 1.877
99 14 0.165 -0.544 1.857
99 15 0.195 -0.786 1.824
99 16 0.175 -0.820 1.734
99 17 0.325 -0.172 1.862
99 18 0.340 -0.532 1.902
99 19 0.352 -0.736 1.964
99 20 0.353 -0.764 1.884
100 1 0.255 -0.104 1.877
100 2 0.260 -0.065 1.920
100 3 0.268 0.186 1.947
100 4 0.275 0.408 1.961
100 5 0.118 0.191 1.958
100 6 0.058 -0.040 1.903
100 7 0.044 -0.222 1.843
100 8 0.038 -0.276 1.834
100 9 0.418 0.168 1.934
100 10 0.468 -0.065 1.883
100 11 0.478 -0.236 1.826
100 12 0.483 -0.259 1.820
100 13 0.186 -0.165 1.863
100 14 0.160 -0.544 1.850
100 15 0.192 -0.787 1.821
100 16 0.174 -0.820 1.734
100 17 0.319 -0.171 1.853
100 18 0.335 -0.532 1.874
100 19 0.343 -0.733 1.921
100 20 0.354 -0.768 1.875
101 1 0.248 -0.103 1.866
101 2 0.251 -0.064 1.909
101 3 0.258 0.187 1.937
101 4 0.268 0.408 1.952
101 5 0.110 0.190 1.943
101 6 0.048 -0.040 1.889
101 7 0.036 -0.222 1.834
101 8 0.032 -0.278 1.827
101 9 0.413 0.169 1.929
101 10 0.460 -0.064 1.874
101 11 0.472 -0.235 1.817
101 12 0.477 -0.257 1.811
101 13 0.178 -0.164 1.850
101 14 0.157 -0.545 1.845
101 15 0.187 -0.787 1.819
101 16 0.174 -0.820 1.734
101 17 0.312 -0.170 1.844
101 18 0.326 -0.530 1.837
101 19 0.335 -0.728 1.891
101 20 0.343 -0.761 1.839
102 1 0.242 -0.102 1.857
102 2 0.244 -0.064 1.901
102 3 0.250 0.187 1.928
102 4 0.261 0.408 1.944
102 5 0.102 0.189 1.929
102 6 0.041 -0.041 1.875
102 7 0.028 -0.222 1.826
102 8 0.025 -0.280 1.821
102 9 0.409 0.170 1.924
102 10 0.452 -0.064 1.866
102 11 0.465 -0.235 1.808
102 12 0.470 -0.268 1.796
102 13 0.172 -0.164 1.839
102 14 0.151 -0.553 1.835
102 15 0.184 -0.787 1.817
102 16 0.173 -0.820 1.734
102 17 0.307 -0.170 1.837
102 18 0.322 -0.533 1.814
102 19 0.326 -0.749 1.860
102 20 0.331 -0.786 1.795
103 1 0.237 -0.102 1.849
103 2 0.238 -0.064 1.893
103 3 0.243 0.188 1.920
103 4 0.255 0.409 1.936
103 5 0.097 0.189 1.917
103 6 0.034 -0.042 1.863
103 7 0.022 -0.223 1.818
103 8 0.019 -0.282 1.815
103 9 0.406 0.170 1.920
103 10 0.445 -0.063 1.859
103 11 0.458 -0.234 1.801
103 12 0.464 -0.273 1.787
103 13 0.167 -0.163 1.828
103 14 0.147 -0.559 1.829
103 15 0.182 -0.787 1.816
103 16 0.173 -0.820 1.734
103 17 0.303 -0.169 1.831
103 18 0.317 -0.536 1.795
103 19 0.319 -0.763 1.837
103 20 0.322 -0.799 1.767
104 1 0.233 -0.101 1.842
104 2 0.233 -0.063 1.886
104 3 0.236 0.188 1.912
104 4 0.249 0.410 1.927
104 5 0.092 0.189 1.906
104 6 0.029 -0.042 1.853
104 7 0.016 -0.224 1.811
104 8 0.013 -0.284 1.808
104 9 0.403 0.171 1.916
104 10 0.438 -0.062 1.853
104 11 0.453 -0.233 1.795
104 12 0.459 -0.277 1.780
104 13 0.163 -0.163 1.819
104 14 0.145 -0.564 1.824
104 15 0.181 -0.787 1.815
104 16 0.173 -0.819 1.734
104 17 0.300 -0.169 1.826
104 18 0.313 -0.538 1.777
104 19 0.304 -0.780 1.796
104 20 0.306 -0.814 1.720
105 1 0.230 -0.101 1.835
105 2 0.230 -0.063 1.880
105 3 0.232 0.189 1.904
105 4 0.244 0.410 1.918
105 5 0.087 0.189 1.895
105 6 0.025 -0.041 1.842
105 7 0.011 -0.225 1.802
105 8 0.008 -0.285 1.801
105 9 0.399 0.173 1.911
105 10 0.432 -0.061 1.847
105 11 0.447 -0.232 1.790
105 12 0.455 -0.280 1.776
105 13 0.161 -0.163 1.811
105 14 0.143 -0.567 1.820
105 15 0.180 -0.787 1.815
105 16 0.173 -0.819 1.734
105 17 0.298 -0.169 1.821
105 18 0.308 -0.541 1.757
105 19 0.295 -0.788 1.772
105 20 0.297 -0.820 1.694
106 1 0.228 -0.100 1.829
106 2 0.227 -0.062 1.874
106 3 0.227 0.190 1.895
106 4 0.240 0.411 1.909
106 5 0.083 0.190 1.885
106 6 0.021 -0.041 1.832
106 7 0.006 -0.226 1.792
106 8 0.004 -0.285 1.791
106 9 0.396 0.174 1.907
106 10 0.427 -0.060 1.842
106 11 0.442 -0.231 1.785
106 12 0.451 -0.281 1.772
106 13 0.160 -0.164 1.803
106 14 0.142 -0.570 1.816
106 15 0.179 -0.787 1.814
106 16 0.174 -0.818 1.734
106 17 0.297 -0.168 1.817
106 18 0.303 -0.543 1.740
106 19 0.291 -0.791 1.757
106 20 0.294 -0.823 1.677
107 1 0.227 -0.100 1.822
107 2 0.224 -0.061 1.867
107 3 0.223 0.190 1.888
107 4 0.235 0.411 1.900
107 5 0.079 0.190 1.875
107 6 0.018 -0.040 1.822
107 7 0.003 -0.226 1.780
107 8 -0.000 -0.284 1.779
107 9 0.392 0.175 1.900
107 10 0.423 -0.060 1.838
107 11 0.438 -0.231 1.782
107 12 0.448 -0.282 1.769
107 13 0.159 -0.164 1.794
107 14 0.141 -0.572 1.813
107 15 0.178 -0.787 1.814
107 16 0.175 -0.818 1.735
107 17 0.296 -0.168 1.812
107 18 0.298 -0.545 1.723
107 19 0.284 -0.792 1.702
107 20 0.288 -0.822 1.625
108 1 0.225 -0.100 1.815
108 2 0.222 -0.061 1.860
108 3 0.219 0.190 1.880
108 4 0.231 0.412 1.890
108 5 0.075 0.190 1.865
108 6 0.015 -0.040 1.812
108 7 0.001 -0.227 1.765
108 8 -0.003 -0.283 1.764
108 9 0.385 0.176 1.891
108 10 0.419 -0.059 1.833
108 11 0.435 -0.231 1.778
108 12 0.445 -0.283 1.767
108 13 0.158 -0.165 1.787
108 14 0.141 -0.574 1.811
108 15 0.178 -0.787 1.814
108 16 0.175 -0.817 1.735
108 17 0.295 -0.168 1.806
108 18 0.293 -0.547 1.710
108 19 0.282 -0.792 1.682
108 20 0.287 -0.822 1.605
109 1 0.224 -0.100 1.807
109 2 0.220 -0.061 1.853
109 3 0.215 0.191 1.872
109 4 0.228 0.412 1.881
109 5 0.071 0.190 1.855
109 6 0.013 -0.041 1.801
109 7 -0.001 -0.228 1.751
109 8 -0.005 -0.281 1.748
109 9 0.379 0.177 1.883
109 10 0.415 -0.059 1.828
109 11 0.432 -0.230 1.776
109 12 0.442 -0.283 1.765
109 13 0.158 -0.166 1.780
109 14 0.141 -0.575 1.808
109 15 0.177 -0.787 1.813
109 16 0.175 -0.817 1.735
109 17 0.294 -0.167 1.800
109 18 0.290 -0.547 1.700
109 19 0.283 -0.791 1.663
109 20 0.289 -0.820 1.587
110 1 0.222 -0.100 1.799
110 2 0.217 -0.061 1.845
110 3 0.211 0.192 1.864
110 4 0.224 0.413 1.872
110 5 0.068 0.190 1.847
110 6 0.010 -0.041 1.792
110 7 -0.001 -0.229 1.739
110 8 -0.005 -0.280 1.734
110 9 0.374 0.178 1.875
110 10 0.412 -0.058 1.824
110 11 0.430 -0.230 1.774
110 12 0.441 -0.284 1.764
110 13 0.157 -0.166 1.772
110 14 0.141 -0.576 1.804
110 15 0.176 -0.787 1.811
110 16 0.175 -0.817 1.734
110 17 0.292 -0.167 1.791
110 18 0.287 -0.547 1.693
110 19 0.286 -0.789 1.644
110 20 0.293 -0.818 1.569
111 1 0.220 -0.100 1.791
111 2 0.214 -0.061 1.837
111 3 0.207 0.192 1.856
111 4 0.220 0.413 1.863
111 5 0.064 0.189 1.840
111 6 0.008 -0.042 1.783
111 7 -0.000 -0.229 1.726
111 8 -0.003 -0.280 1.718
111 9 0.369 0.178 1.867
111 10 0.410 -0.058 1.821
111 11 0.429 -0.230 1.772
111 12 0.439 -0.284 1.762
111 13 0.156 -0.167 1.764
111 14 0.141 -0.577 1.800
111 15 0.174 -0.787 1.810
111 16 0.175 -0.816 1.734
111 17 0.290 -0.166 1.782
111 18 0.285 -0.547 1.686
111 19 0.290 -0.786 1.629
111 20 0.297 -0.815 1.554
112 1 0.218 -0.100 1.782
112 2 0.212 -0.061 1.829
112 3 0.204 0.193 1.849
112 4 0.217 0.414 1.855
112 5 0.062 0.189 1.833
112 6 0.006 -0.043 1.776
112 7 0.000 -0.228 1.715
112 8 -0.002 -0.278 1.705
112 9 0.365 0.179 1.859
112 10 0.408 -0.057 1.817
112 11 0.427 -0.230 1.770
112 12 0.438 -0.283 1.761
112 13 0.154 -0.167 1.757
112 14 0.141 -0.576 1.795
112 15 0.173 -0.787 1.807
112 16 0.175 -0.816 1.732
112 17 0.288 -0.166 1.772
112 18 0.284 -0.546 1.681
112 19 0.293 -0.784 1.618
112 20 0.300 -0.813 1.543
