1 1 0.112 0.016 1.951
1 2 0.116 0.077 2.003
1 3 0.108 0.433 2.019
1 4 0.082 0.617 1.999
1 5 -0.069 0.309 2.028
1 6 -0.123 0.056 2.031
1 7 -0.139 -0.143 1.990
1 8 -0.119 -0.218 1.966
1 9 0.278 0.316 1.996
1 10 0.398 0.085 1.999
1 11 0.373 -0.115 1.927
1 12 0.374 -0.173 1.927
1 13 0.035 -0.064 1.942
1 14 0.056 -0.484 1.994
1 15 0.082 -0.771 2.016
1 16 0.066 -0.825 1.974
1 17 0.188 -0.057 1.929
1 18 0.238 -0.511 1.929
1 19 0.278 -0.744 1.926
1 20 0.249 -0.804 1.892
2 1 0.111 0.016 1.951
2 2 0.115 0.077 2.003
2 3 0.108 0.433 2.019
2 4 0.081 0.617 1.999
2 5 -0.070 0.309 2.029
2 6 -0.123 0.056 2.033
2 7 -0.139 -0.143 1.991
2 8 -0.119 -0.219 1.967
2 9 0.277 0.316 1.995
2 10 0.398 0.085 1.998
2 11 0.372 -0.117 1.925
2 12 0.373 -0.177 1.926
2 13 0.034 -0.064 1.942
2 14 0.056 -0.484 1.994
2 15 0.082 -0.771 2.016
2 16 0.061 -0.836 1.998
2 17 0.188 -0.057 1.929
2 18 0.239 -0.511 1.929
2 19 0.278 -0.744 1.927
2 20 0.249 -0.804 1.892
3 1 0.110 0.016 1.951
3 2 0.115 0.078 2.002
3 3 0.107 0.433 2.019
3 4 0.080 0.617 1.999
3 5 -0.071 0.309 2.030
3 6 -0.124 0.056 2.034
3 7 -0.139 -0.144 1.992
3 8 -0.119 -0.219 1.968
3 9 0.277 0.316 1.995
3 10 0.398 0.085 1.997
3 11 0.370 -0.119 1.924
3 12 0.372 -0.180 1.925
3 13 0.034 -0.064 1.942
3 14 0.056 -0.484 1.994
3 15 0.083 -0.771 2.016
3 16 0.056 -0.840 2.006
3 17 0.187 -0.057 1.928
3 18 0.239 -0.511 1.929
3 19 0.278 -0.744 1.927
3 20 0.249 -0.804 1.892
4 1 0.110 0.016 1.951
4 2 0.114 0.078 2.002
4 3 0.106 0.433 2.019
4 4 0.080 0.617 1.999
4 5 -0.071 0.309 2.031
4 6 -0.124 0.056 2.035
4 7 -0.138 -0.144 1.993
4 8 -0.119 -0.219 1.969
4 9 0.276 0.316 1.994
4 10 0.398 0.085 1.997
4 11 0.369 -0.121 1.923
4 12 0.372 -0.182 1.924
4 13 0.033 -0.064 1.943
4 14 0.056 -0.484 1.994
4 15 0.083 -0.771 2.016
4 16 0.054 -0.843 2.012
4 17 0.187 -0.057 1.928
4 18 0.239 -0.511 1.929
4 19 0.278 -0.744 1.927
4 20 0.249 -0.804 1.893
5 1 0.109 0.016 1.951
5 2 0.114 0.078 2.002
5 3 0.106 0.433 2.019
5 4 0.079 0.617 1.999
5 5 -0.072 0.308 2.032
5 6 -0.124 0.056 2.036
5 7 -0.138 -0.144 1.995
5 8 -0.119 -0.219 1.969
5 9 0.276 0.316 1.994
5 10 0.398 0.085 1.996
5 11 0.368 -0.123 1.922
5 12 0.371 -0.184 1.923
5 13 0.032 -0.064 1.943
5 14 0.056 -0.484 1.994
5 15 0.083 -0.771 2.016
5 16 0.053 -0.844 2.015
5 17 0.186 -0.057 1.928
5 18 0.239 -0.511 1.929
5 19 0.279 -0.744 1.927
5 20 0.248 -0.804 1.893
6 1 0.108 0.016 1.950
6 2 0.113 0.077 2.002
6 3 0.105 0.433 2.019
6 4 0.078 0.617 1.999
6 5 -0.073 0.308 2.033
6 6 -0.125 0.055 2.037
6 7 -0.138 -0.144 1.996
6 8 -0.118 -0.219 1.970
6 9 0.276 0.316 1.994
6 10 0.398 0.085 1.996
6 11 0.367 -0.124 1.922
6 12 0.371 -0.185 1.923
6 13 0.031 -0.064 1.943
6 14 0.056 -0.484 1.994
6 15 0.083 -0.770 2.016
6 16 0.065 -0.818 1.968
6 17 0.186 -0.057 1.927
6 18 0.239 -0.511 1.929
6 19 0.279 -0.745 1.927
6 20 0.248 -0.804 1.893
7 1 0.108 0.016 1.950
7 2 0.113 0.077 2.002
7 3 0.105 0.433 2.020
7 4 0.078 0.617 2.000
7 5 -0.073 0.308 2.034
7 6 -0.125 0.055 2.038
7 7 -0.139 -0.144 1.997
7 8 -0.119 -0.219 1.971
7 9 0.275 0.316 1.994
7 10 0.398 0.085 1.996
7 11 0.366 -0.125 1.921
7 12 0.370 -0.186 1.922
7 13 0.030 -0.064 1.943
7 14 0.056 -0.485 1.994
7 15 0.084 -0.770 2.016
7 16 0.072 -0.802 1.938
7 17 0.185 -0.057 1.927
7 18 0.239 -0.511 1.929
7 19 0.279 -0.745 1.928
7 20 0.248 -0.805 1.893
8 1 0.107 0.016 1.951
8 2 0.112 0.077 2.002
8 3 0.104 0.433 2.020
8 4 0.078 0.617 2.000
8 5 -0.074 0.308 2.034
8 6 -0.125 0.055 2.039
8 7 -0.139 -0.144 1.998
8 8 -0.119 -0.219 1.972
8 9 0.275 0.315 1.993
8 10 0.398 0.085 1.996
8 11 0.366 -0.125 1.921
8 12 0.370 -0.186 1.922
8 13 0.030 -0.065 1.944
8 14 0.056 -0.485 1.994
8 15 0.084 -0.770 2.016
8 16 0.075 -0.796 1.927
8 17 0.185 -0.057 1.927
8 18 0.239 -0.511 1.929
8 19 0.279 -0.745 1.928
8 20 0.248 -0.805 1.893
9 1 0.107 0.016 1.951
9 2 0.112 0.077 2.002
9 3 0.103 0.433 2.020
9 4 0.077 0.617 2.000
9 5 -0.074 0.308 2.035
9 6 -0.126 0.055 2.039
9 7 -0.139 -0.145 1.999
9 8 -0.119 -0.219 1.972
9 9 0.275 0.315 1.993
9 10 0.398 0.085 1.996
9 11 0.365 -0.126 1.921
9 12 0.369 -0.187 1.922
9 13 0.029 -0.065 1.944
9 14 0.056 -0.485 1.994
9 15 0.084 -0.769 2.016
9 16 0.132 -0.819 2.020
9 17 0.185 -0.057 1.927
9 18 0.239 -0.511 1.929
9 19 0.279 -0.745 1.928
9 20 0.248 -0.805 1.894
10 1 0.106 0.016 1.951
10 2 0.111 0.077 2.002
10 3 0.103 0.433 2.020
10 4 0.077 0.617 2.000
10 5 -0.075 0.308 2.035
10 6 -0.126 0.055 2.040
10 7 -0.140 -0.145 2.000
10 8 -0.119 -0.219 1.972
10 9 0.274 0.315 1.993
10 10 0.398 0.085 1.996
10 11 0.365 -0.126 1.921
10 12 0.369 -0.187 1.921
10 13 0.029 -0.065 1.944
10 14 0.056 -0.485 1.994
10 15 0.084 -0.769 2.016
10 16 0.100 -0.802 1.962
10 17 0.184 -0.057 1.927
10 18 0.239 -0.511 1.929
10 19 0.279 -0.745 1.928
10 20 0.248 -0.805 1.894
11 1 0.106 0.016 1.951
11 2 0.111 0.077 2.002
11 3 0.102 0.433 2.020
11 4 0.077 0.617 2.000
11 5 -0.075 0.307 2.036
11 6 -0.126 0.055 2.040
11 7 -0.140 -0.145 2.000
11 8 -0.119 -0.219 1.973
11 9 0.274 0.315 1.993
11 10 0.398 0.085 1.996
11 11 0.365 -0.126 1.922
11 12 0.368 -0.187 1.921
11 13 0.028 -0.065 1.944
11 14 0.055 -0.485 1.994
11 15 0.084 -0.768 2.016
11 16 0.090 -0.798 1.947
11 17 0.184 -0.057 1.927
11 18 0.239 -0.511 1.929
11 19 0.279 -0.745 1.928
11 20 0.248 -0.805 1.894
12 1 0.105 0.016 1.951
12 2 0.111 0.077 2.002
12 3 0.102 0.432 2.020
12 4 0.076 0.617 2.001
12 5 -0.075 0.307 2.036
12 6 -0.126 0.055 2.040
12 7 -0.140 -0.145 2.000
12 8 -0.119 -0.219 1.973
12 9 0.274 0.315 1.993
12 10 0.398 0.085 1.996
12 11 0.365 -0.126 1.922
12 12 0.368 -0.187 1.921
12 13 0.028 -0.065 1.944
12 14 0.055 -0.486 1.994
12 15 0.083 -0.768 2.016
12 16 0.082 -0.795 1.938
12 17 0.184 -0.057 1.927
12 18 0.238 -0.510 1.930
12 19 0.278 -0.743 1.928
12 20 0.249 -0.805 1.895
13 1 0.105 0.016 1.951
13 2 0.110 0.077 2.002
13 3 0.102 0.432 2.021
13 4 0.076 0.617 2.001
13 5 -0.075 0.307 2.036
13 6 -0.126 0.055 2.041
13 7 -0.140 -0.145 2.001
13 8 -0.120 -0.219 1.973
13 9 0.274 0.315 1.993
13 10 0.398 0.085 1.996
13 11 0.364 -0.126 1.922
13 12 0.367 -0.188 1.921
13 13 0.027 -0.065 1.945
13 14 0.055 -0.486 1.995
13 15 0.083 -0.767 2.016
13 16 0.078 -0.794 1.932
13 17 0.183 -0.057 1.927
13 18 0.238 -0.509 1.930
13 19 0.278 -0.743 1.928
13 20 0.249 -0.805 1.896
14 1 0.105 0.016 1.951
14 2 0.110 0.077 2.002
14 3 0.101 0.432 2.021
14 4 0.076 0.617 2.001
14 5 -0.075 0.307 2.036
14 6 -0.127 0.054 2.041
14 7 -0.140 -0.145 2.001
14 8 -0.120 -0.219 1.974
14 9 0.274 0.315 1.993
14 10 0.398 0.085 1.996
14 11 0.364 -0.127 1.922
14 12 0.367 -0.188 1.921
14 13 0.027 -0.065 1.945
14 14 0.055 -0.486 1.995
14 15 0.083 -0.767 2.015
14 16 0.075 -0.793 1.929
14 17 0.183 -0.057 1.927
14 18 0.237 -0.507 1.930
14 19 0.278 -0.741 1.928
14 20 0.250 -0.805 1.897
15 1 0.105 0.016 1.951
15 2 0.110 0.077 2.003
15 3 0.101 0.432 2.021
15 4 0.076 0.617 2.001
15 5 -0.076 0.307 2.037
15 6 -0.127 0.054 2.041
15 7 -0.141 -0.145 2.001
15 8 -0.120 -0.219 1.974
15 9 0.274 0.315 1.993
15 10 0.398 0.085 1.996
15 11 0.364 -0.127 1.923
15 12 0.367 -0.188 1.921
15 13 0.027 -0.065 1.945
15 14 0.055 -0.486 1.995
15 15 0.083 -0.767 2.016
15 16 0.073 -0.794 1.927
15 17 0.183 -0.058 1.927
15 18 0.237 -0.505 1.930
15 19 0.277 -0.740 1.928
15 20 0.251 -0.805 1.899
16 1 0.104 0.016 1.951
16 2 0.109 0.077 2.003
16 3 0.101 0.432 2.021
16 4 0.076 0.617 2.002
16 5 -0.076 0.307 2.037
16 6 -0.127 0.054 2.041
16 7 -0.141 -0.145 2.001
16 8 -0.120 -0.220 1.974
16 9 0.273 0.315 1.993
16 10 0.397 0.085 1.997
16 11 0.364 -0.127 1.923
16 12 0.367 -0.188 1.921
16 13 0.027 -0.065 1.945
16 14 0.055 -0.487 1.995
16 15 0.083 -0.767 2.016
16 16 0.126 -0.801 2.008
16 17 0.183 -0.058 1.927
16 18 0.236 -0.504 1.931
16 19 0.277 -0.739 1.929
16 20 0.252 -0.805 1.900
17 1 0.104 0.016 1.951
17 2 0.109 0.077 2.003
17 3 0.100 0.432 2.021
17 4 0.076 0.617 2.002
17 5 -0.076 0.307 2.037
17 6 -0.127 0.054 2.041
17 7 -0.141 -0.145 2.002
17 8 -0.120 -0.220 1.974
17 9 0.273 0.314 1.993
17 10 0.397 0.084 1.997
17 11 0.364 -0.127 1.923
17 12 0.366 -0.188 1.921
17 13 0.026 -0.065 1.945
17 14 0.055 -0.487 1.995
17 15 0.083 -0.767 2.016
17 16 0.141 -0.803 2.031
17 17 0.183 -0.058 1.927
17 18 0.236 -0.503 1.931
17 19 0.277 -0.739 1.929
17 20 0.253 -0.805 1.900
18 1 0.104 0.016 1.951
18 2 0.109 0.077 2.003
18 3 0.100 0.432 2.021
18 4 0.076 0.617 2.002
18 5 -0.076 0.307 2.037
18 6 -0.127 0.054 2.041
18 7 -0.141 -0.146 2.002
18 8 -0.121 -0.220 1.974
18 9 0.273 0.314 1.994
18 10 0.397 0.084 1.998
18 11 0.364 -0.127 1.924
18 12 0.366 -0.188 1.922
18 13 0.026 -0.065 1.945
18 14 0.055 -0.487 1.995
18 15 0.083 -0.767 2.016
18 16 0.155 -0.810 2.056
18 17 0.183 -0.058 1.927
18 18 0.236 -0.503 1.931
18 19 0.276 -0.738 1.929
18 20 0.253 -0.805 1.901
19 1 0.104 0.016 1.952
19 2 0.109 0.077 2.003
19 3 0.100 0.432 2.021
19 4 0.076 0.617 2.002
19 5 -0.076 0.307 2.037
19 6 -0.127 0.054 2.041
19 7 -0.141 -0.146 2.002
19 8 -0.121 -0.220 1.974
19 9 0.273 0.314 1.994
19 10 0.397 0.084 1.998
19 11 0.364 -0.127 1.924
19 12 0.366 -0.188 1.922
19 13 0.026 -0.066 1.945
19 14 0.054 -0.487 1.995
19 15 0.083 -0.767 2.016
19 16 0.161 -0.814 2.068
19 17 0.182 -0.058 1.928
19 18 0.236 -0.503 1.931
19 19 0.276 -0.738 1.929
19 20 0.253 -0.805 1.901
20 1 0.104 0.016 1.952
20 2 0.109 0.077 2.003
20 3 0.100 0.432 2.022
20 4 0.076 0.617 2.002
20 5 -0.076 0.307 2.037
20 6 -0.127 0.054 2.041
20 7 -0.141 -0.146 2.002
20 8 -0.121 -0.220 1.974
20 9 0.273 0.314 1.994
20 10 0.397 0.084 1.999
20 11 0.363 -0.127 1.925
20 12 0.366 -0.188 1.922
20 13 0.026 -0.066 1.945
20 14 0.054 -0.487 1.995
20 15 0.083 -0.767 2.016
20 16 0.094 -0.804 1.967
20 17 0.182 -0.058 1.928
20 18 0.236 -0.503 1.931
20 19 0.276 -0.738 1.929
20 20 0.254 -0.805 1.902
21 1 0.104 0.015 1.952
21 2 0.108 0.077 2.003
21 3 0.100 0.432 2.022
21 4 0.076 0.617 2.003
21 5 -0.076 0.307 2.037
21 6 -0.127 0.054 2.041
21 7 -0.141 -0.146 2.002
21 8 -0.121 -0.220 1.974
21 9 0.273 0.314 1.995
21 10 0.396 0.084 2.000
21 11 0.363 -0.127 1.926
21 12 0.366 -0.188 1.923
21 13 0.026 -0.066 1.946
21 14 0.054 -0.488 1.995
21 15 0.083 -0.767 2.016
21 16 0.080 -0.803 1.948
21 17 0.182 -0.058 1.928
21 18 0.236 -0.503 1.932
21 19 0.276 -0.738 1.929
21 20 0.254 -0.805 1.902
22 1 0.104 0.015 1.952
22 2 0.108 0.077 2.004
22 3 0.099 0.432 2.022
22 4 0.076 0.616 2.003
22 5 -0.076 0.307 2.037
22 6 -0.127 0.054 2.041
22 7 -0.141 -0.146 2.002
22 8 -0.121 -0.220 1.975
22 9 0.273 0.314 1.995
22 10 0.396 0.084 2.000
22 11 0.364 -0.127 1.927
22 12 0.366 -0.188 1.923
22 13 0.026 -0.066 1.946
22 14 0.054 -0.488 1.995
22 15 0.083 -0.767 2.016
22 16 0.066 -0.803 1.926
22 17 0.182 -0.058 1.928
22 18 0.236 -0.503 1.932
22 19 0.276 -0.738 1.929
22 20 0.254 -0.805 1.902
23 1 0.104 0.015 1.952
23 2 0.108 0.077 2.004
23 3 0.099 0.432 2.022
23 4 0.076 0.616 2.003
23 5 -0.076 0.307 2.037
23 6 -0.127 0.054 2.041
23 7 -0.141 -0.146 2.002
23 8 -0.121 -0.220 1.975
23 9 0.273 0.314 1.996
23 10 0.396 0.084 2.001
23 11 0.364 -0.127 1.928
23 12 0.366 -0.188 1.924
23 13 0.026 -0.066 1.946
23 14 0.054 -0.488 1.995
23 15 0.083 -0.768 2.016
23 16 0.059 -0.803 1.915
23 17 0.182 -0.058 1.929
23 18 0.236 -0.503 1.932
23 19 0.276 -0.738 1.929
23 20 0.254 -0.805 1.902
24 1 0.104 0.015 1.952
24 2 0.108 0.077 2.004
24 3 0.099 0.432 2.022
24 4 0.076 0.616 2.003
24 5 -0.076 0.307 2.037
24 6 -0.127 0.054 2.042
24 7 -0.141 -0.146 2.002
24 8 -0.121 -0.220 1.975
24 9 0.274 0.313 1.996
24 10 0.396 0.083 2.001
24 11 0.364 -0.127 1.928
24 12 0.367 -0.188 1.925
24 13 0.026 -0.066 1.946
24 14 0.054 -0.488 1.995
24 15 0.083 -0.768 2.016
24 16 0.056 -0.803 1.910
24 17 0.182 -0.059 1.929
24 18 0.236 -0.503 1.933
24 19 0.276 -0.738 1.929
24 20 0.254 -0.805 1.902
25 1 0.104 0.015 1.953
25 2 0.108 0.077 2.004
25 3 0.099 0.432 2.022
25 4 0.076 0.616 2.003
25 5 -0.076 0.307 2.037
25 6 -0.128 0.054 2.042
25 7 -0.141 -0.146 2.002
25 8 -0.121 -0.220 1.975
25 9 0.274 0.313 1.997
25 10 0.396 0.083 2.002
25 11 0.364 -0.127 1.929
25 12 0.367 -0.188 1.926
25 13 0.026 -0.066 1.946
25 14 0.054 -0.488 1.996
25 15 0.083 -0.769 2.016
25 16 0.056 -0.804 1.910
25 17 0.183 -0.059 1.930
25 18 0.236 -0.504 1.933
25 19 0.276 -0.739 1.929
25 20 0.254 -0.806 1.902
26 1 0.104 0.015 1.953
26 2 0.108 0.076 2.004
26 3 0.099 0.432 2.022
26 4 0.076 0.616 2.003
26 5 -0.076 0.307 2.037
26 6 -0.128 0.054 2.042
26 7 -0.141 -0.146 2.002
26 8 -0.121 -0.220 1.975
26 9 0.274 0.313 1.997
26 10 0.396 0.083 2.003
26 11 0.364 -0.127 1.930
26 12 0.367 -0.188 1.926
26 13 0.026 -0.066 1.947
26 14 0.054 -0.489 1.996
26 15 0.083 -0.769 2.016
26 16 0.124 -0.826 2.023
26 17 0.183 -0.059 1.930
26 18 0.236 -0.504 1.933
26 19 0.276 -0.739 1.929
26 20 0.254 -0.806 1.902
27 1 0.104 0.015 1.954
27 2 0.108 0.076 2.005
27 3 0.099 0.432 2.022
27 4 0.076 0.616 2.003
27 5 -0.076 0.307 2.037
27 6 -0.128 0.054 2.042
27 7 -0.141 -0.146 2.002
27 8 -0.121 -0.220 1.975
27 9 0.274 0.313 1.998
27 10 0.396 0.083 2.003
27 11 0.365 -0.127 1.931
27 12 0.367 -0.188 1.927
27 13 0.026 -0.066 1.947
27 14 0.054 -0.489 1.996
27 15 0.083 -0.769 2.016
27 16 0.143 -0.832 2.055
27 17 0.183 -0.059 1.931
27 18 0.236 -0.504 1.934
27 19 0.276 -0.739 1.930
27 20 0.254 -0.806 1.902
28 1 0.104 0.015 1.954
28 2 0.108 0.076 2.005
28 3 0.099 0.432 2.023
28 4 0.076 0.616 2.003
28 5 -0.076 0.307 2.037
28 6 -0.128 0.054 2.042
28 7 -0.141 -0.146 2.002
28 8 -0.121 -0.220 1.975
28 9 0.274 0.313 1.998
28 10 0.396 0.083 2.004
28 11 0.365 -0.128 1.932
28 12 0.367 -0.188 1.927
28 13 0.026 -0.066 1.948
28 14 0.054 -0.489 1.996
28 15 0.083 -0.769 2.016
28 16 0.157 -0.837 2.078
28 17 0.183 -0.059 1.932
28 18 0.236 -0.505 1.934
28 19 0.276 -0.739 1.930
28 20 0.254 -0.806 1.902
29 1 0.104 0.015 1.955
29 2 0.108 0.076 2.006
29 3 0.099 0.432 2.023
29 4 0.076 0.616 2.003
29 5 -0.076 0.307 2.037
29 6 -0.128 0.054 2.042
29 7 -0.141 -0.146 2.003
29 8 -0.121 -0.221 1.976
29 9 0.274 0.313 1.999
29 10 0.396 0.083 2.005
29 11 0.365 -0.128 1.933
29 12 0.367 -0.188 1.928
29 13 0.027 -0.066 1.948
29 14 0.054 -0.489 1.997
29 15 0.083 -0.770 2.017
29 16 0.164 -0.839 2.091
29 17 0.183 -0.059 1.933
29 18 0.236 -0.505 1.935
29 19 0.276 -0.740 1.930
29 20 0.254 -0.806 1.902
30 1 0.104 0.015 1.956
30 2 0.108 0.076 2.006
30 3 0.099 0.432 2.023
30 4 0.076 0.616 2.003
30 5 -0.076 0.307 2.037
30 6 -0.128 0.054 2.042
30 7 -0.140 -0.146 2.004
30 8 -0.120 -0.221 1.976
30 9 0.275 0.313 2.000
30 10 0.396 0.084 2.006
30 11 0.365 -0.128 1.934
30 12 0.367 -0.188 1.929
30 13 0.027 -0.067 1.949
30 14 0.054 -0.490 1.997
30 15 0.083 -0.771 2.017
30 16 0.096 -0.818 1.971
30 17 0.184 -0.059 1.934
30 18 0.237 -0.506 1.936
30 19 0.276 -0.740 1.930
30 20 0.254 -0.806 1.902
31 1 0.104 0.015 1.957
31 2 0.108 0.076 2.007
31 3 0.099 0.432 2.023
31 4 0.076 0.616 2.004
31 5 -0.076 0.307 2.038
31 6 -0.128 0.054 2.043
31 7 -0.140 -0.147 2.005
31 8 -0.120 -0.221 1.978
31 9 0.275 0.313 2.000
31 10 0.396 0.084 2.007
31 11 0.365 -0.128 1.936
31 12 0.367 -0.188 1.930
31 13 0.027 -0.067 1.950
31 14 0.054 -0.490 1.998
31 15 0.083 -0.771 2.017
31 16 0.086 -0.813 1.954
31 17 0.184 -0.060 1.935
31 18 0.237 -0.506 1.937
31 19 0.276 -0.741 1.931
31 20 0.254 -0.806 1.902
32 1 0.105 0.014 1.958
32 2 0.108 0.076 2.008
32 3 0.099 0.432 2.023
32 4 0.076 0.616 2.004
32 5 -0.076 0.307 2.038
32 6 -0.128 0.054 2.043
32 7 -0.140 -0.147 2.007
32 8 -0.120 -0.221 1.980
32 9 0.275 0.313 2.001
32 10 0.396 0.084 2.009
32 11 0.369 -0.120 1.946
32 12 0.367 -0.181 1.934
32 13 0.027 -0.067 1.952
32 14 0.054 -0.490 1.999
32 15 0.083 -0.771 2.017
32 16 0.069 -0.805 1.926
32 17 0.185 -0.060 1.938
32 18 0.237 -0.504 1.940
32 19 0.276 -0.740 1.931
32 20 0.254 -0.806 1.903
33 1 0.105 0.014 1.960
33 2 0.108 0.076 2.010
33 3 0.099 0.432 2.023
33 4 0.076 0.615 2.004
33 5 -0.076 0.307 2.038
33 6 -0.128 0.054 2.045
33 7 -0.139 -0.147 2.009
33 8 -0.120 -0.221 1.983
33 9 0.275 0.313 2.002
33 10 0.397 0.085 2.010
33 11 0.371 -0.115 1.953
33 12 0.367 -0.176 1.939
33 13 0.028 -0.068 1.954
33 14 0.054 -0.490 2.001
33 15 0.083 -0.771 2.018
33 16 0.062 -0.802 1.914
33 17 0.186 -0.060 1.940
33 18 0.237 -0.503 1.943
33 19 0.276 -0.740 1.932
33 20 0.254 -0.806 1.903
34 1 0.105 0.014 1.962
34 2 0.108 0.076 2.012
34 3 0.098 0.432 2.023
34 4 0.076 0.615 2.003
34 5 -0.076 0.307 2.038
34 6 -0.129 0.054 2.046
34 7 -0.139 -0.147 2.012
34 8 -0.119 -0.221 1.985
34 9 0.275 0.313 2.003
34 10 0.397 0.086 2.012
34 11 0.373 -0.111 1.958
34 12 0.367 -0.171 1.944
34 13 0.028 -0.068 1.957
34 14 0.055 -0.491 2.004
34 15 0.083 -0.771 2.018
34 16 0.058 -0.800 1.908
34 17 0.187 -0.060 1.944
34 18 0.238 -0.501 1.947
34 19 0.276 -0.740 1.933
34 20 0.255 -0.806 1.904
35 1 0.106 0.014 1.966
35 2 0.108 0.076 2.014
35 3 0.098 0.432 2.024
35 4 0.074 0.614 2.003
35 5 -0.076 0.307 2.039
35 6 -0.129 0.054 2.047
35 7 -0.138 -0.147 2.014
35 8 -0.119 -0.222 1.988
35 9 0.275 0.314 2.004
35 10 0.398 0.086 2.013
35 11 0.374 -0.109 1.962
35 12 0.368 -0.168 1.948
35 13 0.029 -0.069 1.961
35 14 0.055 -0.491 2.007
35 15 0.083 -0.771 2.019
35 16 0.058 -0.798 1.910
35 17 0.187 -0.060 1.948
35 18 0.238 -0.500 1.951
35 19 0.276 -0.740 1.934
35 20 0.256 -0.806 1.904
36 1 0.106 0.014 1.969
36 2 0.108 0.076 2.017
36 3 0.097 0.431 2.024
36 4 0.071 0.612 2.001
36 5 -0.077 0.306 2.039
36 6 -0.130 0.054 2.049
36 7 -0.138 -0.147 2.018
36 8 -0.118 -0.222 1.990
36 9 0.274 0.314 2.004
36 10 0.398 0.087 2.015
36 11 0.375 -0.107 1.966
36 12 0.369 -0.166 1.953
36 13 0.030 -0.069 1.966
36 14 0.056 -0.491 2.011
36 15 0.083 -0.771 2.019
36 16 0.060 -0.798 1.917
36 17 0.188 -0.061 1.953
36 18 0.239 -0.500 1.956
36 19 0.276 -0.740 1.935
36 20 0.256 -0.807 1.906
37 1 0.106 0.013 1.973
37 2 0.108 0.076 2.020
37 3 0.096 0.431 2.024
37 4 0.068 0.610 1.999
37 5 -0.078 0.306 2.040
37 6 -0.130 0.054 2.051
37 7 -0.136 -0.147 2.022
37 8 -0.082 -0.206 1.963
37 9 0.274 0.314 2.005
37 10 0.399 0.089 2.017
37 11 0.376 -0.105 1.970
37 12 0.369 -0.164 1.958
37 13 0.030 -0.070 1.972
37 14 0.056 -0.491 2.015
37 15 0.082 -0.771 2.021
37 16 0.063 -0.802 1.928
37 17 0.189 -0.061 1.958
37 18 0.239 -0.498 1.962
37 19 0.277 -0.740 1.937
37 20 0.258 -0.807 1.908
38 1 0.106 0.013 1.978
38 2 0.108 0.076 2.023
38 3 0.095 0.430 2.024
38 4 0.064 0.609 1.996
38 5 -0.079 0.305 2.041
38 6 -0.131 0.054 2.054
38 7 -0.134 -0.147 2.024
38 8 -0.060 -0.195 1.946
38 9 0.272 0.314 2.006
38 10 0.400 0.090 2.019
38 11 0.377 -0.103 1.973
38 12 0.370 -0.162 1.963
38 13 0.030 -0.071 1.977
38 14 0.057 -0.491 2.019
38 15 0.082 -0.773 2.023
38 16 0.066 -0.807 1.937
38 17 0.190 -0.061 1.963
38 18 0.240 -0.496 1.968
38 19 0.277 -0.740 1.940
38 20 0.259 -0.807 1.910
39 1 0.106 0.012 1.982
39 2 0.108 0.076 2.027
39 3 0.093 0.428 2.023
39 4 0.061 0.607 1.994
39 5 -0.081 0.304 2.041
39 6 -0.132 0.054 2.056
39 7 -0.120 -0.145 2.020
39 8 -0.039 -0.177 1.929
39 9 0.271 0.315 2.007
39 10 0.400 0.093 2.021
39 11 0.377 -0.102 1.977
39 12 0.371 -0.160 1.968
39 13 0.031 -0.072 1.983
39 14 0.057 -0.490 2.024
39 15 0.081 -0.775 2.026
39 16 0.096 -0.836 1.993
39 17 0.190 -0.062 1.969
39 18 0.240 -0.493 1.974
39 19 0.277 -0.740 1.943
39 20 0.261 -0.808 1.912
40 1 0.106 0.011 1.987
40 2 0.107 0.076 2.030
40 3 0.091 0.426 2.023
40 4 0.057 0.604 1.991
40 5 -0.083 0.303 2.042
40 6 -0.133 0.054 2.058
40 7 -0.116 -0.145 2.021
40 8 -0.050 -0.189 1.957
40 9 0.270 0.315 2.008
40 10 0.401 0.095 2.023
40 11 0.378 -0.100 1.981
40 12 0.371 -0.159 1.973
40 13 0.031 -0.073 1.988
40 14 0.057 -0.490 2.029
40 15 0.080 -0.777 2.030
40 16 0.090 -0.832 1.989
40 17 0.190 -0.063 1.975
40 18 0.241 -0.491 1.979
40 19 0.278 -0.741 1.948
40 20 0.262 -0.809 1.915
41 1 0.106 0.010 1.991
41 2 0.107 0.075 2.033
41 3 0.089 0.424 2.022
41 4 0.054 0.602 1.988
41 5 -0.085 0.302 2.042
41 6 -0.134 0.053 2.060
41 7 -0.115 -0.146 2.028
41 8 -0.047 -0.203 1.962
41 9 0.268 0.315 2.008
41 10 0.402 0.096 2.025
41 11 0.379 -0.099 1.986
41 12 0.373 -0.158 1.979
41 13 0.031 -0.075 1.994
41 14 0.058 -0.489 2.034
41 15 0.080 -0.778 2.033
41 16 0.087 -0.830 1.988
41 17 0.191 -0.064 1.980
41 18 0.242 -0.489 1.984
41 19 0.280 -0.743 1.953
41 20 0.263 -0.809 1.918
42 1 0.107 0.009 1.996
42 2 0.107 0.075 2.036
42 3 0.087 0.423 2.021
42 4 0.052 0.600 1.986
42 5 -0.086 0.301 2.043
42 6 -0.135 0.053 2.062
42 7 -0.123 -0.148 2.043
42 8 -0.047 -0.212 1.967
42 9 0.267 0.315 2.009
42 10 0.403 0.098 2.026
42 11 0.380 -0.098 1.991
42 12 0.374 -0.157 1.984
42 13 0.031 -0.076 1.999
42 14 0.058 -0.488 2.040
42 15 0.080 -0.778 2.035
42 16 0.081 -0.825 1.981
42 17 0.191 -0.065 1.986
42 18 0.243 -0.488 1.988
42 19 0.282 -0.744 1.957
42 20 0.265 -0.811 1.922
43 1 0.107 0.008 2.000
43 2 0.107 0.074 2.038
43 3 0.085 0.421 2.021
43 4 0.050 0.598 1.984
43 5 -0.087 0.300 2.043
43 6 -0.136 0.053 2.064
43 7 -0.123 -0.148 2.048
43 8 -0.043 -0.228 1.971
43 9 0.266 0.315 2.009
43 10 0.405 0.100 2.027
43 11 0.382 -0.097 1.995
43 12 0.376 -0.157 1.988
43 13 0.032 -0.077 2.004
43 14 0.059 -0.488 2.044
43 15 0.079 -0.778 2.038
43 16 0.078 -0.822 1.977
43 17 0.192 -0.066 1.991
43 18 0.245 -0.486 1.993
43 19 0.284 -0.746 1.961
43 20 0.266 -0.813 1.928
44 1 0.107 0.007 2.004
44 2 0.107 0.074 2.040
44 3 0.084 0.420 2.020
44 4 0.049 0.597 1.982
44 5 -0.088 0.299 2.043
44 6 -0.137 0.053 2.065
44 7 -0.125 -0.149 2.055
44 8 -0.041 -0.231 1.973
44 9 0.265 0.315 2.009
44 10 0.407 0.102 2.028
44 11 0.384 -0.096 1.999
44 12 0.377 -0.156 1.991
44 13 0.033 -0.078 2.009
44 14 0.060 -0.487 2.049
44 15 0.080 -0.779 2.041
44 16 0.077 -0.820 1.975
44 17 0.193 -0.068 1.996
44 18 0.248 -0.485 1.997
44 19 0.289 -0.749 1.967
44 20 0.265 -0.816 1.941
45 1 0.108 0.006 2.008
45 2 0.107 0.073 2.041
45 3 0.084 0.418 2.019
45 4 0.048 0.595 1.980
45 5 -0.089 0.298 2.044
45 6 -0.138 0.053 2.067
45 7 -0.127 -0.148 2.059
45 8 -0.038 -0.223 1.970
45 9 0.265 0.315 2.009
45 10 0.410 0.104 2.028
45 11 0.388 -0.095 2.003
45 12 0.379 -0.156 1.993
45 13 0.034 -0.079 2.014
45 14 0.062 -0.486 2.054
45 15 0.082 -0.779 2.043
45 16 0.077 -0.819 1.974
45 17 0.194 -0.069 2.001
45 18 0.251 -0.483 2.001
45 19 0.296 -0.753 1.976
45 20 0.266 -0.821 1.972
46 1 0.110 0.005 2.012
46 2 0.108 0.073 2.043
46 3 0.084 0.417 2.019
46 4 0.047 0.594 1.978
46 5 -0.089 0.298 2.044
46 6 -0.139 0.054 2.068
46 7 -0.127 -0.148 2.062
46 8 -0.101 -0.212 2.032
46 9 0.264 0.314 2.010
46 10 0.414 0.107 2.028
46 11 0.391 -0.093 2.005
46 12 0.382 -0.154 1.995
46 13 0.035 -0.080 2.018
46 14 0.063 -0.485 2.058
46 15 0.084 -0.781 2.046
46 16 0.077 -0.819 1.973
46 17 0.196 -0.070 2.005
46 18 0.255 -0.483 2.005
46 19 0.308 -0.760 1.990
46 20 0.276 -0.830 1.997
47 1 0.112 0.003 2.016
47 2 0.109 0.072 2.044
47 3 0.084 0.415 2.018
47 4 0.047 0.592 1.977
47 5 -0.089 0.297 2.044
47 6 -0.139 0.054 2.069
47 7 -0.127 -0.148 2.064
47 8 -0.132 -0.206 2.064
47 9 0.264 0.314 2.010
47 10 0.419 0.109 2.025
47 11 0.395 -0.091 2.007
47 12 0.386 -0.152 1.997
47 13 0.037 -0.081 2.022
47 14 0.066 -0.484 2.062
47 15 0.086 -0.782 2.048
47 16 0.077 -0.819 1.973
47 17 0.198 -0.072 2.009
47 18 0.262 -0.482 2.010
47 19 0.322 -0.768 2.008
47 20 0.285 -0.837 2.016
48 1 0.115 0.002 2.020
48 2 0.111 0.071 2.045
48 3 0.086 0.412 2.017
48 4 0.049 0.589 1.975
48 5 -0.088 0.296 2.045
48 6 -0.139 0.054 2.071
48 7 -0.125 -0.148 2.066
48 8 -0.145 -0.204 2.077
48 9 0.264 0.312 2.009
48 10 0.425 0.111 2.021
48 11 0.400 -0.090 2.007
48 12 0.391 -0.151 1.998
48 13 0.040 -0.082 2.027
48 14 0.070 -0.484 2.067
48 15 0.087 -0.783 2.050
48 16 0.078 -0.820 1.972
48 17 0.201 -0.073 2.014
48 18 0.270 -0.483 2.015
48 19 0.335 -0.776 2.027
48 20 0.297 -0.840 2.058
49 1 0.119 -0.000 2.025
49 2 0.115 0.069 2.047
49 3 0.090 0.408 2.016
49 4 0.051 0.585 1.973
49 5 -0.086 0.294 2.047
49 6 -0.138 0.054 2.073
49 7 -0.116 -0.148 2.069
49 8 -0.149 -0.202 2.089
49 9 0.266 0.310 2.008
49 10 0.432 0.112 2.016
49 11 0.406 -0.090 2.005
49 12 0.397 -0.150 1.998
49 13 0.044 -0.083 2.033
49 14 0.075 -0.483 2.072
49 15 0.089 -0.784 2.052
49 16 0.078 -0.820 1.972
49 17 0.205 -0.075 2.019
49 18 0.277 -0.484 2.021
49 19 0.348 -0.784 2.044
49 20 0.305 -0.844 2.075
50 1 0.125 -0.003 2.030
50 2 0.122 0.066 2.048
50 3 0.098 0.403 2.015
50 4 0.058 0.579 1.971
50 5 -0.080 0.292 2.050
50 6 -0.135 0.053 2.076
50 7 -0.088 -0.145 2.068
50 8 -0.143 -0.189 2.098
50 9 0.269 0.306 2.007
50 10 0.440 0.111 2.008
50 11 0.414 -0.090 2.003
50 12 0.404 -0.150 1.997
50 13 0.051 -0.085 2.039
50 14 0.080 -0.483 2.077
50 15 0.092 -0.787 2.054
50 16 0.079 -0.822 1.973
50 17 0.211 -0.078 2.024
50 18 0.286 -0.486 2.029
50 19 0.362 -0.791 2.063
50 20 0.336 -0.858 2.097
51 1 0.134 -0.006 2.036
51 2 0.131 0.063 2.050
51 3 0.107 0.396 2.015
51 4 0.065 0.572 1.969
51 5 -0.072 0.288 2.055
51 6 -0.127 0.052 2.082
51 7 -0.074 -0.145 2.067
51 8 -0.132 -0.182 2.105
51 9 0.276 0.301 2.004
51 10 0.449 0.109 1.999
51 11 0.423 -0.092 1.998
51 12 0.413 -0.151 1.995
51 13 0.060 -0.088 2.046
51 14 0.085 -0.484 2.082
51 15 0.094 -0.789 2.056
51 16 0.080 -0.824 1.974
51 17 0.220 -0.081 2.030
51 18 0.297 -0.490 2.039
51 19 0.372 -0.796 2.079
51 20 0.360 -0.845 2.039
52 1 0.144 -0.009 2.042
52 2 0.142 0.059 2.053
52 3 0.119 0.390 2.015
52 4 0.074 0.566 1.968
52 5 -0.061 0.284 2.059
52 6 -0.115 0.050 2.088
52 7 -0.060 -0.146 2.067
52 8 -0.070 -0.170 2.078
52 9 0.286 0.294 2.001
52 10 0.458 0.106 1.990
52 11 0.434 -0.095 1.993
52 12 0.423 -0.153 1.992
52 13 0.070 -0.090 2.053
52 14 0.092 -0.485 2.088
52 15 0.097 -0.791 2.058
52 16 0.082 -0.826 1.975
52 17 0.230 -0.085 2.037
52 18 0.309 -0.495 2.052
52 19 0.380 -0.800 2.091
52 20 0.372 -0.847 2.039
53 1 0.156 -0.014 2.049
53 2 0.154 0.054 2.056
53 3 0.133 0.383 2.016
53 4 0.088 0.558 1.967
53 5 -0.046 0.280 2.065
53 6 -0.104 0.048 2.095
53 7 -0.037 -0.145 2.068
53 8 -0.036 -0.181 2.056
53 9 0.301 0.284 1.997
53 10 0.469 0.100 1.981
53 11 0.446 -0.100 1.987
53 12 0.434 -0.157 1.989
53 13 0.081 -0.094 2.062
53 14 0.099 -0.486 2.094
53 15 0.099 -0.793 2.060
53 16 0.089 -0.842 1.995
53 17 0.241 -0.090 2.043
53 18 0.320 -0.500 2.065
53 19 0.384 -0.803 2.099
53 20 0.378 -0.847 2.033
54 1 0.170 -0.019 2.056
54 2 0.170 0.048 2.060
54 3 0.150 0.375 2.018
54 4 0.106 0.550 1.967
54 5 -0.029 0.276 2.070
54 6 -0.091 0.046 2.102
54 7 -0.024 -0.146 2.069
54 8 -0.013 -0.192 2.049
54 9 0.317 0.275 1.994
54 10 0.478 0.094 1.973
54 11 0.455 -0.106 1.982
54 12 0.446 -0.161 1.986
54 13 0.095 -0.098 2.071
54 14 0.108 -0.487 2.102
54 15 0.102 -0.796 2.061
54 16 0.093 -0.850 2.005
54 17 0.255 -0.096 2.051
54 18 0.328 -0.503 2.073
54 19 0.387 -0.805 2.104
54 20 0.372 -0.863 2.084
55 1 0.188 -0.025 2.064
55 2 0.188 0.042 2.065
55 3 0.171 0.367 2.020
55 4 0.125 0.542 1.966
55 5 -0.009 0.272 2.075
55 6 -0.075 0.042 2.110
55 7 -0.012 -0.148 2.072
55 8 0.033 -0.212 2.045
55 9 0.331 0.267 1.992
55 10 0.486 0.087 1.967
55 11 0.463 -0.112 1.979
55 12 0.458 -0.166 1.983
55 13 0.115 -0.105 2.083
55 14 0.120 -0.490 2.112
55 15 0.105 -0.799 2.064
55 16 0.094 -0.853 2.008
55 17 0.270 -0.101 2.058
55 18 0.333 -0.504 2.079
55 19 0.389 -0.806 2.108
55 20 0.367 -0.873 2.115
56 1 0.208 -0.031 2.072
56 2 0.209 0.035 2.070
56 3 0.196 0.359 2.021
56 4 0.148 0.533 1.964
56 5 0.012 0.267 2.079
56 6 -0.055 0.038 2.118
56 7 0.003 -0.153 2.081
56 8 0.051 -0.217 2.045
56 9 0.350 0.258 1.990
56 10 0.493 0.080 1.962
56 11 0.469 -0.118 1.976
56 12 0.464 -0.169 1.982
56 13 0.134 -0.110 2.093
56 14 0.132 -0.493 2.122
56 15 0.108 -0.802 2.066
56 16 0.111 -0.864 2.025
56 17 0.288 -0.106 2.065
56 18 0.338 -0.504 2.083
56 19 0.391 -0.807 2.110
56 20 0.366 -0.858 2.063
57 1 0.227 -0.037 2.079
57 2 0.228 0.029 2.075
57 3 0.221 0.350 2.021
57 4 0.169 0.525 1.963
57 5 0.034 0.262 2.082
57 6 -0.036 0.033 2.124
57 7 0.020 -0.159 2.091
57 8 0.065 -0.220 2.052
57 9 0.367 0.250 1.990
57 10 0.509 0.051 1.955
57 11 0.480 -0.143 1.979
57 12 0.479 -0.180 1.986
57 13 0.152 -0.116 2.103
57 14 0.141 -0.496 2.130
57 15 0.111 -0.804 2.069
57 16 0.116 -0.868 2.031
57 17 0.304 -0.111 2.071
57 18 0.343 -0.504 2.086
57 19 0.392 -0.807 2.111
57 20 0.367 -0.851 2.041
58 1 0.241 -0.043 2.085
58 2 0.243 0.023 2.080
58 3 0.236 0.344 2.022
58 4 0.191 0.519 1.962
58 5 0.053 0.256 2.084
58 6 -0.021 0.029 2.129
58 7 0.038 -0.166 2.105
58 8 0.076 -0.218 2.074
58 9 0.382 0.243 1.991
58 10 0.518 0.037 1.953
58 11 0.494 -0.159 1.986
58 12 0.488 -0.207 1.995
58 13 0.167 -0.121 2.112
58 14 0.149 -0.500 2.138
58 15 0.113 -0.806 2.072
58 16 0.118 -0.870 2.034
58 17 0.319 -0.117 2.078
58 18 0.349 -0.504 2.089
58 19 0.393 -0.807 2.112
58 20 0.368 -0.848 2.029
59 1 0.254 -0.047 2.091
59 2 0.255 0.018 2.084
59 3 0.252 0.336 2.023
59 4 0.211 0.511 1.962
59 5 0.070 0.251 2.087
59 6 -0.005 0.024 2.135
59 7 0.053 -0.172 2.119
59 8 0.085 -0.228 2.114
59 9 0.398 0.235 1.993
59 10 0.530 0.021 1.955
59 11 0.503 -0.174 1.992
59 12 0.506 -0.232 2.010
59 13 0.179 -0.124 2.120
59 14 0.156 -0.503 2.145
59 15 0.115 -0.808 2.075
59 16 0.118 -0.871 2.035
59 17 0.331 -0.122 2.084
59 18 0.355 -0.504 2.091
59 19 0.393 -0.807 2.111
59 20 0.369 -0.846 2.022
60 1 0.265 -0.052 2.097
60 2 0.267 0.013 2.089
60 3 0.264 0.329 2.025
60 4 0.229 0.502 1.962
60 5 0.085 0.246 2.089
60 6 0.006 0.021 2.140
60 7 0.066 -0.175 2.137
60 8 0.089 -0.231 2.129
60 9 0.419 0.224 1.998
60 10 0.541 0.010 1.957
60 11 0.514 -0.184 2.001
60 12 0.513 -0.244 2.017
60 13 0.190 -0.128 2.129
60 14 0.162 -0.506 2.151
60 15 0.117 -0.811 2.078
60 16 0.118 -0.871 2.037
60 17 0.344 -0.127 2.091
60 18 0.358 -0.503 2.093
60 19 0.394 -0.807 2.110
60 20 0.370 -0.845 2.018
61 1 0.276 -0.056 2.104
61 2 0.277 0.008 2.094
61 3 0.277 0.319 2.027
61 4 0.244 0.495 1.963
61 5 0.102 0.238 2.092
61 6 0.016 0.018 2.146
61 7 0.077 -0.179 2.152
61 8 0.093 -0.235 2.144
61 9 0.433 0.217 2.001
61 10 0.550 0.001 1.962
61 11 0.524 -0.192 2.011
61 12 0.527 -0.254 2.030
61 13 0.201 -0.132 2.138
61 14 0.167 -0.509 2.157
61 15 0.118 -0.812 2.082
61 16 0.085 -0.859 2.044
61 17 0.354 -0.132 2.097
61 18 0.366 -0.502 2.098
61 19 0.395 -0.807 2.110
61 20 0.371 -0.845 2.016
62 1 0.286 -0.061 2.113
62 2 0.287 0.003 2.101
62 3 0.288 0.311 2.029
62 4 0.256 0.488 1.964
62 5 0.114 0.232 2.094
62 6 0.026 0.012 2.153
62 7 0.086 -0.184 2.169
62 8 0.097 -0.240 2.158
62 9 0.447 0.208 2.006
62 10 0.563 -0.009 1.970
62 11 0.531 -0.199 2.020
62 12 0.533 -0.260 2.037
62 13 0.211 -0.136 2.151
62 14 0.171 -0.512 2.161
62 15 0.118 -0.814 2.086
62 16 0.077 -0.855 2.047
62 17 0.365 -0.139 2.107
62 18 0.373 -0.503 2.103
62 19 0.395 -0.807 2.110
62 20 0.373 -0.846 2.016
63 1 0.295 -0.067 2.122
63 2 0.296 -0.003 2.109
63 3 0.297 0.303 2.031
63 4 0.269 0.478 1.964
63 5 0.125 0.225 2.096
63 6 0.033 0.007 2.160
63 7 0.093 -0.189 2.182
63 8 0.099 -0.246 2.172
63 9 0.457 0.201 2.010
63 10 0.571 -0.014 1.976
63 11 0.537 -0.203 2.029
63 12 0.537 -0.265 2.043
63 13 0.220 -0.141 2.164
63 14 0.173 -0.514 2.164
63 15 0.119 -0.815 2.090
63 16 0.073 -0.854 2.048
63 17 0.374 -0.145 2.116
63 18 0.380 -0.504 2.107
63 19 0.396 -0.807 2.109
63 20 0.376 -0.847 2.019
64 1 0.303 -0.072 2.132
64 2 0.304 -0.010 2.117
64 3 0.307 0.293 2.034
64 4 0.280 0.468 1.966
64 5 0.133 0.219 2.099
64 6 0.038 0.002 2.165
64 7 0.097 -0.192 2.191
64 8 0.098 -0.252 2.185
64 9 0.465 0.194 2.013
64 10 0.579 -0.021 1.984
64 11 0.542 -0.209 2.038
64 12 0.546 -0.270 2.052
64 13 0.227 -0.146 2.176
64 14 0.175 -0.515 2.166
64 15 0.120 -0.816 2.093
64 16 0.076 -0.854 2.045
64 17 0.380 -0.152 2.127
64 18 0.385 -0.506 2.112
64 19 0.397 -0.807 2.109
64 20 0.377 -0.849 2.020
65 1 0.310 -0.081 2.144
65 2 0.311 -0.018 2.127
65 3 0.314 0.283 2.037
65 4 0.290 0.455 1.967
65 5 0.141 0.211 2.102
65 6 0.042 -0.003 2.170
65 7 0.101 -0.196 2.198
65 8 0.093 -0.257 2.201
65 9 0.473 0.184 2.018
65 10 0.585 -0.027 1.993
65 11 0.546 -0.214 2.045
65 12 0.553 -0.274 2.064
65 13 0.233 -0.151 2.188
65 14 0.177 -0.516 2.168
65 15 0.124 -0.816 2.097
65 16 0.112 -0.869 2.061
65 17 0.387 -0.162 2.143
65 18 0.390 -0.508 2.116
65 19 0.398 -0.807 2.109
65 20 0.379 -0.850 2.022
66 1 0.316 -0.089 2.155
66 2 0.318 -0.028 2.136
66 3 0.326 0.267 2.041
66 4 0.299 0.441 1.969
66 5 0.149 0.202 2.104
66 6 0.045 -0.007 2.173
66 7 0.104 -0.198 2.204
66 8 0.089 -0.259 2.222
66 9 0.480 0.174 2.022
66 10 0.593 -0.035 2.002
66 11 0.548 -0.220 2.050
66 12 0.556 -0.279 2.073
66 13 0.238 -0.158 2.200
66 14 0.178 -0.518 2.169
66 15 0.128 -0.818 2.103
66 16 0.175 -0.863 2.111
66 17 0.392 -0.171 2.156
66 18 0.393 -0.510 2.119
66 19 0.399 -0.807 2.109
66 20 0.381 -0.851 2.024
67 1 0.322 -0.101 2.167
67 2 0.324 -0.040 2.147
67 3 0.335 0.250 2.045
67 4 0.306 0.425 1.971
67 5 0.157 0.191 2.108
67 6 0.046 -0.013 2.177
67 7 0.107 -0.202 2.209
67 8 0.087 -0.261 2.234
67 9 0.488 0.158 2.028
67 10 0.602 -0.049 2.012
67 11 0.557 -0.234 2.069
67 12 0.564 -0.291 2.089
67 13 0.244 -0.168 2.213
67 14 0.179 -0.519 2.170
67 15 0.134 -0.821 2.110
67 16 0.218 -0.861 2.143
67 17 0.396 -0.183 2.170
67 18 0.396 -0.514 2.122
67 19 0.400 -0.807 2.108
67 20 0.382 -0.853 2.026
68 1 0.326 -0.111 2.178
68 2 0.329 -0.052 2.156
68 3 0.343 0.234 2.049
68 4 0.312 0.406 1.975
68 5 0.163 0.177 2.111
68 6 0.047 -0.018 2.180
68 7 0.110 -0.205 2.212
68 8 0.107 -0.250 2.225
68 9 0.495 0.141 2.034
68 10 0.610 -0.074 2.026
68 11 0.561 -0.257 2.088
68 12 0.563 -0.314 2.108
68 13 0.248 -0.178 2.225
68 14 0.180 -0.522 2.172
68 15 0.140 -0.825 2.119
68 16 0.235 -0.861 2.155
68 17 0.399 -0.194 2.182
68 18 0.398 -0.520 2.124
68 19 0.404 -0.822 2.108
68 20 0.387 -0.885 2.033
69 1 0.329 -0.124 2.188
69 2 0.333 -0.066 2.166
69 3 0.349 0.218 2.054
69 4 0.316 0.390 1.978
69 5 0.170 0.160 2.115
69 6 0.046 -0.026 2.182
69 7 0.113 -0.210 2.216
69 8 0.105 -0.257 2.229
69 9 0.503 0.122 2.039
69 10 0.614 -0.089 2.034
69 11 0.565 -0.271 2.099
69 12 0.561 -0.327 2.119
69 13 0.251 -0.192 2.236
69 14 0.181 -0.529 2.175
69 15 0.143 -0.827 2.124
69 16 0.244 -0.861 2.162
69 17 0.401 -0.205 2.192
69 18 0.399 -0.529 2.123
69 19 0.407 -0.838 2.107
69 20 0.391 -0.909 2.036
70 1 0.332 -0.136 2.196
70 2 0.336 -0.079 2.174
70 3 0.354 0.202 2.059
70 4 0.318 0.371 1.983
70 5 0.174 0.141 2.121
70 6 0.045 -0.040 2.184
70 7 0.121 -0.224 2.216
70 8 0.140 -0.284 2.228
70 9 0.509 0.103 2.044
70 10 0.617 -0.112 2.042
70 11 0.569 -0.292 2.112
70 12 0.555 -0.346 2.131
70 13 0.252 -0.205 2.246
70 14 0.181 -0.537 2.178
70 15 0.145 -0.828 2.127
70 16 0.243 -0.862 2.162
70 17 0.403 -0.217 2.202
70 18 0.400 -0.541 2.121
70 19 0.409 -0.853 2.104
70 20 0.393 -0.927 2.038
71 1 0.333 -0.152 2.206
71 2 0.337 -0.095 2.182
71 3 0.357 0.184 2.065
71 4 0.319 0.356 1.988
71 5 0.177 0.125 2.126
71 6 0.046 -0.054 2.184
71 7 0.125 -0.234 2.218
71 8 0.154 -0.299 2.233
71 9 0.512 0.089 2.048
71 10 0.619 -0.123 2.046
71 11 0.571 -0.303 2.117
71 12 0.555 -0.345 2.134
71 13 0.253 -0.220 2.256
71 14 0.180 -0.544 2.180
71 15 0.145 -0.841 2.129
71 16 0.174 -0.911 2.100
71 17 0.404 -0.232 2.212
71 18 0.402 -0.554 2.115
71 19 0.411 -0.867 2.102
71 20 0.395 -0.940 2.039
72 1 0.333 -0.171 2.215
72 2 0.337 -0.114 2.191
72 3 0.356 0.165 2.071
72 4 0.320 0.339 1.995
72 5 0.179 0.099 2.136
72 6 0.056 -0.098 2.193
72 7 0.134 -0.277 2.234
72 8 0.167 -0.342 2.252
72 9 0.512 0.074 2.052
72 10 0.620 -0.131 2.049
72 11 0.573 -0.311 2.121
72 12 0.557 -0.343 2.136
72 13 0.252 -0.238 2.267
72 14 0.173 -0.561 2.183
72 15 0.143 -0.863 2.128
72 16 0.123 -0.950 2.056
72 17 0.404 -0.250 2.221
72 18 0.401 -0.570 2.106
72 19 0.413 -0.880 2.102
72 20 0.396 -0.951 2.041
73 1 0.332 -0.190 2.224
73 2 0.337 -0.134 2.200
73 3 0.355 0.142 2.080
73 4 0.319 0.312 2.007
73 5 0.181 0.082 2.144
73 6 0.061 -0.120 2.198
73 7 0.136 -0.299 2.251
73 8 0.169 -0.363 2.274
73 9 0.510 0.052 2.058
73 10 0.619 -0.145 2.051
73 11 0.574 -0.324 2.123
73 12 0.555 -0.381 2.155
73 13 0.252 -0.254 2.276
73 14 0.160 -0.585 2.183
73 15 0.142 -0.884 2.126
73 16 0.106 -0.967 2.040
73 17 0.403 -0.269 2.230
73 18 0.400 -0.584 2.099
73 19 0.415 -0.894 2.101
73 20 0.398 -0.961 2.043
74 1 0.332 -0.207 2.232
74 2 0.337 -0.152 2.207
74 3 0.355 0.119 2.089
74 4 0.319 0.290 2.015
74 5 0.181 0.060 2.157
74 6 0.063 -0.135 2.204
74 7 0.131 -0.317 2.263
74 8 0.166 -0.377 2.284
74 9 0.508 0.040 2.062
74 10 0.621 -0.153 2.051
74 11 0.575 -0.331 2.124
74 12 0.556 -0.397 2.162
74 13 0.252 -0.270 2.285
74 14 0.155 -0.595 2.183
74 15 0.141 -0.900 2.125
74 16 0.095 -0.977 2.031
74 17 0.403 -0.285 2.237
74 18 0.399 -0.596 2.093
74 19 0.417 -0.905 2.101
74 20 0.399 -0.968 2.045
75 1 0.333 -0.223 2.241
75 2 0.337 -0.169 2.216
75 3 0.356 0.101 2.096
75 4 0.319 0.275 2.023
75 5 0.182 0.045 2.167
75 6 0.064 -0.154 2.217
75 7 0.127 -0.337 2.273
75 8 0.161 -0.392 2.292
75 9 0.506 0.030 2.066
75 10 0.622 -0.160 2.050
75 11 0.578 -0.338 2.124
75 12 0.571 -0.378 2.151
75 13 0.253 -0.286 2.294
75 14 0.152 -0.601 2.184
75 15 0.140 -0.909 2.124
75 16 0.089 -0.986 2.026
75 17 0.403 -0.301 2.244
75 18 0.398 -0.605 2.087
75 19 0.418 -0.914 2.102
75 20 0.399 -0.974 2.047
76 1 0.334 -0.238 2.250
76 2 0.338 -0.184 2.225
76 3 0.356 0.082 2.108
76 4 0.317 0.259 2.035
76 5 0.182 0.032 2.181
76 6 0.063 -0.168 2.230
76 7 0.122 -0.351 2.287
76 8 0.147 -0.410 2.310
76 9 0.504 0.021 2.071
76 10 0.623 -0.165 2.050
76 11 0.580 -0.343 2.124
76 12 0.580 -0.370 2.147
76 13 0.255 -0.302 2.304
76 14 0.149 -0.608 2.184
76 15 0.140 -0.919 2.124
76 16 0.087 -0.994 2.025
76 17 0.403 -0.314 2.253
76 18 0.397 -0.611 2.083
76 19 0.419 -0.920 2.102
76 20 0.400 -0.978 2.049
77 1 0.336 -0.250 2.260
77 2 0.340 -0.197 2.235
77 3 0.356 0.067 2.119
77 4 0.316 0.245 2.047
77 5 0.181 0.020 2.196
77 6 0.065 -0.180 2.251
77 7 0.115 -0.366 2.300
77 8 0.133 -0.429 2.324
77 9 0.501 0.012 2.077
77 10 0.624 -0.170 2.049
77 11 0.583 -0.349 2.124
77 12 0.589 -0.365 2.144
77 13 0.259 -0.315 2.314
77 14 0.147 -0.612 2.185
77 15 0.140 -0.925 2.124
77 16 0.089 -1.000 2.028
77 17 0.406 -0.327 2.263
77 18 0.398 -0.615 2.080
77 19 0.419 -0.926 2.104
77 20 0.399 -0.981 2.051
78 1 0.340 -0.267 2.274
78 2 0.343 -0.214 2.249
78 3 0.356 0.050 2.135
78 4 0.317 0.229 2.064
78 5 0.180 0.008 2.217
78 6 0.066 -0.191 2.269
78 7 0.121 -0.374 2.331
78 8 0.134 -0.435 2.343
78 9 0.499 -0.026 2.102
78 10 0.627 -0.178 2.051
78 11 0.591 -0.357 2.134
78 12 0.575 -0.394 2.167
78 13 0.263 -0.331 2.328
78 14 0.145 -0.616 2.186
78 15 0.140 -0.931 2.124
78 16 0.094 -1.004 2.034
78 17 0.410 -0.347 2.279
78 18 0.398 -0.620 2.077
78 19 0.419 -0.931 2.106
78 20 0.398 -0.983 2.053
79 1 0.343 -0.280 2.286
79 2 0.346 -0.227 2.262
79 3 0.357 0.031 2.156
79 4 0.319 0.208 2.087
79 5 0.182 -0.002 2.237
79 6 0.068 -0.199 2.285
79 7 0.125 -0.381 2.347
79 8 0.136 -0.442 2.357
79 9 0.499 -0.048 2.117
79 10 0.632 -0.186 2.057
79 11 0.595 -0.364 2.141
79 12 0.571 -0.403 2.175
79 13 0.267 -0.343 2.340
79 14 0.144 -0.619 2.187
79 15 0.140 -0.935 2.124
79 16 0.101 -1.007 2.041
79 17 0.414 -0.362 2.290
79 18 0.399 -0.624 2.074
79 19 0.420 -0.935 2.108
79 20 0.396 -0.985 2.055
80 1 0.350 -0.293 2.299
80 2 0.353 -0.242 2.276
80 3 0.365 0.013 2.175
80 4 0.326 0.188 2.113
80 5 0.187 -0.010 2.260
80 6 0.070 -0.207 2.302
80 7 0.127 -0.388 2.356
80 8 0.138 -0.448 2.366
80 9 0.503 -0.066 2.135
80 10 0.641 -0.198 2.070
80 11 0.601 -0.373 2.151
80 12 0.570 -0.409 2.180
80 13 0.274 -0.355 2.353
80 14 0.143 -0.621 2.188
80 15 0.141 -0.938 2.123
80 16 0.108 -1.008 2.047
80 17 0.420 -0.375 2.301
80 18 0.399 -0.627 2.071
80 19 0.420 -0.937 2.109
80 20 0.394 -0.985 2.056
81 1 0.361 -0.313 2.315
81 2 0.362 -0.260 2.292
81 3 0.370 -0.002 2.196
81 4 0.333 0.170 2.141
81 5 0.200 -0.045 2.296
81 6 0.072 -0.214 2.316
81 7 0.123 -0.397 2.371
81 8 0.135 -0.455 2.380
81 9 0.508 -0.082 2.154
81 10 0.654 -0.219 2.095
81 11 0.608 -0.392 2.168
81 12 0.569 -0.414 2.184
81 13 0.288 -0.378 2.369
81 14 0.141 -0.624 2.189
81 15 0.143 -0.942 2.123
81 16 0.118 -1.007 2.054
81 17 0.429 -0.392 2.311
81 18 0.400 -0.630 2.069
81 19 0.422 -0.934 2.121
81 20 0.393 -0.982 2.062
82 1 0.370 -0.329 2.329
82 2 0.371 -0.276 2.309
82 3 0.375 -0.016 2.230
82 4 0.342 0.160 2.172
82 5 0.209 -0.071 2.323
82 6 0.076 -0.224 2.336
82 7 0.121 -0.405 2.379
82 8 0.132 -0.467 2.390
82 9 0.517 -0.099 2.178
82 10 0.667 -0.250 2.126
82 11 0.606 -0.446 2.214
82 12 0.553 -0.466 2.226
82 13 0.298 -0.394 2.380
82 14 0.139 -0.627 2.190
82 15 0.145 -0.944 2.124
82 16 0.125 -1.006 2.060
82 17 0.439 -0.409 2.323
82 18 0.400 -0.634 2.068
82 19 0.423 -0.931 2.130
82 20 0.394 -0.980 2.067
83 1 0.379 -0.346 2.343
83 2 0.380 -0.292 2.326
83 3 0.381 -0.025 2.257
83 4 0.352 0.145 2.209
83 5 0.215 -0.093 2.346
83 6 0.086 -0.256 2.371
83 7 0.116 -0.444 2.413
83 8 0.126 -0.500 2.423
83 9 0.528 -0.117 2.207
83 10 0.673 -0.261 2.139
83 11 0.617 -0.457 2.225
83 12 0.554 -0.476 2.234
83 13 0.307 -0.411 2.390
83 14 0.137 -0.629 2.190
83 15 0.146 -0.947 2.124
83 16 0.131 -1.004 2.063
83 17 0.451 -0.426 2.334
83 18 0.401 -0.636 2.067
83 19 0.424 -0.928 2.137
83 20 0.394 -0.977 2.071
84 1 0.390 -0.364 2.361
84 2 0.391 -0.309 2.346
84 3 0.396 -0.033 2.294
84 4 0.359 0.134 2.236
84 5 0.224 -0.118 2.375
84 6 0.091 -0.272 2.389
84 7 0.147 -0.462 2.425
84 8 0.155 -0.517 2.435
84 9 0.538 -0.133 2.232
84 10 0.680 -0.270 2.153
84 11 0.654 -0.473 2.212
84 12 0.614 -0.518 2.242
84 13 0.315 -0.427 2.402
84 14 0.136 -0.630 2.191
84 15 0.148 -0.948 2.124
84 16 0.135 -1.003 2.065
84 17 0.463 -0.445 2.348
84 18 0.404 -0.640 2.067
84 19 0.424 -0.926 2.141
84 20 0.393 -0.975 2.073
85 1 0.402 -0.383 2.379
85 2 0.403 -0.326 2.366
85 3 0.408 -0.039 2.323
85 4 0.371 0.119 2.275
85 5 0.231 -0.134 2.396
85 6 0.098 -0.286 2.407
85 7 0.164 -0.477 2.429
85 8 0.187 -0.539 2.436
85 9 0.549 -0.150 2.259
85 10 0.690 -0.287 2.178
85 11 0.671 -0.494 2.185
85 12 0.684 -0.539 2.216
85 13 0.326 -0.449 2.416
85 14 0.136 -0.631 2.191
85 15 0.154 -0.947 2.128
85 16 0.139 -0.998 2.068
85 17 0.475 -0.463 2.362
85 18 0.407 -0.643 2.068
85 19 0.424 -0.925 2.144
85 20 0.393 -0.973 2.074
86 1 0.412 -0.398 2.391
86 2 0.413 -0.342 2.382
86 3 0.419 -0.068 2.355
86 4 0.382 0.103 2.310
86 5 0.240 -0.158 2.423
86 6 0.121 -0.318 2.436
86 7 0.195 -0.509 2.323
86 8 0.192 -0.541 2.268
86 9 0.559 -0.165 2.281
86 10 0.698 -0.299 2.195
86 11 0.668 -0.498 2.219
86 12 0.697 -0.548 2.252
86 13 0.335 -0.467 2.427
86 14 0.135 -0.632 2.191
86 15 0.158 -0.944 2.131
86 16 0.141 -0.993 2.069
86 17 0.489 -0.480 2.374
86 18 0.413 -0.647 2.071
86 19 0.424 -0.925 2.146
86 20 0.392 -0.972 2.075
87 1 0.418 -0.410 2.404
87 2 0.420 -0.355 2.396
87 3 0.427 -0.083 2.374
87 4 0.394 0.088 2.338
87 5 0.246 -0.171 2.441
87 6 0.131 -0.333 2.450
87 7 0.211 -0.527 2.284
87 8 0.201 -0.551 2.228
87 9 0.570 -0.179 2.302
87 10 0.709 -0.312 2.216
87 11 0.702 -0.514 2.236
87 12 0.714 -0.568 2.262
87 13 0.339 -0.479 2.436
87 14 0.136 -0.634 2.193
87 15 0.164 -0.943 2.136
87 16 0.143 -0.990 2.071
87 17 0.497 -0.493 2.385
87 18 0.422 -0.650 2.075
87 19 0.424 -0.924 2.148
87 20 0.391 -0.970 2.076
88 1 0.424 -0.420 2.414
88 2 0.426 -0.365 2.408
88 3 0.437 -0.098 2.391
88 4 0.402 0.079 2.357
88 5 0.259 -0.184 2.462
88 6 0.136 -0.341 2.459
88 7 0.219 -0.534 2.256
88 8 0.198 -0.550 2.186
88 9 0.581 -0.191 2.323
88 10 0.718 -0.322 2.232
88 11 0.689 -0.517 2.271
88 12 0.703 -0.576 2.292
88 13 0.343 -0.488 2.444
88 14 0.139 -0.635 2.195
88 15 0.167 -0.942 2.138
88 16 0.145 -0.988 2.072
88 17 0.502 -0.502 2.392
88 18 0.430 -0.654 2.081
88 19 0.424 -0.924 2.149
88 20 0.391 -0.970 2.077
89 1 0.428 -0.425 2.423
89 2 0.431 -0.372 2.418
89 3 0.446 -0.106 2.408
89 4 0.419 0.074 2.392
89 5 0.268 -0.189 2.478
89 6 0.142 -0.347 2.468
89 7 0.223 -0.537 2.245
89 8 0.191 -0.543 2.186
89 9 0.591 -0.196 2.341
89 10 0.725 -0.329 2.249
89 11 0.674 -0.516 2.303
89 12 0.668 -0.579 2.322
89 13 0.345 -0.494 2.452
89 14 0.146 -0.637 2.198
89 15 0.169 -0.942 2.141
89 16 0.146 -0.986 2.073
89 17 0.506 -0.507 2.399
89 18 0.436 -0.655 2.087
89 19 0.425 -0.924 2.151
89 20 0.393 -0.969 2.078
90 1 0.434 -0.427 2.431
90 2 0.437 -0.374 2.427
90 3 0.456 -0.108 2.423
90 4 0.428 0.072 2.411
90 5 0.276 -0.190 2.491
90 6 0.147 -0.351 2.477
90 7 0.229 -0.536 2.242
90 8 0.195 -0.537 2.186
90 9 0.606 -0.195 2.365
90 10 0.733 -0.332 2.266
90 11 0.670 -0.516 2.314
90 12 0.664 -0.582 2.330
90 13 0.348 -0.497 2.458
90 14 0.154 -0.635 2.201
90 15 0.171 -0.941 2.143
90 16 0.146 -0.983 2.074
90 17 0.514 -0.509 2.405
90 18 0.440 -0.655 2.094
90 19 0.427 -0.924 2.151
90 20 0.396 -0.968 2.078
91 1 0.441 -0.424 2.440
91 2 0.446 -0.370 2.438
91 3 0.467 -0.102 2.443
91 4 0.446 0.084 2.439
91 5 0.287 -0.182 2.509
91 6 0.151 -0.351 2.486
91 7 0.244 -0.529 2.261
91 8 0.209 -0.530 2.198
91 9 0.617 -0.193 2.381
91 10 0.739 -0.334 2.281
91 11 0.664 -0.516 2.320
91 12 0.659 -0.582 2.335
91 13 0.352 -0.496 2.464
91 14 0.165 -0.631 2.205
91 15 0.172 -0.939 2.144
91 16 0.146 -0.980 2.074
91 17 0.520 -0.508 2.411
91 18 0.443 -0.654 2.101
91 19 0.430 -0.925 2.152
91 20 0.399 -0.968 2.078
92 1 0.449 -0.416 2.448
92 2 0.454 -0.363 2.448
92 3 0.476 -0.100 2.456
92 4 0.463 0.104 2.469
92 5 0.296 -0.169 2.526
92 6 0.155 -0.346 2.495
92 7 0.248 -0.519 2.280
92 8 0.213 -0.529 2.202
92 9 0.627 -0.188 2.395
92 10 0.744 -0.335 2.293
92 11 0.657 -0.514 2.323
92 12 0.655 -0.582 2.338
92 13 0.357 -0.489 2.472
92 14 0.175 -0.626 2.211
92 15 0.172 -0.937 2.144
92 16 0.144 -0.975 2.072
92 17 0.527 -0.503 2.416
92 18 0.446 -0.651 2.109
92 19 0.433 -0.926 2.151
92 20 0.402 -0.967 2.076
93 1 0.456 -0.404 2.456
93 2 0.461 -0.354 2.458
93 3 0.483 -0.098 2.468
93 4 0.474 0.115 2.483
93 5 0.305 -0.154 2.542
93 6 0.159 -0.335 2.504
93 7 0.244 -0.506 2.291
93 8 0.215 -0.529 2.205
93 9 0.638 -0.181 2.408
93 10 0.747 -0.334 2.305
93 11 0.650 -0.510 2.324
93 12 0.649 -0.578 2.340
93 13 0.362 -0.477 2.478
93 14 0.183 -0.619 2.217
93 15 0.171 -0.933 2.143
93 16 0.142 -0.969 2.069
93 17 0.533 -0.494 2.421
93 18 0.448 -0.646 2.118
93 19 0.435 -0.927 2.150
93 20 0.406 -0.967 2.074
94 1 0.461 -0.394 2.462
94 2 0.467 -0.345 2.467
94 3 0.490 -0.096 2.482
94 4 0.483 0.122 2.497
94 5 0.311 -0.145 2.550
94 6 0.162 -0.325 2.511
94 7 0.237 -0.496 2.421
94 8 0.218 -0.519 2.331
94 9 0.647 -0.174 2.421
94 10 0.751 -0.331 2.315
94 11 0.645 -0.504 2.325
94 12 0.645 -0.573 2.340
94 13 0.367 -0.466 2.481
94 14 0.188 -0.615 2.221
94 15 0.169 -0.929 2.142
94 16 0.139 -0.963 2.067
94 17 0.538 -0.483 2.426
94 18 0.449 -0.639 2.126
94 19 0.439 -0.927 2.146
94 20 0.410 -0.966 2.069
95 1 0.466 -0.385 2.467
95 2 0.473 -0.338 2.476
95 3 0.495 -0.095 2.495
95 4 0.490 0.127 2.507
95 5 0.315 -0.140 2.555
95 6 0.164 -0.316 2.515
95 7 0.233 -0.488 2.473
95 8 0.216 -0.510 2.413
95 9 0.654 -0.170 2.430
95 10 0.754 -0.329 2.322
95 11 0.642 -0.499 2.325
95 12 0.641 -0.567 2.340
95 13 0.372 -0.456 2.483
95 14 0.191 -0.611 2.223
95 15 0.167 -0.924 2.140
95 16 0.137 -0.957 2.063
95 17 0.542 -0.474 2.430
95 18 0.450 -0.633 2.132
95 19 0.441 -0.927 2.142
95 20 0.413 -0.964 2.063
96 1 0.468 -0.379 2.469
96 2 0.477 -0.333 2.482
96 3 0.501 -0.094 2.506
96 4 0.499 0.133 2.521
96 5 0.320 -0.135 2.560
96 6 0.166 -0.310 2.518
96 7 0.231 -0.484 2.496
96 8 0.216 -0.507 2.439
96 9 0.661 -0.164 2.440
96 10 0.756 -0.325 2.329
96 11 0.641 -0.494 2.324
96 12 0.638 -0.557 2.339
96 13 0.376 -0.450 2.483
96 14 0.192 -0.608 2.225
96 15 0.165 -0.920 2.139
96 16 0.136 -0.952 2.061
96 17 0.544 -0.468 2.432
96 18 0.451 -0.629 2.136
96 19 0.443 -0.927 2.138
96 20 0.416 -0.963 2.058
97 1 0.470 -0.376 2.471
97 2 0.480 -0.330 2.486
97 3 0.507 -0.093 2.516
97 4 0.506 0.136 2.532
97 5 0.323 -0.132 2.564
97 6 0.168 -0.305 2.520
97 7 0.228 -0.484 2.495
97 8 0.216 -0.505 2.456
97 9 0.666 -0.161 2.446
97 10 0.772 -0.311 2.339
97 11 0.648 -0.473 2.323
97 12 0.646 -0.530 2.336
97 13 0.378 -0.446 2.483
97 14 0.194 -0.606 2.227
97 15 0.163 -0.917 2.138
97 16 0.135 -0.948 2.059
97 17 0.545 -0.465 2.433
97 18 0.451 -0.626 2.138
97 19 0.445 -0.927 2.134
97 20 0.419 -0.961 2.054
98 1 0.472 -0.374 2.472
98 2 0.482 -0.328 2.490
98 3 0.510 -0.093 2.524
98 4 0.512 0.138 2.542
98 5 0.326 -0.131 2.567
98 6 0.169 -0.302 2.521
98 7 0.225 -0.483 2.494
98 8 0.214 -0.503 2.460
98 9 0.670 -0.159 2.452
98 10 0.780 -0.304 2.343
98 11 0.651 -0.463 2.324
98 12 0.670 -0.509 2.336
98 13 0.380 -0.443 2.482
98 14 0.194 -0.605 2.228
98 15 0.162 -0.914 2.137
98 16 0.134 -0.946 2.058
98 17 0.546 -0.462 2.434
98 18 0.451 -0.623 2.140
98 19 0.446 -0.926 2.130
98 20 0.421 -0.960 2.050
99 1 0.473 -0.372 2.473
99 2 0.484 -0.328 2.493
99 3 0.513 -0.093 2.529
99 4 0.517 0.138 2.550
99 5 0.330 -0.131 2.571
99 6 0.171 -0.299 2.522
99 7 0.224 -0.483 2.488
99 8 0.212 -0.503 2.454
99 9 0.672 -0.158 2.456
99 10 0.784 -0.300 2.345
99 11 0.634 -0.450 2.336
99 12 0.601 -0.494 2.348
99 13 0.381 -0.441 2.481
99 14 0.194 -0.604 2.228
99 15 0.161 -0.912 2.136
99 16 0.133 -0.943 2.056
99 17 0.547 -0.460 2.435
99 18 0.451 -0.622 2.141
99 19 0.447 -0.925 2.128
99 20 0.423 -0.959 2.048
100 1 0.474 -0.371 2.473
100 2 0.486 -0.328 2.496
100 3 0.521 -0.078 2.544
100 4 0.520 0.138 2.555
100 5 0.335 -0.133 2.575
100 6 0.172 -0.298 2.523
100 7 0.225 -0.484 2.477
100 8 0.211 -0.502 2.444
100 9 0.674 -0.158 2.460
100 10 0.786 -0.298 2.347
100 11 0.636 -0.448 2.339
100 12 0.601 -0.491 2.346
100 13 0.382 -0.440 2.480
100 14 0.194 -0.603 2.229
100 15 0.160 -0.910 2.135
100 16 0.133 -0.942 2.055
100 17 0.548 -0.459 2.435
100 18 0.451 -0.621 2.142
100 19 0.448 -0.925 2.127
100 20 0.424 -0.958 2.046
101 1 0.475 -0.371 2.474
101 2 0.488 -0.329 2.499
101 3 0.525 -0.071 2.551
101 4 0.523 0.136 2.559
101 5 0.339 -0.136 2.578
101 6 0.173 -0.297 2.524
101 7 0.225 -0.485 2.471
101 8 0.211 -0.503 2.434
101 9 0.675 -0.159 2.464
101 10 0.788 -0.297 2.349
101 11 0.639 -0.448 2.340
101 12 0.597 -0.492 2.345
101 13 0.384 -0.439 2.480
101 14 0.194 -0.602 2.229
101 15 0.160 -0.909 2.134
101 16 0.133 -0.940 2.055
101 17 0.548 -0.458 2.435
101 18 0.451 -0.620 2.142
101 19 0.449 -0.925 2.125
101 20 0.424 -0.957 2.045
102 1 0.476 -0.371 2.474
102 2 0.490 -0.330 2.502
102 3 0.527 -0.067 2.555
102 4 0.524 0.132 2.562
102 5 0.342 -0.141 2.581
102 6 0.174 -0.297 2.525
102 7 0.226 -0.486 2.467
102 8 0.210 -0.503 2.428
102 9 0.676 -0.160 2.468
102 10 0.788 -0.296 2.349
102 11 0.644 -0.449 2.342
102 12 0.597 -0.496 2.345
102 13 0.385 -0.439 2.479
102 14 0.194 -0.601 2.229
102 15 0.159 -0.907 2.134
102 16 0.132 -0.939 2.054
102 17 0.548 -0.457 2.434
102 18 0.451 -0.619 2.142
102 19 0.449 -0.924 2.124
102 20 0.425 -0.957 2.043
103 1 0.477 -0.372 2.474
103 2 0.492 -0.332 2.505
103 3 0.528 -0.065 2.558
103 4 0.525 0.127 2.564
103 5 0.344 -0.146 2.583
103 6 0.175 -0.297 2.527
103 7 0.227 -0.486 2.465
103 8 0.211 -0.504 2.423
103 9 0.677 -0.162 2.471
103 10 0.789 -0.296 2.349
103 11 0.647 -0.451 2.343
103 12 0.599 -0.500 2.345
103 13 0.386 -0.440 2.479
103 14 0.193 -0.601 2.229
103 15 0.159 -0.906 2.133
103 16 0.132 -0.938 2.054
103 17 0.549 -0.457 2.434
103 18 0.451 -0.618 2.141
103 19 0.450 -0.924 2.122
103 20 0.425 -0.956 2.042
104 1 0.477 -0.373 2.475
104 2 0.494 -0.334 2.509
104 3 0.529 -0.064 2.560
104 4 0.525 0.123 2.565
104 5 0.344 -0.150 2.585
104 6 0.177 -0.297 2.528
104 7 0.227 -0.486 2.464
104 8 0.211 -0.504 2.420
104 9 0.677 -0.163 2.473
104 10 0.787 -0.298 2.349
104 11 0.649 -0.452 2.344
104 12 0.599 -0.503 2.346
104 13 0.386 -0.441 2.480
104 14 0.193 -0.601 2.229
104 15 0.158 -0.905 2.133
104 16 0.132 -0.937 2.053
104 17 0.549 -0.457 2.434
104 18 0.452 -0.617 2.140
104 19 0.450 -0.923 2.121
104 20 0.426 -0.956 2.040
105 1 0.478 -0.374 2.475
105 2 0.495 -0.335 2.511
105 3 0.530 -0.063 2.561
105 4 0.525 0.119 2.565
105 5 0.345 -0.154 2.586
105 6 0.178 -0.298 2.530
105 7 0.229 -0.487 2.463
105 8 0.199 -0.518 2.454
105 9 0.678 -0.164 2.475
105 10 0.786 -0.299 2.349
105 11 0.650 -0.454 2.345
105 12 0.599 -0.505 2.346
105 13 0.387 -0.442 2.481
105 14 0.193 -0.601 2.229
105 15 0.157 -0.904 2.132
105 16 0.131 -0.936 2.053
105 17 0.549 -0.457 2.433
105 18 0.453 -0.617 2.139
105 19 0.450 -0.922 2.119
105 20 0.426 -0.955 2.039
106 1 0.478 -0.374 2.476
106 2 0.496 -0.336 2.514
106 3 0.530 -0.063 2.562
106 4 0.524 0.114 2.564
106 5 0.345 -0.157 2.587
106 6 0.179 -0.299 2.532
106 7 0.230 -0.487 2.463
106 8 0.191 -0.524 2.470
106 9 0.678 -0.165 2.476
106 10 0.785 -0.300 2.349
106 11 0.622 -0.484 2.347
106 12 0.565 -0.545 2.350
106 13 0.387 -0.444 2.482
106 14 0.193 -0.600 2.229
106 15 0.156 -0.902 2.132
106 16 0.131 -0.935 2.052
106 17 0.549 -0.458 2.433
106 18 0.453 -0.616 2.137
106 19 0.451 -0.921 2.117
106 20 0.426 -0.954 2.037
107 1 0.479 -0.375 2.477
107 2 0.497 -0.337 2.516
107 3 0.530 -0.064 2.561
107 4 0.523 0.110 2.563
107 5 0.345 -0.159 2.588
107 6 0.179 -0.299 2.533
107 7 0.231 -0.488 2.464
107 8 0.187 -0.526 2.477
107 9 0.678 -0.166 2.477
107 10 0.784 -0.300 2.348
107 11 0.625 -0.474 2.343
107 12 0.574 -0.525 2.343
107 13 0.388 -0.445 2.484
107 14 0.193 -0.600 2.228
107 15 0.155 -0.901 2.130
107 16 0.130 -0.934 2.051
107 17 0.549 -0.458 2.433
107 18 0.454 -0.614 2.136
107 19 0.451 -0.920 2.116
107 20 0.427 -0.952 2.036
108 1 0.479 -0.376 2.477
108 2 0.497 -0.338 2.517
108 3 0.529 -0.066 2.560
108 4 0.520 0.107 2.562
108 5 0.345 -0.161 2.588
108 6 0.179 -0.300 2.534
108 7 0.232 -0.488 2.464
108 8 0.228 -0.543 2.468
108 9 0.677 -0.166 2.478
108 10 0.783 -0.300 2.347
108 11 0.629 -0.464 2.340
108 12 0.581 -0.512 2.340
108 13 0.388 -0.446 2.485
108 14 0.192 -0.600 2.228
108 15 0.153 -0.898 2.125
108 16 0.128 -0.931 2.045
108 17 0.549 -0.458 2.432
108 18 0.454 -0.613 2.135
108 19 0.452 -0.918 2.114
108 20 0.427 -0.951 2.034
109 1 0.479 -0.377 2.478
109 2 0.497 -0.338 2.519
109 3 0.527 -0.068 2.558
109 4 0.517 0.105 2.560
109 5 0.344 -0.162 2.589
109 6 0.179 -0.300 2.535
109 7 0.234 -0.488 2.465
109 8 0.254 -0.553 2.460
109 9 0.677 -0.167 2.479
109 10 0.783 -0.299 2.345
109 11 0.634 -0.454 2.336
109 12 0.587 -0.501 2.338
109 13 0.387 -0.447 2.487
109 14 0.192 -0.600 2.228
109 15 0.151 -0.896 2.120
109 16 0.126 -0.929 2.041
109 17 0.549 -0.459 2.432
109 18 0.455 -0.613 2.134
109 19 0.453 -0.917 2.112
109 20 0.428 -0.950 2.033
110 1 0.479 -0.378 2.478
110 2 0.497 -0.339 2.520
110 3 0.524 -0.072 2.554
110 4 0.509 0.100 2.551
110 5 0.343 -0.164 2.589
110 6 0.179 -0.301 2.535
110 7 0.234 -0.489 2.465
110 8 0.264 -0.558 2.457
110 9 0.676 -0.168 2.478
110 10 0.781 -0.296 2.340
110 11 0.637 -0.448 2.334
110 12 0.591 -0.495 2.336
110 13 0.386 -0.448 2.488
110 14 0.192 -0.601 2.227
110 15 0.149 -0.894 2.115
110 16 0.124 -0.927 2.036
110 17 0.548 -0.460 2.432
110 18 0.455 -0.612 2.133
110 19 0.454 -0.916 2.109
110 20 0.429 -0.949 2.030
111 1 0.478 -0.379 2.478
111 2 0.497 -0.340 2.521
111 3 0.521 -0.076 2.549
111 4 0.502 0.096 2.543
111 5 0.341 -0.166 2.588
111 6 0.178 -0.303 2.535
111 7 0.236 -0.489 2.466
111 8 0.271 -0.561 2.455
111 9 0.673 -0.169 2.476
111 10 0.778 -0.292 2.332
111 11 0.639 -0.444 2.332
111 12 0.595 -0.492 2.335
111 13 0.386 -0.449 2.489
111 14 0.191 -0.601 2.227
111 15 0.147 -0.893 2.110
111 16 0.122 -0.926 2.031
111 17 0.548 -0.461 2.432
111 18 0.456 -0.612 2.132
111 19 0.456 -0.915 2.104
111 20 0.431 -0.948 2.026
112 1 0.477 -0.380 2.479
112 2 0.497 -0.341 2.521
112 3 0.517 -0.080 2.543
112 4 0.495 0.093 2.535
112 5 0.339 -0.168 2.586
112 6 0.176 -0.306 2.534
112 7 0.237 -0.490 2.466
112 8 0.276 -0.563 2.454
112 9 0.667 -0.171 2.472
112 10 0.772 -0.289 2.322
112 11 0.640 -0.442 2.330
112 12 0.597 -0.490 2.334
112 13 0.385 -0.451 2.489
112 14 0.191 -0.602 2.226
112 15 0.146 -0.892 2.106
112 16 0.120 -0.925 2.027
112 17 0.547 -0.462 2.432
112 18 0.456 -0.611 2.131
112 19 0.458 -0.914 2.099
112 20 0.432 -0.948 2.021
113 1 0.476 -0.382 2.478
113 2 0.496 -0.342 2.521
113 3 0.511 -0.084 2.535
113 4 0.489 0.093 2.528
113 5 0.335 -0.170 2.584
113 6 0.174 -0.309 2.531
113 7 0.238 -0.492 2.466
113 8 0.279 -0.564 2.453
113 9 0.660 -0.173 2.466
113 10 0.762 -0.289 2.312
113 11 0.616 -0.475 2.329
113 12 0.569 -0.535 2.339
113 13 0.384 -0.452 2.490
113 14 0.190 -0.602 2.226
113 15 0.144 -0.892 2.103
113 16 0.118 -0.925 2.024
113 17 0.547 -0.463 2.431
113 18 0.456 -0.611 2.130
113 19 0.460 -0.914 2.095
113 20 0.433 -0.947 2.017
114 1 0.475 -0.384 2.478
114 2 0.494 -0.343 2.521
114 3 0.506 -0.087 2.527
114 4 0.482 0.093 2.519
114 5 0.329 -0.173 2.580
114 6 0.172 -0.312 2.528
114 7 0.239 -0.494 2.467
114 8 0.279 -0.566 2.453
114 9 0.653 -0.175 2.459
114 10 0.754 -0.291 2.304
114 11 0.616 -0.475 2.321
114 12 0.573 -0.536 2.329
114 13 0.383 -0.454 2.490
114 14 0.190 -0.602 2.225
114 15 0.143 -0.891 2.100
114 16 0.117 -0.925 2.022
114 17 0.546 -0.464 2.431
114 18 0.457 -0.612 2.129
114 19 0.461 -0.914 2.092
114 20 0.434 -0.948 2.014
115 1 0.473 -0.386 2.477
115 2 0.492 -0.344 2.520
115 3 0.500 -0.090 2.518
115 4 0.475 0.092 2.509
115 5 0.322 -0.176 2.571
115 6 0.169 -0.315 2.524
115 7 0.240 -0.496 2.466
115 8 0.279 -0.566 2.451
115 9 0.647 -0.176 2.451
115 10 0.749 -0.291 2.296
115 11 0.619 -0.473 2.313
115 12 0.579 -0.532 2.321
115 13 0.381 -0.455 2.490
115 14 0.190 -0.603 2.225
115 15 0.142 -0.891 2.098
115 16 0.116 -0.925 2.020
115 17 0.545 -0.465 2.431
115 18 0.457 -0.612 2.128
115 19 0.462 -0.915 2.089
115 20 0.435 -0.948 2.012
116 1 0.470 -0.387 2.476
116 2 0.489 -0.346 2.518
116 3 0.496 -0.092 2.509
116 4 0.469 0.090 2.501
116 5 0.316 -0.179 2.563
116 6 0.167 -0.320 2.520
116 7 0.233 -0.504 2.461
116 8 0.269 -0.570 2.447
116 9 0.640 -0.177 2.443
116 10 0.739 -0.295 2.288
116 11 0.619 -0.475 2.309
116 12 0.582 -0.534 2.317
116 13 0.380 -0.457 2.490
116 14 0.189 -0.603 2.225
116 15 0.142 -0.892 2.096
116 16 0.115 -0.925 2.018
116 17 0.543 -0.467 2.430
116 18 0.457 -0.613 2.127
116 19 0.462 -0.915 2.087
116 20 0.435 -0.948 2.010
117 1 0.467 -0.389 2.474
117 2 0.486 -0.347 2.515
117 3 0.489 -0.093 2.500
117 4 0.463 0.090 2.493
117 5 0.311 -0.181 2.557
117 6 0.164 -0.323 2.515
117 7 0.268 -0.493 2.443
117 8 0.309 -0.549 2.425
117 9 0.635 -0.178 2.435
117 10 0.732 -0.299 2.282
117 11 0.620 -0.476 2.306
117 12 0.584 -0.535 2.314
117 13 0.378 -0.459 2.490
117 14 0.189 -0.604 2.225
117 15 0.141 -0.892 2.095
117 16 0.114 -0.926 2.017
117 17 0.541 -0.468 2.429
117 18 0.458 -0.613 2.126
117 19 0.463 -0.915 2.086
117 20 0.435 -0.949 2.009
118 1 0.465 -0.391 2.472
118 2 0.483 -0.348 2.512
118 3 0.485 -0.094 2.492
118 4 0.454 0.090 2.482
118 5 0.306 -0.183 2.551
118 6 0.162 -0.325 2.511
118 7 0.269 -0.494 2.438
118 8 0.305 -0.549 2.418
118 9 0.630 -0.179 2.428
118 10 0.727 -0.302 2.277
118 11 0.621 -0.478 2.302
118 12 0.586 -0.537 2.311
118 13 0.376 -0.460 2.489
118 14 0.189 -0.604 2.225
118 15 0.141 -0.893 2.094
118 16 0.114 -0.926 2.016
118 17 0.540 -0.470 2.428
118 18 0.458 -0.614 2.124
118 19 0.463 -0.915 2.085
118 20 0.435 -0.949 2.008
119 1 0.462 -0.392 2.470
119 2 0.480 -0.348 2.508
119 3 0.481 -0.094 2.486
119 4 0.449 0.089 2.473
119 5 0.302 -0.184 2.546
119 6 0.160 -0.328 2.508
119 7 0.275 -0.494 2.432
119 8 0.312 -0.546 2.410
119 9 0.626 -0.179 2.421
119 10 0.723 -0.304 2.273
119 11 0.621 -0.479 2.298
119 12 0.588 -0.538 2.307
119 13 0.374 -0.462 2.488
119 14 0.188 -0.605 2.224
119 15 0.140 -0.893 2.093
119 16 0.113 -0.927 2.015
119 17 0.538 -0.471 2.427
119 18 0.458 -0.615 2.123
119 19 0.463 -0.916 2.084
119 20 0.436 -0.949 2.007
120 1 0.460 -0.393 2.467
120 2 0.476 -0.349 2.504
120 3 0.478 -0.094 2.481
120 4 0.443 0.089 2.466
120 5 0.299 -0.185 2.542
120 6 0.158 -0.330 2.505
120 7 0.278 -0.493 2.429
120 8 0.315 -0.545 2.406
120 9 0.621 -0.179 2.414
120 10 0.721 -0.305 2.270
120 11 0.622 -0.481 2.294
120 12 0.589 -0.540 2.304
120 13 0.372 -0.463 2.487
120 14 0.188 -0.605 2.224
120 15 0.140 -0.895 2.092
120 16 0.113 -0.929 2.015
120 17 0.536 -0.472 2.426
120 18 0.457 -0.616 2.121
120 19 0.464 -0.916 2.083
120 20 0.436 -0.950 2.006
121 1 0.457 -0.394 2.464
121 2 0.474 -0.349 2.500
121 3 0.476 -0.094 2.477
121 4 0.440 0.089 2.461
121 5 0.296 -0.185 2.538
121 6 0.157 -0.331 2.503
121 7 0.280 -0.493 2.427
121 8 0.317 -0.544 2.404
121 9 0.617 -0.179 2.408
121 10 0.719 -0.306 2.268
121 11 0.622 -0.482 2.291
121 12 0.591 -0.541 2.301
121 13 0.370 -0.465 2.486
121 14 0.187 -0.606 2.224
121 15 0.140 -0.896 2.092
121 16 0.112 -0.930 2.014
121 17 0.535 -0.473 2.425
121 18 0.457 -0.617 2.120
121 19 0.464 -0.916 2.083
121 20 0.436 -0.950 2.006
122 1 0.455 -0.395 2.462
122 2 0.471 -0.349 2.495
122 3 0.473 -0.093 2.471
122 4 0.435 0.089 2.454
122 5 0.293 -0.185 2.535
122 6 0.156 -0.332 2.501
122 7 0.281 -0.493 2.425
122 8 0.318 -0.543 2.402
122 9 0.614 -0.179 2.403
122 10 0.717 -0.307 2.267
122 11 0.623 -0.483 2.288
122 12 0.592 -0.542 2.298
122 13 0.369 -0.466 2.485
122 14 0.186 -0.607 2.224
122 15 0.140 -0.897 2.092
122 16 0.112 -0.932 2.014
122 17 0.533 -0.474 2.424
122 18 0.456 -0.618 2.118
122 19 0.464 -0.917 2.083
122 20 0.436 -0.951 2.006
123 1 0.453 -0.396 2.460
123 2 0.468 -0.349 2.491
123 3 0.469 -0.093 2.466
123 4 0.431 0.090 2.449
123 5 0.291 -0.185 2.532
123 6 0.155 -0.334 2.500
123 7 0.282 -0.493 2.424
123 8 0.319 -0.542 2.401
123 9 0.610 -0.179 2.399
123 10 0.716 -0.308 2.265
123 11 0.623 -0.483 2.286
123 12 0.592 -0.542 2.297
123 13 0.367 -0.467 2.483
123 14 0.186 -0.607 2.224
123 15 0.141 -0.898 2.091
123 16 0.112 -0.934 2.014
123 17 0.532 -0.475 2.422
123 18 0.455 -0.619 2.117
123 19 0.464 -0.917 2.083
123 20 0.435 -0.952 2.006
124 1 0.451 -0.397 2.457
124 2 0.466 -0.349 2.486
124 3 0.466 -0.092 2.461
124 4 0.428 0.090 2.445
124 5 0.288 -0.184 2.529
124 6 0.154 -0.335 2.498
124 7 0.283 -0.492 2.424
124 8 0.320 -0.542 2.401
124 9 0.606 -0.178 2.395
124 10 0.715 -0.308 2.264
124 11 0.624 -0.484 2.285
124 12 0.593 -0.543 2.295
124 13 0.366 -0.468 2.482
124 14 0.185 -0.608 2.223
124 15 0.141 -0.900 2.091
124 16 0.112 -0.935 2.015
124 17 0.530 -0.475 2.420
124 18 0.454 -0.620 2.115
124 19 0.464 -0.917 2.083
124 20 0.435 -0.952 2.007
125 1 0.450 -0.397 2.455
125 2 0.463 -0.349 2.482
125 3 0.463 -0.092 2.457
125 4 0.425 0.091 2.442
125 5 0.286 -0.184 2.527
125 6 0.153 -0.336 2.497
125 7 0.283 -0.492 2.423
125 8 0.321 -0.541 2.401
125 9 0.603 -0.178 2.392
125 10 0.714 -0.309 2.262
125 11 0.624 -0.485 2.283
125 12 0.593 -0.544 2.294
125 13 0.365 -0.469 2.481
125 14 0.184 -0.609 2.223
125 15 0.140 -0.902 2.091
125 16 0.112 -0.937 2.015
125 17 0.528 -0.476 2.419
125 18 0.453 -0.621 2.113
125 19 0.464 -0.918 2.083
125 20 0.434 -0.953 2.007
126 1 0.448 -0.398 2.452
126 2 0.460 -0.350 2.477
126 3 0.460 -0.092 2.454
126 4 0.422 0.091 2.439
126 5 0.285 -0.184 2.525
126 6 0.152 -0.337 2.496
126 7 0.283 -0.492 2.423
126 8 0.321 -0.541 2.401
126 9 0.601 -0.178 2.389
126 10 0.713 -0.309 2.261
126 11 0.623 -0.486 2.283
126 12 0.592 -0.545 2.294
126 13 0.363 -0.470 2.480
126 14 0.183 -0.610 2.221
126 15 0.140 -0.904 2.090
126 16 0.112 -0.939 2.016
126 17 0.525 -0.477 2.416
126 18 0.452 -0.623 2.111
126 19 0.463 -0.918 2.084
126 20 0.434 -0.954 2.008
127 1 0.445 -0.399 2.450
127 2 0.458 -0.350 2.474
127 3 0.458 -0.092 2.451
127 4 0.420 0.092 2.437
127 5 0.283 -0.183 2.523
127 6 0.151 -0.337 2.495
127 7 0.283 -0.492 2.422
127 8 0.321 -0.541 2.401
127 9 0.599 -0.178 2.387
127 10 0.713 -0.309 2.259
127 11 0.622 -0.487 2.283
127 12 0.590 -0.547 2.295
127 13 0.362 -0.471 2.478
127 14 0.181 -0.611 2.220
127 15 0.140 -0.905 2.090
127 16 0.112 -0.941 2.016
127 17 0.523 -0.478 2.414
127 18 0.451 -0.624 2.109
127 19 0.463 -0.919 2.084
127 20 0.433 -0.955 2.009
128 1 0.443 -0.400 2.449
128 2 0.455 -0.350 2.471
128 3 0.456 -0.092 2.449
128 4 0.418 0.092 2.435
128 5 0.281 -0.183 2.522
128 6 0.150 -0.338 2.494
128 7 0.283 -0.492 2.422
128 8 0.321 -0.541 2.401
128 9 0.597 -0.177 2.386
128 10 0.713 -0.309 2.258
128 11 0.621 -0.487 2.283
128 12 0.588 -0.548 2.296
128 13 0.360 -0.472 2.477
128 14 0.180 -0.612 2.219
128 15 0.140 -0.907 2.090
128 16 0.112 -0.943 2.017
128 17 0.521 -0.478 2.413
128 18 0.451 -0.625 2.107
128 19 0.462 -0.920 2.085
128 20 0.432 -0.956 2.009
129 1 0.442 -0.400 2.447
129 2 0.453 -0.351 2.468
129 3 0.454 -0.092 2.447
129 4 0.416 0.092 2.433
129 5 0.280 -0.184 2.520
129 6 0.149 -0.338 2.494
129 7 0.282 -0.492 2.422
129 8 0.321 -0.541 2.401
129 9 0.596 -0.177 2.385
129 10 0.712 -0.308 2.256
129 11 0.618 -0.492 2.284
129 12 0.581 -0.565 2.301
129 13 0.359 -0.473 2.476
129 14 0.179 -0.613 2.218
129 15 0.140 -0.909 2.089
129 16 0.113 -0.944 2.018
129 17 0.519 -0.479 2.412
129 18 0.450 -0.626 2.106
129 19 0.462 -0.921 2.085
129 20 0.431 -0.957 2.010
130 1 0.440 -0.401 2.446
130 2 0.451 -0.351 2.466
130 3 0.453 -0.092 2.446
130 4 0.415 0.092 2.431
130 5 0.279 -0.184 2.519
130 6 0.148 -0.338 2.493
130 7 0.282 -0.491 2.422
130 8 0.321 -0.540 2.401
130 9 0.595 -0.177 2.384
130 10 0.713 -0.305 2.253
130 11 0.618 -0.485 2.279
130 12 0.582 -0.549 2.292
130 13 0.357 -0.473 2.475
130 14 0.178 -0.614 2.216
130 15 0.139 -0.911 2.089
130 16 0.113 -0.946 2.019
130 17 0.517 -0.479 2.410
130 18 0.450 -0.627 2.105
130 19 0.461 -0.922 2.086
130 20 0.430 -0.959 2.011
131 1 0.439 -0.401 2.445
131 2 0.450 -0.351 2.464
131 3 0.452 -0.092 2.445
131 4 0.413 0.091 2.430
131 5 0.277 -0.184 2.518
131 6 0.146 -0.338 2.492
131 7 0.281 -0.491 2.422
131 8 0.321 -0.540 2.401
131 9 0.594 -0.177 2.383
131 10 0.714 -0.300 2.251
131 11 0.601 -0.488 2.279
131 12 0.554 -0.556 2.293
131 13 0.355 -0.474 2.474
131 14 0.177 -0.615 2.215
131 15 0.139 -0.912 2.089
131 16 0.113 -0.948 2.019
131 17 0.516 -0.479 2.409
131 18 0.450 -0.628 2.104
131 19 0.460 -0.923 2.087
131 20 0.429 -0.960 2.012
132 1 0.438 -0.401 2.444
132 2 0.448 -0.351 2.462
132 3 0.451 -0.092 2.444
132 4 0.412 0.091 2.428
132 5 0.275 -0.184 2.517
132 6 0.139 -0.335 2.491
132 7 0.280 -0.490 2.420
132 8 0.322 -0.538 2.397
132 9 0.594 -0.177 2.383
132 10 0.715 -0.297 2.249
132 11 0.595 -0.489 2.279
132 12 0.543 -0.558 2.294
132 13 0.354 -0.475 2.473
132 14 0.176 -0.616 2.213
132 15 0.139 -0.914 2.088
132 16 0.114 -0.949 2.020
132 17 0.514 -0.479 2.409
132 18 0.450 -0.629 2.103
132 19 0.459 -0.924 2.088
132 20 0.428 -0.961 2.013
133 1 0.437 -0.401 2.443
133 2 0.446 -0.351 2.461
133 3 0.450 -0.092 2.443
133 4 0.410 0.091 2.427
133 5 0.274 -0.185 2.516
133 6 0.132 -0.332 2.489
133 7 0.255 -0.499 2.347
133 8 0.294 -0.558 2.292
133 9 0.593 -0.177 2.382
133 10 0.717 -0.292 2.247
133 11 0.594 -0.461 2.252
133 12 0.546 -0.522 2.259
133 13 0.352 -0.476 2.472
133 14 0.175 -0.617 2.212
133 15 0.139 -0.915 2.088
133 16 0.114 -0.951 2.021
133 17 0.513 -0.479 2.408
133 18 0.450 -0.629 2.103
133 19 0.458 -0.925 2.088
133 20 0.428 -0.962 2.014
134 1 0.436 -0.401 2.443
134 2 0.445 -0.351 2.459
134 3 0.449 -0.092 2.442
134 4 0.409 0.091 2.426
134 5 0.273 -0.185 2.515
134 6 0.126 -0.328 2.486
134 7 0.222 -0.476 2.334
134 8 0.267 -0.535 2.289
134 9 0.592 -0.177 2.382
134 10 0.718 -0.287 2.245
134 11 0.595 -0.446 2.237
134 12 0.552 -0.497 2.234
134 13 0.351 -0.476 2.472
134 14 0.175 -0.618 2.211
134 15 0.139 -0.916 2.088
134 16 0.114 -0.952 2.021
134 17 0.513 -0.479 2.407
134 18 0.450 -0.630 2.102
134 19 0.458 -0.925 2.089
134 20 0.427 -0.962 2.014
135 1 0.435 -0.401 2.442
135 2 0.445 -0.350 2.458
135 3 0.448 -0.092 2.442
135 4 0.408 0.091 2.426
135 5 0.272 -0.185 2.515
135 6 0.119 -0.322 2.479
135 7 0.211 -0.458 2.325
135 8 0.255 -0.517 2.280
135 9 0.592 -0.177 2.382
135 10 0.718 -0.284 2.244
135 11 0.592 -0.427 2.199
135 12 0.550 -0.478 2.196
135 13 0.351 -0.476 2.471
135 14 0.174 -0.618 2.211
135 15 0.138 -0.917 2.088
135 16 0.114 -0.953 2.022
135 17 0.512 -0.478 2.406
135 18 0.450 -0.630 2.102
135 19 0.457 -0.926 2.090
135 20 0.426 -0.963 2.015
136 1 0.435 -0.401 2.442
136 2 0.444 -0.350 2.458
136 3 0.448 -0.092 2.442
136 4 0.408 0.091 2.425
136 5 0.271 -0.185 2.515
136 6 0.114 -0.317 2.470
136 7 0.194 -0.436 2.304
136 8 0.234 -0.493 2.260
136 9 0.591 -0.177 2.382
136 10 0.719 -0.281 2.243
136 11 0.587 -0.414 2.175
136 12 0.546 -0.464 2.169
136 13 0.351 -0.477 2.471
136 14 0.174 -0.618 2.210
136 15 0.138 -0.918 2.088
136 16 0.114 -0.953 2.022
136 17 0.512 -0.478 2.406
136 18 0.449 -0.630 2.102
136 19 0.456 -0.926 2.091
136 20 0.425 -0.963 2.016
137 1 0.435 -0.401 2.441
137 2 0.444 -0.350 2.457
137 3 0.447 -0.092 2.441
137 4 0.407 0.092 2.425
137 5 0.270 -0.185 2.515
137 6 0.111 -0.312 2.458
137 7 0.186 -0.422 2.288
137 8 0.222 -0.474 2.243
137 9 0.591 -0.176 2.382
137 10 0.717 -0.280 2.242
137 11 0.578 -0.407 2.157
137 12 0.538 -0.455 2.148
137 13 0.351 -0.477 2.470
137 14 0.174 -0.618 2.210
137 15 0.138 -0.918 2.088
137 16 0.114 -0.954 2.022
137 17 0.512 -0.477 2.405
137 18 0.449 -0.630 2.101
137 19 0.455 -0.926 2.092
137 20 0.424 -0.963 2.017
138 1 0.435 -0.401 2.441
138 2 0.444 -0.350 2.456
138 3 0.447 -0.092 2.441
138 4 0.407 0.092 2.425
138 5 0.270 -0.186 2.514
138 6 0.109 -0.309 2.448
138 7 0.214 -0.418 2.234
138 8 0.256 -0.463 2.172
138 9 0.590 -0.176 2.382
138 10 0.708 -0.284 2.237
138 11 0.556 -0.401 2.135
138 12 0.509 -0.440 2.111
138 13 0.352 -0.478 2.469
138 14 0.173 -0.617 2.209
138 15 0.137 -0.918 2.088
138 16 0.114 -0.954 2.022
138 17 0.513 -0.477 2.405
138 18 0.449 -0.630 2.101
138 19 0.454 -0.926 2.093
138 20 0.423 -0.963 2.018
139 1 0.435 -0.401 2.440
139 2 0.443 -0.350 2.456
139 3 0.447 -0.092 2.441
139 4 0.406 0.092 2.425
139 5 0.268 -0.186 2.513
139 6 0.111 -0.311 2.426
139 7 0.187 -0.400 2.207
139 8 0.228 -0.426 2.155
139 9 0.590 -0.177 2.381
139 10 0.694 -0.293 2.232
139 11 0.537 -0.395 2.117
139 12 0.482 -0.427 2.081
139 13 0.353 -0.479 2.468
139 14 0.172 -0.608 2.203
139 15 0.136 -0.916 2.088
139 16 0.114 -0.952 2.023
139 17 0.514 -0.476 2.404
139 18 0.449 -0.630 2.101
139 19 0.453 -0.926 2.094
139 20 0.423 -0.963 2.019
140 1 0.433 -0.391 2.443
140 2 0.442 -0.345 2.456
140 3 0.446 -0.092 2.441
140 4 0.406 0.092 2.425
140 5 0.267 -0.189 2.509
140 6 0.115 -0.315 2.412
140 7 0.187 -0.391 2.174
140 8 0.225 -0.411 2.134
140 9 0.589 -0.177 2.381
140 10 0.685 -0.297 2.229
140 11 0.515 -0.380 2.101
140 12 0.465 -0.411 2.064
140 13 0.349 -0.467 2.473
140 14 0.168 -0.583 2.202
140 15 0.137 -0.829 2.115
140 16 0.111 -0.866 2.043
140 17 0.510 -0.457 2.412
140 18 0.418 -0.574 2.103
140 19 0.406 -0.828 2.051
140 20 0.378 -0.865 1.975
