1 1 0.283 -0.016 1.908
1 2 0.278 0.028 1.954
1 3 0.270 0.296 1.959
1 4 0.274 0.541 1.963
1 5 0.112 0.291 1.951
1 6 0.062 0.042 1.925
1 7 0.063 -0.152 1.854
1 8 0.066 -0.227 1.825
1 9 0.415 0.285 1.973
1 10 0.469 0.047 1.973
1 11 0.495 -0.143 1.918
1 12 0.487 -0.220 1.892
1 13 0.219 -0.083 1.889
1 14 0.211 -0.488 1.882
1 15 0.208 -0.708 1.879
1 16 0.248 -0.776 1.851
1 17 0.352 -0.080 1.900
1 18 0.364 -0.473 1.845
1 19 0.363 -0.693 1.829
1 20 0.342 -0.753 1.799
2 1 0.285 -0.015 1.905
2 2 0.281 0.029 1.951
2 3 0.273 0.299 1.957
2 4 0.277 0.543 1.961
2 5 0.116 0.292 1.950
2 6 0.067 0.043 1.922
2 7 0.067 -0.151 1.846
2 8 0.071 -0.224 1.816
2 9 0.417 0.286 1.970
2 10 0.473 0.049 1.972
2 11 0.498 -0.143 1.919
2 12 0.491 -0.220 1.895
2 13 0.222 -0.082 1.886
2 14 0.215 -0.487 1.880
2 15 0.211 -0.708 1.878
2 16 0.251 -0.775 1.853
2 17 0.355 -0.079 1.896
2 18 0.366 -0.472 1.849
2 19 0.364 -0.695 1.837
2 20 0.352 -0.756 1.805
3 1 0.289 -0.013 1.902
3 2 0.285 0.031 1.948
3 3 0.278 0.302 1.956
3 4 0.282 0.547 1.960
3 5 0.121 0.294 1.950
3 6 0.073 0.045 1.919
3 7 0.073 -0.149 1.839
3 8 0.078 -0.222 1.808
3 9 0.420 0.287 1.966
3 10 0.478 0.050 1.971
3 11 0.501 -0.144 1.918
3 12 0.494 -0.220 1.897
3 13 0.226 -0.081 1.884
3 14 0.219 -0.486 1.879
3 15 0.213 -0.708 1.877
3 16 0.259 -0.770 1.857
3 17 0.358 -0.077 1.892
3 18 0.368 -0.470 1.854
3 19 0.367 -0.698 1.848
3 20 0.368 -0.745 1.796
4 1 0.293 -0.011 1.899
4 2 0.290 0.033 1.945
4 3 0.284 0.306 1.954
4 4 0.287 0.551 1.960
4 5 0.127 0.295 1.950
4 6 0.081 0.046 1.918
4 7 0.080 -0.147 1.833
4 8 0.087 -0.218 1.801
4 9 0.424 0.287 1.963
4 10 0.484 0.051 1.970
4 11 0.504 -0.146 1.916
4 12 0.498 -0.222 1.897
4 13 0.230 -0.079 1.881
4 14 0.223 -0.482 1.878
4 15 0.216 -0.708 1.876
4 16 0.262 -0.768 1.858
4 17 0.362 -0.075 1.889
4 18 0.370 -0.468 1.861
4 19 0.369 -0.700 1.857
4 20 0.374 -0.741 1.793
5 1 0.298 -0.010 1.897
5 2 0.295 0.035 1.943
5 3 0.289 0.309 1.954
5 4 0.293 0.554 1.960
5 5 0.134 0.297 1.951
5 6 0.090 0.048 1.917
5 7 0.090 -0.142 1.829
5 8 0.098 -0.213 1.797
5 9 0.429 0.287 1.961
5 10 0.491 0.052 1.969
5 11 0.506 -0.150 1.911
5 12 0.502 -0.226 1.893
5 13 0.234 -0.077 1.879
5 14 0.227 -0.477 1.878
5 15 0.218 -0.708 1.876
5 16 0.266 -0.766 1.860
5 17 0.366 -0.073 1.886
5 18 0.373 -0.467 1.869
5 19 0.373 -0.703 1.867
5 20 0.379 -0.738 1.792
6 1 0.302 -0.008 1.895
6 2 0.300 0.036 1.942
6 3 0.294 0.312 1.954
6 4 0.299 0.557 1.961
6 5 0.141 0.298 1.952
6 6 0.098 0.050 1.917
6 7 0.098 -0.138 1.827
6 8 0.108 -0.207 1.796
6 9 0.436 0.287 1.959
6 10 0.497 0.052 1.967
6 11 0.509 -0.154 1.906
6 12 0.507 -0.230 1.888
6 13 0.239 -0.075 1.877
6 14 0.231 -0.474 1.878
6 15 0.223 -0.709 1.876
6 16 0.268 -0.766 1.861
6 17 0.370 -0.072 1.884
6 18 0.376 -0.469 1.879
6 19 0.378 -0.706 1.877
6 20 0.384 -0.737 1.794
7 1 0.307 -0.007 1.893
7 2 0.305 0.038 1.940
7 3 0.300 0.314 1.954
7 4 0.304 0.559 1.962
7 5 0.148 0.299 1.953
7 6 0.106 0.052 1.917
7 7 0.109 -0.136 1.827
7 8 0.120 -0.202 1.798
7 9 0.442 0.287 1.958
7 10 0.502 0.051 1.966
7 11 0.512 -0.157 1.902
7 12 0.512 -0.233 1.883
7 13 0.244 -0.073 1.876
7 14 0.234 -0.471 1.879
7 15 0.228 -0.709 1.877
7 16 0.253 -0.750 1.825
7 17 0.375 -0.071 1.882
7 18 0.379 -0.471 1.886
7 19 0.382 -0.710 1.887
7 20 0.389 -0.738 1.799
8 1 0.312 -0.006 1.892
8 2 0.309 0.039 1.940
8 3 0.305 0.316 1.954
8 4 0.310 0.561 1.964
8 5 0.155 0.300 1.953
8 6 0.113 0.053 1.918
8 7 0.119 -0.136 1.828
8 8 0.132 -0.198 1.802
8 9 0.447 0.286 1.958
8 10 0.508 0.051 1.964
8 11 0.515 -0.159 1.898
8 12 0.516 -0.235 1.878
8 13 0.248 -0.072 1.875
8 14 0.236 -0.469 1.880
8 15 0.232 -0.710 1.878
8 16 0.239 -0.742 1.814
8 17 0.379 -0.070 1.881
8 18 0.381 -0.473 1.891
8 19 0.384 -0.713 1.894
8 20 0.415 -0.760 1.853
9 1 0.318 -0.004 1.892
9 2 0.315 0.041 1.940
9 3 0.310 0.318 1.955
9 4 0.315 0.563 1.965
9 5 0.160 0.300 1.954
9 6 0.121 0.054 1.919
9 7 0.128 -0.137 1.830
9 8 0.148 -0.202 1.805
9 9 0.457 0.288 1.960
9 10 0.513 0.051 1.963
9 11 0.518 -0.161 1.894
9 12 0.519 -0.236 1.874
9 13 0.254 -0.069 1.874
9 14 0.237 -0.468 1.880
9 15 0.235 -0.711 1.879
9 16 0.236 -0.742 1.811
9 17 0.385 -0.068 1.881
9 18 0.382 -0.475 1.894
9 19 0.386 -0.714 1.898
9 20 0.431 -0.774 1.886
10 1 0.323 -0.002 1.893
10 2 0.320 0.042 1.940
10 3 0.316 0.320 1.956
10 4 0.321 0.565 1.967
10 5 0.166 0.300 1.954
10 6 0.126 0.055 1.920
10 7 0.135 -0.138 1.831
10 8 0.156 -0.204 1.806
10 9 0.464 0.289 1.961
10 10 0.517 0.051 1.962
10 11 0.521 -0.161 1.891
10 12 0.521 -0.236 1.870
10 13 0.259 -0.067 1.873
10 14 0.239 -0.467 1.880
10 15 0.237 -0.711 1.879
10 16 0.248 -0.759 1.829
10 17 0.391 -0.066 1.882
10 18 0.383 -0.475 1.897
10 19 0.387 -0.715 1.900
10 20 0.410 -0.760 1.852
11 1 0.327 -0.001 1.893
11 2 0.324 0.044 1.941
11 3 0.320 0.321 1.957
11 4 0.327 0.567 1.969
11 5 0.171 0.300 1.954
11 6 0.130 0.055 1.921
11 7 0.139 -0.139 1.832
11 8 0.161 -0.205 1.808
11 9 0.469 0.289 1.963
11 10 0.521 0.051 1.962
11 11 0.523 -0.161 1.889
11 12 0.523 -0.236 1.866
11 13 0.263 -0.066 1.873
11 14 0.240 -0.467 1.881
11 15 0.239 -0.711 1.880
11 16 0.258 -0.765 1.836
11 17 0.394 -0.065 1.883
11 18 0.384 -0.476 1.898
11 19 0.388 -0.716 1.902
11 20 0.403 -0.754 1.839
12 1 0.330 0.000 1.893
12 2 0.327 0.044 1.941
12 3 0.324 0.322 1.957
12 4 0.333 0.568 1.970
12 5 0.175 0.300 1.954
12 6 0.133 0.055 1.922
12 7 0.142 -0.140 1.833
12 8 0.164 -0.205 1.809
12 9 0.474 0.290 1.964
12 10 0.524 0.050 1.961
12 11 0.524 -0.161 1.887
12 12 0.524 -0.235 1.863
12 13 0.266 -0.065 1.873
12 14 0.241 -0.466 1.881
12 15 0.241 -0.712 1.880
12 16 0.261 -0.768 1.839
12 17 0.398 -0.065 1.884
12 18 0.385 -0.476 1.900
12 19 0.389 -0.717 1.903
12 20 0.398 -0.749 1.827
13 1 0.333 0.001 1.894
13 2 0.330 0.045 1.941
13 3 0.327 0.322 1.958
13 4 0.338 0.568 1.972
13 5 0.179 0.300 1.955
13 6 0.135 0.056 1.922
13 7 0.144 -0.140 1.834
13 8 0.165 -0.206 1.811
13 9 0.477 0.290 1.966
13 10 0.527 0.050 1.961
13 11 0.526 -0.161 1.886
13 12 0.525 -0.235 1.861
13 13 0.268 -0.065 1.873
13 14 0.242 -0.467 1.882
13 15 0.242 -0.712 1.880
13 16 0.264 -0.770 1.841
13 17 0.400 -0.064 1.884
13 18 0.386 -0.476 1.900
13 19 0.390 -0.717 1.903
13 20 0.396 -0.746 1.820
14 1 0.335 0.001 1.894
14 2 0.332 0.045 1.942
14 3 0.329 0.322 1.959
14 4 0.342 0.568 1.972
14 5 0.182 0.300 1.955
14 6 0.137 0.056 1.923
14 7 0.145 -0.141 1.834
14 8 0.164 -0.205 1.814
14 9 0.481 0.290 1.967
14 10 0.529 0.050 1.962
14 11 0.527 -0.161 1.884
14 12 0.525 -0.234 1.859
14 13 0.270 -0.065 1.873
14 14 0.244 -0.468 1.882
14 15 0.243 -0.712 1.880
14 16 0.267 -0.771 1.841
14 17 0.402 -0.064 1.885
14 18 0.386 -0.477 1.901
14 19 0.391 -0.716 1.901
14 20 0.395 -0.744 1.815
15 1 0.337 0.001 1.894
15 2 0.333 0.045 1.942
15 3 0.331 0.322 1.959
15 4 0.345 0.568 1.973
15 5 0.185 0.300 1.955
15 6 0.139 0.056 1.923
15 7 0.146 -0.142 1.835
15 8 0.161 -0.205 1.817
15 9 0.483 0.291 1.969
15 10 0.531 0.050 1.962
15 11 0.528 -0.160 1.884
15 12 0.526 -0.233 1.858
15 13 0.272 -0.065 1.873
15 14 0.245 -0.469 1.883
15 15 0.244 -0.713 1.880
15 16 0.269 -0.771 1.841
15 17 0.403 -0.064 1.885
15 18 0.387 -0.477 1.901
15 19 0.392 -0.716 1.900
15 20 0.407 -0.762 1.841
16 1 0.338 0.000 1.895
16 2 0.335 0.045 1.943
16 3 0.334 0.322 1.960
16 4 0.348 0.568 1.973
16 5 0.187 0.300 1.955
16 6 0.140 0.056 1.923
16 7 0.146 -0.142 1.837
16 8 0.157 -0.203 1.821
16 9 0.485 0.291 1.970
16 10 0.533 0.050 1.963
16 11 0.529 -0.159 1.884
16 12 0.526 -0.232 1.857
16 13 0.273 -0.065 1.874
16 14 0.247 -0.470 1.883
16 15 0.245 -0.713 1.880
16 16 0.271 -0.770 1.840
16 17 0.405 -0.065 1.885
16 18 0.388 -0.476 1.901
16 19 0.393 -0.715 1.898
16 20 0.413 -0.770 1.854
17 1 0.339 0.000 1.895
17 2 0.336 0.044 1.943
17 3 0.336 0.322 1.961
17 4 0.350 0.568 1.974
17 5 0.190 0.300 1.955
17 6 0.141 0.055 1.924
17 7 0.146 -0.143 1.839
17 8 0.154 -0.202 1.825
17 9 0.488 0.291 1.972
17 10 0.535 0.050 1.964
17 11 0.531 -0.159 1.883
17 12 0.527 -0.232 1.856
17 13 0.274 -0.065 1.874
17 14 0.248 -0.471 1.884
17 15 0.246 -0.713 1.880
17 16 0.273 -0.769 1.839
17 17 0.406 -0.065 1.886
17 18 0.388 -0.476 1.901
17 19 0.393 -0.714 1.896
17 20 0.417 -0.773 1.860
18 1 0.341 -0.000 1.896
18 2 0.337 0.044 1.944
18 3 0.337 0.322 1.961
18 4 0.352 0.568 1.974
18 5 0.191 0.300 1.955
18 6 0.142 0.055 1.925
18 7 0.145 -0.143 1.841
18 8 0.151 -0.202 1.828
18 9 0.490 0.291 1.973
18 10 0.536 0.050 1.964
18 11 0.532 -0.158 1.884
18 12 0.527 -0.231 1.856
18 13 0.276 -0.065 1.875
18 14 0.250 -0.472 1.884
18 15 0.246 -0.713 1.880
18 16 0.274 -0.768 1.837
18 17 0.407 -0.065 1.886
18 18 0.389 -0.476 1.900
18 19 0.394 -0.714 1.895
18 20 0.419 -0.776 1.863
19 1 0.342 -0.000 1.896
19 2 0.338 0.044 1.944
19 3 0.338 0.322 1.962
19 4 0.353 0.567 1.974
19 5 0.193 0.300 1.955
19 6 0.143 0.055 1.926
19 7 0.145 -0.144 1.842
19 8 0.149 -0.201 1.830
19 9 0.492 0.291 1.975
19 10 0.538 0.050 1.966
19 11 0.533 -0.157 1.885
19 12 0.528 -0.231 1.857
19 13 0.277 -0.066 1.875
19 14 0.251 -0.472 1.884
19 15 0.247 -0.714 1.880
19 16 0.275 -0.766 1.836
19 17 0.408 -0.066 1.887
19 18 0.390 -0.476 1.900
19 19 0.395 -0.713 1.894
19 20 0.420 -0.777 1.866
20 1 0.343 -0.001 1.897
20 2 0.339 0.044 1.944
20 3 0.340 0.322 1.962
20 4 0.355 0.567 1.974
20 5 0.194 0.300 1.956
20 6 0.144 0.055 1.927
20 7 0.144 -0.144 1.845
20 8 0.147 -0.200 1.832
20 9 0.494 0.291 1.977
20 10 0.539 0.050 1.967
20 11 0.535 -0.157 1.886
20 12 0.529 -0.230 1.858
20 13 0.278 -0.066 1.876
20 14 0.251 -0.473 1.884
20 15 0.247 -0.714 1.880
20 16 0.276 -0.765 1.835
20 17 0.409 -0.066 1.887
20 18 0.391 -0.476 1.900
20 19 0.395 -0.713 1.892
20 20 0.421 -0.778 1.867
21 1 0.344 -0.001 1.897
21 2 0.340 0.043 1.945
21 3 0.341 0.321 1.962
21 4 0.356 0.567 1.974
21 5 0.195 0.299 1.956
21 6 0.145 0.054 1.928
21 7 0.144 -0.144 1.847
21 8 0.146 -0.200 1.834
21 9 0.496 0.291 1.979
21 10 0.540 0.050 1.968
21 11 0.537 -0.157 1.887
21 12 0.530 -0.230 1.859
21 13 0.279 -0.066 1.876
21 14 0.252 -0.473 1.885
21 15 0.248 -0.714 1.880
21 16 0.277 -0.764 1.834
21 17 0.410 -0.067 1.888
21 18 0.392 -0.476 1.899
21 19 0.396 -0.712 1.891
21 20 0.413 -0.757 1.833
22 1 0.344 -0.002 1.898
22 2 0.341 0.043 1.945
22 3 0.341 0.321 1.963
22 4 0.357 0.567 1.974
22 5 0.196 0.299 1.956
22 6 0.146 0.054 1.930
22 7 0.144 -0.144 1.849
22 8 0.146 -0.202 1.835
22 9 0.498 0.291 1.980
22 10 0.541 0.050 1.969
22 11 0.538 -0.157 1.888
22 12 0.531 -0.230 1.860
22 13 0.279 -0.067 1.877
22 14 0.252 -0.474 1.885
22 15 0.248 -0.714 1.880
22 16 0.277 -0.764 1.833
22 17 0.411 -0.067 1.888
22 18 0.393 -0.476 1.899
22 19 0.396 -0.712 1.891
22 20 0.408 -0.746 1.815
23 1 0.345 -0.002 1.898
23 2 0.341 0.043 1.946
23 3 0.342 0.321 1.963
23 4 0.358 0.566 1.974
23 5 0.197 0.299 1.957
23 6 0.147 0.053 1.931
23 7 0.143 -0.144 1.851
23 8 0.147 -0.205 1.836
23 9 0.499 0.292 1.981
23 10 0.542 0.050 1.970
23 11 0.540 -0.157 1.890
23 12 0.532 -0.230 1.862
23 13 0.280 -0.067 1.877
23 14 0.252 -0.474 1.885
23 15 0.248 -0.714 1.880
23 16 0.277 -0.763 1.832
23 17 0.412 -0.068 1.889
23 18 0.394 -0.476 1.898
23 19 0.397 -0.712 1.890
23 20 0.413 -0.759 1.837
24 1 0.346 -0.003 1.899
24 2 0.342 0.042 1.946
24 3 0.343 0.321 1.964
24 4 0.359 0.566 1.974
24 5 0.198 0.299 1.957
24 6 0.148 0.053 1.932
24 7 0.143 -0.144 1.853
24 8 0.148 -0.208 1.837
24 9 0.499 0.292 1.982
24 10 0.542 0.050 1.971
24 11 0.541 -0.157 1.891
24 12 0.534 -0.230 1.863
24 13 0.281 -0.068 1.878
24 14 0.253 -0.475 1.885
24 15 0.249 -0.714 1.880
24 16 0.277 -0.762 1.831
24 17 0.413 -0.068 1.889
24 18 0.395 -0.475 1.898
24 19 0.397 -0.711 1.889
24 20 0.418 -0.765 1.848
25 1 0.347 -0.003 1.899
25 2 0.343 0.042 1.947
25 3 0.344 0.321 1.964
25 4 0.361 0.566 1.974
25 5 0.199 0.298 1.958
25 6 0.149 0.053 1.933
25 7 0.143 -0.144 1.854
25 8 0.148 -0.210 1.837
25 9 0.500 0.292 1.983
25 10 0.543 0.050 1.972
25 11 0.542 -0.157 1.892
25 12 0.535 -0.230 1.864
25 13 0.282 -0.068 1.878
25 14 0.253 -0.475 1.885
25 15 0.249 -0.714 1.879
25 16 0.277 -0.762 1.831
25 17 0.414 -0.069 1.890
25 18 0.395 -0.475 1.898
25 19 0.397 -0.711 1.889
25 20 0.420 -0.768 1.853
26 1 0.349 -0.004 1.901
26 2 0.345 0.041 1.948
26 3 0.345 0.321 1.965
26 4 0.367 0.565 1.974
26 5 0.200 0.298 1.958
26 6 0.149 0.052 1.934
26 7 0.143 -0.144 1.855
26 8 0.149 -0.212 1.837
26 9 0.501 0.291 1.984
26 10 0.544 0.050 1.972
26 11 0.543 -0.157 1.893
26 12 0.536 -0.230 1.866
26 13 0.285 -0.069 1.879
26 14 0.253 -0.476 1.885
26 15 0.249 -0.714 1.879
26 16 0.277 -0.761 1.830
26 17 0.417 -0.071 1.893
26 18 0.396 -0.475 1.897
26 19 0.397 -0.711 1.888
26 20 0.422 -0.770 1.857
27 1 0.353 -0.006 1.903
27 2 0.348 0.039 1.950
27 3 0.346 0.320 1.966
27 4 0.378 0.563 1.975
27 5 0.201 0.297 1.959
27 6 0.150 0.052 1.935
27 7 0.143 -0.143 1.856
27 8 0.150 -0.213 1.838
27 9 0.501 0.291 1.986
27 10 0.545 0.050 1.973
27 11 0.544 -0.158 1.894
27 12 0.537 -0.231 1.867
27 13 0.289 -0.071 1.880
27 14 0.254 -0.478 1.885
27 15 0.250 -0.714 1.879
27 16 0.276 -0.761 1.829
27 17 0.422 -0.075 1.898
27 18 0.397 -0.476 1.897
27 19 0.398 -0.711 1.888
27 20 0.424 -0.771 1.859
28 1 0.358 -0.009 1.905
28 2 0.351 0.038 1.952
28 3 0.348 0.320 1.968
28 4 0.396 0.559 1.976
28 5 0.204 0.296 1.959
28 6 0.150 0.052 1.936
28 7 0.143 -0.143 1.857
28 8 0.150 -0.214 1.838
28 9 0.506 0.290 1.997
28 10 0.546 0.049 1.975
28 11 0.545 -0.158 1.895
28 12 0.539 -0.231 1.869
28 13 0.294 -0.073 1.880
28 14 0.256 -0.479 1.886
28 15 0.251 -0.714 1.879
28 16 0.275 -0.760 1.828
28 17 0.429 -0.079 1.906
28 18 0.397 -0.476 1.897
28 19 0.398 -0.711 1.888
28 20 0.425 -0.772 1.860
29 1 0.363 -0.010 1.909
29 2 0.354 0.036 1.955
29 3 0.350 0.319 1.970
29 4 0.415 0.555 1.974
29 5 0.211 0.294 1.957
29 6 0.150 0.052 1.936
29 7 0.143 -0.143 1.858
29 8 0.150 -0.215 1.838
29 9 0.511 0.288 2.008
29 10 0.549 0.046 1.978
29 11 0.545 -0.158 1.896
29 12 0.540 -0.231 1.870
29 13 0.300 -0.075 1.880
29 14 0.259 -0.484 1.887
29 15 0.251 -0.714 1.879
29 16 0.274 -0.759 1.827
29 17 0.437 -0.083 1.916
29 18 0.398 -0.476 1.898
29 19 0.398 -0.712 1.888
29 20 0.433 -0.765 1.855
30 1 0.368 -0.012 1.912
30 2 0.356 0.035 1.957
30 3 0.353 0.319 1.972
30 4 0.438 0.543 1.974
30 5 0.219 0.291 1.954
30 6 0.150 0.052 1.937
30 7 0.144 -0.143 1.859
30 8 0.151 -0.215 1.838
30 9 0.517 0.284 2.023
30 10 0.550 0.041 1.981
30 11 0.546 -0.159 1.897
30 12 0.541 -0.231 1.871
30 13 0.305 -0.077 1.879
30 14 0.266 -0.492 1.889
30 15 0.252 -0.716 1.879
30 16 0.273 -0.753 1.821
30 17 0.442 -0.087 1.925
30 18 0.400 -0.478 1.898
30 19 0.398 -0.712 1.888
30 20 0.443 -0.756 1.852
31 1 0.372 -0.014 1.915
31 2 0.359 0.034 1.959
31 3 0.358 0.318 1.974
31 4 0.457 0.531 1.974
31 5 0.227 0.288 1.950
31 6 0.150 0.052 1.937
31 7 0.144 -0.143 1.860
31 8 0.151 -0.216 1.838
31 9 0.520 0.282 2.030
31 10 0.552 0.038 1.993
31 11 0.546 -0.160 1.898
31 12 0.543 -0.231 1.873
31 13 0.309 -0.078 1.879
31 14 0.272 -0.505 1.892
31 15 0.253 -0.724 1.880
31 16 0.273 -0.733 1.817
31 17 0.446 -0.090 1.933
31 18 0.403 -0.482 1.901
31 19 0.399 -0.712 1.888
31 20 0.450 -0.750 1.850
32 1 0.376 -0.014 1.919
32 2 0.361 0.033 1.962
32 3 0.364 0.315 1.977
32 4 0.470 0.522 1.974
32 5 0.236 0.286 1.945
32 6 0.150 0.053 1.937
32 7 0.144 -0.143 1.861
32 8 0.151 -0.216 1.839
32 9 0.524 0.279 2.036
32 10 0.553 0.035 2.001
32 11 0.547 -0.162 1.900
32 12 0.544 -0.231 1.874
32 13 0.312 -0.079 1.879
32 14 0.275 -0.513 1.893
32 15 0.254 -0.730 1.880
32 16 0.273 -0.722 1.816
32 17 0.449 -0.092 1.941
32 18 0.407 -0.486 1.903
32 19 0.400 -0.714 1.888
32 20 0.455 -0.746 1.849
33 1 0.380 -0.013 1.923
33 2 0.364 0.034 1.966
33 3 0.373 0.313 1.980
33 4 0.479 0.518 1.975
33 5 0.244 0.285 1.939
33 6 0.149 0.054 1.934
33 7 0.144 -0.143 1.861
33 8 0.152 -0.216 1.839
33 9 0.528 0.277 2.041
33 10 0.554 0.030 2.010
33 11 0.548 -0.166 1.906
33 12 0.545 -0.231 1.879
33 13 0.316 -0.079 1.879
33 14 0.277 -0.518 1.894
33 15 0.254 -0.734 1.881
33 16 0.274 -0.717 1.815
33 17 0.451 -0.093 1.947
33 18 0.411 -0.490 1.906
33 19 0.401 -0.715 1.889
33 20 0.458 -0.744 1.848
34 1 0.384 -0.012 1.928
34 2 0.368 0.035 1.971
34 3 0.385 0.315 1.984
34 4 0.487 0.515 1.976
34 5 0.250 0.285 1.933
34 6 0.147 0.057 1.927
34 7 0.144 -0.142 1.861
34 8 0.152 -0.215 1.840
34 9 0.534 0.277 2.046
34 10 0.555 0.027 2.017
34 11 0.552 -0.177 1.920
34 12 0.547 -0.235 1.894
34 13 0.319 -0.079 1.881
34 14 0.279 -0.521 1.895
34 15 0.255 -0.737 1.881
34 16 0.274 -0.714 1.814
34 17 0.452 -0.093 1.952
34 18 0.420 -0.508 1.916
34 19 0.405 -0.727 1.891
34 20 0.462 -0.741 1.848
35 1 0.387 -0.011 1.932
35 2 0.370 0.037 1.974
35 3 0.395 0.316 1.988
35 4 0.499 0.511 1.981
35 5 0.258 0.286 1.924
35 6 0.146 0.060 1.916
35 7 0.146 -0.139 1.860
35 8 0.153 -0.214 1.841
35 9 0.541 0.277 2.050
35 10 0.556 0.025 2.024
35 11 0.554 -0.192 1.933
35 12 0.546 -0.242 1.906
35 13 0.321 -0.079 1.882
35 14 0.280 -0.523 1.895
35 15 0.255 -0.739 1.882
35 16 0.275 -0.714 1.814
35 17 0.453 -0.092 1.956
35 18 0.425 -0.514 1.921
35 19 0.408 -0.731 1.892
35 20 0.465 -0.741 1.848
36 1 0.390 -0.010 1.936
36 2 0.373 0.038 1.978
36 3 0.406 0.318 1.991
36 4 0.509 0.508 1.986
36 5 0.265 0.288 1.916
36 6 0.147 0.064 1.902
36 7 0.149 -0.132 1.856
36 8 0.154 -0.210 1.841
36 9 0.549 0.278 2.053
36 10 0.559 0.024 2.030
36 11 0.553 -0.205 1.946
36 12 0.544 -0.251 1.917
36 13 0.322 -0.079 1.884
36 14 0.281 -0.524 1.895
36 15 0.255 -0.740 1.882
36 16 0.278 -0.723 1.814
36 17 0.454 -0.092 1.959
36 18 0.428 -0.519 1.925
36 19 0.410 -0.735 1.895
36 20 0.466 -0.741 1.849
37 1 0.392 -0.009 1.939
37 2 0.375 0.039 1.981
37 3 0.420 0.323 1.997
37 4 0.522 0.507 1.993
37 5 0.274 0.290 1.908
37 6 0.150 0.068 1.887
37 7 0.153 -0.126 1.850
37 8 0.155 -0.206 1.840
37 9 0.561 0.280 2.058
37 10 0.566 0.024 2.038
37 11 0.554 -0.210 1.952
37 12 0.543 -0.263 1.949
37 13 0.323 -0.079 1.886
37 14 0.281 -0.520 1.892
37 15 0.255 -0.739 1.881
37 16 0.283 -0.745 1.819
37 17 0.455 -0.091 1.963
37 18 0.431 -0.522 1.928
37 19 0.412 -0.739 1.898
37 20 0.468 -0.744 1.851
38 1 0.394 -0.008 1.943
38 2 0.379 0.041 1.985
38 3 0.434 0.327 2.003
38 4 0.536 0.507 2.002
38 5 0.282 0.291 1.902
38 6 0.160 0.068 1.868
38 7 0.157 -0.123 1.843
38 8 0.157 -0.204 1.837
38 9 0.574 0.284 2.064
38 10 0.575 0.026 2.046
38 11 0.556 -0.214 1.959
38 12 0.540 -0.266 1.972
38 13 0.324 -0.078 1.888
38 14 0.280 -0.514 1.888
38 15 0.255 -0.735 1.878
38 16 0.290 -0.762 1.827
38 17 0.457 -0.091 1.967
38 18 0.432 -0.525 1.931
38 19 0.414 -0.743 1.902
38 20 0.469 -0.747 1.853
39 1 0.403 0.002 1.954
39 2 0.388 0.051 1.995
39 3 0.447 0.330 2.009
39 4 0.549 0.505 2.011
39 5 0.289 0.292 1.897
39 6 0.184 0.063 1.845
39 7 0.164 -0.124 1.832
39 8 0.167 -0.191 1.826
39 9 0.587 0.287 2.070
39 10 0.587 0.028 2.055
39 11 0.560 -0.216 1.966
39 12 0.540 -0.267 1.983
39 13 0.325 -0.078 1.889
39 14 0.279 -0.508 1.883
39 15 0.254 -0.730 1.874
39 16 0.294 -0.769 1.831
39 17 0.464 -0.085 1.992
39 18 0.433 -0.527 1.934
39 19 0.417 -0.745 1.905
39 20 0.471 -0.751 1.856
40 1 0.407 0.002 1.959
40 2 0.393 0.050 2.000
40 3 0.460 0.321 2.018
40 4 0.560 0.498 2.021
40 5 0.296 0.292 1.894
40 6 0.201 0.058 1.833
40 7 0.175 -0.128 1.819
40 8 0.179 -0.188 1.814
40 9 0.601 0.282 2.077
40 10 0.599 0.023 2.064
40 11 0.567 -0.222 1.974
40 12 0.540 -0.270 1.992
40 13 0.326 -0.078 1.890
40 14 0.278 -0.504 1.879
40 15 0.253 -0.726 1.869
40 16 0.296 -0.773 1.832
40 17 0.466 -0.088 2.000
40 18 0.434 -0.528 1.939
40 19 0.422 -0.749 1.912
40 20 0.471 -0.759 1.857
41 1 0.412 -0.001 1.964
41 2 0.398 0.048 2.005
41 3 0.468 0.314 2.023
41 4 0.567 0.494 2.027
41 5 0.302 0.293 1.891
41 6 0.215 0.055 1.826
41 7 0.204 -0.136 1.799
41 8 0.195 -0.188 1.802
41 9 0.610 0.278 2.082
41 10 0.608 0.018 2.070
41 11 0.573 -0.228 1.980
41 12 0.541 -0.272 1.999
41 13 0.329 -0.081 1.891
41 14 0.277 -0.500 1.875
41 15 0.250 -0.722 1.865
41 16 0.298 -0.774 1.834
41 17 0.469 -0.095 2.008
41 18 0.435 -0.530 1.944
41 19 0.425 -0.751 1.918
41 20 0.471 -0.766 1.858
42 1 0.415 -0.003 1.967
42 2 0.401 0.045 2.008
42 3 0.472 0.307 2.027
42 4 0.571 0.489 2.033
42 5 0.310 0.292 1.890
42 6 0.230 0.051 1.821
42 7 0.235 -0.170 1.780
42 8 0.226 -0.214 1.782
42 9 0.617 0.273 2.086
42 10 0.615 0.013 2.074
42 11 0.578 -0.233 1.985
42 12 0.542 -0.275 2.003
42 13 0.332 -0.084 1.891
42 14 0.276 -0.496 1.871
42 15 0.245 -0.719 1.862
42 16 0.297 -0.768 1.834
42 17 0.470 -0.100 2.014
42 18 0.436 -0.532 1.949
42 19 0.425 -0.754 1.924
42 20 0.470 -0.774 1.861
43 1 0.416 -0.027 1.974
43 2 0.402 0.020 2.015
43 3 0.474 0.275 2.037
43 4 0.572 0.480 2.041
43 5 0.316 0.292 1.890
43 6 0.239 0.050 1.818
43 7 0.255 -0.188 1.770
43 8 0.246 -0.229 1.770
43 9 0.623 0.254 2.093
43 10 0.622 -0.005 2.082
43 11 0.584 -0.250 1.993
43 12 0.544 -0.290 2.010
43 13 0.334 -0.098 1.900
43 14 0.275 -0.494 1.869
43 15 0.236 -0.718 1.862
43 16 0.293 -0.757 1.835
43 17 0.469 -0.113 2.014
43 18 0.436 -0.538 1.956
43 19 0.423 -0.761 1.932
43 20 0.468 -0.784 1.865
44 1 0.415 -0.040 1.976
44 2 0.401 0.007 2.017
44 3 0.473 0.263 2.040
44 4 0.570 0.473 2.049
44 5 0.320 0.292 1.890
44 6 0.247 0.048 1.816
44 7 0.278 -0.173 1.763
44 8 0.271 -0.218 1.753
44 9 0.626 0.241 2.098
44 10 0.625 -0.017 2.087
44 11 0.587 -0.261 1.998
44 12 0.546 -0.300 2.014
44 13 0.334 -0.105 1.903
44 14 0.274 -0.493 1.867
44 15 0.225 -0.719 1.866
44 16 0.285 -0.748 1.837
44 17 0.463 -0.127 2.010
44 18 0.435 -0.540 1.960
44 19 0.420 -0.763 1.937
44 20 0.465 -0.789 1.868
45 1 0.411 -0.050 1.975
45 2 0.398 -0.002 2.017
45 3 0.473 0.255 2.042
45 4 0.568 0.468 2.054
45 5 0.323 0.291 1.890
45 6 0.254 0.047 1.814
45 7 0.289 -0.162 1.760
45 8 0.284 -0.212 1.746
45 9 0.627 0.233 2.101
45 10 0.626 -0.025 2.089
45 11 0.589 -0.268 2.001
45 12 0.547 -0.307 2.016
45 13 0.333 -0.111 1.905
45 14 0.271 -0.492 1.867
45 15 0.197 -0.735 1.896
45 16 0.261 -0.738 1.848
45 17 0.456 -0.138 2.005
45 18 0.429 -0.562 1.967
45 19 0.414 -0.784 1.942
45 20 0.386 -0.766 1.924
46 1 0.409 -0.055 1.976
46 2 0.395 -0.007 2.017
46 3 0.471 0.250 2.043
46 4 0.565 0.465 2.062
46 5 0.326 0.291 1.891
46 6 0.261 0.047 1.812
46 7 0.301 -0.152 1.760
46 8 0.309 -0.201 1.746
46 9 0.627 0.226 2.103
46 10 0.627 -0.031 2.091
46 11 0.590 -0.274 2.003
46 12 0.547 -0.313 2.018
46 13 0.332 -0.114 1.906
46 14 0.266 -0.494 1.873
46 15 0.184 -0.742 1.914
46 16 0.245 -0.735 1.859
46 17 0.452 -0.144 2.003
46 18 0.425 -0.571 1.970
46 19 0.410 -0.793 1.944
46 20 0.349 -0.755 1.947
47 1 0.399 -0.066 1.976
47 2 0.386 -0.018 2.018
47 3 0.466 0.244 2.045
47 4 0.560 0.460 2.070
47 5 0.329 0.293 1.895
47 6 0.268 0.050 1.808
47 7 0.317 -0.135 1.760
47 8 0.330 -0.174 1.754
47 9 0.624 0.218 2.105
47 10 0.624 -0.039 2.094
47 11 0.588 -0.281 2.006
47 12 0.545 -0.320 2.019
47 13 0.315 -0.130 1.947
47 14 0.254 -0.494 1.889
47 15 0.178 -0.742 1.925
47 16 0.235 -0.733 1.868
47 17 0.435 -0.155 1.970
47 18 0.423 -0.575 1.972
47 19 0.407 -0.800 1.945
47 20 0.390 -0.805 1.914
48 1 0.393 -0.070 1.978
48 2 0.380 -0.022 2.019
48 3 0.458 0.239 2.048
48 4 0.549 0.454 2.080
48 5 0.330 0.294 1.899
48 6 0.273 0.052 1.806
48 7 0.327 -0.126 1.761
48 8 0.344 -0.168 1.756
48 9 0.618 0.210 2.108
48 10 0.619 -0.047 2.096
48 11 0.584 -0.288 2.009
48 12 0.542 -0.327 2.022
48 13 0.310 -0.129 1.948
48 14 0.237 -0.498 1.909
48 15 0.174 -0.741 1.948
48 16 0.208 -0.772 1.915
48 17 0.421 -0.158 1.985
48 18 0.422 -0.577 1.973
48 19 0.405 -0.804 1.943
48 20 0.414 -0.830 1.891
49 1 0.377 -0.082 1.982
49 2 0.364 -0.032 2.023
49 3 0.445 0.231 2.051
49 4 0.540 0.450 2.088
49 5 0.330 0.296 1.904
49 6 0.279 0.091 1.813
49 7 0.338 -0.111 1.765
49 8 0.358 -0.159 1.761
49 9 0.609 0.201 2.112
49 10 0.610 -0.056 2.100
49 11 0.577 -0.296 2.012
49 12 0.536 -0.336 2.024
49 13 0.296 -0.137 1.973
49 14 0.227 -0.501 1.926
49 15 0.173 -0.741 1.969
49 16 0.196 -0.788 1.935
49 17 0.407 -0.166 1.974
49 18 0.419 -0.576 1.973
49 19 0.401 -0.811 1.939
49 20 0.428 -0.851 1.874
50 1 0.362 -0.074 1.992
50 2 0.348 -0.026 2.031
50 3 0.433 0.230 2.056
50 4 0.531 0.449 2.095
50 5 0.330 0.298 1.911
50 6 0.286 0.089 1.815
50 7 0.350 -0.107 1.769
50 8 0.376 -0.157 1.768
50 9 0.599 0.197 2.116
50 10 0.601 -0.060 2.104
50 11 0.568 -0.301 2.016
50 12 0.528 -0.341 2.027
50 13 0.286 -0.123 1.959
50 14 0.220 -0.502 1.940
50 15 0.171 -0.746 1.995
50 16 0.192 -0.794 1.949
50 17 0.389 -0.157 2.006
50 18 0.411 -0.539 1.974
50 19 0.399 -0.811 1.935
50 20 0.436 -0.856 1.865
51 1 0.332 -0.059 1.996
51 2 0.323 -0.015 2.037
51 3 0.414 0.232 2.062
51 4 0.522 0.450 2.102
51 5 0.304 0.303 1.934
51 6 0.285 0.106 1.825
51 7 0.358 -0.102 1.774
51 8 0.388 -0.153 1.775
51 9 0.584 0.195 2.122
51 10 0.586 -0.063 2.109
51 11 0.553 -0.303 2.021
51 12 0.515 -0.344 2.032
51 13 0.259 -0.108 1.940
51 14 0.215 -0.502 1.954
51 15 0.171 -0.751 2.013
51 16 0.194 -0.797 1.963
51 17 0.362 -0.150 2.019
51 18 0.407 -0.520 1.975
51 19 0.397 -0.766 1.928
51 20 0.447 -0.807 1.857
52 1 0.314 -0.062 1.998
52 2 0.307 -0.015 2.039
52 3 0.398 0.237 2.067
52 4 0.510 0.455 2.108
52 5 0.292 0.305 1.944
52 6 0.283 0.115 1.830
52 7 0.365 -0.098 1.780
52 8 0.400 -0.148 1.786
52 9 0.569 0.195 2.127
52 10 0.571 -0.062 2.113
52 11 0.539 -0.303 2.026
52 12 0.501 -0.344 2.037
52 13 0.234 -0.112 1.962
52 14 0.211 -0.502 1.969
52 15 0.172 -0.763 2.033
52 16 0.206 -0.808 1.988
52 17 0.347 -0.149 2.008
52 18 0.405 -0.510 1.977
52 19 0.395 -0.765 1.923
52 20 0.450 -0.809 1.851
53 1 0.305 -0.065 2.000
53 2 0.297 -0.016 2.042
53 3 0.384 0.242 2.071
53 4 0.496 0.461 2.113
53 5 0.284 0.304 1.951
53 6 0.278 0.084 1.842
53 7 0.372 -0.098 1.790
53 8 0.409 -0.144 1.798
53 9 0.554 0.198 2.131
53 10 0.555 -0.059 2.118
53 11 0.523 -0.300 2.031
53 12 0.486 -0.342 2.041
53 13 0.225 -0.115 1.972
53 14 0.208 -0.503 1.984
53 15 0.175 -0.771 2.046
53 16 0.231 -0.813 2.019
53 17 0.340 -0.149 2.003
53 18 0.402 -0.505 1.978
53 19 0.393 -0.768 1.920
53 20 0.452 -0.811 1.848
54 1 0.305 -0.057 2.023
54 2 0.292 -0.013 2.053
54 3 0.371 0.240 2.076
54 4 0.483 0.460 2.116
54 5 0.273 0.302 1.957
54 6 0.270 0.064 1.851
54 7 0.375 -0.099 1.804
54 8 0.413 -0.142 1.811
54 9 0.539 0.197 2.136
54 10 0.540 -0.061 2.123
54 11 0.508 -0.302 2.036
54 12 0.471 -0.344 2.046
54 13 0.223 -0.116 1.975
54 14 0.206 -0.505 2.000
54 15 0.177 -0.779 2.055
54 16 0.242 -0.815 2.033
54 17 0.346 -0.151 2.052
54 18 0.397 -0.500 1.984
54 19 0.392 -0.771 1.919
54 20 0.452 -0.813 1.848
55 1 0.303 -0.053 2.035
55 2 0.287 -0.011 2.065
55 3 0.350 0.247 2.086
55 4 0.454 0.463 2.121
55 5 0.255 0.296 1.966
55 6 0.260 0.049 1.861
55 7 0.372 -0.104 1.828
55 8 0.413 -0.143 1.833
55 9 0.518 0.202 2.145
55 10 0.520 -0.056 2.132
55 11 0.487 -0.297 2.045
55 12 0.450 -0.339 2.055
55 13 0.224 -0.116 1.977
55 14 0.200 -0.513 2.024
55 15 0.180 -0.786 2.065
55 16 0.245 -0.833 2.057
55 17 0.349 -0.151 2.081
55 18 0.390 -0.499 1.993
55 19 0.389 -0.747 1.933
55 20 0.444 -0.783 1.869
56 1 0.300 -0.052 2.047
56 2 0.280 -0.009 2.079
56 3 0.337 0.249 2.092
56 4 0.441 0.464 2.123
56 5 0.242 0.292 1.971
56 6 0.241 0.037 1.874
56 7 0.359 -0.108 1.855
56 8 0.402 -0.147 1.860
56 9 0.504 0.204 2.151
56 10 0.505 -0.053 2.138
56 11 0.473 -0.295 2.051
56 12 0.435 -0.337 2.062
56 13 0.224 -0.117 1.982
56 14 0.196 -0.520 2.041
56 15 0.183 -0.794 2.075
56 16 0.243 -0.846 2.070
56 17 0.347 -0.151 2.096
56 18 0.382 -0.499 2.007
56 19 0.387 -0.736 1.943
56 20 0.438 -0.769 1.883
57 1 0.293 -0.054 2.062
57 2 0.273 -0.009 2.095
57 3 0.326 0.250 2.098
57 4 0.431 0.466 2.124
57 5 0.227 0.287 1.977
57 6 0.211 0.029 1.890
57 7 0.338 -0.119 1.883
57 8 0.381 -0.158 1.888
57 9 0.491 0.206 2.157
57 10 0.492 -0.052 2.144
57 11 0.460 -0.293 2.057
57 12 0.422 -0.335 2.068
57 13 0.224 -0.119 1.996
57 14 0.192 -0.525 2.052
57 15 0.184 -0.801 2.083
57 16 0.242 -0.854 2.077
57 17 0.343 -0.151 2.110
57 18 0.373 -0.500 2.024
57 19 0.386 -0.731 1.953
57 20 0.435 -0.763 1.893
58 1 0.291 -0.045 2.109
58 2 0.269 0.010 2.138
58 3 0.307 0.294 2.113
58 4 0.412 0.500 2.125
58 5 0.213 0.281 1.983
58 6 0.185 0.025 1.904
58 7 0.313 -0.131 1.903
58 8 0.353 -0.172 1.911
58 9 0.467 0.246 2.173
58 10 0.469 -0.011 2.160
58 11 0.436 -0.253 2.073
58 12 0.398 -0.295 2.084
58 13 0.227 -0.114 2.050
58 14 0.190 -0.529 2.060
58 15 0.184 -0.806 2.089
58 16 0.242 -0.858 2.082
58 17 0.347 -0.137 2.160
58 18 0.365 -0.503 2.039
58 19 0.386 -0.730 1.964
58 20 0.433 -0.763 1.906
59 1 0.288 -0.043 2.131
59 2 0.267 0.016 2.155
59 3 0.296 0.312 2.121
59 4 0.401 0.511 2.124
59 5 0.201 0.276 1.988
59 6 0.150 0.027 1.918
59 7 0.265 -0.141 1.922
59 8 0.308 -0.189 1.925
59 9 0.455 0.262 2.180
59 10 0.457 0.004 2.167
59 11 0.424 -0.237 2.080
59 12 0.386 -0.279 2.091
59 13 0.227 -0.113 2.082
59 14 0.184 -0.548 2.075
59 15 0.184 -0.809 2.093
59 16 0.240 -0.862 2.086
59 17 0.347 -0.130 2.183
59 18 0.358 -0.508 2.055
59 19 0.387 -0.735 1.979
59 20 0.391 -0.792 1.955
60 1 0.284 -0.046 2.145
60 2 0.262 0.016 2.164
60 3 0.287 0.317 2.123
60 4 0.394 0.516 2.123
60 5 0.190 0.272 1.992
60 6 0.124 0.029 1.928
60 7 0.220 -0.149 1.934
60 8 0.254 -0.206 1.936
60 9 0.387 0.283 2.205
60 10 0.388 0.025 2.192
60 11 0.355 -0.216 2.104
60 12 0.317 -0.258 2.116
60 13 0.228 -0.114 2.098
60 14 0.179 -0.558 2.083
60 15 0.184 -0.811 2.095
60 16 0.234 -0.866 2.088
60 17 0.338 -0.128 2.198
60 18 0.352 -0.512 2.067
60 19 0.388 -0.741 1.991
60 20 0.360 -0.813 1.988
61 1 0.279 -0.050 2.154
61 2 0.256 0.013 2.170
61 3 0.280 0.315 2.124
61 4 0.387 0.517 2.120
61 5 0.180 0.267 1.996
61 6 0.095 0.029 1.940
61 7 0.168 -0.158 1.945
61 8 0.205 -0.224 1.948
61 9 0.361 0.291 2.214
61 10 0.362 0.033 2.201
61 11 0.366 -0.171 2.228
61 12 0.314 -0.215 2.222
61 13 0.228 -0.116 2.108
61 14 0.174 -0.565 2.089
61 15 0.183 -0.812 2.097
61 16 0.225 -0.870 2.088
61 17 0.329 -0.127 2.207
61 18 0.348 -0.516 2.079
61 19 0.389 -0.747 2.003
61 20 0.349 -0.821 2.000
62 1 0.273 -0.055 2.160
62 2 0.250 0.010 2.174
62 3 0.274 0.312 2.124
62 4 0.381 0.516 2.118
62 5 0.172 0.263 2.000
62 6 0.073 0.026 1.952
62 7 0.130 -0.166 1.954
62 8 0.152 -0.244 1.957
62 9 0.346 0.296 2.219
62 10 0.347 0.038 2.206
62 11 0.356 -0.150 2.268
62 12 0.318 -0.192 2.279
62 13 0.227 -0.117 2.116
62 14 0.167 -0.567 2.093
62 15 0.181 -0.812 2.097
62 16 0.217 -0.872 2.086
62 17 0.317 -0.126 2.213
62 18 0.344 -0.518 2.090
62 19 0.386 -0.753 2.016
62 20 0.342 -0.825 2.009
63 1 0.266 -0.059 2.165
63 2 0.243 0.006 2.178
63 3 0.270 0.309 2.124
63 4 0.375 0.514 2.115
63 5 0.162 0.260 2.004
63 6 0.058 0.024 1.960
63 7 0.081 -0.173 1.965
63 8 0.096 -0.254 1.965
63 9 0.333 0.289 2.218
63 10 0.330 0.035 2.252
63 11 0.362 -0.160 2.349
63 12 0.324 -0.202 2.360
63 13 0.220 -0.121 2.124
63 14 0.149 -0.535 2.100
63 15 0.173 -0.810 2.097
63 16 0.206 -0.870 2.083
63 17 0.308 -0.126 2.217
63 18 0.341 -0.519 2.101
63 19 0.383 -0.760 2.028
63 20 0.337 -0.829 2.017
64 1 0.260 -0.063 2.169
64 2 0.239 0.003 2.180
64 3 0.266 0.306 2.123
64 4 0.370 0.511 2.112
64 5 0.152 0.258 2.009
64 6 0.046 0.021 1.970
64 7 0.038 -0.188 1.972
64 8 0.040 -0.270 1.968
64 9 0.329 0.277 2.213
64 10 0.324 0.029 2.275
64 11 0.364 -0.163 2.379
64 12 0.326 -0.205 2.390
64 13 0.213 -0.125 2.132
64 14 0.135 -0.510 2.103
64 15 0.160 -0.805 2.095
64 16 0.186 -0.867 2.079
64 17 0.302 -0.126 2.219
64 18 0.338 -0.518 2.112
64 19 0.379 -0.766 2.041
64 20 0.335 -0.836 2.036
65 1 0.250 -0.069 2.175
65 2 0.234 -0.000 2.183
65 3 0.264 0.305 2.123
65 4 0.366 0.509 2.109
65 5 0.144 0.255 2.013
65 6 0.028 0.020 1.986
65 7 0.007 -0.190 1.977
65 8 -0.007 -0.272 1.971
65 9 0.331 0.246 2.199
65 10 0.327 0.017 2.296
65 11 0.357 -0.215 2.237
65 12 0.319 -0.247 2.287
65 13 0.197 -0.132 2.147
65 14 0.128 -0.499 2.105
65 15 0.146 -0.800 2.095
65 16 0.175 -0.848 2.051
65 17 0.295 -0.128 2.222
65 18 0.335 -0.517 2.124
65 19 0.374 -0.775 2.066
65 20 0.334 -0.839 2.044
66 1 0.242 -0.072 2.180
66 2 0.230 -0.002 2.186
66 3 0.254 0.326 2.117
66 4 0.356 0.492 2.091
66 5 0.136 0.253 2.018
66 6 0.010 0.021 2.001
66 7 -0.034 -0.197 1.997
66 8 -0.053 -0.277 1.987
66 9 0.333 0.234 2.192
66 10 0.329 0.011 2.305
66 11 0.354 -0.223 2.237
66 12 0.316 -0.265 2.248
66 13 0.185 -0.135 2.157
66 14 0.123 -0.493 2.107
66 15 0.136 -0.797 2.096
66 16 0.168 -0.840 2.041
66 17 0.290 -0.129 2.225
66 18 0.333 -0.517 2.137
66 19 0.369 -0.782 2.091
66 20 0.330 -0.837 2.053
67 1 0.234 -0.076 2.185
67 2 0.226 -0.004 2.188
67 3 0.250 0.335 2.114
67 4 0.354 0.477 2.078
67 5 0.128 0.250 2.023
67 6 -0.007 0.022 2.013
67 7 -0.058 -0.197 2.005
67 8 -0.080 -0.276 1.997
67 9 0.333 0.229 2.190
67 10 0.332 0.007 2.309
67 11 0.352 -0.234 2.208
67 12 0.314 -0.276 2.219
67 13 0.175 -0.138 2.166
67 14 0.118 -0.490 2.110
67 15 0.128 -0.796 2.097
67 16 0.163 -0.837 2.036
67 17 0.283 -0.130 2.228
67 18 0.331 -0.517 2.148
67 19 0.367 -0.786 2.104
67 20 0.377 -0.831 2.054
68 1 0.227 -0.079 2.193
68 2 0.223 -0.006 2.192
68 3 0.247 0.338 2.113
68 4 0.353 0.462 2.064
68 5 0.121 0.246 2.028
68 6 -0.021 0.022 2.024
68 7 -0.082 -0.194 2.012
68 8 -0.107 -0.272 2.007
68 9 0.340 0.190 2.178
68 10 0.338 -0.005 2.311
68 11 0.351 -0.241 2.193
68 12 0.313 -0.282 2.204
68 13 0.164 -0.140 2.182
68 14 0.115 -0.489 2.113
68 15 0.122 -0.796 2.099
68 16 0.158 -0.835 2.032
68 17 0.278 -0.133 2.233
68 18 0.331 -0.516 2.159
68 19 0.365 -0.793 2.123
68 20 0.397 -0.834 2.062
69 1 0.223 -0.080 2.200
69 2 0.221 -0.007 2.195
69 3 0.245 0.340 2.111
69 4 0.349 0.452 2.053
69 5 0.115 0.242 2.034
69 6 -0.034 0.024 2.032
69 7 -0.102 -0.192 2.018
69 8 -0.126 -0.269 2.017
69 9 0.345 0.200 2.171
69 10 0.346 -0.002 2.300
69 11 0.350 -0.245 2.184
69 12 0.312 -0.287 2.195
69 13 0.159 -0.141 2.192
69 14 0.111 -0.490 2.117
69 15 0.117 -0.797 2.101
69 16 0.102 -0.848 2.059
69 17 0.276 -0.134 2.240
69 18 0.330 -0.517 2.167
69 19 0.364 -0.797 2.134
69 20 0.413 -0.862 2.135
70 1 0.221 -0.080 2.208
70 2 0.220 -0.007 2.199
70 3 0.242 0.336 2.109
70 4 0.344 0.443 2.046
70 5 0.110 0.239 2.038
70 6 -0.044 0.025 2.038
70 7 -0.120 -0.188 2.026
70 8 -0.143 -0.265 2.026
70 9 0.349 0.211 2.168
70 10 0.352 0.001 2.291
70 11 0.350 -0.248 2.178
70 12 0.312 -0.290 2.189
70 13 0.158 -0.141 2.205
70 14 0.109 -0.491 2.122
70 15 0.113 -0.798 2.103
70 16 0.065 -0.856 2.080
70 17 0.275 -0.133 2.249
70 18 0.330 -0.516 2.174
70 19 0.361 -0.799 2.147
70 20 0.418 -0.881 2.181
71 1 0.221 -0.080 2.217
71 2 0.220 -0.008 2.204
71 3 0.241 0.330 2.107
71 4 0.342 0.438 2.041
71 5 0.107 0.236 2.042
71 6 -0.052 0.026 2.042
71 7 -0.132 -0.186 2.032
71 8 -0.154 -0.262 2.033
71 9 0.351 0.207 2.165
71 10 0.356 -0.005 2.290
71 11 0.383 -0.245 2.226
71 12 0.340 -0.288 2.229
71 13 0.159 -0.141 2.218
71 14 0.106 -0.493 2.125
71 15 0.110 -0.799 2.105
71 16 0.052 -0.858 2.086
71 17 0.276 -0.133 2.257
71 18 0.329 -0.515 2.181
71 19 0.358 -0.800 2.157
71 20 0.420 -0.887 2.198
72 1 0.224 -0.082 2.229
72 2 0.222 -0.011 2.213
72 3 0.240 0.317 2.104
72 4 0.340 0.432 2.034
72 5 0.105 0.231 2.046
72 6 -0.058 0.026 2.046
72 7 -0.141 -0.186 2.037
72 8 -0.162 -0.262 2.038
72 9 0.354 0.200 2.163
72 10 0.361 -0.013 2.288
72 11 0.402 -0.240 2.252
72 12 0.401 -0.286 2.241
72 13 0.163 -0.143 2.238
72 14 0.105 -0.494 2.128
72 15 0.108 -0.799 2.107
72 16 0.049 -0.861 2.090
72 17 0.279 -0.134 2.265
72 18 0.329 -0.514 2.187
72 19 0.356 -0.801 2.163
72 20 0.391 -0.858 2.130
73 1 0.226 -0.085 2.239
73 2 0.225 -0.015 2.220
73 3 0.241 0.303 2.101
73 4 0.339 0.425 2.027
73 5 0.104 0.222 2.052
73 6 -0.063 0.025 2.050
73 7 -0.146 -0.186 2.041
73 8 -0.167 -0.262 2.043
73 9 0.356 0.195 2.162
73 10 0.371 -0.026 2.281
73 11 0.408 -0.240 2.259
73 12 0.437 -0.288 2.245
73 13 0.166 -0.145 2.249
73 14 0.104 -0.496 2.131
73 15 0.107 -0.800 2.108
73 16 0.075 -0.864 2.081
73 17 0.284 -0.138 2.279
73 18 0.328 -0.514 2.192
73 19 0.354 -0.801 2.167
73 20 0.382 -0.854 2.118
74 1 0.228 -0.090 2.250
74 2 0.227 -0.022 2.229
74 3 0.243 0.286 2.098
74 4 0.339 0.408 2.015
74 5 0.104 0.207 2.059
74 6 -0.067 0.017 2.056
74 7 -0.147 -0.198 2.049
74 8 -0.167 -0.274 2.049
74 9 0.357 0.191 2.161
74 10 0.379 -0.037 2.276
74 11 0.412 -0.240 2.262
74 12 0.452 -0.289 2.244
74 13 0.167 -0.148 2.259
74 14 0.103 -0.497 2.133
74 15 0.108 -0.799 2.106
74 16 0.116 -0.855 2.051
74 17 0.286 -0.145 2.291
74 18 0.328 -0.514 2.196
74 19 0.352 -0.802 2.169
74 20 0.371 -0.850 2.101
75 1 0.228 -0.097 2.260
75 2 0.228 -0.031 2.237
75 3 0.247 0.262 2.095
75 4 0.338 0.391 2.005
75 5 0.106 0.189 2.065
75 6 -0.065 -0.002 2.067
75 7 -0.137 -0.229 2.058
75 8 -0.155 -0.304 2.056
75 9 0.364 0.177 2.163
75 10 0.392 -0.057 2.267
75 11 0.419 -0.245 2.251
75 12 0.458 -0.312 2.218
75 13 0.167 -0.156 2.271
75 14 0.103 -0.497 2.135
75 15 0.110 -0.792 2.094
75 16 0.141 -0.841 2.021
75 17 0.286 -0.153 2.303
75 18 0.327 -0.515 2.200
75 19 0.349 -0.802 2.170
75 20 0.365 -0.848 2.093
76 1 0.228 -0.116 2.276
76 2 0.230 -0.052 2.251
76 3 0.251 0.232 2.093
76 4 0.336 0.375 1.998
76 5 0.110 0.162 2.073
76 6 -0.057 -0.035 2.084
76 7 -0.116 -0.268 2.064
76 8 -0.134 -0.343 2.058
76 9 0.382 0.123 2.173
76 10 0.412 -0.112 2.256
76 11 0.438 -0.288 2.214
76 12 0.461 -0.353 2.186
76 13 0.163 -0.175 2.298
76 14 0.103 -0.498 2.136
76 15 0.114 -0.780 2.082
76 16 0.150 -0.831 2.007
76 17 0.287 -0.174 2.317
76 18 0.327 -0.515 2.202
76 19 0.344 -0.802 2.170
76 20 0.358 -0.848 2.089
77 1 0.230 -0.135 2.290
77 2 0.232 -0.074 2.261
77 3 0.253 0.209 2.091
77 4 0.332 0.350 1.992
77 5 0.112 0.134 2.080
77 6 -0.047 -0.071 2.098
77 7 -0.091 -0.310 2.063
77 8 -0.107 -0.385 2.053
77 9 0.394 0.082 2.178
77 10 0.427 -0.156 2.250
77 11 0.451 -0.324 2.179
77 12 0.460 -0.386 2.159
77 13 0.163 -0.190 2.315
77 14 0.105 -0.499 2.138
77 15 0.119 -0.764 2.071
77 16 0.156 -0.820 1.997
77 17 0.289 -0.198 2.328
77 18 0.327 -0.516 2.204
77 19 0.341 -0.802 2.170
77 20 0.353 -0.848 2.087
78 1 0.235 -0.164 2.305
78 2 0.239 -0.108 2.275
78 3 0.259 0.158 2.094
78 4 0.328 0.296 1.991
78 5 0.113 0.094 2.088
78 6 -0.040 -0.113 2.109
78 7 -0.062 -0.354 2.057
78 8 -0.070 -0.429 2.036
78 9 0.402 0.051 2.177
78 10 0.438 -0.180 2.240
78 11 0.457 -0.351 2.156
78 12 0.456 -0.421 2.125
78 13 0.166 -0.216 2.336
78 14 0.111 -0.509 2.139
78 15 0.121 -0.757 2.066
78 16 0.157 -0.814 1.993
78 17 0.297 -0.227 2.342
78 18 0.330 -0.522 2.204
78 19 0.338 -0.801 2.168
78 20 0.349 -0.849 2.086
79 1 0.238 -0.199 2.319
79 2 0.242 -0.142 2.285
79 3 0.263 0.125 2.096
79 4 0.326 0.267 1.991
79 5 0.114 0.065 2.094
79 6 -0.031 -0.148 2.116
79 7 -0.037 -0.382 2.050
79 8 -0.033 -0.457 2.019
79 9 0.405 0.027 2.174
79 10 0.453 -0.219 2.213
79 11 0.458 -0.389 2.117
79 12 0.457 -0.450 2.087
79 13 0.168 -0.247 2.352
79 14 0.117 -0.518 2.139
79 15 0.123 -0.754 2.064
79 16 0.154 -0.811 1.995
79 17 0.300 -0.258 2.353
79 18 0.343 -0.542 2.199
79 19 0.340 -0.800 2.163
79 20 0.348 -0.849 2.084
80 1 0.239 -0.234 2.326
80 2 0.243 -0.179 2.292
80 3 0.265 0.078 2.104
80 4 0.318 0.224 1.999
80 5 0.115 0.027 2.103
80 6 -0.011 -0.190 2.132
80 7 0.004 -0.405 2.039
80 8 0.012 -0.475 1.997
80 9 0.407 -0.017 2.172
80 10 0.458 -0.241 2.199
80 11 0.458 -0.411 2.097
80 12 0.452 -0.478 2.055
80 13 0.168 -0.284 2.361
80 14 0.123 -0.533 2.136
80 15 0.124 -0.752 2.063
80 16 0.149 -0.812 1.999
80 17 0.300 -0.293 2.361
80 18 0.359 -0.568 2.186
80 19 0.351 -0.839 2.142
80 20 0.356 -0.908 2.079
81 1 0.242 -0.257 2.332
81 2 0.246 -0.204 2.297
81 3 0.268 0.045 2.110
81 4 0.312 0.180 2.010
81 5 0.117 -0.007 2.112
81 6 -0.002 -0.211 2.138
81 7 0.023 -0.415 2.033
81 8 0.044 -0.479 1.984
81 9 0.408 -0.037 2.170
81 10 0.459 -0.259 2.189
81 11 0.457 -0.428 2.084
81 12 0.450 -0.495 2.038
81 13 0.171 -0.306 2.370
81 14 0.132 -0.552 2.128
81 15 0.126 -0.761 2.066
81 16 0.154 -0.821 2.018
81 17 0.305 -0.318 2.365
81 18 0.371 -0.588 2.173
81 19 0.357 -0.867 2.134
81 20 0.359 -0.939 2.083
82 1 0.252 -0.287 2.340
82 2 0.254 -0.231 2.303
82 3 0.268 0.024 2.115
82 4 0.310 0.157 2.016
82 5 0.119 -0.040 2.121
82 6 0.018 -0.250 2.134
82 7 0.056 -0.424 2.025
82 8 0.076 -0.484 1.972
82 9 0.409 -0.064 2.169
82 10 0.460 -0.290 2.177
82 11 0.451 -0.458 2.071
82 12 0.448 -0.517 2.018
82 13 0.183 -0.336 2.382
82 14 0.141 -0.574 2.121
82 15 0.127 -0.827 2.079
82 16 0.142 -0.888 2.029
82 17 0.319 -0.348 2.371
82 18 0.379 -0.605 2.159
82 19 0.365 -0.890 2.131
82 20 0.364 -0.961 2.088
83 1 0.260 -0.305 2.345
83 2 0.261 -0.252 2.308
83 3 0.266 -0.008 2.124
83 4 0.308 0.139 2.022
83 5 0.121 -0.064 2.128
83 6 0.030 -0.279 2.131
83 7 0.083 -0.437 2.021
83 8 0.111 -0.492 1.965
83 9 0.411 -0.088 2.169
83 10 0.458 -0.309 2.172
83 11 0.446 -0.475 2.063
83 12 0.445 -0.512 2.011
83 13 0.192 -0.355 2.389
83 14 0.147 -0.590 2.117
83 15 0.127 -0.865 2.090
83 16 0.135 -0.926 2.039
83 17 0.329 -0.367 2.376
83 18 0.383 -0.616 2.151
83 19 0.371 -0.906 2.131
83 20 0.369 -0.977 2.094
84 1 0.280 -0.342 2.358
84 2 0.277 -0.290 2.321
84 3 0.265 -0.042 2.137
84 4 0.306 0.115 2.032
84 5 0.122 -0.094 2.138
84 6 0.039 -0.303 2.130
84 7 0.103 -0.449 2.016
84 8 0.138 -0.499 1.959
84 9 0.417 -0.130 2.179
84 10 0.452 -0.338 2.174
84 11 0.441 -0.490 2.053
84 12 0.439 -0.527 1.990
84 13 0.215 -0.392 2.405
84 14 0.152 -0.606 2.118
84 15 0.126 -0.890 2.101
84 16 0.129 -0.952 2.048
84 17 0.353 -0.405 2.387
84 18 0.385 -0.631 2.140
84 19 0.386 -0.925 2.135
84 20 0.385 -0.994 2.103
85 1 0.287 -0.356 2.362
85 2 0.283 -0.304 2.326
85 3 0.263 -0.064 2.146
85 4 0.305 0.097 2.042
85 5 0.122 -0.116 2.147
85 6 0.049 -0.324 2.130
85 7 0.138 -0.474 2.002
85 8 0.165 -0.504 1.951
85 9 0.419 -0.142 2.181
85 10 0.449 -0.355 2.175
85 11 0.439 -0.499 2.046
85 12 0.436 -0.533 1.977
85 13 0.225 -0.410 2.411
85 14 0.154 -0.624 2.115
85 15 0.124 -0.907 2.111
85 16 0.126 -0.968 2.057
85 17 0.361 -0.418 2.392
85 18 0.385 -0.652 2.143
85 19 0.412 -0.945 2.150
85 20 0.412 -1.011 2.110
86 1 0.294 -0.379 2.372
86 2 0.288 -0.327 2.336
86 3 0.263 -0.080 2.154
86 4 0.304 0.080 2.054
86 5 0.123 -0.133 2.155
86 6 0.057 -0.340 2.132
86 7 0.150 -0.482 2.002
86 8 0.195 -0.507 1.957
86 9 0.420 -0.172 2.192
86 10 0.445 -0.383 2.181
86 11 0.435 -0.506 2.033
86 12 0.430 -0.538 1.960
86 13 0.231 -0.428 2.417
86 14 0.156 -0.633 2.113
86 15 0.121 -0.915 2.125
86 16 0.121 -0.976 2.068
86 17 0.369 -0.439 2.402
86 18 0.391 -0.677 2.146
86 19 0.418 -0.961 2.171
86 20 0.419 -1.022 2.121
87 1 0.297 -0.393 2.378
87 2 0.292 -0.342 2.342
87 3 0.265 -0.096 2.164
87 4 0.304 0.064 2.075
87 5 0.124 -0.148 2.165
87 6 0.065 -0.353 2.137
87 7 0.158 -0.488 2.002
87 8 0.255 -0.523 1.946
87 9 0.421 -0.186 2.197
87 10 0.443 -0.397 2.184
87 11 0.431 -0.512 2.028
87 12 0.421 -0.534 1.956
87 13 0.235 -0.443 2.422
87 14 0.158 -0.633 2.106
87 15 0.121 -0.866 2.116
87 16 0.145 -0.837 2.052
87 17 0.373 -0.453 2.408
87 18 0.394 -0.686 2.147
87 19 0.420 -0.967 2.189
87 20 0.422 -1.027 2.131
88 1 0.301 -0.411 2.386
88 2 0.296 -0.361 2.352
88 3 0.268 -0.122 2.188
88 4 0.304 0.050 2.095
88 5 0.127 -0.163 2.178
88 6 0.074 -0.366 2.142
88 7 0.164 -0.495 2.006
88 8 0.243 -0.526 1.963
88 9 0.421 -0.194 2.202
88 10 0.442 -0.405 2.186
88 11 0.425 -0.524 2.033
88 12 0.405 -0.536 1.951
88 13 0.239 -0.463 2.428
88 14 0.159 -0.629 2.100
88 15 0.130 -0.839 2.111
88 16 0.150 -0.806 2.048
88 17 0.378 -0.468 2.415
88 18 0.396 -0.692 2.146
88 19 0.420 -0.967 2.202
88 20 0.422 -1.026 2.141
89 1 0.304 -0.423 2.392
89 2 0.298 -0.374 2.359
89 3 0.271 -0.135 2.201
89 4 0.304 0.040 2.117
89 5 0.130 -0.178 2.195
89 6 0.088 -0.387 2.157
89 7 0.168 -0.507 2.014
89 8 0.221 -0.553 1.991
89 9 0.421 -0.202 2.210
89 10 0.442 -0.414 2.192
89 11 0.422 -0.528 2.033
89 12 0.396 -0.538 1.949
89 13 0.240 -0.476 2.432
89 14 0.161 -0.624 2.096
89 15 0.134 -0.825 2.108
89 16 0.156 -0.774 2.043
89 17 0.380 -0.479 2.422
89 18 0.408 -0.666 2.131
89 19 0.411 -0.889 2.158
89 20 0.449 -0.844 2.129
90 1 0.305 -0.432 2.397
90 2 0.299 -0.384 2.365
90 3 0.274 -0.147 2.217
90 4 0.304 0.027 2.154
90 5 0.133 -0.190 2.212
90 6 0.099 -0.401 2.171
90 7 0.169 -0.518 2.024
90 8 0.215 -0.562 1.999
90 9 0.423 -0.209 2.230
90 10 0.442 -0.418 2.197
90 11 0.420 -0.531 2.034
90 12 0.391 -0.539 1.948
90 13 0.241 -0.486 2.435
90 14 0.162 -0.616 2.094
90 15 0.135 -0.820 2.110
90 16 0.159 -0.761 2.042
90 17 0.381 -0.489 2.428
90 18 0.422 -0.609 2.109
90 19 0.407 -0.848 2.156
90 20 0.455 -0.829 2.115
91 1 0.305 -0.442 2.404
91 2 0.300 -0.394 2.374
91 3 0.277 -0.157 2.236
91 4 0.303 0.021 2.178
91 5 0.136 -0.203 2.234
91 6 0.104 -0.409 2.179
91 7 0.168 -0.526 2.033
91 8 0.204 -0.569 2.007
91 9 0.425 -0.215 2.246
91 10 0.448 -0.431 2.234
91 11 0.419 -0.520 2.052
91 12 0.389 -0.539 1.963
91 13 0.240 -0.498 2.439
91 14 0.164 -0.611 2.094
91 15 0.136 -0.817 2.112
91 16 0.159 -0.764 2.049
91 17 0.382 -0.498 2.434
91 18 0.426 -0.625 2.118
91 19 0.405 -0.839 2.149
91 20 0.446 -0.781 2.125
92 1 0.306 -0.454 2.415
92 2 0.301 -0.406 2.387
92 3 0.282 -0.168 2.264
92 4 0.304 0.011 2.214
92 5 0.139 -0.218 2.260
92 6 0.107 -0.414 2.186
92 7 0.165 -0.534 2.043
92 8 0.195 -0.574 2.013
92 9 0.429 -0.227 2.276
92 10 0.451 -0.436 2.248
92 11 0.418 -0.516 2.060
92 12 0.387 -0.534 1.982
92 13 0.239 -0.512 2.449
92 14 0.165 -0.607 2.095
92 15 0.137 -0.817 2.115
92 16 0.162 -0.774 2.055
92 17 0.383 -0.510 2.443
92 18 0.429 -0.623 2.118
92 19 0.404 -0.832 2.144
92 20 0.446 -0.767 2.133
93 1 0.307 -0.465 2.429
93 2 0.303 -0.416 2.404
93 3 0.286 -0.175 2.288
93 4 0.305 0.009 2.244
93 5 0.143 -0.228 2.280
93 6 0.107 -0.418 2.193
93 7 0.163 -0.539 2.051
93 8 0.185 -0.580 2.018
93 9 0.431 -0.236 2.294
93 10 0.452 -0.437 2.256
93 11 0.365 -0.490 2.039
93 12 0.339 -0.512 1.968
93 13 0.237 -0.523 2.460
93 14 0.165 -0.604 2.100
93 15 0.137 -0.818 2.117
93 16 0.162 -0.785 2.059
93 17 0.385 -0.520 2.454
93 18 0.431 -0.621 2.121
93 19 0.403 -0.826 2.142
93 20 0.468 -0.833 2.150
94 1 0.308 -0.478 2.451
94 2 0.305 -0.429 2.428
94 3 0.293 -0.184 2.320
94 4 0.307 0.003 2.265
94 5 0.147 -0.239 2.304
94 6 0.107 -0.421 2.201
94 7 0.160 -0.541 2.056
94 8 0.179 -0.581 2.022
94 9 0.434 -0.250 2.316
94 10 0.455 -0.440 2.262
94 11 0.336 -0.475 2.028
94 12 0.308 -0.498 1.959
94 13 0.235 -0.537 2.479
94 14 0.161 -0.567 2.115
94 15 0.136 -0.830 2.131
94 16 0.161 -0.787 2.063
94 17 0.387 -0.534 2.473
94 18 0.431 -0.617 2.131
94 19 0.403 -0.830 2.153
94 20 0.433 -0.863 2.127
95 1 0.308 -0.485 2.463
95 2 0.306 -0.435 2.440
95 3 0.297 -0.188 2.342
95 4 0.309 0.004 2.298
95 5 0.151 -0.247 2.323
95 6 0.106 -0.423 2.212
95 7 0.158 -0.540 2.060
95 8 0.176 -0.581 2.025
95 9 0.436 -0.260 2.338
95 10 0.460 -0.442 2.270
95 11 0.325 -0.470 2.026
95 12 0.296 -0.493 1.957
95 13 0.234 -0.543 2.488
95 14 0.159 -0.561 2.122
95 15 0.136 -0.842 2.141
95 16 0.160 -0.788 2.065
95 17 0.388 -0.542 2.484
95 18 0.432 -0.613 2.139
95 19 0.404 -0.834 2.160
95 20 0.420 -0.889 2.117
96 1 0.308 -0.490 2.470
96 2 0.306 -0.440 2.449
96 3 0.300 -0.190 2.362
96 4 0.311 0.001 2.319
96 5 0.154 -0.254 2.343
96 6 0.105 -0.426 2.227
96 7 0.154 -0.533 2.066
96 8 0.173 -0.576 2.028
96 9 0.439 -0.269 2.359
96 10 0.465 -0.445 2.279
96 11 0.320 -0.463 2.033
96 12 0.284 -0.490 1.958
96 13 0.230 -0.549 2.495
96 14 0.157 -0.560 2.128
96 15 0.135 -0.848 2.146
96 16 0.172 -0.858 2.098
96 17 0.388 -0.548 2.491
96 18 0.433 -0.608 2.145
96 19 0.405 -0.837 2.166
96 20 0.414 -0.901 2.112
97 1 0.308 -0.493 2.475
97 2 0.306 -0.443 2.455
97 3 0.303 -0.193 2.382
97 4 0.314 -0.001 2.336
97 5 0.156 -0.259 2.360
97 6 0.106 -0.426 2.244
97 7 0.151 -0.526 2.073
97 8 0.171 -0.571 2.032
97 9 0.442 -0.275 2.377
97 10 0.471 -0.451 2.299
97 11 0.321 -0.460 2.059
97 12 0.280 -0.487 1.962
97 13 0.228 -0.552 2.498
97 14 0.156 -0.555 2.136
97 15 0.135 -0.852 2.149
97 16 0.154 -0.824 2.091
97 17 0.389 -0.552 2.494
97 18 0.434 -0.606 2.147
97 19 0.406 -0.840 2.170
97 20 0.411 -0.908 2.109
98 1 0.308 -0.495 2.478
98 2 0.306 -0.444 2.459
98 3 0.306 -0.194 2.400
98 4 0.317 -0.001 2.355
98 5 0.158 -0.262 2.373
98 6 0.110 -0.426 2.261
98 7 0.150 -0.516 2.083
98 8 0.170 -0.562 2.038
98 9 0.445 -0.279 2.389
98 10 0.473 -0.456 2.312
98 11 0.327 -0.463 2.076
98 12 0.280 -0.485 1.964
98 13 0.226 -0.554 2.500
98 14 0.154 -0.552 2.141
98 15 0.135 -0.854 2.151
98 16 0.151 -0.824 2.093
98 17 0.390 -0.555 2.497
98 18 0.434 -0.603 2.149
98 19 0.408 -0.842 2.172
98 20 0.408 -0.913 2.107
99 1 0.308 -0.495 2.481
99 2 0.307 -0.444 2.464
99 3 0.308 -0.193 2.413
99 4 0.318 -0.000 2.375
99 5 0.160 -0.263 2.385
99 6 0.113 -0.425 2.273
99 7 0.149 -0.510 2.091
99 8 0.170 -0.555 2.044
99 9 0.448 -0.281 2.399
99 10 0.474 -0.458 2.322
99 11 0.327 -0.464 2.090
99 12 0.284 -0.484 1.976
99 13 0.225 -0.555 2.501
99 14 0.152 -0.556 2.149
99 15 0.134 -0.856 2.153
99 16 0.146 -0.815 2.092
99 17 0.392 -0.557 2.499
99 18 0.435 -0.600 2.151
99 19 0.409 -0.844 2.175
99 20 0.407 -0.916 2.105
100 1 0.309 -0.494 2.484
100 2 0.308 -0.443 2.469
100 3 0.310 -0.190 2.424
100 4 0.321 0.009 2.398
100 5 0.162 -0.261 2.398
100 6 0.116 -0.422 2.289
100 7 0.148 -0.501 2.104
100 8 0.169 -0.546 2.054
100 9 0.450 -0.281 2.408
100 10 0.474 -0.459 2.329
100 11 0.328 -0.465 2.100
100 12 0.286 -0.483 1.986
100 13 0.224 -0.554 2.501
100 14 0.149 -0.560 2.155
100 15 0.133 -0.857 2.154
100 16 0.121 -0.878 2.168
100 17 0.394 -0.558 2.500
100 18 0.435 -0.597 2.153
100 19 0.410 -0.845 2.176
100 20 0.407 -0.915 2.104
101 1 0.310 -0.492 2.488
101 2 0.310 -0.440 2.474
101 3 0.311 -0.187 2.434
101 4 0.323 0.013 2.410
101 5 0.164 -0.259 2.407
101 6 0.121 -0.420 2.303
101 7 0.144 -0.492 2.114
101 8 0.167 -0.536 2.064
101 9 0.452 -0.280 2.415
101 10 0.474 -0.458 2.335
101 11 0.334 -0.471 2.106
101 12 0.290 -0.487 1.990
101 13 0.224 -0.553 2.503
101 14 0.147 -0.562 2.159
101 15 0.133 -0.857 2.155
101 16 0.111 -0.907 2.200
101 17 0.396 -0.558 2.502
101 18 0.436 -0.595 2.155
101 19 0.410 -0.846 2.178
101 20 0.407 -0.913 2.103
102 1 0.314 -0.488 2.497
102 2 0.313 -0.436 2.485
102 3 0.312 -0.183 2.441
102 4 0.324 0.017 2.419
102 5 0.165 -0.256 2.414
102 6 0.124 -0.418 2.315
102 7 0.087 -0.491 2.143
102 8 0.111 -0.529 2.098
102 9 0.453 -0.278 2.421
102 10 0.474 -0.456 2.339
102 11 0.334 -0.472 2.112
102 12 0.293 -0.490 1.999
102 13 0.228 -0.549 2.511
102 14 0.145 -0.562 2.161
102 15 0.132 -0.856 2.157
102 16 0.114 -0.915 2.156
102 17 0.401 -0.554 2.508
102 18 0.435 -0.591 2.163
102 19 0.411 -0.846 2.179
102 20 0.407 -0.911 2.103
103 1 0.317 -0.485 2.504
103 2 0.316 -0.433 2.492
103 3 0.313 -0.180 2.447
103 4 0.324 0.020 2.425
103 5 0.167 -0.253 2.420
103 6 0.126 -0.417 2.323
103 7 0.075 -0.487 2.151
103 8 0.100 -0.524 2.106
103 9 0.454 -0.275 2.425
103 10 0.473 -0.454 2.342
103 11 0.333 -0.474 2.116
103 12 0.294 -0.494 2.006
103 13 0.232 -0.547 2.517
103 14 0.142 -0.562 2.163
103 15 0.131 -0.855 2.159
103 16 0.112 -0.923 2.154
103 17 0.404 -0.552 2.513
103 18 0.435 -0.588 2.168
103 19 0.412 -0.847 2.179
103 20 0.408 -0.908 2.103
104 1 0.319 -0.483 2.508
104 2 0.318 -0.431 2.497
104 3 0.314 -0.177 2.451
104 4 0.325 0.021 2.429
104 5 0.168 -0.250 2.426
104 6 0.127 -0.415 2.329
104 7 0.150 -0.475 2.147
104 8 0.157 -0.510 2.111
104 9 0.455 -0.273 2.428
104 10 0.472 -0.451 2.344
104 11 0.333 -0.476 2.118
104 12 0.296 -0.497 2.010
104 13 0.235 -0.546 2.522
104 14 0.140 -0.562 2.164
104 15 0.130 -0.853 2.160
104 16 0.112 -0.928 2.152
104 17 0.406 -0.550 2.516
104 18 0.434 -0.587 2.171
104 19 0.412 -0.847 2.180
104 20 0.409 -0.905 2.103
105 1 0.320 -0.482 2.512
105 2 0.319 -0.430 2.500
105 3 0.314 -0.176 2.454
105 4 0.325 0.023 2.432
105 5 0.169 -0.247 2.429
105 6 0.128 -0.414 2.334
105 7 0.135 -0.470 2.154
105 8 0.160 -0.505 2.114
105 9 0.455 -0.271 2.430
105 10 0.471 -0.449 2.344
105 11 0.334 -0.482 2.118
105 12 0.298 -0.510 2.020
105 13 0.237 -0.545 2.526
105 14 0.136 -0.562 2.165
105 15 0.129 -0.851 2.161
105 16 0.117 -0.914 2.123
105 17 0.407 -0.549 2.518
105 18 0.434 -0.585 2.173
105 19 0.412 -0.847 2.180
105 20 0.409 -0.903 2.103
106 1 0.321 -0.482 2.514
106 2 0.320 -0.430 2.503
106 3 0.314 -0.174 2.456
106 4 0.325 0.024 2.434
106 5 0.170 -0.246 2.431
106 6 0.128 -0.413 2.337
106 7 0.138 -0.468 2.155
106 8 0.163 -0.502 2.117
106 9 0.455 -0.268 2.431
106 10 0.470 -0.445 2.343
106 11 0.336 -0.489 2.116
106 12 0.296 -0.524 2.029
106 13 0.239 -0.546 2.529
106 14 0.132 -0.563 2.165
106 15 0.128 -0.849 2.162
106 16 0.119 -0.905 2.104
106 17 0.408 -0.549 2.520
106 18 0.434 -0.585 2.174
106 19 0.413 -0.848 2.181
106 20 0.410 -0.901 2.104
107 1 0.322 -0.482 2.516
107 2 0.321 -0.430 2.504
107 3 0.314 -0.173 2.458
107 4 0.325 0.025 2.435
107 5 0.170 -0.244 2.432
107 6 0.129 -0.413 2.340
107 7 0.138 -0.467 2.156
107 8 0.164 -0.500 2.118
107 9 0.455 -0.266 2.431
107 10 0.468 -0.438 2.332
107 11 0.337 -0.497 2.108
107 12 0.300 -0.538 2.051
107 13 0.241 -0.546 2.532
107 14 0.129 -0.563 2.165
107 15 0.127 -0.847 2.162
107 16 0.121 -0.899 2.093
107 17 0.408 -0.548 2.522
107 18 0.434 -0.584 2.175
107 19 0.413 -0.848 2.181
107 20 0.411 -0.899 2.104
108 1 0.322 -0.483 2.518
108 2 0.321 -0.430 2.506
108 3 0.314 -0.172 2.458
108 4 0.325 0.026 2.435
108 5 0.170 -0.243 2.433
108 6 0.109 -0.411 2.313
108 7 0.150 -0.493 2.142
108 8 0.171 -0.514 2.111
108 9 0.455 -0.264 2.431
108 10 0.467 -0.433 2.324
108 11 0.337 -0.503 2.102
108 12 0.301 -0.545 2.061
108 13 0.241 -0.547 2.533
108 14 0.125 -0.564 2.165
108 15 0.127 -0.846 2.162
108 16 0.122 -0.895 2.087
108 17 0.408 -0.549 2.523
108 18 0.434 -0.584 2.176
108 19 0.413 -0.848 2.181
108 20 0.411 -0.898 2.104
109 1 0.322 -0.483 2.519
109 2 0.321 -0.430 2.507
109 3 0.314 -0.171 2.455
109 4 0.325 0.026 2.434
109 5 0.169 -0.243 2.431
109 6 0.099 -0.411 2.300
109 7 0.150 -0.510 2.135
109 8 0.171 -0.528 2.105
109 9 0.455 -0.263 2.430
109 10 0.466 -0.431 2.320
109 11 0.337 -0.506 2.099
109 12 0.302 -0.548 2.067
109 13 0.242 -0.548 2.535
109 14 0.121 -0.565 2.165
109 15 0.126 -0.845 2.162
109 16 0.122 -0.893 2.083
109 17 0.407 -0.549 2.524
109 18 0.434 -0.584 2.176
109 19 0.414 -0.848 2.181
109 20 0.412 -0.896 2.105
110 1 0.322 -0.484 2.520
110 2 0.321 -0.431 2.507
110 3 0.313 -0.170 2.448
110 4 0.323 0.025 2.425
110 5 0.167 -0.244 2.424
110 6 0.095 -0.411 2.294
110 7 0.149 -0.520 2.131
110 8 0.170 -0.538 2.100
110 9 0.454 -0.261 2.426
110 10 0.465 -0.429 2.317
110 11 0.337 -0.508 2.097
110 12 0.302 -0.551 2.071
110 13 0.242 -0.549 2.536
110 14 0.119 -0.565 2.164
110 15 0.126 -0.845 2.162
110 16 0.123 -0.892 2.080
110 17 0.406 -0.550 2.525
110 18 0.434 -0.584 2.177
110 19 0.414 -0.848 2.181
110 20 0.413 -0.896 2.105
111 1 0.322 -0.485 2.520
111 2 0.320 -0.432 2.506
111 3 0.311 -0.170 2.437
111 4 0.320 0.022 2.410
111 5 0.163 -0.245 2.413
111 6 0.092 -0.412 2.289
111 7 0.146 -0.527 2.128
111 8 0.168 -0.547 2.096
111 9 0.452 -0.260 2.419
111 10 0.464 -0.429 2.314
111 11 0.336 -0.509 2.094
111 12 0.306 -0.555 2.075
111 13 0.243 -0.550 2.536
111 14 0.117 -0.566 2.164
111 15 0.126 -0.844 2.162
111 16 0.123 -0.891 2.078
111 17 0.405 -0.551 2.526
111 18 0.433 -0.584 2.177
111 19 0.415 -0.848 2.181
111 20 0.414 -0.895 2.105
112 1 0.320 -0.487 2.518
112 2 0.318 -0.434 2.503
112 3 0.306 -0.172 2.420
112 4 0.316 0.020 2.395
112 5 0.160 -0.247 2.401
112 6 0.089 -0.413 2.285
112 7 0.144 -0.531 2.124
112 8 0.166 -0.554 2.091
112 9 0.449 -0.260 2.410
112 10 0.463 -0.430 2.310
112 11 0.333 -0.509 2.090
112 12 0.320 -0.557 2.069
112 13 0.242 -0.551 2.536
112 14 0.116 -0.567 2.163
112 15 0.125 -0.844 2.162
112 16 0.124 -0.890 2.077
112 17 0.403 -0.552 2.526
112 18 0.433 -0.584 2.176
112 19 0.416 -0.847 2.181
112 20 0.415 -0.894 2.106
113 1 0.319 -0.489 2.515
113 2 0.316 -0.437 2.497
113 3 0.302 -0.175 2.406
113 4 0.313 0.018 2.380
113 5 0.155 -0.248 2.387
113 6 0.089 -0.416 2.278
113 7 0.143 -0.536 2.120
113 8 0.165 -0.561 2.085
113 9 0.446 -0.261 2.400
113 10 0.462 -0.432 2.306
113 11 0.331 -0.509 2.086
113 12 0.340 -0.547 2.049
113 13 0.242 -0.552 2.535
113 14 0.115 -0.569 2.162
113 15 0.125 -0.844 2.162
113 16 0.125 -0.890 2.078
113 17 0.401 -0.552 2.525
113 18 0.433 -0.584 2.176
113 19 0.417 -0.847 2.180
113 20 0.416 -0.894 2.106
114 1 0.316 -0.491 2.509
114 2 0.312 -0.439 2.489
114 3 0.298 -0.177 2.393
114 4 0.310 0.017 2.369
114 5 0.151 -0.248 2.375
114 6 0.089 -0.419 2.272
114 7 0.142 -0.539 2.115
114 8 0.164 -0.566 2.080
114 9 0.443 -0.262 2.391
114 10 0.459 -0.435 2.300
114 11 0.327 -0.509 2.080
114 12 0.350 -0.539 2.035
114 13 0.240 -0.554 2.530
114 14 0.115 -0.571 2.160
114 15 0.126 -0.845 2.163
114 16 0.126 -0.891 2.079
114 17 0.399 -0.553 2.523
114 18 0.433 -0.585 2.174
114 19 0.418 -0.847 2.180
114 20 0.417 -0.894 2.106
115 1 0.313 -0.492 2.501
115 2 0.309 -0.440 2.480
115 3 0.295 -0.177 2.382
115 4 0.308 0.017 2.359
115 5 0.148 -0.247 2.363
115 6 0.091 -0.422 2.267
115 7 0.140 -0.541 2.110
115 8 0.164 -0.569 2.075
115 9 0.438 -0.264 2.379
115 10 0.457 -0.439 2.294
115 11 0.324 -0.509 2.073
115 12 0.353 -0.536 2.023
115 13 0.238 -0.555 2.524
115 14 0.115 -0.573 2.157
115 15 0.126 -0.845 2.162
115 16 0.127 -0.892 2.080
115 17 0.395 -0.554 2.518
115 18 0.432 -0.586 2.172
115 19 0.419 -0.846 2.180
115 20 0.418 -0.893 2.107
116 1 0.309 -0.493 2.493
116 2 0.306 -0.440 2.471
116 3 0.293 -0.177 2.371
116 4 0.304 0.020 2.348
116 5 0.145 -0.246 2.354
116 6 0.092 -0.424 2.264
116 7 0.139 -0.541 2.105
116 8 0.163 -0.572 2.071
116 9 0.433 -0.265 2.367
116 10 0.455 -0.442 2.288
116 11 0.322 -0.510 2.067
116 12 0.356 -0.533 2.016
116 13 0.235 -0.555 2.517
116 14 0.116 -0.575 2.154
116 15 0.127 -0.845 2.162
116 16 0.128 -0.892 2.081
116 17 0.391 -0.553 2.510
116 18 0.431 -0.590 2.167
116 19 0.420 -0.846 2.179
116 20 0.419 -0.893 2.107
117 1 0.306 -0.493 2.486
117 2 0.303 -0.440 2.463
117 3 0.290 -0.176 2.362
117 4 0.301 0.024 2.338
117 5 0.143 -0.245 2.347
117 6 0.094 -0.425 2.259
117 7 0.139 -0.541 2.100
117 8 0.162 -0.573 2.066
117 9 0.430 -0.266 2.358
117 10 0.454 -0.444 2.284
117 11 0.320 -0.510 2.062
117 12 0.355 -0.532 2.009
117 13 0.233 -0.555 2.510
117 14 0.117 -0.577 2.150
117 15 0.128 -0.843 2.159
117 16 0.128 -0.891 2.081
117 17 0.386 -0.553 2.503
117 18 0.429 -0.593 2.163
117 19 0.421 -0.845 2.179
117 20 0.420 -0.893 2.107
118 1 0.304 -0.493 2.480
118 2 0.301 -0.440 2.456
118 3 0.288 -0.175 2.355
118 4 0.298 0.027 2.330
118 5 0.141 -0.244 2.340
118 6 0.095 -0.427 2.255
118 7 0.139 -0.541 2.096
118 8 0.163 -0.575 2.062
118 9 0.427 -0.266 2.350
118 10 0.453 -0.445 2.280
118 11 0.320 -0.511 2.057
118 12 0.352 -0.533 2.004
118 13 0.231 -0.555 2.504
118 14 0.118 -0.579 2.147
118 15 0.130 -0.843 2.158
118 16 0.129 -0.892 2.082
118 17 0.383 -0.553 2.498
118 18 0.428 -0.597 2.159
118 19 0.422 -0.845 2.178
118 20 0.420 -0.893 2.107
119 1 0.302 -0.493 2.474
119 2 0.299 -0.440 2.451
119 3 0.285 -0.173 2.347
119 4 0.295 0.029 2.323
119 5 0.139 -0.243 2.333
119 6 0.096 -0.427 2.251
119 7 0.137 -0.545 2.092
119 8 0.161 -0.578 2.058
119 9 0.424 -0.266 2.343
119 10 0.451 -0.446 2.275
119 11 0.319 -0.511 2.052
119 12 0.345 -0.537 1.997
119 13 0.229 -0.555 2.499
119 14 0.119 -0.581 2.144
119 15 0.131 -0.843 2.156
119 16 0.130 -0.892 2.082
119 17 0.380 -0.552 2.493
119 18 0.426 -0.601 2.154
119 19 0.424 -0.844 2.177
119 20 0.421 -0.892 2.107
120 1 0.300 -0.492 2.469
120 2 0.297 -0.439 2.445
120 3 0.283 -0.172 2.341
120 4 0.293 0.030 2.317
120 5 0.137 -0.242 2.327
120 6 0.097 -0.428 2.248
120 7 0.132 -0.552 2.088
120 8 0.158 -0.583 2.054
120 9 0.422 -0.265 2.337
120 10 0.449 -0.446 2.267
120 11 0.317 -0.513 2.045
120 12 0.331 -0.542 1.989
120 13 0.228 -0.554 2.494
120 14 0.120 -0.582 2.141
120 15 0.133 -0.842 2.155
120 16 0.131 -0.892 2.082
120 17 0.378 -0.552 2.488
120 18 0.425 -0.603 2.150
120 19 0.425 -0.843 2.176
120 20 0.422 -0.892 2.106
121 1 0.298 -0.491 2.465
121 2 0.296 -0.438 2.441
121 3 0.281 -0.171 2.336
121 4 0.291 0.031 2.311
121 5 0.135 -0.241 2.323
121 6 0.097 -0.428 2.246
121 7 0.128 -0.557 2.086
121 8 0.155 -0.587 2.051
121 9 0.420 -0.264 2.331
121 10 0.447 -0.446 2.261
121 11 0.316 -0.514 2.039
121 12 0.318 -0.546 1.983
121 13 0.226 -0.553 2.491
121 14 0.120 -0.583 2.139
121 15 0.134 -0.842 2.154
121 16 0.126 -0.862 2.082
121 17 0.377 -0.551 2.485
121 18 0.424 -0.605 2.148
121 19 0.425 -0.843 2.175
121 20 0.423 -0.892 2.106
122 1 0.298 -0.491 2.462
122 2 0.295 -0.438 2.438
122 3 0.280 -0.171 2.332
122 4 0.289 0.032 2.307
122 5 0.134 -0.240 2.320
122 6 0.098 -0.428 2.244
122 7 0.125 -0.560 2.085
122 8 0.153 -0.590 2.049
122 9 0.418 -0.262 2.326
122 10 0.445 -0.446 2.256
122 11 0.314 -0.516 2.035
122 12 0.314 -0.550 1.980
122 13 0.226 -0.553 2.488
122 14 0.121 -0.583 2.136
122 15 0.136 -0.841 2.153
122 16 0.110 -0.812 2.076
122 17 0.376 -0.550 2.483
122 18 0.422 -0.606 2.145
122 19 0.426 -0.842 2.174
122 20 0.423 -0.892 2.106
123 1 0.297 -0.490 2.460
123 2 0.294 -0.437 2.436
123 3 0.279 -0.170 2.330
123 4 0.288 0.032 2.304
123 5 0.132 -0.239 2.317
123 6 0.098 -0.428 2.243
123 7 0.124 -0.562 2.084
123 8 0.152 -0.592 2.048
123 9 0.417 -0.261 2.322
123 10 0.443 -0.445 2.252
123 11 0.313 -0.517 2.031
123 12 0.309 -0.552 1.978
123 13 0.225 -0.552 2.485
123 14 0.122 -0.584 2.135
123 15 0.137 -0.841 2.152
123 16 0.103 -0.784 2.073
123 17 0.375 -0.549 2.480
123 18 0.420 -0.607 2.143
123 19 0.426 -0.842 2.173
123 20 0.423 -0.892 2.106
124 1 0.296 -0.489 2.458
124 2 0.293 -0.436 2.434
124 3 0.278 -0.170 2.328
124 4 0.287 0.032 2.301
124 5 0.131 -0.239 2.315
124 6 0.098 -0.428 2.241
124 7 0.140 -0.560 2.080
124 8 0.157 -0.593 2.045
124 9 0.416 -0.260 2.320
124 10 0.441 -0.445 2.249
124 11 0.312 -0.518 2.029
124 12 0.306 -0.554 1.977
124 13 0.224 -0.551 2.483
124 14 0.122 -0.584 2.133
124 15 0.139 -0.840 2.151
124 16 0.110 -0.796 2.075
124 17 0.375 -0.549 2.478
124 18 0.418 -0.607 2.140
124 19 0.427 -0.835 2.163
124 20 0.418 -0.888 2.155
125 1 0.296 -0.489 2.456
125 2 0.293 -0.436 2.432
125 3 0.277 -0.170 2.326
125 4 0.286 0.032 2.299
125 5 0.130 -0.238 2.313
125 6 0.099 -0.429 2.240
125 7 0.149 -0.559 2.078
125 8 0.163 -0.593 2.042
125 9 0.415 -0.259 2.318
125 10 0.438 -0.444 2.247
125 11 0.311 -0.519 2.027
125 12 0.303 -0.555 1.976
125 13 0.224 -0.550 2.481
125 14 0.123 -0.585 2.131
125 15 0.140 -0.839 2.150
125 16 0.107 -0.786 2.073
125 17 0.374 -0.548 2.476
125 18 0.416 -0.607 2.138
125 19 0.428 -0.831 2.155
125 20 0.415 -0.885 2.180
126 1 0.295 -0.488 2.455
126 2 0.292 -0.435 2.431
126 3 0.277 -0.169 2.325
126 4 0.285 0.032 2.297
126 5 0.130 -0.238 2.312
126 6 0.099 -0.429 2.239
126 7 0.156 -0.558 2.077
126 8 0.168 -0.593 2.040
126 9 0.414 -0.259 2.316
126 10 0.434 -0.443 2.246
126 11 0.309 -0.520 2.025
126 12 0.298 -0.555 1.975
126 13 0.223 -0.550 2.480
126 14 0.124 -0.586 2.129
126 15 0.142 -0.839 2.149
126 16 0.130 -0.842 2.075
126 17 0.374 -0.547 2.475
126 18 0.413 -0.607 2.136
126 19 0.428 -0.828 2.148
126 20 0.413 -0.883 2.190
127 1 0.294 -0.488 2.453
127 2 0.291 -0.435 2.430
127 3 0.276 -0.169 2.324
127 4 0.285 0.032 2.296
127 5 0.129 -0.237 2.311
127 6 0.099 -0.429 2.237
127 7 0.160 -0.557 2.076
127 8 0.172 -0.593 2.039
127 9 0.414 -0.258 2.315
127 10 0.432 -0.443 2.245
127 11 0.308 -0.520 2.024
127 12 0.295 -0.555 1.975
127 13 0.222 -0.549 2.478
127 14 0.125 -0.587 2.128
127 15 0.143 -0.838 2.148
127 16 0.141 -0.868 2.076
127 17 0.373 -0.547 2.473
127 18 0.411 -0.607 2.134
127 19 0.428 -0.826 2.143
127 20 0.412 -0.883 2.197
128 1 0.294 -0.487 2.452
128 2 0.291 -0.434 2.429
128 3 0.275 -0.169 2.324
128 4 0.285 0.032 2.296
128 5 0.129 -0.237 2.310
128 6 0.100 -0.429 2.237
128 7 0.165 -0.553 2.077
128 8 0.177 -0.590 2.039
128 9 0.413 -0.258 2.314
128 10 0.428 -0.443 2.245
128 11 0.307 -0.521 2.023
128 12 0.292 -0.554 1.974
128 13 0.222 -0.549 2.477
128 14 0.126 -0.588 2.127
128 15 0.144 -0.838 2.147
128 16 0.147 -0.893 2.089
128 17 0.373 -0.546 2.472
128 18 0.409 -0.607 2.132
128 19 0.424 -0.828 2.143
128 20 0.412 -0.886 2.137
129 1 0.294 -0.487 2.452
129 2 0.291 -0.434 2.428
129 3 0.275 -0.169 2.323
129 4 0.284 0.032 2.295
129 5 0.129 -0.237 2.309
129 6 0.100 -0.429 2.236
129 7 0.167 -0.551 2.077
129 8 0.180 -0.588 2.039
129 9 0.413 -0.258 2.314
129 10 0.425 -0.442 2.244
129 11 0.306 -0.522 2.022
129 12 0.289 -0.553 1.973
129 13 0.221 -0.548 2.477
129 14 0.127 -0.588 2.127
129 15 0.144 -0.838 2.147
129 16 0.128 -0.829 2.076
129 17 0.373 -0.546 2.471
129 18 0.407 -0.607 2.131
129 19 0.423 -0.828 2.142
129 20 0.408 -0.889 2.154
130 1 0.293 -0.487 2.451
130 2 0.290 -0.434 2.428
130 3 0.274 -0.168 2.323
130 4 0.284 0.032 2.295
130 5 0.128 -0.237 2.309
130 6 0.101 -0.429 2.235
130 7 0.168 -0.549 2.078
130 8 0.182 -0.587 2.038
130 9 0.412 -0.258 2.314
130 10 0.423 -0.442 2.244
130 11 0.305 -0.523 2.021
130 12 0.287 -0.553 1.972
130 13 0.221 -0.548 2.476
130 14 0.128 -0.589 2.126
130 15 0.145 -0.838 2.146
130 16 0.133 -0.869 2.101
130 17 0.373 -0.545 2.470
130 18 0.405 -0.607 2.130
130 19 0.422 -0.828 2.141
130 20 0.407 -0.889 2.163
131 1 0.293 -0.486 2.451
131 2 0.290 -0.434 2.427
131 3 0.274 -0.168 2.323
131 4 0.284 0.033 2.294
131 5 0.128 -0.237 2.309
131 6 0.101 -0.429 2.235
131 7 0.159 -0.552 2.080
131 8 0.181 -0.587 2.039
131 9 0.412 -0.257 2.313
131 10 0.421 -0.442 2.244
131 11 0.304 -0.523 2.021
131 12 0.286 -0.552 1.971
131 13 0.221 -0.548 2.475
131 14 0.129 -0.590 2.126
131 15 0.145 -0.838 2.146
131 16 0.131 -0.877 2.106
131 17 0.373 -0.545 2.470
131 18 0.404 -0.607 2.130
131 19 0.415 -0.845 2.161
131 20 0.407 -0.896 2.145
132 1 0.293 -0.486 2.450
132 2 0.290 -0.433 2.427
132 3 0.273 -0.168 2.323
132 4 0.284 0.033 2.295
132 5 0.128 -0.237 2.309
132 6 0.101 -0.429 2.234
132 7 0.156 -0.553 2.081
132 8 0.180 -0.587 2.039
132 9 0.412 -0.257 2.313
132 10 0.420 -0.442 2.244
132 11 0.303 -0.524 2.020
132 12 0.285 -0.552 1.971
132 13 0.221 -0.548 2.475
132 14 0.129 -0.590 2.126
132 15 0.146 -0.838 2.146
132 16 0.134 -0.882 2.103
132 17 0.373 -0.545 2.469
132 18 0.403 -0.607 2.129
132 19 0.412 -0.850 2.167
132 20 0.408 -0.900 2.131
133 1 0.293 -0.486 2.450
133 2 0.290 -0.433 2.427
133 3 0.273 -0.168 2.323
133 4 0.284 0.035 2.298
133 5 0.128 -0.236 2.309
133 6 0.101 -0.429 2.234
133 7 0.155 -0.553 2.083
133 8 0.180 -0.588 2.040
133 9 0.412 -0.257 2.313
133 10 0.419 -0.442 2.244
133 11 0.302 -0.524 2.020
133 12 0.284 -0.551 1.971
133 13 0.221 -0.548 2.475
133 14 0.129 -0.590 2.126
133 15 0.146 -0.838 2.145
133 16 0.136 -0.886 2.099
133 17 0.372 -0.545 2.468
133 18 0.403 -0.607 2.129
133 19 0.410 -0.853 2.171
133 20 0.408 -0.902 2.121
134 1 0.293 -0.486 2.450
134 2 0.290 -0.433 2.427
134 3 0.272 -0.167 2.323
134 4 0.284 0.036 2.300
134 5 0.128 -0.236 2.309
134 6 0.102 -0.429 2.234
134 7 0.147 -0.555 2.084
134 8 0.176 -0.588 2.041
134 9 0.412 -0.257 2.314
134 10 0.418 -0.442 2.244
134 11 0.301 -0.525 2.021
134 12 0.284 -0.551 1.971
134 13 0.220 -0.547 2.474
134 14 0.130 -0.590 2.125
134 15 0.146 -0.837 2.145
134 16 0.139 -0.888 2.096
134 17 0.372 -0.544 2.468
134 18 0.402 -0.607 2.128
134 19 0.409 -0.855 2.174
134 20 0.409 -0.903 2.115
135 1 0.293 -0.486 2.449
135 2 0.289 -0.433 2.426
135 3 0.272 -0.167 2.323
135 4 0.284 0.038 2.302
135 5 0.127 -0.236 2.309
135 6 0.102 -0.429 2.233
135 7 0.147 -0.556 2.085
135 8 0.176 -0.589 2.041
135 9 0.411 -0.257 2.314
135 10 0.418 -0.442 2.245
135 11 0.301 -0.525 2.021
135 12 0.285 -0.550 1.971
135 13 0.220 -0.547 2.474
135 14 0.130 -0.591 2.125
135 15 0.146 -0.837 2.145
135 16 0.140 -0.890 2.093
135 17 0.372 -0.544 2.468
135 18 0.402 -0.607 2.128
135 19 0.409 -0.858 2.177
135 20 0.407 -0.915 2.126
136 1 0.293 -0.485 2.449
136 2 0.289 -0.433 2.426
136 3 0.272 -0.166 2.324
136 4 0.284 0.039 2.303
136 5 0.127 -0.235 2.309
136 6 0.102 -0.429 2.233
136 7 0.146 -0.556 2.085
136 8 0.176 -0.589 2.042
136 9 0.411 -0.257 2.314
136 10 0.417 -0.442 2.245
136 11 0.301 -0.525 2.021
136 12 0.285 -0.550 1.971
136 13 0.220 -0.547 2.474
136 14 0.130 -0.591 2.125
136 15 0.146 -0.837 2.145
136 16 0.142 -0.891 2.090
136 17 0.372 -0.544 2.467
136 18 0.401 -0.607 2.128
136 19 0.409 -0.860 2.178
136 20 0.407 -0.917 2.124
137 1 0.292 -0.485 2.449
137 2 0.289 -0.432 2.426
137 3 0.271 -0.166 2.324
137 4 0.284 0.040 2.305
137 5 0.127 -0.235 2.309
137 6 0.102 -0.429 2.233
137 7 0.145 -0.556 2.085
137 8 0.175 -0.589 2.042
137 9 0.411 -0.257 2.314
137 10 0.417 -0.442 2.246
137 11 0.300 -0.525 2.022
137 12 0.286 -0.549 1.971
137 13 0.220 -0.547 2.473
137 14 0.130 -0.591 2.125
137 15 0.147 -0.837 2.145
137 16 0.143 -0.891 2.087
137 17 0.372 -0.544 2.467
137 18 0.401 -0.607 2.128
137 19 0.412 -0.851 2.169
137 20 0.411 -0.909 2.111
138 1 0.292 -0.485 2.449
138 2 0.289 -0.432 2.426
138 3 0.271 -0.165 2.324
138 4 0.284 0.040 2.306
138 5 0.127 -0.235 2.309
138 6 0.102 -0.429 2.233
138 7 0.149 -0.554 2.084
138 8 0.176 -0.588 2.042
138 9 0.411 -0.257 2.314
138 10 0.417 -0.442 2.246
138 11 0.300 -0.525 2.022
138 12 0.287 -0.549 1.972
138 13 0.220 -0.546 2.473
138 14 0.130 -0.591 2.125
138 15 0.147 -0.837 2.145
138 16 0.145 -0.891 2.085
138 17 0.372 -0.544 2.467
138 18 0.401 -0.607 2.127
138 19 0.415 -0.843 2.161
138 20 0.414 -0.901 2.099
139 1 0.292 -0.485 2.449
139 2 0.289 -0.432 2.426
139 3 0.271 -0.165 2.324
139 4 0.284 0.041 2.307
139 5 0.127 -0.234 2.309
139 6 0.102 -0.429 2.233
139 7 0.151 -0.554 2.085
139 8 0.176 -0.588 2.042
139 9 0.411 -0.256 2.314
139 10 0.417 -0.443 2.247
139 11 0.300 -0.525 2.022
139 12 0.288 -0.549 1.972
139 13 0.220 -0.546 2.472
139 14 0.131 -0.591 2.125
139 15 0.147 -0.837 2.145
139 16 0.146 -0.890 2.083
139 17 0.372 -0.543 2.466
139 18 0.401 -0.607 2.127
139 19 0.417 -0.838 2.156
139 20 0.416 -0.895 2.092
140 1 0.292 -0.485 2.448
140 2 0.289 -0.432 2.425
140 3 0.271 -0.164 2.324
140 4 0.284 0.041 2.308
140 5 0.127 -0.234 2.308
140 6 0.102 -0.429 2.233
140 7 0.153 -0.555 2.084
140 8 0.177 -0.589 2.042
140 9 0.411 -0.256 2.314
140 10 0.417 -0.443 2.247
140 11 0.300 -0.525 2.023
140 12 0.289 -0.550 1.973
140 13 0.220 -0.546 2.472
140 14 0.131 -0.591 2.125
140 15 0.147 -0.837 2.145
140 16 0.146 -0.890 2.082
140 17 0.372 -0.543 2.466
140 18 0.400 -0.607 2.127
140 19 0.419 -0.834 2.153
140 20 0.411 -0.889 2.145
141 1 0.292 -0.484 2.448
141 2 0.289 -0.431 2.425
141 3 0.271 -0.163 2.324
141 4 0.284 0.041 2.308
141 5 0.127 -0.234 2.308
141 6 0.103 -0.429 2.232
141 7 0.156 -0.555 2.084
141 8 0.178 -0.589 2.042
141 9 0.411 -0.256 2.315
141 10 0.417 -0.443 2.248
141 11 0.300 -0.525 2.023
141 12 0.290 -0.550 1.973
141 13 0.220 -0.546 2.471
141 14 0.131 -0.591 2.126
141 15 0.147 -0.836 2.145
141 16 0.142 -0.890 2.086
141 17 0.372 -0.543 2.465
141 18 0.400 -0.607 2.127
141 19 0.420 -0.831 2.150
141 20 0.408 -0.885 2.179
142 1 0.292 -0.484 2.447
142 2 0.289 -0.431 2.425
142 3 0.271 -0.163 2.324
142 4 0.285 0.042 2.309
142 5 0.127 -0.233 2.308
142 6 0.103 -0.429 2.232
142 7 0.157 -0.556 2.083
142 8 0.178 -0.589 2.042
142 9 0.410 -0.256 2.315
142 10 0.418 -0.444 2.249
142 11 0.301 -0.525 2.023
142 12 0.292 -0.551 1.974
142 13 0.220 -0.545 2.471
142 14 0.131 -0.591 2.126
142 15 0.147 -0.836 2.145
142 16 0.116 -0.834 2.073
142 17 0.372 -0.543 2.465
142 18 0.400 -0.607 2.127
142 19 0.421 -0.830 2.149
142 20 0.413 -0.881 2.148
143 1 0.292 -0.484 2.447
143 2 0.289 -0.431 2.424
143 3 0.271 -0.162 2.324
143 4 0.285 0.042 2.309
143 5 0.127 -0.233 2.308
143 6 0.103 -0.429 2.232
143 7 0.157 -0.556 2.083
143 8 0.178 -0.589 2.042
143 9 0.410 -0.256 2.315
143 10 0.419 -0.444 2.249
143 11 0.301 -0.525 2.023
143 12 0.294 -0.552 1.975
143 13 0.220 -0.545 2.470
143 14 0.132 -0.591 2.126
143 15 0.147 -0.836 2.144
143 16 0.099 -0.798 2.065
143 17 0.372 -0.543 2.465
143 18 0.400 -0.607 2.126
143 19 0.421 -0.830 2.149
143 20 0.415 -0.881 2.128
144 1 0.292 -0.484 2.447
144 2 0.289 -0.430 2.424
144 3 0.271 -0.161 2.324
144 4 0.285 0.042 2.309
144 5 0.127 -0.232 2.307
144 6 0.103 -0.429 2.231
144 7 0.157 -0.556 2.083
144 8 0.178 -0.589 2.042
144 9 0.410 -0.256 2.315
144 10 0.419 -0.445 2.250
144 11 0.301 -0.525 2.024
144 12 0.295 -0.552 1.975
144 13 0.220 -0.545 2.470
144 14 0.132 -0.592 2.126
144 15 0.147 -0.836 2.144
144 16 0.094 -0.787 2.062
144 17 0.372 -0.542 2.464
144 18 0.400 -0.607 2.126
144 19 0.418 -0.855 2.168
144 20 0.398 -0.896 2.136
145 1 0.292 -0.483 2.446
145 2 0.289 -0.430 2.424
145 3 0.271 -0.161 2.324
145 4 0.285 0.042 2.309
145 5 0.127 -0.232 2.307
145 6 0.103 -0.429 2.231
145 7 0.158 -0.556 2.083
145 8 0.178 -0.589 2.042
145 9 0.410 -0.256 2.315
145 10 0.420 -0.445 2.250
145 11 0.302 -0.525 2.024
145 12 0.296 -0.552 1.975
145 13 0.220 -0.545 2.470
145 14 0.132 -0.592 2.126
145 15 0.147 -0.836 2.144
145 16 0.090 -0.779 2.060
145 17 0.372 -0.542 2.464
145 18 0.400 -0.607 2.126
145 19 0.416 -0.862 2.175
145 20 0.397 -0.909 2.143
146 1 0.292 -0.483 2.446
146 2 0.289 -0.430 2.423
146 3 0.271 -0.160 2.324
146 4 0.286 0.042 2.309
146 5 0.127 -0.232 2.306
146 6 0.104 -0.429 2.231
146 7 0.159 -0.556 2.083
146 8 0.179 -0.589 2.042
146 9 0.411 -0.256 2.315
146 10 0.421 -0.446 2.251
146 11 0.302 -0.525 2.024
146 12 0.298 -0.553 1.976
146 13 0.220 -0.544 2.469
146 14 0.133 -0.592 2.126
146 15 0.147 -0.836 2.144
146 16 0.122 -0.835 2.067
146 17 0.372 -0.542 2.463
146 18 0.400 -0.607 2.126
146 19 0.415 -0.866 2.179
146 20 0.397 -0.919 2.150
147 1 0.292 -0.483 2.446
147 2 0.289 -0.429 2.423
147 3 0.271 -0.160 2.324
147 4 0.286 0.042 2.309
147 5 0.127 -0.231 2.306
147 6 0.104 -0.429 2.230
147 7 0.159 -0.555 2.083
147 8 0.179 -0.589 2.043
147 9 0.411 -0.256 2.315
147 10 0.422 -0.447 2.250
147 11 0.302 -0.525 2.024
147 12 0.299 -0.554 1.975
147 13 0.220 -0.544 2.469
147 14 0.133 -0.592 2.126
147 15 0.148 -0.836 2.144
147 16 0.139 -0.866 2.072
147 17 0.372 -0.542 2.463
147 18 0.400 -0.607 2.126
147 19 0.414 -0.868 2.182
147 20 0.398 -0.925 2.155
148 1 0.292 -0.483 2.445
148 2 0.289 -0.429 2.423
148 3 0.272 -0.160 2.323
148 4 0.287 0.042 2.309
148 5 0.128 -0.231 2.305
148 6 0.104 -0.429 2.230
148 7 0.160 -0.555 2.083
148 8 0.180 -0.589 2.043
148 9 0.411 -0.256 2.315
148 10 0.422 -0.448 2.250
148 11 0.302 -0.525 2.024
148 12 0.300 -0.555 1.975
148 13 0.220 -0.544 2.469
148 14 0.133 -0.592 2.126
148 15 0.148 -0.836 2.144
148 16 0.148 -0.881 2.074
148 17 0.372 -0.542 2.463
148 18 0.400 -0.607 2.125
148 19 0.413 -0.870 2.184
148 20 0.402 -0.925 2.146
149 1 0.292 -0.483 2.445
149 2 0.289 -0.429 2.423
149 3 0.272 -0.159 2.323
149 4 0.287 0.042 2.309
149 5 0.128 -0.231 2.305
149 6 0.104 -0.429 2.230
149 7 0.160 -0.555 2.083
149 8 0.180 -0.589 2.043
149 9 0.411 -0.256 2.315
149 10 0.423 -0.448 2.249
149 11 0.303 -0.525 2.024
149 12 0.301 -0.555 1.975
149 13 0.220 -0.544 2.468
149 14 0.133 -0.592 2.126
149 15 0.148 -0.837 2.145
149 16 0.152 -0.890 2.075
149 17 0.372 -0.542 2.463
149 18 0.400 -0.607 2.125
149 19 0.413 -0.870 2.185
149 20 0.404 -0.924 2.137
