1 1 -0.160 -0.029 1.326
1 2 -0.210 0.049 1.362
1 3 -0.244 0.497 1.410
1 4 -0.098 0.606 1.452
1 5 -0.254 0.292 1.256
1 6 -0.094 0.328 1.145
1 7 -0.008 0.168 1.170
1 8 0.032 0.187 1.203
1 9 -0.105 0.395 1.528
1 10 -0.018 0.167 1.484
1 11 -0.097 0.288 1.353
1 12 -0.123 0.328 1.314
1 13 -0.197 -0.072 1.313
1 14 -0.201 -0.418 1.293
1 15 -0.206 -0.730 1.257
1 16 -0.140 -0.765 1.213
1 17 -0.112 -0.064 1.325
1 18 -0.103 -0.442 1.484
1 19 -0.132 -0.690 1.471
1 20 -0.066 -0.716 1.428
2 1 -0.161 -0.028 1.326
2 2 -0.210 0.049 1.361
2 3 -0.245 0.497 1.409
2 4 -0.099 0.606 1.449
2 5 -0.255 0.292 1.255
2 6 -0.095 0.328 1.144
2 7 -0.008 0.168 1.168
2 8 0.032 0.187 1.202
2 9 -0.106 0.395 1.527
2 10 -0.018 0.168 1.483
2 11 -0.097 0.289 1.352
2 12 -0.123 0.329 1.313
2 13 -0.197 -0.072 1.313
2 14 -0.201 -0.418 1.292
2 15 -0.206 -0.730 1.257
2 16 -0.140 -0.765 1.213
2 17 -0.112 -0.064 1.324
2 18 -0.104 -0.444 1.483
2 19 -0.134 -0.690 1.469
2 20 -0.067 -0.715 1.426
3 1 -0.161 -0.029 1.325
3 2 -0.210 0.049 1.360
3 3 -0.245 0.496 1.408
3 4 -0.100 0.605 1.446
3 5 -0.256 0.291 1.255
3 6 -0.095 0.328 1.143
3 7 -0.008 0.168 1.167
3 8 0.032 0.187 1.200
3 9 -0.106 0.394 1.526
3 10 -0.018 0.169 1.482
3 11 -0.097 0.290 1.352
3 12 -0.123 0.330 1.313
3 13 -0.198 -0.072 1.312
3 14 -0.202 -0.418 1.292
3 15 -0.206 -0.730 1.257
3 16 -0.140 -0.764 1.213
3 17 -0.113 -0.064 1.323
3 18 -0.104 -0.448 1.482
3 19 -0.135 -0.691 1.467
3 20 -0.068 -0.715 1.425
4 1 -0.162 -0.029 1.324
4 2 -0.211 0.049 1.360
4 3 -0.245 0.495 1.407
4 4 -0.100 0.604 1.444
4 5 -0.257 0.291 1.254
4 6 -0.096 0.328 1.142
4 7 -0.008 0.168 1.166
4 8 0.032 0.187 1.199
4 9 -0.106 0.394 1.525
4 10 -0.018 0.169 1.481
4 11 -0.097 0.290 1.352
4 12 -0.123 0.331 1.313
4 13 -0.199 -0.072 1.311
4 14 -0.202 -0.418 1.291
4 15 -0.206 -0.730 1.257
4 16 -0.139 -0.764 1.213
4 17 -0.113 -0.064 1.322
4 18 -0.105 -0.452 1.481
4 19 -0.136 -0.692 1.466
4 20 -0.069 -0.715 1.424
5 1 -0.162 -0.029 1.323
5 2 -0.211 0.049 1.359
5 3 -0.246 0.495 1.406
5 4 -0.101 0.604 1.443
5 5 -0.257 0.291 1.254
5 6 -0.097 0.328 1.142
5 7 -0.008 0.168 1.165
5 8 0.032 0.187 1.198
5 9 -0.107 0.394 1.524
5 10 -0.018 0.170 1.481
5 11 -0.097 0.291 1.352
5 12 -0.123 0.332 1.313
5 13 -0.199 -0.072 1.310
5 14 -0.202 -0.418 1.291
5 15 -0.205 -0.729 1.257
5 16 -0.139 -0.764 1.213
5 17 -0.113 -0.065 1.322
5 18 -0.105 -0.455 1.481
5 19 -0.136 -0.692 1.466
5 20 -0.069 -0.715 1.424
6 1 -0.162 -0.029 1.323
6 2 -0.211 0.048 1.358
6 3 -0.246 0.495 1.405
6 4 -0.101 0.604 1.441
6 5 -0.258 0.290 1.254
6 6 -0.097 0.328 1.141
6 7 -0.008 0.168 1.164
6 8 0.031 0.187 1.197
6 9 -0.107 0.393 1.523
6 10 -0.018 0.170 1.481
6 11 -0.097 0.292 1.352
6 12 -0.123 0.332 1.313
6 13 -0.199 -0.072 1.310
6 14 -0.202 -0.418 1.291
6 15 -0.205 -0.729 1.257
6 16 -0.139 -0.764 1.213
6 17 -0.114 -0.065 1.321
6 18 -0.106 -0.458 1.481
6 19 -0.136 -0.693 1.466
6 20 -0.069 -0.716 1.424
7 1 -0.163 -0.029 1.322
7 2 -0.212 0.048 1.358
7 3 -0.246 0.494 1.404
7 4 -0.102 0.604 1.440
7 5 -0.258 0.290 1.253
7 6 -0.098 0.327 1.140
7 7 -0.008 0.168 1.163
7 8 0.031 0.187 1.196
7 9 -0.107 0.393 1.522
7 10 -0.017 0.171 1.481
7 11 -0.096 0.292 1.352
7 12 -0.123 0.333 1.314
7 13 -0.199 -0.072 1.309
7 14 -0.202 -0.418 1.290
7 15 -0.205 -0.729 1.257
7 16 -0.139 -0.764 1.213
7 17 -0.114 -0.065 1.321
7 18 -0.106 -0.461 1.480
7 19 -0.136 -0.694 1.467
7 20 -0.069 -0.716 1.424
8 1 -0.163 -0.029 1.322
8 2 -0.212 0.048 1.358
8 3 -0.246 0.494 1.404
8 4 -0.102 0.605 1.439
8 5 -0.258 0.290 1.253
8 6 -0.099 0.327 1.139
8 7 -0.009 0.168 1.162
8 8 0.031 0.187 1.196
8 9 -0.107 0.393 1.521
8 10 -0.017 0.171 1.482
8 11 -0.096 0.293 1.353
8 12 -0.122 0.333 1.314
8 13 -0.199 -0.073 1.309
8 14 -0.201 -0.418 1.290
8 15 -0.205 -0.729 1.257
8 16 -0.139 -0.764 1.213
8 17 -0.114 -0.065 1.320
8 18 -0.106 -0.462 1.480
8 19 -0.135 -0.695 1.468
8 20 -0.069 -0.716 1.425
9 1 -0.163 -0.029 1.322
9 2 -0.212 0.048 1.357
9 3 -0.247 0.494 1.403
9 4 -0.103 0.605 1.438
9 5 -0.259 0.290 1.253
9 6 -0.099 0.326 1.138
9 7 -0.009 0.168 1.162
9 8 0.030 0.186 1.195
9 9 -0.108 0.393 1.520
9 10 -0.015 0.172 1.484
9 11 -0.095 0.293 1.355
9 12 -0.121 0.334 1.316
9 13 -0.200 -0.073 1.308
9 14 -0.201 -0.418 1.289
9 15 -0.205 -0.729 1.257
9 16 -0.139 -0.764 1.213
9 17 -0.114 -0.066 1.320
9 18 -0.106 -0.464 1.479
9 19 -0.135 -0.696 1.469
9 20 -0.068 -0.717 1.425
10 1 -0.163 -0.030 1.321
10 2 -0.212 0.048 1.357
10 3 -0.247 0.493 1.403
10 4 -0.103 0.605 1.437
10 5 -0.259 0.290 1.253
10 6 -0.100 0.326 1.138
10 7 -0.010 0.167 1.161
10 8 0.030 0.186 1.195
10 9 -0.108 0.392 1.520
10 10 -0.014 0.172 1.485
10 11 -0.094 0.293 1.356
10 12 -0.120 0.334 1.317
10 13 -0.200 -0.073 1.308
10 14 -0.201 -0.418 1.289
10 15 -0.205 -0.729 1.257
10 16 -0.139 -0.763 1.213
10 17 -0.114 -0.066 1.320
10 18 -0.106 -0.465 1.479
10 19 -0.134 -0.696 1.471
10 20 -0.068 -0.717 1.426
11 1 -0.163 -0.030 1.321
11 2 -0.212 0.048 1.357
11 3 -0.247 0.493 1.403
11 4 -0.104 0.605 1.436
11 5 -0.259 0.289 1.253
11 6 -0.100 0.326 1.137
11 7 -0.010 0.167 1.161
11 8 0.029 0.186 1.194
11 9 -0.108 0.392 1.519
11 10 -0.013 0.172 1.486
11 11 -0.093 0.294 1.357
11 12 -0.119 0.334 1.318
11 13 -0.200 -0.073 1.307
11 14 -0.201 -0.418 1.289
11 15 -0.205 -0.729 1.257
11 16 -0.139 -0.763 1.213
11 17 -0.114 -0.066 1.320
11 18 -0.106 -0.466 1.479
11 19 -0.133 -0.697 1.472
11 20 -0.068 -0.718 1.427
12 1 -0.163 -0.030 1.321
12 2 -0.212 0.047 1.356
12 3 -0.247 0.493 1.402
12 4 -0.104 0.606 1.436
12 5 -0.259 0.289 1.253
12 6 -0.101 0.326 1.137
12 7 -0.010 0.167 1.161
12 8 0.029 0.186 1.194
12 9 -0.108 0.392 1.519
12 10 -0.013 0.173 1.487
12 11 -0.092 0.294 1.358
12 12 -0.119 0.335 1.319
12 13 -0.199 -0.073 1.307
12 14 -0.201 -0.418 1.289
12 15 -0.205 -0.729 1.257
12 16 -0.139 -0.763 1.213
12 17 -0.114 -0.067 1.320
12 18 -0.106 -0.467 1.479
12 19 -0.133 -0.698 1.473
12 20 -0.067 -0.718 1.427
13 1 -0.163 -0.030 1.321
13 2 -0.212 0.047 1.356
13 3 -0.247 0.493 1.402
13 4 -0.104 0.606 1.435
13 5 -0.259 0.289 1.252
13 6 -0.101 0.325 1.136
13 7 -0.011 0.167 1.160
13 8 0.029 0.186 1.194
13 9 -0.108 0.392 1.519
13 10 -0.012 0.173 1.488
13 11 -0.092 0.294 1.359
13 12 -0.118 0.335 1.320
13 13 -0.199 -0.074 1.307
13 14 -0.201 -0.418 1.289
13 15 -0.205 -0.729 1.257
13 16 -0.139 -0.763 1.212
13 17 -0.114 -0.067 1.320
13 18 -0.106 -0.467 1.479
13 19 -0.132 -0.699 1.474
13 20 -0.067 -0.719 1.428
14 1 -0.163 -0.031 1.321
14 2 -0.212 0.047 1.356
14 3 -0.247 0.493 1.402
14 4 -0.105 0.606 1.435
14 5 -0.259 0.289 1.252
14 6 -0.101 0.325 1.136
14 7 -0.011 0.167 1.160
14 8 0.028 0.185 1.193
14 9 -0.108 0.392 1.518
14 10 -0.011 0.173 1.488
14 11 -0.091 0.295 1.359
14 12 -0.117 0.335 1.320
14 13 -0.199 -0.074 1.306
14 14 -0.201 -0.418 1.288
14 15 -0.205 -0.729 1.257
14 16 -0.139 -0.763 1.212
14 17 -0.114 -0.068 1.320
14 18 -0.106 -0.468 1.479
14 19 -0.132 -0.699 1.474
14 20 -0.066 -0.719 1.428
15 1 -0.162 -0.031 1.320
15 2 -0.212 0.047 1.356
15 3 -0.247 0.493 1.402
15 4 -0.105 0.606 1.435
15 5 -0.259 0.289 1.252
15 6 -0.102 0.325 1.135
15 7 -0.011 0.166 1.160
15 8 0.028 0.185 1.193
15 9 -0.108 0.391 1.518
15 10 -0.010 0.174 1.488
15 11 -0.090 0.295 1.359
15 12 -0.117 0.336 1.320
15 13 -0.198 -0.074 1.306
15 14 -0.201 -0.418 1.288
15 15 -0.205 -0.729 1.257
15 16 -0.139 -0.763 1.212
15 17 -0.113 -0.068 1.319
15 18 -0.106 -0.468 1.479
15 19 -0.132 -0.700 1.475
15 20 -0.066 -0.719 1.429
16 1 -0.162 -0.031 1.320
16 2 -0.212 0.046 1.355
16 3 -0.247 0.493 1.401
16 4 -0.105 0.606 1.434
16 5 -0.259 0.289 1.252
16 6 -0.102 0.325 1.135
16 7 -0.011 0.166 1.159
16 8 0.028 0.185 1.193
16 9 -0.108 0.391 1.518
16 10 -0.009 0.175 1.487
16 11 -0.089 0.296 1.358
16 12 -0.115 0.336 1.319
16 13 -0.198 -0.074 1.306
16 14 -0.201 -0.418 1.288
16 15 -0.205 -0.729 1.256
16 16 -0.139 -0.763 1.212
16 17 -0.113 -0.068 1.319
16 18 -0.106 -0.469 1.479
16 19 -0.131 -0.700 1.475
16 20 -0.066 -0.720 1.429
17 1 -0.162 -0.031 1.320
17 2 -0.211 0.046 1.355
17 3 -0.247 0.493 1.401
17 4 -0.105 0.606 1.434
17 5 -0.259 0.289 1.252
17 6 -0.102 0.325 1.134
17 7 -0.011 0.166 1.159
17 8 0.028 0.185 1.193
17 9 -0.108 0.391 1.517
17 10 -0.008 0.175 1.487
17 11 -0.088 0.297 1.358
17 12 -0.114 0.337 1.319
17 13 -0.198 -0.074 1.306
17 14 -0.201 -0.418 1.288
17 15 -0.205 -0.729 1.256
17 16 -0.139 -0.763 1.212
17 17 -0.113 -0.069 1.319
17 18 -0.106 -0.469 1.478
17 19 -0.131 -0.700 1.476
17 20 -0.066 -0.720 1.429
18 1 -0.162 -0.032 1.320
18 2 -0.211 0.046 1.355
18 3 -0.247 0.492 1.401
18 4 -0.106 0.607 1.434
18 5 -0.259 0.288 1.252
18 6 -0.102 0.325 1.134
18 7 -0.011 0.166 1.159
18 8 0.028 0.185 1.192
18 9 -0.109 0.391 1.517
18 10 -0.007 0.176 1.486
18 11 -0.087 0.297 1.357
18 12 -0.113 0.338 1.318
18 13 -0.197 -0.075 1.306
18 14 -0.201 -0.418 1.287
18 15 -0.205 -0.729 1.256
18 16 -0.139 -0.763 1.212
18 17 -0.113 -0.069 1.319
18 18 -0.106 -0.469 1.478
18 19 -0.131 -0.701 1.476
18 20 -0.066 -0.720 1.430
19 1 -0.162 -0.032 1.320
19 2 -0.211 0.046 1.355
19 3 -0.247 0.492 1.401
19 4 -0.106 0.607 1.433
19 5 -0.259 0.288 1.251
19 6 -0.102 0.324 1.134
19 7 -0.012 0.166 1.158
19 8 0.028 0.185 1.192
19 9 -0.109 0.391 1.517
19 10 -0.006 0.177 1.485
19 11 -0.086 0.298 1.356
19 12 -0.112 0.339 1.317
19 13 -0.197 -0.075 1.306
19 14 -0.201 -0.418 1.287
19 15 -0.205 -0.729 1.256
19 16 -0.139 -0.763 1.211
19 17 -0.113 -0.069 1.319
19 18 -0.106 -0.469 1.478
19 19 -0.131 -0.701 1.476
19 20 -0.065 -0.720 1.430
20 1 -0.161 -0.032 1.320
20 2 -0.211 0.045 1.355
20 3 -0.247 0.492 1.400
20 4 -0.106 0.607 1.433
20 5 -0.259 0.288 1.251
20 6 -0.102 0.324 1.133
20 7 -0.012 0.166 1.158
20 8 0.028 0.185 1.191
20 9 -0.109 0.391 1.516
20 10 -0.005 0.178 1.484
20 11 -0.085 0.299 1.355
20 12 -0.111 0.340 1.316
20 13 -0.197 -0.075 1.305
20 14 -0.201 -0.418 1.287
20 15 -0.205 -0.730 1.256
20 16 -0.139 -0.763 1.211
20 17 -0.113 -0.069 1.319
20 18 -0.105 -0.469 1.478
20 19 -0.131 -0.701 1.476
20 20 -0.065 -0.721 1.430
21 1 -0.161 -0.032 1.319
21 2 -0.211 0.045 1.354
21 3 -0.247 0.492 1.400
21 4 -0.106 0.606 1.432
21 5 -0.259 0.288 1.250
21 6 -0.102 0.324 1.133
21 7 -0.012 0.166 1.157
21 8 0.028 0.185 1.191
21 9 -0.109 0.391 1.516
21 10 -0.004 0.179 1.482
21 11 -0.084 0.300 1.353
21 12 -0.110 0.341 1.314
21 13 -0.197 -0.075 1.305
21 14 -0.201 -0.418 1.287
21 15 -0.205 -0.730 1.256
21 16 -0.139 -0.763 1.211
21 17 -0.113 -0.069 1.319
21 18 -0.105 -0.470 1.478
21 19 -0.131 -0.701 1.477
21 20 -0.065 -0.721 1.430
22 1 -0.161 -0.032 1.319
22 2 -0.211 0.045 1.354
22 3 -0.247 0.492 1.399
22 4 -0.105 0.606 1.432
22 5 -0.258 0.287 1.249
22 6 -0.102 0.324 1.132
22 7 -0.012 0.166 1.157
22 8 0.028 0.184 1.190
22 9 -0.109 0.390 1.515
22 10 -0.004 0.180 1.481
22 11 -0.083 0.301 1.352
22 12 -0.110 0.341 1.313
22 13 -0.196 -0.075 1.305
22 14 -0.201 -0.418 1.286
22 15 -0.205 -0.730 1.256
22 16 -0.139 -0.763 1.211
22 17 -0.112 -0.070 1.319
22 18 -0.105 -0.470 1.478
22 19 -0.131 -0.701 1.477
22 20 -0.065 -0.721 1.430
23 1 -0.161 -0.033 1.319
23 2 -0.211 0.045 1.353
23 3 -0.247 0.492 1.398
23 4 -0.104 0.604 1.430
23 5 -0.258 0.287 1.248
23 6 -0.102 0.324 1.131
23 7 -0.012 0.165 1.156
23 8 0.028 0.184 1.190
23 9 -0.108 0.390 1.515
23 10 -0.003 0.180 1.480
23 11 -0.083 0.301 1.351
23 12 -0.109 0.342 1.312
23 13 -0.196 -0.075 1.304
23 14 -0.201 -0.418 1.286
23 15 -0.205 -0.730 1.256
23 16 -0.139 -0.763 1.211
23 17 -0.112 -0.070 1.318
23 18 -0.105 -0.470 1.478
23 19 -0.131 -0.701 1.477
23 20 -0.065 -0.721 1.431
24 1 -0.161 -0.033 1.318
24 2 -0.211 0.045 1.352
24 3 -0.247 0.492 1.397
24 4 -0.101 0.601 1.429
24 5 -0.257 0.287 1.246
24 6 -0.102 0.324 1.130
24 7 -0.012 0.165 1.155
24 8 0.028 0.184 1.189
24 9 -0.108 0.390 1.513
24 10 -0.003 0.181 1.479
24 11 -0.082 0.302 1.350
24 12 -0.109 0.342 1.311
24 13 -0.197 -0.076 1.303
24 14 -0.200 -0.418 1.285
24 15 -0.204 -0.730 1.256
24 16 -0.139 -0.763 1.211
24 17 -0.112 -0.070 1.318
24 18 -0.105 -0.470 1.478
24 19 -0.130 -0.701 1.477
24 20 -0.065 -0.721 1.431
25 1 -0.161 -0.033 1.317
25 2 -0.211 0.045 1.351
25 3 -0.246 0.492 1.394
25 4 -0.097 0.598 1.429
25 5 -0.257 0.287 1.245
25 6 -0.101 0.324 1.129
25 7 -0.011 0.165 1.154
25 8 0.028 0.184 1.187
25 9 -0.108 0.390 1.512
25 10 -0.003 0.181 1.479
25 11 -0.082 0.302 1.350
25 12 -0.109 0.342 1.311
25 13 -0.197 -0.076 1.301
25 14 -0.200 -0.418 1.285
25 15 -0.204 -0.730 1.256
25 16 -0.139 -0.763 1.211
25 17 -0.112 -0.070 1.317
25 18 -0.105 -0.470 1.478
25 19 -0.130 -0.701 1.477
25 20 -0.065 -0.721 1.431
26 1 -0.162 -0.033 1.315
26 2 -0.211 0.045 1.350
26 3 -0.245 0.493 1.392
26 4 -0.093 0.595 1.429
26 5 -0.257 0.287 1.243
26 6 -0.101 0.323 1.128
26 7 -0.009 0.165 1.151
26 8 0.030 0.184 1.185
26 9 -0.107 0.390 1.510
26 10 -0.003 0.181 1.478
26 11 -0.082 0.302 1.349
26 12 -0.109 0.343 1.310
26 13 -0.198 -0.076 1.299
26 14 -0.200 -0.418 1.284
26 15 -0.204 -0.730 1.256
26 16 -0.139 -0.763 1.211
26 17 -0.113 -0.070 1.316
26 18 -0.105 -0.469 1.478
26 19 -0.130 -0.701 1.477
26 20 -0.065 -0.721 1.431
27 1 -0.162 -0.032 1.314
27 2 -0.212 0.046 1.348
27 3 -0.244 0.493 1.389
27 4 -0.089 0.590 1.430
27 5 -0.257 0.287 1.241
27 6 -0.101 0.323 1.127
27 7 -0.007 0.166 1.149
27 8 0.032 0.185 1.182
27 9 -0.107 0.391 1.508
27 10 -0.003 0.181 1.478
27 11 -0.083 0.302 1.349
27 12 -0.109 0.342 1.310
27 13 -0.199 -0.075 1.298
27 14 -0.200 -0.418 1.284
27 15 -0.203 -0.730 1.256
27 16 -0.138 -0.763 1.211
27 17 -0.113 -0.070 1.315
27 18 -0.105 -0.414 1.482
27 19 -0.130 -0.691 1.469
27 20 -0.065 -0.716 1.425
28 1 -0.163 -0.031 1.312
28 2 -0.212 0.047 1.347
28 3 -0.242 0.494 1.386
28 4 -0.084 0.587 1.433
28 5 -0.257 0.288 1.239
28 6 -0.101 0.324 1.127
28 7 -0.006 0.167 1.147
28 8 0.033 0.185 1.180
28 9 -0.105 0.391 1.505
28 10 -0.029 0.169 1.467
28 11 -0.095 0.296 1.343
28 12 -0.122 0.337 1.304
28 13 -0.201 -0.075 1.296
28 14 -0.200 -0.418 1.283
28 15 -0.202 -0.730 1.256
28 16 -0.137 -0.763 1.211
28 17 -0.114 -0.069 1.314
28 18 -0.109 -0.417 1.482
28 19 -0.131 -0.689 1.465
28 20 -0.067 -0.715 1.420
29 1 -0.165 -0.030 1.310
29 2 -0.212 0.048 1.345
29 3 -0.240 0.495 1.383
29 4 -0.080 0.584 1.436
29 5 -0.257 0.289 1.238
29 6 -0.101 0.324 1.126
29 7 -0.005 0.167 1.145
29 8 0.035 0.186 1.178
29 9 -0.104 0.392 1.503
29 10 -0.035 0.166 1.464
29 11 -0.103 0.292 1.340
29 12 -0.129 0.333 1.301
29 13 -0.203 -0.074 1.294
29 14 -0.200 -0.418 1.283
29 15 -0.200 -0.729 1.256
29 16 -0.136 -0.763 1.211
29 17 -0.114 -0.068 1.312
29 18 -0.143 -0.440 1.415
29 19 -0.154 -0.691 1.441
29 20 -0.092 -0.722 1.393
30 1 -0.166 -0.028 1.309
30 2 -0.213 0.049 1.344
30 3 -0.238 0.497 1.381
30 4 -0.076 0.581 1.441
30 5 -0.258 0.289 1.237
30 6 -0.101 0.324 1.126
30 7 -0.004 0.168 1.143
30 8 0.036 0.187 1.177
30 9 -0.102 0.393 1.500
30 10 -0.039 0.164 1.463
30 11 -0.108 0.289 1.338
30 12 -0.135 0.330 1.299
30 13 -0.205 -0.074 1.293
30 14 -0.200 -0.418 1.283
30 15 -0.198 -0.729 1.256
30 16 -0.135 -0.762 1.210
30 17 -0.115 -0.067 1.310
30 18 -0.134 -0.448 1.444
30 19 -0.157 -0.691 1.436
30 20 -0.095 -0.721 1.390
31 1 -0.167 -0.026 1.307
31 2 -0.213 0.051 1.343
31 3 -0.235 0.498 1.379
31 4 -0.072 0.579 1.447
31 5 -0.259 0.290 1.236
31 6 -0.101 0.324 1.126
31 7 -0.003 0.169 1.142
31 8 0.036 0.187 1.176
31 9 -0.100 0.394 1.498
31 10 -0.041 0.163 1.462
31 11 -0.111 0.288 1.337
31 12 -0.137 0.328 1.298
31 13 -0.208 -0.073 1.292
31 14 -0.200 -0.418 1.282
31 15 -0.196 -0.728 1.256
31 16 -0.133 -0.761 1.210
31 17 -0.115 -0.066 1.309
31 18 -0.131 -0.453 1.456
31 19 -0.159 -0.690 1.434
31 20 -0.097 -0.720 1.390
32 1 -0.169 -0.023 1.307
32 2 -0.214 0.054 1.343
32 3 -0.231 0.499 1.378
32 4 -0.067 0.579 1.456
32 5 -0.259 0.290 1.236
32 6 -0.101 0.324 1.126
32 7 -0.002 0.169 1.142
32 8 0.037 0.188 1.175
32 9 -0.097 0.395 1.497
32 10 -0.042 0.162 1.463
32 11 -0.112 0.287 1.337
32 12 -0.139 0.327 1.298
32 13 -0.211 -0.071 1.292
32 14 -0.200 -0.417 1.282
32 15 -0.193 -0.727 1.257
32 16 -0.131 -0.760 1.210
32 17 -0.116 -0.065 1.308
32 18 -0.129 -0.455 1.461
32 19 -0.160 -0.689 1.433
32 20 -0.096 -0.717 1.392
33 1 -0.173 -0.026 1.305
33 2 -0.204 0.054 1.348
33 3 -0.226 0.502 1.378
33 4 -0.064 0.580 1.467
33 5 -0.260 0.290 1.236
33 6 -0.101 0.324 1.126
33 7 -0.002 0.170 1.141
33 8 0.037 0.188 1.175
33 9 -0.090 0.279 1.275
33 10 -0.041 0.164 1.460
33 11 -0.115 0.309 1.445
33 12 -0.143 0.358 1.458
33 13 -0.216 -0.071 1.292
33 14 -0.199 -0.416 1.282
33 15 -0.187 -0.726 1.258
33 16 -0.138 -0.760 1.204
33 17 -0.120 -0.067 1.305
33 18 -0.126 -0.457 1.472
33 19 -0.157 -0.689 1.440
33 20 -0.110 -0.715 1.392
34 1 -0.177 -0.029 1.304
34 2 -0.198 0.053 1.352
34 3 -0.221 0.504 1.380
34 4 -0.061 0.583 1.479
34 5 -0.260 0.291 1.236
34 6 -0.100 0.324 1.126
34 7 -0.001 0.170 1.141
34 8 0.038 0.189 1.175
34 9 -0.087 0.257 1.231
34 10 -0.039 0.166 1.457
34 11 -0.101 0.312 1.546
34 12 -0.125 0.357 1.583
34 13 -0.220 -0.072 1.293
34 14 -0.198 -0.415 1.283
34 15 -0.179 -0.726 1.261
34 16 -0.142 -0.759 1.200
34 17 -0.124 -0.069 1.303
34 18 -0.123 -0.458 1.482
34 19 -0.154 -0.688 1.448
34 20 -0.119 -0.714 1.392
35 1 -0.180 -0.032 1.304
35 2 -0.194 0.051 1.355
35 3 -0.217 0.508 1.384
35 4 -0.059 0.586 1.487
35 5 -0.259 0.292 1.238
35 6 -0.100 0.325 1.127
35 7 0.001 0.171 1.142
35 8 0.040 0.190 1.175
35 9 -0.089 0.247 1.211
35 10 -0.037 0.170 1.456
35 11 -0.077 0.299 1.618
35 12 -0.092 0.335 1.684
35 13 -0.224 -0.073 1.294
35 14 -0.194 -0.411 1.287
35 15 -0.165 -0.723 1.268
35 16 -0.143 -0.759 1.199
35 17 -0.128 -0.071 1.302
35 18 -0.131 -0.493 1.376
35 19 -0.141 -0.718 1.384
35 20 -0.133 -0.741 1.310
36 1 -0.183 -0.034 1.306
36 2 -0.192 0.050 1.359
36 3 -0.212 0.511 1.389
36 4 -0.059 0.591 1.497
36 5 -0.257 0.294 1.243
36 6 -0.098 0.326 1.130
36 7 0.004 0.173 1.144
36 8 0.043 0.192 1.178
36 9 -0.089 0.250 1.219
36 10 -0.034 0.173 1.455
36 11 -0.063 0.290 1.652
36 12 -0.071 0.321 1.729
36 13 -0.228 -0.074 1.298
36 14 -0.190 -0.409 1.293
36 15 -0.153 -0.722 1.274
36 16 -0.143 -0.759 1.199
36 17 -0.131 -0.073 1.301
36 18 -0.132 -0.504 1.352
36 19 -0.134 -0.732 1.355
36 20 -0.137 -0.755 1.270
37 1 -0.185 -0.036 1.309
37 2 -0.191 0.049 1.365
37 3 -0.209 0.516 1.398
37 4 -0.059 0.597 1.509
37 5 -0.239 0.315 1.256
37 6 -0.088 0.338 1.138
37 7 0.016 0.186 1.152
37 8 0.055 0.205 1.185
37 9 -0.089 0.253 1.230
37 10 -0.031 0.178 1.457
37 11 -0.050 0.280 1.673
37 12 -0.053 0.304 1.755
37 13 -0.230 -0.073 1.306
37 14 -0.186 -0.407 1.299
37 15 -0.214 -0.628 1.375
37 16 -0.201 -0.567 1.328
37 17 -0.134 -0.073 1.303
37 18 -0.146 -0.432 1.315
37 19 -0.128 -0.733 1.340
37 20 -0.135 -0.760 1.253
38 1 -0.187 -0.037 1.317
38 2 -0.189 0.050 1.375
38 3 -0.206 0.521 1.409
38 4 -0.060 0.605 1.523
38 5 -0.235 0.320 1.270
38 6 -0.083 0.343 1.149
38 7 0.022 0.191 1.162
38 8 0.061 0.210 1.195
38 9 -0.087 0.257 1.243
38 10 -0.027 0.183 1.463
38 11 -0.037 0.269 1.687
38 12 -0.035 0.287 1.769
38 13 -0.231 -0.071 1.319
38 14 -0.180 -0.404 1.308
38 15 -0.251 -0.575 1.433
38 16 -0.213 -0.528 1.354
38 17 -0.137 -0.074 1.307
38 18 -0.150 -0.401 1.298
38 19 -0.130 -0.732 1.328
38 20 -0.138 -0.764 1.241
39 1 -0.188 -0.033 1.333
39 2 -0.186 0.053 1.389
39 3 -0.206 0.525 1.419
39 4 -0.063 0.610 1.532
39 5 -0.256 0.322 1.307
39 6 -0.094 0.348 1.180
39 7 0.012 0.197 1.191
39 8 0.051 0.216 1.224
39 9 -0.087 0.271 1.274
39 10 -0.023 0.188 1.472
39 11 -0.026 0.259 1.696
39 12 -0.020 0.271 1.774
39 13 -0.234 -0.068 1.338
39 14 -0.170 -0.389 1.325
39 15 -0.260 -0.556 1.452
39 16 -0.210 -0.500 1.363
39 17 -0.139 -0.073 1.315
39 18 -0.153 -0.382 1.295
39 19 -0.133 -0.729 1.322
39 20 -0.143 -0.765 1.235
40 1 -0.187 -0.028 1.350
40 2 -0.185 0.058 1.405
40 3 -0.207 0.529 1.431
40 4 -0.067 0.616 1.542
40 5 -0.261 0.325 1.323
40 6 -0.097 0.353 1.197
40 7 0.010 0.202 1.208
40 8 0.049 0.221 1.241
40 9 -0.088 0.283 1.301
40 10 -0.019 0.194 1.483
40 11 -0.016 0.249 1.702
40 12 -0.008 0.257 1.777
40 13 -0.233 -0.061 1.360
40 14 -0.163 -0.383 1.336
40 15 -0.283 -0.558 1.481
40 16 -0.280 -0.565 1.406
40 17 -0.139 -0.069 1.329
40 18 -0.163 -0.378 1.316
40 19 -0.129 -0.726 1.320
40 20 -0.140 -0.762 1.235
41 1 -0.187 -0.023 1.367
41 2 -0.185 0.062 1.422
41 3 -0.208 0.532 1.446
41 4 -0.072 0.624 1.554
41 5 -0.262 0.327 1.334
41 6 -0.097 0.357 1.210
41 7 0.009 0.206 1.221
41 8 0.048 0.225 1.254
41 9 -0.090 0.291 1.319
41 10 -0.016 0.200 1.496
41 11 -0.008 0.241 1.708
41 12 0.002 0.246 1.780
41 13 -0.231 -0.057 1.377
41 14 -0.157 -0.380 1.347
41 15 -0.293 -0.565 1.497
41 16 -0.302 -0.600 1.427
41 17 -0.139 -0.064 1.346
41 18 -0.206 -0.361 1.344
41 19 -0.085 -0.672 1.317
41 20 -0.067 -0.674 1.231
42 1 -0.186 -0.020 1.385
42 2 -0.185 0.065 1.438
42 3 -0.210 0.535 1.462
42 4 -0.078 0.633 1.564
42 5 -0.262 0.329 1.344
42 6 -0.097 0.360 1.223
42 7 0.010 0.209 1.233
42 8 0.049 0.228 1.267
42 9 -0.092 0.296 1.335
42 10 -0.015 0.205 1.511
42 11 -0.001 0.234 1.712
42 12 0.009 0.237 1.782
42 13 -0.229 -0.054 1.393
42 14 -0.152 -0.382 1.358
42 15 -0.274 -0.616 1.482
42 16 -0.288 -0.667 1.407
42 17 -0.139 -0.060 1.365
42 18 -0.259 -0.316 1.490
42 19 -0.128 -0.521 1.337
42 20 -0.170 -0.552 1.325
43 1 -0.184 -0.017 1.406
43 2 -0.185 0.068 1.458
43 3 -0.211 0.536 1.478
43 4 -0.084 0.643 1.574
43 5 -0.259 0.332 1.356
43 6 -0.095 0.363 1.236
43 7 0.011 0.212 1.247
43 8 0.050 0.231 1.280
43 9 -0.094 0.301 1.348
43 10 -0.015 0.209 1.527
43 11 0.003 0.229 1.717
43 12 0.014 0.231 1.785
43 13 -0.226 -0.051 1.413
43 14 -0.145 -0.388 1.372
43 15 -0.262 -0.644 1.468
43 16 -0.277 -0.699 1.391
43 17 -0.139 -0.056 1.388
43 18 -0.292 -0.283 1.559
43 19 -0.130 -0.468 1.350
43 20 -0.178 -0.503 1.341
44 1 -0.185 -0.015 1.426
44 2 -0.186 0.070 1.477
44 3 -0.212 0.537 1.493
44 4 -0.091 0.654 1.583
44 5 -0.256 0.335 1.372
44 6 -0.094 0.367 1.252
44 7 0.012 0.216 1.263
44 8 0.052 0.235 1.296
44 9 -0.096 0.304 1.363
44 10 0.021 0.211 1.471
44 11 -0.033 0.308 1.382
44 12 -0.056 0.346 1.342
44 13 -0.226 -0.048 1.432
44 14 -0.138 -0.391 1.385
44 15 -0.228 -0.666 1.463
44 16 -0.239 -0.720 1.384
44 17 -0.140 -0.054 1.409
44 18 -0.150 -0.360 1.426
44 19 -0.144 -0.612 1.359
44 20 -0.166 -0.665 1.303
45 1 -0.184 -0.015 1.441
45 2 -0.187 0.071 1.493
45 3 -0.212 0.537 1.508
45 4 -0.097 0.664 1.590
45 5 -0.253 0.337 1.386
45 6 -0.092 0.369 1.266
45 7 0.014 0.218 1.277
45 8 0.053 0.237 1.311
45 9 -0.098 0.307 1.378
45 10 0.031 0.212 1.460
45 11 -0.040 0.324 1.304
45 12 -0.067 0.363 1.261
45 13 -0.225 -0.047 1.448
45 14 -0.121 -0.407 1.406
45 15 -0.194 -0.682 1.459
45 16 -0.200 -0.731 1.379
45 17 -0.141 -0.053 1.425
45 18 -0.139 -0.363 1.436
45 19 -0.103 -0.638 1.393
45 20 -0.117 -0.690 1.333
46 1 -0.184 -0.017 1.456
46 2 -0.188 0.069 1.507
46 3 -0.212 0.536 1.521
46 4 -0.105 0.672 1.598
46 5 -0.250 0.338 1.399
46 6 -0.095 0.369 1.271
46 7 -0.040 0.212 1.324
46 8 -0.001 0.231 1.357
46 9 -0.099 0.309 1.394
46 10 0.037 0.212 1.454
46 11 -0.047 0.338 1.250
46 12 -0.078 0.381 1.212
46 13 -0.223 -0.048 1.461
46 14 -0.219 -0.394 1.539
46 15 -0.170 -0.691 1.508
46 16 -0.172 -0.733 1.430
46 17 -0.143 -0.055 1.441
46 18 -0.103 -0.378 1.429
46 19 -0.053 -0.689 1.415
46 20 -0.050 -0.741 1.339
47 1 -0.184 -0.020 1.470
47 2 -0.188 0.066 1.521
47 3 -0.211 0.534 1.534
47 4 -0.111 0.679 1.606
47 5 -0.247 0.339 1.415
47 6 -0.100 0.367 1.274
47 7 -0.059 0.210 1.343
47 8 -0.020 0.229 1.376
47 9 -0.100 0.310 1.407
47 10 0.043 0.210 1.458
47 11 -0.048 0.337 1.277
47 12 -0.079 0.379 1.238
47 13 -0.222 -0.052 1.476
47 14 -0.242 -0.394 1.585
47 15 -0.158 -0.697 1.532
47 16 -0.159 -0.735 1.454
47 17 -0.143 -0.058 1.455
47 18 -0.059 -0.393 1.434
47 19 -0.038 -0.709 1.422
47 20 -0.032 -0.761 1.340
48 1 -0.182 -0.024 1.483
48 2 -0.187 0.063 1.534
48 3 -0.211 0.532 1.545
48 4 -0.117 0.684 1.613
48 5 -0.246 0.339 1.429
48 6 -0.105 0.366 1.277
48 7 -0.069 0.208 1.356
48 8 -0.030 0.227 1.389
48 9 -0.099 0.311 1.423
48 10 0.046 0.206 1.467
48 11 -0.047 0.334 1.296
48 12 -0.078 0.375 1.258
48 13 -0.220 -0.056 1.488
48 14 -0.259 -0.394 1.608
48 15 -0.152 -0.701 1.547
48 16 -0.153 -0.737 1.469
48 17 -0.142 -0.062 1.469
48 18 -0.039 -0.399 1.439
48 19 -0.010 -0.721 1.443
48 20 -0.002 -0.771 1.358
49 1 -0.178 0.000 1.503
49 2 -0.184 0.074 1.550
49 3 -0.210 0.529 1.556
49 4 -0.135 0.692 1.622
49 5 -0.244 0.346 1.446
49 6 -0.106 0.390 1.303
49 7 -0.060 0.228 1.367
49 8 -0.020 0.246 1.400
49 9 -0.097 0.316 1.440
49 10 0.039 0.197 1.495
49 11 -0.053 0.327 1.328
49 12 -0.085 0.373 1.276
49 13 -0.216 -0.030 1.505
49 14 -0.255 -0.385 1.606
49 15 -0.168 -0.685 1.565
49 16 -0.169 -0.717 1.487
49 17 -0.136 -0.039 1.491
49 18 -0.042 -0.361 1.476
49 19 0.010 -0.699 1.462
49 20 0.019 -0.748 1.376
50 1 -0.176 0.010 1.512
50 2 -0.182 0.081 1.559
50 3 -0.208 0.527 1.567
50 4 -0.150 0.698 1.628
50 5 -0.242 0.353 1.459
50 6 -0.107 0.402 1.316
50 7 -0.053 0.239 1.374
50 8 -0.014 0.257 1.408
50 9 -0.096 0.321 1.453
50 10 0.034 0.193 1.513
50 11 -0.056 0.321 1.361
50 12 -0.085 0.363 1.320
50 13 -0.215 -0.019 1.513
50 14 -0.253 -0.378 1.608
50 15 -0.181 -0.673 1.575
50 16 -0.181 -0.704 1.497
50 17 -0.133 -0.030 1.500
50 18 -0.030 -0.345 1.499
50 19 0.019 -0.684 1.483
50 20 0.025 -0.726 1.400
51 1 -0.174 0.016 1.518
51 2 -0.180 0.086 1.566
51 3 -0.206 0.524 1.577
51 4 -0.160 0.702 1.633
51 5 -0.241 0.359 1.473
51 6 -0.110 0.412 1.327
51 7 -0.051 0.248 1.382
51 8 -0.012 0.267 1.415
51 9 -0.093 0.326 1.464
51 10 0.029 0.191 1.527
51 11 -0.057 0.318 1.384
51 12 -0.086 0.359 1.347
51 13 -0.213 -0.013 1.518
51 14 -0.247 -0.371 1.607
51 15 -0.189 -0.666 1.580
51 16 -0.191 -0.695 1.502
51 17 -0.131 -0.024 1.506
51 18 -0.025 -0.338 1.518
51 19 0.025 -0.668 1.520
51 20 0.028 -0.701 1.443
52 1 -0.173 0.020 1.522
52 2 -0.178 0.090 1.571
52 3 -0.202 0.522 1.589
52 4 -0.169 0.704 1.641
52 5 -0.240 0.363 1.484
52 6 -0.111 0.419 1.336
52 7 -0.049 0.255 1.388
52 8 -0.010 0.273 1.421
52 9 -0.090 0.331 1.475
52 10 0.026 0.190 1.540
52 11 -0.058 0.315 1.403
52 12 -0.086 0.356 1.367
52 13 -0.212 -0.009 1.522
52 14 -0.237 -0.367 1.602
52 15 -0.196 -0.660 1.583
52 16 -0.197 -0.690 1.505
52 17 -0.129 -0.020 1.510
52 18 -0.023 -0.332 1.535
52 19 0.026 -0.656 1.549
52 20 0.027 -0.686 1.472
53 1 -0.171 0.023 1.526
53 2 -0.174 0.094 1.577
53 3 -0.198 0.521 1.600
53 4 -0.176 0.706 1.647
53 5 -0.239 0.367 1.495
53 6 -0.112 0.424 1.345
53 7 -0.042 0.261 1.393
53 8 -0.003 0.280 1.426
53 9 -0.087 0.334 1.485
53 10 0.026 0.190 1.556
53 11 -0.057 0.314 1.421
53 12 -0.083 0.354 1.386
53 13 -0.210 -0.006 1.526
53 14 -0.231 -0.364 1.599
53 15 -0.198 -0.657 1.584
53 16 -0.199 -0.686 1.507
53 17 -0.127 -0.018 1.513
53 18 -0.021 -0.330 1.554
53 19 0.021 -0.599 1.587
53 20 -0.014 -0.626 1.536
54 1 -0.167 0.025 1.530
54 2 -0.170 0.096 1.583
54 3 -0.191 0.520 1.614
54 4 -0.178 0.706 1.661
54 5 -0.237 0.369 1.506
54 6 -0.110 0.428 1.357
54 7 -0.030 0.268 1.398
54 8 0.009 0.287 1.431
54 9 -0.081 0.338 1.498
54 10 0.028 0.191 1.573
54 11 -0.054 0.313 1.438
54 12 -0.080 0.352 1.402
54 13 -0.207 -0.005 1.530
54 14 -0.225 -0.361 1.598
54 15 -0.198 -0.655 1.585
54 16 -0.200 -0.684 1.507
54 17 -0.123 -0.016 1.517
54 18 -0.023 -0.334 1.579
54 19 0.019 -0.575 1.614
54 20 -0.036 -0.606 1.588
55 1 -0.162 0.027 1.537
55 2 -0.163 0.099 1.592
55 3 -0.183 0.520 1.629
55 4 -0.177 0.706 1.672
55 5 -0.234 0.371 1.519
55 6 -0.108 0.430 1.367
55 7 -0.021 0.272 1.403
55 8 0.018 0.291 1.437
55 9 -0.076 0.341 1.510
55 10 0.033 0.191 1.589
55 11 -0.049 0.312 1.453
55 12 -0.076 0.351 1.417
55 13 -0.203 -0.004 1.535
55 14 -0.221 -0.360 1.598
55 15 -0.203 -0.652 1.583
55 16 -0.205 -0.681 1.505
55 17 -0.116 -0.014 1.524
55 18 -0.024 -0.339 1.597
55 19 0.023 -0.575 1.641
55 20 -0.039 -0.610 1.616
56 1 -0.156 0.028 1.545
56 2 -0.157 0.101 1.601
56 3 -0.176 0.520 1.642
56 4 -0.171 0.706 1.686
56 5 -0.231 0.372 1.533
56 6 -0.106 0.430 1.379
56 7 -0.012 0.275 1.409
56 8 0.027 0.293 1.442
56 9 -0.071 0.344 1.521
56 10 0.037 0.191 1.600
56 11 -0.045 0.311 1.465
56 12 -0.072 0.350 1.428
56 13 -0.198 -0.003 1.543
56 14 -0.217 -0.357 1.600
56 15 -0.204 -0.651 1.584
56 16 -0.207 -0.680 1.506
56 17 -0.110 -0.013 1.532
56 18 -0.024 -0.347 1.614
56 19 0.032 -0.592 1.667
56 20 -0.026 -0.644 1.657
57 1 -0.148 0.029 1.556
57 2 -0.149 0.102 1.613
57 3 -0.169 0.521 1.653
57 4 -0.157 0.704 1.707
57 5 -0.225 0.373 1.547
57 6 -0.098 0.426 1.394
57 7 -0.000 0.272 1.421
57 8 0.039 0.291 1.454
57 9 -0.065 0.345 1.533
57 10 0.045 0.190 1.614
57 11 -0.039 0.310 1.478
57 12 -0.066 0.349 1.440
57 13 -0.190 -0.003 1.554
57 14 -0.213 -0.355 1.604
57 15 -0.201 -0.623 1.585
57 16 -0.241 -0.642 1.537
57 17 -0.103 -0.012 1.542
57 18 -0.023 -0.353 1.626
57 19 0.041 -0.616 1.690
57 20 -0.016 -0.667 1.679
58 1 -0.140 0.030 1.568
58 2 -0.141 0.103 1.625
58 3 -0.159 0.521 1.666
58 4 -0.149 0.703 1.718
58 5 -0.220 0.372 1.561
58 6 -0.086 0.421 1.415
58 7 0.023 0.273 1.431
58 8 0.062 0.292 1.464
58 9 -0.054 0.345 1.547
58 10 0.056 0.188 1.632
58 11 -0.030 0.308 1.494
58 12 -0.056 0.348 1.455
58 13 -0.183 -0.003 1.566
58 14 -0.207 -0.354 1.611
58 15 -0.201 -0.611 1.586
58 16 -0.264 -0.620 1.556
58 17 -0.095 -0.012 1.554
58 18 -0.021 -0.361 1.637
58 19 0.054 -0.646 1.717
58 20 -0.009 -0.678 1.693
59 1 -0.132 0.030 1.582
59 2 -0.133 0.104 1.638
59 3 -0.149 0.520 1.680
59 4 -0.124 0.700 1.739
59 5 -0.213 0.372 1.574
59 6 -0.075 0.413 1.433
59 7 0.041 0.270 1.440
59 8 0.080 0.288 1.474
59 9 -0.041 0.344 1.561
59 10 0.069 0.183 1.650
59 11 -0.019 0.305 1.510
59 12 -0.045 0.344 1.472
59 13 -0.176 -0.003 1.579
59 14 -0.202 -0.352 1.620
59 15 -0.202 -0.605 1.587
59 16 -0.272 -0.613 1.563
59 17 -0.086 -0.012 1.567
59 18 -0.018 -0.368 1.647
59 19 0.062 -0.661 1.734
59 20 -0.003 -0.689 1.705
60 1 -0.123 0.030 1.597
60 2 -0.123 0.103 1.653
60 3 -0.139 0.519 1.691
60 4 -0.107 0.696 1.752
60 5 -0.205 0.370 1.588
60 6 -0.066 0.408 1.447
60 7 0.056 0.268 1.449
60 8 0.095 0.286 1.482
60 9 -0.030 0.341 1.574
60 10 0.081 0.177 1.666
60 11 -0.008 0.300 1.527
60 12 -0.034 0.340 1.487
60 13 -0.167 -0.004 1.596
60 14 -0.197 -0.353 1.632
60 15 -0.202 -0.601 1.588
60 16 -0.277 -0.610 1.568
60 17 -0.077 -0.013 1.581
60 18 -0.012 -0.379 1.661
60 19 0.067 -0.673 1.750
60 20 0.008 -0.708 1.722
61 1 -0.115 0.029 1.611
61 2 -0.114 0.102 1.666
61 3 -0.127 0.515 1.702
61 4 -0.099 0.694 1.758
61 5 -0.195 0.366 1.601
61 6 -0.057 0.399 1.460
61 7 0.066 0.260 1.461
61 8 0.106 0.278 1.494
61 9 -0.019 0.339 1.585
61 10 0.091 0.173 1.679
61 11 0.086 0.309 1.706
61 12 0.096 0.357 1.743
61 13 -0.159 -0.006 1.611
61 14 -0.191 -0.356 1.645
61 15 -0.202 -0.599 1.590
61 16 -0.276 -0.613 1.569
61 17 -0.068 -0.015 1.594
61 18 -0.006 -0.386 1.674
61 19 0.070 -0.682 1.764
61 20 0.016 -0.722 1.738
62 1 -0.104 0.026 1.626
62 2 -0.102 0.099 1.681
62 3 -0.114 0.511 1.712
62 4 -0.066 0.682 1.780
62 5 -0.179 0.362 1.618
62 6 -0.048 0.394 1.468
62 7 0.074 0.253 1.474
62 8 0.113 0.271 1.507
62 9 -0.008 0.336 1.596
62 10 0.103 0.168 1.693
62 11 0.132 0.319 1.798
62 12 0.140 0.370 1.834
62 13 -0.148 -0.008 1.627
62 14 -0.184 -0.359 1.660
62 15 -0.203 -0.599 1.593
62 16 -0.271 -0.621 1.569
62 17 -0.058 -0.018 1.610
62 18 0.000 -0.391 1.690
62 19 0.073 -0.687 1.774
62 20 0.025 -0.736 1.755
63 1 -0.091 0.022 1.643
63 2 -0.087 0.095 1.697
63 3 -0.098 0.505 1.725
63 4 -0.058 0.680 1.786
63 5 -0.166 0.358 1.631
63 6 -0.041 0.389 1.477
63 7 0.078 0.244 1.491
63 8 0.117 0.263 1.524
63 9 -0.000 0.335 1.604
63 10 0.117 0.165 1.709
63 11 0.160 0.318 1.854
63 12 0.175 0.370 1.910
63 13 -0.134 -0.012 1.646
63 14 -0.175 -0.360 1.677
63 15 -0.203 -0.601 1.599
63 16 -0.264 -0.628 1.569
63 17 -0.046 -0.021 1.627
63 18 0.011 -0.395 1.710
63 19 0.074 -0.691 1.783
63 20 0.030 -0.744 1.765
64 1 -0.077 0.019 1.661
64 2 -0.073 0.091 1.713
64 3 -0.082 0.501 1.737
64 4 -0.050 0.678 1.792
64 5 -0.152 0.355 1.645
64 6 -0.025 0.388 1.493
64 7 0.089 0.241 1.509
64 8 0.128 0.260 1.542
64 9 0.015 0.333 1.620
64 10 0.132 0.163 1.724
64 11 0.175 0.319 1.883
64 12 0.186 0.370 1.934
64 13 -0.122 -0.015 1.660
64 14 -0.164 -0.363 1.696
64 15 -0.201 -0.604 1.606
64 16 -0.238 -0.638 1.557
64 17 -0.031 -0.024 1.648
64 18 0.022 -0.398 1.729
64 19 0.075 -0.694 1.790
64 20 0.038 -0.753 1.779
65 1 -0.060 0.017 1.680
65 2 -0.056 0.090 1.732
65 3 -0.067 0.498 1.747
65 4 -0.043 0.676 1.797
65 5 -0.139 0.353 1.659
65 6 -0.009 0.400 1.516
65 7 0.099 0.250 1.530
65 8 0.138 0.268 1.563
65 9 0.029 0.331 1.633
65 10 0.151 0.159 1.748
65 11 0.188 0.318 1.904
65 12 0.206 0.369 1.963
65 13 -0.106 -0.017 1.679
65 14 -0.152 -0.367 1.713
65 15 -0.198 -0.609 1.614
65 16 -0.209 -0.649 1.549
65 17 -0.012 -0.026 1.671
65 18 0.030 -0.397 1.742
65 19 0.076 -0.696 1.794
65 20 0.053 -0.746 1.760
66 1 -0.044 0.018 1.699
66 2 -0.040 0.091 1.748
66 3 -0.053 0.496 1.757
66 4 -0.031 0.675 1.804
66 5 -0.125 0.353 1.675
66 6 0.012 0.397 1.539
66 7 0.124 0.250 1.548
66 8 0.163 0.269 1.581
66 9 0.059 0.330 1.656
66 10 0.170 0.159 1.771
66 11 0.194 0.319 1.914
66 12 0.201 0.373 1.958
66 13 -0.092 -0.017 1.696
66 14 -0.138 -0.373 1.731
66 15 -0.188 -0.616 1.629
66 16 -0.195 -0.660 1.559
66 17 0.004 -0.026 1.690
66 18 0.039 -0.395 1.755
66 19 0.077 -0.697 1.798
66 20 0.063 -0.741 1.749
67 1 -0.029 0.021 1.717
67 2 -0.024 0.094 1.766
67 3 -0.034 0.496 1.771
67 4 -0.010 0.676 1.815
67 5 -0.110 0.356 1.693
67 6 0.028 0.398 1.557
67 7 0.147 0.255 1.561
67 8 0.186 0.274 1.595
67 9 0.073 0.330 1.668
67 10 0.186 0.161 1.790
67 11 0.199 0.320 1.922
67 12 0.207 0.373 1.967
67 13 -0.077 -0.014 1.716
67 14 -0.120 -0.380 1.750
67 15 -0.179 -0.622 1.641
67 16 -0.185 -0.670 1.577
67 17 0.019 -0.024 1.708
67 18 0.048 -0.393 1.767
67 19 0.078 -0.698 1.802
67 20 0.071 -0.735 1.739
68 1 -0.013 0.025 1.737
68 2 -0.008 0.098 1.784
68 3 -0.015 0.498 1.784
68 4 0.001 0.678 1.822
68 5 -0.094 0.360 1.712
68 6 0.043 0.409 1.577
68 7 0.165 0.270 1.578
68 8 0.204 0.288 1.611
68 9 0.098 0.329 1.691
68 10 0.201 0.166 1.805
68 11 0.204 0.321 1.927
68 12 0.208 0.375 1.967
68 13 -0.062 -0.011 1.735
68 14 -0.102 -0.390 1.769
68 15 -0.163 -0.630 1.659
68 16 -0.181 -0.673 1.598
68 17 0.036 -0.021 1.727
68 18 0.061 -0.395 1.786
68 19 0.081 -0.698 1.807
68 20 0.078 -0.732 1.734
69 1 0.002 0.031 1.755
69 2 0.007 0.104 1.801
69 3 -0.000 0.500 1.795
69 4 0.022 0.680 1.834
69 5 -0.079 0.365 1.729
69 6 0.053 0.418 1.591
69 7 0.176 0.280 1.590
69 8 0.215 0.299 1.623
69 9 0.118 0.328 1.707
69 10 0.216 0.171 1.818
69 11 0.189 0.318 1.928
69 12 0.167 0.365 1.961
69 13 -0.049 -0.007 1.754
69 14 -0.084 -0.400 1.788
69 15 -0.148 -0.637 1.676
69 16 -0.176 -0.676 1.621
69 17 0.052 -0.018 1.744
69 18 0.073 -0.398 1.800
69 19 0.083 -0.699 1.811
69 20 0.082 -0.731 1.733
70 1 0.018 0.035 1.772
70 2 0.023 0.108 1.818
70 3 0.014 0.501 1.805
70 4 0.038 0.682 1.844
70 5 -0.065 0.368 1.744
70 6 0.083 0.430 1.613
70 7 0.211 0.297 1.609
70 8 0.250 0.315 1.642
70 9 0.130 0.328 1.717
70 10 0.240 0.178 1.833
70 11 0.155 0.304 1.920
70 12 0.103 0.340 1.943
70 13 -0.031 -0.004 1.777
70 14 -0.066 -0.408 1.811
70 15 -0.126 -0.647 1.703
70 16 -0.158 -0.681 1.645
70 17 0.068 -0.015 1.760
70 18 0.081 -0.400 1.810
70 19 0.086 -0.699 1.815
70 20 0.085 -0.730 1.732
71 1 0.030 0.038 1.785
71 2 0.034 0.111 1.830
71 3 0.026 0.502 1.814
71 4 0.054 0.683 1.855
71 5 -0.052 0.371 1.760
71 6 0.099 0.437 1.625
71 7 0.229 0.305 1.619
71 8 0.268 0.323 1.652
71 9 0.160 0.331 1.742
71 10 0.254 0.181 1.841
71 11 0.145 0.298 1.920
71 12 0.087 0.331 1.941
71 13 -0.022 -0.002 1.789
71 14 -0.045 -0.420 1.839
71 15 -0.107 -0.656 1.731
71 16 -0.146 -0.680 1.671
71 17 0.084 -0.014 1.774
71 18 0.094 -0.407 1.826
71 19 0.090 -0.699 1.819
71 20 0.090 -0.730 1.734
72 1 0.043 0.039 1.800
72 2 0.048 0.112 1.845
72 3 0.044 0.502 1.830
72 4 0.073 0.683 1.869
72 5 -0.037 0.372 1.776
72 6 0.109 0.441 1.635
72 7 0.240 0.310 1.627
72 8 0.279 0.329 1.660
72 9 0.171 0.331 1.751
72 10 0.264 0.181 1.845
72 11 0.139 0.293 1.920
72 12 0.078 0.324 1.941
72 13 -0.009 -0.001 1.806
72 14 -0.023 -0.430 1.868
72 15 -0.093 -0.665 1.757
72 16 -0.134 -0.689 1.704
72 17 0.096 -0.014 1.786
72 18 0.104 -0.412 1.837
72 19 0.098 -0.703 1.827
72 20 0.093 -0.731 1.738
73 1 0.056 0.037 1.813
73 2 0.064 0.111 1.859
73 3 0.057 0.502 1.842
73 4 0.086 0.682 1.877
73 5 -0.024 0.372 1.789
73 6 0.120 0.444 1.645
73 7 0.251 0.313 1.636
73 8 0.290 0.331 1.669
73 9 0.178 0.331 1.757
73 10 0.276 0.178 1.847
73 11 0.230 0.302 1.930
73 12 0.222 0.345 1.961
73 13 0.006 -0.003 1.822
73 14 0.001 -0.437 1.894
73 15 -0.084 -0.675 1.778
73 16 -0.115 -0.703 1.717
73 17 0.108 -0.015 1.797
73 18 0.113 -0.418 1.848
73 19 0.105 -0.704 1.832
73 20 0.097 -0.734 1.746
74 1 0.069 0.035 1.825
74 2 0.078 0.108 1.871
74 3 0.070 0.501 1.854
74 4 0.100 0.680 1.889
74 5 -0.011 0.370 1.800
74 6 0.135 0.422 1.660
74 7 0.262 0.283 1.659
74 8 0.301 0.301 1.692
74 9 0.183 0.330 1.761
74 10 0.287 0.172 1.845
74 11 0.276 0.306 1.930
74 12 0.284 0.355 1.964
74 13 0.020 -0.005 1.835
74 14 0.027 -0.435 1.918
74 15 -0.076 -0.692 1.802
74 16 -0.062 -0.737 1.760
74 17 0.119 -0.016 1.807
74 18 0.122 -0.424 1.858
74 19 0.111 -0.705 1.837
74 20 0.055 -0.716 1.790
75 1 0.080 0.032 1.835
75 2 0.091 0.106 1.882
75 3 0.083 0.499 1.869
75 4 0.111 0.679 1.900
75 5 0.000 0.368 1.810
75 6 0.144 0.409 1.669
75 7 0.268 0.266 1.671
75 8 0.307 0.285 1.705
75 9 0.187 0.329 1.765
75 10 0.296 0.162 1.839
75 11 0.300 0.307 1.928
75 12 0.317 0.359 1.962
75 13 0.033 -0.007 1.850
75 14 0.072 -0.435 1.932
75 15 -0.030 -0.713 1.844
75 16 -0.050 -0.736 1.804
75 17 0.128 -0.018 1.814
75 18 0.128 -0.427 1.866
75 19 0.119 -0.707 1.843
75 20 0.041 -0.710 1.810
76 1 0.094 0.030 1.847
76 2 0.106 0.104 1.893
76 3 0.094 0.498 1.883
76 4 0.124 0.677 1.917
76 5 0.011 0.365 1.819
76 6 0.151 0.399 1.675
76 7 0.279 0.211 1.739
76 8 0.318 0.230 1.772
76 9 0.190 0.328 1.767
76 10 0.302 0.152 1.831
76 11 0.315 0.306 1.924
76 12 0.336 0.360 1.960
76 13 0.056 -0.011 1.873
76 14 0.112 -0.432 1.931
76 15 0.003 -0.727 1.870
76 16 -0.047 -0.739 1.838
76 17 0.136 -0.019 1.819
76 18 0.133 -0.428 1.871
76 19 0.124 -0.708 1.847
76 20 0.034 -0.707 1.820
77 1 0.104 0.028 1.857
77 2 0.117 0.102 1.903
77 3 0.103 0.496 1.896
77 4 0.133 0.675 1.932
77 5 0.023 0.362 1.827
77 6 0.158 0.392 1.680
77 7 0.278 0.169 1.775
77 8 0.319 0.199 1.800
77 9 0.192 0.326 1.770
77 10 0.305 0.143 1.824
77 11 0.325 0.304 1.920
77 12 0.347 0.359 1.956
77 13 0.068 -0.013 1.887
77 14 0.146 -0.430 1.919
77 15 0.028 -0.735 1.888
77 16 -0.046 -0.744 1.864
77 17 0.143 -0.020 1.824
77 18 0.132 -0.432 1.914
77 19 0.126 -0.710 1.851
77 20 0.019 -0.716 1.858
78 1 0.113 0.026 1.865
78 2 0.127 0.099 1.911
78 3 0.111 0.495 1.908
78 4 0.141 0.674 1.945
78 5 0.035 0.360 1.834
78 6 0.164 0.386 1.684
78 7 0.282 0.153 1.789
78 8 0.322 0.184 1.814
78 9 0.194 0.323 1.772
78 10 0.307 0.135 1.817
78 11 0.331 0.300 1.914
78 12 0.351 0.354 1.948
78 13 0.079 -0.016 1.898
78 14 0.168 -0.429 1.909
78 15 0.053 -0.739 1.899
78 16 -0.039 -0.753 1.904
78 17 0.149 -0.022 1.827
78 18 0.125 -0.435 1.959
78 19 0.130 -0.711 1.854
78 20 0.016 -0.717 1.868
79 1 0.121 0.024 1.873
79 2 0.135 0.098 1.919
79 3 0.118 0.494 1.921
79 4 0.151 0.673 1.961
79 5 0.048 0.358 1.839
79 6 0.171 0.380 1.686
79 7 0.287 0.145 1.795
79 8 0.325 0.174 1.823
79 9 0.215 0.304 1.781
79 10 0.307 0.127 1.812
79 11 0.333 0.295 1.908
79 12 0.349 0.347 1.940
79 13 0.086 -0.018 1.907
79 14 0.183 -0.426 1.900
79 15 0.080 -0.738 1.907
79 16 -0.031 -0.756 1.919
79 17 0.157 -0.024 1.832
79 18 0.108 -0.411 2.025
79 19 0.140 -0.696 1.870
79 20 0.019 -0.716 1.878
80 1 0.131 0.023 1.881
80 2 0.143 0.097 1.928
80 3 0.126 0.494 1.935
80 4 0.162 0.672 1.975
80 5 0.060 0.357 1.844
80 6 0.182 0.372 1.689
80 7 0.292 0.134 1.797
80 8 0.329 0.165 1.827
80 9 0.223 0.298 1.785
80 10 0.307 0.110 1.808
80 11 0.353 0.057 2.014
80 12 0.370 0.031 2.091
80 13 0.095 -0.020 1.916
80 14 0.192 -0.424 1.894
80 15 0.119 -0.737 1.902
80 16 -0.009 -0.758 1.925
80 17 0.167 -0.026 1.837
80 18 0.141 -0.355 1.911
80 19 0.150 -0.676 1.874
80 20 0.073 -0.735 1.871
81 1 0.146 0.021 1.891
81 2 0.154 0.094 1.938
81 3 0.134 0.492 1.948
81 4 0.172 0.670 1.990
81 5 0.086 0.352 1.845
81 6 0.196 0.364 1.688
81 7 0.293 0.126 1.788
81 8 0.330 0.155 1.826
81 9 0.231 0.293 1.791
81 10 0.307 0.093 1.807
81 11 0.376 -0.007 2.026
81 12 0.407 -0.043 2.052
81 13 0.115 -0.025 1.930
81 14 0.197 -0.422 1.890
81 15 0.138 -0.736 1.894
81 16 0.010 -0.756 1.921
81 17 0.182 -0.030 1.842
81 18 0.235 -0.397 2.005
81 19 0.159 -0.692 1.876
81 20 0.087 -0.743 1.869
82 1 0.172 0.036 1.908
82 2 0.170 0.102 1.954
82 3 0.145 0.490 1.965
82 4 0.184 0.668 2.005
82 5 0.101 0.348 1.846
82 6 0.230 0.176 1.756
82 7 0.342 0.043 1.787
82 8 0.378 0.068 1.825
82 9 0.242 0.287 1.800
82 10 0.316 0.060 1.819
82 11 0.402 -0.055 2.009
82 12 0.426 -0.104 2.046
82 13 0.146 -0.019 1.886
82 14 0.200 -0.422 1.887
82 15 0.148 -0.735 1.888
82 16 0.023 -0.754 1.916
82 17 0.209 -0.019 1.913
82 18 0.289 -0.401 2.054
82 19 0.149 -0.624 1.848
82 20 0.111 -0.721 1.859
83 1 0.183 0.042 1.916
83 2 0.177 0.105 1.963
83 3 0.158 0.487 1.982
83 4 0.202 0.663 2.024
83 5 0.113 0.345 1.846
83 6 0.243 0.118 1.774
83 7 0.371 -0.006 1.849
83 8 0.410 0.013 1.885
83 9 0.254 0.282 1.814
83 10 0.320 0.049 1.824
83 11 0.409 -0.076 1.993
83 12 0.432 -0.124 2.013
83 13 0.164 -0.015 1.860
83 14 0.203 -0.427 1.889
83 15 0.151 -0.734 1.882
83 16 0.032 -0.752 1.910
83 17 0.225 -0.013 1.959
83 18 0.326 -0.415 2.085
83 19 0.277 -0.798 2.081
83 20 0.249 -0.813 1.978
84 1 0.189 0.044 1.920
84 2 0.181 0.106 1.968
84 3 0.170 0.483 1.998
84 4 0.215 0.659 2.038
84 5 0.122 0.342 1.847
84 6 0.242 0.085 1.785
84 7 0.380 -0.029 1.875
84 8 0.419 -0.009 1.902
84 9 0.267 0.278 1.829
84 10 0.327 0.039 1.833
84 11 0.419 -0.106 1.982
84 12 0.439 -0.150 2.003
84 13 0.170 -0.016 1.851
84 14 0.205 -0.437 1.894
84 15 0.150 -0.732 1.877
84 16 0.037 -0.750 1.904
84 17 0.230 -0.014 1.977
84 18 0.335 -0.426 2.092
84 19 0.303 -0.810 2.114
84 20 0.325 -0.859 2.037
85 1 0.194 0.044 1.924
85 2 0.185 0.104 1.974
85 3 0.185 0.477 2.015
85 4 0.232 0.653 2.054
85 5 0.129 0.340 1.850
85 6 0.235 0.075 1.791
85 7 0.374 -0.031 1.880
85 8 0.414 -0.063 1.916
85 9 0.282 0.273 1.847
85 10 0.339 0.031 1.848
85 11 0.427 -0.136 1.976
85 12 0.449 -0.182 1.989
85 13 0.173 -0.018 1.846
85 14 0.206 -0.447 1.899
85 15 0.151 -0.732 1.875
85 16 0.041 -0.749 1.901
85 17 0.234 -0.018 1.987
85 18 0.343 -0.437 2.095
85 19 0.341 -0.853 2.163
85 20 0.351 -0.912 2.131
86 1 0.200 0.037 1.932
86 2 0.191 0.098 1.985
86 3 0.202 0.472 2.033
86 4 0.251 0.647 2.070
86 5 0.136 0.337 1.856
86 6 0.220 0.065 1.800
86 7 0.371 -0.040 1.882
86 8 0.409 -0.089 1.919
86 9 0.298 0.268 1.866
86 10 0.355 0.026 1.866
86 11 0.433 -0.157 1.958
86 12 0.455 -0.207 1.978
86 13 0.174 -0.025 1.852
86 14 0.205 -0.458 1.904
86 15 0.151 -0.732 1.874
86 16 0.163 -0.760 1.886
86 17 0.238 -0.026 1.993
86 18 0.351 -0.449 2.100
86 19 0.363 -0.866 2.183
86 20 0.367 -0.937 2.178
87 1 0.223 -0.002 1.951
87 2 0.215 0.066 2.007
87 3 0.216 0.467 2.047
87 4 0.268 0.641 2.082
87 5 0.143 0.333 1.868
87 6 0.207 0.060 1.808
87 7 0.363 -0.046 1.879
87 8 0.401 -0.105 1.910
87 9 0.313 0.264 1.882
87 10 0.370 0.023 1.884
87 11 0.435 -0.172 1.933
87 12 0.453 -0.232 1.941
87 13 0.185 -0.053 1.888
87 14 0.221 -0.489 1.931
87 15 0.152 -0.733 1.874
87 16 0.213 -0.766 1.880
87 17 0.265 -0.065 1.991
87 18 0.357 -0.486 2.099
87 19 0.379 -0.867 2.187
87 20 0.379 -0.949 2.202
88 1 0.233 -0.021 1.960
88 2 0.225 0.050 2.017
88 3 0.229 0.461 2.059
88 4 0.285 0.634 2.094
88 5 0.149 0.330 1.883
88 6 0.193 0.064 1.814
88 7 0.350 -0.046 1.868
88 8 0.381 -0.115 1.884
88 9 0.327 0.259 1.897
88 10 0.385 0.019 1.900
88 11 0.433 -0.182 1.911
88 12 0.445 -0.247 1.907
88 13 0.188 -0.068 1.908
88 14 0.225 -0.502 1.939
88 15 0.152 -0.731 1.876
88 16 0.236 -0.768 1.878
88 17 0.278 -0.086 1.988
88 18 0.361 -0.500 2.100
88 19 0.425 -0.862 2.179
88 20 0.395 -0.949 2.210
89 1 0.266 -0.048 1.999
89 2 0.259 0.028 2.054
89 3 0.242 0.456 2.071
89 4 0.300 0.628 2.104
89 5 0.158 0.325 1.904
89 6 0.182 0.068 1.821
89 7 0.342 -0.048 1.861
89 8 0.376 -0.121 1.873
89 9 0.340 0.255 1.910
89 10 0.399 0.016 1.914
89 11 0.429 -0.189 1.894
89 12 0.433 -0.255 1.880
89 13 0.217 -0.090 1.959
89 14 0.227 -0.516 1.944
89 15 0.153 -0.733 1.879
89 16 0.252 -0.769 1.876
89 17 0.315 -0.115 2.018
89 18 0.375 -0.535 2.110
89 19 0.442 -0.859 2.173
89 20 0.403 -0.941 2.203
90 1 0.278 -0.057 2.015
90 2 0.272 0.020 2.069
90 3 0.260 0.447 2.085
90 4 0.318 0.620 2.114
90 5 0.168 0.320 1.929
90 6 0.171 0.073 1.830
90 7 0.328 -0.052 1.852
90 8 0.369 -0.124 1.863
90 9 0.356 0.248 1.925
90 10 0.416 0.012 1.930
90 11 0.456 -0.181 1.936
90 12 0.464 -0.242 1.939
90 13 0.228 -0.093 1.988
90 14 0.228 -0.521 1.947
90 15 0.153 -0.733 1.882
90 16 0.260 -0.771 1.877
90 17 0.326 -0.124 2.025
90 18 0.381 -0.544 2.112
90 19 0.448 -0.851 2.161
90 20 0.405 -0.930 2.190
91 1 0.284 -0.063 2.023
91 2 0.279 0.015 2.077
91 3 0.276 0.440 2.097
91 4 0.337 0.612 2.123
91 5 0.180 0.314 1.955
91 6 0.163 0.077 1.839
91 7 0.315 -0.057 1.846
91 8 0.362 -0.125 1.856
91 9 0.372 0.242 1.938
91 10 0.433 0.007 1.943
91 11 0.478 -0.176 1.967
91 12 0.493 -0.233 1.988
91 13 0.232 -0.096 2.002
91 14 0.229 -0.526 1.949
91 15 0.155 -0.734 1.888
91 16 0.262 -0.773 1.880
91 17 0.332 -0.130 2.030
91 18 0.386 -0.551 2.113
91 19 0.446 -0.845 2.152
91 20 0.403 -0.920 2.178
92 1 0.308 -0.033 2.066
92 2 0.308 0.040 2.115
92 3 0.293 0.435 2.108
92 4 0.357 0.605 2.133
92 5 0.191 0.311 1.978
92 6 0.157 0.080 1.853
92 7 0.300 -0.062 1.844
92 8 0.352 -0.127 1.850
92 9 0.388 0.237 1.950
92 10 0.449 0.003 1.956
92 11 0.479 -0.119 2.139
92 12 0.492 -0.169 2.179
92 13 0.252 -0.076 2.034
92 14 0.233 -0.515 1.958
92 15 0.161 -0.725 1.902
92 16 0.252 -0.773 1.888
92 17 0.362 -0.106 2.086
92 18 0.395 -0.542 2.120
92 19 0.439 -0.839 2.143
92 20 0.399 -0.913 2.166
93 1 0.320 -0.012 2.090
93 2 0.323 0.056 2.135
93 3 0.313 0.431 2.119
93 4 0.379 0.600 2.142
93 5 0.202 0.310 1.999
93 6 0.149 0.086 1.879
93 7 0.291 -0.067 1.843
93 8 0.342 -0.130 1.846
93 9 0.406 0.232 1.961
93 10 0.468 -0.001 1.967
93 11 0.493 -0.105 2.201
93 12 0.495 -0.137 2.286
93 13 0.259 -0.067 2.047
93 14 0.237 -0.505 1.967
93 15 0.169 -0.718 1.917
93 16 0.244 -0.773 1.899
93 17 0.378 -0.085 2.121
93 18 0.402 -0.531 2.126
93 19 0.424 -0.834 2.135
93 20 0.390 -0.905 2.154
94 1 0.327 -0.005 2.104
94 2 0.333 0.062 2.148
94 3 0.333 0.427 2.128
94 4 0.400 0.596 2.149
94 5 0.212 0.309 2.016
94 6 0.145 0.087 1.904
94 7 0.285 -0.079 1.845
94 8 0.333 -0.142 1.843
94 9 0.426 0.227 1.971
94 10 0.487 -0.005 1.977
94 11 0.496 -0.111 2.220
94 12 0.491 -0.171 2.213
94 13 0.264 -0.063 2.062
94 14 0.241 -0.499 1.979
94 15 0.177 -0.716 1.932
94 16 0.238 -0.775 1.910
94 17 0.386 -0.079 2.136
94 18 0.408 -0.526 2.131
94 19 0.415 -0.831 2.130
94 20 0.383 -0.899 2.145
95 1 0.349 0.005 2.143
95 2 0.360 0.072 2.179
95 3 0.352 0.423 2.135
95 4 0.422 0.591 2.155
95 5 0.221 0.308 2.029
95 6 0.142 0.087 1.929
95 7 0.280 -0.096 1.851
95 8 0.318 -0.165 1.846
95 9 0.445 0.223 1.979
95 10 0.506 -0.009 1.985
95 11 0.502 -0.123 2.223
95 12 0.498 -0.167 2.252
95 13 0.290 -0.058 2.108
95 14 0.248 -0.490 2.000
95 15 0.184 -0.743 1.954
95 16 0.239 -0.781 1.926
95 17 0.404 -0.070 2.175
95 18 0.413 -0.519 2.140
95 19 0.409 -0.830 2.128
95 20 0.378 -0.896 2.139
96 1 0.357 0.008 2.157
96 2 0.369 0.075 2.189
96 3 0.382 0.414 2.145
96 4 0.448 0.583 2.160
96 5 0.235 0.307 2.045
96 6 0.141 0.087 1.949
96 7 0.244 -0.101 1.880
96 8 0.281 -0.164 1.863
96 9 0.471 0.215 1.989
96 10 0.533 -0.016 1.995
96 11 0.514 -0.122 2.255
96 12 0.511 -0.182 2.243
96 13 0.299 -0.057 2.125
96 14 0.253 -0.487 2.017
96 15 0.189 -0.760 1.971
96 16 0.242 -0.787 1.943
96 17 0.411 -0.068 2.190
96 18 0.416 -0.516 2.146
96 19 0.405 -0.829 2.127
96 20 0.375 -0.894 2.136
97 1 0.362 0.011 2.165
97 2 0.375 0.078 2.196
97 3 0.401 0.408 2.149
97 4 0.470 0.574 2.162
97 5 0.248 0.306 2.057
97 6 0.141 0.089 1.968
97 7 0.223 -0.105 1.900
97 8 0.254 -0.169 1.881
97 9 0.491 0.209 1.995
97 10 0.553 -0.023 2.001
97 11 0.528 -0.138 2.248
97 12 0.524 -0.199 2.226
97 13 0.303 -0.056 2.135
97 14 0.255 -0.487 2.031
97 15 0.191 -0.774 1.991
97 16 0.246 -0.796 1.966
97 17 0.413 -0.068 2.203
97 18 0.416 -0.515 2.151
97 19 0.403 -0.828 2.126
97 20 0.373 -0.892 2.133
98 1 0.364 0.011 2.172
98 2 0.379 0.078 2.200
98 3 0.422 0.396 2.152
98 4 0.496 0.561 2.160
98 5 0.266 0.305 2.070
98 6 0.143 0.092 1.986
98 7 0.203 -0.110 1.924
98 8 0.226 -0.176 1.907
98 9 0.514 0.199 1.999
98 10 0.575 -0.033 2.005
98 11 0.547 -0.157 2.235
98 12 0.542 -0.215 2.211
98 13 0.301 -0.057 2.141
98 14 0.254 -0.488 2.043
98 15 0.193 -0.792 2.019
98 16 0.251 -0.809 1.996
98 17 0.411 -0.072 2.216
98 18 0.416 -0.515 2.158
98 19 0.402 -0.829 2.127
98 20 0.372 -0.891 2.132
99 1 0.365 0.010 2.179
99 2 0.381 0.076 2.203
99 3 0.440 0.385 2.152
99 4 0.517 0.546 2.157
99 5 0.279 0.304 2.079
99 6 0.145 0.094 2.005
99 7 0.189 -0.132 1.948
99 8 0.207 -0.203 1.937
99 9 0.532 0.188 2.000
99 10 0.594 -0.043 2.006
99 11 0.565 -0.174 2.224
99 12 0.558 -0.230 2.200
99 13 0.297 -0.060 2.148
99 14 0.252 -0.492 2.058
99 15 0.195 -0.804 2.042
99 16 0.255 -0.821 2.023
99 17 0.408 -0.079 2.227
99 18 0.415 -0.520 2.172
99 19 0.403 -0.830 2.129
99 20 0.371 -0.891 2.131
100 1 0.363 0.006 2.185
100 2 0.382 0.072 2.205
100 3 0.457 0.368 2.150
100 4 0.536 0.528 2.151
100 5 0.291 0.299 2.087
100 6 0.147 0.094 2.020
100 7 0.181 -0.147 1.965
100 8 0.195 -0.220 1.956
100 9 0.551 0.174 2.000
100 10 0.613 -0.058 2.006
100 11 0.583 -0.192 2.213
100 12 0.575 -0.246 2.192
100 13 0.287 -0.065 2.155
100 14 0.248 -0.498 2.075
100 15 0.199 -0.817 2.073
100 16 0.261 -0.834 2.054
100 17 0.403 -0.086 2.238
100 18 0.415 -0.525 2.182
100 19 0.404 -0.832 2.131
100 20 0.371 -0.891 2.131
101 1 0.360 -0.001 2.193
101 2 0.383 0.063 2.208
101 3 0.472 0.339 2.146
101 4 0.555 0.496 2.143
101 5 0.300 0.293 2.093
101 6 0.148 0.092 2.034
101 7 0.172 -0.161 1.985
101 8 0.184 -0.234 1.980
101 9 0.567 0.152 1.997
101 10 0.629 -0.081 2.003
101 11 0.598 -0.216 2.204
101 12 0.591 -0.269 2.185
101 13 0.276 -0.072 2.166
101 14 0.242 -0.505 2.089
101 15 0.201 -0.825 2.091
101 16 0.264 -0.844 2.075
101 17 0.399 -0.095 2.248
101 18 0.415 -0.532 2.192
101 19 0.405 -0.833 2.133
101 20 0.370 -0.891 2.134
102 1 0.355 -0.014 2.205
102 2 0.381 0.047 2.212
102 3 0.480 0.312 2.142
102 4 0.564 0.467 2.136
102 5 0.307 0.282 2.099
102 6 0.148 0.083 2.054
102 7 0.165 -0.174 2.003
102 8 0.175 -0.243 1.996
102 9 0.579 0.127 1.995
102 10 0.641 -0.105 2.000
102 11 0.591 -0.137 2.207
102 12 0.568 -0.119 2.261
102 13 0.263 -0.082 2.183
102 14 0.237 -0.510 2.099
102 15 0.204 -0.831 2.110
102 16 0.268 -0.853 2.095
102 17 0.393 -0.109 2.260
102 18 0.416 -0.541 2.203
102 19 0.407 -0.834 2.135
102 20 0.369 -0.891 2.138
103 1 0.351 -0.032 2.222
103 2 0.379 0.025 2.222
103 3 0.485 0.275 2.141
103 4 0.569 0.427 2.128
103 5 0.312 0.265 2.104
103 6 0.147 0.069 2.072
103 7 0.154 -0.185 2.027
103 8 0.163 -0.252 2.024
103 9 0.588 0.093 1.992
103 10 0.649 -0.139 1.998
103 11 0.589 -0.108 2.209
103 12 0.564 -0.068 2.291
103 13 0.251 -0.097 2.209
103 14 0.229 -0.515 2.110
103 15 0.204 -0.836 2.123
103 16 0.206 -0.885 2.123
103 17 0.388 -0.126 2.277
103 18 0.416 -0.546 2.209
103 19 0.407 -0.834 2.137
103 20 0.368 -0.891 2.142
104 1 0.348 -0.045 2.235
104 2 0.377 0.008 2.230
104 3 0.484 0.238 2.140
104 4 0.571 0.386 2.120
104 5 0.310 0.232 2.110
104 6 0.139 0.045 2.091
104 7 0.143 -0.192 2.046
104 8 0.151 -0.258 2.047
104 9 0.591 0.057 1.991
104 10 0.653 -0.175 1.996
104 11 0.584 -0.119 2.214
104 12 0.553 -0.089 2.316
104 13 0.244 -0.107 2.225
104 14 0.221 -0.518 2.120
104 15 0.204 -0.839 2.133
104 16 0.182 -0.896 2.130
104 17 0.384 -0.141 2.291
104 18 0.417 -0.548 2.214
104 19 0.408 -0.835 2.139
104 20 0.368 -0.892 2.143
105 1 0.344 -0.070 2.261
105 2 0.373 -0.020 2.249
105 3 0.479 0.204 2.143
105 4 0.568 0.346 2.112
105 5 0.304 0.203 2.115
105 6 0.128 0.021 2.109
105 7 0.126 -0.214 2.080
105 8 0.140 -0.275 2.075
105 9 0.589 0.022 1.991
105 10 0.651 -0.211 1.997
105 11 0.576 -0.150 2.222
105 12 0.545 -0.127 2.330
105 13 0.238 -0.127 2.266
105 14 0.210 -0.520 2.132
105 15 0.204 -0.840 2.141
105 16 0.168 -0.902 2.133
105 17 0.380 -0.159 2.311
105 18 0.417 -0.550 2.217
105 19 0.408 -0.835 2.141
105 20 0.369 -0.887 2.121
106 1 0.341 -0.086 2.276
106 2 0.370 -0.040 2.261
106 3 0.469 0.164 2.144
106 4 0.559 0.304 2.106
106 5 0.292 0.163 2.121
106 6 0.110 -0.010 2.131
106 7 0.114 -0.236 2.103
106 8 0.127 -0.290 2.099
106 9 0.582 -0.018 1.991
106 10 0.564 -0.133 2.155
106 11 0.514 -0.172 2.394
106 12 0.511 -0.191 2.403
106 13 0.236 -0.140 2.288
106 14 0.204 -0.521 2.144
106 15 0.204 -0.841 2.147
106 16 0.156 -0.902 2.132
106 17 0.376 -0.175 2.327
106 18 0.417 -0.551 2.220
106 19 0.408 -0.836 2.143
106 20 0.369 -0.884 2.108
107 1 0.328 -0.126 2.297
107 2 0.356 -0.081 2.275
107 3 0.457 0.131 2.138
107 4 0.550 0.269 2.097
107 5 0.284 0.139 2.126
107 6 0.099 -0.028 2.144
107 7 0.096 -0.259 2.133
107 8 0.105 -0.319 2.133
107 9 0.572 -0.054 1.987
107 10 0.529 -0.120 2.212
107 11 0.497 -0.185 2.439
107 12 0.495 -0.227 2.435
107 13 0.227 -0.167 2.327
107 14 0.198 -0.522 2.153
107 15 0.204 -0.842 2.151
107 16 0.149 -0.900 2.128
107 17 0.365 -0.211 2.339
107 18 0.418 -0.551 2.223
107 19 0.407 -0.836 2.145
107 20 0.368 -0.881 2.099
108 1 0.323 -0.142 2.305
108 2 0.351 -0.098 2.280
108 3 0.456 0.093 2.112
108 4 0.546 0.240 2.081
108 5 0.265 0.100 2.138
108 6 0.078 -0.061 2.170
108 7 0.080 -0.276 2.154
108 8 0.080 -0.340 2.158
108 9 0.568 -0.094 1.968
108 10 0.515 -0.115 2.235
108 11 0.493 -0.209 2.431
108 12 0.488 -0.260 2.436
108 13 0.223 -0.178 2.342
108 14 0.193 -0.524 2.161
108 15 0.204 -0.843 2.154
108 16 0.145 -0.898 2.123
108 17 0.360 -0.228 2.347
108 18 0.418 -0.551 2.227
108 19 0.407 -0.836 2.147
108 20 0.366 -0.879 2.094
109 1 0.319 -0.159 2.312
109 2 0.347 -0.119 2.283
109 3 0.453 0.055 2.097
109 4 0.537 0.206 2.066
109 5 0.254 0.075 2.146
109 6 0.066 -0.084 2.192
109 7 0.056 -0.297 2.187
109 8 0.047 -0.365 2.190
109 9 0.563 -0.132 1.954
109 10 0.506 -0.123 2.239
109 11 0.488 -0.229 2.437
109 12 0.484 -0.284 2.434
109 13 0.218 -0.191 2.356
109 14 0.189 -0.527 2.167
109 15 0.201 -0.841 2.154
109 16 0.145 -0.898 2.122
109 17 0.354 -0.250 2.360
109 18 0.419 -0.550 2.232
109 19 0.406 -0.836 2.149
109 20 0.365 -0.879 2.092
110 1 0.301 -0.191 2.335
110 2 0.326 -0.150 2.302
110 3 0.422 0.037 2.109
110 4 0.516 0.170 2.061
110 5 0.245 0.054 2.152
110 6 0.057 -0.099 2.209
110 7 0.040 -0.309 2.212
110 8 0.026 -0.377 2.213
110 9 0.542 -0.154 1.958
110 10 0.492 -0.148 2.238
110 11 0.477 -0.242 2.463
110 12 0.480 -0.298 2.438
110 13 0.211 -0.212 2.378
110 14 0.184 -0.528 2.173
110 15 0.197 -0.838 2.153
110 16 0.139 -0.888 2.107
110 17 0.342 -0.272 2.375
110 18 0.420 -0.552 2.237
110 19 0.406 -0.836 2.150
110 20 0.363 -0.878 2.091
111 1 0.289 -0.213 2.353
111 2 0.313 -0.170 2.316
111 3 0.384 0.023 2.122
111 4 0.486 0.138 2.058
111 5 0.227 0.015 2.167
111 6 0.042 -0.129 2.243
111 7 0.016 -0.331 2.256
111 8 -0.002 -0.398 2.260
111 9 0.509 -0.174 1.965
111 10 0.477 -0.178 2.232
111 11 0.475 -0.253 2.467
111 12 0.478 -0.310 2.441
111 13 0.209 -0.233 2.401
111 14 0.176 -0.536 2.181
111 15 0.194 -0.836 2.152
111 16 0.136 -0.885 2.101
111 17 0.331 -0.291 2.392
111 18 0.422 -0.554 2.240
111 19 0.405 -0.835 2.151
111 20 0.360 -0.879 2.092
112 1 0.290 -0.236 2.384
112 2 0.309 -0.184 2.339
112 3 0.368 0.042 2.144
112 4 0.476 0.124 2.054
112 5 0.216 -0.006 2.174
112 6 0.036 -0.149 2.265
112 7 -0.004 -0.354 2.299
112 8 -0.023 -0.421 2.314
112 9 0.491 -0.171 1.978
112 10 0.473 -0.187 2.233
112 11 0.486 -0.272 2.463
112 12 0.480 -0.323 2.442
112 13 0.218 -0.263 2.440
112 14 0.172 -0.541 2.186
112 15 0.191 -0.834 2.151
112 16 0.134 -0.882 2.098
112 17 0.331 -0.305 2.409
112 18 0.424 -0.557 2.243
112 19 0.405 -0.835 2.152
112 20 0.359 -0.879 2.092
113 1 0.281 -0.254 2.398
113 2 0.290 -0.213 2.356
113 3 0.329 0.003 2.155
113 4 0.437 0.083 2.060
113 5 0.202 -0.029 2.183
113 6 0.028 -0.168 2.285
113 7 -0.019 -0.367 2.343
113 8 -0.042 -0.432 2.370
113 9 0.448 -0.205 1.993
113 10 0.461 -0.225 2.231
113 11 0.495 -0.311 2.457
113 12 0.485 -0.348 2.443
113 13 0.218 -0.275 2.454
113 14 0.168 -0.545 2.191
113 15 0.189 -0.832 2.152
113 16 0.132 -0.880 2.098
113 17 0.316 -0.335 2.428
113 18 0.429 -0.564 2.242
113 19 0.405 -0.835 2.152
113 20 0.356 -0.880 2.098
114 1 0.276 -0.268 2.411
114 2 0.282 -0.226 2.369
114 3 0.292 0.002 2.185
114 4 0.403 0.052 2.078
114 5 0.178 -0.054 2.197
114 6 0.013 -0.190 2.308
114 7 -0.026 -0.380 2.381
114 8 -0.050 -0.443 2.417
114 9 0.410 -0.207 2.021
114 10 0.456 -0.236 2.241
114 11 0.499 -0.323 2.460
114 12 0.490 -0.363 2.450
114 13 0.220 -0.288 2.465
114 14 0.163 -0.548 2.196
114 15 0.186 -0.830 2.152
114 16 0.131 -0.879 2.098
114 17 0.312 -0.347 2.438
114 18 0.433 -0.568 2.242
114 19 0.405 -0.835 2.153
114 20 0.354 -0.881 2.100
115 1 0.273 -0.293 2.437
115 2 0.277 -0.241 2.398
115 3 0.269 0.012 2.219
115 4 0.380 0.037 2.096
115 5 0.167 -0.070 2.206
115 6 0.009 -0.207 2.327
115 7 -0.026 -0.389 2.409
115 8 -0.044 -0.448 2.463
115 9 0.385 -0.200 2.051
115 10 0.456 -0.238 2.266
115 11 0.507 -0.335 2.477
115 12 0.496 -0.376 2.462
115 13 0.225 -0.318 2.479
115 14 0.159 -0.550 2.201
115 15 0.183 -0.828 2.153
115 16 0.130 -0.877 2.098
115 17 0.313 -0.357 2.453
115 18 0.435 -0.570 2.243
115 19 0.404 -0.835 2.153
115 20 0.354 -0.882 2.101
116 1 0.269 -0.304 2.448
116 2 0.273 -0.250 2.412
116 3 0.263 0.014 2.238
116 4 0.369 0.027 2.107
116 5 0.151 -0.087 2.220
116 6 0.006 -0.227 2.355
116 7 -0.026 -0.399 2.453
116 8 -0.030 -0.458 2.507
116 9 0.374 -0.198 2.070
116 10 0.457 -0.242 2.278
116 11 0.512 -0.343 2.486
116 12 0.504 -0.388 2.475
116 13 0.217 -0.337 2.488
116 14 0.156 -0.552 2.204
116 15 0.180 -0.826 2.153
116 16 0.129 -0.877 2.098
116 17 0.309 -0.368 2.467
116 18 0.437 -0.572 2.243
116 19 0.404 -0.834 2.153
116 20 0.379 -0.886 2.108
117 1 0.267 -0.311 2.456
117 2 0.271 -0.256 2.420
117 3 0.274 0.002 2.252
117 4 0.362 0.019 2.112
117 5 0.139 -0.105 2.234
117 6 0.009 -0.251 2.381
117 7 -0.014 -0.420 2.496
117 8 -0.010 -0.471 2.557
117 9 0.373 -0.202 2.085
117 10 0.466 -0.251 2.298
117 11 0.517 -0.351 2.498
117 12 0.511 -0.400 2.489
117 13 0.214 -0.349 2.494
117 14 0.153 -0.554 2.208
117 15 0.177 -0.824 2.154
117 16 0.129 -0.876 2.098
117 17 0.311 -0.378 2.480
117 18 0.438 -0.573 2.244
117 19 0.404 -0.834 2.154
117 20 0.397 -0.889 2.112
118 1 0.265 -0.321 2.463
118 2 0.270 -0.266 2.430
118 3 0.285 -0.014 2.267
118 4 0.356 0.007 2.121
118 5 0.134 -0.119 2.246
118 6 0.010 -0.264 2.397
118 7 -0.005 -0.432 2.521
118 8 0.001 -0.478 2.585
118 9 0.377 -0.211 2.101
118 10 0.477 -0.267 2.318
118 11 0.523 -0.364 2.513
118 12 0.519 -0.417 2.506
118 13 0.209 -0.361 2.499
118 14 0.151 -0.557 2.212
118 15 0.174 -0.823 2.154
118 16 0.128 -0.875 2.098
118 17 0.310 -0.390 2.491
118 18 0.440 -0.575 2.245
118 19 0.404 -0.834 2.154
118 20 0.398 -0.889 2.112
119 1 0.258 -0.334 2.471
119 2 0.265 -0.280 2.440
119 3 0.293 -0.032 2.284
119 4 0.349 -0.008 2.136
119 5 0.132 -0.131 2.257
119 6 0.015 -0.275 2.412
119 7 0.003 -0.439 2.536
119 8 0.008 -0.482 2.601
119 9 0.384 -0.224 2.120
119 10 0.484 -0.281 2.338
119 11 0.529 -0.378 2.532
119 12 0.525 -0.432 2.525
119 13 0.200 -0.375 2.503
119 14 0.149 -0.562 2.216
119 15 0.171 -0.821 2.155
119 16 0.128 -0.874 2.099
119 17 0.300 -0.413 2.509
119 18 0.440 -0.577 2.247
119 19 0.405 -0.834 2.154
119 20 0.398 -0.889 2.111
120 1 0.254 -0.348 2.476
120 2 0.262 -0.309 2.444
120 3 0.280 -0.108 2.271
120 4 0.335 -0.049 2.142
120 5 0.130 -0.164 2.285
120 6 0.024 -0.304 2.445
120 7 0.010 -0.453 2.552
120 8 0.017 -0.498 2.614
120 9 0.377 -0.303 2.117
120 10 0.477 -0.317 2.330
120 11 0.529 -0.390 2.537
120 12 0.527 -0.445 2.530
120 13 0.197 -0.384 2.507
120 14 0.148 -0.568 2.220
120 15 0.169 -0.821 2.156
120 16 0.121 -0.874 2.107
120 17 0.297 -0.431 2.520
120 18 0.439 -0.582 2.250
120 19 0.405 -0.852 2.151
120 20 0.380 -0.914 2.111
121 1 0.250 -0.369 2.484
121 2 0.257 -0.336 2.453
121 3 0.264 -0.174 2.284
121 4 0.318 -0.088 2.168
121 5 0.130 -0.178 2.298
121 6 0.023 -0.310 2.460
121 7 0.014 -0.456 2.561
121 8 0.023 -0.504 2.620
121 9 0.367 -0.371 2.133
121 10 0.477 -0.337 2.335
121 11 0.531 -0.405 2.546
121 12 0.529 -0.461 2.538
121 13 0.195 -0.394 2.518
121 14 0.150 -0.577 2.226
121 15 0.165 -0.819 2.156
121 16 0.114 -0.873 2.113
121 17 0.292 -0.462 2.535
121 18 0.437 -0.589 2.253
121 19 0.405 -0.867 2.149
121 20 0.370 -0.929 2.110
122 1 0.248 -0.392 2.503
122 2 0.254 -0.353 2.467
122 3 0.252 -0.160 2.311
122 4 0.310 -0.100 2.184
122 5 0.133 -0.195 2.319
122 6 0.021 -0.311 2.469
122 7 0.022 -0.463 2.575
122 8 0.028 -0.509 2.623
122 9 0.361 -0.383 2.148
122 10 0.480 -0.342 2.347
122 11 0.534 -0.414 2.556
122 12 0.531 -0.470 2.548
122 13 0.197 -0.412 2.539
122 14 0.152 -0.583 2.230
122 15 0.163 -0.819 2.157
122 16 0.111 -0.873 2.115
122 17 0.291 -0.473 2.541
122 18 0.435 -0.594 2.256
122 19 0.406 -0.876 2.148
122 20 0.365 -0.938 2.109
123 1 0.248 -0.407 2.513
123 2 0.253 -0.366 2.477
123 3 0.242 -0.181 2.331
123 4 0.302 -0.103 2.210
123 5 0.135 -0.207 2.337
123 6 0.018 -0.308 2.474
123 7 0.025 -0.466 2.583
123 8 0.031 -0.513 2.623
123 9 0.355 -0.391 2.166
123 10 0.483 -0.345 2.361
123 11 0.538 -0.421 2.568
123 12 0.535 -0.477 2.559
123 13 0.201 -0.430 2.551
123 14 0.158 -0.637 2.227
123 15 0.151 -0.880 2.135
123 16 0.100 -0.934 2.095
123 17 0.292 -0.483 2.546
123 18 0.435 -0.598 2.258
123 19 0.406 -0.884 2.148
123 20 0.361 -0.944 2.109
124 1 0.236 -0.417 2.534
124 2 0.240 -0.378 2.501
124 3 0.241 -0.203 2.356
124 4 0.295 -0.109 2.247
124 5 0.136 -0.220 2.365
124 6 0.017 -0.306 2.476
124 7 0.028 -0.469 2.589
124 8 0.034 -0.516 2.624
124 9 0.466 -0.288 2.383
124 10 0.565 -0.332 2.498
124 11 0.548 -0.449 2.626
124 12 0.544 -0.502 2.613
124 13 0.167 -0.454 2.580
124 14 0.164 -0.576 2.252
124 15 0.149 -0.846 2.144
124 16 0.132 -0.906 2.096
124 17 0.286 -0.492 2.589
124 18 0.442 -0.568 2.279
124 19 0.417 -0.853 2.155
124 20 0.389 -0.923 2.108
125 1 0.229 -0.421 2.544
125 2 0.233 -0.382 2.512
125 3 0.237 -0.221 2.367
125 4 0.291 -0.113 2.267
125 5 0.138 -0.232 2.397
125 6 0.012 -0.305 2.479
125 7 0.028 -0.470 2.593
125 8 0.034 -0.518 2.624
125 9 0.482 -0.281 2.440
125 10 0.561 -0.379 2.591
125 11 0.465 -0.488 2.412
125 12 0.451 -0.536 2.296
125 13 0.145 -0.461 2.593
125 14 0.169 -0.563 2.266
125 15 0.148 -0.828 2.149
125 16 0.146 -0.895 2.099
125 17 0.283 -0.494 2.608
125 18 0.441 -0.571 2.276
125 19 0.425 -0.833 2.160
125 20 0.405 -0.909 2.108
126 1 0.225 -0.424 2.568
126 2 0.227 -0.386 2.539
126 3 0.233 -0.227 2.387
126 4 0.288 -0.101 2.307
126 5 0.139 -0.239 2.420
126 6 -0.007 -0.308 2.542
126 7 0.025 -0.474 2.601
126 8 0.032 -0.522 2.630
126 9 0.495 -0.255 2.479
126 10 0.557 -0.406 2.652
126 11 0.455 -0.505 2.399
126 12 0.441 -0.551 2.272
126 13 0.138 -0.469 2.613
126 14 0.172 -0.547 2.278
126 15 0.147 -0.816 2.153
126 16 0.154 -0.885 2.100
126 17 0.288 -0.495 2.631
126 18 0.435 -0.641 2.261
126 19 0.429 -0.848 2.149
126 20 0.421 -0.924 2.094
127 1 0.223 -0.426 2.581
127 2 0.225 -0.389 2.554
127 3 0.254 -0.244 2.423
127 4 0.291 -0.099 2.353
127 5 0.140 -0.244 2.460
127 6 -0.013 -0.319 2.581
127 7 0.001 -0.482 2.641
127 8 0.021 -0.529 2.652
127 9 0.493 -0.247 2.505
127 10 0.563 -0.410 2.677
127 11 0.448 -0.504 2.380
127 12 0.422 -0.550 2.234
127 13 0.134 -0.473 2.624
127 14 0.172 -0.540 2.285
127 15 0.147 -0.809 2.155
127 16 0.159 -0.878 2.101
127 17 0.290 -0.495 2.645
127 18 0.429 -0.676 2.257
127 19 0.425 -0.875 2.149
127 20 0.441 -0.866 2.113
128 1 0.230 -0.428 2.591
128 2 0.231 -0.392 2.566
128 3 0.264 -0.242 2.454
128 4 0.291 -0.083 2.397
128 5 0.140 -0.244 2.484
128 6 -0.012 -0.325 2.596
128 7 -0.011 -0.489 2.662
128 8 0.014 -0.534 2.666
128 9 0.500 -0.237 2.543
128 10 0.568 -0.418 2.703
128 11 0.457 -0.494 2.398
128 12 0.419 -0.548 2.238
128 13 0.149 -0.483 2.629
128 14 0.172 -0.535 2.289
128 15 0.147 -0.804 2.156
128 16 0.162 -0.871 2.100
128 17 0.312 -0.501 2.651
128 18 0.428 -0.691 2.251
128 19 0.427 -0.883 2.141
128 20 0.450 -0.898 2.086
129 1 0.234 -0.428 2.597
129 2 0.236 -0.393 2.574
129 3 0.269 -0.230 2.482
129 4 0.292 -0.063 2.433
129 5 0.140 -0.237 2.516
129 6 -0.007 -0.334 2.609
129 7 -0.017 -0.496 2.674
129 8 0.004 -0.546 2.683
129 9 0.497 -0.232 2.563
129 10 0.572 -0.418 2.717
129 11 0.535 -0.564 2.704
129 12 0.529 -0.623 2.728
129 13 0.152 -0.486 2.632
129 14 0.172 -0.532 2.292
129 15 0.147 -0.801 2.157
129 16 0.162 -0.863 2.099
129 17 0.323 -0.503 2.653
129 18 0.428 -0.699 2.247
129 19 0.429 -0.888 2.137
129 20 0.453 -0.914 2.072
130 1 0.242 -0.424 2.607
130 2 0.245 -0.385 2.589
130 3 0.272 -0.197 2.517
130 4 0.294 -0.029 2.472
130 5 0.139 -0.228 2.539
130 6 -0.005 -0.347 2.633
130 7 -0.018 -0.506 2.685
130 8 0.000 -0.558 2.693
130 9 0.499 -0.221 2.590
130 10 0.568 -0.421 2.736
130 11 0.552 -0.581 2.743
130 12 0.536 -0.637 2.721
130 13 0.155 -0.486 2.635
130 14 0.171 -0.531 2.292
130 15 0.147 -0.798 2.158
130 16 0.163 -0.857 2.097
130 17 0.330 -0.503 2.656
130 18 0.428 -0.695 2.244
130 19 0.430 -0.891 2.136
130 20 0.441 -0.840 2.117
131 1 0.247 -0.418 2.615
131 2 0.251 -0.377 2.601
131 3 0.281 -0.165 2.545
131 4 0.299 0.005 2.505
131 5 0.137 -0.211 2.565
131 6 -0.004 -0.353 2.645
131 7 -0.017 -0.517 2.696
131 8 -0.002 -0.570 2.698
131 9 0.493 -0.207 2.614
131 10 0.572 -0.398 2.747
131 11 0.555 -0.571 2.763
131 12 0.553 -0.636 2.789
131 13 0.158 -0.484 2.637
131 14 0.170 -0.532 2.290
131 15 0.147 -0.796 2.159
131 16 0.163 -0.852 2.096
131 17 0.334 -0.502 2.658
131 18 0.428 -0.687 2.243
131 19 0.431 -0.892 2.136
131 20 0.440 -0.812 2.129
132 1 0.262 -0.402 2.627
132 2 0.267 -0.358 2.617
132 3 0.290 -0.137 2.570
132 4 0.302 0.033 2.534
132 5 0.133 -0.192 2.594
132 6 -0.004 -0.357 2.653
132 7 -0.015 -0.525 2.701
132 8 -0.003 -0.578 2.699
132 9 0.490 -0.198 2.629
132 10 0.574 -0.386 2.751
132 11 0.553 -0.567 2.768
132 12 0.553 -0.629 2.794
132 13 0.163 -0.480 2.638
132 14 0.168 -0.536 2.285
132 15 0.147 -0.795 2.160
132 16 0.163 -0.848 2.095
132 17 0.351 -0.482 2.662
132 18 0.428 -0.674 2.249
132 19 0.431 -0.889 2.144
132 20 0.440 -0.801 2.133
133 1 0.271 -0.390 2.638
133 2 0.275 -0.345 2.630
133 3 0.292 -0.112 2.598
133 4 0.301 0.055 2.560
133 5 0.129 -0.182 2.612
133 6 -0.004 -0.359 2.662
133 7 -0.011 -0.533 2.700
133 8 -0.000 -0.588 2.690
133 9 0.484 -0.184 2.649
133 10 0.573 -0.370 2.756
133 11 0.561 -0.554 2.764
133 12 0.555 -0.612 2.762
133 13 0.168 -0.474 2.641
133 14 0.167 -0.539 2.280
133 15 0.147 -0.794 2.160
133 16 0.162 -0.843 2.093
133 17 0.359 -0.471 2.666
133 18 0.428 -0.664 2.255
133 19 0.429 -0.884 2.156
133 20 0.439 -0.801 2.131
134 1 0.276 -0.381 2.647
134 2 0.280 -0.335 2.641
134 3 0.293 -0.099 2.615
134 4 0.298 0.072 2.586
134 5 0.125 -0.173 2.629
134 6 -0.005 -0.359 2.671
134 7 -0.004 -0.538 2.694
134 8 0.004 -0.592 2.672
134 9 0.480 -0.174 2.668
134 10 0.573 -0.360 2.759
134 11 0.561 -0.546 2.767
134 12 0.564 -0.612 2.802
134 13 0.173 -0.468 2.646
134 14 0.161 -0.563 2.263
134 15 0.148 -0.794 2.161
134 16 0.162 -0.841 2.092
134 17 0.364 -0.463 2.669
134 18 0.432 -0.559 2.301
134 19 0.431 -0.838 2.166
134 20 0.439 -0.825 2.110
135 1 0.280 -0.375 2.656
135 2 0.283 -0.328 2.652
135 3 0.288 -0.088 2.650
135 4 0.294 0.082 2.615
135 5 0.121 -0.164 2.652
135 6 -0.009 -0.358 2.680
135 7 0.035 -0.531 2.673
135 8 0.052 -0.587 2.656
135 9 0.477 -0.168 2.683
135 10 0.575 -0.346 2.763
135 11 0.558 -0.525 2.748
135 12 0.557 -0.592 2.768
135 13 0.179 -0.464 2.650
135 14 0.158 -0.575 2.255
135 15 0.148 -0.794 2.161
135 16 0.161 -0.839 2.090
135 17 0.367 -0.457 2.672
135 18 0.429 -0.574 2.288
135 19 0.431 -0.825 2.168
135 20 0.438 -0.849 2.091
136 1 0.282 -0.371 2.667
136 2 0.284 -0.323 2.665
136 3 0.286 -0.083 2.668
136 4 0.290 0.088 2.644
136 5 0.116 -0.159 2.673
136 6 -0.012 -0.356 2.687
136 7 0.034 -0.530 2.650
136 8 0.041 -0.586 2.638
136 9 0.471 -0.161 2.708
136 10 0.579 -0.330 2.771
136 11 0.557 -0.505 2.733
136 12 0.551 -0.565 2.732
136 13 0.183 -0.460 2.655
136 14 0.157 -0.579 2.251
136 15 0.148 -0.794 2.161
136 16 0.160 -0.837 2.089
136 17 0.368 -0.452 2.680
136 18 0.433 -0.520 2.311
136 19 0.432 -0.814 2.170
136 20 0.438 -0.854 2.086
137 1 0.281 -0.368 2.678
137 2 0.282 -0.322 2.680
137 3 0.278 -0.086 2.699
137 4 0.288 0.090 2.655
137 5 0.113 -0.158 2.693
137 6 -0.014 -0.355 2.691
137 7 0.032 -0.528 2.636
137 8 0.018 -0.573 2.604
137 9 0.466 -0.159 2.725
137 10 0.580 -0.322 2.775
137 11 0.557 -0.498 2.727
137 12 0.582 -0.522 2.697
137 13 0.186 -0.457 2.660
137 14 0.156 -0.581 2.249
137 15 0.148 -0.794 2.161
137 16 0.160 -0.835 2.088
137 17 0.367 -0.449 2.688
137 18 0.434 -0.506 2.316
137 19 0.432 -0.807 2.171
137 20 0.438 -0.857 2.083
138 1 0.278 -0.367 2.691
138 2 0.276 -0.322 2.700
138 3 0.273 -0.091 2.729
138 4 0.286 0.090 2.661
138 5 0.109 -0.162 2.714
138 6 -0.015 -0.354 2.695
138 7 0.029 -0.526 2.625
138 8 0.017 -0.565 2.565
138 9 0.460 -0.161 2.746
138 10 0.581 -0.318 2.778
138 11 0.560 -0.495 2.723
138 12 0.590 -0.512 2.685
138 13 0.187 -0.454 2.666
138 14 0.154 -0.582 2.249
138 15 0.148 -0.794 2.161
138 16 0.159 -0.833 2.087
138 17 0.364 -0.447 2.695
138 18 0.432 -0.514 2.309
138 19 0.432 -0.803 2.172
138 20 0.438 -0.858 2.081
139 1 0.274 -0.367 2.702
139 2 0.271 -0.323 2.718
139 3 0.268 -0.097 2.757
139 4 0.281 0.085 2.676
139 5 0.104 -0.172 2.741
139 6 -0.015 -0.354 2.698
139 7 0.020 -0.523 2.607
139 8 0.019 -0.557 2.535
139 9 0.453 -0.170 2.773
139 10 0.580 -0.330 2.779
139 11 0.569 -0.508 2.699
139 12 0.596 -0.516 2.661
139 13 0.187 -0.451 2.672
139 14 0.153 -0.587 2.249
139 15 0.148 -0.804 2.166
139 16 0.154 -0.843 2.098
139 17 0.361 -0.447 2.702
139 18 0.430 -0.513 2.310
139 19 0.432 -0.801 2.172
139 20 0.438 -0.858 2.079
140 1 0.268 -0.369 2.713
140 2 0.264 -0.327 2.735
140 3 0.267 -0.104 2.782
140 4 0.276 0.067 2.707
140 5 0.102 -0.181 2.761
140 6 -0.014 -0.355 2.701
140 7 0.014 -0.510 2.581
140 8 0.021 -0.546 2.508
140 9 0.446 -0.179 2.791
140 10 0.577 -0.341 2.778
140 11 0.572 -0.516 2.687
140 12 0.591 -0.534 2.633
140 13 0.183 -0.448 2.679
140 14 0.153 -0.590 2.251
140 15 0.148 -0.811 2.171
140 16 0.151 -0.849 2.106
140 17 0.351 -0.450 2.709
140 18 0.427 -0.516 2.310
140 19 0.432 -0.800 2.171
140 20 0.438 -0.857 2.079
141 1 0.263 -0.371 2.721
141 2 0.260 -0.331 2.747
141 3 0.265 -0.109 2.805
141 4 0.273 0.061 2.728
141 5 0.102 -0.188 2.778
141 6 -0.013 -0.356 2.704
141 7 0.012 -0.498 2.564
141 8 0.033 -0.523 2.466
141 9 0.441 -0.186 2.807
141 10 0.575 -0.351 2.776
141 11 0.573 -0.521 2.672
141 12 0.582 -0.546 2.614
141 13 0.180 -0.446 2.685
141 14 0.151 -0.587 2.253
141 15 0.148 -0.810 2.174
141 16 0.149 -0.851 2.116
141 17 0.345 -0.451 2.714
141 18 0.424 -0.518 2.312
141 19 0.432 -0.801 2.170
141 20 0.437 -0.856 2.079
142 1 0.261 -0.372 2.727
142 2 0.257 -0.335 2.759
142 3 0.263 -0.120 2.837
142 4 0.271 0.055 2.753
142 5 0.101 -0.194 2.792
142 6 -0.012 -0.357 2.707
142 7 0.031 -0.477 2.517
142 8 0.040 -0.512 2.447
142 9 0.435 -0.194 2.827
142 10 0.572 -0.358 2.775
142 11 0.569 -0.517 2.650
142 12 0.578 -0.551 2.604
142 13 0.178 -0.445 2.689
142 14 0.151 -0.584 2.255
142 15 0.148 -0.809 2.176
142 16 0.148 -0.852 2.123
142 17 0.342 -0.452 2.716
142 18 0.423 -0.548 2.299
142 19 0.431 -0.802 2.169
142 20 0.437 -0.854 2.079
143 1 0.259 -0.374 2.732
143 2 0.255 -0.339 2.767
143 3 0.261 -0.123 2.851
143 4 0.270 0.055 2.795
143 5 0.100 -0.199 2.803
143 6 -0.010 -0.358 2.713
143 7 0.029 -0.457 2.518
143 8 0.051 -0.499 2.432
143 9 0.427 -0.201 2.842
143 10 0.570 -0.363 2.775
143 11 0.551 -0.508 2.602
143 12 0.564 -0.554 2.582
143 13 0.177 -0.444 2.692
143 14 0.151 -0.580 2.257
143 15 0.148 -0.808 2.179
143 16 0.148 -0.852 2.128
143 17 0.340 -0.452 2.719
143 18 0.422 -0.560 2.294
143 19 0.431 -0.803 2.168
143 20 0.437 -0.853 2.080
144 1 0.257 -0.374 2.735
144 2 0.253 -0.341 2.774
144 3 0.260 -0.125 2.861
144 4 0.268 0.058 2.818
144 5 0.098 -0.202 2.818
144 6 -0.009 -0.358 2.718
144 7 0.027 -0.445 2.526
144 8 0.062 -0.472 2.442
144 9 0.421 -0.205 2.854
144 10 0.566 -0.366 2.773
144 11 0.535 -0.476 2.581
144 12 0.551 -0.542 2.571
144 13 0.175 -0.443 2.694
144 14 0.151 -0.577 2.260
144 15 0.148 -0.805 2.181
144 16 0.148 -0.852 2.131
144 17 0.338 -0.452 2.720
144 18 0.422 -0.565 2.292
144 19 0.430 -0.805 2.167
144 20 0.437 -0.852 2.081
145 1 0.256 -0.375 2.738
145 2 0.252 -0.342 2.778
145 3 0.257 -0.126 2.872
145 4 0.266 0.058 2.834
145 5 0.097 -0.205 2.829
145 6 -0.006 -0.355 2.726
145 7 0.054 -0.435 2.508
145 8 0.084 -0.455 2.429
145 9 0.416 -0.209 2.864
145 10 0.562 -0.369 2.773
145 11 0.531 -0.455 2.571
145 12 0.535 -0.499 2.540
145 13 0.174 -0.442 2.696
145 14 0.151 -0.574 2.262
145 15 0.149 -0.803 2.183
145 16 0.148 -0.852 2.133
145 17 0.336 -0.451 2.721
145 18 0.426 -0.566 2.295
145 19 0.430 -0.806 2.166
145 20 0.437 -0.852 2.081
146 1 0.255 -0.375 2.739
146 2 0.251 -0.344 2.782
146 3 0.253 -0.125 2.883
146 4 0.257 0.061 2.859
146 5 0.096 -0.207 2.839
146 6 -0.008 -0.350 2.763
146 7 0.068 -0.424 2.518
146 8 0.117 -0.456 2.389
146 9 0.411 -0.211 2.873
146 10 0.550 -0.370 2.775
146 11 0.513 -0.430 2.572
146 12 0.520 -0.474 2.537
146 13 0.173 -0.440 2.698
146 14 0.151 -0.572 2.264
146 15 0.151 -0.802 2.176
146 16 0.156 -0.847 2.104
146 17 0.335 -0.449 2.720
146 18 0.430 -0.565 2.298
146 19 0.429 -0.808 2.165
146 20 0.437 -0.852 2.082
147 1 0.259 -0.378 2.742
147 2 0.254 -0.348 2.787
147 3 0.247 -0.124 2.898
147 4 0.254 0.062 2.873
147 5 0.095 -0.208 2.846
147 6 -0.009 -0.349 2.777
147 7 0.054 -0.419 2.570
147 8 0.088 -0.438 2.472
147 9 0.408 -0.213 2.878
147 10 0.534 -0.373 2.776
147 11 0.504 -0.418 2.571
147 12 0.506 -0.454 2.528
147 13 0.191 -0.439 2.708
147 14 0.152 -0.567 2.272
147 15 0.152 -0.802 2.168
147 16 0.159 -0.845 2.090
147 17 0.345 -0.449 2.714
147 18 0.433 -0.564 2.301
147 19 0.429 -0.810 2.164
147 20 0.436 -0.853 2.084
148 1 0.238 -0.379 2.734
148 2 0.242 -0.353 2.787
148 3 0.244 -0.125 2.908
148 4 0.252 0.060 2.889
148 5 0.096 -0.209 2.854
148 6 0.002 -0.359 2.771
148 7 0.051 -0.425 2.578
148 8 0.074 -0.450 2.514
148 9 0.406 -0.214 2.882
148 10 0.517 -0.375 2.773
148 11 0.499 -0.413 2.569
148 12 0.495 -0.441 2.514
148 13 0.159 -0.425 2.701
148 14 0.151 -0.565 2.273
148 15 0.153 -0.798 2.171
148 16 0.160 -0.845 2.101
148 17 0.316 -0.445 2.683
148 18 0.435 -0.562 2.303
148 19 0.428 -0.813 2.163
148 20 0.434 -0.858 2.087
149 1 0.226 -0.380 2.730
149 2 0.233 -0.356 2.787
149 3 0.241 -0.125 2.918
149 4 0.250 0.059 2.899
149 5 0.097 -0.211 2.862
149 6 0.004 -0.360 2.774
149 7 0.049 -0.427 2.592
149 8 0.059 -0.455 2.555
149 9 0.403 -0.216 2.885
149 10 0.500 -0.368 2.777
149 11 0.467 -0.432 2.599
149 12 0.468 -0.445 2.521
149 13 0.142 -0.418 2.698
149 14 0.147 -0.574 2.277
149 15 0.155 -0.809 2.188
149 16 0.161 -0.844 2.109
149 17 0.297 -0.441 2.671
149 18 0.437 -0.559 2.306
149 19 0.428 -0.815 2.163
149 20 0.433 -0.863 2.090
150 1 0.219 -0.380 2.728
150 2 0.226 -0.358 2.788
150 3 0.239 -0.125 2.925
150 4 0.248 0.058 2.908
150 5 0.097 -0.212 2.867
150 6 0.007 -0.362 2.775
150 7 0.047 -0.435 2.599
150 8 0.055 -0.457 2.568
150 9 0.401 -0.218 2.887
150 10 0.472 -0.371 2.780
150 11 0.458 -0.439 2.605
150 12 0.458 -0.434 2.513
150 13 0.133 -0.415 2.696
150 14 0.145 -0.552 2.319
150 15 0.154 -0.808 2.176
150 16 0.160 -0.847 2.104
150 17 0.288 -0.439 2.665
150 18 0.439 -0.556 2.307
150 19 0.427 -0.817 2.162
150 20 0.431 -0.868 2.092
151 1 0.214 -0.379 2.727
151 2 0.221 -0.359 2.788
151 3 0.238 -0.126 2.929
151 4 0.246 0.057 2.914
151 5 0.097 -0.213 2.870
151 6 0.008 -0.365 2.775
151 7 0.048 -0.441 2.603
151 8 0.053 -0.462 2.575
151 9 0.398 -0.222 2.887
151 10 0.438 -0.379 2.770
151 11 0.464 -0.454 2.603
151 12 0.471 -0.447 2.512
151 13 0.127 -0.413 2.695
151 14 0.144 -0.545 2.331
151 15 0.154 -0.806 2.168
151 16 0.160 -0.849 2.099
151 17 0.282 -0.437 2.662
151 18 0.441 -0.553 2.306
151 19 0.426 -0.819 2.162
151 20 0.435 -0.873 2.101
152 1 0.211 -0.379 2.726
152 2 0.218 -0.360 2.788
152 3 0.237 -0.126 2.931
152 4 0.244 0.056 2.919
152 5 0.097 -0.214 2.872
152 6 0.012 -0.373 2.769
152 7 0.049 -0.449 2.600
152 8 0.056 -0.478 2.566
152 9 0.397 -0.225 2.886
152 10 0.426 -0.383 2.765
152 11 0.472 -0.461 2.599
152 12 0.496 -0.465 2.517
152 13 0.123 -0.412 2.694
152 14 0.143 -0.542 2.337
152 15 0.154 -0.805 2.162
152 16 0.159 -0.851 2.096
152 17 0.278 -0.437 2.661
152 18 0.442 -0.551 2.306
152 19 0.426 -0.820 2.161
152 20 0.438 -0.875 2.106
153 1 0.208 -0.380 2.726
153 2 0.215 -0.361 2.788
153 3 0.236 -0.126 2.933
153 4 0.243 0.056 2.922
153 5 0.098 -0.215 2.874
153 6 0.029 -0.390 2.741
153 7 0.054 -0.476 2.574
153 8 0.061 -0.505 2.534
153 9 0.395 -0.229 2.884
153 10 0.384 -0.395 2.739
153 11 0.529 -0.438 2.657
153 12 0.567 -0.456 2.590
153 13 0.121 -0.412 2.693
153 14 0.142 -0.541 2.339
153 15 0.153 -0.804 2.159
153 16 0.158 -0.852 2.093
153 17 0.275 -0.436 2.660
153 18 0.443 -0.549 2.305
153 19 0.426 -0.821 2.161
153 20 0.440 -0.877 2.109
154 1 0.207 -0.380 2.725
154 2 0.213 -0.362 2.787
154 3 0.236 -0.126 2.934
154 4 0.242 0.055 2.924
154 5 0.098 -0.216 2.875
154 6 0.036 -0.397 2.730
154 7 0.057 -0.490 2.563
154 8 0.060 -0.536 2.531
154 9 0.394 -0.231 2.883
154 10 0.394 -0.392 2.739
154 11 0.522 -0.470 2.633
154 12 0.574 -0.481 2.587
154 13 0.119 -0.413 2.692
154 14 0.142 -0.546 2.330
154 15 0.153 -0.804 2.156
154 16 0.158 -0.853 2.091
154 17 0.273 -0.436 2.661
154 18 0.443 -0.548 2.304
154 19 0.426 -0.822 2.161
154 20 0.442 -0.877 2.111
155 1 0.205 -0.380 2.725
155 2 0.212 -0.362 2.787
155 3 0.236 -0.126 2.934
155 4 0.241 0.055 2.926
155 5 0.098 -0.217 2.875
155 6 0.040 -0.401 2.725
155 7 0.058 -0.497 2.560
155 8 0.061 -0.548 2.529
155 9 0.393 -0.232 2.881
155 10 0.406 -0.389 2.741
155 11 0.540 -0.505 2.662
155 12 0.586 -0.519 2.608
155 13 0.118 -0.414 2.691
155 14 0.143 -0.552 2.318
155 15 0.153 -0.803 2.154
155 16 0.157 -0.853 2.090
155 17 0.272 -0.436 2.663
155 18 0.445 -0.551 2.298
155 19 0.426 -0.823 2.160
155 20 0.444 -0.877 2.112
156 1 0.204 -0.380 2.725
156 2 0.211 -0.362 2.787
156 3 0.237 -0.126 2.934
156 4 0.239 0.054 2.928
156 5 0.099 -0.217 2.875
156 6 0.044 -0.399 2.726
156 7 0.058 -0.501 2.562
156 8 0.061 -0.553 2.534
156 9 0.393 -0.232 2.880
156 10 0.424 -0.383 2.747
156 11 0.541 -0.526 2.672
156 12 0.588 -0.540 2.617
156 13 0.119 -0.415 2.690
156 14 0.143 -0.556 2.310
156 15 0.153 -0.803 2.153
156 16 0.157 -0.854 2.089
156 17 0.271 -0.435 2.665
156 18 0.447 -0.555 2.292
156 19 0.425 -0.824 2.160
156 20 0.446 -0.877 2.113
157 1 0.204 -0.380 2.725
157 2 0.210 -0.362 2.787
157 3 0.239 -0.126 2.932
157 4 0.238 0.054 2.930
157 5 0.100 -0.218 2.874
157 6 0.047 -0.393 2.731
157 7 0.059 -0.501 2.570
157 8 0.071 -0.544 2.541
157 9 0.393 -0.232 2.879
157 10 0.443 -0.379 2.755
157 11 0.516 -0.538 2.662
157 12 0.571 -0.556 2.613
157 13 0.119 -0.416 2.690
157 14 0.143 -0.559 2.305
157 15 0.153 -0.802 2.152
157 16 0.157 -0.854 2.088
157 17 0.272 -0.435 2.666
157 18 0.448 -0.557 2.288
157 19 0.425 -0.824 2.160
157 20 0.448 -0.876 2.113
158 1 0.204 -0.379 2.725
158 2 0.210 -0.362 2.787
158 3 0.240 -0.125 2.931
158 4 0.236 0.054 2.932
158 5 0.102 -0.219 2.873
158 6 0.050 -0.387 2.737
158 7 0.060 -0.499 2.577
158 8 0.076 -0.541 2.544
158 9 0.393 -0.232 2.879
158 10 0.457 -0.377 2.762
158 11 0.497 -0.542 2.656
158 12 0.553 -0.564 2.608
158 13 0.119 -0.416 2.690
158 14 0.144 -0.561 2.300
158 15 0.153 -0.802 2.151
158 16 0.156 -0.854 2.087
158 17 0.272 -0.435 2.668
158 18 0.449 -0.559 2.285
158 19 0.425 -0.824 2.160
158 20 0.449 -0.876 2.113
159 1 0.204 -0.379 2.725
159 2 0.210 -0.362 2.787
159 3 0.241 -0.125 2.930
159 4 0.235 0.054 2.935
159 5 0.103 -0.220 2.873
159 6 0.051 -0.383 2.741
159 7 0.061 -0.497 2.583
159 8 0.080 -0.533 2.547
159 9 0.393 -0.232 2.878
159 10 0.464 -0.376 2.766
159 11 0.487 -0.543 2.653
159 12 0.541 -0.568 2.604
159 13 0.119 -0.417 2.691
159 14 0.144 -0.562 2.297
159 15 0.153 -0.802 2.151
159 16 0.156 -0.854 2.087
159 17 0.272 -0.434 2.670
159 18 0.449 -0.560 2.283
159 19 0.425 -0.825 2.160
159 20 0.450 -0.875 2.113
160 1 0.204 -0.379 2.725
160 2 0.210 -0.362 2.787
160 3 0.243 -0.125 2.930
160 4 0.234 0.054 2.937
160 5 0.105 -0.220 2.872
160 6 0.052 -0.380 2.744
160 7 0.062 -0.495 2.587
160 8 0.081 -0.529 2.550
160 9 0.393 -0.231 2.877
160 10 0.468 -0.375 2.768
160 11 0.481 -0.542 2.651
160 12 0.532 -0.570 2.600
160 13 0.120 -0.417 2.692
160 14 0.144 -0.563 2.295
160 15 0.152 -0.802 2.150
160 16 0.156 -0.854 2.086
160 17 0.272 -0.434 2.671
160 18 0.449 -0.561 2.282
160 19 0.425 -0.825 2.159
160 20 0.450 -0.875 2.113
161 1 0.204 -0.379 2.725
161 2 0.210 -0.362 2.788
161 3 0.244 -0.125 2.930
161 4 0.233 0.054 2.942
161 5 0.107 -0.221 2.872
161 6 0.052 -0.378 2.747
161 7 0.062 -0.493 2.590
161 8 0.076 -0.529 2.557
161 9 0.394 -0.231 2.876
161 10 0.468 -0.376 2.767
161 11 0.483 -0.542 2.650
161 12 0.529 -0.572 2.599
161 13 0.120 -0.418 2.693
161 14 0.144 -0.563 2.294
161 15 0.152 -0.802 2.150
161 16 0.155 -0.854 2.086
161 17 0.272 -0.434 2.671
161 18 0.449 -0.562 2.281
161 19 0.425 -0.825 2.159
161 20 0.451 -0.874 2.112
162 1 0.204 -0.379 2.725
162 2 0.210 -0.362 2.788
162 3 0.245 -0.125 2.930
162 4 0.232 0.054 2.947
162 5 0.110 -0.222 2.873
162 6 0.052 -0.377 2.749
162 7 0.063 -0.490 2.593
162 8 0.068 -0.527 2.565
162 9 0.395 -0.231 2.874
162 10 0.465 -0.378 2.764
162 11 0.492 -0.539 2.650
162 12 0.529 -0.572 2.598
162 13 0.120 -0.418 2.695
162 14 0.144 -0.564 2.293
162 15 0.152 -0.802 2.150
162 16 0.155 -0.855 2.086
162 17 0.273 -0.434 2.672
162 18 0.449 -0.562 2.280
162 19 0.425 -0.825 2.159
162 20 0.451 -0.874 2.111
163 1 0.204 -0.379 2.725
163 2 0.210 -0.362 2.788
163 3 0.246 -0.125 2.930
163 4 0.231 0.054 2.951
163 5 0.112 -0.223 2.874
163 6 0.053 -0.376 2.752
163 7 0.064 -0.487 2.595
163 8 0.064 -0.527 2.569
163 9 0.395 -0.232 2.873
163 10 0.461 -0.382 2.761
163 11 0.506 -0.538 2.653
163 12 0.533 -0.572 2.597
163 13 0.120 -0.418 2.696
163 14 0.144 -0.564 2.292
163 15 0.152 -0.802 2.150
163 16 0.154 -0.855 2.086
163 17 0.273 -0.434 2.673
163 18 0.449 -0.564 2.280
163 19 0.426 -0.825 2.159
163 20 0.451 -0.873 2.111
164 1 0.204 -0.379 2.726
164 2 0.211 -0.363 2.788
164 3 0.247 -0.125 2.931
164 4 0.233 0.054 2.958
164 5 0.115 -0.225 2.875
164 6 0.065 -0.396 2.735
164 7 0.054 -0.492 2.569
164 8 0.050 -0.533 2.559
164 9 0.395 -0.234 2.871
164 10 0.458 -0.385 2.759
164 11 0.529 -0.535 2.663
164 12 0.557 -0.567 2.606
164 13 0.121 -0.419 2.697
164 14 0.145 -0.564 2.292
164 15 0.152 -0.802 2.149
164 16 0.154 -0.855 2.085
164 17 0.273 -0.434 2.673
164 18 0.449 -0.564 2.280
164 19 0.426 -0.825 2.158
164 20 0.451 -0.873 2.110
165 1 0.204 -0.379 2.726
165 2 0.211 -0.363 2.789
165 3 0.248 -0.125 2.932
165 4 0.235 0.054 2.964
165 5 0.117 -0.226 2.876
165 6 0.069 -0.402 2.731
165 7 0.051 -0.495 2.563
165 8 0.036 -0.540 2.552
165 9 0.394 -0.237 2.868
165 10 0.456 -0.389 2.757
165 11 0.545 -0.532 2.667
165 12 0.576 -0.562 2.609
165 13 0.121 -0.419 2.697
165 14 0.145 -0.564 2.291
165 15 0.152 -0.802 2.149
165 16 0.153 -0.856 2.085
165 17 0.273 -0.434 2.673
165 18 0.449 -0.565 2.280
165 19 0.426 -0.825 2.158
165 20 0.452 -0.873 2.110
166 1 0.204 -0.380 2.726
166 2 0.211 -0.364 2.789
166 3 0.248 -0.126 2.933
166 4 0.237 0.054 2.968
166 5 0.118 -0.227 2.877
166 6 0.072 -0.405 2.728
166 7 0.050 -0.496 2.559
166 8 0.034 -0.545 2.544
166 9 0.393 -0.240 2.866
166 10 0.484 -0.388 2.774
166 11 0.511 -0.516 2.654
166 12 0.555 -0.549 2.600
166 13 0.122 -0.420 2.698
166 14 0.145 -0.564 2.291
166 15 0.152 -0.802 2.149
166 16 0.152 -0.856 2.085
166 17 0.273 -0.435 2.674
166 18 0.449 -0.566 2.279
166 19 0.426 -0.826 2.158
166 20 0.452 -0.872 2.109
167 1 0.205 -0.380 2.726
167 2 0.211 -0.364 2.789
167 3 0.248 -0.126 2.934
167 4 0.238 0.053 2.970
167 5 0.120 -0.228 2.878
167 6 0.073 -0.407 2.727
167 7 0.051 -0.498 2.557
167 8 0.037 -0.548 2.538
167 9 0.393 -0.242 2.865
167 10 0.500 -0.385 2.782
167 11 0.474 -0.497 2.642
167 12 0.528 -0.532 2.589
167 13 0.122 -0.420 2.698
167 14 0.146 -0.564 2.291
167 15 0.152 -0.802 2.148
167 16 0.152 -0.857 2.085
167 17 0.273 -0.435 2.674
167 18 0.449 -0.566 2.279
167 19 0.426 -0.826 2.158
167 20 0.452 -0.872 2.109
168 1 0.205 -0.381 2.726
168 2 0.212 -0.365 2.790
168 3 0.248 -0.127 2.935
168 4 0.238 0.053 2.972
168 5 0.121 -0.228 2.878
168 6 0.073 -0.409 2.726
168 7 0.052 -0.500 2.555
168 8 0.041 -0.549 2.533
168 9 0.392 -0.244 2.863
168 10 0.479 -0.394 2.769
168 11 0.496 -0.503 2.628
168 12 0.532 -0.531 2.581
168 13 0.123 -0.420 2.699
168 14 0.146 -0.564 2.291
168 15 0.152 -0.802 2.148
168 16 0.152 -0.857 2.084
168 17 0.273 -0.436 2.674
168 18 0.449 -0.566 2.279
168 19 0.426 -0.826 2.158
168 20 0.452 -0.871 2.108
169 1 0.205 -0.381 2.727
169 2 0.212 -0.366 2.790
169 3 0.248 -0.127 2.936
169 4 0.239 0.053 2.974
169 5 0.122 -0.229 2.878
169 6 0.072 -0.411 2.725
169 7 0.054 -0.501 2.554
169 8 0.051 -0.549 2.527
169 9 0.391 -0.245 2.863
169 10 0.425 -0.400 2.746
169 11 0.527 -0.488 2.656
169 12 0.559 -0.515 2.603
169 13 0.123 -0.421 2.699
169 14 0.147 -0.564 2.291
169 15 0.151 -0.802 2.148
169 16 0.151 -0.857 2.084
169 17 0.272 -0.436 2.674
169 18 0.449 -0.566 2.279
169 19 0.426 -0.826 2.157
169 20 0.452 -0.871 2.107
170 1 0.205 -0.382 2.727
170 2 0.212 -0.366 2.790
170 3 0.248 -0.127 2.936
170 4 0.239 0.053 2.975
170 5 0.123 -0.230 2.879
170 6 0.070 -0.411 2.726
170 7 0.055 -0.504 2.556
170 8 0.056 -0.550 2.526
170 9 0.390 -0.246 2.862
170 10 0.415 -0.402 2.742
170 11 0.542 -0.490 2.661
170 12 0.573 -0.516 2.606
170 13 0.123 -0.421 2.700
170 14 0.147 -0.564 2.291
170 15 0.151 -0.802 2.148
170 16 0.151 -0.857 2.084
170 17 0.272 -0.437 2.675
170 18 0.448 -0.567 2.279
170 19 0.426 -0.826 2.157
170 20 0.452 -0.871 2.107
171 1 0.205 -0.383 2.727
171 2 0.212 -0.367 2.791
171 3 0.248 -0.127 2.937
171 4 0.239 0.053 2.975
171 5 0.123 -0.230 2.878
171 6 0.069 -0.411 2.726
171 7 0.054 -0.507 2.558
171 8 0.058 -0.551 2.524
171 9 0.389 -0.247 2.862
171 10 0.409 -0.403 2.739
171 11 0.555 -0.494 2.671
171 12 0.587 -0.519 2.615
171 13 0.124 -0.422 2.700
171 14 0.148 -0.563 2.291
171 15 0.151 -0.802 2.147
171 16 0.151 -0.857 2.084
171 17 0.272 -0.438 2.675
171 18 0.448 -0.566 2.279
171 19 0.426 -0.826 2.157
171 20 0.452 -0.870 2.106
172 1 0.205 -0.383 2.727
172 2 0.212 -0.368 2.791
172 3 0.248 -0.127 2.937
172 4 0.239 0.053 2.975
172 5 0.124 -0.230 2.879
172 6 0.068 -0.410 2.727
172 7 0.055 -0.511 2.563
172 8 0.060 -0.552 2.524
172 9 0.389 -0.247 2.862
172 10 0.401 -0.403 2.735
172 11 0.562 -0.492 2.682
172 12 0.594 -0.517 2.625
172 13 0.124 -0.422 2.701
172 14 0.148 -0.563 2.291
172 15 0.152 -0.802 2.147
172 16 0.151 -0.858 2.084
172 17 0.272 -0.438 2.675
172 18 0.448 -0.566 2.279
172 19 0.426 -0.826 2.156
172 20 0.451 -0.870 2.105
173 1 0.205 -0.384 2.727
173 2 0.212 -0.368 2.791
173 3 0.248 -0.128 2.938
173 4 0.238 0.052 2.974
173 5 0.124 -0.230 2.879
173 6 0.063 -0.409 2.727
173 7 0.062 -0.516 2.567
173 8 0.065 -0.552 2.525
173 9 0.389 -0.247 2.862
173 10 0.398 -0.403 2.734
173 11 0.566 -0.493 2.687
173 12 0.598 -0.518 2.628
173 13 0.124 -0.422 2.701
173 14 0.150 -0.562 2.292
173 15 0.152 -0.802 2.147
173 16 0.152 -0.858 2.084
173 17 0.272 -0.439 2.675
173 18 0.447 -0.566 2.279
173 19 0.426 -0.825 2.156
173 20 0.450 -0.870 2.104
174 1 0.205 -0.384 2.727
174 2 0.212 -0.369 2.791
174 3 0.248 -0.128 2.938
174 4 0.238 0.052 2.972
174 5 0.124 -0.230 2.878
174 6 0.060 -0.406 2.729
174 7 0.065 -0.517 2.573
174 8 0.069 -0.552 2.528
174 9 0.388 -0.247 2.862
174 10 0.406 -0.400 2.736
174 11 0.563 -0.510 2.693
174 12 0.599 -0.527 2.632
174 13 0.124 -0.422 2.701
174 14 0.151 -0.562 2.292
174 15 0.153 -0.802 2.147
174 16 0.153 -0.858 2.084
174 17 0.272 -0.439 2.676
174 18 0.447 -0.566 2.279
174 19 0.426 -0.825 2.156
174 20 0.448 -0.870 2.103
175 1 0.205 -0.385 2.727
175 2 0.212 -0.369 2.792
175 3 0.248 -0.128 2.938
175 4 0.237 0.051 2.970
175 5 0.124 -0.230 2.878
175 6 0.058 -0.404 2.731
175 7 0.066 -0.520 2.580
175 8 0.071 -0.551 2.532
175 9 0.388 -0.247 2.862
175 10 0.406 -0.401 2.736
175 11 0.565 -0.512 2.696
175 12 0.602 -0.528 2.636
175 13 0.125 -0.422 2.701
175 14 0.152 -0.562 2.293
175 15 0.153 -0.803 2.147
175 16 0.153 -0.858 2.084
175 17 0.271 -0.440 2.676
175 18 0.446 -0.565 2.279
175 19 0.425 -0.825 2.155
175 20 0.447 -0.870 2.102
176 1 0.205 -0.385 2.728
176 2 0.212 -0.369 2.792
176 3 0.248 -0.128 2.938
176 4 0.237 0.050 2.967
176 5 0.124 -0.230 2.878
176 6 0.056 -0.402 2.733
176 7 0.067 -0.521 2.583
176 8 0.073 -0.551 2.535
176 9 0.388 -0.247 2.862
176 10 0.419 -0.399 2.741
176 11 0.558 -0.525 2.692
176 12 0.598 -0.538 2.634
176 13 0.125 -0.422 2.701
176 14 0.153 -0.561 2.294
176 15 0.154 -0.803 2.147
176 16 0.154 -0.858 2.084
176 17 0.271 -0.440 2.676
176 18 0.446 -0.565 2.279
176 19 0.425 -0.825 2.155
176 20 0.446 -0.870 2.102
