1 1 0.108 0.098 1.940
1 2 0.110 0.166 1.992
1 3 0.103 0.551 2.000
1 4 0.100 0.722 1.961
1 5 -0.057 0.431 2.017
1 6 -0.104 0.150 2.001
1 7 -0.113 -0.061 1.949
1 8 -0.106 -0.125 1.934
1 9 0.261 0.418 1.998
1 10 0.325 0.137 1.970
1 11 0.345 -0.071 1.907
1 12 0.328 -0.157 1.875
1 13 0.038 0.027 1.935
1 14 0.005 -0.417 1.973
1 15 -0.010 -0.750 2.009
1 16 -0.018 -0.820 1.975
1 17 0.179 0.026 1.924
1 18 0.218 -0.420 1.961
1 19 0.225 -0.749 1.994
1 20 0.220 -0.781 1.903
2 1 0.109 0.098 1.941
2 2 0.111 0.166 1.994
2 3 0.103 0.551 2.000
2 4 0.100 0.721 1.960
2 5 -0.056 0.432 2.020
2 6 -0.103 0.150 2.004
2 7 -0.112 -0.061 1.952
2 8 -0.105 -0.124 1.937
2 9 0.262 0.419 1.997
2 10 0.326 0.137 1.970
2 11 0.346 -0.071 1.908
2 12 0.329 -0.156 1.876
2 13 0.038 0.027 1.937
2 14 0.006 -0.417 1.975
2 15 -0.010 -0.749 2.009
2 16 -0.017 -0.821 1.975
2 17 0.180 0.026 1.926
2 18 0.219 -0.419 1.962
2 19 0.225 -0.749 1.995
2 20 0.220 -0.781 1.906
3 1 0.110 0.099 1.943
3 2 0.112 0.166 1.995
3 3 0.104 0.550 2.000
3 4 0.100 0.721 1.958
3 5 -0.056 0.433 2.022
3 6 -0.101 0.150 2.007
3 7 -0.111 -0.061 1.954
3 8 -0.104 -0.124 1.940
3 9 0.263 0.419 1.997
3 10 0.328 0.138 1.970
3 11 0.347 -0.071 1.908
3 12 0.330 -0.156 1.877
3 13 0.039 0.027 1.939
3 14 0.007 -0.416 1.977
3 15 -0.009 -0.749 2.008
3 16 -0.016 -0.821 1.976
3 17 0.182 0.026 1.928
3 18 0.221 -0.418 1.963
3 19 0.225 -0.749 1.996
3 20 0.220 -0.782 1.908
4 1 0.111 0.099 1.945
4 2 0.114 0.167 1.997
4 3 0.105 0.550 2.000
4 4 0.100 0.720 1.958
4 5 -0.055 0.433 2.024
4 6 -0.100 0.150 2.009
4 7 -0.110 -0.061 1.956
4 8 -0.103 -0.123 1.942
4 9 0.265 0.419 1.997
4 10 0.329 0.138 1.971
4 11 0.348 -0.071 1.909
4 12 0.331 -0.156 1.878
4 13 0.040 0.027 1.941
4 14 0.009 -0.416 1.979
4 15 -0.009 -0.749 2.008
4 16 -0.015 -0.821 1.976
4 17 0.183 0.026 1.930
4 18 0.222 -0.418 1.964
4 19 0.226 -0.749 1.997
4 20 0.220 -0.783 1.910
5 1 0.112 0.099 1.947
5 2 0.115 0.167 1.998
5 3 0.106 0.550 2.000
5 4 0.101 0.720 1.957
5 5 -0.054 0.433 2.026
5 6 -0.099 0.150 2.011
5 7 -0.109 -0.061 1.958
5 8 -0.102 -0.123 1.943
5 9 0.266 0.419 1.997
5 10 0.330 0.138 1.971
5 11 0.349 -0.070 1.910
5 12 0.332 -0.156 1.879
5 13 0.041 0.027 1.943
5 14 0.010 -0.415 1.981
5 15 -0.009 -0.749 2.008
5 16 -0.014 -0.821 1.977
5 17 0.184 0.026 1.931
5 18 0.224 -0.417 1.965
5 19 0.226 -0.749 1.997
5 20 0.220 -0.783 1.911
6 1 0.113 0.099 1.948
6 2 0.116 0.167 2.000
6 3 0.108 0.549 2.000
6 4 0.101 0.719 1.956
6 5 -0.054 0.434 2.027
6 6 -0.098 0.150 2.012
6 7 -0.108 -0.061 1.959
6 8 -0.102 -0.122 1.944
6 9 0.267 0.419 1.996
6 10 0.332 0.139 1.971
6 11 0.350 -0.070 1.910
6 12 0.333 -0.156 1.880
6 13 0.041 0.027 1.945
6 14 0.011 -0.415 1.982
6 15 -0.009 -0.749 2.008
6 16 -0.014 -0.822 1.978
6 17 0.185 0.026 1.933
6 18 0.225 -0.416 1.967
6 19 0.227 -0.749 1.998
6 20 0.220 -0.784 1.912
7 1 0.114 0.099 1.950
7 2 0.118 0.167 2.001
7 3 0.109 0.549 2.001
7 4 0.102 0.719 1.955
7 5 -0.053 0.434 2.028
7 6 -0.097 0.150 2.013
7 7 -0.107 -0.062 1.960
7 8 -0.101 -0.122 1.945
7 9 0.269 0.419 1.997
7 10 0.334 0.139 1.972
7 11 0.351 -0.070 1.911
7 12 0.334 -0.156 1.881
7 13 0.042 0.027 1.946
7 14 0.011 -0.414 1.984
7 15 -0.009 -0.749 2.008
7 16 -0.013 -0.822 1.978
7 17 0.187 0.026 1.935
7 18 0.227 -0.415 1.968
7 19 0.227 -0.749 1.998
7 20 0.220 -0.784 1.913
8 1 0.115 0.099 1.952
8 2 0.119 0.168 2.003
8 3 0.111 0.548 2.001
8 4 0.103 0.718 1.954
8 5 -0.052 0.434 2.029
8 6 -0.096 0.150 2.014
8 7 -0.106 -0.062 1.961
8 8 -0.100 -0.122 1.946
8 9 0.271 0.419 1.997
8 10 0.335 0.140 1.973
8 11 0.352 -0.070 1.912
8 12 0.336 -0.156 1.882
8 13 0.043 0.027 1.948
8 14 0.012 -0.414 1.985
8 15 -0.009 -0.749 2.007
8 16 -0.012 -0.822 1.978
8 17 0.189 0.026 1.937
8 18 0.229 -0.415 1.970
8 19 0.227 -0.749 1.999
8 20 0.220 -0.784 1.914
9 1 0.117 0.099 1.953
9 2 0.121 0.168 2.004
9 3 0.113 0.548 2.001
9 4 0.104 0.718 1.954
9 5 -0.051 0.434 2.030
9 6 -0.096 0.150 2.015
9 7 -0.106 -0.062 1.962
9 8 -0.100 -0.122 1.946
9 9 0.274 0.419 1.998
9 10 0.337 0.140 1.974
9 11 0.354 -0.069 1.912
9 12 0.337 -0.155 1.883
9 13 0.044 0.027 1.949
9 14 0.013 -0.414 1.986
9 15 -0.008 -0.749 2.007
9 16 -0.012 -0.822 1.979
9 17 0.190 0.026 1.939
9 18 0.230 -0.414 1.971
9 19 0.228 -0.749 1.999
9 20 0.221 -0.784 1.914
10 1 0.118 0.100 1.955
10 2 0.122 0.168 2.006
10 3 0.115 0.547 2.002
10 4 0.106 0.718 1.954
10 5 -0.050 0.434 2.031
10 6 -0.095 0.150 2.016
10 7 -0.105 -0.062 1.963
10 8 -0.099 -0.122 1.947
10 9 0.276 0.419 1.999
10 10 0.339 0.141 1.975
10 11 0.355 -0.069 1.914
10 12 0.338 -0.155 1.884
10 13 0.046 0.027 1.951
10 14 0.013 -0.413 1.987
10 15 -0.008 -0.749 2.007
10 16 -0.011 -0.799 1.943
10 17 0.192 0.026 1.941
10 18 0.231 -0.414 1.973
10 19 0.228 -0.749 2.000
10 20 0.221 -0.785 1.915
11 1 0.120 0.100 1.957
11 2 0.124 0.168 2.007
11 3 0.118 0.547 2.002
11 4 0.107 0.717 1.954
11 5 -0.048 0.435 2.031
11 6 -0.094 0.150 2.016
11 7 -0.104 -0.062 1.963
11 8 -0.097 -0.122 1.947
11 9 0.279 0.419 2.000
11 10 0.340 0.141 1.976
11 11 0.357 -0.069 1.915
11 12 0.339 -0.155 1.885
11 13 0.047 0.027 1.952
11 14 0.014 -0.413 1.988
11 15 -0.008 -0.749 2.007
11 16 -0.011 -0.788 1.924
11 17 0.194 0.026 1.943
11 18 0.233 -0.413 1.974
11 19 0.229 -0.749 2.000
11 20 0.221 -0.785 1.915
12 1 0.122 0.100 1.958
12 2 0.125 0.168 2.009
12 3 0.120 0.547 2.003
12 4 0.109 0.717 1.954
12 5 -0.046 0.435 2.032
12 6 -0.093 0.150 2.016
12 7 -0.103 -0.062 1.963
12 8 -0.096 -0.122 1.946
12 9 0.282 0.419 2.001
12 10 0.342 0.141 1.977
12 11 0.358 -0.069 1.916
12 12 0.340 -0.155 1.887
12 13 0.049 0.027 1.954
12 14 0.015 -0.413 1.989
12 15 -0.008 -0.749 2.007
12 16 -0.011 -0.782 1.916
12 17 0.195 0.026 1.944
12 18 0.234 -0.413 1.976
12 19 0.229 -0.749 2.000
12 20 0.222 -0.785 1.916
13 1 0.123 0.100 1.960
13 2 0.127 0.168 2.010
13 3 0.122 0.546 2.004
13 4 0.112 0.717 1.954
13 5 -0.043 0.435 2.033
13 6 -0.093 0.150 2.017
13 7 -0.102 -0.061 1.964
13 8 -0.094 -0.123 1.946
13 9 0.284 0.419 2.003
13 10 0.344 0.141 1.979
13 11 0.359 -0.068 1.917
13 12 0.341 -0.154 1.888
13 13 0.050 0.027 1.955
13 14 0.016 -0.413 1.990
13 15 -0.007 -0.749 2.007
13 16 -0.010 -0.779 1.911
13 17 0.197 0.026 1.946
13 18 0.235 -0.413 1.977
13 19 0.229 -0.749 2.001
13 20 0.222 -0.785 1.916
14 1 0.125 0.100 1.961
14 2 0.129 0.168 2.011
14 3 0.124 0.546 2.005
14 4 0.114 0.717 1.955
14 5 -0.041 0.435 2.033
14 6 -0.092 0.150 2.017
14 7 -0.100 -0.061 1.964
14 8 -0.092 -0.123 1.945
14 9 0.287 0.419 2.005
14 10 0.346 0.141 1.980
14 11 0.360 -0.068 1.918
14 12 0.342 -0.154 1.888
14 13 0.052 0.027 1.956
14 14 0.017 -0.413 1.990
14 15 -0.007 -0.749 2.007
14 16 -0.010 -0.777 1.908
14 17 0.199 0.026 1.948
14 18 0.236 -0.413 1.978
14 19 0.230 -0.749 2.001
14 20 0.223 -0.785 1.916
15 1 0.127 0.100 1.962
15 2 0.131 0.168 2.013
15 3 0.127 0.546 2.006
15 4 0.117 0.717 1.956
15 5 -0.037 0.435 2.033
15 6 -0.090 0.150 2.017
15 7 -0.099 -0.061 1.963
15 8 -0.090 -0.124 1.943
15 9 0.290 0.419 2.006
15 10 0.348 0.141 1.982
15 11 0.361 -0.068 1.919
15 12 0.343 -0.154 1.889
15 13 0.053 0.027 1.957
15 14 0.017 -0.413 1.991
15 15 -0.006 -0.749 2.007
15 16 -0.005 -0.804 1.948
15 17 0.201 0.026 1.949
15 18 0.237 -0.413 1.979
15 19 0.230 -0.749 2.002
15 20 0.224 -0.786 1.917
16 1 0.129 0.099 1.964
16 2 0.132 0.168 2.014
16 3 0.129 0.546 2.007
16 4 0.120 0.718 1.957
16 5 -0.034 0.435 2.034
16 6 -0.089 0.150 2.017
16 7 -0.096 -0.061 1.963
16 8 -0.087 -0.124 1.942
16 9 0.293 0.419 2.008
16 10 0.350 0.141 1.984
16 11 0.362 -0.068 1.920
16 12 0.344 -0.154 1.890
16 13 0.055 0.027 1.958
16 14 0.019 -0.414 1.992
16 15 -0.006 -0.749 2.007
16 16 -0.001 -0.821 1.975
16 17 0.203 0.026 1.951
16 18 0.238 -0.413 1.980
16 19 0.231 -0.749 2.002
16 20 0.224 -0.786 1.917
17 1 0.132 0.099 1.965
17 2 0.134 0.168 2.016
17 3 0.132 0.545 2.008
17 4 0.123 0.718 1.958
17 5 -0.031 0.435 2.034
17 6 -0.088 0.150 2.017
17 7 -0.094 -0.061 1.962
17 8 -0.084 -0.125 1.940
17 9 0.296 0.418 2.010
17 10 0.352 0.141 1.985
17 11 0.363 -0.068 1.921
17 12 0.344 -0.154 1.891
17 13 0.058 0.027 1.960
17 14 0.020 -0.414 1.993
17 15 -0.003 -0.750 2.009
17 16 -0.000 -0.826 1.982
17 17 0.206 0.026 1.953
17 18 0.239 -0.413 1.981
17 19 0.231 -0.750 2.002
17 20 0.225 -0.786 1.917
18 1 0.134 0.099 1.967
18 2 0.137 0.168 2.017
18 3 0.134 0.545 2.009
18 4 0.127 0.718 1.959
18 5 -0.028 0.435 2.034
18 6 -0.086 0.151 2.017
18 7 -0.092 -0.060 1.962
18 8 -0.081 -0.125 1.939
18 9 0.299 0.418 2.012
18 10 0.353 0.141 1.987
18 11 0.364 -0.068 1.922
18 12 0.345 -0.153 1.891
18 13 0.060 0.026 1.961
18 14 0.022 -0.415 1.995
18 15 0.001 -0.752 2.014
18 16 -0.001 -0.827 1.986
18 17 0.208 0.026 1.955
18 18 0.240 -0.414 1.983
18 19 0.232 -0.750 2.003
18 20 0.226 -0.786 1.918
19 1 0.136 0.099 1.968
19 2 0.139 0.168 2.018
19 3 0.137 0.545 2.009
19 4 0.130 0.718 1.959
19 5 -0.025 0.436 2.034
19 6 -0.084 0.151 2.017
19 7 -0.089 -0.060 1.961
19 8 -0.078 -0.125 1.937
19 9 0.302 0.418 2.013
19 10 0.355 0.141 1.988
19 11 0.365 -0.068 1.922
19 12 0.346 -0.153 1.892
19 13 0.062 0.026 1.963
19 14 0.024 -0.416 1.996
19 15 0.005 -0.753 2.019
19 16 -0.003 -0.824 1.987
19 17 0.211 0.026 1.957
19 18 0.241 -0.414 1.984
19 19 0.232 -0.750 2.003
19 20 0.227 -0.787 1.918
20 1 0.139 0.099 1.970
20 2 0.141 0.168 2.020
20 3 0.140 0.544 2.009
20 4 0.133 0.718 1.959
20 5 -0.023 0.436 2.034
20 6 -0.081 0.151 2.018
20 7 -0.086 -0.060 1.961
20 8 -0.074 -0.125 1.936
20 9 0.304 0.418 2.014
20 10 0.357 0.141 1.989
20 11 0.366 -0.068 1.923
20 12 0.347 -0.153 1.892
20 13 0.065 0.026 1.965
20 14 0.027 -0.418 1.999
20 15 0.007 -0.754 2.021
20 16 -0.004 -0.822 1.985
20 17 0.214 0.025 1.960
20 18 0.243 -0.414 1.986
20 19 0.233 -0.750 2.003
20 20 0.229 -0.787 1.918
21 1 0.142 0.099 1.972
21 2 0.143 0.168 2.021
21 3 0.143 0.544 2.008
21 4 0.137 0.718 1.959
21 5 -0.020 0.436 2.034
21 6 -0.078 0.151 2.018
21 7 -0.083 -0.060 1.961
21 8 -0.070 -0.126 1.936
21 9 0.307 0.418 2.015
21 10 0.358 0.141 1.990
21 11 0.366 -0.068 1.923
21 12 0.347 -0.153 1.892
21 13 0.068 0.026 1.968
21 14 0.030 -0.419 2.001
21 15 0.009 -0.755 2.022
21 16 -0.006 -0.819 1.983
21 17 0.217 0.025 1.963
21 18 0.245 -0.414 1.987
21 19 0.234 -0.750 2.004
21 20 0.230 -0.787 1.919
22 1 0.144 0.098 1.975
22 2 0.145 0.168 2.022
22 3 0.147 0.542 2.006
22 4 0.141 0.716 1.956
22 5 -0.018 0.435 2.033
22 6 -0.074 0.151 2.018
22 7 -0.079 -0.060 1.962
22 8 -0.066 -0.127 1.936
22 9 0.309 0.418 2.015
22 10 0.360 0.141 1.991
22 11 0.367 -0.068 1.923
22 12 0.348 -0.153 1.892
22 13 0.071 0.025 1.972
22 14 0.032 -0.420 2.003
22 15 0.010 -0.755 2.021
22 16 -0.006 -0.819 1.982
22 17 0.220 0.025 1.967
22 18 0.247 -0.414 1.989
22 19 0.234 -0.750 2.004
22 20 0.230 -0.787 1.919
23 1 0.147 0.098 1.978
23 2 0.148 0.168 2.023
23 3 0.151 0.540 2.002
23 4 0.145 0.713 1.949
23 5 -0.016 0.435 2.032
23 6 -0.071 0.150 2.018
23 7 -0.075 -0.061 1.962
23 8 -0.061 -0.128 1.937
23 9 0.311 0.418 2.015
23 10 0.362 0.141 1.992
23 11 0.367 -0.068 1.924
23 12 0.348 -0.153 1.892
23 13 0.074 0.024 1.978
23 14 0.035 -0.421 2.004
23 15 0.010 -0.755 2.019
23 16 -0.006 -0.819 1.981
23 17 0.223 0.024 1.972
23 18 0.249 -0.414 1.992
23 19 0.235 -0.751 2.004
23 20 0.231 -0.788 1.919
24 1 0.150 0.096 1.983
24 2 0.150 0.167 2.024
24 3 0.156 0.535 1.996
24 4 0.149 0.708 1.940
24 5 -0.013 0.434 2.031
24 6 -0.067 0.149 2.019
24 7 -0.070 -0.063 1.964
24 8 -0.055 -0.132 1.940
24 9 0.314 0.417 2.013
24 10 0.365 0.140 1.992
24 11 0.368 -0.068 1.923
24 12 0.348 -0.153 1.892
24 13 0.077 0.023 1.985
24 14 0.036 -0.422 2.006
24 15 0.010 -0.754 2.017
24 16 -0.005 -0.820 1.979
24 17 0.227 0.022 1.979
24 18 0.252 -0.414 1.994
24 19 0.236 -0.751 2.004
24 20 0.232 -0.788 1.919
25 1 0.153 0.094 1.988
25 2 0.152 0.167 2.025
25 3 0.161 0.526 1.986
25 4 0.152 0.700 1.926
25 5 -0.010 0.432 2.028
25 6 -0.063 0.147 2.020
25 7 -0.064 -0.066 1.967
25 8 -0.048 -0.136 1.944
25 9 0.317 0.416 2.009
25 10 0.369 0.138 1.991
25 11 0.368 -0.069 1.923
25 12 0.348 -0.153 1.892
25 13 0.080 0.020 1.994
25 14 0.038 -0.422 2.007
25 15 0.010 -0.754 2.014
25 16 -0.004 -0.820 1.978
25 17 0.230 0.019 1.987
25 18 0.254 -0.414 1.996
25 19 0.236 -0.751 2.004
25 20 0.233 -0.789 1.919
26 1 0.157 0.091 1.996
26 2 0.155 0.165 2.026
26 3 0.164 0.514 1.975
26 4 0.153 0.690 1.908
26 5 -0.007 0.428 2.024
26 6 -0.059 0.143 2.021
26 7 -0.059 -0.071 1.970
26 8 -0.042 -0.140 1.950
26 9 0.321 0.412 2.003
26 10 0.373 0.135 1.989
26 11 0.369 -0.072 1.922
26 12 0.348 -0.153 1.892
26 13 0.083 0.016 2.005
26 14 0.040 -0.422 2.008
26 15 0.011 -0.753 2.010
26 16 0.001 -0.804 1.938
26 17 0.234 0.014 1.998
26 18 0.256 -0.415 1.997
26 19 0.237 -0.751 2.004
26 20 0.233 -0.789 1.919
27 1 0.160 0.085 2.005
27 2 0.158 0.162 2.027
27 3 0.167 0.501 1.963
27 4 0.154 0.680 1.893
27 5 -0.003 0.420 2.017
27 6 -0.054 0.136 2.023
27 7 -0.050 -0.079 1.976
27 8 -0.037 -0.145 1.957
27 9 0.325 0.405 1.994
27 10 0.379 0.128 1.985
27 11 0.370 -0.079 1.921
27 12 0.348 -0.154 1.892
27 13 0.086 0.011 2.019
27 14 0.041 -0.422 2.009
27 15 0.011 -0.752 2.005
27 16 0.005 -0.795 1.916
27 17 0.237 0.007 2.012
27 18 0.259 -0.415 2.000
27 19 0.238 -0.751 2.004
27 20 0.233 -0.789 1.919
28 1 0.163 0.079 2.015
28 2 0.161 0.157 2.029
28 3 0.167 0.480 1.949
28 4 0.153 0.665 1.875
28 5 -0.001 0.410 2.010
28 6 -0.049 0.129 2.025
28 7 -0.044 -0.088 1.983
28 8 -0.035 -0.149 1.965
28 9 0.328 0.396 1.985
28 10 0.384 0.119 1.980
28 11 0.371 -0.089 1.919
28 12 0.348 -0.157 1.893
28 13 0.088 0.004 2.034
28 14 0.043 -0.422 2.010
28 15 0.012 -0.751 2.000
28 16 0.007 -0.792 1.906
28 17 0.241 -0.000 2.026
28 18 0.261 -0.416 2.002
28 19 0.238 -0.751 2.003
28 20 0.234 -0.790 1.919
29 1 0.166 0.068 2.028
29 2 0.165 0.145 2.033
29 3 0.166 0.459 1.936
29 4 0.151 0.646 1.857
29 5 0.001 0.391 1.999
29 6 -0.046 0.115 2.028
29 7 -0.039 -0.103 1.992
29 8 -0.034 -0.167 1.979
29 9 0.332 0.382 1.975
29 10 0.389 0.104 1.974
29 11 0.372 -0.105 1.918
29 12 0.347 -0.168 1.897
29 13 0.090 -0.007 2.050
29 14 0.044 -0.421 2.011
29 15 0.013 -0.749 1.995
29 16 0.009 -0.790 1.899
29 17 0.244 -0.010 2.042
29 18 0.264 -0.416 2.004
29 19 0.239 -0.750 2.003
29 20 0.235 -0.791 1.919
30 1 0.168 0.054 2.040
30 2 0.168 0.129 2.038
30 3 0.166 0.436 1.926
30 4 0.149 0.621 1.840
30 5 0.002 0.368 1.988
30 6 -0.042 0.093 2.033
30 7 -0.036 -0.124 2.003
30 8 -0.033 -0.192 1.992
30 9 0.332 0.360 1.963
30 10 0.391 0.092 1.970
30 11 0.372 -0.124 1.918
30 12 0.346 -0.183 1.901
30 13 0.092 -0.019 2.065
30 14 0.046 -0.419 2.014
30 15 0.016 -0.747 1.991
30 16 0.010 -0.788 1.895
30 17 0.246 -0.022 2.056
30 18 0.266 -0.417 2.006
30 19 0.241 -0.750 2.001
30 20 0.236 -0.793 1.919
31 1 0.171 0.040 2.051
31 2 0.171 0.111 2.044
31 3 0.165 0.410 1.918
31 4 0.147 0.594 1.828
31 5 0.003 0.340 1.977
31 6 -0.041 0.077 2.036
31 7 -0.033 -0.140 2.012
31 8 -0.035 -0.210 2.005
31 9 0.332 0.340 1.955
31 10 0.392 0.059 1.965
31 11 0.368 -0.168 1.921
31 12 0.339 -0.223 1.904
31 13 0.095 -0.032 2.078
31 14 0.048 -0.415 2.020
31 15 0.017 -0.746 1.987
31 16 0.012 -0.788 1.893
31 17 0.249 -0.034 2.069
31 18 0.268 -0.418 2.008
31 19 0.242 -0.749 1.999
31 20 0.237 -0.794 1.918
32 1 0.173 0.020 2.063
32 2 0.173 0.087 2.050
32 3 0.162 0.379 1.912
32 4 0.146 0.570 1.820
32 5 0.003 0.318 1.970
32 6 -0.041 0.052 2.041
32 7 -0.031 -0.165 2.023
32 8 -0.035 -0.236 2.021
32 9 0.330 0.312 1.947
32 10 0.392 0.033 1.964
32 11 0.367 -0.188 1.923
32 12 0.338 -0.246 1.909
32 13 0.098 -0.049 2.092
32 14 0.050 -0.413 2.025
32 15 0.019 -0.745 1.985
32 16 0.015 -0.789 1.893
32 17 0.250 -0.050 2.083
32 18 0.270 -0.419 2.008
32 19 0.245 -0.748 1.995
32 20 0.239 -0.796 1.917
33 1 0.173 -0.002 2.074
33 2 0.172 0.062 2.056
33 3 0.158 0.348 1.907
33 4 0.142 0.536 1.812
33 5 0.003 0.292 1.962
33 6 -0.042 0.032 2.044
33 7 -0.032 -0.186 2.034
33 8 -0.037 -0.255 2.031
33 9 0.329 0.285 1.943
33 10 0.391 0.014 1.965
33 11 0.366 -0.203 1.926
33 12 0.341 -0.266 1.916
33 13 0.099 -0.070 2.105
33 14 0.053 -0.413 2.028
33 15 0.020 -0.744 1.983
33 16 0.016 -0.791 1.895
33 17 0.250 -0.070 2.096
33 18 0.272 -0.420 2.008
33 19 0.247 -0.746 1.990
33 20 0.241 -0.797 1.914
34 1 0.173 -0.026 2.084
34 2 0.171 0.036 2.062
34 3 0.155 0.310 1.902
34 4 0.140 0.501 1.807
34 5 0.004 0.261 1.957
34 6 -0.045 0.006 2.048
34 7 -0.036 -0.211 2.042
34 8 -0.042 -0.280 2.042
34 9 0.328 0.261 1.941
34 10 0.391 -0.015 1.970
34 11 0.365 -0.226 1.931
34 12 0.346 -0.294 1.924
34 13 0.101 -0.092 2.118
34 14 0.055 -0.421 2.031
34 15 0.021 -0.743 1.982
34 16 0.018 -0.793 1.898
34 17 0.250 -0.091 2.110
34 18 0.271 -0.424 2.007
34 19 0.251 -0.742 1.979
34 20 0.243 -0.798 1.911
35 1 0.173 -0.053 2.094
35 2 0.171 0.007 2.069
35 3 0.153 0.276 1.901
35 4 0.136 0.464 1.804
35 5 0.002 0.219 1.955
35 6 -0.052 -0.025 2.050
35 7 -0.045 -0.241 2.049
35 8 -0.045 -0.308 2.050
35 9 0.325 0.218 1.941
35 10 0.392 -0.044 1.978
35 11 0.366 -0.253 1.936
35 12 0.357 -0.327 1.936
35 13 0.103 -0.119 2.130
35 14 0.056 -0.442 2.033
35 15 0.018 -0.767 1.978
35 16 0.013 -0.845 1.903
35 17 0.250 -0.116 2.123
35 18 0.275 -0.435 1.995
35 19 0.253 -0.737 1.968
35 20 0.247 -0.797 1.901
36 1 0.175 -0.085 2.107
36 2 0.171 -0.025 2.078
36 3 0.151 0.244 1.902
36 4 0.133 0.431 1.804
36 5 -0.002 0.184 1.956
36 6 -0.064 -0.067 2.052
36 7 -0.053 -0.282 2.055
36 8 -0.042 -0.347 2.053
36 9 0.323 0.189 1.941
36 10 0.393 -0.071 1.986
36 11 0.369 -0.281 1.943
36 12 0.366 -0.354 1.946
36 13 0.107 -0.150 2.146
36 14 0.043 -0.470 2.032
36 15 0.017 -0.795 1.974
36 16 0.013 -0.883 1.906
36 17 0.251 -0.148 2.142
36 18 0.280 -0.452 1.981
36 19 0.252 -0.768 1.958
36 20 0.245 -0.839 1.894
37 1 0.176 -0.111 2.117
37 2 0.172 -0.052 2.086
37 3 0.148 0.210 1.905
37 4 0.128 0.389 1.806
37 5 -0.005 0.152 1.960
37 6 -0.075 -0.097 2.055
37 7 -0.054 -0.308 2.059
37 8 -0.045 -0.375 2.054
37 9 0.320 0.154 1.944
37 10 0.398 -0.100 1.996
37 11 0.373 -0.310 1.952
37 12 0.370 -0.379 1.952
37 13 0.110 -0.176 2.157
37 14 0.030 -0.492 2.027
37 15 0.015 -0.820 1.971
37 16 0.013 -0.908 1.908
37 17 0.253 -0.170 2.154
37 18 0.282 -0.467 1.970
37 19 0.250 -0.793 1.950
37 20 0.243 -0.866 1.891
38 1 0.176 -0.142 2.133
38 2 0.170 -0.085 2.100
38 3 0.141 0.172 1.913
38 4 0.125 0.359 1.809
38 5 -0.008 0.125 1.966
38 6 -0.084 -0.119 2.060
38 7 -0.055 -0.328 2.061
38 8 -0.048 -0.396 2.053
38 9 0.316 0.124 1.946
38 10 0.400 -0.122 2.006
38 11 0.376 -0.333 1.962
38 12 0.379 -0.402 1.963
38 13 0.111 -0.205 2.172
38 14 0.020 -0.509 2.021
38 15 0.012 -0.841 1.969
38 16 0.013 -0.926 1.911
38 17 0.253 -0.203 2.174
38 18 0.283 -0.481 1.960
38 19 0.247 -0.813 1.949
38 20 0.241 -0.885 1.890
39 1 0.176 -0.164 2.141
39 2 0.170 -0.109 2.107
39 3 0.137 0.142 1.920
39 4 0.122 0.325 1.816
39 5 -0.014 0.091 1.976
39 6 -0.092 -0.137 2.065
39 7 -0.058 -0.345 2.064
39 8 -0.056 -0.414 2.052
39 9 0.314 0.091 1.951
39 10 0.405 -0.152 2.018
39 11 0.375 -0.362 1.973
39 12 0.383 -0.428 1.968
39 13 0.113 -0.228 2.181
39 14 0.009 -0.524 2.014
39 15 0.010 -0.858 1.967
39 16 0.014 -0.940 1.915
39 17 0.254 -0.224 2.185
39 18 0.282 -0.493 1.952
39 19 0.245 -0.828 1.951
39 20 0.239 -0.898 1.891
40 1 0.181 -0.196 2.150
40 2 0.174 -0.141 2.116
40 3 0.137 0.113 1.929
40 4 0.119 0.293 1.823
40 5 -0.018 0.059 1.988
40 6 -0.104 -0.166 2.080
40 7 -0.061 -0.372 2.065
40 8 -0.064 -0.440 2.049
40 9 0.313 0.062 1.957
40 10 0.409 -0.171 2.025
40 11 0.374 -0.378 1.978
40 12 0.383 -0.444 1.970
40 13 0.120 -0.267 2.191
40 14 -0.006 -0.543 2.004
40 15 0.011 -0.876 1.966
40 16 0.021 -0.953 1.920
40 17 0.260 -0.252 2.193
40 18 0.282 -0.509 1.942
40 19 0.242 -0.839 1.956
40 20 0.237 -0.908 1.894
41 1 0.183 -0.217 2.155
41 2 0.177 -0.164 2.121
41 3 0.139 0.081 1.940
41 4 0.117 0.270 1.831
41 5 -0.021 0.032 1.999
41 6 -0.115 -0.192 2.094
41 7 -0.061 -0.394 2.064
41 8 -0.072 -0.461 2.049
41 9 0.313 0.030 1.966
41 10 0.418 -0.210 2.043
41 11 0.367 -0.404 1.975
41 12 0.381 -0.462 1.968
41 13 0.122 -0.289 2.196
41 14 -0.016 -0.558 2.001
41 15 0.016 -0.892 1.966
41 16 0.032 -0.965 1.924
41 17 0.263 -0.273 2.198
41 18 0.280 -0.522 1.934
41 19 0.241 -0.848 1.962
41 20 0.235 -0.916 1.899
42 1 0.186 -0.243 2.160
42 2 0.179 -0.190 2.127
42 3 0.141 0.056 1.951
42 4 0.114 0.235 1.848
42 5 -0.022 0.007 2.011
42 6 -0.120 -0.206 2.103
42 7 -0.062 -0.408 2.065
42 8 -0.076 -0.474 2.049
42 9 0.313 0.003 1.975
42 10 0.421 -0.227 2.052
42 11 0.364 -0.417 1.973
42 12 0.378 -0.474 1.966
42 13 0.122 -0.317 2.201
42 14 -0.025 -0.574 1.996
42 15 0.025 -0.909 1.970
42 16 0.053 -0.975 1.930
42 17 0.268 -0.298 2.201
42 18 0.279 -0.536 1.926
42 19 0.238 -0.854 1.972
42 20 0.233 -0.921 1.907
43 1 0.188 -0.267 2.165
43 2 0.181 -0.215 2.133
43 3 0.144 0.030 1.964
43 4 0.113 0.209 1.863
43 5 -0.023 -0.023 2.028
43 6 -0.124 -0.225 2.116
43 7 -0.063 -0.423 2.065
43 8 -0.073 -0.489 2.045
43 9 0.314 -0.027 1.988
43 10 0.426 -0.242 2.056
43 11 0.359 -0.429 1.969
43 12 0.343 -0.486 1.942
43 13 0.122 -0.340 2.207
43 14 -0.031 -0.583 1.991
43 15 0.033 -0.920 1.974
43 16 0.070 -0.979 1.934
43 17 0.272 -0.324 2.204
43 18 0.278 -0.549 1.920
43 19 0.236 -0.858 1.984
43 20 0.230 -0.924 1.918
44 1 0.193 -0.298 2.179
44 2 0.186 -0.246 2.148
44 3 0.148 -0.002 1.986
44 4 0.113 0.188 1.881
44 5 -0.022 -0.043 2.042
44 6 -0.127 -0.241 2.130
44 7 -0.062 -0.436 2.067
44 8 -0.069 -0.498 2.038
44 9 0.316 -0.052 2.002
44 10 0.433 -0.260 2.067
44 11 0.357 -0.437 1.967
44 12 0.323 -0.488 1.925
44 13 0.129 -0.370 2.223
44 14 -0.034 -0.589 1.989
44 15 0.056 -0.904 2.003
44 16 0.075 -0.971 1.945
44 17 0.278 -0.356 2.215
44 18 0.278 -0.556 1.916
44 19 0.235 -0.858 1.993
44 20 0.229 -0.924 1.926
45 1 0.196 -0.319 2.190
45 2 0.190 -0.268 2.160
45 3 0.154 -0.024 2.004
45 4 0.116 0.167 1.906
45 5 -0.019 -0.066 2.061
45 6 -0.127 -0.259 2.149
45 7 -0.060 -0.448 2.070
45 8 -0.059 -0.505 2.032
45 9 0.319 -0.075 2.018
45 10 0.439 -0.272 2.074
45 11 0.359 -0.446 1.967
45 12 0.317 -0.492 1.920
45 13 0.131 -0.391 2.235
45 14 -0.037 -0.593 1.987
45 15 0.069 -0.896 2.020
45 16 0.078 -0.964 1.955
45 17 0.281 -0.378 2.223
45 18 0.278 -0.561 1.913
45 19 0.236 -0.855 1.999
45 20 0.229 -0.921 1.933
46 1 0.200 -0.347 2.211
46 2 0.193 -0.295 2.181
46 3 0.157 -0.046 2.030
46 4 0.120 0.147 1.933
46 5 -0.015 -0.090 2.087
46 6 -0.127 -0.274 2.168
46 7 -0.060 -0.462 2.080
46 8 -0.053 -0.511 2.032
46 9 0.323 -0.097 2.039
46 10 0.448 -0.287 2.086
46 11 0.362 -0.455 1.968
46 12 0.314 -0.496 1.918
46 13 0.135 -0.423 2.260
46 14 -0.038 -0.595 1.986
46 15 0.073 -0.888 2.031
46 16 0.074 -0.953 1.962
46 17 0.284 -0.402 2.236
46 18 0.278 -0.563 1.911
46 19 0.238 -0.850 2.003
46 20 0.231 -0.915 1.936
47 1 0.202 -0.364 2.224
47 2 0.196 -0.312 2.196
47 3 0.162 -0.063 2.058
47 4 0.129 0.129 1.974
47 5 -0.009 -0.108 2.114
47 6 -0.125 -0.290 2.193
47 7 -0.060 -0.476 2.091
47 8 -0.045 -0.517 2.037
47 9 0.330 -0.121 2.069
47 10 0.459 -0.308 2.108
47 11 0.364 -0.459 1.969
47 12 0.312 -0.498 1.917
47 13 0.136 -0.440 2.273
47 14 -0.038 -0.596 1.985
47 15 0.074 -0.881 2.038
47 16 0.067 -0.943 1.968
47 17 0.287 -0.421 2.247
47 18 0.279 -0.563 1.909
47 19 0.251 -0.821 1.944
47 20 0.241 -0.883 1.875
48 1 0.204 -0.376 2.234
48 2 0.198 -0.325 2.208
48 3 0.167 -0.076 2.090
48 4 0.140 0.119 2.015
48 5 -0.003 -0.127 2.152
48 6 -0.120 -0.304 2.215
48 7 -0.062 -0.490 2.108
48 8 -0.042 -0.545 2.069
48 9 0.338 -0.139 2.097
48 10 0.467 -0.322 2.125
48 11 0.365 -0.462 1.971
48 12 0.312 -0.499 1.919
48 13 0.136 -0.454 2.283
48 14 -0.038 -0.596 1.984
48 15 0.073 -0.875 2.044
48 16 0.062 -0.935 1.972
48 17 0.290 -0.435 2.255
48 18 0.282 -0.562 1.908
48 19 0.260 -0.808 1.915
48 20 0.249 -0.868 1.843
49 1 0.206 -0.390 2.247
49 2 0.201 -0.339 2.225
49 3 0.176 -0.087 2.134
49 4 0.153 0.109 2.062
49 5 0.005 -0.141 2.193
49 6 -0.114 -0.320 2.247
49 7 -0.061 -0.502 2.125
49 8 -0.033 -0.552 2.074
49 9 0.348 -0.159 2.135
49 10 0.476 -0.340 2.142
49 11 0.367 -0.465 1.974
49 12 0.315 -0.502 1.924
49 13 0.135 -0.467 2.292
49 14 -0.038 -0.596 1.985
49 15 0.071 -0.870 2.048
49 16 0.055 -0.927 1.974
49 17 0.294 -0.452 2.264
49 18 0.288 -0.559 1.909
49 19 0.264 -0.801 1.898
49 20 0.252 -0.859 1.825
50 1 0.209 -0.404 2.264
50 2 0.206 -0.353 2.248
50 3 0.189 -0.094 2.180
50 4 0.168 0.103 2.111
50 5 0.017 -0.154 2.240
50 6 -0.105 -0.333 2.274
50 7 -0.061 -0.510 2.138
50 8 -0.036 -0.561 2.091
50 9 0.360 -0.176 2.175
50 10 0.484 -0.354 2.158
50 11 0.371 -0.468 1.983
50 12 0.321 -0.504 1.933
50 13 0.133 -0.480 2.304
50 14 -0.038 -0.593 1.989
50 15 0.066 -0.866 2.050
50 16 0.046 -0.920 1.974
50 17 0.299 -0.468 2.275
50 18 0.296 -0.555 1.913
50 19 0.267 -0.797 1.891
50 20 0.254 -0.853 1.816
51 1 0.214 -0.415 2.280
51 2 0.212 -0.364 2.268
51 3 0.203 -0.101 2.220
51 4 0.185 0.098 2.158
51 5 0.028 -0.165 2.279
51 6 -0.097 -0.343 2.302
51 7 -0.059 -0.513 2.150
51 8 -0.043 -0.560 2.101
51 9 0.368 -0.188 2.205
51 10 0.497 -0.366 2.188
51 11 0.387 -0.466 2.008
51 12 0.335 -0.505 1.954
51 13 0.133 -0.490 2.313
51 14 -0.038 -0.588 1.996
51 15 0.059 -0.862 2.050
51 16 0.038 -0.914 1.973
51 17 0.306 -0.481 2.284
51 18 0.306 -0.552 1.919
51 19 0.269 -0.794 1.885
51 20 0.256 -0.849 1.810
52 1 0.220 -0.424 2.297
52 2 0.219 -0.372 2.288
52 3 0.214 -0.104 2.254
52 4 0.200 0.096 2.202
52 5 0.042 -0.172 2.318
52 6 -0.088 -0.352 2.324
52 7 -0.058 -0.514 2.157
52 8 -0.057 -0.556 2.109
52 9 0.379 -0.195 2.242
52 10 0.503 -0.374 2.204
52 11 0.392 -0.467 2.023
52 12 0.343 -0.506 1.971
52 13 0.135 -0.500 2.324
52 14 -0.036 -0.581 2.007
52 15 0.051 -0.858 2.050
52 16 0.029 -0.908 1.972
52 17 0.312 -0.491 2.293
52 18 0.315 -0.549 1.927
52 19 0.269 -0.792 1.885
52 20 0.256 -0.846 1.806
53 1 0.228 -0.430 2.317
53 2 0.229 -0.377 2.312
53 3 0.231 -0.103 2.299
53 4 0.216 0.101 2.251
53 5 0.057 -0.175 2.356
53 6 -0.074 -0.360 2.349
53 7 -0.058 -0.514 2.169
53 8 -0.067 -0.549 2.118
53 9 0.393 -0.198 2.284
53 10 0.507 -0.386 2.221
53 11 0.396 -0.468 2.035
53 12 0.349 -0.507 1.984
53 13 0.138 -0.506 2.337
53 14 -0.034 -0.573 2.022
53 15 0.044 -0.856 2.049
53 16 0.022 -0.904 1.969
53 17 0.320 -0.499 2.306
53 18 0.322 -0.544 1.940
53 19 0.269 -0.790 1.890
53 20 0.256 -0.841 1.807
54 1 0.238 -0.432 2.338
54 2 0.239 -0.377 2.336
54 3 0.242 -0.098 2.329
54 4 0.229 0.112 2.291
54 5 0.068 -0.173 2.387
54 6 -0.061 -0.363 2.369
54 7 -0.061 -0.509 2.182
54 8 -0.079 -0.544 2.133
54 9 0.401 -0.197 2.307
54 10 0.507 -0.392 2.235
54 11 0.410 -0.484 2.056
54 12 0.362 -0.518 2.004
54 13 0.145 -0.510 2.357
54 14 -0.028 -0.564 2.044
54 15 0.034 -0.855 2.050
54 16 0.012 -0.900 1.969
54 17 0.327 -0.502 2.319
54 18 0.326 -0.540 1.953
54 19 0.268 -0.788 1.902
54 20 0.254 -0.837 1.812
55 1 0.247 -0.427 2.367
55 2 0.249 -0.371 2.367
55 3 0.257 -0.086 2.370
55 4 0.240 0.123 2.327
55 5 0.079 -0.168 2.416
55 6 -0.038 -0.359 2.395
55 7 -0.063 -0.497 2.207
55 8 -0.083 -0.537 2.151
55 9 0.414 -0.189 2.349
55 10 0.505 -0.390 2.257
55 11 0.425 -0.490 2.077
55 12 0.377 -0.524 2.025
55 13 0.153 -0.506 2.384
55 14 -0.019 -0.555 2.070
55 15 0.025 -0.855 2.049
55 16 0.005 -0.899 1.967
55 17 0.335 -0.502 2.342
55 18 0.328 -0.536 1.979
55 19 0.260 -0.810 1.961
55 20 0.245 -0.852 1.872
56 1 0.253 -0.421 2.390
56 2 0.256 -0.363 2.391
56 3 0.267 -0.077 2.399
56 4 0.251 0.135 2.362
56 5 0.094 -0.154 2.457
56 6 -0.023 -0.353 2.412
56 7 -0.062 -0.485 2.226
56 8 -0.106 -0.521 2.196
56 9 0.421 -0.184 2.370
56 10 0.502 -0.383 2.277
56 11 0.436 -0.490 2.090
56 12 0.389 -0.526 2.040
56 13 0.158 -0.498 2.408
56 14 -0.011 -0.549 2.090
56 15 0.016 -0.857 2.046
56 16 -0.004 -0.898 1.964
56 17 0.341 -0.499 2.360
56 18 0.328 -0.533 1.997
56 19 0.257 -0.820 1.985
56 20 0.239 -0.859 1.899
57 1 0.259 -0.412 2.413
57 2 0.263 -0.353 2.417
57 3 0.274 -0.064 2.432
57 4 0.266 0.149 2.399
57 5 0.101 -0.148 2.479
57 6 -0.009 -0.348 2.427
57 7 -0.062 -0.472 2.241
57 8 -0.120 -0.506 2.233
57 9 0.428 -0.179 2.392
57 10 0.498 -0.377 2.293
57 11 0.443 -0.485 2.101
57 12 0.397 -0.524 2.052
57 13 0.164 -0.488 2.430
57 14 -0.001 -0.545 2.111
57 15 0.009 -0.858 2.043
57 16 -0.011 -0.897 1.960
57 17 0.347 -0.492 2.380
57 18 0.327 -0.530 2.018
57 19 0.256 -0.825 1.997
57 20 0.238 -0.863 1.911
58 1 0.263 -0.404 2.429
58 2 0.268 -0.345 2.440
58 3 0.285 -0.053 2.470
58 4 0.276 0.159 2.429
58 5 0.110 -0.139 2.505
58 6 0.003 -0.342 2.438
58 7 -0.059 -0.464 2.253
58 8 -0.124 -0.500 2.245
58 9 0.434 -0.173 2.415
58 10 0.494 -0.370 2.309
58 11 0.443 -0.475 2.114
58 12 0.400 -0.519 2.064
58 13 0.167 -0.481 2.445
58 14 0.005 -0.542 2.125
58 15 0.003 -0.858 2.039
58 16 -0.017 -0.896 1.956
58 17 0.350 -0.485 2.394
58 18 0.326 -0.528 2.032
58 19 0.256 -0.829 2.005
58 20 0.236 -0.865 1.919
59 1 0.265 -0.399 2.442
59 2 0.272 -0.340 2.457
59 3 0.292 -0.047 2.495
59 4 0.286 0.166 2.459
59 5 0.118 -0.134 2.531
59 6 0.014 -0.337 2.446
59 7 -0.055 -0.457 2.263
59 8 -0.096 -0.491 2.236
59 9 0.440 -0.168 2.438
59 10 0.491 -0.364 2.320
59 11 0.443 -0.467 2.123
59 12 0.403 -0.514 2.074
59 13 0.169 -0.475 2.455
59 14 0.008 -0.540 2.133
59 15 -0.001 -0.858 2.035
59 16 -0.021 -0.895 1.951
59 17 0.352 -0.479 2.405
59 18 0.325 -0.526 2.041
59 19 0.256 -0.832 2.009
59 20 0.235 -0.867 1.923
60 1 0.267 -0.395 2.451
60 2 0.275 -0.336 2.472
60 3 0.299 -0.044 2.517
60 4 0.297 0.168 2.494
60 5 0.123 -0.133 2.550
60 6 0.022 -0.333 2.453
60 7 -0.050 -0.450 2.272
60 8 -0.073 -0.485 2.231
60 9 0.444 -0.167 2.455
60 10 0.489 -0.360 2.328
60 11 0.441 -0.458 2.131
60 12 0.403 -0.507 2.083
60 13 0.170 -0.472 2.463
60 14 0.011 -0.539 2.139
60 15 -0.004 -0.858 2.032
60 16 -0.025 -0.894 1.947
60 17 0.353 -0.475 2.412
60 18 0.324 -0.525 2.047
60 19 0.256 -0.834 2.009
60 20 0.235 -0.868 1.924
61 1 0.270 -0.392 2.460
61 2 0.280 -0.336 2.488
61 3 0.307 -0.046 2.545
61 4 0.306 0.168 2.520
61 5 0.129 -0.135 2.569
61 6 0.029 -0.329 2.460
61 7 -0.042 -0.444 2.279
61 8 -0.076 -0.471 2.255
61 9 0.449 -0.169 2.473
61 10 0.488 -0.357 2.334
61 11 0.437 -0.451 2.138
61 12 0.401 -0.501 2.091
61 13 0.172 -0.469 2.469
61 14 0.012 -0.538 2.142
61 15 -0.006 -0.858 2.029
61 16 -0.027 -0.893 1.944
61 17 0.355 -0.471 2.418
61 18 0.323 -0.524 2.052
61 19 0.257 -0.835 2.006
61 20 0.236 -0.869 1.922
62 1 0.273 -0.391 2.468
62 2 0.285 -0.336 2.501
62 3 0.312 -0.048 2.559
62 4 0.317 0.163 2.555
62 5 0.135 -0.141 2.585
62 6 0.034 -0.326 2.465
62 7 -0.033 -0.439 2.284
62 8 -0.051 -0.468 2.242
62 9 0.455 -0.174 2.491
62 10 0.487 -0.355 2.339
62 11 0.434 -0.448 2.143
62 12 0.399 -0.497 2.098
62 13 0.174 -0.467 2.475
62 14 0.013 -0.538 2.145
62 15 -0.008 -0.856 2.026
62 16 -0.029 -0.891 1.941
62 17 0.358 -0.468 2.424
62 18 0.322 -0.524 2.055
62 19 0.259 -0.835 2.001
62 20 0.237 -0.868 1.916
63 1 0.276 -0.391 2.477
63 2 0.290 -0.341 2.516
63 3 0.318 -0.059 2.588
63 4 0.324 0.159 2.578
63 5 0.144 -0.152 2.603
63 6 0.063 -0.341 2.493
63 7 -0.019 -0.424 2.297
63 8 -0.042 -0.457 2.242
63 9 0.460 -0.181 2.510
63 10 0.486 -0.354 2.345
63 11 0.431 -0.446 2.150
63 12 0.397 -0.494 2.105
63 13 0.176 -0.467 2.482
63 14 0.014 -0.539 2.146
63 15 -0.010 -0.854 2.022
63 16 -0.030 -0.889 1.938
63 17 0.360 -0.466 2.429
63 18 0.321 -0.523 2.057
63 19 0.260 -0.835 1.995
63 20 0.239 -0.868 1.911
64 1 0.280 -0.394 2.486
64 2 0.294 -0.348 2.529
64 3 0.323 -0.067 2.605
64 4 0.335 0.149 2.601
64 5 0.151 -0.164 2.618
64 6 0.069 -0.342 2.499
64 7 -0.013 -0.421 2.301
64 8 -0.035 -0.455 2.242
64 9 0.466 -0.192 2.527
64 10 0.492 -0.363 2.365
64 11 0.429 -0.443 2.161
64 12 0.395 -0.489 2.115
64 13 0.179 -0.468 2.487
64 14 0.014 -0.539 2.147
64 15 -0.011 -0.852 2.019
64 16 -0.031 -0.886 1.934
64 17 0.362 -0.466 2.434
64 18 0.320 -0.523 2.059
64 19 0.262 -0.834 1.990
64 20 0.241 -0.867 1.906
65 1 0.287 -0.402 2.497
65 2 0.302 -0.359 2.544
65 3 0.330 -0.081 2.624
65 4 0.342 0.137 2.619
65 5 0.157 -0.179 2.632
65 6 0.074 -0.345 2.504
65 7 -0.010 -0.415 2.303
65 8 -0.039 -0.446 2.246
65 9 0.470 -0.205 2.543
65 10 0.497 -0.368 2.376
65 11 0.428 -0.443 2.170
65 12 0.393 -0.488 2.123
65 13 0.185 -0.474 2.496
65 14 0.013 -0.539 2.147
65 15 -0.012 -0.848 2.015
65 16 -0.032 -0.882 1.930
65 17 0.368 -0.468 2.441
65 18 0.320 -0.523 2.059
65 19 0.263 -0.833 1.985
65 20 0.242 -0.866 1.901
66 1 0.293 -0.410 2.506
66 2 0.308 -0.370 2.555
66 3 0.336 -0.094 2.640
66 4 0.351 0.121 2.640
66 5 0.163 -0.193 2.645
66 6 0.077 -0.349 2.508
66 7 -0.008 -0.410 2.304
66 8 -0.038 -0.441 2.247
66 9 0.476 -0.222 2.562
66 10 0.503 -0.379 2.391
66 11 0.432 -0.451 2.186
66 12 0.394 -0.490 2.135
66 13 0.191 -0.481 2.503
66 14 0.013 -0.540 2.148
66 15 -0.012 -0.844 2.011
66 16 -0.032 -0.878 1.927
66 17 0.374 -0.473 2.449
66 18 0.319 -0.523 2.060
66 19 0.264 -0.831 1.980
66 20 0.244 -0.865 1.896
67 1 0.302 -0.425 2.521
67 2 0.317 -0.387 2.572
67 3 0.344 -0.110 2.661
67 4 0.361 0.105 2.660
67 5 0.170 -0.208 2.656
67 6 0.078 -0.351 2.511
67 7 -0.005 -0.408 2.305
67 8 -0.036 -0.439 2.247
67 9 0.480 -0.233 2.577
67 10 0.510 -0.389 2.407
67 11 0.440 -0.460 2.201
67 12 0.398 -0.494 2.148
67 13 0.200 -0.495 2.514
67 14 0.013 -0.540 2.148
67 15 -0.012 -0.799 2.013
67 16 0.022 -0.842 1.976
67 17 0.384 -0.483 2.463
67 18 0.318 -0.523 2.060
67 19 0.266 -0.829 1.976
67 20 0.246 -0.863 1.892
68 1 0.308 -0.433 2.531
68 2 0.321 -0.397 2.583
68 3 0.350 -0.122 2.677
68 4 0.366 0.096 2.672
68 5 0.175 -0.221 2.664
68 6 0.080 -0.362 2.516
68 7 -0.002 -0.400 2.306
68 8 -0.028 -0.406 2.242
68 9 0.487 -0.248 2.605
68 10 0.514 -0.397 2.424
68 11 0.452 -0.482 2.229
68 12 0.407 -0.510 2.173
68 13 0.206 -0.504 2.524
68 14 0.013 -0.540 2.148
68 15 -0.012 -0.778 2.013
68 16 0.048 -0.825 2.003
68 17 0.390 -0.488 2.471
68 18 0.318 -0.523 2.061
68 19 0.267 -0.827 1.972
68 20 0.249 -0.862 1.888
69 1 0.317 -0.439 2.546
69 2 0.328 -0.405 2.599
69 3 0.356 -0.134 2.697
69 4 0.372 0.084 2.692
69 5 0.178 -0.231 2.672
69 6 0.099 -0.390 2.530
69 7 -0.005 -0.366 2.332
69 8 -0.035 -0.386 2.264
69 9 0.490 -0.257 2.620
69 10 0.518 -0.404 2.438
69 11 0.456 -0.488 2.241
69 12 0.412 -0.518 2.191
69 13 0.216 -0.510 2.539
69 14 0.013 -0.540 2.149
69 15 -0.012 -0.768 2.014
69 16 0.058 -0.819 2.013
69 17 0.400 -0.494 2.485
69 18 0.318 -0.523 2.061
69 19 0.268 -0.823 1.967
69 20 0.252 -0.859 1.883
70 1 0.323 -0.443 2.557
70 2 0.333 -0.410 2.612
70 3 0.359 -0.141 2.712
70 4 0.378 0.074 2.711
70 5 0.181 -0.239 2.679
70 6 0.103 -0.399 2.536
70 7 0.028 -0.396 2.325
70 8 -0.017 -0.405 2.267
70 9 0.495 -0.267 2.639
70 10 0.513 -0.429 2.477
70 11 0.460 -0.492 2.255
70 12 0.417 -0.524 2.212
70 13 0.221 -0.513 2.547
70 14 0.013 -0.540 2.149
70 15 -0.011 -0.762 2.014
70 16 0.061 -0.817 2.015
70 17 0.411 -0.500 2.501
70 18 0.319 -0.523 2.062
70 19 0.278 -0.786 1.967
70 20 0.262 -0.838 1.882
71 1 0.328 -0.445 2.564
71 2 0.337 -0.414 2.620
71 3 0.362 -0.149 2.731
71 4 0.385 0.065 2.733
71 5 0.184 -0.246 2.687
71 6 0.098 -0.403 2.545
71 7 0.045 -0.411 2.326
71 8 -0.006 -0.419 2.271
71 9 0.498 -0.274 2.653
71 10 0.513 -0.438 2.495
71 11 0.484 -0.487 2.271
71 12 0.432 -0.525 2.227
71 13 0.225 -0.514 2.552
71 14 0.014 -0.540 2.149
71 15 -0.010 -0.758 2.015
71 16 0.061 -0.817 2.015
71 17 0.417 -0.503 2.509
71 18 0.321 -0.523 2.065
71 19 0.284 -0.769 1.969
71 20 0.256 -0.829 1.943
72 1 0.330 -0.447 2.569
72 2 0.339 -0.417 2.625
72 3 0.366 -0.155 2.746
72 4 0.389 0.060 2.750
72 5 0.189 -0.251 2.699
72 6 0.092 -0.399 2.554
72 7 0.053 -0.419 2.327
72 8 0.002 -0.428 2.275
72 9 0.500 -0.281 2.666
72 10 0.516 -0.446 2.507
72 11 0.490 -0.484 2.279
72 12 0.440 -0.523 2.237
72 13 0.227 -0.515 2.555
72 14 0.014 -0.540 2.149
72 15 -0.009 -0.758 2.016
72 16 0.058 -0.820 2.011
72 17 0.421 -0.505 2.514
72 18 0.324 -0.524 2.073
72 19 0.288 -0.760 1.970
72 20 0.255 -0.826 1.969
73 1 0.371 -0.447 2.574
73 2 0.372 -0.421 2.635
73 3 0.368 -0.160 2.759
73 4 0.393 0.056 2.764
73 5 0.193 -0.254 2.710
73 6 0.086 -0.391 2.562
73 7 0.058 -0.423 2.327
73 8 0.006 -0.434 2.277
73 9 0.501 -0.289 2.676
73 10 0.518 -0.451 2.515
73 11 0.495 -0.460 2.287
73 12 0.446 -0.512 2.245
73 13 0.278 -0.513 2.551
73 14 0.014 -0.540 2.149
73 15 -0.007 -0.759 2.017
73 16 0.053 -0.824 2.006
73 17 0.466 -0.498 2.518
73 18 0.329 -0.525 2.082
73 19 0.291 -0.755 1.972
73 20 0.252 -0.822 1.983
74 1 0.332 -0.447 2.603
74 2 0.340 -0.422 2.665
74 3 0.369 -0.162 2.770
74 4 0.395 0.052 2.777
74 5 0.196 -0.257 2.717
74 6 0.081 -0.386 2.568
74 7 0.091 -0.430 2.342
74 8 0.032 -0.445 2.288
74 9 0.504 -0.294 2.697
74 10 0.521 -0.452 2.524
74 11 0.503 -0.463 2.296
74 12 0.457 -0.515 2.256
74 13 0.231 -0.502 2.580
74 14 0.014 -0.540 2.149
74 15 -0.006 -0.763 2.018
74 16 0.050 -0.827 2.002
74 17 0.403 -0.506 2.550
74 18 0.333 -0.527 2.089
74 19 0.294 -0.752 1.973
74 20 0.250 -0.820 1.991
75 1 0.316 -0.445 2.612
75 2 0.323 -0.422 2.675
75 3 0.369 -0.164 2.777
75 4 0.397 0.048 2.790
75 5 0.199 -0.259 2.723
75 6 0.078 -0.381 2.573
75 7 0.101 -0.436 2.349
75 8 0.045 -0.454 2.296
75 9 0.508 -0.298 2.713
75 10 0.522 -0.452 2.530
75 11 0.509 -0.469 2.305
75 12 0.465 -0.520 2.265
75 13 0.219 -0.498 2.586
75 14 0.014 -0.538 2.152
75 15 -0.008 -0.767 2.018
75 16 0.049 -0.827 2.001
75 17 0.389 -0.502 2.552
75 18 0.336 -0.528 2.095
75 19 0.295 -0.750 1.974
75 20 0.259 -0.813 1.968
76 1 0.304 -0.444 2.615
76 2 0.314 -0.422 2.680
76 3 0.369 -0.165 2.783
76 4 0.398 0.045 2.798
76 5 0.204 -0.262 2.728
76 6 0.075 -0.377 2.576
76 7 0.109 -0.442 2.358
76 8 0.055 -0.461 2.305
76 9 0.509 -0.300 2.720
76 10 0.526 -0.458 2.543
76 11 0.502 -0.458 2.323
76 12 0.465 -0.511 2.278
76 13 0.207 -0.494 2.590
76 14 0.015 -0.538 2.153
76 15 -0.012 -0.765 2.017
76 16 0.042 -0.824 2.003
76 17 0.372 -0.500 2.552
76 18 0.339 -0.529 2.101
76 19 0.297 -0.749 1.975
76 20 0.269 -0.803 1.939
77 1 0.296 -0.444 2.615
77 2 0.307 -0.422 2.681
77 3 0.368 -0.166 2.787
77 4 0.398 0.043 2.804
77 5 0.209 -0.264 2.733
77 6 0.072 -0.370 2.582
77 7 0.086 -0.411 2.364
77 8 0.056 -0.416 2.300
77 9 0.509 -0.302 2.725
77 10 0.528 -0.460 2.551
77 11 0.501 -0.459 2.331
77 12 0.466 -0.510 2.284
77 13 0.200 -0.493 2.592
77 14 0.015 -0.537 2.154
77 15 -0.011 -0.771 2.019
77 16 0.042 -0.823 1.994
77 17 0.360 -0.499 2.550
77 18 0.341 -0.530 2.105
77 19 0.298 -0.749 1.976
77 20 0.274 -0.799 1.926
78 1 0.293 -0.444 2.611
78 2 0.304 -0.423 2.678
78 3 0.368 -0.167 2.790
78 4 0.398 0.041 2.809
78 5 0.213 -0.265 2.737
78 6 0.070 -0.367 2.586
78 7 0.091 -0.412 2.373
78 8 0.099 -0.428 2.308
78 9 0.508 -0.302 2.728
78 10 0.530 -0.462 2.555
78 11 0.501 -0.461 2.335
78 12 0.467 -0.511 2.289
78 13 0.198 -0.492 2.590
78 14 0.015 -0.537 2.154
78 15 -0.010 -0.775 2.019
78 16 0.042 -0.823 1.988
78 17 0.358 -0.497 2.544
78 18 0.343 -0.530 2.107
78 19 0.300 -0.749 1.977
78 20 0.293 -0.787 1.908
79 1 0.293 -0.444 2.605
79 2 0.303 -0.423 2.673
79 3 0.367 -0.167 2.793
79 4 0.396 0.040 2.814
79 5 0.215 -0.266 2.740
79 6 0.067 -0.363 2.592
79 7 0.099 -0.416 2.384
79 8 0.117 -0.433 2.315
79 9 0.503 -0.303 2.727
79 10 0.531 -0.463 2.558
79 11 0.503 -0.465 2.337
79 12 0.468 -0.512 2.292
79 13 0.197 -0.491 2.587
79 14 0.015 -0.538 2.154
79 15 -0.012 -0.777 2.019
79 16 0.046 -0.819 1.992
79 17 0.361 -0.496 2.536
79 18 0.344 -0.530 2.109
79 19 0.301 -0.750 1.978
79 20 0.299 -0.783 1.901
80 1 0.315 -0.444 2.580
80 2 0.318 -0.425 2.652
80 3 0.367 -0.167 2.794
80 4 0.393 0.039 2.818
80 5 0.217 -0.266 2.743
80 6 0.049 -0.364 2.632
80 7 0.143 -0.414 2.442
80 8 0.146 -0.437 2.352
80 9 0.499 -0.304 2.724
80 10 0.531 -0.464 2.560
80 11 0.506 -0.471 2.338
80 12 0.470 -0.514 2.293
80 13 0.221 -0.492 2.560
80 14 0.012 -0.547 2.143
80 15 -0.019 -0.784 2.012
80 16 0.044 -0.798 2.018
80 17 0.400 -0.492 2.510
80 18 0.345 -0.530 2.111
80 19 0.301 -0.777 1.974
80 20 0.304 -0.830 1.889
81 1 0.318 -0.445 2.575
81 2 0.321 -0.427 2.647
81 3 0.365 -0.168 2.795
81 4 0.391 0.038 2.821
81 5 0.218 -0.267 2.745
81 6 0.031 -0.366 2.677
81 7 0.049 -0.377 2.402
81 8 0.061 -0.376 2.269
81 9 0.496 -0.304 2.721
81 10 0.531 -0.465 2.560
81 11 0.509 -0.476 2.336
81 12 0.473 -0.518 2.294
81 13 0.225 -0.493 2.556
81 14 0.011 -0.552 2.137
81 15 -0.022 -0.788 2.008
81 16 0.044 -0.788 2.029
81 17 0.401 -0.494 2.508
81 18 0.346 -0.530 2.112
81 19 0.302 -0.779 1.974
81 20 0.305 -0.819 1.893
82 1 0.319 -0.447 2.573
82 2 0.323 -0.428 2.644
82 3 0.364 -0.168 2.795
82 4 0.384 0.037 2.823
82 5 0.217 -0.267 2.748
82 6 0.086 -0.331 2.569
82 7 0.038 -0.355 2.313
82 8 0.048 -0.378 2.238
82 9 0.488 -0.305 2.714
82 10 0.531 -0.466 2.559
82 11 0.511 -0.480 2.335
82 12 0.474 -0.520 2.294
82 13 0.227 -0.496 2.554
82 14 0.010 -0.555 2.134
82 15 -0.041 -0.784 1.994
82 16 0.033 -0.785 2.032
82 17 0.399 -0.497 2.508
82 18 0.347 -0.530 2.112
82 19 0.303 -0.780 1.975
82 20 0.293 -0.806 1.903
83 1 0.318 -0.448 2.572
83 2 0.323 -0.429 2.642
83 3 0.362 -0.169 2.795
83 4 0.379 0.036 2.824
83 5 0.216 -0.268 2.751
83 6 0.112 -0.314 2.518
83 7 0.020 -0.341 2.277
83 8 0.020 -0.373 2.203
83 9 0.483 -0.305 2.710
83 10 0.532 -0.467 2.558
83 11 0.516 -0.485 2.333
83 12 0.478 -0.523 2.293
83 13 0.226 -0.498 2.555
83 14 0.010 -0.557 2.132
83 15 -0.044 -0.785 1.991
83 16 0.032 -0.781 2.035
83 17 0.394 -0.499 2.509
83 18 0.347 -0.529 2.113
83 19 0.304 -0.779 1.976
83 20 0.280 -0.800 1.913
84 1 0.312 -0.450 2.573
84 2 0.321 -0.431 2.641
84 3 0.360 -0.170 2.794
84 4 0.372 0.035 2.826
84 5 0.215 -0.268 2.753
84 6 0.124 -0.308 2.496
84 7 0.011 -0.337 2.255
84 8 0.008 -0.378 2.195
84 9 0.479 -0.306 2.705
84 10 0.533 -0.467 2.557
84 11 0.519 -0.488 2.331
84 12 0.481 -0.526 2.292
84 13 0.219 -0.500 2.559
84 14 0.010 -0.559 2.130
84 15 -0.046 -0.786 1.989
84 16 0.031 -0.779 2.036
84 17 0.382 -0.502 2.511
84 18 0.347 -0.529 2.113
84 19 0.304 -0.777 1.977
84 20 0.272 -0.796 1.918
85 1 0.300 -0.454 2.578
85 2 0.316 -0.433 2.644
85 3 0.357 -0.171 2.794
85 4 0.367 0.033 2.827
85 5 0.212 -0.269 2.758
85 6 0.131 -0.306 2.484
85 7 -0.020 -0.457 2.403
85 8 -0.063 -0.508 2.382
85 9 0.475 -0.306 2.702
85 10 0.534 -0.468 2.555
85 11 0.510 -0.502 2.332
85 12 0.471 -0.540 2.293
85 13 0.206 -0.504 2.569
85 14 0.009 -0.559 2.130
85 15 -0.048 -0.786 1.988
85 16 0.030 -0.783 2.035
85 17 0.367 -0.506 2.515
85 18 0.347 -0.528 2.113
85 19 0.299 -0.770 1.979
85 20 0.276 -0.793 1.920
86 1 0.288 -0.457 2.585
86 2 0.308 -0.436 2.648
86 3 0.355 -0.172 2.793
86 4 0.363 0.033 2.828
86 5 0.210 -0.270 2.762
86 6 0.057 -0.359 2.634
86 7 0.081 -0.467 2.489
86 8 0.065 -0.509 2.445
86 9 0.472 -0.306 2.699
86 10 0.535 -0.468 2.554
86 11 0.501 -0.512 2.333
86 12 0.461 -0.551 2.295
86 13 0.194 -0.507 2.578
86 14 0.009 -0.559 2.129
86 15 -0.047 -0.784 1.990
86 16 0.032 -0.787 2.032
86 17 0.351 -0.510 2.520
86 18 0.346 -0.527 2.111
86 19 0.293 -0.759 1.973
86 20 0.274 -0.793 1.915
87 1 0.281 -0.459 2.588
87 2 0.303 -0.438 2.651
87 3 0.353 -0.173 2.792
87 4 0.358 0.031 2.828
87 5 0.208 -0.271 2.764
87 6 0.031 -0.378 2.690
87 7 0.091 -0.495 2.533
87 8 0.068 -0.540 2.494
87 9 0.470 -0.306 2.697
87 10 0.536 -0.469 2.553
87 11 0.495 -0.519 2.334
87 12 0.455 -0.558 2.295
87 13 0.188 -0.509 2.583
87 14 0.010 -0.557 2.130
87 15 -0.045 -0.782 1.991
87 16 0.032 -0.792 2.029
87 17 0.343 -0.512 2.523
87 18 0.345 -0.526 2.109
87 19 0.288 -0.755 1.973
87 20 0.284 -0.798 1.921
88 1 0.276 -0.461 2.592
88 2 0.298 -0.440 2.654
88 3 0.352 -0.174 2.792
88 4 0.353 0.030 2.828
88 5 0.207 -0.271 2.767
88 6 0.016 -0.390 2.723
88 7 0.108 -0.506 2.555
88 8 0.083 -0.553 2.519
88 9 0.469 -0.307 2.696
88 10 0.536 -0.469 2.552
88 11 0.470 -0.510 2.336
88 12 0.448 -0.526 2.280
88 13 0.183 -0.510 2.587
88 14 0.010 -0.556 2.131
88 15 -0.044 -0.780 1.992
88 16 0.033 -0.796 2.026
88 17 0.337 -0.514 2.526
88 18 0.344 -0.525 2.109
88 19 0.284 -0.749 1.971
88 20 0.292 -0.812 1.946
89 1 0.273 -0.462 2.593
89 2 0.296 -0.441 2.656
89 3 0.350 -0.175 2.791
89 4 0.350 0.029 2.827
89 5 0.206 -0.271 2.768
89 6 0.007 -0.396 2.741
89 7 0.105 -0.510 2.556
89 8 0.091 -0.562 2.534
89 9 0.468 -0.307 2.695
89 10 0.537 -0.469 2.552
89 11 0.466 -0.508 2.336
89 12 0.452 -0.516 2.273
89 13 0.182 -0.512 2.588
89 14 0.010 -0.555 2.132
89 15 -0.043 -0.779 1.993
89 16 0.034 -0.799 2.023
89 17 0.334 -0.515 2.528
89 18 0.343 -0.524 2.108
89 19 0.281 -0.748 1.970
89 20 0.303 -0.816 1.950
90 1 0.272 -0.463 2.594
90 2 0.295 -0.442 2.657
90 3 0.349 -0.176 2.791
90 4 0.347 0.029 2.826
90 5 0.205 -0.272 2.769
90 6 0.003 -0.400 2.752
90 7 0.105 -0.510 2.556
90 8 0.093 -0.563 2.533
90 9 0.467 -0.307 2.694
90 10 0.537 -0.469 2.551
90 11 0.464 -0.507 2.335
90 12 0.456 -0.509 2.268
90 13 0.181 -0.513 2.590
90 14 0.011 -0.553 2.133
90 15 -0.042 -0.778 1.994
90 16 0.034 -0.801 2.021
90 17 0.332 -0.516 2.528
90 18 0.341 -0.523 2.108
90 19 0.280 -0.746 1.970
90 20 0.294 -0.813 1.934
91 1 0.305 -0.482 2.597
91 2 0.321 -0.458 2.662
91 3 0.348 -0.176 2.791
91 4 0.345 0.028 2.826
91 5 0.205 -0.272 2.770
91 6 0.003 -0.402 2.756
91 7 0.103 -0.512 2.557
91 8 0.092 -0.560 2.523
91 9 0.467 -0.307 2.694
91 10 0.537 -0.470 2.551
91 11 0.464 -0.504 2.334
91 12 0.460 -0.504 2.264
91 13 0.224 -0.535 2.587
91 14 0.015 -0.551 2.140
91 15 -0.038 -0.775 2.000
91 16 0.033 -0.808 2.007
91 17 0.372 -0.529 2.539
91 18 0.340 -0.523 2.107
91 19 0.279 -0.745 1.969
91 20 0.276 -0.802 1.905
92 1 0.305 -0.486 2.596
92 2 0.323 -0.461 2.663
92 3 0.348 -0.177 2.791
92 4 0.343 0.028 2.825
92 5 0.206 -0.272 2.771
92 6 0.006 -0.400 2.755
92 7 0.096 -0.506 2.548
92 8 0.087 -0.554 2.512
92 9 0.466 -0.307 2.693
92 10 0.536 -0.470 2.551
92 11 0.466 -0.501 2.333
92 12 0.462 -0.501 2.262
92 13 0.225 -0.537 2.586
92 14 0.015 -0.550 2.141
92 15 -0.047 -0.763 1.992
92 16 -0.033 -0.809 1.937
92 17 0.369 -0.532 2.539
92 18 0.338 -0.522 2.107
92 19 0.278 -0.744 1.969
92 20 0.271 -0.800 1.898
93 1 0.303 -0.487 2.596
93 2 0.323 -0.463 2.663
93 3 0.347 -0.177 2.791
93 4 0.342 0.028 2.825
93 5 0.206 -0.273 2.771
93 6 0.011 -0.398 2.752
93 7 0.090 -0.501 2.541
93 8 0.083 -0.548 2.502
93 9 0.466 -0.307 2.693
93 10 0.536 -0.471 2.551
93 11 0.472 -0.500 2.333
93 12 0.466 -0.500 2.261
93 13 0.225 -0.537 2.586
93 14 0.016 -0.549 2.142
93 15 -0.052 -0.756 1.987
93 16 -0.068 -0.808 1.902
93 17 0.365 -0.534 2.539
93 18 0.337 -0.522 2.106
93 19 0.277 -0.744 1.969
93 20 0.268 -0.800 1.894
94 1 0.300 -0.488 2.595
94 2 0.321 -0.464 2.663
94 3 0.347 -0.178 2.791
94 4 0.341 0.027 2.824
94 5 0.207 -0.273 2.772
94 6 0.016 -0.396 2.747
94 7 0.087 -0.499 2.538
94 8 0.079 -0.545 2.496
94 9 0.465 -0.307 2.693
94 10 0.536 -0.471 2.551
94 11 0.476 -0.500 2.334
94 12 0.469 -0.500 2.260
94 13 0.222 -0.536 2.585
94 14 0.016 -0.549 2.143
94 15 -0.054 -0.753 1.984
94 16 -0.082 -0.809 1.887
94 17 0.361 -0.534 2.538
94 18 0.336 -0.521 2.106
94 19 0.277 -0.745 1.969
94 20 0.266 -0.800 1.891
95 1 0.297 -0.487 2.594
95 2 0.318 -0.464 2.662
95 3 0.347 -0.178 2.791
95 4 0.341 0.027 2.824
95 5 0.208 -0.273 2.772
95 6 0.100 -0.434 2.673
95 7 -0.009 -0.467 2.556
95 8 -0.020 -0.509 2.506
95 9 0.465 -0.307 2.693
95 10 0.537 -0.471 2.551
95 11 0.479 -0.500 2.334
95 12 0.473 -0.501 2.261
95 13 0.218 -0.534 2.584
95 14 0.016 -0.548 2.143
95 15 -0.056 -0.751 1.983
95 16 -0.091 -0.809 1.877
95 17 0.357 -0.533 2.537
95 18 0.335 -0.521 2.106
95 19 0.276 -0.747 1.970
95 20 0.264 -0.800 1.889
96 1 0.293 -0.486 2.593
96 2 0.315 -0.464 2.661
96 3 0.347 -0.178 2.791
96 4 0.340 0.027 2.824
96 5 0.208 -0.274 2.773
96 6 0.149 -0.489 2.603
96 7 -0.054 -0.410 2.599
96 8 -0.096 -0.401 2.586
96 9 0.464 -0.308 2.693
96 10 0.537 -0.472 2.552
96 11 0.482 -0.501 2.334
96 12 0.477 -0.503 2.262
96 13 0.213 -0.531 2.582
96 14 0.016 -0.548 2.144
96 15 -0.057 -0.750 1.982
96 16 -0.096 -0.809 1.872
96 17 0.354 -0.533 2.536
96 18 0.334 -0.521 2.105
96 19 0.276 -0.750 1.970
96 20 0.270 -0.806 1.896
97 1 0.290 -0.485 2.593
97 2 0.312 -0.463 2.660
97 3 0.347 -0.179 2.791
97 4 0.339 0.027 2.824
97 5 0.209 -0.274 2.773
97 6 0.168 -0.509 2.577
97 7 -0.071 -0.387 2.616
97 8 -0.133 -0.333 2.636
97 9 0.464 -0.308 2.693
97 10 0.538 -0.472 2.552
97 11 0.483 -0.501 2.335
97 12 0.478 -0.504 2.263
97 13 0.209 -0.529 2.581
97 14 0.016 -0.548 2.144
97 15 -0.058 -0.749 1.981
97 16 -0.097 -0.809 1.872
97 17 0.350 -0.532 2.535
97 18 0.334 -0.521 2.105
97 19 0.275 -0.753 1.971
97 20 0.276 -0.811 1.903
98 1 0.289 -0.484 2.592
98 2 0.310 -0.462 2.660
98 3 0.347 -0.179 2.791
98 4 0.339 0.027 2.823
98 5 0.209 -0.275 2.773
98 6 0.179 -0.520 2.562
98 7 -0.079 -0.375 2.626
98 8 -0.147 -0.308 2.655
98 9 0.464 -0.308 2.693
98 10 0.538 -0.472 2.553
98 11 0.483 -0.501 2.335
98 12 0.479 -0.505 2.264
98 13 0.207 -0.529 2.582
98 14 0.016 -0.548 2.144
98 15 -0.058 -0.748 1.980
98 16 -0.095 -0.808 1.876
98 17 0.349 -0.531 2.534
98 18 0.333 -0.521 2.105
98 19 0.275 -0.755 1.971
98 20 0.281 -0.814 1.908
99 1 0.286 -0.482 2.593
99 2 0.308 -0.461 2.660
99 3 0.347 -0.180 2.792
99 4 0.338 0.027 2.823
99 5 0.210 -0.275 2.773
99 6 0.183 -0.527 2.555
99 7 -0.080 -0.367 2.633
99 8 -0.147 -0.299 2.665
99 9 0.463 -0.308 2.693
99 10 0.539 -0.472 2.553
99 11 0.484 -0.501 2.336
99 12 0.479 -0.506 2.265
99 13 0.202 -0.527 2.583
99 14 0.016 -0.547 2.144
99 15 -0.055 -0.752 1.984
99 16 -0.086 -0.811 1.889
99 17 0.346 -0.529 2.533
99 18 0.333 -0.521 2.104
99 19 0.275 -0.757 1.971
99 20 0.303 -0.787 1.908
