1 1 0.029 -0.003 1.666
1 2 -0.002 0.062 1.684
1 3 -0.051 0.432 1.721
1 4 0.016 0.604 1.715
1 5 -0.100 0.311 1.618
1 6 -0.112 0.085 1.522
1 7 0.023 -0.049 1.528
1 8 0.074 -0.028 1.527
1 9 0.055 0.294 1.846
1 10 -0.160 0.175 1.889
1 11 -0.004 -0.031 1.865
1 12 -0.012 -0.085 1.870
1 13 0.005 -0.034 1.632
1 14 -0.037 -0.350 1.602
1 15 -0.096 -0.664 1.584
1 16 -0.034 -0.705 1.540
1 17 0.069 -0.063 1.685
1 18 0.052 -0.471 1.817
1 19 0.011 -0.704 1.779
1 20 0.018 -0.744 1.860
2 1 0.028 -0.005 1.665
2 2 -0.002 0.060 1.683
2 3 -0.055 0.452 1.722
2 4 0.021 0.615 1.711
2 5 -0.099 0.311 1.615
2 6 -0.111 0.085 1.519
2 7 0.028 -0.045 1.519
2 8 0.076 -0.050 1.525
2 9 0.052 0.305 1.845
2 10 -0.162 0.187 1.888
2 11 -0.006 -0.019 1.864
2 12 -0.015 -0.073 1.870
2 13 0.005 -0.035 1.631
2 14 -0.037 -0.350 1.601
2 15 -0.096 -0.664 1.584
2 16 -0.034 -0.706 1.540
2 17 0.068 -0.064 1.683
2 18 0.051 -0.470 1.817
2 19 0.010 -0.704 1.776
2 20 0.016 -0.743 1.863
3 1 0.028 -0.006 1.664
3 2 -0.002 0.059 1.682
3 3 -0.057 0.462 1.722
3 4 0.023 0.622 1.709
3 5 -0.099 0.312 1.613
3 6 -0.110 0.085 1.516
3 7 0.031 -0.043 1.514
3 8 0.077 -0.061 1.524
3 9 0.050 0.313 1.844
3 10 -0.164 0.196 1.888
3 11 -0.008 -0.009 1.864
3 12 -0.017 -0.063 1.870
3 13 0.004 -0.036 1.630
3 14 -0.037 -0.351 1.601
3 15 -0.096 -0.664 1.584
3 16 -0.034 -0.707 1.540
3 17 0.068 -0.065 1.682
3 18 0.050 -0.469 1.817
3 19 0.010 -0.704 1.774
3 20 0.018 -0.740 1.859
4 1 0.028 -0.007 1.663
4 2 -0.003 0.058 1.681
4 3 -0.049 0.426 1.714
4 4 0.014 0.598 1.712
4 5 -0.098 0.312 1.610
4 6 -0.109 0.085 1.513
4 7 0.034 -0.042 1.510
4 8 0.078 -0.068 1.523
4 9 0.053 0.300 1.839
4 10 -0.163 0.185 1.884
4 11 -0.006 -0.020 1.860
4 12 -0.015 -0.073 1.866
4 13 0.004 -0.037 1.630
4 14 -0.038 -0.351 1.600
4 15 -0.096 -0.664 1.584
4 16 -0.034 -0.708 1.540
4 17 0.068 -0.065 1.681
4 18 -0.037 -0.473 1.636
4 19 -0.082 -0.700 1.608
4 20 -0.037 -0.721 1.577
5 1 0.028 -0.007 1.662
5 2 -0.002 0.060 1.680
5 3 -0.051 0.441 1.714
5 4 0.018 0.608 1.708
5 5 -0.097 0.312 1.607
5 6 -0.108 0.085 1.510
5 7 0.036 -0.041 1.507
5 8 0.079 -0.072 1.522
5 9 0.051 0.308 1.838
5 10 -0.165 0.193 1.883
5 11 -0.008 -0.011 1.859
5 12 -0.017 -0.065 1.864
5 13 0.004 -0.037 1.629
5 14 -0.038 -0.351 1.600
5 15 -0.096 -0.664 1.584
5 16 -0.034 -0.708 1.540
5 17 0.068 -0.062 1.682
5 18 -0.025 -0.451 1.591
5 19 -0.084 -0.692 1.573
5 20 -0.015 -0.713 1.522
6 1 0.028 -0.005 1.662
6 2 -0.002 0.064 1.679
6 3 -0.053 0.451 1.714
6 4 0.021 0.615 1.704
6 5 -0.096 0.312 1.603
6 6 -0.106 0.085 1.507
6 7 0.037 -0.041 1.504
6 8 0.079 -0.074 1.522
6 9 0.050 0.315 1.837
6 10 -0.167 0.200 1.882
6 11 -0.010 -0.004 1.858
6 12 -0.018 -0.057 1.863
6 13 0.004 -0.037 1.628
6 14 -0.038 -0.351 1.599
6 15 -0.096 -0.664 1.583
6 16 -0.034 -0.709 1.540
6 17 0.069 -0.057 1.682
6 18 -0.045 -0.448 1.562
6 19 -0.109 -0.683 1.522
6 20 -0.030 -0.700 1.450
7 1 0.029 -0.004 1.661
7 2 -0.002 0.066 1.679
7 3 -0.054 0.457 1.714
7 4 0.022 0.620 1.702
7 5 -0.096 0.312 1.601
7 6 -0.105 0.085 1.504
7 7 0.038 -0.040 1.503
7 8 0.080 -0.076 1.521
7 9 0.049 0.320 1.836
7 10 -0.168 0.206 1.882
7 11 -0.011 0.002 1.857
7 12 -0.020 -0.052 1.863
7 13 0.004 -0.036 1.627
7 14 -0.037 -0.351 1.599
7 15 -0.096 -0.664 1.583
7 16 -0.034 -0.709 1.540
7 17 0.069 -0.055 1.682
7 18 -0.051 -0.450 1.562
7 19 -0.120 -0.680 1.501
7 20 -0.035 -0.696 1.420
8 1 0.029 -0.003 1.660
8 2 -0.001 0.068 1.678
8 3 -0.054 0.461 1.714
8 4 0.023 0.624 1.701
8 5 -0.095 0.312 1.598
8 6 -0.104 0.084 1.502
8 7 0.039 -0.040 1.502
8 8 0.080 -0.078 1.521
8 9 0.049 0.324 1.836
8 10 -0.169 0.210 1.881
8 11 -0.012 0.006 1.857
8 12 -0.021 -0.048 1.862
8 13 0.005 -0.036 1.627
8 14 -0.037 -0.351 1.598
8 15 -0.096 -0.664 1.583
8 16 -0.034 -0.709 1.540
8 17 0.069 -0.052 1.682
8 18 -0.056 -0.450 1.563
8 19 -0.127 -0.678 1.487
8 20 -0.040 -0.692 1.421
9 1 0.029 -0.002 1.660
9 2 -0.001 0.070 1.677
9 3 -0.055 0.464 1.714
9 4 0.023 0.627 1.700
9 5 -0.094 0.312 1.595
9 6 -0.103 0.084 1.500
9 7 0.040 -0.040 1.501
9 8 0.081 -0.079 1.520
9 9 0.048 0.327 1.835
9 10 -0.170 0.213 1.881
9 11 -0.013 0.009 1.857
9 12 -0.021 -0.045 1.862
9 13 0.005 -0.035 1.626
9 14 -0.037 -0.350 1.597
9 15 -0.096 -0.664 1.583
9 16 -0.033 -0.709 1.540
9 17 0.070 -0.050 1.682
9 18 -0.060 -0.450 1.564
9 19 -0.129 -0.676 1.485
9 20 -0.043 -0.690 1.424
10 1 0.030 -0.003 1.658
10 2 -0.001 0.071 1.676
10 3 -0.055 0.466 1.714
10 4 0.023 0.629 1.699
10 5 -0.093 0.312 1.593
10 6 -0.103 0.084 1.498
10 7 0.041 -0.040 1.500
10 8 0.081 -0.079 1.519
10 9 0.048 0.330 1.835
10 10 -0.171 0.215 1.881
10 11 -0.013 0.011 1.856
10 12 -0.022 -0.042 1.862
10 13 0.005 -0.035 1.625
10 14 -0.037 -0.350 1.597
10 15 -0.096 -0.664 1.583
10 16 -0.033 -0.709 1.540
10 17 0.070 -0.050 1.680
10 18 -0.058 -0.456 1.575
10 19 -0.130 -0.678 1.492
10 20 -0.046 -0.695 1.447
11 1 0.030 -0.006 1.655
11 2 -0.002 0.066 1.671
11 3 -0.049 0.430 1.702
11 4 0.012 0.606 1.702
11 5 -0.093 0.312 1.591
11 6 -0.102 0.083 1.496
11 7 0.041 -0.040 1.499
11 8 0.081 -0.079 1.519
11 9 0.051 0.312 1.828
11 10 -0.168 0.197 1.874
11 11 -0.011 -0.007 1.849
11 12 -0.019 -0.060 1.854
11 13 0.005 -0.037 1.623
11 14 -0.037 -0.352 1.595
11 15 -0.096 -0.665 1.582
11 16 -0.033 -0.710 1.540
11 17 0.069 -0.056 1.673
11 18 -0.058 -0.467 1.583
11 19 -0.128 -0.687 1.503
11 20 -0.048 -0.706 1.465
12 1 0.030 -0.008 1.653
12 2 -0.001 0.063 1.669
12 3 -0.050 0.438 1.700
12 4 0.015 0.611 1.698
12 5 -0.092 0.312 1.589
12 6 -0.101 0.083 1.495
12 7 0.042 -0.041 1.496
12 8 0.087 -0.081 1.506
12 9 0.051 0.314 1.826
12 10 -0.169 0.199 1.872
12 11 -0.011 -0.005 1.847
12 12 -0.019 -0.059 1.852
12 13 0.005 -0.038 1.622
12 14 -0.037 -0.353 1.594
12 15 -0.096 -0.666 1.582
12 16 -0.033 -0.711 1.540
12 17 0.071 -0.055 1.669
12 18 -0.055 -0.468 1.588
12 19 -0.126 -0.687 1.512
12 20 -0.048 -0.707 1.477
13 1 0.030 -0.000 1.650
13 2 -0.001 0.069 1.667
13 3 -0.052 0.446 1.699
13 4 0.017 0.616 1.695
13 5 -0.091 0.312 1.586
13 6 -0.101 0.083 1.493
13 7 0.043 -0.041 1.494
13 8 0.088 -0.081 1.504
13 9 0.051 0.316 1.825
13 10 -0.169 0.201 1.870
13 11 -0.012 -0.003 1.846
13 12 -0.020 -0.056 1.851
13 13 0.006 -0.036 1.619
13 14 -0.037 -0.352 1.593
13 15 -0.096 -0.665 1.581
13 16 -0.033 -0.711 1.539
13 17 0.072 -0.052 1.669
13 18 -0.052 -0.464 1.593
13 19 -0.122 -0.685 1.520
13 20 -0.047 -0.705 1.485
14 1 0.032 -0.001 1.650
14 2 -0.001 0.070 1.666
14 3 -0.052 0.453 1.699
14 4 0.018 0.620 1.693
14 5 -0.090 0.312 1.584
14 6 -0.100 0.082 1.491
14 7 0.044 -0.041 1.492
14 8 0.089 -0.081 1.502
14 9 0.051 0.319 1.824
14 10 -0.170 0.204 1.869
14 11 -0.012 -0.000 1.845
14 12 -0.020 -0.054 1.850
14 13 0.007 -0.037 1.619
14 14 -0.037 -0.353 1.591
14 15 -0.095 -0.666 1.581
14 16 -0.032 -0.712 1.539
14 17 0.074 -0.050 1.668
14 18 -0.049 -0.461 1.596
14 19 -0.120 -0.683 1.526
14 20 -0.046 -0.704 1.492
15 1 0.034 -0.002 1.649
15 2 0.000 0.070 1.665
15 3 -0.053 0.458 1.699
15 4 0.020 0.624 1.692
15 5 -0.089 0.312 1.581
15 6 -0.099 0.082 1.488
15 7 0.045 -0.041 1.491
15 8 0.077 -0.071 1.501
15 9 0.050 0.322 1.823
15 10 -0.170 0.207 1.868
15 11 -0.012 0.003 1.844
15 12 -0.020 -0.051 1.849
15 13 0.008 -0.039 1.620
15 14 -0.037 -0.355 1.589
15 15 -0.095 -0.667 1.580
15 16 -0.032 -0.713 1.539
15 17 0.075 -0.048 1.667
15 18 -0.048 -0.460 1.598
15 19 -0.118 -0.682 1.529
15 20 -0.045 -0.703 1.496
16 1 0.036 -0.000 1.649
16 2 0.001 0.071 1.664
16 3 -0.053 0.462 1.699
16 4 0.021 0.628 1.690
16 5 -0.088 0.312 1.577
16 6 -0.098 0.081 1.484
16 7 0.045 -0.049 1.495
16 8 0.077 -0.076 1.504
16 9 0.050 0.325 1.822
16 10 -0.170 0.209 1.868
16 11 -0.012 0.006 1.843
16 12 -0.021 -0.048 1.848
16 13 0.009 -0.039 1.620
16 14 -0.037 -0.354 1.588
16 15 -0.095 -0.667 1.580
16 16 -0.032 -0.713 1.539
16 17 0.078 -0.042 1.667
16 18 -0.045 -0.456 1.599
16 19 -0.115 -0.679 1.533
16 20 -0.043 -0.699 1.499
17 1 0.037 -0.002 1.647
17 2 0.002 0.071 1.664
17 3 -0.053 0.465 1.698
17 4 0.022 0.630 1.689
17 5 -0.087 0.312 1.573
17 6 -0.096 0.081 1.480
17 7 0.048 -0.049 1.487
17 8 0.082 -0.078 1.497
17 9 0.050 0.328 1.821
17 10 -0.170 0.212 1.867
17 11 -0.013 0.008 1.842
17 12 -0.021 -0.045 1.847
17 13 0.009 -0.040 1.620
17 14 -0.037 -0.355 1.586
17 15 -0.095 -0.667 1.579
17 16 -0.031 -0.713 1.539
17 17 0.079 -0.041 1.666
17 18 -0.045 -0.455 1.599
17 19 -0.114 -0.678 1.535
17 20 -0.043 -0.698 1.501
18 1 0.037 -0.003 1.647
18 2 0.003 0.071 1.663
18 3 -0.053 0.467 1.697
18 4 0.023 0.633 1.688
18 5 -0.085 0.313 1.567
18 6 -0.093 0.081 1.475
18 7 0.050 -0.054 1.488
18 8 0.083 -0.082 1.500
18 9 0.050 0.330 1.820
18 10 -0.170 0.215 1.865
18 11 -0.012 0.011 1.841
18 12 -0.021 -0.043 1.846
18 13 0.009 -0.041 1.620
18 14 -0.037 -0.356 1.584
18 15 -0.094 -0.668 1.579
18 16 -0.031 -0.714 1.539
18 17 0.080 -0.040 1.665
18 18 -0.044 -0.454 1.599
18 19 -0.113 -0.677 1.536
18 20 -0.042 -0.698 1.502
19 1 0.037 -0.007 1.645
19 2 0.003 0.070 1.662
19 3 -0.053 0.469 1.696
19 4 0.025 0.635 1.688
19 5 -0.083 0.313 1.563
19 6 -0.089 0.080 1.469
19 7 0.050 -0.058 1.490
19 8 0.084 -0.086 1.502
19 9 0.051 0.333 1.819
19 10 -0.170 0.217 1.864
19 11 -0.012 0.013 1.839
19 12 -0.020 -0.040 1.844
19 13 0.009 -0.042 1.620
19 14 -0.036 -0.358 1.581
19 15 -0.094 -0.669 1.578
19 16 -0.030 -0.715 1.539
19 17 0.078 -0.043 1.661
19 18 -0.044 -0.456 1.597
19 19 -0.112 -0.678 1.537
19 20 -0.041 -0.699 1.503
20 1 0.037 -0.010 1.644
20 2 0.003 0.069 1.660
20 3 -0.051 0.471 1.694
20 4 0.027 0.637 1.687
20 5 -0.080 0.313 1.558
20 6 -0.084 0.079 1.461
20 7 0.051 -0.060 1.491
20 8 0.085 -0.089 1.504
20 9 0.052 0.335 1.817
20 10 -0.169 0.220 1.862
20 11 -0.011 0.016 1.838
20 12 -0.019 -0.038 1.843
20 13 0.009 -0.043 1.620
20 14 -0.036 -0.359 1.580
20 15 -0.094 -0.670 1.578
20 16 -0.030 -0.716 1.539
20 17 0.077 -0.045 1.658
20 18 -0.043 -0.458 1.593
20 19 -0.111 -0.679 1.537
20 20 -0.040 -0.700 1.503
21 1 0.036 -0.012 1.642
21 2 0.003 0.067 1.659
21 3 -0.049 0.474 1.691
21 4 0.030 0.640 1.685
21 5 -0.078 0.313 1.552
21 6 -0.078 0.079 1.454
21 7 0.051 -0.061 1.491
21 8 0.086 -0.091 1.505
21 9 0.053 0.338 1.815
21 10 -0.168 0.223 1.860
21 11 -0.010 0.019 1.835
21 12 -0.018 -0.035 1.840
21 13 0.008 -0.045 1.620
21 14 -0.035 -0.360 1.579
21 15 -0.094 -0.671 1.577
21 16 -0.030 -0.717 1.539
21 17 0.076 -0.047 1.655
21 18 -0.043 -0.460 1.590
21 19 -0.111 -0.680 1.536
21 20 -0.039 -0.701 1.502
22 1 0.035 -0.014 1.640
22 2 0.003 0.066 1.657
22 3 -0.046 0.477 1.687
22 4 0.036 0.643 1.684
22 5 -0.075 0.314 1.547
22 6 -0.072 0.079 1.447
22 7 0.051 -0.062 1.492
22 8 0.086 -0.092 1.507
22 9 0.055 0.341 1.812
22 10 -0.165 0.226 1.857
22 11 -0.008 0.022 1.832
22 12 -0.016 -0.031 1.837
22 13 0.006 -0.047 1.618
22 14 -0.034 -0.362 1.577
22 15 -0.094 -0.672 1.577
22 16 -0.030 -0.718 1.539
22 17 0.075 -0.049 1.652
22 18 -0.043 -0.461 1.588
22 19 -0.110 -0.682 1.536
22 20 -0.039 -0.702 1.501
23 1 0.034 -0.015 1.638
23 2 0.003 0.065 1.655
23 3 -0.042 0.480 1.684
23 4 0.042 0.646 1.683
23 5 -0.073 0.315 1.543
23 6 -0.063 0.080 1.441
23 7 0.051 -0.063 1.492
23 8 0.087 -0.093 1.508
23 9 0.058 0.345 1.809
23 10 -0.162 0.229 1.854
23 11 -0.005 0.025 1.829
23 12 -0.013 -0.028 1.834
23 13 0.004 -0.049 1.615
23 14 -0.033 -0.364 1.576
23 15 -0.095 -0.673 1.576
23 16 -0.030 -0.719 1.538
23 17 0.074 -0.049 1.650
23 18 -0.043 -0.462 1.587
23 19 -0.109 -0.683 1.536
23 20 -0.038 -0.703 1.501
24 1 0.024 -0.021 1.621
24 2 -0.003 0.057 1.640
24 3 -0.022 0.442 1.669
24 4 0.046 0.616 1.686
24 5 -0.070 0.316 1.538
24 6 -0.052 0.080 1.436
24 7 0.071 -0.056 1.484
24 8 0.100 -0.094 1.504
24 9 0.073 0.320 1.796
24 10 -0.147 0.205 1.841
24 11 0.011 0.001 1.817
24 12 0.002 -0.052 1.822
24 13 -0.014 -0.054 1.586
24 14 -0.032 -0.366 1.575
24 15 -0.096 -0.675 1.575
24 16 -0.031 -0.721 1.537
24 17 0.058 -0.068 1.631
24 18 -0.047 -0.479 1.581
24 19 -0.108 -0.695 1.536
24 20 -0.037 -0.715 1.499
25 1 0.015 -0.025 1.611
25 2 -0.008 0.051 1.631
25 3 -0.012 0.421 1.662
25 4 0.049 0.603 1.687
25 5 -0.067 0.317 1.535
25 6 -0.039 0.080 1.432
25 7 0.085 -0.054 1.482
25 8 0.113 -0.095 1.504
25 9 0.082 0.306 1.790
25 10 -0.138 0.190 1.835
25 11 0.019 -0.013 1.810
25 12 0.011 -0.067 1.815
25 13 -0.023 -0.056 1.575
25 14 -0.031 -0.368 1.575
25 15 -0.096 -0.676 1.574
25 16 -0.033 -0.722 1.535
25 17 0.049 -0.077 1.622
25 18 -0.004 -0.506 1.598
25 19 0.001 -0.721 1.773
25 20 0.047 -0.726 1.784
26 1 0.011 -0.027 1.606
26 2 -0.011 0.048 1.626
26 3 -0.007 0.412 1.659
26 4 0.051 0.595 1.688
26 5 -0.065 0.319 1.532
26 6 -0.021 0.079 1.433
26 7 0.099 -0.054 1.484
26 8 0.126 -0.098 1.506
26 9 0.088 0.297 1.786
26 10 -0.132 0.182 1.831
26 11 0.025 -0.022 1.807
26 12 0.017 -0.076 1.812
26 13 -0.028 -0.057 1.570
26 14 -0.029 -0.371 1.576
26 15 -0.098 -0.678 1.573
26 16 -0.034 -0.723 1.534
26 17 0.044 -0.082 1.618
26 18 0.012 -0.514 1.604
26 19 0.024 -0.731 1.824
26 20 0.075 -0.729 1.877
27 1 -0.005 0.009 1.614
27 2 -0.022 0.075 1.632
27 3 -0.004 0.406 1.658
27 4 0.053 0.590 1.690
27 5 -0.063 0.320 1.530
27 6 -0.006 0.079 1.436
27 7 0.111 -0.054 1.489
27 8 0.137 -0.100 1.510
27 9 0.091 0.291 1.784
27 10 -0.129 0.176 1.829
27 11 0.029 -0.028 1.805
27 12 0.021 -0.081 1.810
27 13 -0.035 -0.043 1.566
27 14 -0.027 -0.373 1.577
27 15 -0.097 -0.677 1.572
27 16 -0.032 -0.721 1.533
27 17 0.023 -0.055 1.639
27 18 0.030 -0.491 1.616
27 19 0.039 -0.737 1.861
27 20 0.095 -0.731 1.940
28 1 -0.013 0.027 1.620
28 2 -0.027 0.087 1.636
28 3 -0.001 0.402 1.659
28 4 0.055 0.586 1.694
28 5 -0.061 0.321 1.529
28 6 0.009 0.079 1.441
28 7 0.123 -0.054 1.498
28 8 0.149 -0.101 1.517
28 9 0.095 0.286 1.784
28 10 -0.125 0.171 1.829
28 11 0.032 -0.033 1.805
28 12 0.024 -0.086 1.810
28 13 -0.039 -0.034 1.565
28 14 -0.024 -0.378 1.581
28 15 -0.097 -0.676 1.571
28 16 -0.031 -0.718 1.532
28 17 0.013 -0.041 1.654
28 18 -0.082 -0.329 1.751
28 19 -0.053 -0.576 1.995
28 20 -0.006 -0.571 2.057
29 1 -0.015 0.036 1.625
29 2 -0.029 0.094 1.640
29 3 0.001 0.400 1.666
29 4 0.058 0.583 1.701
29 5 -0.058 0.322 1.530
29 6 0.022 0.081 1.451
29 7 0.137 -0.051 1.516
29 8 0.154 -0.084 1.523
29 9 0.098 0.282 1.786
29 10 -0.120 0.159 1.828
29 11 0.035 -0.042 1.803
29 12 0.027 -0.095 1.808
29 13 -0.040 -0.026 1.569
29 14 -0.020 -0.383 1.586
29 15 -0.095 -0.675 1.571
29 16 -0.027 -0.714 1.532
29 17 0.010 -0.034 1.663
29 18 -0.094 -0.297 1.784
29 19 0.032 -0.548 1.654
29 20 -0.004 -0.622 1.663
30 1 -0.015 0.041 1.632
30 2 -0.029 0.098 1.646
30 3 0.001 0.400 1.677
30 4 0.060 0.582 1.712
30 5 -0.053 0.325 1.535
30 6 0.033 0.084 1.461
30 7 0.144 -0.050 1.524
30 8 0.157 -0.071 1.528
30 9 0.100 0.279 1.791
30 10 -0.117 0.153 1.827
30 11 0.036 -0.047 1.801
30 12 0.028 -0.100 1.806
30 13 -0.037 -0.019 1.579
30 14 -0.016 -0.388 1.592
30 15 -0.092 -0.673 1.571
30 16 -0.024 -0.710 1.532
30 17 0.008 -0.031 1.670
30 18 -0.113 -0.278 1.801
30 19 0.032 -0.509 1.682
30 20 -0.009 -0.611 1.659
31 1 -0.016 0.040 1.643
31 2 -0.031 0.097 1.657
31 3 0.001 0.401 1.691
31 4 0.062 0.581 1.729
31 5 -0.046 0.329 1.548
31 6 0.040 0.088 1.473
31 7 0.149 -0.048 1.531
31 8 0.160 -0.061 1.534
31 9 0.101 0.276 1.800
31 10 -0.116 0.149 1.827
31 11 0.037 -0.051 1.800
31 12 0.029 -0.104 1.805
31 13 -0.039 -0.015 1.594
31 14 -0.012 -0.392 1.600
31 15 -0.089 -0.671 1.572
31 16 -0.021 -0.707 1.534
31 17 0.007 -0.030 1.677
31 18 -0.115 -0.286 1.805
31 19 0.046 -0.504 1.597
31 20 0.051 -0.573 1.575
32 1 -0.019 0.034 1.656
32 2 -0.034 0.094 1.670
32 3 -0.002 0.405 1.709
32 4 0.061 0.583 1.747
32 5 -0.041 0.334 1.566
32 6 0.046 0.093 1.485
32 7 0.153 -0.046 1.538
32 8 0.163 -0.052 1.541
32 9 0.101 0.276 1.813
32 10 -0.116 0.146 1.827
32 11 0.038 -0.054 1.800
32 12 0.029 -0.107 1.805
32 13 -0.043 -0.014 1.612
32 14 -0.007 -0.396 1.610
32 15 -0.086 -0.669 1.574
32 16 -0.017 -0.705 1.536
32 17 0.005 -0.030 1.685
32 18 -0.114 -0.292 1.812
32 19 0.047 -0.524 1.599
32 20 0.088 -0.567 1.526
33 1 -0.026 0.026 1.682
33 2 -0.041 0.090 1.696
33 3 -0.009 0.415 1.734
33 4 0.059 0.590 1.768
33 5 -0.038 0.337 1.585
33 6 0.049 0.098 1.499
33 7 0.156 -0.043 1.548
33 8 0.165 -0.044 1.550
33 9 0.098 0.280 1.835
33 10 -0.117 0.145 1.830
33 11 0.037 -0.056 1.799
33 12 0.029 -0.109 1.804
33 13 -0.051 -0.015 1.637
33 14 -0.002 -0.399 1.622
33 15 -0.082 -0.667 1.577
33 16 -0.013 -0.702 1.540
33 17 -0.004 -0.033 1.712
33 18 -0.110 -0.308 1.812
33 19 0.066 -0.557 1.641
33 20 0.010 -0.599 1.613
34 1 -0.031 0.021 1.701
34 2 -0.046 0.087 1.715
34 3 -0.012 0.421 1.753
34 4 0.054 0.596 1.787
34 5 -0.036 0.339 1.604
34 6 0.051 0.102 1.513
34 7 0.159 -0.040 1.560
34 8 0.167 -0.038 1.561
34 9 0.095 0.285 1.855
34 10 -0.122 0.149 1.836
34 11 0.036 -0.055 1.800
34 12 0.027 -0.109 1.805
34 13 -0.056 -0.017 1.657
34 14 0.002 -0.402 1.635
34 15 -0.078 -0.665 1.580
34 16 -0.008 -0.700 1.544
34 17 -0.009 -0.036 1.731
34 18 -0.097 -0.331 1.805
34 19 0.074 -0.581 1.669
34 20 0.003 -0.602 1.610
35 1 -0.037 0.029 1.733
35 2 -0.052 0.094 1.745
35 3 -0.015 0.425 1.769
35 4 0.050 0.602 1.804
35 5 -0.036 0.339 1.625
35 6 0.054 0.106 1.529
35 7 0.165 -0.030 1.585
35 8 0.192 -0.045 1.613
35 9 0.092 0.289 1.874
35 10 -0.129 0.157 1.846
35 11 0.032 -0.053 1.804
35 12 0.024 -0.106 1.809
35 13 -0.060 -0.018 1.670
35 14 0.006 -0.405 1.648
35 15 -0.062 -0.642 1.598
35 16 0.010 -0.650 1.585
35 17 -0.017 -0.030 1.775
35 18 -0.088 -0.340 1.804
35 19 0.077 -0.594 1.691
35 20 -0.011 -0.608 1.621
36 1 -0.040 0.033 1.750
36 2 -0.055 0.099 1.762
36 3 -0.018 0.431 1.789
36 4 0.046 0.608 1.822
36 5 -0.038 0.341 1.648
36 6 0.054 0.108 1.568
36 7 0.165 -0.030 1.602
36 8 0.196 -0.048 1.629
36 9 0.089 0.295 1.896
36 10 -0.134 0.165 1.858
36 11 0.026 -0.044 1.814
36 12 0.017 -0.097 1.819
36 13 -0.064 -0.017 1.683
36 14 0.011 -0.407 1.661
36 15 -0.054 -0.632 1.608
36 16 -0.003 -0.604 1.579
36 17 -0.021 -0.027 1.796
36 18 -0.081 -0.345 1.806
36 19 0.071 -0.617 1.721
36 20 -0.023 -0.622 1.655
37 1 -0.041 0.029 1.764
37 2 -0.056 0.097 1.777
37 3 -0.019 0.436 1.806
37 4 0.041 0.615 1.843
37 5 -0.053 0.338 1.691
37 6 0.051 0.112 1.594
37 7 0.165 -0.030 1.613
37 8 0.198 -0.050 1.641
37 9 0.087 0.300 1.915
37 10 -0.138 0.173 1.871
37 11 0.020 -0.035 1.828
37 12 0.012 -0.088 1.833
37 13 -0.070 -0.022 1.740
37 14 0.018 -0.410 1.679
37 15 -0.043 -0.628 1.621
37 16 -0.048 -0.585 1.580
37 17 -0.022 -0.025 1.804
37 18 -0.074 -0.351 1.813
37 19 -0.076 -0.659 1.838
37 20 -0.076 -0.644 1.735
38 1 -0.039 0.018 1.783
38 2 -0.054 0.089 1.798
38 3 -0.020 0.438 1.821
38 4 0.039 0.618 1.858
38 5 -0.060 0.337 1.712
38 6 0.050 0.115 1.608
38 7 0.165 -0.029 1.622
38 8 0.200 -0.051 1.649
38 9 0.085 0.304 1.932
38 10 -0.141 0.179 1.885
38 11 0.016 -0.028 1.843
38 12 0.007 -0.081 1.848
38 13 -0.073 -0.040 1.814
38 14 0.026 -0.413 1.710
38 15 -0.029 -0.627 1.636
38 16 -0.075 -0.592 1.589
38 17 -0.009 -0.041 1.781
38 18 -0.070 -0.357 1.828
38 19 -0.116 -0.684 1.878
38 20 -0.102 -0.659 1.782
39 1 -0.037 0.011 1.796
39 2 -0.052 0.082 1.812
39 3 -0.019 0.438 1.840
39 4 0.036 0.619 1.873
39 5 -0.066 0.336 1.732
39 6 0.048 0.118 1.618
39 7 0.164 -0.028 1.629
39 8 0.200 -0.051 1.655
39 9 0.085 0.306 1.950
39 10 -0.143 0.184 1.904
39 11 0.012 -0.023 1.864
39 12 0.004 -0.076 1.869
39 13 -0.074 -0.049 1.850
39 14 0.004 -0.422 1.780
39 15 -0.013 -0.636 1.652
39 16 -0.075 -0.606 1.612
39 17 -0.001 -0.050 1.768
39 18 -0.024 -0.400 1.816
39 19 -0.134 -0.695 1.883
39 20 -0.102 -0.666 1.792
40 1 -0.038 0.002 1.814
40 2 -0.052 0.075 1.830
40 3 -0.019 0.438 1.857
40 4 0.034 0.620 1.884
40 5 -0.068 0.336 1.742
40 6 0.048 0.120 1.624
40 7 0.165 -0.026 1.636
40 8 0.200 -0.050 1.661
40 9 0.084 0.307 1.967
40 10 -0.144 0.186 1.923
40 11 0.011 -0.020 1.883
40 12 0.002 -0.073 1.888
40 13 -0.076 -0.053 1.870
40 14 0.046 -0.375 1.775
40 15 0.012 -0.648 1.672
40 16 0.014 -0.659 1.633
40 17 0.001 -0.055 1.767
40 18 0.050 -0.465 1.768
40 19 -0.134 -0.701 1.879
40 20 -0.089 -0.672 1.796
41 1 -0.037 -0.004 1.824
41 2 -0.051 0.070 1.840
41 3 -0.018 0.435 1.871
41 4 0.033 0.619 1.895
41 5 -0.068 0.337 1.750
41 6 0.053 0.154 1.624
41 7 0.169 0.020 1.674
41 8 0.206 -0.018 1.698
41 9 0.084 0.306 1.981
41 10 -0.144 0.186 1.939
41 11 0.010 -0.019 1.899
41 12 0.002 -0.073 1.904
41 13 -0.076 -0.056 1.883
41 14 0.069 -0.362 1.789
41 15 0.023 -0.651 1.685
41 16 0.079 -0.691 1.657
41 17 0.002 -0.060 1.767
41 18 0.017 -0.486 1.827
41 19 -0.135 -0.711 1.877
41 20 -0.075 -0.681 1.801
42 1 -0.034 -0.009 1.833
42 2 -0.049 0.064 1.850
42 3 -0.016 0.429 1.886
42 4 0.033 0.615 1.908
42 5 -0.067 0.338 1.758
42 6 0.056 0.152 1.636
42 7 0.171 0.023 1.685
42 8 0.207 -0.013 1.706
42 9 0.086 0.302 1.996
42 10 -0.143 0.182 1.956
42 11 0.011 -0.022 1.916
42 12 0.003 -0.076 1.921
42 13 -0.074 -0.060 1.890
42 14 0.078 -0.356 1.795
42 15 0.047 -0.631 1.725
42 16 0.132 -0.679 1.700
42 17 0.004 -0.065 1.770
42 18 -0.023 -0.439 1.887
42 19 -0.126 -0.718 1.872
42 20 -0.049 -0.686 1.797
43 1 -0.030 -0.014 1.841
43 2 -0.045 0.058 1.858
43 3 -0.014 0.423 1.900
43 4 0.033 0.611 1.923
43 5 -0.065 0.339 1.766
43 6 0.058 0.151 1.644
43 7 0.173 0.022 1.693
43 8 0.207 -0.010 1.712
43 9 0.087 0.298 2.010
43 10 -0.141 0.179 1.971
43 11 0.012 -0.026 1.932
43 12 0.004 -0.079 1.937
43 13 -0.069 -0.064 1.894
43 14 0.086 -0.363 1.803
43 15 0.057 -0.627 1.746
43 16 0.153 -0.677 1.723
43 17 0.009 -0.070 1.778
43 18 -0.037 -0.437 1.909
43 19 -0.105 -0.718 1.863
43 20 -0.025 -0.690 1.797
44 1 -0.024 -0.019 1.849
44 2 -0.040 0.053 1.867
44 3 -0.011 0.418 1.912
44 4 0.034 0.607 1.937
44 5 -0.061 0.341 1.777
44 6 0.059 0.147 1.655
44 7 0.174 0.019 1.699
44 8 0.207 -0.009 1.716
44 9 0.089 0.294 2.023
44 10 -0.139 0.174 1.985
44 11 0.015 -0.030 1.945
44 12 0.006 -0.083 1.950
44 13 -0.063 -0.068 1.895
44 14 -0.031 -0.435 1.896
44 15 -0.030 -0.674 1.854
44 16 0.043 -0.718 1.821
44 17 0.016 -0.075 1.793
44 18 -0.060 -0.416 1.927
44 19 -0.090 -0.719 1.860
44 20 -0.010 -0.693 1.798
45 1 -0.018 -0.023 1.858
45 2 -0.034 0.049 1.877
45 3 -0.008 0.416 1.925
45 4 0.036 0.603 1.950
45 5 -0.059 0.342 1.788
45 6 0.064 0.140 1.676
45 7 0.177 0.013 1.708
45 8 0.208 -0.013 1.723
45 9 0.092 0.291 2.037
45 10 -0.136 0.171 1.999
45 11 0.018 -0.033 1.959
45 12 0.009 -0.086 1.964
45 13 -0.059 -0.071 1.897
45 14 -0.056 -0.451 1.925
45 15 -0.053 -0.687 1.896
45 16 0.031 -0.731 1.858
45 17 0.023 -0.078 1.808
45 18 0.114 -0.407 1.867
45 19 0.097 -0.656 1.799
45 20 0.055 -0.686 1.768
46 1 -0.013 -0.026 1.866
46 2 -0.030 0.045 1.885
46 3 -0.005 0.413 1.936
46 4 0.039 0.600 1.962
46 5 -0.057 0.343 1.799
46 6 0.066 0.138 1.689
46 7 0.179 0.008 1.714
46 8 0.210 -0.017 1.729
46 9 0.095 0.288 2.048
46 10 -0.133 0.168 2.011
46 11 0.020 -0.036 1.971
46 12 0.012 -0.090 1.976
46 13 -0.055 -0.073 1.899
46 14 -0.079 -0.465 1.944
46 15 -0.069 -0.697 1.911
46 16 0.004 -0.738 1.870
46 17 0.028 -0.081 1.820
46 18 0.142 -0.400 1.875
46 19 0.155 -0.644 1.791
46 20 0.102 -0.688 1.765
47 1 -0.007 -0.028 1.874
47 2 -0.024 0.044 1.894
47 3 -0.002 0.411 1.948
47 4 0.042 0.597 1.976
47 5 -0.055 0.345 1.811
47 6 0.067 0.137 1.698
47 7 0.180 0.006 1.719
47 8 0.211 -0.020 1.734
47 9 0.098 0.286 2.060
47 10 -0.129 0.166 2.023
47 11 0.024 -0.039 1.983
47 12 0.016 -0.092 1.988
47 13 -0.050 -0.075 1.902
47 14 -0.082 -0.466 1.944
47 15 -0.075 -0.700 1.909
47 16 -0.006 -0.740 1.868
47 17 0.034 -0.081 1.830
47 18 0.190 -0.403 1.870
47 19 0.196 -0.643 1.820
47 20 0.137 -0.696 1.788
48 1 -0.001 -0.029 1.880
48 2 -0.018 0.042 1.901
48 3 0.003 0.409 1.959
48 4 0.047 0.595 1.988
48 5 -0.053 0.346 1.821
48 6 0.070 0.137 1.707
48 7 0.183 0.003 1.724
48 8 0.214 -0.023 1.739
48 9 0.102 0.283 2.072
48 10 -0.125 0.163 2.034
48 11 0.028 -0.042 1.994
48 12 0.020 -0.095 1.999
48 13 -0.044 -0.076 1.904
48 14 -0.081 -0.467 1.945
48 15 -0.076 -0.704 1.908
48 16 -0.010 -0.741 1.866
48 17 0.040 -0.082 1.840
48 18 0.203 -0.411 1.877
48 19 0.205 -0.656 1.846
48 20 0.164 -0.720 1.823
49 1 0.004 -0.030 1.886
49 2 -0.013 0.041 1.909
49 3 0.007 0.407 1.967
49 4 0.051 0.592 1.997
49 5 -0.058 0.352 1.851
49 6 0.069 0.147 1.724
49 7 0.185 0.002 1.728
49 8 0.217 -0.025 1.745
49 9 0.106 0.280 2.080
49 10 -0.121 0.160 2.043
49 11 0.032 -0.044 2.003
49 12 0.024 -0.098 2.008
49 13 -0.039 -0.077 1.906
49 14 -0.079 -0.467 1.946
49 15 -0.076 -0.706 1.904
49 16 -0.013 -0.741 1.856
49 17 0.046 -0.083 1.847
49 18 0.210 -0.420 1.888
49 19 0.224 -0.687 1.884
49 20 0.175 -0.745 1.857
50 1 0.010 -0.031 1.893
50 2 -0.007 0.039 1.915
50 3 0.010 0.405 1.973
50 4 0.054 0.590 2.004
50 5 -0.058 0.353 1.862
50 6 0.071 0.150 1.732
50 7 0.187 0.002 1.732
50 8 0.221 -0.027 1.750
50 9 0.109 0.278 2.087
50 10 -0.118 0.157 2.049
50 11 0.036 -0.047 2.010
50 12 0.028 -0.100 2.015
50 13 -0.031 -0.079 1.912
50 14 -0.068 -0.463 1.941
50 15 -0.071 -0.706 1.894
50 16 -0.010 -0.739 1.846
50 17 0.051 -0.084 1.854
50 18 0.217 -0.433 1.905
50 19 0.238 -0.705 1.914
50 20 0.247 -0.757 1.880
51 1 0.017 -0.031 1.900
51 2 0.000 0.038 1.923
51 3 0.018 0.402 1.982
51 4 0.060 0.587 2.013
51 5 -0.056 0.352 1.871
51 6 0.074 0.152 1.738
51 7 0.191 0.002 1.737
51 8 0.225 -0.028 1.756
51 9 0.115 0.275 2.096
51 10 -0.112 0.155 2.058
51 11 0.042 -0.050 2.018
51 12 0.034 -0.103 2.023
51 13 -0.024 -0.080 1.917
51 14 -0.058 -0.459 1.938
51 15 -0.067 -0.705 1.888
51 16 -0.006 -0.738 1.840
51 17 0.058 -0.084 1.862
51 18 0.215 -0.443 1.918
51 19 0.239 -0.735 1.954
51 20 0.219 -0.786 1.918
52 1 0.024 -0.031 1.907
52 2 0.007 0.038 1.931
52 3 0.022 0.400 1.987
52 4 0.065 0.585 2.019
52 5 -0.064 0.342 1.900
52 6 0.074 0.155 1.748
52 7 0.194 0.003 1.742
52 8 0.230 -0.028 1.761
52 9 0.120 0.273 2.102
52 10 0.163 0.106 1.922
52 11 0.306 -0.075 1.881
52 12 0.297 -0.128 1.886
52 13 -0.018 -0.082 1.923
52 14 -0.049 -0.458 1.937
52 15 -0.063 -0.706 1.884
52 16 -0.004 -0.738 1.834
52 17 0.065 -0.084 1.869
52 18 0.213 -0.451 1.929
52 19 0.240 -0.755 1.982
52 20 0.223 -0.815 1.961
53 1 0.032 -0.031 1.915
53 2 0.015 0.038 1.938
53 3 0.034 0.397 1.995
53 4 0.074 0.582 2.027
53 5 -0.048 0.333 1.906
53 6 0.085 0.152 1.752
53 7 0.202 0.001 1.748
53 8 0.235 -0.028 1.766
53 9 0.129 0.270 2.110
53 10 0.214 0.096 1.907
53 11 0.294 -0.080 1.912
53 12 0.293 -0.131 1.904
53 13 -0.010 -0.083 1.931
53 14 -0.041 -0.457 1.938
53 15 -0.059 -0.706 1.883
53 16 0.000 -0.739 1.832
53 17 0.073 -0.085 1.875
53 18 0.212 -0.458 1.939
53 19 0.244 -0.769 2.004
53 20 0.282 -0.816 1.973
54 1 0.042 -0.032 1.924
54 2 0.025 0.036 1.947
54 3 0.045 0.394 2.002
54 4 0.084 0.579 2.034
54 5 -0.036 0.329 1.907
54 6 0.095 0.148 1.755
54 7 0.210 -0.000 1.756
54 8 0.241 -0.028 1.772
54 9 0.139 0.267 2.117
54 10 0.242 0.094 1.892
54 11 0.299 -0.080 1.926
54 12 0.319 -0.135 1.901
54 13 0.001 -0.085 1.942
54 14 -0.034 -0.458 1.941
54 15 -0.056 -0.707 1.882
54 16 0.004 -0.739 1.832
54 17 0.082 -0.086 1.883
54 18 0.213 -0.463 1.949
54 19 0.247 -0.777 2.016
54 20 0.313 -0.818 1.982
55 1 0.055 -0.033 1.935
55 2 0.039 0.035 1.958
55 3 0.061 0.391 2.010
55 4 0.097 0.576 2.042
55 5 -0.025 0.325 1.908
55 6 0.105 0.143 1.757
55 7 0.219 -0.002 1.763
55 8 0.248 -0.028 1.778
55 9 0.152 0.264 2.125
55 10 0.250 0.095 1.893
55 11 0.310 -0.085 1.932
55 12 0.331 -0.139 1.907
55 13 0.014 -0.088 1.956
55 14 -0.026 -0.458 1.946
55 15 -0.051 -0.707 1.883
55 16 0.010 -0.740 1.833
55 17 0.095 -0.088 1.892
55 18 0.214 -0.466 1.957
55 19 0.249 -0.782 2.024
55 20 0.326 -0.818 1.985
56 1 0.067 -0.035 1.948
56 2 0.052 0.033 1.970
56 3 0.077 0.389 2.018
56 4 0.122 0.571 2.055
56 5 -0.013 0.323 1.908
56 6 0.113 0.140 1.759
56 7 0.230 -0.002 1.771
56 8 0.254 -0.026 1.785
56 9 0.167 0.261 2.134
56 10 0.260 0.096 1.899
56 11 0.323 -0.091 1.943
56 12 0.331 -0.142 1.924
56 13 0.025 -0.090 1.970
56 14 -0.017 -0.459 1.952
56 15 -0.045 -0.709 1.886
56 16 0.016 -0.742 1.837
56 17 0.108 -0.092 1.905
56 18 0.216 -0.466 1.964
56 19 0.250 -0.784 2.029
56 20 0.333 -0.815 1.983
57 1 0.078 -0.036 1.958
57 2 0.063 0.033 1.980
57 3 0.093 0.389 2.025
57 4 0.140 0.570 2.064
57 5 0.002 0.321 1.909
57 6 0.121 0.135 1.761
57 7 0.281 0.003 1.830
57 8 0.312 -0.027 1.846
57 9 0.183 0.260 2.141
57 10 0.262 0.104 1.901
57 11 0.325 -0.093 1.951
57 12 0.330 -0.145 1.936
57 13 0.034 -0.091 1.981
57 14 -0.006 -0.462 1.961
57 15 -0.039 -0.710 1.889
57 16 0.023 -0.744 1.841
57 17 0.119 -0.094 1.914
57 18 0.220 -0.464 1.970
57 19 0.250 -0.778 2.024
57 20 0.331 -0.807 1.973
58 1 0.092 -0.035 1.969
58 2 0.077 0.034 1.989
58 3 0.107 0.390 2.030
58 4 0.159 0.569 2.070
58 5 0.019 0.320 1.910
58 6 0.133 0.131 1.763
58 7 0.318 -0.001 1.873
58 8 0.347 -0.033 1.883
58 9 0.197 0.261 2.147
58 10 0.257 0.111 1.909
58 11 0.327 -0.095 1.955
58 12 0.331 -0.147 1.944
58 13 0.047 -0.091 1.994
58 14 0.008 -0.467 1.971
58 15 -0.033 -0.711 1.893
58 16 0.030 -0.746 1.845
58 17 0.133 -0.093 1.926
58 18 0.223 -0.461 1.975
58 19 0.250 -0.767 2.013
58 20 0.326 -0.797 1.960
59 1 0.106 -0.036 1.979
59 2 0.091 0.034 1.998
59 3 0.120 0.393 2.034
59 4 0.183 0.571 2.074
59 5 0.035 0.320 1.913
59 6 0.148 0.128 1.766
59 7 0.332 -0.002 1.888
59 8 0.362 -0.036 1.898
59 9 0.211 0.262 2.152
59 10 0.252 0.116 1.915
59 11 0.329 -0.096 1.958
59 12 0.331 -0.149 1.950
59 13 0.061 -0.091 2.003
59 14 0.022 -0.473 1.982
59 15 -0.023 -0.713 1.900
59 16 -0.018 -0.758 1.864
59 17 0.149 -0.092 1.938
59 18 0.227 -0.458 1.980
59 19 0.250 -0.756 2.000
59 20 0.322 -0.787 1.948
60 1 0.118 -0.037 1.987
60 2 0.102 0.034 2.005
60 3 0.129 0.395 2.035
60 4 0.203 0.572 2.076
60 5 0.054 0.321 1.917
60 6 0.173 0.121 1.783
60 7 0.340 -0.003 1.897
60 8 0.371 -0.037 1.908
60 9 0.222 0.264 2.154
60 10 0.246 0.123 1.917
60 11 0.331 -0.097 1.960
60 12 0.333 -0.149 1.954
60 13 0.075 -0.092 2.014
60 14 0.045 -0.480 1.998
60 15 -0.010 -0.714 1.908
60 16 -0.038 -0.764 1.877
60 17 0.160 -0.091 1.948
60 18 0.232 -0.456 1.984
60 19 0.251 -0.749 1.992
60 20 0.320 -0.782 1.941
61 1 0.136 -0.037 1.997
61 2 0.119 0.035 2.013
61 3 0.140 0.398 2.036
61 4 0.217 0.574 2.076
61 5 0.071 0.323 1.920
61 6 0.186 0.118 1.791
61 7 0.342 -0.004 1.896
61 8 0.377 -0.038 1.913
61 9 0.233 0.266 2.156
61 10 0.244 0.126 1.919
61 11 0.336 -0.097 1.962
61 12 0.336 -0.150 1.958
61 13 0.096 -0.091 2.025
61 14 0.078 -0.492 2.019
61 15 0.001 -0.716 1.917
61 16 0.030 -0.760 1.881
61 17 0.176 -0.089 1.960
61 18 0.236 -0.456 1.988
61 19 0.252 -0.744 1.986
61 20 0.319 -0.778 1.936
62 1 0.149 -0.036 2.004
62 2 0.131 0.036 2.017
62 3 0.150 0.399 2.036
62 4 0.228 0.574 2.075
62 5 0.114 0.330 1.911
62 6 0.198 0.113 1.794
62 7 0.342 -0.005 1.890
62 8 0.380 -0.039 1.914
62 9 0.244 0.267 2.157
62 10 0.244 0.128 1.919
62 11 0.342 -0.098 1.964
62 12 0.340 -0.151 1.962
62 13 0.116 -0.088 2.035
62 14 0.099 -0.498 2.034
62 15 0.025 -0.722 1.934
62 16 0.076 -0.763 1.901
62 17 0.185 -0.088 1.966
62 18 0.238 -0.456 1.992
62 19 0.252 -0.740 1.982
62 20 0.319 -0.776 1.934
63 1 0.163 -0.011 2.017
63 2 0.143 0.049 2.025
63 3 0.161 0.399 2.036
63 4 0.238 0.574 2.074
63 5 0.131 0.333 1.907
63 6 0.205 0.109 1.797
63 7 0.357 -0.037 1.905
63 8 0.413 -0.089 1.942
63 9 0.255 0.267 2.158
63 10 0.244 0.129 1.920
63 11 0.348 -0.098 1.965
63 12 0.344 -0.152 1.965
63 13 0.135 -0.057 2.007
63 14 0.132 -0.481 2.053
63 15 0.066 -0.700 1.957
63 16 0.137 -0.738 1.921
63 17 0.190 -0.065 2.025
63 18 0.239 -0.458 1.999
63 19 0.253 -0.738 1.980
63 20 0.319 -0.774 1.933
64 1 0.170 0.006 2.024
64 2 0.152 0.067 2.032
64 3 0.171 0.401 2.036
64 4 0.248 0.575 2.072
64 5 0.141 0.335 1.906
64 6 0.210 0.106 1.799
64 7 0.365 -0.054 1.913
64 8 0.425 -0.107 1.952
64 9 0.266 0.269 2.158
64 10 0.249 0.132 1.920
64 11 0.357 -0.097 1.966
64 12 0.351 -0.150 1.967
64 13 0.143 -0.039 1.986
64 14 0.181 -0.466 2.057
64 15 0.099 -0.723 1.984
64 16 0.069 -0.761 1.953
64 17 0.192 -0.049 2.065
64 18 0.260 -0.464 2.004
64 19 0.253 -0.719 1.978
64 20 0.311 -0.776 1.940
65 1 0.172 0.016 2.028
65 2 0.156 0.077 2.035
65 3 0.182 0.401 2.037
65 4 0.257 0.575 2.071
65 5 0.148 0.335 1.905
65 6 0.214 0.102 1.802
65 7 0.366 -0.031 1.881
65 8 0.416 -0.077 1.913
65 9 0.276 0.270 2.159
65 10 0.252 0.134 1.920
65 11 0.360 -0.096 1.966
65 12 0.353 -0.150 1.968
65 13 0.146 -0.031 1.976
65 14 0.267 -0.413 2.028
65 15 0.165 -0.705 2.004
65 16 0.200 -0.736 1.965
65 17 0.190 -0.044 2.085
65 18 0.273 -0.467 2.006
65 19 0.260 -0.709 1.975
65 20 0.322 -0.758 1.937
66 1 0.198 0.027 2.023
66 2 0.183 0.095 2.034
66 3 0.210 0.446 2.046
66 4 0.297 0.612 2.064
66 5 0.153 0.335 1.905
66 6 0.217 0.099 1.803
66 7 0.370 -0.029 1.874
66 8 0.416 -0.076 1.908
66 9 0.307 0.311 2.167
66 10 0.152 0.161 2.130
66 11 0.122 -0.087 2.168
66 12 0.145 -0.141 2.147
66 13 0.166 -0.023 1.969
66 14 0.250 -0.433 2.019
66 15 0.170 -0.688 2.005
66 16 0.225 -0.720 1.966
66 17 0.223 -0.027 2.074
66 18 0.272 -0.464 2.032
66 19 0.280 -0.682 1.953
66 20 0.336 -0.735 1.921
67 1 0.235 0.033 2.021
67 2 0.212 0.104 2.035
67 3 0.226 0.469 2.052
67 4 0.319 0.631 2.061
67 5 0.158 0.334 1.905
67 6 0.219 0.096 1.804
67 7 0.373 -0.029 1.870
67 8 0.417 -0.077 1.905
67 9 0.321 0.328 2.171
67 10 0.136 0.165 2.179
67 11 0.094 -0.088 2.209
67 12 0.085 -0.141 2.216
67 13 0.205 -0.017 1.970
67 14 0.316 -0.427 1.992
67 15 0.192 -0.708 2.017
67 16 0.256 -0.744 1.972
67 17 0.267 -0.018 2.062
67 18 0.257 -0.454 2.088
67 19 0.290 -0.685 1.953
67 20 0.343 -0.731 1.918
68 1 0.254 0.032 2.019
68 2 0.232 0.101 2.034
68 3 0.246 0.446 2.057
68 4 0.326 0.620 2.062
68 5 0.162 0.330 1.908
68 6 0.220 0.093 1.805
68 7 0.376 -0.030 1.868
68 8 0.417 -0.076 1.896
68 9 0.337 0.322 2.175
68 10 0.130 0.133 2.225
68 11 0.076 -0.121 2.255
68 12 0.043 -0.160 2.273
68 13 0.224 -0.018 1.972
68 14 0.332 -0.436 1.979
68 15 0.198 -0.725 2.022
68 16 0.268 -0.761 1.975
68 17 0.292 -0.019 2.052
68 18 0.248 -0.440 2.167
68 19 0.292 -0.694 1.955
68 20 0.346 -0.729 1.916
69 1 0.264 0.030 2.018
69 2 0.243 0.098 2.034
69 3 0.254 0.432 2.058
69 4 0.330 0.607 2.065
69 5 0.166 0.326 1.912
69 6 0.220 0.089 1.806
69 7 0.378 -0.031 1.865
69 8 0.417 -0.076 1.889
69 9 0.347 0.315 2.177
69 10 0.142 0.114 2.245
69 11 0.094 -0.127 2.277
69 12 0.048 -0.172 2.296
69 13 0.235 -0.020 1.972
69 14 0.336 -0.445 1.972
69 15 0.192 -0.735 2.040
69 16 0.265 -0.771 1.994
69 17 0.305 -0.023 2.048
69 18 0.365 -0.439 2.169
69 19 0.292 -0.693 1.955
69 20 0.347 -0.726 1.915
70 1 0.272 0.029 2.018
70 2 0.251 0.096 2.035
70 3 0.259 0.434 2.062
70 4 0.337 0.606 2.065
70 5 0.171 0.320 1.917
70 6 0.218 0.084 1.807
70 7 0.379 -0.032 1.864
70 8 0.418 -0.075 1.884
70 9 0.353 0.317 2.179
70 10 0.165 0.122 2.257
70 11 0.120 -0.124 2.297
70 12 0.075 -0.175 2.319
70 13 0.243 -0.022 1.972
70 14 0.333 -0.454 1.970
70 15 0.193 -0.740 2.046
70 16 0.267 -0.776 1.999
70 17 0.315 -0.027 2.048
70 18 0.391 -0.438 2.192
70 19 0.290 -0.693 1.957
70 20 0.349 -0.724 1.914
71 1 0.300 -0.014 2.019
71 2 0.276 0.060 2.037
71 3 0.261 0.436 2.066
71 4 0.342 0.605 2.066
71 5 0.175 0.315 1.922
71 6 0.213 0.079 1.810
71 7 0.380 -0.033 1.862
71 8 0.418 -0.075 1.881
71 9 0.357 0.318 2.181
71 10 0.165 0.117 2.282
71 11 0.112 -0.130 2.327
71 12 0.097 -0.179 2.327
71 13 0.266 -0.056 1.989
71 14 0.325 -0.469 1.974
71 15 0.191 -0.746 2.050
71 16 0.215 -0.805 2.093
71 17 0.347 -0.064 2.035
71 18 0.421 -0.447 2.199
71 19 0.292 -0.702 1.969
71 20 0.353 -0.732 1.924
72 1 0.304 -0.034 2.017
72 2 0.282 0.045 2.037
72 3 0.262 0.438 2.068
72 4 0.347 0.604 2.067
72 5 0.178 0.310 1.927
72 6 0.205 0.075 1.820
72 7 0.376 -0.033 1.860
72 8 0.415 -0.072 1.876
72 9 0.360 0.318 2.183
72 10 0.177 0.117 2.277
72 11 0.134 -0.130 2.322
72 12 0.124 -0.182 2.324
72 13 0.268 -0.072 1.999
72 14 0.318 -0.481 1.978
72 15 0.190 -0.753 2.054
72 16 0.207 -0.816 2.133
72 17 0.343 -0.082 2.015
72 18 0.457 -0.461 2.170
72 19 0.288 -0.702 1.970
72 20 0.352 -0.732 1.924
73 1 0.329 -0.084 2.054
73 2 0.305 -0.013 2.068
73 3 0.280 0.336 2.075
73 4 0.348 0.513 2.081
73 5 0.182 0.306 1.932
73 6 0.196 0.070 1.835
73 7 0.372 -0.032 1.859
73 8 0.414 -0.070 1.874
73 9 0.381 0.224 2.194
73 10 0.215 0.025 2.259
73 11 0.181 -0.222 2.307
73 12 0.173 -0.276 2.311
73 13 0.293 -0.117 2.043
73 14 0.313 -0.488 1.982
73 15 0.188 -0.759 2.055
73 16 0.245 -0.788 2.028
73 17 0.371 -0.151 2.055
73 18 0.483 -0.513 2.156
73 19 0.283 -0.736 1.973
73 20 0.338 -0.777 2.011
74 1 0.340 -0.109 2.075
74 2 0.316 -0.043 2.087
74 3 0.289 0.296 2.080
74 4 0.350 0.471 2.088
74 5 0.185 0.302 1.938
74 6 0.181 0.067 1.861
74 7 0.368 -0.032 1.859
74 8 0.414 -0.070 1.873
74 9 0.391 0.178 2.199
74 10 0.233 -0.019 2.248
74 11 0.204 -0.267 2.298
74 12 0.197 -0.322 2.303
74 13 0.305 -0.138 2.066
74 14 0.307 -0.494 1.985
74 15 0.185 -0.765 2.055
74 16 0.244 -0.792 2.030
74 17 0.387 -0.187 2.083
74 18 0.491 -0.541 2.147
74 19 0.290 -0.715 1.962
74 20 0.337 -0.758 2.027
75 1 0.347 -0.103 2.088
75 2 0.322 -0.051 2.096
75 3 0.293 0.274 2.082
75 4 0.351 0.452 2.091
75 5 0.187 0.297 1.947
75 6 0.172 0.066 1.878
75 7 0.363 -0.032 1.861
75 8 0.414 -0.070 1.873
75 9 0.396 0.156 2.202
75 10 0.242 -0.040 2.244
75 11 0.215 -0.288 2.294
75 12 0.209 -0.343 2.301
75 13 0.312 -0.142 2.075
75 14 0.302 -0.503 1.989
75 15 0.181 -0.773 2.054
75 16 0.250 -0.789 2.011
75 17 0.394 -0.193 2.102
75 18 0.494 -0.555 2.141
75 19 0.294 -0.719 1.958
75 20 0.340 -0.768 2.044
76 1 0.350 -0.095 2.097
76 2 0.325 -0.045 2.103
76 3 0.296 0.261 2.084
76 4 0.352 0.440 2.093
76 5 0.190 0.292 1.960
76 6 0.162 0.064 1.898
76 7 0.358 -0.032 1.866
76 8 0.413 -0.071 1.875
76 9 0.400 0.143 2.204
76 10 0.248 -0.052 2.242
76 11 0.222 -0.301 2.293
76 12 0.216 -0.356 2.300
76 13 0.317 -0.137 2.077
76 14 0.298 -0.509 1.992
76 15 0.178 -0.778 2.053
76 16 0.253 -0.788 2.000
76 17 0.396 -0.189 2.116
76 18 0.482 -0.580 2.132
76 19 0.294 -0.761 1.962
76 20 0.341 -0.802 2.062
77 1 0.354 -0.049 2.114
77 2 0.330 0.003 2.121
77 3 0.305 0.308 2.096
77 4 0.372 0.473 2.086
77 5 0.193 0.287 1.978
77 6 0.154 0.060 1.920
77 7 0.351 -0.035 1.877
77 8 0.409 -0.077 1.884
77 9 0.407 0.160 2.213
77 10 0.255 -0.034 2.247
77 11 0.228 -0.282 2.298
77 12 0.222 -0.336 2.304
77 13 0.320 -0.116 2.076
77 14 0.296 -0.515 1.996
77 15 0.176 -0.782 2.052
77 16 0.256 -0.787 1.993
77 17 0.401 -0.134 2.151
77 18 0.466 -0.558 2.132
77 19 0.295 -0.774 1.964
77 20 0.361 -0.815 2.054
78 1 0.356 -0.018 2.124
78 2 0.334 0.041 2.133
78 3 0.313 0.359 2.110
78 4 0.396 0.511 2.075
78 5 0.197 0.282 2.002
78 6 0.147 0.054 1.940
78 7 0.341 -0.040 1.891
78 8 0.398 -0.087 1.896
78 9 0.415 0.221 2.229
78 10 0.261 0.028 2.262
78 11 0.232 -0.219 2.312
78 12 0.225 -0.273 2.317
78 13 0.323 -0.097 2.077
78 14 0.295 -0.517 1.999
78 15 0.174 -0.785 2.052
78 16 0.257 -0.786 1.989
78 17 0.404 -0.100 2.172
78 18 0.461 -0.541 2.130
78 19 0.310 -0.720 1.965
78 20 0.381 -0.767 2.032
79 1 0.358 0.015 2.126
79 2 0.337 0.072 2.137
79 3 0.318 0.395 2.119
79 4 0.409 0.534 2.069
79 5 0.201 0.278 2.024
79 6 0.141 0.051 1.964
79 7 0.331 -0.051 1.909
79 8 0.387 -0.101 1.910
79 9 0.445 0.296 2.266
79 10 0.289 0.104 2.298
79 11 0.258 -0.143 2.348
79 12 0.250 -0.197 2.353
79 13 0.318 -0.064 2.068
79 14 0.298 -0.506 2.008
79 15 0.173 -0.787 2.051
79 16 0.258 -0.785 1.986
79 17 0.412 -0.070 2.180
79 18 0.458 -0.516 2.130
79 19 0.317 -0.692 1.965
79 20 0.390 -0.743 2.022
80 1 0.359 0.026 2.128
80 2 0.339 0.084 2.140
80 3 0.322 0.406 2.123
80 4 0.416 0.541 2.067
80 5 0.208 0.273 2.047
80 6 0.131 0.055 1.995
80 7 0.292 -0.064 1.939
80 8 0.351 -0.110 1.931
80 9 0.470 0.337 2.285
80 10 0.486 0.096 2.330
80 11 0.510 -0.152 2.316
80 12 0.528 -0.204 2.308
80 13 0.317 -0.053 2.068
80 14 0.301 -0.499 2.015
80 15 0.171 -0.788 2.050
80 16 0.259 -0.785 1.984
80 17 0.416 -0.058 2.185
80 18 0.457 -0.504 2.137
80 19 0.330 -0.712 1.965
80 20 0.387 -0.759 2.029
81 1 0.364 0.035 2.136
81 2 0.346 0.093 2.147
81 3 0.336 0.399 2.128
81 4 0.426 0.535 2.064
81 5 0.215 0.269 2.065
81 6 0.127 0.061 2.022
81 7 0.266 -0.071 1.961
81 8 0.323 -0.119 1.948
81 9 0.512 0.322 2.290
81 10 0.555 0.078 2.341
81 11 0.571 -0.127 2.321
81 12 0.596 -0.173 2.311
81 13 0.316 -0.046 2.071
81 14 0.303 -0.493 2.026
81 15 0.171 -0.789 2.050
81 16 0.258 -0.785 1.985
81 17 0.434 -0.053 2.208
81 18 0.461 -0.496 2.146
81 19 0.333 -0.715 1.966
81 20 0.389 -0.761 2.030
82 1 0.369 0.039 2.144
82 2 0.353 0.096 2.154
82 3 0.357 0.376 2.130
82 4 0.439 0.513 2.059
82 5 0.222 0.266 2.081
82 6 0.127 0.066 2.048
82 7 0.243 -0.078 1.986
82 8 0.296 -0.127 1.967
82 9 0.554 0.292 2.297
82 10 0.593 0.044 2.340
82 11 0.605 -0.151 2.308
82 12 0.626 -0.210 2.292
82 13 0.314 -0.046 2.088
82 14 0.310 -0.482 2.057
82 15 0.232 -0.777 2.016
82 16 0.294 -0.796 1.965
82 17 0.444 -0.052 2.219
82 18 0.465 -0.493 2.156
82 19 0.452 -0.787 2.104
82 20 0.484 -0.818 2.058
83 1 0.374 0.036 2.155
83 2 0.363 0.091 2.162
83 3 0.381 0.346 2.132
83 4 0.457 0.479 2.051
83 5 0.230 0.263 2.094
83 6 0.131 0.069 2.074
83 7 0.229 -0.085 2.008
83 8 0.276 -0.138 1.986
83 9 0.582 0.264 2.293
83 10 0.619 0.030 2.336
83 11 0.628 -0.163 2.293
83 12 0.633 -0.219 2.284
83 13 0.309 -0.051 2.112
83 14 0.310 -0.477 2.070
83 15 0.269 -0.769 1.997
83 16 0.309 -0.802 1.957
83 17 0.451 -0.056 2.227
83 18 0.471 -0.495 2.168
83 19 0.485 -0.804 2.139
83 20 0.521 -0.842 2.069
84 1 0.390 0.008 2.185
84 2 0.385 0.063 2.186
84 3 0.408 0.311 2.133
84 4 0.474 0.440 2.044
84 5 0.241 0.259 2.105
84 6 0.139 0.064 2.108
84 7 0.218 -0.101 2.040
84 8 0.259 -0.158 2.015
84 9 0.599 0.231 2.280
84 10 0.635 0.017 2.329
84 11 0.639 -0.176 2.278
84 12 0.642 -0.235 2.263
84 13 0.315 -0.074 2.158
84 14 0.301 -0.471 2.083
84 15 0.282 -0.766 1.991
84 16 0.314 -0.807 1.945
84 17 0.463 -0.082 2.247
84 18 0.477 -0.498 2.181
84 19 0.501 -0.816 2.164
84 20 0.537 -0.855 2.076
85 1 0.399 -0.014 2.206
85 2 0.398 0.041 2.201
85 3 0.422 0.287 2.132
85 4 0.486 0.406 2.036
85 5 0.254 0.253 2.115
85 6 0.146 0.056 2.134
85 7 0.213 -0.115 2.065
85 8 0.249 -0.180 2.048
85 9 0.611 0.199 2.265
85 10 0.646 0.007 2.322
85 11 0.643 -0.187 2.264
85 12 0.643 -0.245 2.249
85 13 0.319 -0.094 2.191
85 14 0.287 -0.464 2.098
85 15 0.284 -0.762 1.992
85 16 0.301 -0.817 1.959
85 17 0.468 -0.099 2.259
85 18 0.480 -0.502 2.191
85 19 0.499 -0.819 2.170
85 20 0.536 -0.863 2.081
86 1 0.407 -0.041 2.228
86 2 0.410 0.013 2.218
86 3 0.445 0.245 2.130
86 4 0.497 0.364 2.028
86 5 0.270 0.240 2.125
86 6 0.156 0.035 2.165
86 7 0.212 -0.144 2.103
86 8 0.242 -0.212 2.086
86 9 0.618 0.167 2.252
86 10 0.652 -0.030 2.306
86 11 0.633 -0.216 2.247
86 12 0.629 -0.258 2.234
86 13 0.324 -0.114 2.223
86 14 0.262 -0.455 2.127
86 15 0.273 -0.758 2.005
86 16 0.288 -0.818 1.958
86 17 0.472 -0.123 2.277
86 18 0.483 -0.506 2.201
86 19 0.496 -0.823 2.178
86 20 0.528 -0.872 2.089
87 1 0.410 -0.056 2.240
87 2 0.416 -0.005 2.227
87 3 0.456 0.216 2.130
87 4 0.503 0.332 2.024
87 5 0.283 0.227 2.133
87 6 0.165 0.009 2.191
87 7 0.214 -0.173 2.131
87 8 0.238 -0.245 2.118
87 9 0.622 0.142 2.244
87 10 0.645 -0.057 2.296
87 11 0.613 -0.240 2.237
87 12 0.606 -0.267 2.223
87 13 0.324 -0.125 2.241
87 14 0.245 -0.452 2.148
87 15 0.252 -0.757 2.027
87 16 0.268 -0.817 1.965
87 17 0.472 -0.139 2.288
87 18 0.484 -0.508 2.208
87 19 0.492 -0.827 2.184
87 20 0.511 -0.876 2.095
88 1 0.413 -0.073 2.254
88 2 0.421 -0.025 2.239
88 3 0.466 0.170 2.134
88 4 0.506 0.282 2.023
88 5 0.295 0.205 2.140
88 6 0.171 -0.007 2.208
88 7 0.209 -0.200 2.173
88 8 0.233 -0.264 2.146
88 9 0.626 0.119 2.241
88 10 0.640 -0.074 2.289
88 11 0.595 -0.256 2.228
88 12 0.587 -0.271 2.214
88 13 0.325 -0.138 2.262
88 14 0.234 -0.457 2.163
88 15 0.236 -0.758 2.047
88 16 0.250 -0.819 1.978
88 17 0.474 -0.157 2.304
88 18 0.484 -0.510 2.215
88 19 0.482 -0.825 2.180
88 20 0.498 -0.878 2.099
89 1 0.414 -0.086 2.266
89 2 0.423 -0.045 2.251
89 3 0.471 0.119 2.149
89 4 0.503 0.229 2.035
89 5 0.301 0.186 2.147
89 6 0.180 -0.029 2.227
89 7 0.210 -0.220 2.194
89 8 0.231 -0.280 2.165
89 9 0.627 0.091 2.240
89 10 0.636 -0.087 2.288
89 11 0.578 -0.265 2.222
89 12 0.563 -0.295 2.201
89 13 0.324 -0.149 2.280
89 14 0.225 -0.462 2.179
89 15 0.216 -0.763 2.083
89 16 0.226 -0.822 2.012
89 17 0.475 -0.169 2.316
89 18 0.485 -0.511 2.220
89 19 0.474 -0.823 2.176
89 20 0.487 -0.879 2.101
90 1 0.408 -0.112 2.286
90 2 0.417 -0.071 2.267
90 3 0.459 0.088 2.153
90 4 0.496 0.197 2.037
90 5 0.303 0.168 2.152
90 6 0.185 -0.043 2.241
90 7 0.214 -0.234 2.212
90 8 0.233 -0.294 2.182
90 9 0.621 0.067 2.237
90 10 0.633 -0.098 2.290
90 11 0.566 -0.271 2.218
90 12 0.542 -0.321 2.193
90 13 0.317 -0.168 2.318
90 14 0.218 -0.469 2.192
90 15 0.200 -0.769 2.134
90 16 0.206 -0.829 2.066
90 17 0.473 -0.183 2.328
90 18 0.485 -0.511 2.223
90 19 0.469 -0.821 2.174
90 20 0.480 -0.880 2.104
91 1 0.404 -0.129 2.300
91 2 0.412 -0.092 2.279
91 3 0.443 0.054 2.159
91 4 0.483 0.158 2.041
91 5 0.304 0.153 2.155
91 6 0.194 -0.058 2.253
91 7 0.218 -0.250 2.230
91 8 0.237 -0.309 2.201
91 9 0.604 0.047 2.224
91 10 0.632 -0.103 2.292
91 11 0.559 -0.273 2.218
91 12 0.536 -0.327 2.190
91 13 0.316 -0.179 2.337
91 14 0.213 -0.477 2.203
91 15 0.194 -0.775 2.161
91 16 0.195 -0.838 2.099
91 17 0.471 -0.193 2.337
91 18 0.485 -0.511 2.226
91 19 0.466 -0.820 2.172
91 20 0.473 -0.880 2.105
92 1 0.400 -0.140 2.309
92 2 0.408 -0.103 2.285
92 3 0.405 0.065 2.140
92 4 0.475 0.146 2.031
92 5 0.296 0.132 2.161
92 6 0.198 -0.076 2.265
92 7 0.222 -0.265 2.243
92 8 0.241 -0.324 2.216
92 9 0.601 0.021 2.224
92 10 0.611 -0.130 2.309
92 11 0.548 -0.284 2.215
92 12 0.534 -0.328 2.194
92 13 0.312 -0.188 2.353
92 14 0.209 -0.488 2.213
92 15 0.192 -0.783 2.180
92 16 0.190 -0.848 2.121
92 17 0.468 -0.206 2.347
92 18 0.485 -0.512 2.228
92 19 0.464 -0.819 2.171
92 20 0.468 -0.880 2.107
93 1 0.388 -0.158 2.322
93 2 0.397 -0.116 2.292
93 3 0.385 0.069 2.130
93 4 0.463 0.136 2.014
93 5 0.292 0.113 2.165
93 6 0.199 -0.089 2.274
93 7 0.224 -0.275 2.253
93 8 0.246 -0.337 2.230
93 9 0.596 -0.001 2.224
93 10 0.598 -0.150 2.319
93 11 0.534 -0.296 2.213
93 12 0.529 -0.332 2.194
93 13 0.308 -0.196 2.363
93 14 0.207 -0.498 2.219
93 15 0.191 -0.789 2.191
93 16 0.187 -0.854 2.133
93 17 0.456 -0.232 2.371
93 18 0.486 -0.513 2.230
93 19 0.463 -0.818 2.170
93 20 0.465 -0.880 2.108
94 1 0.380 -0.171 2.331
94 2 0.386 -0.127 2.298
94 3 0.367 0.077 2.123
94 4 0.452 0.130 2.002
94 5 0.272 0.066 2.186
94 6 0.194 -0.126 2.309
94 7 0.228 -0.289 2.258
94 8 0.251 -0.355 2.239
94 9 0.594 -0.011 2.224
94 10 0.592 -0.159 2.322
94 11 0.528 -0.307 2.213
94 12 0.525 -0.344 2.194
94 13 0.297 -0.220 2.380
94 14 0.206 -0.507 2.222
94 15 0.191 -0.795 2.196
94 16 0.186 -0.860 2.139
94 17 0.454 -0.245 2.383
94 18 0.487 -0.516 2.231
94 19 0.462 -0.817 2.169
94 20 0.463 -0.880 2.109
95 1 0.374 -0.183 2.339
95 2 0.376 -0.140 2.305
95 3 0.347 0.060 2.128
95 4 0.429 0.106 2.002
95 5 0.239 0.014 2.215
95 6 0.190 -0.142 2.325
95 7 0.230 -0.299 2.262
95 8 0.254 -0.366 2.244
95 9 0.593 -0.016 2.222
95 10 0.574 -0.202 2.314
95 11 0.515 -0.352 2.201
95 12 0.521 -0.363 2.193
95 13 0.290 -0.239 2.390
95 14 0.206 -0.514 2.224
95 15 0.192 -0.800 2.197
95 16 0.187 -0.865 2.141
95 17 0.455 -0.259 2.398
95 18 0.488 -0.521 2.231
95 19 0.461 -0.816 2.168
95 20 0.461 -0.880 2.109
96 1 0.374 -0.198 2.352
96 2 0.372 -0.149 2.313
96 3 0.360 0.088 2.141
96 4 0.382 0.070 2.000
96 5 0.225 -0.008 2.227
96 6 0.182 -0.154 2.338
96 7 0.231 -0.307 2.267
96 8 0.256 -0.375 2.250
96 9 0.592 -0.017 2.219
96 10 0.566 -0.220 2.310
96 11 0.498 -0.371 2.198
96 12 0.503 -0.391 2.188
96 13 0.289 -0.274 2.423
96 14 0.206 -0.520 2.224
96 15 0.195 -0.804 2.194
96 16 0.190 -0.868 2.137
96 17 0.458 -0.271 2.403
96 18 0.488 -0.536 2.232
96 19 0.461 -0.816 2.168
96 20 0.460 -0.880 2.109
97 1 0.372 -0.215 2.364
97 2 0.365 -0.170 2.328
97 3 0.331 0.059 2.155
97 4 0.344 0.034 2.003
97 5 0.225 -0.009 2.226
97 6 0.181 -0.163 2.346
97 7 0.230 -0.322 2.277
97 8 0.256 -0.391 2.262
97 9 0.590 -0.015 2.216
97 10 0.562 -0.228 2.309
97 11 0.491 -0.380 2.197
97 12 0.493 -0.407 2.186
97 13 0.289 -0.288 2.438
97 14 0.208 -0.529 2.223
97 15 0.199 -0.807 2.189
97 16 0.196 -0.871 2.132
97 17 0.461 -0.280 2.406
97 18 0.489 -0.549 2.232
97 19 0.461 -0.815 2.167
97 20 0.459 -0.879 2.110
98 1 0.371 -0.229 2.374
98 2 0.362 -0.183 2.337
98 3 0.317 0.044 2.161
98 4 0.329 0.020 2.003
98 5 0.225 -0.010 2.225
98 6 0.182 -0.187 2.339
98 7 0.232 -0.351 2.290
98 8 0.258 -0.419 2.276
98 9 0.583 -0.010 2.213
98 10 0.561 -0.227 2.307
98 11 0.484 -0.386 2.198
98 12 0.484 -0.419 2.186
98 13 0.289 -0.296 2.445
98 14 0.209 -0.540 2.220
98 15 0.204 -0.810 2.180
98 16 0.202 -0.874 2.123
98 17 0.461 -0.291 2.411
98 18 0.489 -0.560 2.233
98 19 0.461 -0.815 2.167
98 20 0.459 -0.879 2.110
99 1 0.375 -0.246 2.392
99 2 0.374 -0.199 2.366
99 3 0.384 0.067 2.216
99 4 0.340 0.013 2.066
99 5 0.226 -0.009 2.225
99 6 0.186 -0.201 2.336
99 7 0.233 -0.372 2.305
99 8 0.260 -0.440 2.290
99 9 0.575 -0.008 2.211
99 10 0.562 -0.230 2.310
99 11 0.478 -0.390 2.202
99 12 0.478 -0.427 2.186
99 13 0.291 -0.303 2.450
99 14 0.210 -0.549 2.218
99 15 0.208 -0.813 2.166
99 16 0.197 -0.880 2.144
99 17 0.460 -0.304 2.419
99 18 0.489 -0.568 2.233
99 19 0.459 -0.848 2.161
99 20 0.455 -0.911 2.104
100 1 0.357 -0.275 2.421
100 2 0.354 -0.221 2.396
100 3 0.337 0.062 2.252
100 4 0.318 0.004 2.103
100 5 0.227 -0.008 2.226
100 6 0.188 -0.211 2.336
100 7 0.229 -0.391 2.321
100 8 0.255 -0.459 2.306
100 9 0.552 -0.064 2.238
100 10 0.566 -0.245 2.329
100 11 0.473 -0.392 2.205
100 12 0.472 -0.433 2.188
100 13 0.287 -0.316 2.459
100 14 0.210 -0.557 2.217
100 15 0.210 -0.815 2.160
100 16 0.190 -0.882 2.148
100 17 0.443 -0.348 2.440
100 18 0.491 -0.581 2.229
100 19 0.459 -0.878 2.153
100 20 0.450 -0.935 2.102
101 1 0.351 -0.288 2.433
101 2 0.346 -0.231 2.408
101 3 0.316 0.059 2.274
101 4 0.311 -0.002 2.121
101 5 0.228 -0.008 2.231
101 6 0.187 -0.219 2.342
101 7 0.226 -0.403 2.330
101 8 0.253 -0.470 2.315
101 9 0.537 -0.061 2.244
101 10 0.567 -0.251 2.336
101 11 0.469 -0.394 2.210
101 12 0.466 -0.439 2.192
101 13 0.285 -0.327 2.466
101 14 0.210 -0.561 2.216
101 15 0.210 -0.816 2.154
101 16 0.193 -0.876 2.111
101 17 0.435 -0.366 2.450
101 18 0.491 -0.588 2.227
101 19 0.459 -0.894 2.150
101 20 0.448 -0.949 2.101
102 1 0.356 -0.309 2.453
102 2 0.348 -0.249 2.426
102 3 0.309 0.045 2.300
102 4 0.308 -0.008 2.145
102 5 0.213 -0.053 2.274
102 6 0.176 -0.257 2.373
102 7 0.226 -0.419 2.331
102 8 0.252 -0.486 2.316
102 9 0.531 -0.096 2.267
102 10 0.561 -0.293 2.377
102 11 0.458 -0.478 2.290
102 12 0.451 -0.530 2.270
102 13 0.292 -0.367 2.489
102 14 0.209 -0.564 2.216
102 15 0.209 -0.816 2.150
102 16 0.194 -0.871 2.091
102 17 0.446 -0.388 2.470
102 18 0.491 -0.592 2.226
102 19 0.460 -0.904 2.147
102 20 0.448 -0.957 2.100
103 1 0.360 -0.328 2.471
103 2 0.351 -0.266 2.443
103 3 0.306 0.034 2.315
103 4 0.307 -0.014 2.160
103 5 0.202 -0.088 2.306
103 6 0.165 -0.283 2.398
103 7 0.218 -0.437 2.335
103 8 0.245 -0.504 2.319
103 9 0.528 -0.111 2.278
103 10 0.535 -0.329 2.372
103 11 0.437 -0.491 2.286
103 12 0.428 -0.545 2.264
103 13 0.298 -0.399 2.511
103 14 0.208 -0.565 2.217
103 15 0.208 -0.815 2.146
103 16 0.194 -0.867 2.081
103 17 0.450 -0.402 2.485
103 18 0.491 -0.595 2.225
103 19 0.461 -0.910 2.145
103 20 0.447 -0.962 2.100
104 1 0.366 -0.349 2.487
104 2 0.355 -0.288 2.459
104 3 0.304 0.008 2.333
104 4 0.307 -0.024 2.175
104 5 0.185 -0.132 2.342
104 6 0.157 -0.299 2.416
104 7 0.213 -0.450 2.337
104 8 0.239 -0.517 2.322
104 9 0.515 -0.151 2.307
104 10 0.501 -0.386 2.361
104 11 0.502 -0.529 2.231
104 12 0.477 -0.586 2.225
104 13 0.304 -0.431 2.536
104 14 0.206 -0.565 2.219
104 15 0.206 -0.813 2.144
104 16 0.193 -0.864 2.075
104 17 0.456 -0.419 2.497
104 18 0.491 -0.597 2.224
104 19 0.462 -0.914 2.144
104 20 0.448 -0.967 2.099
105 1 0.369 -0.363 2.496
105 2 0.358 -0.303 2.469
105 3 0.296 -0.019 2.353
105 4 0.305 -0.034 2.194
105 5 0.181 -0.151 2.358
105 6 0.146 -0.332 2.437
105 7 0.207 -0.479 2.347
105 8 0.233 -0.546 2.332
105 9 0.509 -0.170 2.324
105 10 0.540 -0.335 2.402
105 11 0.456 -0.525 2.275
105 12 0.459 -0.595 2.238
105 13 0.307 -0.443 2.545
105 14 0.204 -0.565 2.220
105 15 0.204 -0.810 2.143
105 16 0.193 -0.861 2.071
105 17 0.460 -0.430 2.506
105 18 0.491 -0.599 2.223
105 19 0.463 -0.918 2.143
105 20 0.448 -0.970 2.099
106 1 0.371 -0.403 2.504
106 2 0.360 -0.360 2.478
106 3 0.301 -0.177 2.357
106 4 0.306 -0.083 2.230
106 5 0.171 -0.185 2.390
106 6 0.141 -0.351 2.448
106 7 0.185 -0.497 2.252
106 8 0.212 -0.567 2.252
106 9 0.506 -0.206 2.364
106 10 0.558 -0.363 2.435
106 11 0.450 -0.533 2.281
106 12 0.443 -0.596 2.249
106 13 0.309 -0.464 2.552
106 14 0.201 -0.565 2.222
106 15 0.202 -0.808 2.142
106 16 0.192 -0.860 2.071
106 17 0.470 -0.465 2.528
106 18 0.490 -0.598 2.222
106 19 0.472 -0.848 2.159
106 20 0.462 -0.911 2.106
107 1 0.372 -0.417 2.507
107 2 0.361 -0.389 2.481
107 3 0.318 -0.267 2.385
107 4 0.311 -0.131 2.279
107 5 0.167 -0.200 2.409
107 6 0.138 -0.367 2.457
107 7 0.175 -0.511 2.235
107 8 0.201 -0.578 2.219
107 9 0.506 -0.223 2.390
107 10 0.564 -0.367 2.452
107 11 0.435 -0.534 2.292
107 12 0.425 -0.594 2.264
107 13 0.310 -0.476 2.555
107 14 0.198 -0.565 2.225
107 15 0.200 -0.806 2.145
107 16 0.179 -0.860 2.104
107 17 0.473 -0.478 2.537
107 18 0.490 -0.597 2.222
107 19 0.478 -0.812 2.170
107 20 0.472 -0.875 2.113
108 1 0.328 -0.434 2.512
108 2 0.327 -0.414 2.491
108 3 0.330 -0.302 2.397
108 4 0.311 -0.149 2.311
108 5 0.166 -0.216 2.433
108 6 0.127 -0.380 2.478
108 7 0.167 -0.518 2.225
108 8 0.193 -0.585 2.209
108 9 0.507 -0.237 2.425
108 10 0.563 -0.382 2.485
108 11 0.420 -0.557 2.329
108 12 0.407 -0.616 2.304
108 13 0.245 -0.488 2.553
108 14 0.194 -0.564 2.225
108 15 0.200 -0.803 2.157
108 16 0.172 -0.856 2.123
108 17 0.406 -0.500 2.552
108 18 0.494 -0.583 2.239
108 19 0.480 -0.795 2.177
108 20 0.476 -0.859 2.117
109 1 0.299 -0.444 2.519
109 2 0.305 -0.424 2.501
109 3 0.311 -0.283 2.439
109 4 0.304 -0.146 2.354
109 5 0.170 -0.230 2.468
109 6 0.116 -0.393 2.504
109 7 0.186 -0.518 2.255
109 8 0.187 -0.572 2.199
109 9 0.504 -0.249 2.464
109 10 0.555 -0.397 2.503
109 11 0.424 -0.534 2.337
109 12 0.388 -0.549 2.312
109 13 0.206 -0.497 2.554
109 14 0.190 -0.562 2.226
109 15 0.198 -0.799 2.166
109 16 0.168 -0.851 2.134
109 17 0.366 -0.514 2.559
109 18 0.497 -0.584 2.251
109 19 0.468 -0.828 2.201
109 20 0.487 -0.843 2.131
110 1 0.305 -0.451 2.530
110 2 0.309 -0.429 2.515
110 3 0.320 -0.282 2.475
110 4 0.302 -0.131 2.397
110 5 0.174 -0.245 2.501
110 6 0.109 -0.413 2.534
110 7 0.193 -0.515 2.277
110 8 0.185 -0.561 2.198
110 9 0.502 -0.260 2.509
110 10 0.540 -0.427 2.527
110 11 0.426 -0.522 2.341
110 12 0.382 -0.525 2.313
110 13 0.224 -0.514 2.552
110 14 0.185 -0.559 2.229
110 15 0.193 -0.794 2.171
110 16 0.162 -0.849 2.140
110 17 0.395 -0.522 2.559
110 18 0.503 -0.641 2.255
110 19 0.442 -0.906 2.218
110 20 0.456 -0.931 2.143
111 1 0.317 -0.458 2.545
111 2 0.319 -0.432 2.537
111 3 0.319 -0.278 2.527
111 4 0.299 -0.116 2.447
111 5 0.176 -0.263 2.546
111 6 0.101 -0.429 2.554
111 7 0.196 -0.511 2.295
111 8 0.189 -0.544 2.216
111 9 0.496 -0.275 2.543
111 10 0.531 -0.455 2.547
111 11 0.426 -0.513 2.351
111 12 0.442 -0.508 2.310
111 13 0.236 -0.526 2.559
111 14 0.181 -0.555 2.235
111 15 0.180 -0.817 2.170
111 16 0.142 -0.852 2.128
111 17 0.404 -0.530 2.563
111 18 0.508 -0.682 2.255
111 19 0.429 -0.950 2.226
111 20 0.435 -0.985 2.148
112 1 0.346 -0.470 2.580
112 2 0.342 -0.435 2.575
112 3 0.322 -0.251 2.569
112 4 0.293 -0.096 2.493
112 5 0.176 -0.278 2.581
112 6 0.095 -0.440 2.571
112 7 0.203 -0.511 2.335
112 8 0.191 -0.535 2.229
112 9 0.495 -0.290 2.585
112 10 0.521 -0.476 2.563
112 11 0.427 -0.508 2.357
112 12 0.472 -0.500 2.309
112 13 0.273 -0.546 2.584
112 14 0.180 -0.547 2.256
112 15 0.176 -0.823 2.171
112 16 0.133 -0.853 2.123
112 17 0.439 -0.539 2.587
112 18 0.509 -0.708 2.253
112 19 0.424 -0.972 2.227
112 20 0.428 -1.009 2.147
113 1 0.362 -0.474 2.602
113 2 0.357 -0.435 2.601
113 3 0.327 -0.231 2.615
113 4 0.290 -0.079 2.545
113 5 0.175 -0.287 2.611
113 6 0.088 -0.470 2.607
113 7 0.199 -0.510 2.389
113 8 0.193 -0.530 2.238
113 9 0.494 -0.297 2.616
113 10 0.517 -0.486 2.574
113 11 0.427 -0.505 2.372
113 12 0.488 -0.499 2.307
113 13 0.293 -0.555 2.599
113 14 0.180 -0.544 2.267
113 15 0.175 -0.831 2.172
113 16 0.129 -0.853 2.122
113 17 0.457 -0.542 2.600
113 18 0.509 -0.720 2.252
113 19 0.422 -0.985 2.227
113 20 0.425 -1.022 2.145
114 1 0.367 -0.477 2.614
114 2 0.361 -0.435 2.619
114 3 0.329 -0.215 2.651
114 4 0.288 -0.064 2.586
114 5 0.172 -0.288 2.646
114 6 0.086 -0.477 2.623
114 7 0.198 -0.509 2.410
114 8 0.194 -0.528 2.241
114 9 0.491 -0.294 2.639
114 10 0.513 -0.487 2.587
114 11 0.424 -0.503 2.392
114 12 0.496 -0.500 2.305
114 13 0.299 -0.559 2.607
114 14 0.180 -0.543 2.270
114 15 0.174 -0.838 2.169
114 16 0.124 -0.852 2.119
114 17 0.462 -0.544 2.607
114 18 0.509 -0.756 2.237
114 19 0.421 -0.997 2.215
114 20 0.421 -1.033 2.134
115 1 0.371 -0.475 2.626
115 2 0.364 -0.429 2.641
115 3 0.334 -0.197 2.696
115 4 0.287 -0.046 2.633
115 5 0.167 -0.273 2.687
115 6 0.120 -0.443 2.589
115 7 0.198 -0.506 2.379
115 8 0.194 -0.528 2.243
115 9 0.488 -0.287 2.662
115 10 0.511 -0.479 2.604
115 11 0.427 -0.503 2.426
115 12 0.498 -0.506 2.304
115 13 0.302 -0.559 2.613
115 14 0.183 -0.581 2.256
115 15 0.179 -0.876 2.154
115 16 0.125 -0.851 2.119
115 17 0.465 -0.541 2.614
115 18 0.507 -0.673 2.252
115 19 0.449 -0.907 2.212
115 20 0.483 -0.898 2.147
116 1 0.351 -0.457 2.644
116 2 0.350 -0.415 2.664
116 3 0.334 -0.188 2.717
116 4 0.285 -0.035 2.660
116 5 0.165 -0.265 2.707
116 6 0.131 -0.428 2.585
116 7 0.198 -0.504 2.380
116 8 0.194 -0.530 2.238
116 9 0.483 -0.273 2.688
116 10 0.509 -0.462 2.630
116 11 0.433 -0.503 2.448
116 12 0.508 -0.528 2.268
116 13 0.276 -0.533 2.625
116 14 0.185 -0.602 2.248
116 15 0.183 -0.872 2.155
116 16 0.125 -0.851 2.119
116 17 0.431 -0.521 2.620
116 18 0.506 -0.649 2.257
116 19 0.458 -0.880 2.211
116 20 0.496 -0.873 2.149
117 1 0.314 -0.434 2.667
117 2 0.318 -0.395 2.696
117 3 0.326 -0.169 2.757
117 4 0.281 -0.016 2.697
117 5 0.159 -0.249 2.736
117 6 0.137 -0.408 2.588
117 7 0.196 -0.500 2.378
117 8 0.188 -0.534 2.227
117 9 0.480 -0.259 2.713
117 10 0.499 -0.444 2.639
117 11 0.480 -0.505 2.403
117 12 0.512 -0.539 2.250
117 13 0.234 -0.501 2.640
117 14 0.191 -0.601 2.255
117 15 0.185 -0.837 2.160
117 16 0.129 -0.851 2.121
117 17 0.385 -0.503 2.637
117 18 0.504 -0.609 2.266
117 19 0.477 -0.842 2.196
117 20 0.513 -0.850 2.143
118 1 0.299 -0.422 2.679
118 2 0.304 -0.385 2.711
118 3 0.323 -0.161 2.776
118 4 0.279 -0.002 2.725
118 5 0.157 -0.239 2.755
118 6 0.139 -0.394 2.594
118 7 0.194 -0.484 2.388
118 8 0.185 -0.536 2.219
118 9 0.477 -0.250 2.730
118 10 0.498 -0.407 2.617
118 11 0.505 -0.488 2.365
118 12 0.514 -0.544 2.241
118 13 0.215 -0.482 2.648
118 14 0.195 -0.597 2.262
118 15 0.185 -0.817 2.161
118 16 0.134 -0.852 2.123
118 17 0.365 -0.492 2.647
118 18 0.504 -0.585 2.270
118 19 0.485 -0.828 2.191
118 20 0.520 -0.842 2.137
119 1 0.293 -0.415 2.685
119 2 0.299 -0.380 2.720
119 3 0.322 -0.154 2.797
119 4 0.276 0.009 2.754
119 5 0.155 -0.231 2.770
119 6 0.112 -0.410 2.656
119 7 0.181 -0.461 2.463
119 8 0.163 -0.537 2.237
119 9 0.474 -0.244 2.745
119 10 0.497 -0.390 2.610
119 11 0.516 -0.481 2.350
119 12 0.515 -0.547 2.236
119 13 0.210 -0.471 2.651
119 14 0.197 -0.594 2.265
119 15 0.184 -0.809 2.161
119 16 0.163 -0.846 2.097
119 17 0.358 -0.486 2.652
119 18 0.504 -0.574 2.272
119 19 0.489 -0.819 2.187
119 20 0.524 -0.842 2.132
120 1 0.290 -0.410 2.689
120 2 0.296 -0.376 2.727
120 3 0.318 -0.148 2.817
120 4 0.272 0.017 2.778
120 5 0.154 -0.227 2.779
120 6 0.097 -0.420 2.689
120 7 0.175 -0.452 2.496
120 8 0.190 -0.478 2.410
120 9 0.471 -0.240 2.765
120 10 0.496 -0.379 2.611
120 11 0.521 -0.476 2.344
120 12 0.507 -0.546 2.238
120 13 0.210 -0.464 2.651
120 14 0.198 -0.591 2.266
120 15 0.184 -0.803 2.160
120 16 0.180 -0.843 2.083
120 17 0.356 -0.480 2.656
120 18 0.504 -0.566 2.274
120 19 0.491 -0.818 2.184
120 20 0.524 -0.847 2.128
121 1 0.290 -0.407 2.691
121 2 0.294 -0.374 2.732
121 3 0.315 -0.146 2.831
121 4 0.269 0.024 2.804
121 5 0.153 -0.224 2.787
121 6 0.091 -0.424 2.702
121 7 0.169 -0.445 2.511
121 8 0.178 -0.456 2.450
121 9 0.468 -0.239 2.784
121 10 0.497 -0.372 2.618
121 11 0.512 -0.470 2.369
121 12 0.500 -0.544 2.241
121 13 0.213 -0.459 2.649
121 14 0.198 -0.589 2.266
121 15 0.184 -0.799 2.158
121 16 0.189 -0.842 2.075
121 17 0.357 -0.477 2.659
121 18 0.504 -0.562 2.275
121 19 0.491 -0.821 2.182
121 20 0.521 -0.856 2.125
122 1 0.292 -0.405 2.693
122 2 0.295 -0.373 2.736
122 3 0.312 -0.145 2.844
122 4 0.296 0.049 2.816
122 5 0.153 -0.224 2.793
122 6 0.087 -0.425 2.712
122 7 0.167 -0.442 2.524
122 8 0.186 -0.447 2.491
122 9 0.467 -0.239 2.798
122 10 0.498 -0.370 2.631
122 11 0.509 -0.468 2.377
122 12 0.495 -0.543 2.243
122 13 0.220 -0.456 2.647
122 14 0.198 -0.586 2.266
122 15 0.184 -0.797 2.156
122 16 0.194 -0.842 2.070
122 17 0.361 -0.474 2.662
122 18 0.504 -0.563 2.275
122 19 0.490 -0.825 2.181
122 20 0.518 -0.863 2.123
123 1 0.295 -0.404 2.694
123 2 0.297 -0.374 2.739
123 3 0.310 -0.146 2.856
123 4 0.305 0.057 2.824
123 5 0.152 -0.226 2.800
123 6 0.084 -0.425 2.719
123 7 0.152 -0.497 2.557
123 8 0.177 -0.515 2.540
123 9 0.466 -0.240 2.808
123 10 0.499 -0.372 2.644
123 11 0.502 -0.469 2.392
123 12 0.492 -0.542 2.245
123 13 0.225 -0.455 2.645
123 14 0.198 -0.584 2.266
123 15 0.185 -0.795 2.153
123 16 0.198 -0.842 2.067
123 17 0.366 -0.473 2.663
123 18 0.505 -0.567 2.274
123 19 0.488 -0.830 2.181
123 20 0.516 -0.868 2.122
124 1 0.298 -0.404 2.694
124 2 0.298 -0.376 2.742
124 3 0.307 -0.149 2.866
124 4 0.308 0.058 2.832
124 5 0.151 -0.231 2.809
124 6 0.083 -0.425 2.722
124 7 0.145 -0.531 2.572
124 8 0.171 -0.564 2.547
124 9 0.463 -0.244 2.816
124 10 0.500 -0.376 2.654
124 11 0.472 -0.480 2.418
124 12 0.489 -0.541 2.247
124 13 0.229 -0.455 2.645
124 14 0.198 -0.583 2.266
124 15 0.186 -0.795 2.151
124 16 0.200 -0.842 2.065
124 17 0.369 -0.472 2.664
124 18 0.504 -0.567 2.274
124 19 0.486 -0.835 2.182
124 20 0.514 -0.871 2.122
125 1 0.299 -0.404 2.695
125 2 0.299 -0.379 2.745
125 3 0.303 -0.152 2.874
125 4 0.306 0.052 2.841
125 5 0.150 -0.236 2.817
125 6 0.081 -0.425 2.725
125 7 0.142 -0.542 2.580
125 8 0.169 -0.578 2.566
125 9 0.461 -0.251 2.822
125 10 0.501 -0.381 2.662
125 11 0.460 -0.483 2.426
125 12 0.488 -0.541 2.247
125 13 0.231 -0.455 2.644
125 14 0.197 -0.582 2.266
125 15 0.186 -0.794 2.149
125 16 0.200 -0.844 2.064
125 17 0.370 -0.471 2.664
125 18 0.504 -0.568 2.274
125 19 0.485 -0.839 2.184
125 20 0.512 -0.873 2.122
126 1 0.258 -0.405 2.705
126 2 0.263 -0.384 2.760
126 3 0.300 -0.155 2.881
126 4 0.300 0.043 2.854
126 5 0.148 -0.240 2.826
126 6 0.079 -0.437 2.708
126 7 0.137 -0.561 2.577
126 8 0.158 -0.614 2.537
126 9 0.458 -0.257 2.826
126 10 0.500 -0.385 2.667
126 11 0.453 -0.486 2.430
126 12 0.485 -0.540 2.248
126 13 0.180 -0.449 2.663
126 14 0.197 -0.581 2.265
126 15 0.187 -0.795 2.148
126 16 0.200 -0.845 2.065
126 17 0.324 -0.470 2.663
126 18 0.503 -0.569 2.276
126 19 0.478 -0.844 2.191
126 20 0.507 -0.872 2.127
127 1 0.238 -0.405 2.710
127 2 0.247 -0.387 2.766
127 3 0.296 -0.159 2.889
127 4 0.292 0.036 2.867
127 5 0.147 -0.244 2.835
127 6 0.077 -0.445 2.703
127 7 0.139 -0.567 2.572
127 8 0.163 -0.617 2.527
127 9 0.455 -0.262 2.830
127 10 0.499 -0.389 2.670
127 11 0.449 -0.487 2.433
127 12 0.483 -0.539 2.249
127 13 0.148 -0.445 2.675
127 14 0.197 -0.580 2.265
127 15 0.187 -0.795 2.147
127 16 0.199 -0.848 2.069
127 17 0.298 -0.469 2.663
127 18 0.501 -0.569 2.277
127 19 0.474 -0.847 2.196
127 20 0.504 -0.871 2.131
128 1 0.226 -0.405 2.714
128 2 0.237 -0.388 2.771
128 3 0.292 -0.162 2.898
128 4 0.286 0.032 2.877
128 5 0.145 -0.246 2.843
128 6 0.075 -0.449 2.702
128 7 0.147 -0.555 2.560
128 8 0.177 -0.589 2.506
128 9 0.453 -0.267 2.832
128 10 0.499 -0.392 2.673
128 11 0.446 -0.488 2.435
128 12 0.481 -0.538 2.250
128 13 0.133 -0.443 2.681
128 14 0.197 -0.580 2.265
128 15 0.188 -0.796 2.147
128 16 0.197 -0.852 2.074
128 17 0.285 -0.468 2.663
128 18 0.499 -0.568 2.278
128 19 0.472 -0.849 2.199
128 20 0.501 -0.871 2.134
129 1 0.219 -0.405 2.716
129 2 0.231 -0.389 2.774
129 3 0.288 -0.164 2.906
129 4 0.278 0.029 2.889
129 5 0.142 -0.248 2.849
129 6 0.073 -0.452 2.702
129 7 0.150 -0.550 2.555
129 8 0.187 -0.565 2.493
129 9 0.449 -0.269 2.835
129 10 0.517 -0.414 2.720
129 11 0.430 -0.488 2.474
129 12 0.463 -0.531 2.257
129 13 0.125 -0.442 2.684
129 14 0.197 -0.580 2.265
129 15 0.189 -0.797 2.147
129 16 0.195 -0.855 2.078
129 17 0.277 -0.467 2.663
129 18 0.497 -0.567 2.280
129 19 0.470 -0.850 2.201
129 20 0.499 -0.870 2.136
130 1 0.214 -0.404 2.718
130 2 0.226 -0.389 2.777
130 3 0.286 -0.165 2.912
130 4 0.273 0.028 2.897
130 5 0.140 -0.248 2.856
130 6 0.072 -0.454 2.702
130 7 0.164 -0.527 2.543
130 8 0.200 -0.539 2.483
130 9 0.447 -0.271 2.837
130 10 0.527 -0.425 2.745
130 11 0.431 -0.489 2.488
130 12 0.460 -0.530 2.253
130 13 0.119 -0.441 2.687
130 14 0.196 -0.580 2.265
130 15 0.189 -0.798 2.147
130 16 0.194 -0.857 2.081
130 17 0.271 -0.466 2.664
130 18 0.493 -0.565 2.283
130 19 0.469 -0.850 2.203
130 20 0.498 -0.870 2.138
131 1 0.210 -0.404 2.720
131 2 0.223 -0.390 2.779
131 3 0.283 -0.166 2.917
131 4 0.269 0.028 2.906
131 5 0.139 -0.249 2.859
131 6 0.072 -0.456 2.701
131 7 0.170 -0.518 2.537
131 8 0.205 -0.530 2.478
131 9 0.444 -0.272 2.838
131 10 0.531 -0.430 2.755
131 11 0.437 -0.491 2.499
131 12 0.458 -0.529 2.250
131 13 0.115 -0.440 2.689
131 14 0.196 -0.580 2.266
131 15 0.189 -0.798 2.147
131 16 0.193 -0.859 2.083
131 17 0.267 -0.465 2.664
131 18 0.490 -0.564 2.286
131 19 0.468 -0.851 2.204
131 20 0.497 -0.869 2.138
132 1 0.208 -0.404 2.721
132 2 0.221 -0.390 2.780
132 3 0.282 -0.165 2.921
132 4 0.267 0.029 2.913
132 5 0.138 -0.248 2.862
132 6 0.072 -0.457 2.701
132 7 0.164 -0.514 2.530
132 8 0.188 -0.528 2.469
132 9 0.442 -0.273 2.839
132 10 0.533 -0.433 2.761
132 11 0.442 -0.492 2.505
132 12 0.459 -0.529 2.248
132 13 0.113 -0.440 2.690
132 14 0.196 -0.579 2.266
132 15 0.190 -0.799 2.148
132 16 0.192 -0.860 2.085
132 17 0.263 -0.464 2.665
132 18 0.488 -0.562 2.289
132 19 0.467 -0.851 2.204
132 20 0.496 -0.869 2.139
133 1 0.253 -0.409 2.708
133 2 0.258 -0.394 2.771
133 3 0.281 -0.165 2.923
133 4 0.265 0.030 2.920
133 5 0.137 -0.248 2.864
133 6 0.073 -0.457 2.701
133 7 0.167 -0.511 2.529
133 8 0.194 -0.526 2.472
133 9 0.440 -0.274 2.839
133 10 0.534 -0.435 2.765
133 11 0.456 -0.494 2.507
133 12 0.476 -0.530 2.243
133 13 0.189 -0.453 2.666
133 14 0.195 -0.579 2.267
133 15 0.190 -0.799 2.148
133 16 0.192 -0.861 2.086
133 17 0.312 -0.462 2.657
133 18 0.487 -0.561 2.289
133 19 0.467 -0.852 2.205
133 20 0.496 -0.869 2.139
134 1 0.250 -0.405 2.711
134 2 0.255 -0.391 2.775
134 3 0.280 -0.164 2.926
134 4 0.264 0.031 2.925
134 5 0.137 -0.248 2.865
134 6 0.074 -0.457 2.701
134 7 0.171 -0.509 2.529
134 8 0.200 -0.526 2.476
134 9 0.439 -0.275 2.840
134 10 0.534 -0.435 2.765
134 11 0.463 -0.495 2.508
134 12 0.486 -0.533 2.234
134 13 0.175 -0.447 2.672
134 14 0.195 -0.579 2.267
134 15 0.190 -0.800 2.148
134 16 0.191 -0.862 2.087
134 17 0.310 -0.458 2.659
134 18 0.486 -0.561 2.289
134 19 0.467 -0.851 2.204
134 20 0.495 -0.869 2.139
135 1 0.269 -0.408 2.706
135 2 0.268 -0.393 2.772
135 3 0.279 -0.164 2.928
135 4 0.264 0.032 2.929
135 5 0.137 -0.248 2.866
135 6 0.074 -0.457 2.701
135 7 0.172 -0.508 2.530
135 8 0.205 -0.527 2.481
135 9 0.438 -0.275 2.840
135 10 0.533 -0.435 2.762
135 11 0.472 -0.497 2.505
135 12 0.496 -0.535 2.229
135 13 0.211 -0.453 2.659
135 14 0.195 -0.579 2.267
135 15 0.190 -0.800 2.148
135 16 0.191 -0.863 2.088
135 17 0.331 -0.460 2.657
135 18 0.485 -0.560 2.288
135 19 0.467 -0.851 2.204
135 20 0.495 -0.869 2.139
136 1 0.320 -0.420 2.724
136 2 0.312 -0.401 2.789
136 3 0.279 -0.163 2.929
136 4 0.264 0.033 2.932
136 5 0.137 -0.248 2.867
136 6 0.046 -0.408 2.746
136 7 0.158 -0.496 2.568
136 8 0.194 -0.527 2.516
136 9 0.437 -0.275 2.840
136 10 0.532 -0.435 2.758
136 11 0.478 -0.497 2.501
136 12 0.500 -0.535 2.226
136 13 0.265 -0.474 2.674
136 14 0.195 -0.578 2.267
136 15 0.190 -0.801 2.148
136 16 0.190 -0.862 2.088
136 17 0.395 -0.466 2.686
136 18 0.485 -0.560 2.287
136 19 0.467 -0.851 2.203
136 20 0.495 -0.869 2.139
137 1 0.344 -0.426 2.733
137 2 0.332 -0.405 2.797
137 3 0.279 -0.162 2.931
137 4 0.265 0.034 2.935
137 5 0.137 -0.247 2.868
137 6 0.031 -0.377 2.772
137 7 0.153 -0.492 2.580
137 8 0.189 -0.527 2.533
137 9 0.437 -0.275 2.840
137 10 0.531 -0.434 2.754
137 11 0.467 -0.497 2.500
137 12 0.491 -0.533 2.236
137 13 0.289 -0.484 2.683
137 14 0.194 -0.578 2.267
137 15 0.190 -0.801 2.148
137 16 0.190 -0.860 2.087
137 17 0.433 -0.469 2.705
137 18 0.486 -0.560 2.285
137 19 0.467 -0.850 2.203
137 20 0.494 -0.869 2.139
138 1 0.322 -0.424 2.721
138 2 0.324 -0.406 2.791
138 3 0.279 -0.161 2.932
138 4 0.266 0.034 2.937
138 5 0.137 -0.247 2.869
138 6 0.026 -0.366 2.781
138 7 0.124 -0.488 2.617
138 8 0.163 -0.528 2.565
138 9 0.436 -0.275 2.840
138 10 0.531 -0.433 2.754
138 11 0.462 -0.495 2.502
138 12 0.485 -0.532 2.243
138 13 0.259 -0.476 2.672
138 14 0.194 -0.578 2.268
138 15 0.190 -0.801 2.148
138 16 0.190 -0.860 2.087
138 17 0.383 -0.469 2.677
138 18 0.486 -0.560 2.284
138 19 0.467 -0.850 2.203
138 20 0.494 -0.869 2.139
139 1 0.311 -0.423 2.715
139 2 0.314 -0.406 2.785
139 3 0.280 -0.160 2.933
139 4 0.267 0.034 2.939
139 5 0.138 -0.247 2.869
139 6 0.054 -0.382 2.765
139 7 0.121 -0.490 2.614
139 8 0.156 -0.529 2.569
139 9 0.436 -0.276 2.840
139 10 0.531 -0.432 2.753
139 11 0.460 -0.495 2.503
139 12 0.481 -0.531 2.248
139 13 0.248 -0.473 2.667
139 14 0.194 -0.578 2.268
139 15 0.190 -0.801 2.148
139 16 0.190 -0.860 2.087
139 17 0.374 -0.470 2.670
139 18 0.486 -0.560 2.283
139 19 0.467 -0.850 2.203
139 20 0.493 -0.869 2.139
140 1 0.261 -0.405 2.720
140 2 0.271 -0.393 2.787
140 3 0.281 -0.160 2.934
140 4 0.269 0.035 2.941
140 5 0.138 -0.246 2.870
140 6 0.072 -0.418 2.732
140 7 0.151 -0.506 2.577
140 8 0.183 -0.535 2.529
140 9 0.436 -0.276 2.841
140 10 0.531 -0.431 2.752
140 11 0.459 -0.495 2.503
140 12 0.478 -0.534 2.247
140 13 0.183 -0.450 2.679
140 14 0.194 -0.578 2.268
140 15 0.190 -0.801 2.148
140 16 0.189 -0.860 2.087
140 17 0.320 -0.457 2.666
140 18 0.486 -0.560 2.282
140 19 0.467 -0.850 2.203
140 20 0.492 -0.869 2.139
141 1 0.232 -0.396 2.724
141 2 0.246 -0.386 2.789
141 3 0.281 -0.159 2.935
141 4 0.270 0.035 2.942
141 5 0.139 -0.246 2.870
141 6 0.061 -0.403 2.745
141 7 0.149 -0.500 2.581
141 8 0.181 -0.532 2.532
141 9 0.436 -0.276 2.841
141 10 0.531 -0.429 2.751
141 11 0.458 -0.495 2.503
141 12 0.476 -0.535 2.247
141 13 0.141 -0.435 2.689
141 14 0.194 -0.578 2.268
141 15 0.190 -0.801 2.148
141 16 0.189 -0.860 2.087
141 17 0.290 -0.450 2.667
141 18 0.486 -0.560 2.283
141 19 0.466 -0.850 2.203
141 20 0.492 -0.869 2.139
142 1 0.221 -0.392 2.726
142 2 0.236 -0.383 2.790
142 3 0.282 -0.159 2.935
142 4 0.271 0.035 2.943
142 5 0.141 -0.245 2.872
142 6 0.088 -0.426 2.715
142 7 0.159 -0.506 2.558
142 8 0.191 -0.535 2.493
142 9 0.436 -0.276 2.841
142 10 0.531 -0.428 2.749
142 11 0.457 -0.495 2.503
142 12 0.474 -0.535 2.247
142 13 0.126 -0.429 2.692
142 14 0.194 -0.577 2.269
142 15 0.190 -0.801 2.148
142 16 0.189 -0.860 2.087
142 17 0.278 -0.448 2.667
142 18 0.486 -0.560 2.283
142 19 0.466 -0.850 2.203
142 20 0.491 -0.869 2.139
143 1 0.214 -0.390 2.726
143 2 0.230 -0.382 2.790
143 3 0.283 -0.159 2.936
143 4 0.272 0.034 2.944
143 5 0.143 -0.243 2.874
143 6 0.094 -0.432 2.707
143 7 0.164 -0.507 2.549
143 8 0.195 -0.534 2.482
143 9 0.436 -0.275 2.841
143 10 0.531 -0.427 2.748
143 11 0.456 -0.495 2.503
143 12 0.471 -0.536 2.245
143 13 0.118 -0.426 2.694
143 14 0.194 -0.577 2.269
143 15 0.190 -0.801 2.148
143 16 0.189 -0.860 2.087
143 17 0.271 -0.447 2.668
143 18 0.485 -0.560 2.284
143 19 0.466 -0.849 2.203
143 20 0.491 -0.869 2.139
144 1 0.211 -0.389 2.727
144 2 0.227 -0.381 2.791
144 3 0.283 -0.159 2.936
144 4 0.273 0.034 2.945
144 5 0.145 -0.242 2.875
144 6 0.098 -0.437 2.703
144 7 0.168 -0.506 2.542
144 8 0.198 -0.531 2.476
144 9 0.436 -0.275 2.841
144 10 0.531 -0.427 2.747
144 11 0.458 -0.495 2.501
144 12 0.471 -0.536 2.241
144 13 0.117 -0.426 2.695
144 14 0.194 -0.577 2.269
144 15 0.190 -0.801 2.148
144 16 0.189 -0.860 2.087
144 17 0.269 -0.446 2.669
144 18 0.485 -0.560 2.284
144 19 0.466 -0.849 2.203
144 20 0.490 -0.869 2.139
145 1 0.211 -0.389 2.728
145 2 0.225 -0.380 2.791
145 3 0.284 -0.158 2.936
145 4 0.273 0.034 2.945
145 5 0.146 -0.241 2.876
145 6 0.066 -0.397 2.748
145 7 0.138 -0.487 2.588
145 8 0.161 -0.516 2.539
145 9 0.436 -0.275 2.841
145 10 0.532 -0.427 2.746
145 11 0.456 -0.496 2.501
145 12 0.470 -0.536 2.240
145 13 0.121 -0.427 2.695
145 14 0.193 -0.577 2.270
145 15 0.190 -0.801 2.148
145 16 0.189 -0.860 2.087
145 17 0.271 -0.447 2.672
145 18 0.484 -0.560 2.285
145 19 0.466 -0.849 2.203
145 20 0.490 -0.870 2.139
146 1 0.215 -0.391 2.728
146 2 0.226 -0.381 2.791
146 3 0.284 -0.158 2.937
146 4 0.273 0.034 2.946
146 5 0.147 -0.241 2.877
146 6 0.070 -0.418 2.738
146 7 0.139 -0.491 2.573
146 8 0.162 -0.516 2.527
146 9 0.436 -0.275 2.841
146 10 0.532 -0.427 2.745
146 11 0.454 -0.496 2.500
146 12 0.468 -0.537 2.240
146 13 0.132 -0.431 2.692
146 14 0.193 -0.577 2.270
146 15 0.190 -0.801 2.148
146 16 0.189 -0.860 2.087
146 17 0.276 -0.449 2.672
146 18 0.484 -0.560 2.285
146 19 0.465 -0.849 2.203
146 20 0.489 -0.870 2.139
147 1 0.219 -0.392 2.727
147 2 0.228 -0.382 2.791
147 3 0.284 -0.158 2.937
147 4 0.274 0.034 2.946
147 5 0.147 -0.240 2.878
147 6 0.074 -0.429 2.730
147 7 0.148 -0.495 2.559
147 8 0.173 -0.518 2.512
147 9 0.436 -0.275 2.841
147 10 0.531 -0.427 2.744
147 11 0.452 -0.497 2.499
147 12 0.467 -0.537 2.241
147 13 0.139 -0.433 2.691
147 14 0.193 -0.577 2.270
147 15 0.190 -0.801 2.148
147 16 0.189 -0.860 2.087
147 17 0.280 -0.451 2.673
147 18 0.484 -0.560 2.285
147 19 0.465 -0.849 2.204
147 20 0.489 -0.870 2.139
148 1 0.222 -0.394 2.727
148 2 0.231 -0.383 2.791
148 3 0.284 -0.158 2.937
148 4 0.274 0.033 2.946
148 5 0.148 -0.240 2.878
148 6 0.080 -0.436 2.721
148 7 0.157 -0.501 2.547
148 8 0.182 -0.523 2.498
148 9 0.437 -0.275 2.841
148 10 0.531 -0.427 2.744
148 11 0.452 -0.497 2.498
148 12 0.466 -0.537 2.240
148 13 0.143 -0.435 2.689
148 14 0.193 -0.577 2.270
148 15 0.190 -0.801 2.148
148 16 0.189 -0.860 2.087
148 17 0.283 -0.452 2.673
148 18 0.484 -0.560 2.285
148 19 0.465 -0.848 2.204
148 20 0.488 -0.870 2.139
149 1 0.224 -0.395 2.726
149 2 0.232 -0.384 2.790
149 3 0.284 -0.158 2.937
149 4 0.273 0.033 2.946
149 5 0.148 -0.240 2.878
149 6 0.083 -0.440 2.716
149 7 0.167 -0.501 2.541
149 8 0.197 -0.521 2.491
149 9 0.437 -0.275 2.841
149 10 0.531 -0.427 2.744
149 11 0.451 -0.497 2.498
149 12 0.466 -0.537 2.240
149 13 0.146 -0.437 2.688
149 14 0.193 -0.577 2.270
149 15 0.190 -0.801 2.148
149 16 0.189 -0.860 2.087
149 17 0.285 -0.453 2.673
149 18 0.484 -0.560 2.285
149 19 0.465 -0.848 2.204
149 20 0.487 -0.870 2.140
150 1 0.226 -0.397 2.725
150 2 0.234 -0.385 2.789
150 3 0.285 -0.158 2.937
150 4 0.273 0.033 2.946
150 5 0.148 -0.240 2.878
150 6 0.085 -0.442 2.712
150 7 0.172 -0.501 2.538
150 8 0.207 -0.518 2.486
150 9 0.437 -0.275 2.841
150 10 0.531 -0.426 2.744
150 11 0.451 -0.497 2.499
150 12 0.466 -0.537 2.240
150 13 0.148 -0.437 2.688
150 14 0.193 -0.577 2.270
150 15 0.190 -0.801 2.148
150 16 0.189 -0.860 2.087
150 17 0.286 -0.454 2.672
150 18 0.484 -0.560 2.285
150 19 0.465 -0.848 2.204
150 20 0.487 -0.870 2.140
151 1 0.227 -0.398 2.724
151 2 0.235 -0.386 2.789
151 3 0.285 -0.158 2.937
151 4 0.273 0.033 2.946
151 5 0.148 -0.240 2.878
151 6 0.087 -0.444 2.710
151 7 0.193 -0.506 2.522
151 8 0.246 -0.528 2.453
151 9 0.437 -0.275 2.841
151 10 0.530 -0.426 2.744
151 11 0.451 -0.497 2.499
151 12 0.465 -0.537 2.240
151 13 0.149 -0.438 2.687
151 14 0.193 -0.577 2.269
151 15 0.190 -0.801 2.148
151 16 0.189 -0.860 2.087
151 17 0.287 -0.454 2.672
151 18 0.484 -0.560 2.285
151 19 0.464 -0.848 2.204
151 20 0.487 -0.870 2.140
152 1 0.228 -0.398 2.724
152 2 0.235 -0.387 2.789
152 3 0.285 -0.158 2.937
152 4 0.273 0.033 2.946
152 5 0.148 -0.240 2.878
152 6 0.088 -0.446 2.709
152 7 0.204 -0.509 2.513
152 8 0.264 -0.533 2.437
152 9 0.436 -0.275 2.841
152 10 0.530 -0.425 2.744
152 11 0.453 -0.495 2.498
152 12 0.467 -0.536 2.235
152 13 0.150 -0.439 2.687
152 14 0.193 -0.577 2.269
152 15 0.190 -0.801 2.147
152 16 0.189 -0.860 2.087
152 17 0.287 -0.455 2.672
152 18 0.483 -0.560 2.285
152 19 0.464 -0.848 2.205
152 20 0.487 -0.870 2.140
153 1 0.228 -0.399 2.723
153 2 0.236 -0.388 2.788
153 3 0.285 -0.158 2.937
153 4 0.272 0.032 2.945
153 5 0.148 -0.240 2.878
153 6 0.088 -0.447 2.708
153 7 0.216 -0.510 2.505
153 8 0.278 -0.534 2.426
153 9 0.436 -0.275 2.841
153 10 0.529 -0.425 2.744
153 11 0.456 -0.493 2.497
153 12 0.469 -0.535 2.231
153 13 0.151 -0.439 2.686
153 14 0.193 -0.577 2.269
153 15 0.190 -0.801 2.147
153 16 0.188 -0.860 2.087
153 17 0.288 -0.456 2.671
153 18 0.483 -0.561 2.285
153 19 0.464 -0.848 2.205
153 20 0.486 -0.870 2.140
154 1 0.267 -0.410 2.710
154 2 0.270 -0.398 2.777
154 3 0.285 -0.158 2.937
154 4 0.272 0.032 2.945
154 5 0.149 -0.240 2.877
154 6 0.060 -0.404 2.745
154 7 0.237 -0.429 2.553
154 8 0.304 -0.409 2.510
154 9 0.436 -0.275 2.841
154 10 0.529 -0.425 2.744
154 11 0.457 -0.493 2.497
154 12 0.470 -0.535 2.229
154 13 0.201 -0.453 2.669
154 14 0.193 -0.577 2.269
154 15 0.189 -0.801 2.147
154 16 0.188 -0.861 2.086
154 17 0.328 -0.463 2.661
154 18 0.484 -0.561 2.283
154 19 0.464 -0.848 2.205
154 20 0.486 -0.870 2.140
155 1 0.264 -0.412 2.709
155 2 0.269 -0.400 2.776
155 3 0.285 -0.158 2.937
155 4 0.272 0.032 2.944
155 5 0.149 -0.241 2.877
155 6 0.042 -0.377 2.769
155 7 0.247 -0.384 2.580
155 8 0.318 -0.376 2.527
155 9 0.436 -0.275 2.841
155 10 0.529 -0.425 2.744
155 11 0.453 -0.491 2.498
155 12 0.464 -0.540 2.426
155 13 0.190 -0.451 2.669
155 14 0.193 -0.577 2.269
155 15 0.189 -0.801 2.146
155 16 0.188 -0.861 2.086
155 17 0.321 -0.466 2.659
155 18 0.484 -0.562 2.282
155 19 0.464 -0.848 2.205
155 20 0.486 -0.870 2.140
156 1 0.277 -0.416 2.704
156 2 0.278 -0.403 2.773
156 3 0.285 -0.158 2.937
156 4 0.272 0.032 2.944
156 5 0.148 -0.241 2.876
156 6 0.054 -0.376 2.766
156 7 0.195 -0.453 2.568
156 8 0.229 -0.483 2.509
156 9 0.436 -0.275 2.841
156 10 0.529 -0.425 2.744
156 11 0.453 -0.491 2.498
156 12 0.471 -0.547 2.459
156 13 0.213 -0.460 2.660
156 14 0.194 -0.577 2.269
156 15 0.189 -0.800 2.146
156 16 0.188 -0.861 2.086
156 17 0.336 -0.468 2.654
156 18 0.484 -0.562 2.281
156 19 0.464 -0.848 2.205
156 20 0.486 -0.870 2.140
157 1 0.284 -0.418 2.702
157 2 0.283 -0.405 2.771
157 3 0.285 -0.158 2.937
157 4 0.272 0.032 2.944
157 5 0.148 -0.242 2.876
157 6 0.075 -0.414 2.730
157 7 0.216 -0.472 2.530
157 8 0.260 -0.490 2.470
157 9 0.436 -0.275 2.841
157 10 0.529 -0.426 2.744
157 11 0.451 -0.490 2.498
157 12 0.466 -0.546 2.497
157 13 0.224 -0.464 2.656
157 14 0.194 -0.577 2.269
157 15 0.189 -0.800 2.146
157 16 0.188 -0.861 2.086
157 17 0.345 -0.470 2.653
157 18 0.485 -0.563 2.280
157 19 0.464 -0.848 2.205
157 20 0.486 -0.870 2.140
158 1 0.288 -0.419 2.701
158 2 0.287 -0.406 2.770
158 3 0.285 -0.159 2.937
158 4 0.272 0.032 2.944
158 5 0.148 -0.242 2.875
158 6 0.087 -0.433 2.712
158 7 0.220 -0.497 2.504
158 8 0.261 -0.522 2.437
158 9 0.437 -0.275 2.841
158 10 0.529 -0.426 2.744
158 11 0.454 -0.490 2.498
158 12 0.475 -0.546 2.487
158 13 0.230 -0.466 2.654
158 14 0.194 -0.577 2.269
158 15 0.189 -0.800 2.145
158 16 0.188 -0.861 2.086
158 17 0.350 -0.471 2.652
158 18 0.485 -0.563 2.279
158 19 0.464 -0.847 2.204
158 20 0.485 -0.871 2.140
159 1 0.247 -0.407 2.726
159 2 0.254 -0.395 2.792
159 3 0.285 -0.159 2.937
159 4 0.273 0.031 2.944
159 5 0.148 -0.242 2.875
159 6 0.090 -0.430 2.715
159 7 0.189 -0.504 2.526
159 8 0.217 -0.532 2.468
159 9 0.437 -0.275 2.842
159 10 0.529 -0.426 2.744
159 11 0.456 -0.490 2.497
159 12 0.476 -0.548 2.482
159 13 0.155 -0.446 2.693
159 14 0.193 -0.575 2.276
159 15 0.188 -0.800 2.145
159 16 0.188 -0.861 2.085
159 17 0.308 -0.464 2.674
159 18 0.481 -0.561 2.287
159 19 0.464 -0.847 2.204
159 20 0.485 -0.871 2.139
160 1 0.263 -0.412 2.718
160 2 0.266 -0.399 2.786
160 3 0.286 -0.159 2.937
160 4 0.273 0.031 2.944
160 5 0.148 -0.242 2.874
160 6 0.066 -0.402 2.741
160 7 0.135 -0.503 2.584
160 8 0.104 -0.537 2.597
160 9 0.437 -0.275 2.842
160 10 0.529 -0.426 2.744
160 11 0.456 -0.490 2.497
160 12 0.476 -0.548 2.479
160 13 0.196 -0.455 2.676
160 14 0.193 -0.575 2.276
160 15 0.188 -0.800 2.145
160 16 0.188 -0.861 2.085
160 17 0.320 -0.467 2.666
160 18 0.481 -0.562 2.286
160 19 0.464 -0.847 2.204
160 20 0.485 -0.871 2.139
161 1 0.237 -0.402 2.731
161 2 0.250 -0.392 2.795
161 3 0.286 -0.159 2.937
161 4 0.275 0.031 2.944
161 5 0.148 -0.243 2.874
161 6 0.049 -0.384 2.758
161 7 0.105 -0.500 2.618
161 8 0.110 -0.542 2.587
161 9 0.437 -0.275 2.842
161 10 0.529 -0.426 2.745
161 11 0.457 -0.490 2.497
161 12 0.477 -0.547 2.470
161 13 0.153 -0.443 2.696
161 14 0.193 -0.574 2.278
161 15 0.188 -0.800 2.145
161 16 0.188 -0.860 2.084
161 17 0.299 -0.461 2.675
161 18 0.480 -0.561 2.288
161 19 0.464 -0.847 2.204
161 20 0.485 -0.871 2.139
162 1 0.230 -0.398 2.735
162 2 0.245 -0.389 2.797
162 3 0.287 -0.159 2.937
162 4 0.276 0.031 2.944
162 5 0.148 -0.243 2.874
162 6 0.044 -0.376 2.765
162 7 0.093 -0.499 2.631
162 8 0.061 -0.541 2.640
162 9 0.438 -0.275 2.842
162 10 0.529 -0.426 2.745
162 11 0.458 -0.491 2.497
162 12 0.477 -0.547 2.462
162 13 0.143 -0.436 2.699
162 14 0.193 -0.574 2.279
162 15 0.188 -0.800 2.145
162 16 0.188 -0.860 2.084
162 17 0.293 -0.458 2.679
162 18 0.479 -0.561 2.288
162 19 0.464 -0.847 2.204
162 20 0.485 -0.871 2.139
163 1 0.264 -0.396 2.729
163 2 0.271 -0.388 2.793
163 3 0.288 -0.159 2.937
163 4 0.278 0.030 2.944
163 5 0.148 -0.243 2.874
163 6 0.042 -0.372 2.769
163 7 0.087 -0.498 2.639
163 8 0.049 -0.539 2.654
163 9 0.438 -0.275 2.842
163 10 0.529 -0.426 2.745
163 11 0.458 -0.491 2.497
163 12 0.476 -0.547 2.456
163 13 0.188 -0.438 2.681
163 14 0.193 -0.574 2.278
163 15 0.188 -0.800 2.145
163 16 0.188 -0.860 2.084
163 17 0.332 -0.451 2.681
163 18 0.481 -0.562 2.286
163 19 0.464 -0.847 2.204
163 20 0.485 -0.871 2.139
164 1 0.250 -0.393 2.732
164 2 0.260 -0.385 2.796
164 3 0.288 -0.160 2.937
164 4 0.279 0.030 2.943
164 5 0.148 -0.243 2.874
164 6 0.045 -0.369 2.768
164 7 0.089 -0.499 2.636
164 8 0.052 -0.540 2.650
164 9 0.439 -0.275 2.842
164 10 0.529 -0.426 2.745
164 11 0.458 -0.491 2.497
164 12 0.476 -0.547 2.452
164 13 0.155 -0.433 2.691
164 14 0.193 -0.574 2.279
164 15 0.188 -0.800 2.145
164 16 0.188 -0.860 2.084
164 17 0.316 -0.451 2.684
164 18 0.480 -0.562 2.287
164 19 0.464 -0.847 2.203
164 20 0.485 -0.871 2.138
165 1 0.241 -0.393 2.734
165 2 0.253 -0.384 2.797
165 3 0.289 -0.160 2.937
165 4 0.280 0.030 2.943
165 5 0.148 -0.243 2.874
165 6 0.076 -0.414 2.731
165 7 0.099 -0.508 2.560
165 8 0.098 -0.535 2.499
165 9 0.439 -0.275 2.843
165 10 0.529 -0.426 2.745
165 11 0.459 -0.492 2.497
165 12 0.475 -0.547 2.449
165 13 0.143 -0.431 2.695
165 14 0.193 -0.574 2.279
165 15 0.188 -0.800 2.144
165 16 0.188 -0.860 2.084
165 17 0.305 -0.452 2.684
165 18 0.480 -0.561 2.287
165 19 0.464 -0.847 2.203
165 20 0.485 -0.871 2.138
166 1 0.268 -0.413 2.707
166 2 0.274 -0.402 2.774
166 3 0.290 -0.160 2.937
166 4 0.281 0.030 2.943
166 5 0.148 -0.243 2.874
166 6 0.094 -0.439 2.707
166 7 0.101 -0.517 2.524
166 8 0.082 -0.554 2.497
166 9 0.440 -0.276 2.843
166 10 0.529 -0.426 2.745
166 11 0.459 -0.492 2.497
166 12 0.475 -0.547 2.447
166 13 0.200 -0.453 2.662
166 14 0.193 -0.574 2.278
166 15 0.188 -0.800 2.144
166 16 0.188 -0.860 2.084
166 17 0.324 -0.471 2.658
166 18 0.481 -0.562 2.285
166 19 0.464 -0.847 2.203
166 20 0.485 -0.871 2.138
167 1 0.283 -0.420 2.697
167 2 0.284 -0.407 2.767
167 3 0.290 -0.160 2.937
167 4 0.282 0.030 2.942
167 5 0.148 -0.243 2.874
167 6 0.099 -0.450 2.700
167 7 0.123 -0.514 2.508
167 8 0.113 -0.552 2.470
167 9 0.440 -0.276 2.843
167 10 0.529 -0.426 2.745
167 11 0.459 -0.492 2.497
167 12 0.475 -0.547 2.446
167 13 0.229 -0.462 2.648
167 14 0.193 -0.574 2.278
167 15 0.188 -0.800 2.144
167 16 0.188 -0.861 2.084
167 17 0.338 -0.475 2.649
167 18 0.483 -0.563 2.283
167 19 0.465 -0.846 2.202
167 20 0.485 -0.871 2.137
168 1 0.290 -0.420 2.696
168 2 0.289 -0.408 2.765
168 3 0.291 -0.160 2.937
168 4 0.283 0.030 2.942
168 5 0.148 -0.243 2.874
168 6 0.100 -0.457 2.696
168 7 0.145 -0.509 2.508
168 8 0.144 -0.547 2.463
168 9 0.441 -0.276 2.843
168 10 0.529 -0.426 2.745
168 11 0.459 -0.492 2.497
168 12 0.475 -0.547 2.445
168 13 0.238 -0.465 2.645
168 14 0.193 -0.574 2.277
168 15 0.188 -0.800 2.144
168 16 0.188 -0.861 2.085
168 17 0.349 -0.471 2.649
168 18 0.483 -0.563 2.281
168 19 0.465 -0.846 2.202
168 20 0.485 -0.871 2.137
169 1 0.293 -0.421 2.693
169 2 0.292 -0.409 2.762
169 3 0.291 -0.160 2.937
169 4 0.283 0.030 2.942
169 5 0.148 -0.243 2.874
169 6 0.062 -0.402 2.742
169 7 0.128 -0.494 2.583
169 8 0.137 -0.533 2.519
169 9 0.441 -0.276 2.843
169 10 0.529 -0.426 2.745
169 11 0.459 -0.492 2.497
169 12 0.475 -0.547 2.445
169 13 0.244 -0.467 2.642
169 14 0.194 -0.575 2.276
169 15 0.188 -0.800 2.145
169 16 0.188 -0.861 2.085
169 17 0.350 -0.474 2.644
169 18 0.484 -0.564 2.279
169 19 0.465 -0.846 2.201
169 20 0.485 -0.871 2.137
170 1 0.262 -0.407 2.711
170 2 0.266 -0.397 2.778
170 3 0.292 -0.160 2.937
170 4 0.284 0.030 2.942
170 5 0.148 -0.243 2.874
170 6 0.051 -0.382 2.760
170 7 0.094 -0.529 2.612
170 8 0.097 -0.566 2.564
170 9 0.441 -0.276 2.843
170 10 0.529 -0.426 2.745
170 11 0.460 -0.493 2.497
170 12 0.476 -0.549 2.445
170 13 0.183 -0.444 2.673
170 14 0.194 -0.575 2.276
170 15 0.188 -0.800 2.145
170 16 0.188 -0.861 2.085
170 17 0.319 -0.463 2.660
170 18 0.484 -0.564 2.279
170 19 0.465 -0.846 2.201
170 20 0.485 -0.871 2.136
171 1 0.233 -0.398 2.729
171 2 0.248 -0.389 2.790
171 3 0.292 -0.160 2.937
171 4 0.284 0.030 2.941
171 5 0.148 -0.243 2.875
171 6 0.044 -0.369 2.770
171 7 0.143 -0.501 2.590
171 8 0.126 -0.549 2.558
171 9 0.442 -0.276 2.843
171 10 0.529 -0.426 2.745
171 11 0.460 -0.494 2.497
171 12 0.476 -0.550 2.446
171 13 0.145 -0.436 2.695
171 14 0.194 -0.575 2.276
171 15 0.188 -0.800 2.145
171 16 0.188 -0.861 2.085
171 17 0.292 -0.457 2.675
171 18 0.483 -0.563 2.282
171 19 0.465 -0.845 2.201
171 20 0.485 -0.871 2.136
172 1 0.253 -0.405 2.720
172 2 0.259 -0.394 2.786
172 3 0.293 -0.160 2.937
172 4 0.284 0.030 2.941
172 5 0.148 -0.242 2.875
172 6 0.059 -0.382 2.760
172 7 0.144 -0.498 2.595
172 8 0.164 -0.532 2.538
172 9 0.442 -0.276 2.843
172 10 0.529 -0.426 2.745
172 11 0.461 -0.495 2.497
172 12 0.477 -0.550 2.445
172 13 0.185 -0.450 2.678
172 14 0.194 -0.575 2.276
172 15 0.188 -0.800 2.145
172 16 0.188 -0.861 2.085
172 17 0.312 -0.461 2.668
172 18 0.483 -0.563 2.281
172 19 0.465 -0.845 2.200
172 20 0.485 -0.871 2.136
