1 1 0.136 -0.021 1.927
1 2 0.142 0.043 1.972
1 3 0.171 0.395 1.966
1 4 0.178 0.582 1.942
1 5 -0.005 0.283 1.976
1 6 -0.075 0.045 2.013
1 7 -0.112 -0.198 1.970
1 8 -0.116 -0.255 1.955
1 9 0.340 0.275 1.967
1 10 0.402 0.028 1.963
1 11 0.407 -0.170 1.876
1 12 0.406 -0.246 1.839
1 13 0.054 -0.094 1.919
1 14 -0.008 -0.524 1.914
1 15 -0.004 -0.749 1.922
1 16 -0.037 -0.804 1.883
1 17 0.205 -0.103 1.916
1 18 0.222 -0.516 1.927
1 19 0.217 -0.739 1.944
1 20 0.215 -0.813 1.920
2 1 0.136 -0.021 1.927
2 2 0.143 0.043 1.972
2 3 0.171 0.394 1.968
2 4 0.178 0.582 1.944
2 5 -0.004 0.283 1.976
2 6 -0.075 0.044 2.007
2 7 -0.110 -0.200 1.951
2 8 -0.115 -0.258 1.934
2 9 0.340 0.275 1.968
2 10 0.390 0.025 1.956
2 11 0.389 -0.167 1.863
2 12 0.377 -0.240 1.820
2 13 0.054 -0.094 1.919
2 14 -0.007 -0.525 1.916
2 15 -0.005 -0.750 1.927
2 16 -0.055 -0.800 1.900
2 17 0.206 -0.103 1.917
2 18 0.222 -0.517 1.928
2 19 0.218 -0.741 1.945
2 20 0.215 -0.816 1.922
3 1 0.136 -0.022 1.928
3 2 0.143 0.043 1.973
3 3 0.170 0.394 1.970
3 4 0.177 0.582 1.946
3 5 -0.004 0.283 1.977
3 6 -0.077 0.042 1.998
3 7 -0.110 -0.198 1.930
3 8 -0.115 -0.256 1.908
3 9 0.340 0.275 1.968
3 10 0.380 0.022 1.950
3 11 0.361 -0.160 1.847
3 12 0.341 -0.230 1.803
3 13 0.054 -0.094 1.920
3 14 -0.008 -0.524 1.919
3 15 -0.009 -0.748 1.932
3 16 -0.060 -0.801 1.915
3 17 0.206 -0.103 1.917
3 18 0.223 -0.518 1.929
3 19 0.218 -0.742 1.946
3 20 0.216 -0.817 1.924
4 1 0.136 -0.022 1.929
4 2 0.142 0.042 1.974
4 3 0.168 0.394 1.973
4 4 0.170 0.581 1.951
4 5 -0.006 0.283 1.978
4 6 -0.080 0.040 1.988
4 7 -0.110 -0.193 1.910
4 8 -0.116 -0.254 1.881
4 9 0.338 0.274 1.970
4 10 0.373 0.021 1.947
4 11 0.345 -0.156 1.839
4 12 0.323 -0.226 1.795
4 13 0.054 -0.094 1.921
4 14 -0.010 -0.523 1.922
4 15 -0.015 -0.747 1.938
4 16 -0.070 -0.802 1.937
4 17 0.206 -0.103 1.918
4 18 0.222 -0.518 1.930
4 19 0.218 -0.742 1.946
4 20 0.216 -0.818 1.926
5 1 0.135 -0.022 1.930
5 2 0.140 0.042 1.976
5 3 0.163 0.394 1.977
5 4 0.161 0.580 1.957
5 5 -0.009 0.282 1.980
5 6 -0.083 0.037 1.979
5 7 -0.110 -0.186 1.890
5 8 -0.116 -0.250 1.859
5 9 0.335 0.274 1.972
5 10 0.367 0.020 1.944
5 11 0.332 -0.152 1.833
5 12 0.305 -0.218 1.786
5 13 0.053 -0.094 1.921
5 14 -0.014 -0.521 1.926
5 15 -0.026 -0.745 1.945
5 16 -0.057 -0.785 1.903
5 17 0.205 -0.104 1.919
5 18 0.219 -0.516 1.930
5 19 0.217 -0.741 1.946
5 20 0.214 -0.787 1.889
6 1 0.131 -0.023 1.932
6 2 0.136 0.041 1.978
6 3 0.155 0.394 1.982
6 4 0.150 0.580 1.962
6 5 -0.016 0.281 1.984
6 6 -0.087 0.035 1.972
6 7 -0.111 -0.176 1.873
6 8 -0.115 -0.243 1.836
6 9 0.329 0.274 1.975
6 10 0.361 0.021 1.942
6 11 0.320 -0.149 1.829
6 12 0.293 -0.213 1.781
6 13 0.049 -0.095 1.923
6 14 -0.018 -0.518 1.930
6 15 -0.038 -0.744 1.951
6 16 -0.055 -0.779 1.886
6 17 0.202 -0.104 1.921
6 18 0.214 -0.513 1.930
6 19 0.216 -0.738 1.946
6 20 0.211 -0.764 1.865
7 1 0.125 -0.024 1.934
7 2 0.129 0.040 1.981
7 3 0.142 0.394 1.987
7 4 0.135 0.580 1.969
7 5 -0.029 0.279 1.990
7 6 -0.090 0.032 1.966
7 7 -0.112 -0.163 1.855
7 8 -0.112 -0.234 1.816
7 9 0.321 0.274 1.979
7 10 0.354 0.024 1.940
7 11 0.312 -0.145 1.827
7 12 0.283 -0.208 1.779
7 13 0.043 -0.097 1.925
7 14 -0.028 -0.522 1.937
7 15 -0.048 -0.747 1.957
7 16 -0.055 -0.778 1.881
7 17 0.198 -0.104 1.922
7 18 0.208 -0.508 1.929
7 19 0.214 -0.735 1.945
7 20 0.209 -0.755 1.855
8 1 0.115 -0.024 1.937
8 2 0.120 0.039 1.984
8 3 0.131 0.394 1.991
8 4 0.120 0.581 1.974
8 5 -0.047 0.278 1.998
8 6 -0.095 0.030 1.961
8 7 -0.113 -0.154 1.845
8 8 -0.110 -0.224 1.801
8 9 0.309 0.274 1.983
8 10 0.347 0.026 1.940
8 11 0.303 -0.140 1.828
8 12 0.275 -0.203 1.780
8 13 0.034 -0.098 1.927
8 14 -0.035 -0.525 1.942
8 15 -0.055 -0.749 1.961
8 16 -0.055 -0.777 1.877
8 17 0.190 -0.104 1.924
8 18 0.203 -0.504 1.928
8 19 0.211 -0.731 1.944
8 20 0.206 -0.749 1.849
9 1 0.106 -0.024 1.939
9 2 0.110 0.039 1.986
9 3 0.116 0.393 1.995
9 4 0.104 0.580 1.979
9 5 -0.066 0.276 2.006
9 6 -0.103 0.028 1.957
9 7 -0.116 -0.142 1.837
9 8 -0.109 -0.211 1.791
9 9 0.293 0.274 1.987
9 10 0.341 0.030 1.940
9 11 0.296 -0.138 1.829
9 12 0.270 -0.201 1.780
9 13 0.024 -0.100 1.929
9 14 -0.041 -0.528 1.945
9 15 -0.059 -0.751 1.965
9 16 -0.056 -0.777 1.876
9 17 0.182 -0.104 1.925
9 18 0.195 -0.501 1.927
9 19 0.207 -0.729 1.942
9 20 0.203 -0.746 1.845
10 1 0.095 -0.024 1.941
10 2 0.099 0.039 1.988
10 3 0.102 0.393 1.999
10 4 0.087 0.579 1.983
10 5 -0.081 0.276 2.012
10 6 -0.114 0.027 1.953
10 7 -0.119 -0.134 1.833
10 8 -0.109 -0.203 1.784
10 9 0.275 0.274 1.990
10 10 0.333 0.033 1.940
10 11 0.289 -0.138 1.830
10 12 0.266 -0.201 1.781
10 13 0.015 -0.101 1.931
10 14 -0.045 -0.530 1.948
10 15 -0.061 -0.753 1.968
10 16 -0.057 -0.779 1.876
10 17 0.172 -0.103 1.926
10 18 0.188 -0.499 1.925
10 19 0.203 -0.727 1.940
10 20 0.199 -0.745 1.843
11 1 0.085 -0.024 1.943
11 2 0.089 0.039 1.990
11 3 0.087 0.393 2.002
11 4 0.068 0.579 1.986
11 5 -0.095 0.274 2.016
11 6 -0.127 0.028 1.954
11 7 -0.122 -0.127 1.832
11 8 -0.109 -0.194 1.782
11 9 0.258 0.275 1.992
11 10 0.321 0.036 1.942
11 11 0.282 -0.142 1.832
11 12 0.262 -0.203 1.783
11 13 0.006 -0.102 1.933
11 14 -0.049 -0.532 1.950
11 15 -0.063 -0.754 1.970
11 16 -0.059 -0.783 1.878
11 17 0.163 -0.103 1.927
11 18 0.181 -0.497 1.923
11 19 0.197 -0.724 1.937
11 20 0.192 -0.746 1.842
12 1 0.073 -0.024 1.945
12 2 0.075 0.039 1.993
12 3 0.065 0.394 2.007
12 4 0.049 0.578 1.989
12 5 -0.111 0.273 2.021
12 6 -0.143 0.032 1.957
12 7 -0.128 -0.119 1.835
12 8 -0.112 -0.184 1.783
12 9 0.240 0.275 1.994
12 10 0.307 0.035 1.945
12 11 0.277 -0.145 1.835
12 12 0.261 -0.208 1.788
12 13 -0.004 -0.103 1.936
12 14 -0.051 -0.533 1.952
12 15 -0.064 -0.755 1.971
12 16 -0.060 -0.785 1.880
12 17 0.151 -0.101 1.928
12 18 0.176 -0.495 1.922
12 19 0.191 -0.723 1.934
12 20 0.186 -0.747 1.841
13 1 0.062 -0.023 1.947
13 2 0.064 0.039 1.996
13 3 0.050 0.394 2.009
13 4 0.031 0.580 1.992
13 5 -0.124 0.272 2.025
13 6 -0.159 0.037 1.965
13 7 -0.136 -0.112 1.842
13 8 -0.117 -0.175 1.790
13 9 0.224 0.276 1.994
13 10 0.291 0.034 1.949
13 11 0.273 -0.150 1.841
13 12 0.260 -0.218 1.806
13 13 -0.014 -0.103 1.939
13 14 -0.054 -0.534 1.954
13 15 -0.064 -0.756 1.972
13 16 -0.076 -0.811 1.933
13 17 0.141 -0.100 1.929
13 18 0.172 -0.494 1.920
13 19 0.186 -0.722 1.931
13 20 0.180 -0.749 1.841
14 1 0.051 -0.022 1.950
14 2 0.054 0.040 1.998
14 3 0.039 0.394 2.011
14 4 0.016 0.580 1.993
14 5 -0.137 0.272 2.029
14 6 -0.174 0.041 1.975
14 7 -0.148 -0.108 1.856
14 8 -0.125 -0.170 1.803
14 9 0.210 0.278 1.994
14 10 0.278 0.034 1.953
14 11 0.270 -0.156 1.849
14 12 0.260 -0.226 1.823
14 13 -0.024 -0.103 1.943
14 14 -0.056 -0.534 1.955
14 15 -0.064 -0.756 1.974
14 16 -0.086 -0.827 1.968
14 17 0.131 -0.098 1.931
14 18 0.168 -0.494 1.920
14 19 0.183 -0.721 1.929
14 20 0.175 -0.750 1.841
15 1 0.042 -0.022 1.954
15 2 0.045 0.041 2.001
15 3 0.029 0.394 2.013
15 4 -0.001 0.579 1.995
15 5 -0.147 0.273 2.032
15 6 -0.186 0.043 1.984
15 7 -0.160 -0.118 1.869
15 8 -0.138 -0.180 1.818
15 9 0.199 0.279 1.995
15 10 0.268 0.035 1.957
15 11 0.268 -0.164 1.859
15 12 0.262 -0.231 1.838
15 13 -0.033 -0.103 1.947
15 14 -0.058 -0.529 1.960
15 15 -0.063 -0.756 1.977
15 16 -0.089 -0.832 1.979
15 17 0.122 -0.096 1.934
15 18 0.166 -0.493 1.919
15 19 0.180 -0.721 1.927
15 20 0.172 -0.751 1.841
16 1 0.034 -0.021 1.957
16 2 0.037 0.041 2.005
16 3 0.019 0.394 2.015
16 4 -0.012 0.579 1.996
16 5 -0.158 0.272 2.035
16 6 -0.196 0.041 1.991
16 7 -0.176 -0.140 1.891
16 8 -0.162 -0.208 1.847
16 9 0.190 0.280 1.996
16 10 0.259 0.035 1.961
16 11 0.266 -0.172 1.871
16 12 0.262 -0.235 1.852
16 13 -0.041 -0.103 1.952
16 14 -0.060 -0.523 1.964
16 15 -0.061 -0.756 1.980
16 16 -0.090 -0.835 1.987
16 17 0.114 -0.095 1.937
16 18 0.164 -0.493 1.919
16 19 0.178 -0.720 1.926
16 20 0.169 -0.752 1.841
17 1 0.028 -0.021 1.962
17 2 0.030 0.042 2.009
17 3 0.009 0.394 2.016
17 4 -0.022 0.578 1.996
17 5 -0.165 0.271 2.038
17 6 -0.203 0.037 1.998
17 7 -0.193 -0.164 1.919
17 8 -0.184 -0.238 1.886
17 9 0.182 0.281 1.997
17 10 0.253 0.036 1.966
17 11 0.264 -0.175 1.883
17 12 0.262 -0.237 1.864
17 13 -0.047 -0.104 1.957
17 14 -0.061 -0.518 1.968
17 15 -0.060 -0.755 1.983
17 16 -0.088 -0.835 1.990
17 17 0.108 -0.094 1.942
17 18 0.162 -0.493 1.919
17 19 0.177 -0.720 1.926
17 20 0.167 -0.753 1.841
18 1 0.023 -0.021 1.965
18 2 0.025 0.042 2.012
18 3 0.003 0.393 2.018
18 4 -0.029 0.578 1.997
18 5 -0.170 0.270 2.039
18 6 -0.210 0.029 2.005
18 7 -0.207 -0.187 1.937
18 8 -0.204 -0.268 1.912
18 9 0.176 0.281 1.999
18 10 0.247 0.037 1.973
18 11 0.263 -0.177 1.893
18 12 0.262 -0.238 1.873
18 13 -0.051 -0.104 1.961
18 14 -0.062 -0.514 1.970
18 15 -0.056 -0.755 1.989
18 16 -0.087 -0.832 1.990
18 17 0.103 -0.094 1.946
18 18 0.161 -0.492 1.919
18 19 0.176 -0.720 1.925
18 20 0.166 -0.754 1.842
19 1 0.019 -0.022 1.969
19 2 0.021 0.041 2.015
19 3 -0.003 0.392 2.019
19 4 -0.033 0.577 1.997
19 5 -0.174 0.270 2.040
19 6 -0.215 0.024 2.011
19 7 -0.223 -0.209 1.955
19 8 -0.227 -0.296 1.943
19 9 0.170 0.282 2.002
19 10 0.243 0.038 1.980
19 11 0.263 -0.176 1.902
19 12 0.262 -0.239 1.879
19 13 -0.054 -0.105 1.964
19 14 -0.062 -0.511 1.973
19 15 -0.051 -0.756 1.995
19 16 -0.087 -0.830 1.992
19 17 0.099 -0.094 1.952
19 18 0.161 -0.492 1.920
19 19 0.175 -0.721 1.926
19 20 0.166 -0.755 1.844
20 1 0.017 -0.022 1.972
20 2 0.018 0.041 2.018
20 3 -0.007 0.392 2.020
20 4 -0.036 0.576 1.997
20 5 -0.177 0.269 2.040
20 6 -0.218 0.020 2.015
20 7 -0.237 -0.220 1.972
20 8 -0.244 -0.309 1.969
20 9 0.166 0.282 2.006
20 10 0.240 0.038 1.988
20 11 0.263 -0.173 1.913
20 12 0.262 -0.238 1.886
20 13 -0.055 -0.105 1.966
20 14 -0.062 -0.510 1.974
20 15 -0.049 -0.756 1.999
20 16 -0.086 -0.827 1.992
20 17 0.097 -0.095 1.958
20 18 0.161 -0.492 1.923
20 19 0.176 -0.722 1.929
20 20 0.168 -0.757 1.848
21 1 0.016 -0.023 1.975
21 2 0.016 0.040 2.021
21 3 -0.010 0.391 2.021
21 4 -0.039 0.576 1.998
21 5 -0.179 0.268 2.040
21 6 -0.220 0.017 2.018
21 7 -0.253 -0.224 1.994
21 8 -0.267 -0.310 2.005
21 9 0.163 0.282 2.012
21 10 0.238 0.038 1.999
21 11 0.263 -0.171 1.922
21 12 0.261 -0.237 1.892
21 13 -0.056 -0.106 1.968
21 14 -0.062 -0.509 1.976
21 15 -0.047 -0.756 2.001
21 16 -0.085 -0.825 1.991
21 17 0.096 -0.096 1.964
21 18 0.162 -0.492 1.928
21 19 0.178 -0.725 1.936
21 20 0.172 -0.761 1.856
22 1 0.016 -0.024 1.979
22 2 0.014 0.040 2.024
22 3 -0.012 0.390 2.023
22 4 -0.040 0.575 1.999
22 5 -0.180 0.268 2.040
22 6 -0.221 0.014 2.021
22 7 -0.263 -0.225 2.008
22 8 -0.276 -0.311 2.021
22 9 0.161 0.281 2.019
22 10 0.237 0.038 2.009
22 11 0.263 -0.169 1.928
22 12 0.262 -0.235 1.898
22 13 -0.056 -0.106 1.970
22 14 -0.062 -0.508 1.977
22 15 -0.046 -0.756 2.003
22 16 -0.085 -0.824 1.991
22 17 0.097 -0.097 1.970
22 18 0.165 -0.493 1.934
22 19 0.185 -0.735 1.958
22 20 0.183 -0.771 1.879
23 1 0.017 -0.025 1.983
23 2 0.014 0.039 2.028
23 3 -0.013 0.390 2.025
23 4 -0.039 0.574 2.002
23 5 -0.181 0.267 2.040
23 6 -0.222 0.012 2.024
23 7 -0.270 -0.223 2.021
23 8 -0.285 -0.308 2.035
23 9 0.163 0.281 2.029
23 10 0.239 0.038 2.020
23 11 0.264 -0.167 1.934
23 12 0.262 -0.233 1.904
23 13 -0.055 -0.107 1.973
23 14 -0.061 -0.507 1.978
23 15 -0.045 -0.757 2.005
23 16 -0.084 -0.823 1.991
23 17 0.100 -0.097 1.978
23 18 0.168 -0.494 1.943
23 19 0.191 -0.741 1.972
23 20 0.190 -0.776 1.892
24 1 0.021 -0.026 1.989
24 2 0.016 0.039 2.033
24 3 -0.012 0.389 2.028
24 4 -0.036 0.572 2.007
24 5 -0.181 0.266 2.040
24 6 -0.223 0.011 2.028
24 7 -0.274 -0.220 2.032
24 8 -0.289 -0.304 2.045
24 9 0.167 0.281 2.040
24 10 0.242 0.038 2.031
24 11 0.264 -0.165 1.939
24 12 0.263 -0.232 1.908
24 13 -0.051 -0.108 1.977
24 14 -0.060 -0.506 1.979
24 15 -0.044 -0.757 2.005
24 16 -0.083 -0.822 1.991
24 17 0.106 -0.098 1.986
24 18 0.172 -0.497 1.956
24 19 0.199 -0.751 1.990
24 20 0.181 -0.808 1.974
25 1 0.029 -0.026 1.997
25 2 0.022 0.038 2.041
25 3 -0.007 0.387 2.035
25 4 -0.026 0.571 2.018
25 5 -0.179 0.264 2.041
25 6 -0.223 0.010 2.034
25 7 -0.276 -0.216 2.040
25 8 -0.291 -0.299 2.050
25 9 0.175 0.281 2.052
25 10 0.249 0.037 2.042
25 11 0.265 -0.163 1.946
25 12 0.264 -0.231 1.913
25 13 -0.044 -0.108 1.983
25 14 -0.058 -0.504 1.981
25 15 -0.044 -0.757 2.006
25 16 -0.083 -0.821 1.990
25 17 0.114 -0.098 1.995
25 18 0.180 -0.503 1.972
25 19 0.206 -0.757 2.001
25 20 0.177 -0.826 2.031
26 1 0.039 -0.026 2.006
26 2 0.031 0.038 2.050
26 3 0.004 0.385 2.044
26 4 -0.015 0.569 2.026
26 5 -0.172 0.262 2.043
26 6 -0.221 0.010 2.042
26 7 -0.276 -0.213 2.044
26 8 -0.291 -0.294 2.053
26 9 0.184 0.281 2.062
26 10 0.259 0.037 2.053
26 11 0.267 -0.161 1.952
26 12 0.265 -0.231 1.917
26 13 -0.034 -0.109 1.991
26 14 -0.054 -0.502 1.983
26 15 -0.043 -0.757 2.006
26 16 -0.083 -0.821 1.990
26 17 0.124 -0.098 2.003
26 18 0.186 -0.506 1.984
26 19 0.211 -0.761 2.009
26 20 0.177 -0.834 2.055
27 1 0.049 -0.026 2.014
27 2 0.042 0.037 2.059
27 3 0.017 0.383 2.053
27 4 -0.001 0.568 2.035
27 5 -0.160 0.259 2.048
27 6 -0.218 0.012 2.049
27 7 -0.275 -0.209 2.047
27 8 -0.288 -0.289 2.052
27 9 0.195 0.280 2.070
27 10 0.271 0.037 2.062
27 11 0.270 -0.161 1.957
27 12 0.267 -0.231 1.922
27 13 -0.023 -0.110 1.999
27 14 -0.050 -0.500 1.985
27 15 -0.043 -0.757 2.007
27 16 -0.083 -0.820 1.990
27 17 0.134 -0.099 2.011
27 18 0.194 -0.508 1.996
27 19 0.216 -0.763 2.016
27 20 0.214 -0.807 1.972
28 1 0.062 -0.026 2.023
28 2 0.055 0.037 2.068
28 3 0.034 0.381 2.060
28 4 0.014 0.566 2.042
28 5 -0.144 0.257 2.055
28 6 -0.209 0.015 2.058
28 7 -0.268 -0.204 2.046
28 8 -0.277 -0.282 2.043
28 9 0.213 0.280 2.078
28 10 0.283 0.036 2.069
28 11 0.276 -0.161 1.964
28 12 0.271 -0.231 1.928
28 13 -0.011 -0.110 2.008
28 14 -0.046 -0.497 1.986
28 15 -0.043 -0.757 2.007
28 16 -0.082 -0.820 1.989
28 17 0.146 -0.100 2.020
28 18 0.201 -0.510 2.008
28 19 0.220 -0.765 2.021
28 20 0.226 -0.807 1.966
29 1 0.074 -0.027 2.033
29 2 0.067 0.036 2.077
29 3 0.050 0.379 2.065
29 4 0.032 0.565 2.047
29 5 -0.128 0.255 2.061
29 6 -0.197 0.017 2.066
29 7 -0.251 -0.200 2.039
29 8 -0.258 -0.278 2.027
29 9 0.230 0.279 2.084
29 10 0.297 0.035 2.074
29 11 0.283 -0.161 1.971
29 12 0.277 -0.231 1.933
29 13 0.000 -0.111 2.019
29 14 -0.042 -0.495 1.988
29 15 -0.043 -0.758 2.006
29 16 -0.081 -0.821 1.989
29 17 0.158 -0.102 2.030
29 18 0.208 -0.512 2.020
29 19 0.223 -0.767 2.025
29 20 0.237 -0.802 1.948
30 1 0.085 -0.030 2.043
30 2 0.079 0.034 2.085
30 3 0.066 0.376 2.069
30 4 0.047 0.563 2.050
30 5 -0.113 0.253 2.067
30 6 -0.184 0.016 2.072
30 7 -0.231 -0.197 2.029
30 8 -0.235 -0.275 2.010
30 9 0.243 0.278 2.087
30 10 0.311 0.033 2.078
30 11 0.297 -0.162 1.980
30 12 0.284 -0.231 1.940
30 13 0.012 -0.114 2.032
30 14 -0.038 -0.494 1.989
30 15 -0.043 -0.758 2.005
30 16 -0.058 -0.806 1.942
30 17 0.169 -0.105 2.040
30 18 0.215 -0.514 2.033
30 19 0.226 -0.767 2.028
30 20 0.242 -0.799 1.941
31 1 0.095 -0.032 2.052
31 2 0.089 0.032 2.092
31 3 0.078 0.373 2.071
31 4 0.061 0.559 2.051
31 5 -0.100 0.251 2.072
31 6 -0.171 0.015 2.076
31 7 -0.203 -0.194 2.016
31 8 -0.205 -0.272 1.988
31 9 0.258 0.274 2.090
31 10 0.328 0.029 2.081
31 11 0.309 -0.164 1.987
31 12 0.293 -0.233 1.947
31 13 0.021 -0.117 2.044
31 14 -0.035 -0.494 1.992
31 15 -0.044 -0.759 2.003
31 16 -0.045 -0.796 1.913
31 17 0.180 -0.109 2.051
31 18 0.220 -0.515 2.042
31 19 0.229 -0.768 2.032
31 20 0.246 -0.798 1.938
32 1 0.104 -0.036 2.062
32 2 0.098 0.030 2.098
32 3 0.087 0.369 2.073
32 4 0.074 0.556 2.051
32 5 -0.088 0.248 2.076
32 6 -0.156 0.009 2.079
32 7 -0.178 -0.195 2.003
32 8 -0.178 -0.272 1.970
32 9 0.269 0.270 2.093
32 10 0.342 0.025 2.084
32 11 0.320 -0.166 1.992
32 12 0.304 -0.237 1.953
32 13 0.029 -0.120 2.056
32 14 -0.028 -0.500 1.999
32 15 -0.045 -0.759 2.001
32 16 -0.040 -0.792 1.903
32 17 0.188 -0.114 2.063
32 18 0.224 -0.516 2.048
32 19 0.232 -0.768 2.037
32 20 0.247 -0.799 1.941
33 1 0.112 -0.041 2.072
33 2 0.106 0.026 2.104
33 3 0.097 0.364 2.074
33 4 0.084 0.551 2.050
33 5 -0.078 0.245 2.080
33 6 -0.144 0.004 2.080
33 7 -0.159 -0.198 1.992
33 8 -0.149 -0.276 1.958
33 9 0.279 0.265 2.095
33 10 0.353 0.020 2.086
33 11 0.332 -0.170 1.995
33 12 0.314 -0.243 1.959
33 13 0.036 -0.124 2.067
33 14 -0.023 -0.505 2.006
33 15 -0.046 -0.758 1.999
33 16 -0.036 -0.790 1.896
33 17 0.195 -0.119 2.075
33 18 0.227 -0.517 2.053
33 19 0.234 -0.769 2.045
33 20 0.244 -0.818 1.983
34 1 0.117 -0.046 2.082
34 2 0.112 0.022 2.109
34 3 0.104 0.360 2.076
34 4 0.093 0.547 2.050
34 5 -0.070 0.242 2.082
34 6 -0.130 -0.003 2.080
34 7 -0.120 -0.218 1.980
34 8 -0.120 -0.285 1.949
34 9 0.286 0.261 2.097
34 10 0.361 0.016 2.087
34 11 0.344 -0.178 1.998
34 12 0.326 -0.252 1.966
34 13 0.041 -0.129 2.078
34 14 -0.019 -0.508 2.013
34 15 -0.045 -0.758 1.999
34 16 -0.032 -0.789 1.899
34 17 0.200 -0.126 2.088
34 18 0.230 -0.518 2.057
34 19 0.235 -0.770 2.050
34 20 0.243 -0.830 2.009
35 1 0.122 -0.052 2.092
35 2 0.117 0.018 2.114
35 3 0.111 0.354 2.077
35 4 0.099 0.542 2.049
35 5 -0.064 0.240 2.084
35 6 -0.120 -0.009 2.080
35 7 -0.098 -0.231 1.973
35 8 -0.092 -0.296 1.941
35 9 0.291 0.257 2.099
35 10 0.367 0.013 2.088
35 11 0.355 -0.188 2.001
35 12 0.340 -0.267 1.976
35 13 0.045 -0.134 2.089
35 14 -0.015 -0.510 2.020
35 15 -0.042 -0.758 2.003
35 16 -0.028 -0.791 1.911
35 17 0.204 -0.132 2.100
35 18 0.234 -0.520 2.063
35 19 0.236 -0.771 2.054
35 20 0.242 -0.835 2.021
36 1 0.127 -0.060 2.103
36 2 0.122 0.011 2.120
36 3 0.116 0.347 2.079
36 4 0.106 0.534 2.047
36 5 -0.059 0.236 2.086
36 6 -0.112 -0.015 2.080
36 7 -0.083 -0.240 1.968
36 8 -0.069 -0.304 1.933
36 9 0.295 0.250 2.103
36 10 0.373 0.007 2.089
36 11 0.364 -0.195 2.003
36 12 0.349 -0.276 1.982
36 13 0.050 -0.141 2.101
36 14 -0.006 -0.516 2.035
36 15 -0.034 -0.762 2.014
36 16 -0.020 -0.799 1.933
36 17 0.207 -0.140 2.114
36 18 0.239 -0.524 2.070
36 19 0.237 -0.771 2.056
36 20 0.242 -0.838 2.028
37 1 0.130 -0.069 2.114
37 2 0.126 0.003 2.127
37 3 0.120 0.338 2.081
37 4 0.111 0.523 2.046
37 5 -0.054 0.228 2.087
37 6 -0.107 -0.021 2.081
37 7 -0.074 -0.243 1.966
37 8 -0.053 -0.307 1.929
37 9 0.299 0.238 2.107
37 10 0.378 0.001 2.091
37 11 0.371 -0.202 2.006
37 12 0.355 -0.282 1.986
37 13 0.053 -0.149 2.112
37 14 0.001 -0.519 2.045
37 15 -0.028 -0.765 2.022
37 16 -0.015 -0.803 1.944
37 17 0.210 -0.149 2.128
37 18 0.242 -0.527 2.074
37 19 0.237 -0.771 2.058
37 20 0.243 -0.841 2.032
38 1 0.132 -0.080 2.126
38 2 0.129 -0.009 2.135
38 3 0.123 0.320 2.086
38 4 0.115 0.504 2.046
38 5 -0.050 0.212 2.089
38 6 -0.104 -0.026 2.081
38 7 -0.067 -0.245 1.964
38 8 -0.042 -0.308 1.926
38 9 0.301 0.223 2.115
38 10 0.381 -0.013 2.097
38 11 0.377 -0.209 2.008
38 12 0.360 -0.288 1.988
38 13 0.055 -0.160 2.124
38 14 0.004 -0.522 2.051
38 15 -0.025 -0.766 2.026
38 16 -0.013 -0.805 1.950
38 17 0.213 -0.160 2.142
38 18 0.244 -0.529 2.078
38 19 0.237 -0.771 2.059
38 20 0.243 -0.842 2.035
39 1 0.134 -0.093 2.137
39 2 0.130 -0.024 2.143
39 3 0.124 0.293 2.090
39 4 0.118 0.475 2.046
39 5 -0.048 0.190 2.092
39 6 -0.101 -0.043 2.081
39 7 -0.054 -0.252 1.960
39 8 -0.029 -0.312 1.920
39 9 0.302 0.204 2.124
39 10 0.382 -0.028 2.105
39 11 0.382 -0.217 2.009
39 12 0.365 -0.295 1.988
39 13 0.056 -0.173 2.135
39 14 0.006 -0.527 2.055
39 15 -0.023 -0.766 2.029
39 16 -0.011 -0.807 1.954
39 17 0.215 -0.172 2.157
39 18 0.245 -0.531 2.081
39 19 0.237 -0.772 2.060
39 20 0.243 -0.843 2.036
40 1 0.135 -0.121 2.155
40 2 0.131 -0.055 2.157
40 3 0.122 0.259 2.095
40 4 0.121 0.439 2.047
40 5 -0.047 0.161 2.095
40 6 -0.101 -0.062 2.080
40 7 -0.046 -0.257 1.957
40 8 -0.017 -0.319 1.915
40 9 0.303 0.176 2.138
40 10 0.379 -0.057 2.117
40 11 0.385 -0.237 2.010
40 12 0.369 -0.311 1.984
40 13 0.059 -0.206 2.154
40 14 0.006 -0.543 2.056
40 15 -0.023 -0.805 2.032
40 16 -0.012 -0.848 1.957
40 17 0.217 -0.198 2.178
40 18 0.247 -0.541 2.084
40 19 0.237 -0.774 2.059
40 20 0.243 -0.844 2.028
41 1 0.136 -0.146 2.167
41 2 0.131 -0.082 2.166
41 3 0.120 0.225 2.102
41 4 0.123 0.413 2.050
41 5 -0.046 0.123 2.099
41 6 -0.103 -0.087 2.080
41 7 -0.039 -0.267 1.956
41 8 -0.007 -0.330 1.913
41 9 0.303 0.148 2.148
41 10 0.376 -0.080 2.126
41 11 0.385 -0.274 2.011
41 12 0.372 -0.344 1.975
41 13 0.060 -0.229 2.165
41 14 0.004 -0.562 2.052
41 15 -0.023 -0.833 2.032
41 16 -0.012 -0.877 1.957
41 17 0.218 -0.221 2.192
41 18 0.248 -0.552 2.084
41 19 0.232 -0.819 2.043
41 20 0.241 -0.876 1.983
42 1 0.135 -0.179 2.179
42 2 0.131 -0.116 2.176
42 3 0.119 0.191 2.109
42 4 0.124 0.378 2.054
42 5 -0.047 0.081 2.103
42 6 -0.105 -0.119 2.081
42 7 -0.034 -0.284 1.959
42 8 -0.001 -0.344 1.913
42 9 0.302 0.116 2.158
42 10 0.373 -0.114 2.137
42 11 0.384 -0.294 2.012
42 12 0.372 -0.363 1.973
42 13 0.059 -0.265 2.176
42 14 0.001 -0.579 2.046
42 15 -0.023 -0.862 2.032
42 16 -0.012 -0.906 1.958
42 17 0.218 -0.253 2.206
42 18 0.249 -0.579 2.079
42 19 0.228 -0.857 2.032
42 20 0.239 -0.904 1.959
43 1 0.135 -0.209 2.188
43 2 0.131 -0.147 2.184
43 3 0.121 0.157 2.116
43 4 0.124 0.351 2.060
43 5 -0.047 0.047 2.109
43 6 -0.108 -0.159 2.084
43 7 -0.028 -0.339 1.966
43 8 0.004 -0.380 1.913
43 9 0.301 0.076 2.170
43 10 0.372 -0.143 2.146
43 11 0.381 -0.316 2.014
43 12 0.367 -0.386 1.973
43 13 0.058 -0.292 2.184
43 14 -0.001 -0.596 2.035
43 15 -0.025 -0.882 2.034
43 16 -0.014 -0.926 1.960
43 17 0.218 -0.285 2.217
43 18 0.250 -0.616 2.069
43 19 0.225 -0.888 2.029
43 20 0.237 -0.927 1.948
44 1 0.134 -0.247 2.199
44 2 0.130 -0.186 2.193
44 3 0.122 0.114 2.128
44 4 0.125 0.306 2.069
44 5 -0.047 0.011 2.117
44 6 -0.111 -0.184 2.087
44 7 -0.026 -0.368 1.969
44 8 0.005 -0.420 1.917
44 9 0.301 0.044 2.180
44 10 0.370 -0.183 2.156
44 11 0.371 -0.359 2.011
44 12 0.356 -0.418 1.965
44 13 0.056 -0.332 2.194
44 14 -0.002 -0.609 2.026
44 15 -0.028 -0.899 2.040
44 16 -0.016 -0.943 1.965
44 17 0.217 -0.321 2.228
44 18 0.253 -0.643 2.061
44 19 0.219 -0.913 2.029
44 20 0.233 -0.950 1.944
45 1 0.133 -0.279 2.209
45 2 0.129 -0.219 2.204
45 3 0.122 0.076 2.140
45 4 0.124 0.272 2.078
45 5 -0.048 -0.030 2.128
45 6 -0.113 -0.231 2.098
45 7 -0.026 -0.385 1.971
45 8 0.005 -0.436 1.918
45 9 0.302 -0.001 2.196
45 10 0.368 -0.219 2.163
45 11 0.363 -0.383 2.013
45 12 0.349 -0.435 1.961
45 13 0.054 -0.365 2.204
45 14 -0.004 -0.620 2.016
45 15 -0.029 -0.911 2.047
45 16 -0.016 -0.955 1.972
45 17 0.216 -0.356 2.242
45 18 0.255 -0.658 2.057
45 19 0.214 -0.933 2.028
45 20 0.228 -0.970 1.942
46 1 0.132 -0.310 2.221
46 2 0.129 -0.251 2.216
46 3 0.124 0.035 2.157
46 4 0.125 0.225 2.094
46 5 -0.050 -0.068 2.139
46 6 -0.115 -0.256 2.103
46 7 -0.032 -0.401 1.975
46 8 0.004 -0.448 1.921
46 9 0.304 -0.036 2.208
46 10 0.364 -0.265 2.168
46 11 0.357 -0.403 2.015
46 12 0.338 -0.455 1.960
46 13 0.052 -0.398 2.215
46 14 -0.006 -0.633 2.006
46 15 -0.028 -0.918 2.059
46 16 -0.015 -0.962 1.984
46 17 0.216 -0.386 2.255
46 18 0.256 -0.666 2.055
46 19 0.206 -0.949 2.031
46 20 0.220 -0.987 1.946
47 1 0.130 -0.350 2.241
47 2 0.127 -0.292 2.234
47 3 0.125 -0.007 2.178
47 4 0.125 0.188 2.108
47 5 -0.051 -0.095 2.150
47 6 -0.118 -0.299 2.121
47 7 -0.043 -0.425 1.988
47 8 -0.003 -0.462 1.934
47 9 0.304 -0.080 2.224
47 10 0.363 -0.296 2.175
47 11 0.352 -0.418 2.018
47 12 0.331 -0.467 1.961
47 13 0.048 -0.438 2.233
47 14 -0.008 -0.645 1.996
47 15 -0.023 -0.917 2.074
47 16 -0.009 -0.961 1.999
47 17 0.214 -0.424 2.272
47 18 0.257 -0.672 2.053
47 19 0.192 -0.957 2.048
47 20 0.206 -0.997 1.967
48 1 0.129 -0.373 2.252
48 2 0.127 -0.317 2.246
48 3 0.125 -0.039 2.196
48 4 0.125 0.145 2.131
48 5 -0.054 -0.137 2.171
48 6 -0.118 -0.342 2.139
48 7 -0.052 -0.449 1.996
48 8 -0.009 -0.498 1.949
48 9 0.303 -0.115 2.239
48 10 0.365 -0.328 2.185
48 11 0.335 -0.460 2.018
48 12 0.315 -0.501 1.968
48 13 0.046 -0.463 2.244
48 14 -0.010 -0.652 1.987
48 15 -0.018 -0.911 2.086
48 16 -0.003 -0.954 2.011
48 17 0.214 -0.446 2.285
48 18 0.257 -0.677 2.052
48 19 0.181 -0.960 2.064
48 20 0.194 -1.000 1.986
49 1 0.128 -0.399 2.263
49 2 0.126 -0.344 2.258
49 3 0.124 -0.075 2.218
49 4 0.125 0.118 2.151
49 5 -0.056 -0.173 2.189
49 6 -0.118 -0.374 2.155
49 7 -0.060 -0.477 2.005
49 8 0.025 -0.554 1.931
49 9 0.301 -0.160 2.259
49 10 0.365 -0.361 2.199
49 11 0.326 -0.483 2.025
49 12 0.308 -0.520 1.978
49 13 0.043 -0.489 2.251
49 14 -0.013 -0.659 1.976
49 15 -0.022 -0.892 2.026
49 16 0.008 -0.868 2.018
49 17 0.215 -0.470 2.296
49 18 0.259 -0.681 2.049
49 19 0.171 -0.949 2.093
49 20 0.185 -0.990 2.017
50 1 0.128 -0.420 2.270
50 2 0.126 -0.367 2.266
50 3 0.122 -0.106 2.236
50 4 0.125 0.084 2.181
50 5 -0.057 -0.200 2.208
50 6 -0.118 -0.398 2.169
50 7 -0.066 -0.508 2.022
50 8 0.012 -0.573 1.960
50 9 0.299 -0.192 2.278
50 10 0.359 -0.399 2.223
50 11 0.326 -0.509 2.050
50 12 0.310 -0.538 1.995
50 13 0.042 -0.509 2.255
50 14 -0.016 -0.663 1.965
50 15 -0.031 -0.884 1.990
50 16 0.009 -0.827 2.021
50 17 0.217 -0.492 2.302
50 18 0.264 -0.685 2.043
50 19 0.170 -0.929 2.121
50 20 0.184 -0.969 2.046
51 1 0.127 -0.441 2.277
51 2 0.126 -0.391 2.275
51 3 0.122 -0.144 2.266
51 4 0.123 0.060 2.204
51 5 -0.056 -0.233 2.237
51 6 -0.117 -0.427 2.185
51 7 -0.067 -0.520 2.026
51 8 0.010 -0.583 1.966
51 9 0.296 -0.226 2.301
51 10 0.355 -0.421 2.236
51 11 0.325 -0.520 2.060
51 12 0.311 -0.548 2.005
51 13 0.040 -0.529 2.256
51 14 -0.019 -0.666 1.955
51 15 -0.037 -0.880 1.968
51 16 0.010 -0.808 2.023
51 17 0.218 -0.514 2.307
51 18 0.274 -0.684 2.030
51 19 0.178 -0.907 2.135
51 20 0.193 -0.946 2.059
52 1 0.127 -0.456 2.282
52 2 0.125 -0.407 2.282
52 3 0.120 -0.161 2.279
52 4 0.122 0.041 2.225
52 5 -0.055 -0.251 2.255
52 6 -0.117 -0.442 2.195
52 7 -0.068 -0.528 2.030
52 8 0.027 -0.601 1.961
52 9 0.293 -0.243 2.317
52 10 0.349 -0.442 2.258
52 11 0.320 -0.531 2.079
52 12 0.309 -0.560 2.021
52 13 0.039 -0.543 2.258
52 14 -0.021 -0.668 1.950
52 15 -0.043 -0.878 1.952
52 16 0.010 -0.797 2.025
52 17 0.219 -0.527 2.311
52 18 0.281 -0.681 2.021
52 19 0.188 -0.893 2.140
52 20 0.203 -0.930 2.064
53 1 0.127 -0.467 2.288
53 2 0.125 -0.418 2.289
53 3 0.119 -0.172 2.290
53 4 0.120 0.030 2.238
53 5 -0.055 -0.261 2.270
53 6 -0.116 -0.453 2.206
53 7 -0.067 -0.531 2.034
53 8 0.035 -0.610 1.961
53 9 0.291 -0.254 2.329
53 10 0.344 -0.452 2.274
53 11 0.320 -0.531 2.091
53 12 0.310 -0.564 2.034
53 13 0.038 -0.552 2.261
53 14 -0.023 -0.667 1.947
53 15 -0.046 -0.877 1.943
53 16 -0.019 -0.862 1.924
53 17 0.220 -0.537 2.315
53 18 0.288 -0.675 2.016
53 19 0.198 -0.881 2.139
53 20 0.212 -0.918 2.061
54 1 0.126 -0.473 2.297
54 2 0.123 -0.424 2.300
54 3 0.116 -0.176 2.304
54 4 0.118 0.026 2.251
54 5 -0.055 -0.264 2.284
54 6 -0.116 -0.454 2.221
54 7 -0.072 -0.530 2.043
54 8 0.007 -0.590 1.988
54 9 0.288 -0.258 2.342
54 10 0.340 -0.455 2.288
54 11 0.323 -0.524 2.104
54 12 0.312 -0.564 2.046
54 13 0.036 -0.559 2.267
54 14 -0.025 -0.663 1.950
54 15 -0.047 -0.875 1.937
54 16 -0.033 -0.898 1.875
54 17 0.220 -0.543 2.321
54 18 0.292 -0.667 2.016
54 19 0.209 -0.874 2.134
54 20 0.224 -0.910 2.056
55 1 0.124 -0.474 2.313
55 2 0.121 -0.424 2.317
55 3 0.113 -0.172 2.319
55 4 0.116 0.031 2.266
55 5 -0.056 -0.258 2.299
55 6 -0.120 -0.445 2.246
55 7 -0.080 -0.518 2.063
55 8 -0.028 -0.538 2.021
55 9 0.286 -0.252 2.359
55 10 0.337 -0.450 2.301
55 11 0.325 -0.518 2.116
55 12 0.313 -0.559 2.051
55 13 0.034 -0.559 2.285
55 14 -0.027 -0.654 1.967
55 15 -0.046 -0.873 1.940
55 16 -0.036 -0.910 1.859
55 17 0.220 -0.544 2.333
55 18 0.295 -0.656 2.025
55 19 0.216 -0.871 2.129
55 20 0.231 -0.908 2.051
56 1 0.122 -0.468 2.330
56 2 0.119 -0.417 2.335
56 3 0.109 -0.158 2.337
56 4 0.112 0.043 2.282
56 5 -0.060 -0.245 2.314
56 6 -0.123 -0.424 2.278
56 7 -0.080 -0.494 2.094
56 8 -0.043 -0.502 2.049
56 9 0.284 -0.241 2.374
56 10 0.337 -0.439 2.311
56 11 0.327 -0.512 2.125
56 12 0.315 -0.548 2.053
56 13 0.031 -0.554 2.306
56 14 -0.026 -0.645 1.988
56 15 -0.041 -0.871 1.954
56 16 -0.035 -0.918 1.857
56 17 0.219 -0.540 2.348
56 18 0.295 -0.647 2.039
56 19 0.222 -0.871 2.125
56 20 0.237 -0.908 2.046
57 1 0.121 -0.461 2.346
57 2 0.117 -0.408 2.352
57 3 0.106 -0.139 2.356
57 4 0.107 0.058 2.300
57 5 -0.065 -0.229 2.329
57 6 -0.125 -0.410 2.292
57 7 -0.081 -0.482 2.109
57 8 -0.050 -0.485 2.062
57 9 0.282 -0.228 2.386
57 10 0.336 -0.423 2.318
57 11 0.329 -0.505 2.134
57 12 0.318 -0.542 2.054
57 13 0.030 -0.545 2.323
57 14 -0.025 -0.639 2.007
57 15 -0.021 -0.870 2.045
57 16 -0.015 -0.922 1.943
57 17 0.218 -0.535 2.360
57 18 0.295 -0.640 2.051
57 19 0.226 -0.872 2.121
57 20 0.241 -0.908 2.042
58 1 0.120 -0.454 2.356
58 2 0.116 -0.400 2.363
58 3 0.104 -0.125 2.368
58 4 0.103 0.083 2.323
58 5 -0.068 -0.216 2.340
58 6 -0.127 -0.400 2.299
58 7 -0.081 -0.475 2.117
58 8 -0.054 -0.475 2.071
58 9 0.280 -0.215 2.395
58 10 0.336 -0.412 2.321
58 11 0.330 -0.500 2.139
58 12 0.320 -0.538 2.054
58 13 0.029 -0.539 2.334
58 14 -0.024 -0.635 2.018
58 15 -0.011 -0.871 2.090
58 16 -0.002 -0.923 1.997
58 17 0.218 -0.530 2.368
58 18 0.296 -0.634 2.059
58 19 0.230 -0.873 2.117
58 20 0.244 -0.909 2.038
59 1 0.119 -0.449 2.362
59 2 0.115 -0.395 2.371
59 3 0.102 -0.116 2.378
59 4 0.101 0.092 2.333
59 5 -0.071 -0.209 2.348
59 6 -0.127 -0.393 2.302
59 7 -0.081 -0.472 2.122
59 8 -0.057 -0.468 2.076
59 9 0.280 -0.208 2.401
59 10 0.336 -0.403 2.323
59 11 0.330 -0.495 2.142
59 12 0.322 -0.535 2.053
59 13 0.029 -0.534 2.340
59 14 -0.024 -0.633 2.024
59 15 -0.006 -0.872 2.110
59 16 0.003 -0.923 2.019
59 17 0.217 -0.526 2.373
59 18 0.296 -0.631 2.064
59 19 0.233 -0.874 2.114
59 20 0.246 -0.910 2.034
60 1 0.118 -0.445 2.366
60 2 0.114 -0.390 2.377
60 3 0.100 -0.110 2.386
60 4 0.099 0.098 2.343
60 5 -0.073 -0.204 2.353
60 6 -0.127 -0.388 2.301
60 7 -0.080 -0.469 2.124
60 8 -0.057 -0.466 2.076
60 9 0.279 -0.204 2.406
60 10 0.335 -0.396 2.322
60 11 0.330 -0.491 2.144
60 12 0.323 -0.532 2.054
60 13 0.028 -0.528 2.345
60 14 -0.024 -0.631 2.029
60 15 -0.004 -0.872 2.122
60 16 0.006 -0.924 2.031
60 17 0.217 -0.523 2.376
60 18 0.296 -0.629 2.068
60 19 0.235 -0.876 2.111
60 20 0.248 -0.911 2.031
61 1 0.117 -0.442 2.369
61 2 0.113 -0.386 2.382
61 3 0.099 -0.106 2.391
61 4 0.098 0.102 2.349
61 5 -0.074 -0.201 2.357
61 6 -0.126 -0.384 2.298
61 7 -0.079 -0.467 2.122
61 8 -0.056 -0.469 2.070
61 9 0.278 -0.201 2.409
61 10 0.334 -0.391 2.322
61 11 0.329 -0.488 2.145
61 12 0.324 -0.530 2.054
61 13 0.026 -0.523 2.348
61 14 -0.024 -0.630 2.033
61 15 -0.002 -0.874 2.129
61 16 0.008 -0.925 2.039
61 17 0.216 -0.521 2.378
61 18 0.296 -0.627 2.070
61 19 0.236 -0.877 2.109
61 20 0.249 -0.912 2.029
62 1 0.116 -0.439 2.371
62 2 0.111 -0.384 2.385
62 3 0.098 -0.103 2.395
62 4 0.097 0.103 2.358
62 5 -0.075 -0.199 2.360
62 6 -0.123 -0.382 2.291
62 7 -0.077 -0.467 2.117
62 8 -0.059 -0.477 2.059
62 9 0.278 -0.199 2.412
62 10 0.332 -0.388 2.321
62 11 0.328 -0.487 2.146
62 12 0.324 -0.527 2.051
62 13 0.024 -0.519 2.349
62 14 -0.024 -0.629 2.035
62 15 -0.001 -0.875 2.131
62 16 0.009 -0.925 2.043
62 17 0.215 -0.519 2.379
62 18 0.296 -0.626 2.072
62 19 0.237 -0.878 2.107
62 20 0.250 -0.913 2.027
63 1 0.115 -0.438 2.372
63 2 0.110 -0.383 2.388
63 3 0.097 -0.103 2.398
63 4 0.096 0.103 2.364
63 5 -0.076 -0.198 2.363
63 6 -0.122 -0.382 2.285
63 7 -0.076 -0.468 2.113
63 8 -0.060 -0.483 2.053
63 9 0.276 -0.200 2.414
63 10 0.330 -0.387 2.321
63 11 0.327 -0.488 2.148
63 12 0.323 -0.526 2.047
63 13 0.023 -0.517 2.349
63 14 -0.024 -0.629 2.037
63 15 0.000 -0.876 2.130
63 16 0.011 -0.923 2.044
63 17 0.214 -0.518 2.379
63 18 0.296 -0.625 2.072
63 19 0.238 -0.878 2.105
63 20 0.251 -0.913 2.025
64 1 0.114 -0.437 2.373
64 2 0.109 -0.383 2.390
64 3 0.096 -0.105 2.402
64 4 0.096 0.100 2.369
64 5 -0.078 -0.201 2.365
64 6 -0.121 -0.383 2.283
64 7 -0.076 -0.468 2.110
64 8 -0.062 -0.487 2.050
64 9 0.274 -0.203 2.417
64 10 0.324 -0.390 2.321
64 11 0.325 -0.492 2.150
64 12 0.318 -0.530 2.034
64 13 0.022 -0.515 2.349
64 14 -0.024 -0.628 2.038
64 15 0.000 -0.877 2.127
64 16 0.011 -0.921 2.043
64 17 0.213 -0.518 2.379
64 18 0.296 -0.623 2.072
64 19 0.239 -0.878 2.103
64 20 0.251 -0.912 2.023
65 1 0.113 -0.436 2.373
65 2 0.107 -0.384 2.392
65 3 0.095 -0.108 2.405
65 4 0.095 0.097 2.372
65 5 -0.079 -0.205 2.367
65 6 -0.120 -0.384 2.281
65 7 -0.076 -0.468 2.109
65 8 -0.063 -0.490 2.048
65 9 0.272 -0.206 2.420
65 10 0.313 -0.399 2.324
65 11 0.324 -0.493 2.151
65 12 0.316 -0.531 2.030
65 13 0.020 -0.514 2.349
65 14 -0.025 -0.628 2.038
65 15 0.001 -0.877 2.123
65 16 0.012 -0.919 2.040
65 17 0.211 -0.518 2.378
65 18 0.295 -0.621 2.071
65 19 0.240 -0.877 2.101
65 20 0.252 -0.912 2.021
66 1 0.111 -0.437 2.372
66 2 0.105 -0.385 2.394
66 3 0.094 -0.111 2.407
66 4 0.094 0.093 2.374
66 5 -0.080 -0.209 2.369
66 6 -0.119 -0.387 2.281
66 7 -0.077 -0.468 2.107
66 8 -0.064 -0.491 2.047
66 9 0.271 -0.210 2.422
66 10 0.305 -0.406 2.328
66 11 0.325 -0.492 2.152
66 12 0.314 -0.531 2.027
66 13 0.018 -0.514 2.347
66 14 -0.025 -0.629 2.037
66 15 0.001 -0.877 2.119
66 16 0.013 -0.917 2.038
66 17 0.210 -0.518 2.377
66 18 0.295 -0.620 2.070
66 19 0.241 -0.876 2.099
66 20 0.253 -0.911 2.019
67 1 0.109 -0.437 2.372
67 2 0.103 -0.386 2.396
67 3 0.093 -0.114 2.409
67 4 0.094 0.090 2.374
67 5 -0.080 -0.211 2.370
67 6 -0.119 -0.389 2.282
67 7 -0.079 -0.468 2.107
67 8 -0.067 -0.495 2.049
67 9 0.269 -0.213 2.423
67 10 0.300 -0.410 2.331
67 11 0.327 -0.491 2.153
67 12 0.312 -0.532 2.026
67 13 0.016 -0.514 2.346
67 14 -0.026 -0.629 2.037
67 15 0.001 -0.877 2.116
67 16 0.013 -0.915 2.035
67 17 0.208 -0.519 2.376
67 18 0.295 -0.618 2.070
67 19 0.242 -0.875 2.098
67 20 0.254 -0.909 2.017
68 1 0.108 -0.438 2.372
68 2 0.101 -0.388 2.398
68 3 0.092 -0.116 2.410
68 4 0.094 0.088 2.375
68 5 -0.081 -0.213 2.371
68 6 -0.119 -0.390 2.284
68 7 -0.080 -0.468 2.107
68 8 -0.072 -0.498 2.052
68 9 0.268 -0.214 2.425
68 10 0.298 -0.412 2.333
68 11 0.328 -0.491 2.154
68 12 0.311 -0.532 2.026
68 13 0.015 -0.515 2.345
68 14 -0.026 -0.630 2.036
68 15 0.001 -0.877 2.113
68 16 0.013 -0.913 2.032
68 17 0.206 -0.519 2.375
68 18 0.295 -0.616 2.069
68 19 0.243 -0.874 2.096
68 20 0.255 -0.908 2.015
69 1 0.107 -0.438 2.371
69 2 0.099 -0.389 2.399
69 3 0.091 -0.117 2.411
69 4 0.093 0.087 2.375
69 5 -0.081 -0.214 2.371
69 6 -0.120 -0.392 2.286
69 7 -0.082 -0.469 2.108
69 8 -0.076 -0.500 2.054
69 9 0.267 -0.215 2.426
69 10 0.296 -0.413 2.335
69 11 0.329 -0.491 2.156
69 12 0.310 -0.531 2.028
69 13 0.014 -0.515 2.345
69 14 -0.027 -0.630 2.036
69 15 0.001 -0.877 2.110
69 16 0.014 -0.912 2.030
69 17 0.205 -0.520 2.375
69 18 0.295 -0.615 2.069
69 19 0.244 -0.873 2.094
69 20 0.256 -0.907 2.013
70 1 0.106 -0.438 2.371
70 2 0.098 -0.390 2.401
70 3 0.091 -0.118 2.411
70 4 0.093 0.086 2.375
70 5 -0.082 -0.215 2.372
70 6 -0.120 -0.393 2.287
70 7 -0.083 -0.468 2.108
70 8 -0.077 -0.499 2.055
70 9 0.266 -0.216 2.427
70 10 0.295 -0.412 2.336
70 11 0.329 -0.490 2.157
70 12 0.311 -0.529 2.029
70 13 0.013 -0.515 2.344
70 14 -0.027 -0.630 2.035
70 15 0.001 -0.877 2.108
70 16 0.014 -0.912 2.028
70 17 0.204 -0.520 2.375
70 18 0.295 -0.614 2.069
70 19 0.244 -0.872 2.093
70 20 0.257 -0.906 2.012
71 1 0.105 -0.439 2.371
71 2 0.097 -0.390 2.402
71 3 0.090 -0.118 2.411
71 4 0.093 0.085 2.375
71 5 -0.082 -0.215 2.372
71 6 -0.121 -0.393 2.288
71 7 -0.084 -0.468 2.108
71 8 -0.076 -0.497 2.056
71 9 0.266 -0.217 2.427
71 10 0.296 -0.411 2.338
71 11 0.330 -0.490 2.158
71 12 0.313 -0.526 2.031
71 13 0.012 -0.515 2.344
71 14 -0.028 -0.630 2.035
71 15 0.001 -0.877 2.106
71 16 0.014 -0.911 2.026
71 17 0.203 -0.520 2.375
71 18 0.295 -0.613 2.069
71 19 0.245 -0.872 2.092
71 20 0.257 -0.905 2.011
72 1 0.104 -0.439 2.371
72 2 0.095 -0.390 2.403
72 3 0.089 -0.118 2.411
72 4 0.092 0.085 2.375
72 5 -0.082 -0.215 2.372
72 6 -0.121 -0.393 2.288
72 7 -0.084 -0.468 2.109
72 8 -0.076 -0.497 2.056
72 9 0.265 -0.217 2.428
72 10 0.297 -0.408 2.339
72 11 0.330 -0.486 2.158
72 12 0.314 -0.524 2.032
72 13 0.011 -0.515 2.344
72 14 -0.028 -0.631 2.035
72 15 0.001 -0.877 2.105
72 16 0.014 -0.911 2.025
72 17 0.202 -0.520 2.375
72 18 0.295 -0.612 2.069
72 19 0.245 -0.871 2.092
72 20 0.258 -0.905 2.011
73 1 0.103 -0.439 2.371
73 2 0.095 -0.391 2.404
73 3 0.088 -0.119 2.411
73 4 0.092 0.085 2.374
73 5 -0.082 -0.215 2.372
73 6 -0.122 -0.392 2.288
73 7 -0.085 -0.468 2.108
73 8 -0.075 -0.496 2.056
73 9 0.265 -0.217 2.428
73 10 0.298 -0.406 2.339
73 11 0.330 -0.484 2.159
73 12 0.316 -0.522 2.032
73 13 0.010 -0.515 2.344
73 14 -0.028 -0.631 2.035
73 15 0.001 -0.877 2.104
73 16 0.014 -0.911 2.024
73 17 0.202 -0.520 2.375
73 18 0.295 -0.611 2.069
73 19 0.245 -0.871 2.091
73 20 0.258 -0.905 2.010
74 1 0.103 -0.439 2.371
74 2 0.094 -0.391 2.405
74 3 0.088 -0.118 2.411
74 4 0.092 0.085 2.373
74 5 -0.083 -0.215 2.372
74 6 -0.123 -0.391 2.285
74 7 -0.085 -0.469 2.107
74 8 -0.075 -0.496 2.055
74 9 0.265 -0.217 2.428
74 10 0.300 -0.402 2.338
74 11 0.330 -0.482 2.159
74 12 0.317 -0.520 2.032
74 13 0.010 -0.515 2.343
74 14 -0.029 -0.631 2.035
74 15 0.001 -0.877 2.103
74 16 0.014 -0.911 2.023
74 17 0.201 -0.520 2.375
74 18 0.295 -0.611 2.069
74 19 0.245 -0.871 2.091
74 20 0.258 -0.904 2.010
75 1 0.102 -0.439 2.371
75 2 0.093 -0.391 2.406
75 3 0.087 -0.118 2.411
75 4 0.091 0.085 2.373
75 5 -0.083 -0.215 2.372
75 6 -0.124 -0.390 2.282
75 7 -0.086 -0.470 2.106
75 8 -0.074 -0.496 2.054
75 9 0.264 -0.217 2.428
75 10 0.301 -0.400 2.338
75 11 0.328 -0.481 2.158
75 12 0.319 -0.519 2.032
75 13 0.009 -0.515 2.343
75 14 -0.029 -0.631 2.034
75 15 0.001 -0.877 2.102
75 16 0.014 -0.911 2.023
75 17 0.201 -0.520 2.375
75 18 0.295 -0.611 2.069
75 19 0.246 -0.870 2.090
75 20 0.258 -0.904 2.010
76 1 0.102 -0.439 2.371
76 2 0.093 -0.391 2.406
76 3 0.086 -0.118 2.410
76 4 0.091 0.086 2.372
76 5 -0.084 -0.214 2.371
76 6 -0.125 -0.389 2.279
76 7 -0.085 -0.470 2.105
76 8 -0.074 -0.497 2.052
76 9 0.264 -0.217 2.428
76 10 0.302 -0.398 2.337
76 11 0.328 -0.480 2.158
76 12 0.319 -0.518 2.032
76 13 0.009 -0.514 2.343
76 14 -0.029 -0.632 2.034
76 15 0.001 -0.877 2.102
76 16 0.015 -0.910 2.022
76 17 0.200 -0.520 2.375
76 18 0.295 -0.611 2.069
76 19 0.246 -0.870 2.090
76 20 0.259 -0.904 2.009
77 1 0.101 -0.439 2.371
77 2 0.092 -0.391 2.406
77 3 0.086 -0.117 2.410
77 4 0.090 0.086 2.372
77 5 -0.084 -0.214 2.371
77 6 -0.125 -0.388 2.276
77 7 -0.085 -0.471 2.103
77 8 -0.074 -0.498 2.050
77 9 0.264 -0.217 2.428
77 10 0.302 -0.397 2.336
77 11 0.328 -0.479 2.158
77 12 0.320 -0.518 2.032
77 13 0.008 -0.514 2.342
77 14 -0.030 -0.632 2.034
77 15 0.001 -0.877 2.102
77 16 0.015 -0.910 2.022
77 17 0.200 -0.520 2.375
77 18 0.295 -0.611 2.069
77 19 0.246 -0.870 2.090
77 20 0.259 -0.904 2.009
78 1 0.101 -0.438 2.370
78 2 0.092 -0.391 2.407
78 3 0.085 -0.117 2.409
78 4 0.090 0.087 2.371
78 5 -0.085 -0.213 2.371
78 6 -0.126 -0.388 2.274
78 7 -0.085 -0.472 2.102
78 8 -0.074 -0.499 2.049
78 9 0.264 -0.216 2.428
78 10 0.303 -0.396 2.336
78 11 0.327 -0.479 2.157
78 12 0.321 -0.517 2.031
78 13 0.008 -0.514 2.342
78 14 -0.030 -0.632 2.034
78 15 0.002 -0.877 2.102
78 16 0.015 -0.910 2.022
78 17 0.200 -0.520 2.375
78 18 0.295 -0.611 2.069
78 19 0.246 -0.870 2.090
78 20 0.259 -0.904 2.009
79 1 0.100 -0.438 2.370
79 2 0.091 -0.391 2.407
79 3 0.084 -0.116 2.409
79 4 0.090 0.087 2.371
79 5 -0.085 -0.213 2.370
79 6 -0.126 -0.388 2.273
79 7 -0.085 -0.473 2.101
79 8 -0.073 -0.499 2.048
79 9 0.263 -0.216 2.428
79 10 0.303 -0.396 2.336
79 11 0.327 -0.479 2.157
79 12 0.320 -0.518 2.030
79 13 0.008 -0.514 2.342
79 14 -0.030 -0.633 2.033
79 15 0.002 -0.877 2.101
79 16 0.015 -0.910 2.022
79 17 0.199 -0.520 2.374
79 18 0.295 -0.611 2.069
79 19 0.246 -0.870 2.090
79 20 0.259 -0.904 2.009
80 1 0.100 -0.438 2.370
80 2 0.091 -0.390 2.407
80 3 0.084 -0.116 2.408
80 4 0.090 0.088 2.370
80 5 -0.085 -0.213 2.370
80 6 -0.127 -0.387 2.272
80 7 -0.086 -0.473 2.100
80 8 -0.073 -0.500 2.047
80 9 0.263 -0.216 2.428
80 10 0.303 -0.395 2.336
80 11 0.327 -0.479 2.157
80 12 0.320 -0.519 2.029
80 13 0.007 -0.514 2.342
80 14 -0.030 -0.633 2.033
80 15 0.002 -0.877 2.101
80 16 0.015 -0.911 2.021
80 17 0.199 -0.520 2.374
80 18 0.295 -0.611 2.069
80 19 0.246 -0.870 2.090
80 20 0.259 -0.904 2.009
81 1 0.100 -0.438 2.370
81 2 0.091 -0.390 2.407
81 3 0.083 -0.115 2.408
81 4 0.089 0.088 2.370
81 5 -0.086 -0.213 2.369
81 6 -0.127 -0.387 2.271
81 7 -0.086 -0.473 2.100
81 8 -0.073 -0.500 2.047
81 9 0.263 -0.215 2.428
81 10 0.303 -0.395 2.335
81 11 0.326 -0.479 2.157
81 12 0.322 -0.512 2.035
81 13 0.007 -0.514 2.341
81 14 -0.030 -0.633 2.033
81 15 0.002 -0.878 2.101
81 16 0.015 -0.911 2.021
81 17 0.199 -0.520 2.374
81 18 0.295 -0.611 2.069
81 19 0.246 -0.870 2.090
81 20 0.259 -0.903 2.009
82 1 0.099 -0.438 2.370
82 2 0.091 -0.390 2.408
82 3 0.083 -0.115 2.408
82 4 0.089 0.088 2.369
82 5 -0.086 -0.212 2.369
82 6 -0.127 -0.387 2.272
82 7 -0.086 -0.473 2.100
82 8 -0.072 -0.500 2.047
82 9 0.263 -0.215 2.428
82 10 0.303 -0.395 2.335
82 11 0.326 -0.479 2.157
82 12 0.323 -0.509 2.037
82 13 0.007 -0.514 2.341
82 14 -0.031 -0.634 2.033
82 15 0.002 -0.878 2.101
82 16 0.016 -0.911 2.021
82 17 0.199 -0.520 2.374
82 18 0.295 -0.611 2.069
82 19 0.246 -0.870 2.090
82 20 0.259 -0.903 2.009
83 1 0.099 -0.438 2.369
83 2 0.090 -0.390 2.408
83 3 0.082 -0.115 2.407
83 4 0.089 0.088 2.369
83 5 -0.086 -0.212 2.369
83 6 -0.127 -0.387 2.273
83 7 -0.087 -0.473 2.100
83 8 -0.072 -0.499 2.048
83 9 0.263 -0.215 2.428
83 10 0.303 -0.396 2.335
83 11 0.326 -0.479 2.156
83 12 0.324 -0.507 2.038
83 13 0.007 -0.514 2.341
83 14 -0.031 -0.634 2.033
83 15 0.002 -0.878 2.101
83 16 0.016 -0.911 2.021
83 17 0.198 -0.520 2.374
83 18 0.295 -0.611 2.069
83 19 0.246 -0.870 2.090
83 20 0.259 -0.903 2.009
84 1 0.099 -0.438 2.369
84 2 0.090 -0.390 2.408
84 3 0.082 -0.115 2.407
84 4 0.089 0.089 2.369
84 5 -0.086 -0.212 2.369
84 6 -0.127 -0.387 2.274
84 7 -0.088 -0.473 2.100
84 8 -0.072 -0.499 2.048
84 9 0.263 -0.215 2.428
84 10 0.303 -0.396 2.335
84 11 0.327 -0.478 2.156
84 12 0.324 -0.507 2.039
84 13 0.007 -0.514 2.341
84 14 -0.031 -0.634 2.033
84 15 0.002 -0.878 2.101
84 16 0.016 -0.911 2.021
84 17 0.198 -0.519 2.374
84 18 0.295 -0.611 2.069
84 19 0.246 -0.870 2.090
84 20 0.259 -0.903 2.009
85 1 0.099 -0.438 2.369
85 2 0.090 -0.390 2.408
85 3 0.082 -0.115 2.407
85 4 0.089 0.089 2.369
85 5 -0.086 -0.212 2.369
85 6 -0.127 -0.388 2.274
85 7 -0.088 -0.473 2.100
85 8 -0.072 -0.499 2.048
85 9 0.262 -0.215 2.428
85 10 0.303 -0.397 2.335
85 11 0.328 -0.477 2.155
85 12 0.324 -0.514 2.037
85 13 0.007 -0.514 2.341
85 14 -0.031 -0.634 2.032
85 15 0.002 -0.878 2.101
85 16 0.016 -0.911 2.021
85 17 0.198 -0.519 2.374
85 18 0.295 -0.611 2.069
85 19 0.246 -0.870 2.090
85 20 0.259 -0.903 2.009
86 1 0.099 -0.438 2.369
86 2 0.090 -0.390 2.408
86 3 0.081 -0.114 2.407
86 4 0.088 0.089 2.369
86 5 -0.087 -0.212 2.368
86 6 -0.127 -0.388 2.275
86 7 -0.088 -0.473 2.101
86 8 -0.072 -0.499 2.048
86 9 0.262 -0.215 2.428
86 10 0.302 -0.397 2.335
86 11 0.328 -0.477 2.155
86 12 0.323 -0.521 2.034
86 13 0.007 -0.514 2.341
86 14 -0.031 -0.634 2.032
86 15 0.002 -0.877 2.101
86 16 0.016 -0.911 2.021
86 17 0.198 -0.519 2.374
86 18 0.295 -0.611 2.069
86 19 0.246 -0.869 2.090
86 20 0.259 -0.903 2.009
87 1 0.099 -0.438 2.369
87 2 0.090 -0.390 2.408
87 3 0.081 -0.114 2.407
87 4 0.088 0.089 2.369
87 5 -0.087 -0.212 2.368
87 6 -0.127 -0.388 2.276
87 7 -0.088 -0.473 2.101
87 8 -0.072 -0.499 2.049
87 9 0.262 -0.214 2.428
87 10 0.302 -0.398 2.335
87 11 0.329 -0.477 2.155
87 12 0.323 -0.523 2.033
87 13 0.006 -0.514 2.340
87 14 -0.031 -0.635 2.032
87 15 0.002 -0.877 2.101
87 16 0.016 -0.911 2.021
87 17 0.198 -0.519 2.374
87 18 0.295 -0.610 2.069
87 19 0.245 -0.869 2.090
87 20 0.259 -0.903 2.009
88 1 0.098 -0.438 2.369
88 2 0.089 -0.390 2.408
88 3 0.081 -0.114 2.407
88 4 0.088 0.089 2.369
88 5 -0.087 -0.212 2.368
88 6 -0.127 -0.388 2.278
88 7 -0.088 -0.473 2.102
88 8 -0.072 -0.498 2.050
88 9 0.262 -0.214 2.428
88 10 0.302 -0.398 2.335
88 11 0.328 -0.477 2.155
88 12 0.323 -0.524 2.032
88 13 0.006 -0.514 2.340
88 14 -0.031 -0.635 2.032
88 15 0.002 -0.877 2.101
88 16 0.016 -0.911 2.021
88 17 0.198 -0.519 2.373
88 18 0.295 -0.610 2.069
88 19 0.267 -0.846 2.039
88 20 0.280 -0.880 1.960
89 1 0.098 -0.438 2.369
89 2 0.089 -0.390 2.409
89 3 0.081 -0.114 2.407
89 4 0.088 0.090 2.369
89 5 -0.087 -0.212 2.368
89 6 -0.127 -0.389 2.279
89 7 -0.089 -0.472 2.103
89 8 -0.072 -0.498 2.051
89 9 0.262 -0.214 2.428
89 10 0.302 -0.399 2.336
89 11 0.329 -0.477 2.155
89 12 0.323 -0.524 2.032
89 13 0.006 -0.514 2.340
89 14 -0.032 -0.635 2.032
89 15 0.002 -0.877 2.101
89 16 0.016 -0.911 2.021
89 17 0.198 -0.519 2.373
89 18 0.295 -0.610 2.069
89 19 0.282 -0.831 2.007
89 20 0.289 -0.871 1.940
90 1 0.098 -0.438 2.369
90 2 0.089 -0.390 2.409
90 3 0.081 -0.114 2.407
90 4 0.088 0.090 2.369
90 5 -0.087 -0.212 2.368
90 6 -0.127 -0.389 2.281
90 7 -0.089 -0.472 2.104
90 8 -0.072 -0.497 2.051
90 9 0.262 -0.214 2.428
90 10 0.301 -0.399 2.336
90 11 0.328 -0.477 2.156
90 12 0.323 -0.524 2.031
90 13 0.006 -0.514 2.340
90 14 -0.032 -0.635 2.032
90 15 0.002 -0.877 2.101
90 16 0.016 -0.911 2.021
90 17 0.198 -0.519 2.373
90 18 0.295 -0.610 2.069
90 19 0.286 -0.826 1.996
90 20 0.294 -0.866 1.929
91 1 0.098 -0.438 2.369
91 2 0.089 -0.390 2.409
91 3 0.081 -0.114 2.407
91 4 0.087 0.090 2.370
91 5 -0.087 -0.212 2.368
91 6 -0.127 -0.389 2.282
91 7 -0.089 -0.472 2.105
91 8 -0.072 -0.496 2.052
91 9 0.261 -0.214 2.428
91 10 0.301 -0.399 2.336
91 11 0.328 -0.478 2.156
91 12 0.323 -0.524 2.031
91 13 0.006 -0.514 2.340
91 14 -0.032 -0.635 2.032
91 15 0.002 -0.877 2.101
91 16 0.016 -0.911 2.021
91 17 0.198 -0.519 2.373
91 18 0.295 -0.610 2.069
91 19 0.290 -0.823 1.989
91 20 0.297 -0.863 1.923
92 1 0.098 -0.438 2.369
92 2 0.089 -0.390 2.409
92 3 0.081 -0.114 2.407
92 4 0.087 0.090 2.370
92 5 -0.087 -0.212 2.368
92 6 -0.127 -0.389 2.283
92 7 -0.090 -0.472 2.106
92 8 -0.072 -0.495 2.053
92 9 0.261 -0.214 2.428
92 10 0.301 -0.400 2.337
92 11 0.328 -0.478 2.157
92 12 0.323 -0.523 2.031
92 13 0.006 -0.514 2.340
92 14 -0.032 -0.635 2.032
92 15 0.002 -0.878 2.101
92 16 0.016 -0.911 2.021
92 17 0.198 -0.519 2.373
92 18 0.296 -0.610 2.069
92 19 0.291 -0.822 1.986
92 20 0.299 -0.861 1.918
93 1 0.098 -0.438 2.369
93 2 0.089 -0.390 2.409
93 3 0.081 -0.114 2.407
93 4 0.087 0.090 2.370
93 5 -0.087 -0.212 2.368
93 6 -0.126 -0.389 2.285
93 7 -0.090 -0.471 2.107
93 8 -0.071 -0.494 2.054
93 9 0.261 -0.214 2.428
93 10 0.301 -0.400 2.337
93 11 0.329 -0.479 2.158
93 12 0.324 -0.522 2.031
93 13 0.006 -0.514 2.340
93 14 -0.032 -0.635 2.032
93 15 0.002 -0.878 2.101
93 16 0.016 -0.911 2.021
93 17 0.197 -0.519 2.373
93 18 0.296 -0.610 2.069
93 19 0.290 -0.822 1.988
93 20 0.301 -0.859 1.915
94 1 0.098 -0.438 2.369
94 2 0.089 -0.391 2.410
94 3 0.081 -0.114 2.408
94 4 0.087 0.090 2.371
94 5 -0.087 -0.212 2.369
94 6 -0.126 -0.390 2.286
94 7 -0.090 -0.471 2.107
94 8 -0.070 -0.493 2.054
94 9 0.261 -0.214 2.428
94 10 0.300 -0.400 2.338
94 11 0.329 -0.479 2.158
94 12 0.324 -0.522 2.031
94 13 0.006 -0.514 2.340
94 14 -0.032 -0.635 2.032
94 15 0.002 -0.878 2.101
94 16 0.016 -0.911 2.021
94 17 0.197 -0.519 2.373
94 18 0.296 -0.610 2.069
94 19 0.289 -0.824 1.991
94 20 0.301 -0.859 1.913
95 1 0.098 -0.438 2.369
95 2 0.089 -0.391 2.410
95 3 0.081 -0.115 2.408
95 4 0.087 0.090 2.371
95 5 -0.087 -0.212 2.369
95 6 -0.126 -0.390 2.287
95 7 -0.090 -0.471 2.108
95 8 -0.072 -0.495 2.056
95 9 0.261 -0.214 2.429
95 10 0.300 -0.400 2.338
95 11 0.329 -0.480 2.159
95 12 0.324 -0.521 2.030
95 13 0.006 -0.514 2.340
95 14 -0.032 -0.635 2.032
95 15 0.002 -0.878 2.101
95 16 0.016 -0.911 2.021
95 17 0.197 -0.519 2.373
95 18 0.296 -0.610 2.069
95 19 0.287 -0.825 1.995
95 20 0.302 -0.858 1.913
96 1 0.098 -0.438 2.369
96 2 0.089 -0.391 2.410
96 3 0.082 -0.115 2.408
96 4 0.087 0.090 2.371
96 5 -0.087 -0.212 2.369
96 6 -0.126 -0.390 2.288
96 7 -0.091 -0.471 2.108
96 8 -0.072 -0.495 2.057
96 9 0.261 -0.214 2.429
96 10 0.300 -0.401 2.338
96 11 0.330 -0.480 2.160
96 12 0.324 -0.521 2.030
96 13 0.006 -0.514 2.340
96 14 -0.032 -0.634 2.032
96 15 0.002 -0.878 2.101
96 16 0.015 -0.911 2.020
96 17 0.197 -0.519 2.373
96 18 0.296 -0.610 2.069
96 19 0.261 -0.850 2.055
96 20 0.276 -0.882 1.971
97 1 0.098 -0.438 2.369
97 2 0.089 -0.391 2.410
97 3 0.082 -0.115 2.409
97 4 0.087 0.090 2.372
97 5 -0.087 -0.213 2.369
97 6 -0.126 -0.390 2.288
97 7 -0.091 -0.471 2.109
97 8 -0.073 -0.495 2.058
97 9 0.261 -0.214 2.429
97 10 0.300 -0.401 2.339
97 11 0.330 -0.480 2.161
97 12 0.324 -0.520 2.030
97 13 0.006 -0.514 2.340
97 14 -0.032 -0.634 2.032
97 15 0.002 -0.878 2.101
97 16 0.015 -0.911 2.020
97 17 0.197 -0.519 2.373
97 18 0.296 -0.610 2.069
97 19 0.265 -0.846 2.044
97 20 0.275 -0.883 1.972
98 1 0.098 -0.438 2.369
98 2 0.089 -0.391 2.411
98 3 0.082 -0.115 2.409
98 4 0.087 0.090 2.372
98 5 -0.087 -0.213 2.370
98 6 -0.125 -0.390 2.289
98 7 -0.091 -0.471 2.109
98 8 -0.072 -0.494 2.058
98 9 0.261 -0.214 2.429
98 10 0.300 -0.401 2.339
98 11 0.330 -0.481 2.161
98 12 0.325 -0.520 2.030
98 13 0.006 -0.514 2.340
98 14 -0.032 -0.634 2.032
98 15 0.002 -0.878 2.100
98 16 0.015 -0.911 2.020
98 17 0.197 -0.519 2.373
98 18 0.296 -0.610 2.069
98 19 0.254 -0.856 2.069
98 20 0.266 -0.891 1.991
99 1 0.098 -0.438 2.369
99 2 0.089 -0.391 2.411
99 3 0.082 -0.115 2.409
99 4 0.087 0.090 2.373
99 5 -0.087 -0.213 2.370
99 6 -0.125 -0.391 2.289
99 7 -0.091 -0.471 2.110
99 8 -0.072 -0.494 2.058
99 9 0.261 -0.214 2.430
99 10 0.300 -0.401 2.339
99 11 0.330 -0.481 2.161
99 12 0.325 -0.519 2.030
99 13 0.006 -0.514 2.340
99 14 -0.032 -0.634 2.032
99 15 0.002 -0.878 2.100
99 16 0.016 -0.911 2.020
99 17 0.197 -0.519 2.373
99 18 0.296 -0.610 2.069
99 19 0.266 -0.846 2.043
99 20 0.273 -0.884 1.976
100 1 0.098 -0.438 2.369
100 2 0.089 -0.391 2.411
100 3 0.082 -0.116 2.410
100 4 0.086 0.090 2.373
100 5 -0.087 -0.213 2.370
100 6 -0.125 -0.391 2.289
100 7 -0.091 -0.471 2.110
100 8 -0.072 -0.494 2.059
100 9 0.261 -0.214 2.430
100 10 0.300 -0.401 2.340
100 11 0.330 -0.481 2.162
100 12 0.325 -0.519 2.030
100 13 0.006 -0.514 2.340
100 14 -0.032 -0.635 2.032
100 15 0.002 -0.878 2.100
100 16 0.016 -0.911 2.020
100 17 0.197 -0.519 2.373
100 18 0.296 -0.610 2.069
100 19 0.259 -0.852 2.059
100 20 0.269 -0.889 1.987
101 1 0.098 -0.438 2.369
101 2 0.089 -0.391 2.411
101 3 0.083 -0.116 2.410
101 4 0.086 0.090 2.373
101 5 -0.087 -0.213 2.371
101 6 -0.125 -0.391 2.290
101 7 -0.091 -0.471 2.110
101 8 -0.072 -0.494 2.059
101 9 0.261 -0.214 2.430
101 10 0.300 -0.401 2.340
101 11 0.331 -0.481 2.162
101 12 0.325 -0.518 2.030
101 13 0.006 -0.515 2.340
101 14 -0.032 -0.635 2.032
101 15 0.002 -0.878 2.100
101 16 0.016 -0.911 2.020
101 17 0.197 -0.519 2.373
101 18 0.296 -0.610 2.069
101 19 0.254 -0.856 2.070
101 20 0.266 -0.892 1.994
102 1 0.098 -0.438 2.369
102 2 0.089 -0.391 2.411
102 3 0.083 -0.116 2.410
102 4 0.086 0.090 2.374
102 5 -0.087 -0.213 2.371
102 6 -0.125 -0.391 2.290
102 7 -0.092 -0.471 2.110
102 8 -0.072 -0.493 2.059
102 9 0.261 -0.214 2.430
102 10 0.300 -0.401 2.340
102 11 0.332 -0.481 2.162
102 12 0.325 -0.518 2.030
102 13 0.006 -0.515 2.340
102 14 -0.033 -0.635 2.032
102 15 0.002 -0.878 2.100
102 16 0.016 -0.911 2.020
102 17 0.197 -0.519 2.373
102 18 0.296 -0.610 2.069
102 19 0.251 -0.859 2.077
102 20 0.263 -0.894 1.999
103 1 0.098 -0.438 2.369
103 2 0.089 -0.392 2.412
103 3 0.083 -0.116 2.410
103 4 0.086 0.090 2.374
103 5 -0.087 -0.213 2.371
103 6 -0.125 -0.391 2.290
103 7 -0.092 -0.471 2.110
103 8 -0.072 -0.493 2.059
103 9 0.261 -0.214 2.431
103 10 0.300 -0.401 2.340
103 11 0.331 -0.481 2.163
103 12 0.325 -0.518 2.029
103 13 0.006 -0.515 2.340
103 14 -0.033 -0.635 2.032
103 15 0.002 -0.878 2.100
103 16 0.016 -0.911 2.020
103 17 0.197 -0.519 2.373
103 18 0.296 -0.610 2.069
103 19 0.248 -0.862 2.082
103 20 0.261 -0.896 2.003
104 1 0.098 -0.439 2.369
104 2 0.089 -0.392 2.412
104 3 0.083 -0.116 2.410
104 4 0.086 0.090 2.374
104 5 -0.087 -0.214 2.371
104 6 -0.125 -0.391 2.290
104 7 -0.092 -0.471 2.111
104 8 -0.072 -0.493 2.058
104 9 0.261 -0.214 2.431
104 10 0.300 -0.401 2.341
104 11 0.330 -0.480 2.163
104 12 0.325 -0.518 2.029
104 13 0.006 -0.515 2.340
104 14 -0.033 -0.635 2.032
104 15 0.002 -0.878 2.100
104 16 0.016 -0.911 2.020
104 17 0.197 -0.519 2.373
104 18 0.296 -0.610 2.069
104 19 0.247 -0.864 2.086
104 20 0.260 -0.897 2.006
105 1 0.098 -0.439 2.369
105 2 0.088 -0.392 2.412
105 3 0.083 -0.116 2.410
105 4 0.086 0.090 2.374
105 5 -0.087 -0.214 2.372
105 6 -0.125 -0.392 2.290
105 7 -0.092 -0.472 2.111
105 8 -0.072 -0.493 2.058
105 9 0.260 -0.214 2.431
105 10 0.300 -0.401 2.341
105 11 0.330 -0.480 2.163
105 12 0.325 -0.518 2.029
105 13 0.006 -0.515 2.340
105 14 -0.033 -0.635 2.032
105 15 0.002 -0.878 2.100
105 16 0.016 -0.911 2.020
105 17 0.197 -0.519 2.373
105 18 0.296 -0.610 2.069
105 19 0.246 -0.865 2.089
105 20 0.259 -0.898 2.008
106 1 0.098 -0.439 2.369
106 2 0.088 -0.392 2.412
106 3 0.083 -0.116 2.410
106 4 0.086 0.090 2.374
106 5 -0.088 -0.214 2.372
106 6 -0.125 -0.392 2.290
106 7 -0.092 -0.472 2.111
106 8 -0.072 -0.493 2.058
106 9 0.260 -0.214 2.431
106 10 0.300 -0.401 2.341
106 11 0.330 -0.480 2.163
106 12 0.325 -0.518 2.029
106 13 0.006 -0.515 2.340
106 14 -0.033 -0.635 2.032
106 15 0.002 -0.878 2.100
106 16 0.016 -0.911 2.020
106 17 0.197 -0.519 2.373
106 18 0.296 -0.610 2.069
106 19 0.245 -0.866 2.090
106 20 0.259 -0.899 2.009
107 1 0.098 -0.439 2.369
107 2 0.088 -0.392 2.412
107 3 0.083 -0.116 2.410
107 4 0.086 0.089 2.374
107 5 -0.088 -0.214 2.372
107 6 -0.125 -0.392 2.290
107 7 -0.093 -0.473 2.111
107 8 -0.072 -0.493 2.058
107 9 0.260 -0.214 2.431
107 10 0.300 -0.402 2.341
107 11 0.330 -0.480 2.163
107 12 0.324 -0.518 2.029
107 13 0.006 -0.515 2.340
107 14 -0.033 -0.635 2.032
107 15 0.002 -0.878 2.100
107 16 0.016 -0.911 2.020
107 17 0.197 -0.519 2.373
107 18 0.297 -0.610 2.069
107 19 0.244 -0.866 2.092
107 20 0.258 -0.899 2.011
108 1 0.098 -0.439 2.369
108 2 0.088 -0.392 2.412
108 3 0.082 -0.117 2.411
108 4 0.086 0.089 2.374
108 5 -0.088 -0.214 2.372
108 6 -0.125 -0.392 2.290
108 7 -0.094 -0.473 2.111
108 8 -0.072 -0.493 2.058
108 9 0.260 -0.214 2.431
108 10 0.300 -0.402 2.341
108 11 0.329 -0.480 2.163
108 12 0.326 -0.510 2.037
108 13 0.006 -0.515 2.341
108 14 -0.033 -0.635 2.032
108 15 0.002 -0.878 2.100
108 16 0.016 -0.911 2.020
108 17 0.197 -0.519 2.373
108 18 0.297 -0.610 2.069
108 19 0.244 -0.867 2.093
108 20 0.258 -0.900 2.011
