1 1 0.226 -0.110 2.037
1 2 0.221 -0.052 2.090
1 3 0.211 0.297 2.121
1 4 0.218 0.477 2.094
1 5 0.065 0.184 2.095
1 6 0.026 -0.056 2.045
1 7 0.020 -0.233 1.999
1 8 0.020 -0.285 1.995
1 9 0.379 0.180 2.107
1 10 0.433 -0.059 2.078
1 11 0.444 -0.234 2.022
1 12 0.452 -0.271 2.021
1 13 0.158 -0.180 2.017
1 14 0.155 -0.557 2.057
1 15 0.158 -0.794 2.077
1 16 0.210 -0.842 2.096
1 17 0.299 -0.178 2.024
1 18 0.300 -0.542 2.048
1 19 0.294 -0.776 2.055
1 20 0.276 -0.839 2.033
2 1 0.226 -0.110 2.038
2 2 0.222 -0.052 2.090
2 3 0.212 0.297 2.122
2 4 0.219 0.477 2.095
2 5 0.065 0.184 2.095
2 6 0.026 -0.056 2.046
2 7 0.020 -0.233 2.000
2 8 0.020 -0.285 1.995
2 9 0.379 0.180 2.108
2 10 0.433 -0.059 2.079
2 11 0.444 -0.234 2.023
2 12 0.452 -0.274 2.021
2 13 0.158 -0.179 2.018
2 14 0.155 -0.557 2.058
2 15 0.159 -0.794 2.077
2 16 0.208 -0.844 2.095
2 17 0.299 -0.178 2.026
2 18 0.300 -0.542 2.049
2 19 0.294 -0.776 2.056
2 20 0.277 -0.839 2.033
3 1 0.226 -0.110 2.039
3 2 0.222 -0.052 2.091
3 3 0.212 0.297 2.123
3 4 0.219 0.478 2.096
3 5 0.066 0.184 2.095
3 6 0.026 -0.055 2.046
3 7 0.020 -0.233 2.000
3 8 0.020 -0.285 1.996
3 9 0.380 0.180 2.109
3 10 0.433 -0.058 2.080
3 11 0.444 -0.233 2.024
3 12 0.452 -0.275 2.022
3 13 0.158 -0.179 2.019
3 14 0.154 -0.557 2.058
3 15 0.159 -0.794 2.077
3 16 0.207 -0.845 2.094
3 17 0.299 -0.178 2.027
3 18 0.300 -0.543 2.050
3 19 0.294 -0.776 2.056
3 20 0.278 -0.839 2.033
4 1 0.226 -0.110 2.040
4 2 0.222 -0.052 2.092
4 3 0.212 0.297 2.123
4 4 0.220 0.478 2.096
4 5 0.066 0.184 2.096
4 6 0.026 -0.055 2.047
4 7 0.020 -0.233 2.001
4 8 0.020 -0.284 1.997
4 9 0.380 0.180 2.110
4 10 0.433 -0.058 2.081
4 11 0.443 -0.233 2.025
4 12 0.452 -0.275 2.024
4 13 0.158 -0.179 2.019
4 14 0.154 -0.557 2.059
4 15 0.159 -0.794 2.078
4 16 0.206 -0.846 2.093
4 17 0.300 -0.178 2.028
4 18 0.299 -0.543 2.051
4 19 0.294 -0.776 2.057
4 20 0.279 -0.838 2.032
5 1 0.227 -0.110 2.041
5 2 0.222 -0.052 2.093
5 3 0.213 0.297 2.124
5 4 0.220 0.478 2.097
5 5 0.066 0.185 2.096
5 6 0.026 -0.055 2.048
5 7 0.020 -0.233 2.001
5 8 0.020 -0.284 1.997
5 9 0.380 0.180 2.111
5 10 0.433 -0.058 2.083
5 11 0.443 -0.233 2.027
5 12 0.451 -0.274 2.025
5 13 0.158 -0.179 2.020
5 14 0.154 -0.557 2.060
5 15 0.159 -0.794 2.078
5 16 0.205 -0.847 2.093
5 17 0.300 -0.178 2.029
5 18 0.299 -0.543 2.052
5 19 0.294 -0.776 2.058
5 20 0.280 -0.838 2.031
6 1 0.227 -0.110 2.042
6 2 0.222 -0.052 2.094
6 3 0.213 0.297 2.125
6 4 0.221 0.478 2.098
6 5 0.066 0.185 2.096
6 6 0.026 -0.055 2.048
6 7 0.020 -0.233 2.002
6 8 0.020 -0.284 1.998
6 9 0.381 0.181 2.112
6 10 0.433 -0.058 2.084
6 11 0.443 -0.233 2.028
6 12 0.451 -0.273 2.027
6 13 0.158 -0.179 2.021
6 14 0.153 -0.557 2.060
6 15 0.159 -0.794 2.078
6 16 0.205 -0.847 2.092
6 17 0.300 -0.178 2.030
6 18 0.299 -0.543 2.053
6 19 0.294 -0.776 2.059
6 20 0.280 -0.838 2.031
7 1 0.227 -0.110 2.043
7 2 0.222 -0.052 2.095
7 3 0.213 0.298 2.126
7 4 0.221 0.478 2.099
7 5 0.067 0.185 2.097
7 6 0.026 -0.055 2.049
7 7 0.020 -0.233 2.003
7 8 0.020 -0.284 1.998
7 9 0.381 0.181 2.113
7 10 0.433 -0.058 2.085
7 11 0.443 -0.233 2.029
7 12 0.451 -0.272 2.028
7 13 0.159 -0.179 2.022
7 14 0.153 -0.557 2.061
7 15 0.159 -0.794 2.078
7 16 0.203 -0.848 2.091
7 17 0.300 -0.178 2.032
7 18 0.299 -0.544 2.054
7 19 0.294 -0.776 2.059
7 20 0.280 -0.838 2.031
8 1 0.227 -0.110 2.044
8 2 0.222 -0.052 2.096
8 3 0.212 0.298 2.127
8 4 0.221 0.478 2.101
8 5 0.067 0.185 2.097
8 6 0.026 -0.055 2.050
8 7 0.020 -0.233 2.003
8 8 0.020 -0.284 1.999
8 9 0.381 0.181 2.114
8 10 0.433 -0.058 2.086
8 11 0.443 -0.233 2.031
8 12 0.450 -0.271 2.030
8 13 0.159 -0.179 2.023
8 14 0.153 -0.557 2.061
8 15 0.159 -0.794 2.078
8 16 0.202 -0.849 2.090
8 17 0.300 -0.178 2.033
8 18 0.299 -0.544 2.055
8 19 0.294 -0.776 2.060
8 20 0.280 -0.838 2.032
9 1 0.227 -0.110 2.045
9 2 0.222 -0.052 2.097
9 3 0.212 0.298 2.128
9 4 0.221 0.478 2.103
9 5 0.067 0.185 2.097
9 6 0.026 -0.055 2.050
9 7 0.020 -0.233 2.004
9 8 0.019 -0.283 1.999
9 9 0.381 0.181 2.114
9 10 0.432 -0.058 2.087
9 11 0.443 -0.233 2.032
9 12 0.450 -0.270 2.031
9 13 0.159 -0.179 2.024
9 14 0.153 -0.557 2.061
9 15 0.159 -0.794 2.078
9 16 0.201 -0.850 2.089
9 17 0.300 -0.178 2.034
9 18 0.298 -0.545 2.056
9 19 0.294 -0.777 2.060
9 20 0.281 -0.838 2.032
10 1 0.227 -0.110 2.045
10 2 0.222 -0.052 2.098
10 3 0.212 0.299 2.129
10 4 0.221 0.478 2.104
10 5 0.067 0.185 2.098
10 6 0.026 -0.055 2.050
10 7 0.020 -0.233 2.004
10 8 0.019 -0.283 2.000
10 9 0.381 0.181 2.115
10 10 0.432 -0.058 2.088
10 11 0.443 -0.233 2.033
10 12 0.450 -0.270 2.032
10 13 0.159 -0.179 2.025
10 14 0.152 -0.557 2.062
10 15 0.159 -0.794 2.078
10 16 0.200 -0.850 2.088
10 17 0.300 -0.178 2.034
10 18 0.298 -0.545 2.057
10 19 0.294 -0.777 2.060
10 20 0.281 -0.838 2.032
11 1 0.227 -0.110 2.046
11 2 0.222 -0.052 2.099
11 3 0.212 0.299 2.130
11 4 0.221 0.478 2.105
11 5 0.067 0.185 2.098
11 6 0.026 -0.055 2.051
11 7 0.020 -0.233 2.005
11 8 0.019 -0.283 2.000
11 9 0.380 0.181 2.115
11 10 0.432 -0.058 2.089
11 11 0.443 -0.233 2.034
11 12 0.449 -0.269 2.033
11 13 0.159 -0.179 2.026
11 14 0.152 -0.558 2.062
11 15 0.159 -0.794 2.079
11 16 0.199 -0.851 2.087
11 17 0.300 -0.178 2.035
11 18 0.298 -0.545 2.058
11 19 0.294 -0.777 2.061
11 20 0.281 -0.838 2.032
12 1 0.227 -0.110 2.047
12 2 0.222 -0.052 2.100
12 3 0.212 0.299 2.131
12 4 0.221 0.478 2.107
12 5 0.067 0.185 2.098
12 6 0.026 -0.055 2.051
12 7 0.020 -0.233 2.005
12 8 0.019 -0.283 2.000
12 9 0.380 0.181 2.116
12 10 0.431 -0.058 2.089
12 11 0.442 -0.233 2.035
12 12 0.449 -0.269 2.034
12 13 0.158 -0.179 2.026
12 14 0.152 -0.558 2.062
12 15 0.159 -0.794 2.079
12 16 0.199 -0.851 2.087
12 17 0.300 -0.178 2.036
12 18 0.297 -0.546 2.058
12 19 0.294 -0.777 2.061
12 20 0.280 -0.839 2.035
13 1 0.226 -0.110 2.047
13 2 0.222 -0.052 2.100
13 3 0.212 0.299 2.131
13 4 0.220 0.478 2.108
13 5 0.067 0.185 2.098
13 6 0.026 -0.055 2.052
13 7 0.020 -0.233 2.005
13 8 0.019 -0.283 2.001
13 9 0.380 0.181 2.116
13 10 0.431 -0.058 2.090
13 11 0.442 -0.233 2.035
13 12 0.448 -0.268 2.034
13 13 0.158 -0.179 2.027
13 14 0.152 -0.558 2.062
13 15 0.159 -0.794 2.079
13 16 0.199 -0.851 2.086
13 17 0.299 -0.178 2.037
13 18 0.296 -0.547 2.059
13 19 0.294 -0.777 2.061
13 20 0.279 -0.840 2.036
14 1 0.226 -0.110 2.048
14 2 0.221 -0.052 2.101
14 3 0.211 0.300 2.132
14 4 0.220 0.478 2.109
14 5 0.067 0.185 2.099
14 6 0.026 -0.055 2.052
14 7 0.019 -0.233 2.006
14 8 0.019 -0.283 2.001
14 9 0.380 0.181 2.116
14 10 0.430 -0.059 2.091
14 11 0.442 -0.234 2.036
14 12 0.448 -0.268 2.035
14 13 0.158 -0.179 2.027
14 14 0.152 -0.558 2.063
14 15 0.158 -0.794 2.079
14 16 0.198 -0.851 2.086
14 17 0.299 -0.178 2.037
14 18 0.295 -0.548 2.060
14 19 0.293 -0.777 2.062
14 20 0.279 -0.840 2.037
15 1 0.226 -0.110 2.048
15 2 0.221 -0.052 2.101
15 3 0.211 0.300 2.132
15 4 0.220 0.478 2.110
15 5 0.067 0.185 2.099
15 6 0.025 -0.055 2.052
15 7 0.019 -0.233 2.006
15 8 0.018 -0.283 2.001
15 9 0.380 0.181 2.117
15 10 0.430 -0.059 2.091
15 11 0.442 -0.234 2.036
15 12 0.447 -0.271 2.035
15 13 0.158 -0.179 2.028
15 14 0.152 -0.558 2.063
15 15 0.158 -0.794 2.079
15 16 0.198 -0.851 2.085
15 17 0.299 -0.178 2.038
15 18 0.295 -0.549 2.061
15 19 0.293 -0.777 2.062
15 20 0.289 -0.821 2.007
16 1 0.226 -0.110 2.049
16 2 0.221 -0.052 2.102
16 3 0.211 0.300 2.133
16 4 0.220 0.478 2.112
16 5 0.067 0.185 2.099
16 6 0.025 -0.055 2.052
16 7 0.019 -0.233 2.006
16 8 0.018 -0.283 2.002
16 9 0.380 0.181 2.117
16 10 0.429 -0.059 2.092
16 11 0.440 -0.234 2.037
16 12 0.447 -0.273 2.035
16 13 0.158 -0.179 2.028
16 14 0.151 -0.558 2.063
16 15 0.158 -0.794 2.079
16 16 0.198 -0.851 2.084
16 17 0.299 -0.178 2.038
16 18 0.294 -0.549 2.061
16 19 0.293 -0.777 2.062
16 20 0.294 -0.812 1.993
17 1 0.226 -0.110 2.049
17 2 0.221 -0.052 2.102
17 3 0.211 0.300 2.133
17 4 0.219 0.479 2.113
17 5 0.067 0.185 2.099
17 6 0.025 -0.055 2.053
17 7 0.019 -0.233 2.007
17 8 0.018 -0.283 2.002
17 9 0.379 0.181 2.118
17 10 0.429 -0.059 2.092
17 11 0.439 -0.234 2.038
17 12 0.446 -0.275 2.035
17 13 0.158 -0.179 2.029
17 14 0.151 -0.559 2.063
17 15 0.157 -0.794 2.079
17 16 0.197 -0.850 2.082
17 17 0.299 -0.178 2.039
17 18 0.293 -0.550 2.062
17 19 0.293 -0.777 2.062
17 20 0.296 -0.808 1.986
18 1 0.225 -0.110 2.050
18 2 0.221 -0.052 2.103
18 3 0.211 0.300 2.133
18 4 0.219 0.479 2.114
18 5 0.067 0.185 2.100
18 6 0.025 -0.055 2.053
18 7 0.019 -0.233 2.007
18 8 0.017 -0.283 2.002
18 9 0.379 0.181 2.118
18 10 0.428 -0.059 2.092
18 11 0.437 -0.234 2.038
18 12 0.445 -0.276 2.035
18 13 0.157 -0.179 2.029
18 14 0.150 -0.559 2.064
18 15 0.157 -0.794 2.079
18 16 0.197 -0.850 2.081
18 17 0.298 -0.178 2.040
18 18 0.293 -0.550 2.062
18 19 0.293 -0.778 2.062
18 20 0.298 -0.805 1.982
19 1 0.225 -0.110 2.051
19 2 0.220 -0.051 2.103
19 3 0.210 0.301 2.134
19 4 0.219 0.480 2.115
19 5 0.067 0.185 2.100
19 6 0.025 -0.054 2.053
19 7 0.018 -0.233 2.007
19 8 0.017 -0.283 2.003
19 9 0.379 0.181 2.119
19 10 0.427 -0.059 2.093
19 11 0.435 -0.234 2.038
19 12 0.443 -0.278 2.034
19 13 0.157 -0.179 2.030
19 14 0.150 -0.559 2.064
19 15 0.157 -0.793 2.080
19 16 0.196 -0.850 2.080
19 17 0.298 -0.178 2.041
19 18 0.292 -0.551 2.063
19 19 0.293 -0.778 2.062
19 20 0.299 -0.803 1.979
20 1 0.225 -0.110 2.051
20 2 0.220 -0.051 2.104
20 3 0.210 0.301 2.134
20 4 0.218 0.480 2.117
20 5 0.066 0.185 2.100
20 6 0.024 -0.054 2.054
20 7 0.017 -0.233 2.008
20 8 0.016 -0.283 2.003
20 9 0.378 0.181 2.120
20 10 0.427 -0.059 2.094
20 11 0.433 -0.234 2.038
20 12 0.441 -0.279 2.034
20 13 0.157 -0.179 2.030
20 14 0.149 -0.559 2.064
20 15 0.156 -0.793 2.080
20 16 0.195 -0.849 2.079
20 17 0.297 -0.178 2.042
20 18 0.291 -0.551 2.064
20 19 0.292 -0.778 2.062
20 20 0.299 -0.803 1.978
21 1 0.224 -0.110 2.052
21 2 0.219 -0.051 2.105
21 3 0.209 0.301 2.134
21 4 0.218 0.480 2.119
21 5 0.066 0.186 2.101
21 6 0.023 -0.054 2.054
21 7 0.016 -0.233 2.009
21 8 0.015 -0.283 2.004
21 9 0.377 0.181 2.120
21 10 0.425 -0.059 2.094
21 11 0.431 -0.234 2.039
21 12 0.439 -0.280 2.033
21 13 0.156 -0.179 2.031
21 14 0.148 -0.559 2.065
21 15 0.156 -0.792 2.081
21 16 0.193 -0.843 2.097
21 17 0.297 -0.178 2.043
21 18 0.290 -0.552 2.065
21 19 0.292 -0.778 2.063
21 20 0.299 -0.803 1.978
22 1 0.223 -0.110 2.053
22 2 0.218 -0.051 2.106
22 3 0.208 0.302 2.135
22 4 0.216 0.481 2.121
22 5 0.065 0.186 2.101
22 6 0.022 -0.054 2.055
22 7 0.015 -0.233 2.009
22 8 0.014 -0.283 2.005
22 9 0.376 0.181 2.122
22 10 0.424 -0.059 2.095
22 11 0.429 -0.234 2.040
22 12 0.436 -0.278 2.034
22 13 0.156 -0.178 2.032
22 14 0.148 -0.559 2.065
22 15 0.156 -0.792 2.082
22 16 0.192 -0.840 2.106
22 17 0.296 -0.178 2.045
22 18 0.288 -0.553 2.066
22 19 0.291 -0.779 2.063
22 20 0.298 -0.804 1.978
23 1 0.222 -0.109 2.055
23 2 0.217 -0.050 2.107
23 3 0.206 0.302 2.135
23 4 0.215 0.481 2.123
23 5 0.064 0.186 2.102
23 6 0.021 -0.053 2.055
23 7 0.014 -0.233 2.010
23 8 0.013 -0.283 2.005
23 9 0.375 0.182 2.124
23 10 0.422 -0.058 2.097
23 11 0.427 -0.233 2.041
23 12 0.433 -0.275 2.036
23 13 0.155 -0.178 2.033
23 14 0.147 -0.560 2.065
23 15 0.155 -0.792 2.082
23 16 0.192 -0.839 2.108
23 17 0.295 -0.178 2.048
23 18 0.287 -0.553 2.067
23 19 0.290 -0.779 2.063
23 20 0.297 -0.805 1.980
24 1 0.221 -0.109 2.057
24 2 0.215 -0.049 2.109
24 3 0.205 0.303 2.135
24 4 0.214 0.482 2.125
24 5 0.063 0.186 2.102
24 6 0.019 -0.053 2.056
24 7 0.012 -0.233 2.011
24 8 0.012 -0.283 2.007
24 9 0.374 0.183 2.126
24 10 0.419 -0.057 2.099
24 11 0.425 -0.232 2.043
24 12 0.430 -0.275 2.037
24 13 0.154 -0.178 2.034
24 14 0.146 -0.560 2.066
24 15 0.155 -0.791 2.082
24 16 0.193 -0.837 2.110
24 17 0.294 -0.178 2.050
24 18 0.285 -0.554 2.068
24 19 0.290 -0.779 2.063
24 20 0.296 -0.806 1.981
25 1 0.219 -0.108 2.059
25 2 0.214 -0.049 2.111
25 3 0.203 0.304 2.135
25 4 0.213 0.483 2.127
25 5 0.062 0.187 2.102
25 6 0.018 -0.053 2.056
25 7 0.010 -0.234 2.013
25 8 0.009 -0.283 2.009
25 9 0.372 0.184 2.128
25 10 0.416 -0.056 2.102
25 11 0.422 -0.232 2.046
25 12 0.428 -0.275 2.040
25 13 0.152 -0.177 2.037
25 14 0.145 -0.560 2.067
25 15 0.154 -0.791 2.084
25 16 0.196 -0.836 2.110
25 17 0.292 -0.177 2.054
25 18 0.283 -0.555 2.070
25 19 0.289 -0.780 2.064
25 20 0.295 -0.807 1.983
26 1 0.217 -0.108 2.062
26 2 0.211 -0.048 2.113
26 3 0.202 0.304 2.136
26 4 0.211 0.483 2.129
26 5 0.060 0.187 2.103
26 6 0.016 -0.053 2.057
26 7 0.008 -0.234 2.015
26 8 0.007 -0.283 2.011
26 9 0.369 0.185 2.130
26 10 0.413 -0.055 2.105
26 11 0.419 -0.231 2.050
26 12 0.425 -0.276 2.044
26 13 0.150 -0.177 2.040
26 14 0.144 -0.560 2.068
26 15 0.154 -0.791 2.085
26 16 0.198 -0.837 2.105
26 17 0.290 -0.176 2.058
26 18 0.281 -0.556 2.072
26 19 0.288 -0.780 2.064
26 20 0.294 -0.808 1.985
27 1 0.215 -0.107 2.066
27 2 0.208 -0.047 2.116
27 3 0.200 0.305 2.136
27 4 0.210 0.484 2.131
27 5 0.058 0.187 2.103
27 6 0.015 -0.052 2.058
27 7 0.006 -0.234 2.018
27 8 0.004 -0.283 2.014
27 9 0.367 0.186 2.132
27 10 0.411 -0.055 2.109
27 11 0.416 -0.230 2.055
27 12 0.421 -0.272 2.052
27 13 0.147 -0.176 2.044
27 14 0.142 -0.560 2.070
27 15 0.154 -0.792 2.086
27 16 0.200 -0.838 2.104
27 17 0.287 -0.176 2.063
27 18 0.279 -0.557 2.074
27 19 0.288 -0.780 2.065
27 20 0.293 -0.809 1.986
28 1 0.212 -0.106 2.070
28 2 0.206 -0.045 2.119
28 3 0.198 0.306 2.136
28 4 0.208 0.485 2.133
28 5 0.056 0.188 2.104
28 6 0.012 -0.052 2.059
28 7 0.002 -0.234 2.021
28 8 0.002 -0.284 2.018
28 9 0.365 0.187 2.134
28 10 0.408 -0.054 2.113
28 11 0.413 -0.230 2.061
28 12 0.419 -0.272 2.056
28 13 0.144 -0.176 2.049
28 14 0.141 -0.560 2.073
28 15 0.154 -0.792 2.087
28 16 0.200 -0.838 2.103
28 17 0.285 -0.175 2.068
28 18 0.277 -0.558 2.077
28 19 0.287 -0.780 2.065
28 20 0.293 -0.810 1.987
29 1 0.209 -0.106 2.074
29 2 0.203 -0.045 2.123
29 3 0.196 0.307 2.136
29 4 0.207 0.486 2.135
29 5 0.054 0.188 2.104
29 6 0.010 -0.052 2.060
29 7 -0.000 -0.234 2.024
29 8 -0.002 -0.284 2.023
29 9 0.362 0.187 2.136
29 10 0.404 -0.053 2.117
29 11 0.410 -0.229 2.068
29 12 0.416 -0.270 2.063
29 13 0.141 -0.175 2.054
29 14 0.139 -0.560 2.077
29 15 0.153 -0.792 2.088
29 16 0.201 -0.839 2.102
29 17 0.282 -0.175 2.074
29 18 0.275 -0.558 2.079
29 19 0.286 -0.781 2.065
29 20 0.292 -0.810 1.988
30 1 0.207 -0.106 2.079
30 2 0.200 -0.044 2.127
30 3 0.194 0.307 2.137
30 4 0.206 0.486 2.136
30 5 0.053 0.188 2.105
30 6 0.008 -0.052 2.061
30 7 -0.003 -0.234 2.027
30 8 -0.005 -0.284 2.027
30 9 0.360 0.188 2.139
30 10 0.401 -0.052 2.122
30 11 0.407 -0.229 2.074
30 12 0.412 -0.268 2.069
30 13 0.139 -0.175 2.058
30 14 0.136 -0.559 2.080
30 15 0.153 -0.793 2.089
30 16 0.201 -0.841 2.099
30 17 0.279 -0.175 2.080
30 18 0.274 -0.558 2.081
30 19 0.285 -0.781 2.066
30 20 0.286 -0.833 2.020
31 1 0.205 -0.106 2.084
31 2 0.198 -0.043 2.131
31 3 0.193 0.308 2.137
31 4 0.205 0.487 2.138
31 5 0.051 0.188 2.105
31 6 0.006 -0.051 2.063
31 7 -0.005 -0.234 2.030
31 8 -0.007 -0.284 2.030
31 9 0.358 0.189 2.141
31 10 0.398 -0.052 2.127
31 11 0.405 -0.228 2.080
31 12 0.410 -0.266 2.075
31 13 0.137 -0.175 2.063
31 14 0.134 -0.559 2.083
31 15 0.152 -0.793 2.090
31 16 0.200 -0.841 2.099
31 17 0.277 -0.175 2.086
31 18 0.273 -0.558 2.082
31 19 0.285 -0.781 2.066
31 20 0.284 -0.843 2.034
32 1 0.203 -0.105 2.088
32 2 0.196 -0.043 2.135
32 3 0.192 0.308 2.138
32 4 0.204 0.487 2.139
32 5 0.050 0.188 2.105
32 6 0.004 -0.051 2.064
32 7 -0.006 -0.234 2.032
32 8 -0.008 -0.284 2.033
32 9 0.356 0.189 2.144
32 10 0.396 -0.051 2.134
32 11 0.404 -0.228 2.086
32 12 0.407 -0.266 2.082
32 13 0.135 -0.175 2.068
32 14 0.132 -0.558 2.086
32 15 0.151 -0.794 2.093
32 16 0.200 -0.841 2.103
32 17 0.275 -0.175 2.091
32 18 0.272 -0.557 2.084
32 19 0.284 -0.781 2.066
32 20 0.282 -0.847 2.041
33 1 0.202 -0.105 2.093
33 2 0.194 -0.042 2.139
33 3 0.191 0.309 2.139
33 4 0.203 0.487 2.140
33 5 0.049 0.189 2.106
33 6 0.002 -0.051 2.065
33 7 -0.007 -0.234 2.033
33 8 -0.009 -0.284 2.035
33 9 0.354 0.190 2.146
33 10 0.394 -0.050 2.140
33 11 0.403 -0.228 2.091
33 12 0.405 -0.266 2.089
33 13 0.134 -0.175 2.072
33 14 0.131 -0.557 2.090
33 15 0.151 -0.795 2.098
33 16 0.201 -0.841 2.107
33 17 0.274 -0.174 2.096
33 18 0.272 -0.557 2.086
33 19 0.284 -0.782 2.067
33 20 0.281 -0.850 2.045
34 1 0.201 -0.105 2.096
34 2 0.193 -0.042 2.142
34 3 0.189 0.309 2.140
34 4 0.202 0.487 2.140
34 5 0.048 0.189 2.107
34 6 0.001 -0.051 2.066
34 7 -0.008 -0.234 2.035
34 8 -0.010 -0.284 2.036
34 9 0.352 0.190 2.149
34 10 0.393 -0.050 2.145
34 11 0.403 -0.227 2.097
34 12 0.404 -0.267 2.095
34 13 0.133 -0.175 2.076
34 14 0.129 -0.556 2.092
34 15 0.151 -0.795 2.103
34 16 0.202 -0.840 2.112
34 17 0.273 -0.174 2.100
34 18 0.271 -0.557 2.088
34 19 0.283 -0.782 2.067
34 20 0.281 -0.852 2.048
35 1 0.200 -0.105 2.100
35 2 0.192 -0.041 2.146
35 3 0.188 0.309 2.142
35 4 0.201 0.487 2.141
35 5 0.046 0.189 2.108
35 6 -0.000 -0.051 2.068
35 7 -0.008 -0.234 2.036
35 8 -0.010 -0.284 2.037
35 9 0.351 0.191 2.151
35 10 0.392 -0.049 2.150
35 11 0.403 -0.226 2.102
35 12 0.403 -0.268 2.102
35 13 0.132 -0.175 2.080
35 14 0.129 -0.555 2.095
35 15 0.151 -0.795 2.107
35 16 0.203 -0.839 2.116
35 17 0.272 -0.174 2.103
35 18 0.271 -0.556 2.090
35 19 0.283 -0.782 2.068
35 20 0.280 -0.853 2.050
36 1 0.200 -0.105 2.103
36 2 0.191 -0.041 2.149
36 3 0.187 0.310 2.144
36 4 0.200 0.487 2.143
36 5 0.045 0.189 2.110
36 6 -0.001 -0.051 2.069
36 7 -0.008 -0.234 2.037
36 8 -0.010 -0.284 2.038
36 9 0.350 0.191 2.154
36 10 0.392 -0.049 2.153
36 11 0.403 -0.226 2.106
36 12 0.404 -0.269 2.107
36 13 0.132 -0.175 2.083
36 14 0.128 -0.554 2.097
36 15 0.151 -0.795 2.110
36 16 0.204 -0.839 2.121
36 17 0.272 -0.174 2.106
36 18 0.271 -0.556 2.092
36 19 0.282 -0.783 2.070
36 20 0.280 -0.853 2.050
37 1 0.199 -0.104 2.106
37 2 0.191 -0.041 2.152
37 3 0.185 0.310 2.147
37 4 0.199 0.487 2.144
37 5 0.043 0.189 2.113
37 6 -0.002 -0.051 2.072
37 7 -0.008 -0.234 2.038
37 8 -0.010 -0.284 2.038
37 9 0.350 0.191 2.156
37 10 0.392 -0.048 2.156
37 11 0.404 -0.226 2.110
37 12 0.405 -0.269 2.111
37 13 0.132 -0.175 2.086
37 14 0.128 -0.554 2.099
37 15 0.151 -0.796 2.113
37 16 0.204 -0.839 2.124
37 17 0.272 -0.173 2.108
37 18 0.271 -0.556 2.095
37 19 0.282 -0.784 2.073
37 20 0.280 -0.853 2.051
38 1 0.200 -0.104 2.108
38 2 0.191 -0.041 2.155
38 3 0.184 0.310 2.150
38 4 0.198 0.487 2.146
38 5 0.042 0.189 2.118
38 6 -0.002 -0.051 2.075
38 7 -0.007 -0.234 2.039
38 8 -0.009 -0.284 2.039
38 9 0.349 0.192 2.158
38 10 0.393 -0.048 2.158
38 11 0.405 -0.225 2.114
38 12 0.407 -0.270 2.115
38 13 0.132 -0.175 2.089
38 14 0.128 -0.554 2.101
38 15 0.152 -0.796 2.115
38 16 0.205 -0.839 2.127
38 17 0.272 -0.173 2.111
38 18 0.272 -0.556 2.099
38 19 0.283 -0.788 2.083
38 20 0.282 -0.855 2.056
39 1 0.200 -0.104 2.111
39 2 0.192 -0.041 2.157
39 3 0.183 0.310 2.153
39 4 0.197 0.486 2.148
39 5 0.041 0.189 2.123
39 6 -0.002 -0.051 2.079
39 7 -0.006 -0.234 2.040
39 8 -0.008 -0.283 2.040
39 9 0.349 0.192 2.160
39 10 0.393 -0.048 2.160
39 11 0.407 -0.225 2.116
39 12 0.410 -0.270 2.118
39 13 0.133 -0.175 2.091
39 14 0.128 -0.554 2.103
39 15 0.152 -0.796 2.117
39 16 0.205 -0.839 2.129
39 17 0.273 -0.173 2.113
39 18 0.273 -0.557 2.105
39 19 0.285 -0.791 2.090
39 20 0.290 -0.840 2.041
40 1 0.201 -0.104 2.113
40 2 0.193 -0.041 2.160
40 3 0.183 0.310 2.157
40 4 0.196 0.486 2.151
40 5 0.040 0.189 2.128
40 6 -0.002 -0.051 2.084
40 7 -0.004 -0.233 2.042
40 8 -0.006 -0.283 2.041
40 9 0.349 0.192 2.162
40 10 0.394 -0.048 2.162
40 11 0.409 -0.225 2.119
40 12 0.414 -0.270 2.121
40 13 0.134 -0.175 2.093
40 14 0.128 -0.554 2.104
40 15 0.152 -0.796 2.118
40 16 0.205 -0.840 2.131
40 17 0.274 -0.173 2.114
40 18 0.276 -0.557 2.111
40 19 0.287 -0.793 2.097
40 20 0.295 -0.833 2.035
41 1 0.202 -0.104 2.115
41 2 0.195 -0.041 2.162
41 3 0.184 0.309 2.161
41 4 0.196 0.486 2.154
41 5 0.041 0.189 2.134
41 6 -0.000 -0.051 2.089
41 7 -0.002 -0.232 2.045
41 8 -0.003 -0.282 2.042
41 9 0.349 0.192 2.164
41 10 0.396 -0.048 2.163
41 11 0.412 -0.225 2.122
41 12 0.417 -0.270 2.123
41 13 0.135 -0.176 2.096
41 14 0.129 -0.554 2.106
41 15 0.152 -0.796 2.118
41 16 0.205 -0.841 2.134
41 17 0.275 -0.173 2.116
41 18 0.279 -0.557 2.116
41 19 0.290 -0.795 2.102
41 20 0.298 -0.829 2.032
42 1 0.204 -0.105 2.117
42 2 0.197 -0.042 2.165
42 3 0.187 0.309 2.166
42 4 0.196 0.486 2.158
42 5 0.042 0.189 2.139
42 6 0.001 -0.052 2.094
42 7 0.001 -0.232 2.047
42 8 -0.000 -0.282 2.044
42 9 0.350 0.192 2.165
42 10 0.398 -0.048 2.165
42 11 0.416 -0.226 2.124
42 12 0.421 -0.270 2.125
42 13 0.137 -0.176 2.098
42 14 0.129 -0.554 2.108
42 15 0.153 -0.797 2.119
42 16 0.205 -0.841 2.135
42 17 0.276 -0.173 2.117
42 18 0.281 -0.558 2.120
42 19 0.291 -0.796 2.105
42 20 0.300 -0.827 2.031
43 1 0.205 -0.105 2.119
43 2 0.199 -0.042 2.168
43 3 0.190 0.309 2.172
43 4 0.196 0.485 2.162
43 5 0.044 0.189 2.145
43 6 0.004 -0.052 2.101
43 7 0.004 -0.231 2.052
43 8 0.003 -0.281 2.046
43 9 0.352 0.191 2.167
43 10 0.401 -0.048 2.166
43 11 0.419 -0.226 2.126
43 12 0.427 -0.269 2.127
43 13 0.138 -0.176 2.101
43 14 0.130 -0.554 2.110
43 15 0.153 -0.797 2.119
43 16 0.205 -0.842 2.137
43 17 0.278 -0.173 2.119
43 18 0.282 -0.558 2.124
43 19 0.293 -0.798 2.109
43 20 0.301 -0.826 2.030
44 1 0.207 -0.105 2.121
44 2 0.202 -0.043 2.170
44 3 0.193 0.309 2.176
44 4 0.197 0.485 2.167
44 5 0.048 0.188 2.152
44 6 0.006 -0.052 2.107
44 7 0.008 -0.231 2.057
44 8 0.007 -0.281 2.050
44 9 0.354 0.191 2.169
44 10 0.405 -0.048 2.167
44 11 0.424 -0.227 2.128
44 12 0.431 -0.268 2.128
44 13 0.140 -0.176 2.103
44 14 0.131 -0.553 2.112
44 15 0.153 -0.798 2.119
44 16 0.201 -0.847 2.132
44 17 0.279 -0.173 2.120
44 18 0.284 -0.558 2.126
44 19 0.294 -0.799 2.112
44 20 0.302 -0.825 2.030
45 1 0.209 -0.105 2.124
45 2 0.205 -0.043 2.173
45 3 0.196 0.308 2.180
45 4 0.199 0.484 2.171
45 5 0.051 0.188 2.158
45 6 0.010 -0.053 2.113
45 7 0.012 -0.230 2.063
45 8 0.012 -0.281 2.055
45 9 0.357 0.190 2.171
45 10 0.411 -0.049 2.168
45 11 0.429 -0.227 2.129
45 12 0.436 -0.267 2.129
45 13 0.143 -0.176 2.107
45 14 0.132 -0.553 2.114
45 15 0.153 -0.799 2.119
45 16 0.199 -0.852 2.129
45 17 0.281 -0.173 2.120
45 18 0.286 -0.557 2.128
45 19 0.295 -0.800 2.114
45 20 0.303 -0.825 2.032
46 1 0.212 -0.106 2.126
46 2 0.208 -0.043 2.176
46 3 0.200 0.308 2.184
46 4 0.201 0.484 2.175
46 5 0.055 0.187 2.164
46 6 0.013 -0.053 2.119
46 7 0.016 -0.231 2.069
46 8 0.017 -0.281 2.061
46 9 0.361 0.189 2.173
46 10 0.417 -0.050 2.169
46 11 0.436 -0.228 2.131
46 12 0.443 -0.266 2.130
46 13 0.146 -0.176 2.111
46 14 0.133 -0.553 2.117
46 15 0.153 -0.800 2.119
46 16 0.198 -0.854 2.127
46 17 0.283 -0.173 2.121
46 18 0.288 -0.557 2.130
46 19 0.296 -0.800 2.116
46 20 0.286 -0.848 2.078
47 1 0.215 -0.106 2.129
47 2 0.212 -0.044 2.179
47 3 0.204 0.308 2.187
47 4 0.204 0.484 2.179
47 5 0.059 0.187 2.169
47 6 0.019 -0.054 2.127
47 7 0.019 -0.231 2.075
47 8 0.022 -0.282 2.068
47 9 0.364 0.188 2.175
47 10 0.422 -0.050 2.170
47 11 0.442 -0.228 2.131
47 12 0.449 -0.264 2.130
47 13 0.149 -0.177 2.116
47 14 0.135 -0.553 2.119
47 15 0.153 -0.800 2.119
47 16 0.196 -0.857 2.125
47 17 0.285 -0.174 2.123
47 18 0.291 -0.556 2.132
47 19 0.298 -0.801 2.118
47 20 0.272 -0.862 2.110
48 1 0.219 -0.106 2.132
48 2 0.217 -0.045 2.182
48 3 0.209 0.307 2.191
48 4 0.207 0.483 2.182
48 5 0.064 0.186 2.174
48 6 0.024 -0.055 2.133
48 7 0.024 -0.232 2.081
48 8 0.027 -0.283 2.074
48 9 0.369 0.188 2.177
48 10 0.429 -0.051 2.172
48 11 0.448 -0.229 2.132
48 12 0.455 -0.262 2.131
48 13 0.153 -0.177 2.121
48 14 0.137 -0.552 2.121
48 15 0.153 -0.801 2.119
48 16 0.195 -0.858 2.124
48 17 0.288 -0.174 2.124
48 18 0.294 -0.556 2.133
48 19 0.300 -0.801 2.120
48 20 0.268 -0.867 2.120
49 1 0.223 -0.107 2.135
49 2 0.222 -0.045 2.185
49 3 0.215 0.307 2.195
49 4 0.210 0.483 2.185
49 5 0.069 0.185 2.179
49 6 0.029 -0.056 2.139
49 7 0.029 -0.232 2.087
49 8 0.032 -0.284 2.080
49 9 0.372 0.187 2.178
49 10 0.434 -0.051 2.172
49 11 0.454 -0.229 2.132
49 12 0.461 -0.261 2.131
49 13 0.156 -0.177 2.125
49 14 0.139 -0.552 2.124
49 15 0.153 -0.802 2.119
49 16 0.196 -0.859 2.123
49 17 0.291 -0.174 2.125
49 18 0.297 -0.556 2.135
49 19 0.302 -0.801 2.121
49 20 0.265 -0.869 2.127
50 1 0.226 -0.107 2.139
50 2 0.226 -0.045 2.189
50 3 0.221 0.307 2.199
50 4 0.213 0.483 2.188
50 5 0.074 0.185 2.184
50 6 0.034 -0.056 2.145
50 7 0.034 -0.233 2.093
50 8 0.036 -0.284 2.086
50 9 0.376 0.186 2.179
50 10 0.440 -0.051 2.173
50 11 0.460 -0.229 2.132
50 12 0.468 -0.260 2.131
50 13 0.160 -0.178 2.130
50 14 0.142 -0.552 2.126
50 15 0.153 -0.803 2.119
50 16 0.197 -0.858 2.123
50 17 0.294 -0.174 2.126
50 18 0.300 -0.556 2.136
50 19 0.303 -0.802 2.123
50 20 0.263 -0.871 2.132
51 1 0.230 -0.108 2.142
51 2 0.231 -0.046 2.192
51 3 0.228 0.307 2.203
51 4 0.216 0.483 2.190
51 5 0.079 0.184 2.189
51 6 0.038 -0.057 2.150
51 7 0.039 -0.233 2.099
51 8 0.041 -0.285 2.091
51 9 0.380 0.186 2.180
51 10 0.445 -0.051 2.174
51 11 0.465 -0.229 2.133
51 12 0.474 -0.260 2.131
51 13 0.163 -0.178 2.134
51 14 0.144 -0.553 2.129
51 15 0.152 -0.803 2.119
51 16 0.197 -0.859 2.123
51 17 0.298 -0.174 2.128
51 18 0.304 -0.556 2.137
51 19 0.304 -0.802 2.125
51 20 0.262 -0.871 2.135
52 1 0.234 -0.108 2.145
52 2 0.236 -0.046 2.195
52 3 0.232 0.307 2.206
52 4 0.218 0.483 2.192
52 5 0.086 0.185 2.195
52 6 0.043 -0.056 2.155
52 7 0.044 -0.233 2.105
52 8 0.045 -0.285 2.097
52 9 0.384 0.185 2.181
52 10 0.450 -0.051 2.175
52 11 0.470 -0.229 2.133
52 12 0.479 -0.259 2.132
52 13 0.167 -0.178 2.139
52 14 0.147 -0.553 2.131
52 15 0.152 -0.804 2.119
52 16 0.216 -0.849 2.148
52 17 0.301 -0.175 2.130
52 18 0.307 -0.557 2.139
52 19 0.305 -0.803 2.128
52 20 0.263 -0.870 2.135
53 1 0.238 -0.109 2.148
53 2 0.240 -0.047 2.198
53 3 0.237 0.306 2.208
53 4 0.220 0.482 2.194
53 5 0.091 0.185 2.200
53 6 0.048 -0.056 2.161
53 7 0.048 -0.234 2.111
53 8 0.050 -0.285 2.103
53 9 0.388 0.185 2.182
53 10 0.455 -0.051 2.176
53 11 0.474 -0.229 2.133
53 12 0.484 -0.259 2.133
53 13 0.171 -0.178 2.143
53 14 0.150 -0.554 2.134
53 15 0.152 -0.805 2.119
53 16 0.224 -0.846 2.157
53 17 0.305 -0.175 2.131
53 18 0.310 -0.558 2.140
53 19 0.306 -0.804 2.131
53 20 0.263 -0.869 2.134
54 1 0.241 -0.109 2.151
54 2 0.244 -0.047 2.201
54 3 0.241 0.306 2.210
54 4 0.222 0.482 2.195
54 5 0.096 0.185 2.204
54 6 0.054 -0.056 2.167
54 7 0.052 -0.234 2.117
54 8 0.054 -0.286 2.110
54 9 0.391 0.185 2.183
54 10 0.459 -0.051 2.177
54 11 0.478 -0.229 2.134
54 12 0.488 -0.259 2.134
54 13 0.174 -0.179 2.148
54 14 0.153 -0.554 2.136
54 15 0.154 -0.807 2.120
54 16 0.220 -0.854 2.153
54 17 0.308 -0.175 2.134
54 18 0.313 -0.558 2.141
54 19 0.307 -0.804 2.133
54 20 0.266 -0.867 2.129
55 1 0.244 -0.110 2.155
55 2 0.248 -0.048 2.204
55 3 0.245 0.305 2.212
55 4 0.224 0.482 2.196
55 5 0.100 0.185 2.207
55 6 0.059 -0.056 2.173
55 7 0.055 -0.235 2.122
55 8 0.057 -0.286 2.116
55 9 0.395 0.184 2.184
55 10 0.463 -0.051 2.178
55 11 0.481 -0.229 2.134
55 12 0.491 -0.259 2.134
55 13 0.177 -0.179 2.152
55 14 0.156 -0.555 2.139
55 15 0.155 -0.809 2.120
55 16 0.174 -0.848 2.082
55 17 0.311 -0.176 2.136
55 18 0.316 -0.558 2.143
55 19 0.307 -0.805 2.135
55 20 0.271 -0.866 2.124
56 1 0.247 -0.110 2.158
56 2 0.251 -0.048 2.207
56 3 0.250 0.304 2.213
56 4 0.227 0.482 2.197
56 5 0.103 0.186 2.209
56 6 0.064 -0.056 2.179
56 7 0.059 -0.235 2.129
56 8 0.061 -0.287 2.122
56 9 0.399 0.184 2.184
56 10 0.466 -0.051 2.178
56 11 0.484 -0.229 2.135
56 12 0.494 -0.259 2.135
56 13 0.180 -0.179 2.157
56 14 0.160 -0.555 2.143
56 15 0.159 -0.811 2.123
56 16 0.160 -0.847 2.053
56 17 0.314 -0.176 2.138
56 18 0.318 -0.557 2.144
56 19 0.308 -0.806 2.137
56 20 0.277 -0.865 2.118
57 1 0.250 -0.110 2.161
57 2 0.254 -0.048 2.209
57 3 0.254 0.304 2.214
57 4 0.230 0.481 2.198
57 5 0.106 0.186 2.211
57 6 0.069 -0.056 2.184
57 7 0.062 -0.236 2.135
57 8 0.064 -0.287 2.128
57 9 0.403 0.184 2.185
57 10 0.469 -0.052 2.179
57 11 0.486 -0.229 2.136
57 12 0.496 -0.259 2.136
57 13 0.182 -0.180 2.162
57 14 0.163 -0.555 2.146
57 15 0.163 -0.813 2.126
57 16 0.219 -0.854 2.124
57 17 0.317 -0.176 2.141
57 18 0.321 -0.557 2.146
57 19 0.309 -0.806 2.139
57 20 0.281 -0.864 2.114
58 1 0.253 -0.111 2.164
58 2 0.257 -0.048 2.212
58 3 0.257 0.303 2.215
58 4 0.233 0.480 2.199
58 5 0.109 0.186 2.214
58 6 0.072 -0.056 2.189
58 7 0.065 -0.237 2.140
58 8 0.066 -0.288 2.134
58 9 0.406 0.183 2.186
58 10 0.472 -0.052 2.180
58 11 0.490 -0.230 2.138
58 12 0.499 -0.260 2.138
58 13 0.185 -0.180 2.167
58 14 0.165 -0.555 2.149
58 15 0.165 -0.814 2.127
58 16 0.235 -0.856 2.139
58 17 0.320 -0.177 2.144
58 18 0.324 -0.556 2.148
58 19 0.310 -0.807 2.140
58 20 0.283 -0.864 2.113
59 1 0.255 -0.111 2.168
59 2 0.260 -0.048 2.215
59 3 0.260 0.302 2.215
59 4 0.237 0.480 2.199
59 5 0.112 0.186 2.216
59 6 0.076 -0.057 2.194
59 7 0.067 -0.237 2.146
59 8 0.068 -0.289 2.139
59 9 0.410 0.183 2.186
59 10 0.475 -0.053 2.181
59 11 0.493 -0.231 2.142
59 12 0.502 -0.261 2.141
59 13 0.187 -0.180 2.171
59 14 0.167 -0.555 2.152
59 15 0.167 -0.815 2.128
59 16 0.252 -0.857 2.160
59 17 0.323 -0.177 2.147
59 18 0.326 -0.554 2.151
59 19 0.312 -0.807 2.141
59 20 0.286 -0.864 2.114
60 1 0.258 -0.111 2.171
60 2 0.263 -0.048 2.217
60 3 0.263 0.302 2.215
60 4 0.241 0.478 2.200
60 5 0.115 0.186 2.218
60 6 0.079 -0.057 2.198
60 7 0.069 -0.238 2.152
60 8 0.070 -0.290 2.145
60 9 0.414 0.182 2.187
60 10 0.477 -0.053 2.182
60 11 0.495 -0.233 2.146
60 12 0.504 -0.263 2.145
60 13 0.189 -0.180 2.175
60 14 0.169 -0.555 2.154
60 15 0.167 -0.815 2.129
60 16 0.259 -0.857 2.168
60 17 0.325 -0.177 2.151
60 18 0.329 -0.552 2.154
60 19 0.313 -0.807 2.142
60 20 0.303 -0.847 2.084
61 1 0.260 -0.111 2.174
61 2 0.266 -0.048 2.220
61 3 0.266 0.301 2.216
61 4 0.245 0.477 2.200
61 5 0.118 0.186 2.220
61 6 0.081 -0.057 2.201
61 7 0.071 -0.239 2.158
61 8 0.072 -0.291 2.152
61 9 0.417 0.182 2.187
61 10 0.480 -0.054 2.183
61 11 0.497 -0.234 2.149
61 12 0.506 -0.265 2.149
61 13 0.191 -0.180 2.180
61 14 0.171 -0.554 2.157
61 15 0.168 -0.815 2.129
61 16 0.262 -0.856 2.174
61 17 0.328 -0.177 2.154
61 18 0.331 -0.550 2.156
61 19 0.314 -0.806 2.142
61 20 0.311 -0.839 2.071
62 1 0.263 -0.110 2.178
62 2 0.268 -0.047 2.223
62 3 0.270 0.300 2.216
62 4 0.250 0.476 2.200
62 5 0.121 0.186 2.222
62 6 0.083 -0.057 2.204
62 7 0.072 -0.241 2.163
62 8 0.074 -0.293 2.157
62 9 0.420 0.181 2.188
62 10 0.482 -0.055 2.184
62 11 0.499 -0.236 2.153
62 12 0.507 -0.268 2.154
62 13 0.193 -0.180 2.183
62 14 0.172 -0.554 2.159
62 15 0.168 -0.816 2.130
62 16 0.264 -0.856 2.177
62 17 0.331 -0.177 2.158
62 18 0.333 -0.548 2.159
62 19 0.315 -0.806 2.143
62 20 0.315 -0.835 2.065
63 1 0.265 -0.110 2.181
63 2 0.271 -0.047 2.226
63 3 0.273 0.299 2.216
63 4 0.253 0.475 2.201
63 5 0.123 0.186 2.224
63 6 0.084 -0.056 2.206
63 7 0.073 -0.242 2.167
63 8 0.075 -0.294 2.161
63 9 0.423 0.180 2.189
63 10 0.483 -0.056 2.185
63 11 0.500 -0.237 2.156
63 12 0.508 -0.271 2.158
63 13 0.195 -0.180 2.186
63 14 0.174 -0.554 2.161
63 15 0.169 -0.816 2.130
63 16 0.262 -0.854 2.179
63 17 0.333 -0.177 2.161
63 18 0.334 -0.547 2.160
63 19 0.316 -0.806 2.143
63 20 0.317 -0.832 2.061
64 1 0.267 -0.110 2.183
64 2 0.273 -0.047 2.228
64 3 0.276 0.298 2.216
64 4 0.256 0.474 2.201
64 5 0.125 0.186 2.225
64 6 0.086 -0.056 2.208
64 7 0.074 -0.243 2.169
64 8 0.076 -0.294 2.164
64 9 0.427 0.179 2.191
64 10 0.485 -0.057 2.186
64 11 0.501 -0.239 2.160
64 12 0.508 -0.274 2.162
64 13 0.197 -0.180 2.189
64 14 0.175 -0.553 2.163
64 15 0.169 -0.816 2.130
64 16 0.259 -0.852 2.178
64 17 0.335 -0.177 2.164
64 18 0.335 -0.546 2.162
64 19 0.317 -0.805 2.143
64 20 0.319 -0.831 2.058
65 1 0.269 -0.110 2.185
65 2 0.275 -0.047 2.229
65 3 0.278 0.297 2.216
65 4 0.258 0.473 2.201
65 5 0.127 0.186 2.226
65 6 0.087 -0.056 2.210
65 7 0.075 -0.244 2.171
65 8 0.076 -0.295 2.166
65 9 0.429 0.178 2.192
65 10 0.486 -0.058 2.187
65 11 0.502 -0.240 2.162
65 12 0.508 -0.276 2.164
65 13 0.198 -0.180 2.191
65 14 0.176 -0.553 2.165
65 15 0.168 -0.815 2.130
65 16 0.255 -0.850 2.176
65 17 0.337 -0.177 2.166
65 18 0.336 -0.545 2.163
65 19 0.318 -0.805 2.144
65 20 0.320 -0.830 2.057
66 1 0.270 -0.110 2.187
66 2 0.276 -0.047 2.230
66 3 0.279 0.297 2.217
66 4 0.260 0.472 2.201
66 5 0.128 0.186 2.227
66 6 0.088 -0.056 2.211
66 7 0.075 -0.245 2.172
66 8 0.076 -0.295 2.167
66 9 0.432 0.178 2.193
66 10 0.487 -0.059 2.188
66 11 0.502 -0.241 2.164
66 12 0.508 -0.277 2.166
66 13 0.199 -0.180 2.192
66 14 0.177 -0.553 2.166
66 15 0.168 -0.815 2.130
66 16 0.234 -0.851 2.164
66 17 0.338 -0.177 2.168
66 18 0.336 -0.544 2.165
66 19 0.319 -0.805 2.144
66 20 0.321 -0.829 2.057
67 1 0.271 -0.110 2.188
67 2 0.277 -0.047 2.231
67 3 0.280 0.296 2.217
67 4 0.262 0.472 2.202
67 5 0.129 0.186 2.228
67 6 0.088 -0.056 2.211
67 7 0.075 -0.245 2.173
67 8 0.077 -0.296 2.168
67 9 0.434 0.177 2.195
67 10 0.488 -0.060 2.189
67 11 0.502 -0.242 2.166
67 12 0.508 -0.278 2.168
67 13 0.200 -0.180 2.193
67 14 0.177 -0.553 2.167
67 15 0.168 -0.815 2.130
67 16 0.224 -0.851 2.158
67 17 0.339 -0.177 2.170
67 18 0.337 -0.544 2.165
67 19 0.319 -0.805 2.144
67 20 0.321 -0.830 2.058
68 1 0.272 -0.110 2.189
68 2 0.278 -0.047 2.232
68 3 0.282 0.296 2.217
68 4 0.264 0.472 2.202
68 5 0.130 0.186 2.229
68 6 0.089 -0.056 2.212
68 7 0.075 -0.245 2.174
68 8 0.077 -0.296 2.169
68 9 0.436 0.177 2.196
68 10 0.488 -0.061 2.190
68 11 0.502 -0.242 2.167
68 12 0.507 -0.279 2.169
68 13 0.201 -0.180 2.194
68 14 0.178 -0.552 2.168
68 15 0.168 -0.815 2.130
68 16 0.207 -0.860 2.146
68 17 0.340 -0.177 2.171
68 18 0.337 -0.543 2.166
68 19 0.320 -0.804 2.144
68 20 0.320 -0.830 2.060
69 1 0.273 -0.110 2.189
69 2 0.278 -0.047 2.233
69 3 0.282 0.296 2.217
69 4 0.265 0.471 2.202
69 5 0.131 0.186 2.229
69 6 0.089 -0.056 2.212
69 7 0.076 -0.246 2.174
69 8 0.077 -0.296 2.169
69 9 0.437 0.177 2.197
69 10 0.489 -0.061 2.191
69 11 0.502 -0.243 2.168
69 12 0.507 -0.280 2.170
69 13 0.201 -0.180 2.195
69 14 0.178 -0.552 2.169
69 15 0.167 -0.814 2.130
69 16 0.197 -0.866 2.138
69 17 0.341 -0.177 2.172
69 18 0.337 -0.543 2.167
69 19 0.320 -0.804 2.144
69 20 0.320 -0.831 2.062
70 1 0.273 -0.110 2.190
70 2 0.279 -0.046 2.233
70 3 0.283 0.295 2.218
70 4 0.266 0.471 2.203
70 5 0.132 0.187 2.230
70 6 0.089 -0.056 2.212
70 7 0.076 -0.246 2.174
70 8 0.077 -0.296 2.169
70 9 0.439 0.176 2.198
70 10 0.489 -0.062 2.192
70 11 0.502 -0.243 2.169
70 12 0.507 -0.280 2.171
70 13 0.201 -0.180 2.195
70 14 0.179 -0.552 2.169
70 15 0.167 -0.814 2.130
70 16 0.168 -0.857 2.081
70 17 0.341 -0.177 2.172
70 18 0.337 -0.543 2.167
70 19 0.321 -0.804 2.145
70 20 0.320 -0.831 2.063
71 1 0.273 -0.110 2.190
71 2 0.279 -0.046 2.233
71 3 0.284 0.295 2.218
71 4 0.267 0.471 2.203
71 5 0.133 0.187 2.230
71 6 0.090 -0.056 2.213
71 7 0.076 -0.246 2.173
71 8 0.078 -0.296 2.168
71 9 0.440 0.176 2.200
71 10 0.489 -0.062 2.194
71 11 0.502 -0.243 2.169
71 12 0.507 -0.281 2.172
71 13 0.202 -0.180 2.195
71 14 0.179 -0.552 2.169
71 15 0.167 -0.814 2.130
71 16 0.152 -0.850 2.049
71 17 0.342 -0.177 2.173
71 18 0.338 -0.542 2.167
71 19 0.321 -0.804 2.145
71 20 0.320 -0.832 2.065
72 1 0.274 -0.110 2.191
72 2 0.279 -0.046 2.234
72 3 0.284 0.295 2.219
72 4 0.268 0.471 2.203
72 5 0.133 0.187 2.230
72 6 0.090 -0.055 2.213
72 7 0.076 -0.246 2.172
72 8 0.078 -0.296 2.166
72 9 0.441 0.176 2.201
72 10 0.490 -0.063 2.195
72 11 0.502 -0.244 2.170
72 12 0.507 -0.281 2.172
72 13 0.202 -0.180 2.196
72 14 0.179 -0.552 2.170
72 15 0.167 -0.814 2.130
72 16 0.146 -0.848 2.038
72 17 0.342 -0.177 2.173
72 18 0.338 -0.542 2.168
72 19 0.321 -0.804 2.145
72 20 0.319 -0.832 2.066
73 1 0.274 -0.110 2.191
73 2 0.280 -0.046 2.234
73 3 0.285 0.295 2.219
73 4 0.268 0.470 2.203
73 5 0.133 0.187 2.230
73 6 0.090 -0.055 2.212
73 7 0.076 -0.246 2.171
73 8 0.078 -0.296 2.165
73 9 0.441 0.176 2.201
73 10 0.490 -0.063 2.195
73 11 0.502 -0.244 2.170
73 12 0.506 -0.281 2.173
73 13 0.202 -0.180 2.196
73 14 0.179 -0.552 2.170
73 15 0.167 -0.814 2.130
73 16 0.143 -0.846 2.031
73 17 0.342 -0.177 2.173
73 18 0.338 -0.542 2.168
73 19 0.322 -0.804 2.145
73 20 0.319 -0.833 2.067
74 1 0.274 -0.110 2.191
74 2 0.280 -0.046 2.234
74 3 0.285 0.295 2.220
74 4 0.269 0.470 2.204
74 5 0.134 0.187 2.231
74 6 0.091 -0.055 2.212
74 7 0.077 -0.247 2.170
74 8 0.078 -0.296 2.163
74 9 0.442 0.176 2.202
74 10 0.490 -0.064 2.196
74 11 0.502 -0.244 2.171
74 12 0.506 -0.281 2.173
74 13 0.202 -0.180 2.196
74 14 0.179 -0.552 2.170
74 15 0.167 -0.814 2.130
74 16 0.143 -0.844 2.029
74 17 0.342 -0.177 2.174
74 18 0.338 -0.542 2.168
74 19 0.322 -0.804 2.145
74 20 0.319 -0.833 2.068
75 1 0.274 -0.110 2.191
75 2 0.280 -0.046 2.234
75 3 0.286 0.294 2.220
75 4 0.269 0.470 2.204
75 5 0.134 0.187 2.231
75 6 0.091 -0.055 2.212
75 7 0.077 -0.247 2.168
75 8 0.079 -0.296 2.161
75 9 0.442 0.176 2.203
75 10 0.490 -0.064 2.197
75 11 0.502 -0.244 2.171
75 12 0.506 -0.281 2.173
75 13 0.202 -0.180 2.196
75 14 0.179 -0.552 2.170
75 15 0.167 -0.814 2.130
75 16 0.149 -0.844 2.034
75 17 0.342 -0.177 2.174
75 18 0.338 -0.542 2.168
75 19 0.322 -0.804 2.145
75 20 0.319 -0.833 2.068
76 1 0.274 -0.110 2.191
76 2 0.280 -0.046 2.235
76 3 0.286 0.294 2.221
76 4 0.270 0.470 2.204
76 5 0.135 0.187 2.231
76 6 0.091 -0.055 2.212
76 7 0.077 -0.247 2.167
76 8 0.079 -0.296 2.160
76 9 0.443 0.175 2.203
76 10 0.490 -0.064 2.197
76 11 0.502 -0.244 2.171
76 12 0.506 -0.281 2.173
76 13 0.202 -0.180 2.196
76 14 0.179 -0.552 2.171
76 15 0.168 -0.814 2.130
76 16 0.153 -0.844 2.038
76 17 0.343 -0.177 2.174
76 18 0.338 -0.542 2.169
76 19 0.322 -0.804 2.145
76 20 0.319 -0.834 2.069
77 1 0.274 -0.110 2.191
77 2 0.280 -0.046 2.235
77 3 0.287 0.294 2.221
77 4 0.270 0.470 2.205
77 5 0.135 0.187 2.231
77 6 0.091 -0.055 2.212
77 7 0.077 -0.247 2.166
77 8 0.079 -0.296 2.159
77 9 0.443 0.175 2.204
77 10 0.490 -0.064 2.198
77 11 0.502 -0.245 2.171
77 12 0.506 -0.282 2.174
77 13 0.202 -0.180 2.196
77 14 0.179 -0.552 2.171
77 15 0.168 -0.814 2.130
77 16 0.155 -0.844 2.041
77 17 0.343 -0.177 2.174
77 18 0.338 -0.542 2.169
77 19 0.322 -0.804 2.145
77 20 0.319 -0.834 2.069
78 1 0.274 -0.110 2.191
78 2 0.280 -0.046 2.235
78 3 0.287 0.294 2.222
78 4 0.270 0.470 2.205
78 5 0.135 0.187 2.231
78 6 0.092 -0.055 2.211
78 7 0.077 -0.246 2.166
78 8 0.079 -0.295 2.158
78 9 0.443 0.175 2.204
78 10 0.490 -0.065 2.198
78 11 0.502 -0.245 2.172
78 12 0.505 -0.282 2.174
78 13 0.203 -0.179 2.196
78 14 0.179 -0.552 2.171
78 15 0.168 -0.814 2.130
78 16 0.157 -0.844 2.044
78 17 0.343 -0.177 2.174
78 18 0.338 -0.542 2.169
78 19 0.322 -0.803 2.145
78 20 0.319 -0.834 2.069
79 1 0.274 -0.110 2.191
79 2 0.280 -0.047 2.235
79 3 0.287 0.294 2.223
79 4 0.271 0.470 2.205
79 5 0.135 0.187 2.231
79 6 0.092 -0.055 2.211
79 7 0.077 -0.247 2.165
79 8 0.079 -0.295 2.158
79 9 0.443 0.175 2.204
79 10 0.490 -0.065 2.198
79 11 0.501 -0.245 2.172
79 12 0.505 -0.282 2.174
79 13 0.203 -0.179 2.196
79 14 0.179 -0.552 2.171
79 15 0.168 -0.814 2.130
79 16 0.158 -0.844 2.046
79 17 0.343 -0.177 2.174
79 18 0.338 -0.542 2.169
79 19 0.323 -0.803 2.145
79 20 0.319 -0.834 2.070
80 1 0.274 -0.110 2.191
80 2 0.280 -0.047 2.235
80 3 0.288 0.294 2.223
80 4 0.271 0.470 2.206
80 5 0.136 0.187 2.232
80 6 0.092 -0.055 2.211
80 7 0.077 -0.247 2.165
80 8 0.079 -0.295 2.157
80 9 0.443 0.175 2.205
80 10 0.490 -0.065 2.198
80 11 0.501 -0.245 2.172
80 12 0.504 -0.282 2.173
80 13 0.203 -0.179 2.196
80 14 0.179 -0.552 2.171
80 15 0.168 -0.814 2.130
80 16 0.159 -0.843 2.048
80 17 0.343 -0.177 2.174
80 18 0.338 -0.541 2.169
80 19 0.323 -0.803 2.145
80 20 0.319 -0.834 2.070
81 1 0.275 -0.110 2.192
81 2 0.280 -0.047 2.235
81 3 0.288 0.294 2.224
81 4 0.271 0.470 2.206
81 5 0.136 0.187 2.232
81 6 0.092 -0.054 2.211
81 7 0.077 -0.247 2.164
81 8 0.079 -0.295 2.157
81 9 0.444 0.175 2.205
81 10 0.490 -0.065 2.199
81 11 0.501 -0.245 2.171
81 12 0.503 -0.283 2.172
81 13 0.203 -0.179 2.196
81 14 0.178 -0.552 2.171
81 15 0.167 -0.814 2.130
81 16 0.160 -0.843 2.049
81 17 0.343 -0.177 2.174
81 18 0.338 -0.541 2.169
81 19 0.323 -0.803 2.145
81 20 0.318 -0.834 2.070
82 1 0.275 -0.110 2.192
82 2 0.280 -0.047 2.235
82 3 0.288 0.294 2.224
82 4 0.272 0.470 2.206
82 5 0.136 0.187 2.232
82 6 0.092 -0.054 2.211
82 7 0.077 -0.247 2.164
82 8 0.079 -0.296 2.157
82 9 0.444 0.175 2.205
82 10 0.490 -0.065 2.199
82 11 0.500 -0.245 2.171
82 12 0.501 -0.283 2.171
82 13 0.203 -0.179 2.196
82 14 0.178 -0.552 2.171
82 15 0.167 -0.814 2.130
82 16 0.160 -0.844 2.051
82 17 0.343 -0.177 2.174
82 18 0.338 -0.541 2.169
82 19 0.323 -0.803 2.146
82 20 0.318 -0.834 2.070
83 1 0.275 -0.109 2.192
83 2 0.280 -0.047 2.235
83 3 0.288 0.294 2.224
83 4 0.272 0.469 2.207
83 5 0.136 0.187 2.232
83 6 0.092 -0.054 2.211
83 7 0.077 -0.247 2.164
83 8 0.079 -0.296 2.156
83 9 0.444 0.175 2.205
83 10 0.490 -0.065 2.199
83 11 0.499 -0.245 2.170
83 12 0.499 -0.284 2.168
83 13 0.203 -0.179 2.196
83 14 0.178 -0.552 2.171
83 15 0.167 -0.814 2.130
83 16 0.161 -0.844 2.051
83 17 0.343 -0.177 2.174
83 18 0.338 -0.541 2.169
83 19 0.323 -0.803 2.146
83 20 0.318 -0.834 2.070
84 1 0.275 -0.109 2.192
84 2 0.280 -0.047 2.235
84 3 0.288 0.294 2.225
84 4 0.272 0.469 2.207
84 5 0.137 0.187 2.232
84 6 0.092 -0.054 2.211
84 7 0.077 -0.247 2.164
84 8 0.079 -0.296 2.156
84 9 0.444 0.175 2.205
84 10 0.490 -0.065 2.199
84 11 0.498 -0.245 2.168
84 12 0.497 -0.285 2.165
84 13 0.203 -0.179 2.196
84 14 0.178 -0.552 2.171
84 15 0.167 -0.814 2.130
84 16 0.136 -0.852 2.086
84 17 0.343 -0.177 2.174
84 18 0.338 -0.541 2.169
84 19 0.322 -0.803 2.146
84 20 0.317 -0.835 2.070
85 1 0.275 -0.109 2.192
85 2 0.280 -0.047 2.236
85 3 0.289 0.294 2.225
85 4 0.272 0.469 2.207
85 5 0.137 0.187 2.232
85 6 0.093 -0.054 2.211
85 7 0.077 -0.247 2.163
85 8 0.079 -0.296 2.156
85 9 0.444 0.175 2.205
85 10 0.490 -0.065 2.199
85 11 0.496 -0.245 2.166
85 12 0.495 -0.285 2.162
85 13 0.203 -0.179 2.196
85 14 0.177 -0.552 2.171
85 15 0.167 -0.814 2.130
85 16 0.141 -0.852 2.082
85 17 0.343 -0.177 2.174
85 18 0.338 -0.541 2.170
85 19 0.322 -0.804 2.146
85 20 0.316 -0.835 2.071
86 1 0.275 -0.109 2.192
86 2 0.281 -0.047 2.236
86 3 0.289 0.294 2.225
86 4 0.272 0.469 2.207
86 5 0.137 0.187 2.233
86 6 0.093 -0.054 2.211
86 7 0.077 -0.247 2.163
86 8 0.079 -0.296 2.156
86 9 0.444 0.175 2.205
86 10 0.490 -0.065 2.199
86 11 0.495 -0.246 2.164
86 12 0.493 -0.286 2.160
86 13 0.203 -0.179 2.196
86 14 0.177 -0.552 2.172
86 15 0.167 -0.814 2.130
86 16 0.147 -0.850 2.075
86 17 0.343 -0.177 2.174
86 18 0.337 -0.542 2.170
86 19 0.321 -0.804 2.146
86 20 0.316 -0.835 2.071
87 1 0.275 -0.110 2.192
87 2 0.281 -0.047 2.236
87 3 0.289 0.294 2.225
87 4 0.273 0.469 2.207
87 5 0.137 0.187 2.233
87 6 0.093 -0.054 2.211
87 7 0.077 -0.247 2.163
87 8 0.078 -0.296 2.156
87 9 0.444 0.175 2.205
87 10 0.489 -0.065 2.199
87 11 0.493 -0.246 2.162
87 12 0.492 -0.286 2.158
87 13 0.203 -0.179 2.196
87 14 0.177 -0.552 2.172
87 15 0.167 -0.814 2.130
87 16 0.151 -0.849 2.069
87 17 0.343 -0.178 2.175
87 18 0.337 -0.542 2.170
87 19 0.321 -0.804 2.146
87 20 0.315 -0.836 2.071
88 1 0.275 -0.110 2.192
88 2 0.281 -0.047 2.236
88 3 0.289 0.294 2.225
88 4 0.273 0.469 2.207
88 5 0.137 0.187 2.233
88 6 0.093 -0.054 2.211
88 7 0.076 -0.247 2.163
88 8 0.078 -0.296 2.156
88 9 0.444 0.175 2.205
88 10 0.489 -0.066 2.198
88 11 0.492 -0.246 2.161
88 12 0.491 -0.287 2.157
88 13 0.203 -0.179 2.196
88 14 0.177 -0.552 2.172
88 15 0.167 -0.814 2.130
88 16 0.153 -0.848 2.065
88 17 0.343 -0.179 2.176
88 18 0.337 -0.542 2.171
88 19 0.320 -0.804 2.146
88 20 0.314 -0.836 2.071
89 1 0.275 -0.110 2.194
89 2 0.281 -0.047 2.237
89 3 0.289 0.293 2.225
89 4 0.274 0.468 2.207
89 5 0.137 0.187 2.233
89 6 0.093 -0.054 2.211
89 7 0.076 -0.247 2.164
89 8 0.076 -0.299 2.159
89 9 0.444 0.174 2.205
89 10 0.489 -0.066 2.198
89 11 0.491 -0.247 2.161
89 12 0.490 -0.289 2.158
89 13 0.203 -0.179 2.198
89 14 0.177 -0.552 2.172
89 15 0.167 -0.814 2.130
89 16 0.155 -0.847 2.061
89 17 0.343 -0.181 2.180
89 18 0.336 -0.543 2.171
89 19 0.319 -0.804 2.146
89 20 0.313 -0.836 2.072
90 1 0.275 -0.112 2.197
90 2 0.281 -0.047 2.238
90 3 0.290 0.292 2.223
90 4 0.276 0.465 2.205
90 5 0.138 0.187 2.232
90 6 0.093 -0.054 2.211
90 7 0.076 -0.248 2.165
90 8 0.073 -0.303 2.164
90 9 0.445 0.172 2.204
90 10 0.489 -0.067 2.198
90 11 0.489 -0.249 2.163
90 12 0.488 -0.293 2.160
90 13 0.202 -0.181 2.203
90 14 0.176 -0.552 2.172
90 15 0.167 -0.813 2.130
90 16 0.156 -0.847 2.059
90 17 0.344 -0.183 2.186
90 18 0.336 -0.543 2.172
90 19 0.318 -0.805 2.147
90 20 0.311 -0.837 2.072
91 1 0.276 -0.115 2.204
91 2 0.281 -0.048 2.239
91 3 0.292 0.285 2.217
91 4 0.280 0.458 2.199
91 5 0.138 0.186 2.232
91 6 0.093 -0.055 2.211
91 7 0.075 -0.252 2.170
91 8 0.071 -0.313 2.173
91 9 0.448 0.167 2.201
91 10 0.489 -0.070 2.198
91 11 0.488 -0.253 2.167
91 12 0.488 -0.305 2.170
91 13 0.203 -0.185 2.214
91 14 0.176 -0.552 2.174
91 15 0.167 -0.813 2.130
91 16 0.157 -0.847 2.058
91 17 0.345 -0.189 2.198
91 18 0.335 -0.543 2.173
91 19 0.315 -0.805 2.147
91 20 0.308 -0.838 2.073
92 1 0.277 -0.122 2.216
92 2 0.283 -0.052 2.242
92 3 0.294 0.276 2.208
92 4 0.287 0.445 2.190
92 5 0.139 0.181 2.229
92 6 0.094 -0.059 2.211
92 7 0.075 -0.260 2.177
92 8 0.069 -0.326 2.184
92 9 0.450 0.155 2.193
92 10 0.490 -0.077 2.198
92 11 0.486 -0.262 2.176
92 12 0.488 -0.320 2.183
92 13 0.204 -0.192 2.229
92 14 0.176 -0.553 2.177
92 15 0.167 -0.813 2.130
92 16 0.158 -0.847 2.057
92 17 0.346 -0.197 2.215
92 18 0.334 -0.543 2.175
92 19 0.313 -0.805 2.147
92 20 0.305 -0.839 2.074
93 1 0.280 -0.131 2.229
93 2 0.285 -0.058 2.248
93 3 0.297 0.263 2.199
93 4 0.293 0.429 2.180
93 5 0.140 0.175 2.226
93 6 0.095 -0.064 2.213
93 7 0.076 -0.269 2.186
93 8 0.069 -0.339 2.197
93 9 0.451 0.141 2.184
93 10 0.491 -0.086 2.199
93 11 0.486 -0.273 2.188
93 12 0.491 -0.339 2.203
93 13 0.206 -0.201 2.247
93 14 0.177 -0.554 2.182
93 15 0.168 -0.813 2.130
93 16 0.159 -0.847 2.056
93 17 0.349 -0.206 2.231
93 18 0.333 -0.543 2.179
93 19 0.310 -0.805 2.148
93 20 0.301 -0.840 2.074
94 1 0.283 -0.142 2.244
94 2 0.288 -0.069 2.255
94 3 0.300 0.243 2.188
94 4 0.298 0.412 2.171
94 5 0.141 0.164 2.221
94 6 0.097 -0.075 2.215
94 7 0.078 -0.285 2.201
94 8 0.070 -0.351 2.209
94 9 0.452 0.127 2.177
94 10 0.492 -0.101 2.200
94 11 0.488 -0.287 2.201
94 12 0.494 -0.358 2.220
94 13 0.210 -0.213 2.266
94 14 0.179 -0.556 2.187
94 15 0.169 -0.813 2.130
94 16 0.139 -0.854 2.093
94 17 0.352 -0.217 2.249
94 18 0.332 -0.544 2.185
94 19 0.308 -0.805 2.147
94 20 0.297 -0.841 2.075
95 1 0.288 -0.157 2.260
95 2 0.292 -0.085 2.264
95 3 0.301 0.221 2.179
95 4 0.300 0.388 2.161
95 5 0.143 0.133 2.213
95 6 0.100 -0.105 2.225
95 7 0.080 -0.301 2.215
95 8 0.076 -0.369 2.228
95 9 0.451 0.107 2.169
95 10 0.494 -0.121 2.204
95 11 0.491 -0.305 2.216
95 12 0.498 -0.375 2.237
95 13 0.215 -0.227 2.284
95 14 0.190 -0.569 2.195
95 15 0.170 -0.813 2.130
95 16 0.147 -0.857 2.088
95 17 0.357 -0.229 2.266
95 18 0.331 -0.550 2.193
95 19 0.306 -0.805 2.147
95 20 0.295 -0.842 2.075
96 1 0.292 -0.173 2.274
96 2 0.296 -0.103 2.273
96 3 0.300 0.197 2.174
96 4 0.302 0.362 2.153
96 5 0.143 0.112 2.210
96 6 0.102 -0.126 2.233
96 7 0.085 -0.326 2.237
96 8 0.079 -0.385 2.242
96 9 0.449 0.089 2.164
96 10 0.495 -0.140 2.209
96 11 0.493 -0.322 2.229
96 12 0.501 -0.390 2.251
96 13 0.220 -0.241 2.299
96 14 0.208 -0.584 2.200
96 15 0.172 -0.813 2.130
96 16 0.155 -0.858 2.082
96 17 0.361 -0.242 2.283
96 18 0.331 -0.558 2.201
96 19 0.304 -0.805 2.147
96 20 0.292 -0.843 2.076
97 1 0.296 -0.187 2.286
97 2 0.299 -0.119 2.281
97 3 0.298 0.177 2.171
97 4 0.302 0.334 2.146
97 5 0.142 0.088 2.209
97 6 0.102 -0.150 2.241
97 7 0.088 -0.339 2.249
97 8 0.085 -0.402 2.262
97 9 0.448 0.070 2.163
97 10 0.496 -0.160 2.216
97 11 0.496 -0.340 2.244
97 12 0.504 -0.406 2.267
97 13 0.224 -0.255 2.314
97 14 0.216 -0.591 2.203
97 15 0.174 -0.814 2.130
97 16 0.162 -0.860 2.076
97 17 0.367 -0.257 2.297
97 18 0.332 -0.574 2.207
97 19 0.302 -0.805 2.147
97 20 0.290 -0.845 2.076
98 1 0.299 -0.201 2.297
98 2 0.302 -0.136 2.289
98 3 0.296 0.152 2.171
98 4 0.302 0.312 2.141
98 5 0.141 0.072 2.210
98 6 0.103 -0.164 2.248
98 7 0.093 -0.357 2.265
98 8 0.089 -0.420 2.281
98 9 0.449 0.048 2.166
98 10 0.497 -0.178 2.224
98 11 0.499 -0.356 2.258
98 12 0.507 -0.419 2.282
98 13 0.229 -0.268 2.328
98 14 0.223 -0.599 2.204
98 15 0.176 -0.814 2.130
98 16 0.166 -0.862 2.072
98 17 0.372 -0.272 2.310
98 18 0.332 -0.582 2.212
98 19 0.301 -0.805 2.147
98 20 0.288 -0.847 2.077
99 1 0.303 -0.215 2.307
99 2 0.304 -0.151 2.296
99 3 0.295 0.134 2.173
99 4 0.302 0.296 2.138
99 5 0.141 0.059 2.212
99 6 0.105 -0.177 2.255
99 7 0.098 -0.374 2.283
99 8 0.093 -0.433 2.297
99 9 0.448 0.033 2.168
99 10 0.498 -0.190 2.232
99 11 0.501 -0.366 2.268
99 12 0.509 -0.429 2.293
99 13 0.233 -0.281 2.340
99 14 0.226 -0.606 2.204
99 15 0.178 -0.815 2.130
99 16 0.170 -0.863 2.069
99 17 0.376 -0.284 2.320
99 18 0.333 -0.587 2.215
99 19 0.293 -0.830 2.142
99 20 0.277 -0.892 2.071
100 1 0.306 -0.227 2.317
100 2 0.306 -0.164 2.303
100 3 0.293 0.116 2.176
100 4 0.301 0.280 2.138
100 5 0.141 0.046 2.215
100 6 0.106 -0.189 2.262
100 7 0.104 -0.395 2.302
100 8 0.094 -0.444 2.312
100 9 0.448 0.018 2.174
100 10 0.500 -0.204 2.244
100 11 0.504 -0.379 2.283
100 12 0.512 -0.440 2.308
100 13 0.237 -0.293 2.352
100 14 0.236 -0.647 2.190
100 15 0.174 -0.843 2.124
100 16 0.188 -0.823 2.103
100 17 0.379 -0.294 2.330
100 18 0.333 -0.591 2.218
100 19 0.288 -0.848 2.138
100 20 0.272 -0.917 2.068
101 1 0.308 -0.238 2.326
101 2 0.308 -0.176 2.310
101 3 0.292 0.101 2.180
101 4 0.300 0.266 2.138
101 5 0.142 0.024 2.222
101 6 0.108 -0.208 2.274
101 7 0.107 -0.406 2.312
101 8 0.094 -0.451 2.322
101 9 0.449 0.004 2.182
101 10 0.501 -0.215 2.257
101 11 0.507 -0.389 2.298
101 12 0.515 -0.450 2.325
101 13 0.241 -0.303 2.361
101 14 0.240 -0.664 2.184
101 15 0.166 -0.854 2.117
101 16 0.169 -0.794 2.094
101 17 0.382 -0.305 2.341
101 18 0.327 -0.643 2.208
101 19 0.276 -0.870 2.133
101 20 0.264 -0.933 2.066
102 1 0.311 -0.248 2.334
102 2 0.309 -0.188 2.317
102 3 0.291 0.085 2.187
102 4 0.299 0.250 2.140
102 5 0.144 0.003 2.229
102 6 0.109 -0.228 2.286
102 7 0.110 -0.414 2.320
102 8 0.095 -0.457 2.330
102 9 0.451 -0.009 2.191
102 10 0.503 -0.223 2.267
102 11 0.510 -0.397 2.314
102 12 0.518 -0.457 2.341
102 13 0.244 -0.313 2.372
102 14 0.230 -0.639 2.199
102 15 0.161 -0.862 2.112
102 16 0.151 -0.864 2.060
102 17 0.385 -0.315 2.350
102 18 0.323 -0.671 2.201
102 19 0.284 -0.891 2.133
102 20 0.273 -0.949 2.067
103 1 0.313 -0.256 2.342
103 2 0.311 -0.197 2.323
103 3 0.290 0.072 2.193
103 4 0.299 0.237 2.143
103 5 0.146 -0.012 2.235
103 6 0.110 -0.241 2.294
103 7 0.112 -0.420 2.328
103 8 0.095 -0.461 2.335
103 9 0.455 -0.022 2.202
103 10 0.505 -0.231 2.278
103 11 0.512 -0.403 2.325
103 12 0.520 -0.463 2.353
103 13 0.246 -0.322 2.380
103 14 0.232 -0.650 2.195
103 15 0.155 -0.869 2.107
103 16 0.137 -0.902 2.040
103 17 0.388 -0.322 2.359
103 18 0.321 -0.644 2.213
103 19 0.290 -0.899 2.133
103 20 0.285 -0.960 2.070
104 1 0.315 -0.265 2.350
104 2 0.312 -0.207 2.331
104 3 0.290 0.058 2.201
104 4 0.299 0.226 2.147
104 5 0.147 -0.026 2.241
104 6 0.112 -0.254 2.303
104 7 0.114 -0.428 2.335
104 8 0.101 -0.471 2.351
104 9 0.458 -0.033 2.213
104 10 0.505 -0.246 2.296
104 11 0.515 -0.417 2.346
104 12 0.522 -0.465 2.362
104 13 0.248 -0.331 2.388
104 14 0.221 -0.684 2.181
104 15 0.148 -0.878 2.100
104 16 0.130 -0.924 2.028
104 17 0.391 -0.331 2.369
104 18 0.308 -0.627 2.221
104 19 0.298 -0.903 2.133
104 20 0.303 -0.964 2.073
105 1 0.316 -0.272 2.357
105 2 0.313 -0.216 2.337
105 3 0.291 0.046 2.209
105 4 0.300 0.213 2.153
105 5 0.148 -0.037 2.247
105 6 0.113 -0.264 2.310
105 7 0.131 -0.447 2.336
105 8 0.135 -0.504 2.348
105 9 0.461 -0.043 2.223
105 10 0.506 -0.258 2.308
105 11 0.516 -0.428 2.358
105 12 0.524 -0.483 2.380
105 13 0.249 -0.339 2.395
105 14 0.194 -0.707 2.167
105 15 0.145 -0.888 2.094
105 16 0.128 -0.939 2.020
105 17 0.393 -0.337 2.376
105 18 0.280 -0.602 2.222
105 19 0.315 -0.848 2.148
105 20 0.298 -0.901 2.116
106 1 0.317 -0.279 2.363
106 2 0.314 -0.223 2.343
106 3 0.292 0.035 2.217
106 4 0.302 0.200 2.161
106 5 0.149 -0.046 2.252
106 6 0.113 -0.272 2.316
106 7 0.138 -0.455 2.336
106 8 0.152 -0.519 2.345
106 9 0.464 -0.055 2.234
106 10 0.506 -0.272 2.320
106 11 0.516 -0.442 2.369
106 12 0.525 -0.501 2.394
106 13 0.250 -0.346 2.401
106 14 0.176 -0.717 2.162
106 15 0.145 -0.897 2.090
106 16 0.128 -0.947 2.015
106 17 0.395 -0.344 2.383
106 18 0.269 -0.592 2.223
106 19 0.324 -0.815 2.157
106 20 0.296 -0.873 2.136
107 1 0.319 -0.288 2.372
107 2 0.315 -0.233 2.351
107 3 0.293 0.024 2.225
107 4 0.304 0.187 2.170
107 5 0.151 -0.058 2.261
107 6 0.113 -0.282 2.322
107 7 0.144 -0.462 2.336
107 8 0.160 -0.526 2.344
107 9 0.467 -0.065 2.245
107 10 0.506 -0.283 2.329
107 11 0.516 -0.454 2.384
107 12 0.527 -0.511 2.409
107 13 0.252 -0.354 2.410
107 14 0.168 -0.722 2.160
107 15 0.144 -0.902 2.087
107 16 0.128 -0.953 2.011
107 17 0.398 -0.352 2.392
107 18 0.263 -0.588 2.223
107 19 0.328 -0.803 2.160
107 20 0.294 -0.859 2.146
108 1 0.320 -0.297 2.382
108 2 0.316 -0.242 2.360
108 3 0.295 0.012 2.236
108 4 0.307 0.176 2.179
108 5 0.153 -0.067 2.270
108 6 0.112 -0.290 2.328
108 7 0.148 -0.468 2.336
108 8 0.165 -0.533 2.344
108 9 0.470 -0.077 2.258
108 10 0.507 -0.296 2.339
108 11 0.513 -0.466 2.396
108 12 0.525 -0.525 2.423
108 13 0.253 -0.363 2.420
108 14 0.163 -0.726 2.159
108 15 0.143 -0.906 2.084
108 16 0.128 -0.957 2.008
108 17 0.399 -0.361 2.402
108 18 0.307 -0.687 2.200
108 19 0.320 -0.869 2.143
108 20 0.300 -0.919 2.106
109 1 0.322 -0.305 2.390
109 2 0.318 -0.252 2.369
109 3 0.297 -0.001 2.248
109 4 0.310 0.164 2.190
109 5 0.154 -0.077 2.278
109 6 0.112 -0.300 2.335
109 7 0.150 -0.476 2.338
109 8 0.138 -0.518 2.361
109 9 0.472 -0.089 2.270
109 10 0.508 -0.307 2.347
109 11 0.511 -0.476 2.404
109 12 0.525 -0.533 2.430
109 13 0.254 -0.371 2.428
109 14 0.160 -0.727 2.159
109 15 0.142 -0.909 2.081
109 16 0.128 -0.959 2.005
109 17 0.401 -0.369 2.410
109 18 0.318 -0.715 2.193
109 19 0.316 -0.905 2.135
109 20 0.305 -0.958 2.081
110 1 0.324 -0.312 2.398
110 2 0.320 -0.260 2.377
110 3 0.299 -0.012 2.259
110 4 0.314 0.154 2.201
110 5 0.155 -0.086 2.288
110 6 0.111 -0.308 2.341
110 7 0.127 -0.493 2.366
110 8 0.122 -0.534 2.380
110 9 0.474 -0.100 2.282
110 10 0.508 -0.316 2.357
110 11 0.510 -0.485 2.411
110 12 0.524 -0.540 2.436
110 13 0.256 -0.378 2.437
110 14 0.160 -0.726 2.161
110 15 0.141 -0.911 2.079
110 16 0.128 -0.958 2.002
110 17 0.403 -0.376 2.418
110 18 0.327 -0.735 2.189
110 19 0.313 -0.923 2.130
110 20 0.306 -0.975 2.069
111 1 0.325 -0.321 2.409
111 2 0.321 -0.269 2.387
111 3 0.301 -0.022 2.269
111 4 0.318 0.145 2.212
111 5 0.157 -0.096 2.299
111 6 0.111 -0.315 2.349
111 7 0.161 -0.516 2.355
111 8 0.184 -0.572 2.353
111 9 0.475 -0.112 2.294
111 10 0.508 -0.324 2.367
111 11 0.510 -0.493 2.417
111 12 0.524 -0.547 2.441
111 13 0.257 -0.386 2.447
111 14 0.196 -0.725 2.167
111 15 0.121 -0.897 2.073
111 16 0.123 -0.949 2.000
111 17 0.405 -0.386 2.428
111 18 0.332 -0.746 2.186
111 19 0.311 -0.934 2.127
111 20 0.307 -0.986 2.063
112 1 0.327 -0.330 2.419
112 2 0.323 -0.279 2.397
112 3 0.305 -0.035 2.282
112 4 0.323 0.132 2.228
112 5 0.159 -0.107 2.313
112 6 0.110 -0.329 2.366
112 7 0.182 -0.526 2.347
112 8 0.212 -0.587 2.337
112 9 0.476 -0.123 2.306
112 10 0.507 -0.331 2.377
112 11 0.511 -0.500 2.425
112 12 0.525 -0.553 2.447
112 13 0.259 -0.395 2.456
112 14 0.201 -0.724 2.168
112 15 0.114 -0.895 2.070
112 16 0.120 -0.945 1.998
112 17 0.405 -0.395 2.438
112 18 0.335 -0.751 2.185
112 19 0.309 -0.941 2.125
112 20 0.307 -0.993 2.058
113 1 0.327 -0.339 2.429
113 2 0.324 -0.289 2.408
113 3 0.308 -0.046 2.296
113 4 0.326 0.124 2.240
113 5 0.161 -0.117 2.326
113 6 0.111 -0.336 2.376
113 7 0.191 -0.529 2.354
113 8 0.225 -0.590 2.344
113 9 0.478 -0.132 2.317
113 10 0.505 -0.340 2.390
113 11 0.510 -0.513 2.443
113 12 0.524 -0.564 2.459
113 13 0.259 -0.404 2.466
113 14 0.203 -0.721 2.168
113 15 0.108 -0.892 2.067
113 16 0.117 -0.939 1.995
113 17 0.405 -0.404 2.448
113 18 0.336 -0.758 2.185
113 19 0.305 -0.949 2.121
113 20 0.305 -0.998 2.053
114 1 0.326 -0.349 2.441
114 2 0.323 -0.298 2.419
114 3 0.310 -0.054 2.309
114 4 0.329 0.116 2.253
114 5 0.162 -0.126 2.339
114 6 0.111 -0.342 2.386
114 7 0.195 -0.532 2.355
114 8 0.232 -0.595 2.344
114 9 0.478 -0.144 2.329
114 10 0.504 -0.345 2.398
114 11 0.509 -0.518 2.453
114 12 0.523 -0.570 2.468
114 13 0.257 -0.413 2.477
114 14 0.202 -0.718 2.167
114 15 0.101 -0.889 2.064
114 16 0.112 -0.933 1.992
114 17 0.402 -0.416 2.459
114 18 0.336 -0.760 2.186
114 19 0.303 -0.953 2.119
114 20 0.304 -1.001 2.050
115 1 0.325 -0.357 2.450
115 2 0.323 -0.306 2.428
115 3 0.311 -0.062 2.321
115 4 0.331 0.108 2.268
115 5 0.163 -0.134 2.351
115 6 0.111 -0.347 2.400
115 7 0.198 -0.535 2.355
115 8 0.235 -0.597 2.343
115 9 0.479 -0.152 2.338
115 10 0.503 -0.349 2.405
115 11 0.508 -0.522 2.460
115 12 0.522 -0.575 2.476
115 13 0.256 -0.421 2.486
115 14 0.201 -0.715 2.166
115 15 0.097 -0.885 2.061
115 16 0.109 -0.927 1.990
115 17 0.401 -0.424 2.467
115 18 0.335 -0.762 2.186
115 19 0.294 -0.956 2.112
115 20 0.295 -1.001 2.044
116 1 0.324 -0.363 2.457
116 2 0.322 -0.313 2.436
116 3 0.313 -0.068 2.333
116 4 0.332 0.101 2.283
116 5 0.164 -0.141 2.362
116 6 0.111 -0.351 2.410
116 7 0.199 -0.536 2.357
116 8 0.234 -0.598 2.343
116 9 0.480 -0.161 2.349
116 10 0.502 -0.352 2.412
116 11 0.465 -0.527 2.443
116 12 0.488 -0.583 2.468
116 13 0.255 -0.427 2.493
116 14 0.198 -0.711 2.165
116 15 0.093 -0.883 2.058
116 16 0.106 -0.922 1.987
116 17 0.399 -0.431 2.473
116 18 0.333 -0.764 2.187
116 19 0.288 -0.958 2.107
116 20 0.289 -1.000 2.041
117 1 0.324 -0.368 2.464
117 2 0.322 -0.318 2.444
117 3 0.315 -0.075 2.347
117 4 0.334 0.095 2.301
117 5 0.165 -0.148 2.375
117 6 0.111 -0.354 2.422
117 7 0.200 -0.537 2.359
117 8 0.232 -0.599 2.345
117 9 0.482 -0.167 2.361
117 10 0.502 -0.354 2.417
117 11 0.418 -0.535 2.410
117 12 0.394 -0.566 2.376
117 13 0.254 -0.432 2.500
117 14 0.196 -0.707 2.164
117 15 0.090 -0.879 2.057
117 16 0.103 -0.917 1.985
117 17 0.399 -0.437 2.479
117 18 0.331 -0.765 2.188
117 19 0.283 -0.959 2.104
117 20 0.284 -0.998 2.037
118 1 0.324 -0.374 2.473
118 2 0.323 -0.325 2.453
118 3 0.317 -0.080 2.362
118 4 0.336 0.090 2.319
118 5 0.167 -0.155 2.388
118 6 0.112 -0.357 2.434
118 7 0.199 -0.538 2.363
118 8 0.231 -0.600 2.346
118 9 0.484 -0.172 2.372
118 10 0.502 -0.366 2.431
118 11 0.365 -0.545 2.359
118 12 0.330 -0.567 2.314
118 13 0.253 -0.439 2.507
118 14 0.194 -0.705 2.164
118 15 0.087 -0.877 2.055
118 16 0.100 -0.912 1.983
118 17 0.398 -0.443 2.486
118 18 0.330 -0.765 2.190
118 19 0.279 -0.960 2.101
118 20 0.280 -0.996 2.034
119 1 0.324 -0.380 2.480
119 2 0.324 -0.331 2.462
119 3 0.320 -0.085 2.375
119 4 0.337 0.085 2.333
119 5 0.167 -0.166 2.407
119 6 0.114 -0.364 2.448
119 7 0.199 -0.539 2.366
119 8 0.231 -0.600 2.346
119 9 0.485 -0.177 2.382
119 10 0.503 -0.394 2.454
119 11 0.342 -0.550 2.336
119 12 0.301 -0.566 2.284
119 13 0.253 -0.445 2.514
119 14 0.192 -0.702 2.163
119 15 0.084 -0.870 2.049
119 16 0.096 -0.904 1.978
119 17 0.399 -0.449 2.493
119 18 0.324 -0.753 2.195
119 19 0.279 -0.958 2.100
119 20 0.279 -0.995 2.034
120 1 0.325 -0.386 2.488
120 2 0.325 -0.336 2.470
120 3 0.322 -0.089 2.388
120 4 0.336 0.081 2.352
120 5 0.168 -0.174 2.422
120 6 0.117 -0.371 2.461
120 7 0.122 -0.548 2.470
120 8 0.097 -0.560 2.514
120 9 0.484 -0.182 2.392
120 10 0.504 -0.408 2.465
120 11 0.395 -0.570 2.417
120 12 0.346 -0.564 2.345
120 13 0.253 -0.452 2.521
120 14 0.190 -0.700 2.163
120 15 0.078 -0.862 2.049
120 16 0.131 -0.835 2.022
120 17 0.399 -0.454 2.497
120 18 0.322 -0.752 2.196
120 19 0.280 -0.957 2.098
120 20 0.279 -0.994 2.032
121 1 0.327 -0.391 2.494
121 2 0.326 -0.341 2.477
121 3 0.323 -0.093 2.404
121 4 0.335 0.078 2.368
121 5 0.168 -0.181 2.438
121 6 0.120 -0.377 2.470
121 7 0.093 -0.554 2.509
121 8 0.067 -0.551 2.552
121 9 0.484 -0.185 2.402
121 10 0.504 -0.416 2.471
121 11 0.390 -0.578 2.421
121 12 0.361 -0.602 2.399
121 13 0.254 -0.458 2.526
121 14 0.189 -0.699 2.163
121 15 0.078 -0.854 2.041
121 16 0.149 -0.798 2.039
121 17 0.401 -0.458 2.503
121 18 0.321 -0.752 2.197
121 19 0.281 -0.957 2.096
121 20 0.279 -0.992 2.030
122 1 0.327 -0.394 2.499
122 2 0.327 -0.344 2.483
122 3 0.323 -0.095 2.420
122 4 0.334 0.076 2.383
122 5 0.168 -0.184 2.451
122 6 0.123 -0.382 2.478
122 7 0.076 -0.559 2.531
122 8 0.044 -0.555 2.579
122 9 0.481 -0.188 2.412
122 10 0.504 -0.420 2.475
122 11 0.456 -0.593 2.476
122 12 0.443 -0.642 2.481
122 13 0.254 -0.462 2.529
122 14 0.188 -0.697 2.163
122 15 0.077 -0.850 2.038
122 16 0.156 -0.784 2.045
122 17 0.402 -0.461 2.506
122 18 0.320 -0.752 2.198
122 19 0.283 -0.956 2.094
122 20 0.280 -0.989 2.028
123 1 0.328 -0.397 2.503
123 2 0.327 -0.347 2.488
123 3 0.324 -0.095 2.435
123 4 0.332 0.075 2.396
123 5 0.167 -0.186 2.464
123 6 0.125 -0.385 2.485
123 7 0.073 -0.562 2.535
123 8 0.032 -0.564 2.590
123 9 0.479 -0.190 2.421
123 10 0.504 -0.423 2.478
123 11 0.485 -0.600 2.499
123 12 0.488 -0.662 2.521
123 13 0.254 -0.464 2.532
123 14 0.186 -0.692 2.162
123 15 0.081 -0.845 2.033
123 16 0.161 -0.775 2.047
123 17 0.402 -0.463 2.508
123 18 0.319 -0.752 2.199
123 19 0.285 -0.956 2.093
123 20 0.281 -0.988 2.026
124 1 0.328 -0.398 2.507
124 2 0.327 -0.348 2.494
124 3 0.325 -0.095 2.449
124 4 0.331 0.075 2.409
124 5 0.168 -0.187 2.477
124 6 0.127 -0.388 2.490
124 7 0.076 -0.566 2.528
124 8 0.033 -0.577 2.582
124 9 0.478 -0.191 2.429
124 10 0.504 -0.423 2.479
124 11 0.502 -0.601 2.511
124 12 0.504 -0.669 2.537
124 13 0.254 -0.466 2.535
124 14 0.185 -0.690 2.162
124 15 0.083 -0.842 2.031
124 16 0.162 -0.775 2.045
124 17 0.402 -0.464 2.510
124 18 0.319 -0.752 2.199
124 19 0.287 -0.955 2.091
124 20 0.282 -0.986 2.025
125 1 0.328 -0.400 2.510
125 2 0.327 -0.350 2.499
125 3 0.326 -0.094 2.462
125 4 0.329 0.076 2.424
125 5 0.169 -0.186 2.490
125 6 0.128 -0.389 2.496
125 7 0.078 -0.568 2.523
125 8 0.040 -0.588 2.569
125 9 0.477 -0.191 2.436
125 10 0.503 -0.419 2.480
125 11 0.511 -0.601 2.517
125 12 0.515 -0.672 2.545
125 13 0.254 -0.468 2.537
125 14 0.184 -0.688 2.162
125 15 0.084 -0.840 2.029
125 16 0.160 -0.780 2.039
125 17 0.403 -0.465 2.512
125 18 0.319 -0.753 2.200
125 19 0.289 -0.955 2.090
125 20 0.283 -0.984 2.024
126 1 0.328 -0.401 2.514
126 2 0.328 -0.351 2.504
126 3 0.329 -0.093 2.474
126 4 0.327 0.079 2.438
126 5 0.170 -0.184 2.501
126 6 0.129 -0.390 2.500
126 7 0.085 -0.568 2.513
126 8 0.048 -0.594 2.558
126 9 0.476 -0.190 2.442
126 10 0.503 -0.414 2.480
126 11 0.515 -0.598 2.519
126 12 0.518 -0.667 2.542
126 13 0.254 -0.469 2.539
126 14 0.184 -0.686 2.163
126 15 0.085 -0.838 2.029
126 16 0.157 -0.785 2.034
126 17 0.403 -0.466 2.513
126 18 0.321 -0.749 2.202
126 19 0.291 -0.952 2.091
126 20 0.283 -0.983 2.023
127 1 0.328 -0.402 2.518
127 2 0.328 -0.351 2.509
127 3 0.331 -0.090 2.483
127 4 0.326 0.084 2.453
127 5 0.170 -0.183 2.511
127 6 0.130 -0.390 2.504
127 7 0.088 -0.568 2.508
127 8 0.065 -0.612 2.527
127 9 0.475 -0.189 2.449
127 10 0.503 -0.409 2.481
127 11 0.512 -0.588 2.511
127 12 0.516 -0.659 2.534
127 13 0.254 -0.470 2.542
127 14 0.183 -0.685 2.163
127 15 0.086 -0.837 2.030
127 16 0.155 -0.790 2.031
127 17 0.403 -0.467 2.514
127 18 0.323 -0.746 2.203
127 19 0.292 -0.950 2.092
127 20 0.283 -0.982 2.024
128 1 0.328 -0.402 2.521
128 2 0.328 -0.350 2.513
128 3 0.333 -0.087 2.493
128 4 0.326 0.088 2.465
128 5 0.171 -0.181 2.519
128 6 0.132 -0.389 2.510
128 7 0.094 -0.567 2.501
128 8 0.079 -0.622 2.505
128 9 0.475 -0.188 2.455
128 10 0.503 -0.404 2.482
128 11 0.512 -0.584 2.508
128 12 0.513 -0.651 2.524
128 13 0.254 -0.470 2.544
128 14 0.183 -0.683 2.165
128 15 0.086 -0.837 2.032
128 16 0.153 -0.794 2.028
128 17 0.403 -0.467 2.515
128 18 0.325 -0.743 2.204
128 19 0.294 -0.947 2.094
128 20 0.283 -0.980 2.024
129 1 0.328 -0.402 2.523
129 2 0.328 -0.350 2.517
129 3 0.335 -0.084 2.501
129 4 0.326 0.091 2.474
129 5 0.172 -0.179 2.528
129 6 0.132 -0.388 2.515
129 7 0.096 -0.566 2.499
129 8 0.082 -0.599 2.516
129 9 0.475 -0.187 2.461
129 10 0.503 -0.400 2.483
129 11 0.507 -0.578 2.501
129 12 0.508 -0.644 2.515
129 13 0.253 -0.471 2.545
129 14 0.183 -0.683 2.166
129 15 0.086 -0.837 2.035
129 16 0.152 -0.796 2.026
129 17 0.403 -0.468 2.515
129 18 0.326 -0.740 2.205
129 19 0.295 -0.945 2.095
129 20 0.284 -0.979 2.025
130 1 0.328 -0.402 2.526
130 2 0.329 -0.349 2.521
130 3 0.337 -0.082 2.508
130 4 0.327 0.093 2.483
130 5 0.173 -0.178 2.535
130 6 0.133 -0.387 2.519
130 7 0.098 -0.566 2.498
130 8 0.083 -0.584 2.526
130 9 0.475 -0.185 2.469
130 10 0.503 -0.397 2.484
130 11 0.504 -0.574 2.497
130 12 0.505 -0.639 2.509
130 13 0.253 -0.471 2.548
130 14 0.183 -0.682 2.168
130 15 0.086 -0.837 2.038
130 16 0.151 -0.798 2.025
130 17 0.402 -0.468 2.516
130 18 0.327 -0.740 2.205
130 19 0.296 -0.945 2.096
130 20 0.284 -0.978 2.025
131 1 0.328 -0.401 2.529
131 2 0.329 -0.348 2.524
131 3 0.338 -0.080 2.514
131 4 0.328 0.096 2.491
131 5 0.174 -0.176 2.542
131 6 0.134 -0.387 2.524
131 7 0.100 -0.565 2.497
131 8 0.084 -0.579 2.528
131 9 0.475 -0.184 2.476
131 10 0.504 -0.394 2.486
131 11 0.501 -0.571 2.495
131 12 0.502 -0.636 2.504
131 13 0.253 -0.471 2.550
131 14 0.183 -0.681 2.170
131 15 0.086 -0.837 2.042
131 16 0.150 -0.799 2.024
131 17 0.402 -0.468 2.516
131 18 0.327 -0.742 2.204
131 19 0.297 -0.944 2.095
131 20 0.284 -0.977 2.025
132 1 0.328 -0.400 2.532
132 2 0.329 -0.347 2.528
132 3 0.338 -0.078 2.522
132 4 0.328 0.098 2.499
132 5 0.175 -0.174 2.550
132 6 0.134 -0.386 2.528
132 7 0.101 -0.565 2.496
132 8 0.085 -0.574 2.531
132 9 0.476 -0.183 2.482
132 10 0.504 -0.393 2.487
132 11 0.500 -0.570 2.493
132 12 0.500 -0.634 2.501
132 13 0.253 -0.470 2.552
132 14 0.184 -0.680 2.172
132 15 0.086 -0.837 2.047
132 16 0.149 -0.800 2.023
132 17 0.402 -0.468 2.517
132 18 0.327 -0.744 2.203
132 19 0.298 -0.944 2.095
132 20 0.285 -0.976 2.024
133 1 0.328 -0.400 2.535
133 2 0.330 -0.346 2.532
133 3 0.338 -0.077 2.529
133 4 0.329 0.099 2.506
133 5 0.175 -0.174 2.558
133 6 0.134 -0.386 2.537
133 7 0.101 -0.564 2.497
133 8 0.105 -0.592 2.489
133 9 0.477 -0.183 2.488
133 10 0.504 -0.391 2.488
133 11 0.458 -0.563 2.461
133 12 0.423 -0.584 2.409
133 13 0.253 -0.470 2.555
133 14 0.184 -0.679 2.175
133 15 0.087 -0.837 2.051
133 16 0.149 -0.801 2.023
133 17 0.402 -0.468 2.517
133 18 0.328 -0.744 2.202
133 19 0.299 -0.943 2.095
133 20 0.286 -0.975 2.025
134 1 0.328 -0.399 2.538
134 2 0.330 -0.345 2.536
134 3 0.338 -0.076 2.536
134 4 0.329 0.098 2.514
134 5 0.176 -0.174 2.566
134 6 0.134 -0.385 2.544
134 7 0.101 -0.563 2.497
134 8 0.103 -0.595 2.490
134 9 0.477 -0.183 2.494
134 10 0.505 -0.397 2.494
134 11 0.469 -0.578 2.467
134 12 0.450 -0.612 2.435
134 13 0.253 -0.470 2.558
134 14 0.184 -0.678 2.178
134 15 0.087 -0.837 2.054
134 16 0.148 -0.802 2.023
134 17 0.402 -0.468 2.518
134 18 0.328 -0.744 2.202
134 19 0.300 -0.943 2.096
134 20 0.286 -0.974 2.025
135 1 0.328 -0.399 2.541
135 2 0.330 -0.345 2.540
135 3 0.338 -0.076 2.542
135 4 0.329 0.098 2.522
135 5 0.177 -0.174 2.574
135 6 0.135 -0.385 2.551
135 7 0.101 -0.562 2.498
135 8 0.099 -0.596 2.494
135 9 0.478 -0.184 2.498
135 10 0.505 -0.399 2.497
135 11 0.437 -0.568 2.445
135 12 0.412 -0.584 2.395
135 13 0.252 -0.469 2.562
135 14 0.185 -0.678 2.180
135 15 0.088 -0.837 2.056
135 16 0.149 -0.803 2.024
135 17 0.402 -0.468 2.519
135 18 0.328 -0.744 2.201
135 19 0.301 -0.943 2.096
135 20 0.287 -0.973 2.025
136 1 0.328 -0.399 2.544
136 2 0.330 -0.345 2.544
136 3 0.339 -0.076 2.547
136 4 0.330 0.097 2.530
136 5 0.177 -0.175 2.581
136 6 0.136 -0.385 2.558
136 7 0.101 -0.561 2.500
136 8 0.097 -0.600 2.492
136 9 0.479 -0.184 2.503
136 10 0.506 -0.404 2.502
136 11 0.456 -0.585 2.468
136 12 0.438 -0.620 2.438
136 13 0.252 -0.470 2.564
136 14 0.185 -0.677 2.182
136 15 0.090 -0.838 2.058
136 16 0.150 -0.804 2.026
136 17 0.401 -0.468 2.520
136 18 0.328 -0.744 2.201
136 19 0.302 -0.943 2.096
136 20 0.287 -0.973 2.025
137 1 0.327 -0.399 2.547
137 2 0.330 -0.346 2.549
137 3 0.340 -0.078 2.553
137 4 0.330 0.094 2.540
137 5 0.178 -0.177 2.586
137 6 0.137 -0.386 2.564
137 7 0.099 -0.560 2.503
137 8 0.088 -0.600 2.503
137 9 0.479 -0.186 2.509
137 10 0.507 -0.407 2.505
137 11 0.462 -0.588 2.474
137 12 0.455 -0.638 2.465
137 13 0.251 -0.470 2.567
137 14 0.185 -0.677 2.184
137 15 0.092 -0.838 2.059
137 16 0.151 -0.805 2.028
137 17 0.400 -0.469 2.522
137 18 0.328 -0.744 2.200
137 19 0.303 -0.943 2.096
137 20 0.288 -0.972 2.026
138 1 0.327 -0.400 2.551
138 2 0.330 -0.347 2.555
138 3 0.341 -0.079 2.561
138 4 0.331 0.093 2.548
138 5 0.180 -0.179 2.592
138 6 0.129 -0.392 2.600
138 7 0.099 -0.558 2.505
138 8 0.084 -0.600 2.507
138 9 0.480 -0.187 2.514
138 10 0.507 -0.408 2.508
138 11 0.478 -0.589 2.485
138 12 0.469 -0.646 2.479
138 13 0.251 -0.470 2.569
138 14 0.185 -0.676 2.186
138 15 0.093 -0.838 2.060
138 16 0.152 -0.806 2.030
138 17 0.399 -0.470 2.525
138 18 0.328 -0.744 2.200
138 19 0.304 -0.942 2.096
138 20 0.289 -0.971 2.026
139 1 0.326 -0.401 2.554
139 2 0.330 -0.349 2.561
139 3 0.344 -0.082 2.572
139 4 0.331 0.091 2.555
139 5 0.181 -0.180 2.599
139 6 0.127 -0.395 2.614
139 7 0.098 -0.556 2.507
139 8 0.080 -0.600 2.509
139 9 0.479 -0.188 2.521
139 10 0.507 -0.407 2.510
139 11 0.487 -0.589 2.490
139 12 0.477 -0.650 2.486
139 13 0.250 -0.471 2.571
139 14 0.186 -0.676 2.187
139 15 0.096 -0.840 2.063
139 16 0.152 -0.807 2.031
139 17 0.398 -0.471 2.527
139 18 0.328 -0.744 2.199
139 19 0.305 -0.942 2.096
139 20 0.289 -0.970 2.026
140 1 0.326 -0.402 2.557
140 2 0.330 -0.351 2.568
140 3 0.346 -0.084 2.582
140 4 0.330 0.090 2.562
140 5 0.183 -0.183 2.606
140 6 0.125 -0.396 2.622
140 7 0.092 -0.556 2.517
140 8 0.075 -0.602 2.513
140 9 0.478 -0.189 2.528
140 10 0.507 -0.410 2.513
140 11 0.484 -0.590 2.480
140 12 0.412 -0.593 2.399
140 13 0.250 -0.471 2.574
140 14 0.186 -0.676 2.189
140 15 0.098 -0.842 2.067
140 16 0.153 -0.808 2.033
140 17 0.396 -0.471 2.529
140 18 0.287 -0.719 2.191
140 19 0.324 -0.925 2.109
140 20 0.306 -0.955 2.037
141 1 0.325 -0.403 2.560
141 2 0.331 -0.352 2.575
141 3 0.347 -0.086 2.590
141 4 0.330 0.089 2.572
141 5 0.184 -0.185 2.618
141 6 0.124 -0.397 2.628
141 7 0.091 -0.555 2.521
141 8 0.073 -0.602 2.515
141 9 0.478 -0.190 2.536
141 10 0.506 -0.413 2.516
141 11 0.486 -0.592 2.483
141 12 0.445 -0.627 2.445
141 13 0.249 -0.472 2.576
141 14 0.186 -0.674 2.190
141 15 0.102 -0.841 2.067
141 16 0.155 -0.807 2.033
141 17 0.395 -0.472 2.531
141 18 0.295 -0.721 2.191
141 19 0.327 -0.923 2.111
141 20 0.308 -0.953 2.038
142 1 0.325 -0.404 2.564
142 2 0.332 -0.354 2.583
142 3 0.349 -0.088 2.597
142 4 0.330 0.088 2.582
142 5 0.185 -0.188 2.629
142 6 0.123 -0.398 2.634
142 7 0.090 -0.554 2.525
142 8 0.072 -0.602 2.517
142 9 0.477 -0.192 2.545
142 10 0.506 -0.415 2.520
142 11 0.487 -0.595 2.484
142 12 0.456 -0.639 2.457
142 13 0.249 -0.473 2.580
142 14 0.186 -0.673 2.192
142 15 0.104 -0.840 2.067
142 16 0.157 -0.807 2.033
142 17 0.394 -0.472 2.533
142 18 0.278 -0.710 2.188
142 19 0.336 -0.914 2.119
142 20 0.314 -0.947 2.043
143 1 0.325 -0.405 2.568
143 2 0.333 -0.356 2.591
143 3 0.351 -0.090 2.605
143 4 0.331 0.086 2.594
143 5 0.186 -0.190 2.641
143 6 0.121 -0.399 2.639
143 7 0.089 -0.556 2.538
143 8 0.070 -0.602 2.520
143 9 0.476 -0.193 2.554
143 10 0.505 -0.415 2.526
143 11 0.488 -0.594 2.485
143 12 0.411 -0.594 2.404
143 13 0.248 -0.474 2.583
143 14 0.187 -0.671 2.193
143 15 0.108 -0.838 2.067
143 16 0.160 -0.807 2.033
143 17 0.393 -0.473 2.536
143 18 0.270 -0.705 2.187
143 19 0.342 -0.908 2.125
143 20 0.318 -0.942 2.046
144 1 0.324 -0.407 2.574
144 2 0.334 -0.359 2.601
144 3 0.354 -0.093 2.617
144 4 0.331 0.084 2.603
144 5 0.187 -0.193 2.653
144 6 0.119 -0.401 2.646
144 7 0.087 -0.559 2.552
144 8 0.068 -0.603 2.525
144 9 0.477 -0.195 2.564
144 10 0.502 -0.421 2.535
144 11 0.457 -0.581 2.439
144 12 0.390 -0.572 2.370
144 13 0.247 -0.476 2.588
144 14 0.187 -0.668 2.196
144 15 0.112 -0.833 2.065
144 16 0.165 -0.807 2.031
144 17 0.392 -0.474 2.540
144 18 0.266 -0.701 2.187
144 19 0.346 -0.903 2.129
144 20 0.320 -0.939 2.049
145 1 0.318 -0.411 2.588
145 2 0.330 -0.363 2.618
145 3 0.354 -0.098 2.632
145 4 0.331 0.082 2.614
145 5 0.187 -0.194 2.662
145 6 0.117 -0.403 2.653
145 7 0.085 -0.563 2.563
145 8 0.067 -0.604 2.529
145 9 0.477 -0.197 2.574
145 10 0.501 -0.421 2.545
145 11 0.447 -0.527 2.397
145 12 0.387 -0.515 2.336
145 13 0.242 -0.478 2.600
145 14 0.187 -0.663 2.201
145 15 0.116 -0.827 2.065
145 16 0.168 -0.807 2.030
145 17 0.380 -0.478 2.556
145 18 0.263 -0.698 2.189
145 19 0.349 -0.899 2.133
145 20 0.322 -0.935 2.051
146 1 0.315 -0.413 2.596
146 2 0.329 -0.367 2.628
146 3 0.354 -0.102 2.647
146 4 0.331 0.081 2.624
146 5 0.187 -0.197 2.673
146 6 0.115 -0.405 2.660
146 7 0.082 -0.570 2.582
146 8 0.065 -0.605 2.538
146 9 0.476 -0.200 2.586
146 10 0.500 -0.426 2.553
146 11 0.407 -0.538 2.368
146 12 0.355 -0.518 2.310
146 13 0.239 -0.480 2.606
146 14 0.188 -0.659 2.204
146 15 0.119 -0.822 2.064
146 16 0.171 -0.807 2.027
146 17 0.376 -0.481 2.563
146 18 0.262 -0.696 2.190
146 19 0.351 -0.897 2.135
146 20 0.323 -0.931 2.052
147 1 0.312 -0.416 2.603
147 2 0.326 -0.371 2.637
147 3 0.353 -0.105 2.660
147 4 0.331 0.080 2.635
147 5 0.187 -0.200 2.684
147 6 0.114 -0.407 2.665
147 7 0.081 -0.573 2.591
147 8 0.063 -0.607 2.545
147 9 0.474 -0.205 2.599
147 10 0.499 -0.427 2.560
147 11 0.407 -0.550 2.371
147 12 0.367 -0.550 2.346
147 13 0.236 -0.482 2.612
147 14 0.188 -0.655 2.207
147 15 0.121 -0.817 2.064
147 16 0.173 -0.808 2.026
147 17 0.371 -0.483 2.569
147 18 0.301 -0.708 2.197
147 19 0.342 -0.902 2.129
147 20 0.318 -0.931 2.049
148 1 0.309 -0.419 2.609
148 2 0.323 -0.375 2.646
148 3 0.347 -0.112 2.681
148 4 0.331 0.078 2.646
148 5 0.187 -0.202 2.696
148 6 0.112 -0.409 2.672
148 7 0.080 -0.575 2.597
148 8 0.061 -0.609 2.556
148 9 0.472 -0.209 2.611
148 10 0.505 -0.423 2.589
148 11 0.402 -0.549 2.368
148 12 0.364 -0.547 2.346
148 13 0.233 -0.484 2.617
148 14 0.189 -0.652 2.209
148 15 0.122 -0.813 2.064
148 16 0.174 -0.808 2.024
148 17 0.368 -0.485 2.573
148 18 0.323 -0.715 2.201
148 19 0.335 -0.906 2.124
148 20 0.314 -0.931 2.046
149 1 0.306 -0.421 2.614
149 2 0.321 -0.379 2.653
149 3 0.344 -0.116 2.694
149 4 0.329 0.075 2.657
149 5 0.185 -0.206 2.706
149 6 0.111 -0.410 2.677
149 7 0.080 -0.576 2.600
149 8 0.060 -0.610 2.564
149 9 0.470 -0.213 2.625
149 10 0.497 -0.435 2.596
149 11 0.410 -0.560 2.379
149 12 0.367 -0.554 2.355
149 13 0.231 -0.486 2.620
149 14 0.189 -0.650 2.210
149 15 0.124 -0.809 2.063
149 16 0.176 -0.808 2.023
149 17 0.366 -0.486 2.576
149 18 0.333 -0.717 2.203
149 19 0.329 -0.909 2.119
149 20 0.310 -0.931 2.043
150 1 0.305 -0.423 2.617
150 2 0.319 -0.382 2.658
150 3 0.338 -0.119 2.709
150 4 0.328 0.072 2.666
150 5 0.183 -0.210 2.717
150 6 0.110 -0.411 2.681
150 7 0.080 -0.577 2.603
150 8 0.059 -0.611 2.570
150 9 0.469 -0.217 2.636
150 10 0.493 -0.443 2.600
150 11 0.399 -0.560 2.378
150 12 0.348 -0.564 2.343
150 13 0.230 -0.487 2.623
150 14 0.189 -0.648 2.211
150 15 0.124 -0.806 2.063
150 16 0.176 -0.808 2.022
150 17 0.364 -0.487 2.578
150 18 0.338 -0.718 2.204
150 19 0.324 -0.911 2.114
150 20 0.306 -0.931 2.039
151 1 0.304 -0.425 2.620
151 2 0.318 -0.384 2.663
151 3 0.336 -0.122 2.720
151 4 0.326 0.068 2.677
151 5 0.181 -0.213 2.728
151 6 0.110 -0.411 2.685
151 7 0.080 -0.577 2.605
151 8 0.058 -0.611 2.575
151 9 0.466 -0.219 2.647
151 10 0.491 -0.447 2.604
151 11 0.421 -0.567 2.419
151 12 0.369 -0.571 2.384
151 13 0.229 -0.488 2.624
151 14 0.190 -0.647 2.212
151 15 0.123 -0.804 2.063
151 16 0.175 -0.808 2.021
151 17 0.363 -0.488 2.580
151 18 0.342 -0.719 2.205
151 19 0.320 -0.911 2.111
151 20 0.303 -0.930 2.036
152 1 0.302 -0.426 2.623
152 2 0.316 -0.387 2.667
152 3 0.333 -0.125 2.734
152 4 0.321 0.063 2.698
152 5 0.178 -0.215 2.740
152 6 0.120 -0.429 2.688
152 7 0.073 -0.581 2.599
152 8 0.054 -0.614 2.576
152 9 0.463 -0.222 2.658
152 10 0.490 -0.450 2.607
152 11 0.406 -0.555 2.410
152 12 0.340 -0.574 2.346
152 13 0.228 -0.489 2.626
152 14 0.190 -0.646 2.213
152 15 0.181 -0.805 2.060
152 16 0.172 -0.807 2.019
152 17 0.362 -0.489 2.581
152 18 0.344 -0.719 2.206
152 19 0.317 -0.912 2.108
152 20 0.300 -0.930 2.033
153 1 0.301 -0.427 2.625
153 2 0.315 -0.389 2.671
153 3 0.331 -0.127 2.745
153 4 0.318 0.060 2.709
153 5 0.175 -0.217 2.751
153 6 0.125 -0.436 2.690
153 7 0.065 -0.582 2.597
153 8 0.050 -0.616 2.577
153 9 0.460 -0.224 2.669
153 10 0.490 -0.452 2.610
153 11 0.400 -0.549 2.407
153 12 0.327 -0.575 2.327
153 13 0.227 -0.490 2.626
153 14 0.190 -0.645 2.213
153 15 0.203 -0.806 2.059
153 16 0.171 -0.806 2.018
153 17 0.362 -0.489 2.582
153 18 0.345 -0.719 2.206
153 19 0.315 -0.912 2.105
153 20 0.297 -0.929 2.031
154 1 0.300 -0.427 2.627
154 2 0.313 -0.391 2.675
154 3 0.328 -0.131 2.760
154 4 0.316 0.058 2.719
154 5 0.173 -0.219 2.762
154 6 0.129 -0.440 2.691
154 7 0.053 -0.581 2.600
154 8 0.046 -0.617 2.578
154 9 0.458 -0.226 2.678
154 10 0.489 -0.454 2.612
154 11 0.403 -0.556 2.458
154 12 0.353 -0.594 2.394
154 13 0.225 -0.490 2.627
154 14 0.190 -0.644 2.213
154 15 0.215 -0.806 2.059
154 16 0.170 -0.805 2.016
154 17 0.361 -0.489 2.583
154 18 0.306 -0.680 2.206
154 19 0.322 -0.876 2.122
154 20 0.272 -0.861 2.098
155 1 0.298 -0.427 2.629
155 2 0.311 -0.392 2.678
155 3 0.325 -0.133 2.770
155 4 0.314 0.056 2.728
155 5 0.172 -0.220 2.770
155 6 0.132 -0.442 2.692
155 7 0.051 -0.580 2.600
155 8 0.044 -0.617 2.579
155 9 0.455 -0.228 2.687
155 10 0.489 -0.455 2.614
155 11 0.382 -0.551 2.471
155 12 0.341 -0.579 2.423
155 13 0.224 -0.490 2.628
155 14 0.190 -0.643 2.214
155 15 0.223 -0.806 2.059
155 16 0.170 -0.804 2.015
155 17 0.359 -0.488 2.584
155 18 0.223 -0.578 2.277
155 19 0.304 -0.814 2.138
155 20 0.266 -0.826 2.092
156 1 0.297 -0.428 2.630
156 2 0.310 -0.394 2.681
156 3 0.324 -0.135 2.777
156 4 0.312 0.055 2.737
156 5 0.171 -0.222 2.779
156 6 0.134 -0.442 2.693
156 7 0.053 -0.579 2.601
156 8 0.043 -0.617 2.580
156 9 0.453 -0.230 2.693
156 10 0.489 -0.456 2.615
156 11 0.374 -0.543 2.441
156 12 0.318 -0.570 2.380
156 13 0.223 -0.490 2.628
156 14 0.190 -0.643 2.214
156 15 0.228 -0.806 2.059
156 16 0.171 -0.803 2.013
156 17 0.358 -0.488 2.584
156 18 0.187 -0.537 2.306
156 19 0.292 -0.780 2.146
156 20 0.262 -0.810 2.093
157 1 0.296 -0.428 2.632
157 2 0.309 -0.395 2.684
157 3 0.323 -0.137 2.782
157 4 0.310 0.054 2.746
157 5 0.170 -0.223 2.785
157 6 0.136 -0.443 2.695
157 7 0.055 -0.578 2.601
157 8 0.041 -0.617 2.581
157 9 0.451 -0.231 2.698
157 10 0.492 -0.454 2.626
157 11 0.401 -0.548 2.479
157 12 0.360 -0.547 2.454
157 13 0.223 -0.491 2.628
157 14 0.190 -0.642 2.214
157 15 0.232 -0.807 2.060
157 16 0.171 -0.802 2.012
157 17 0.358 -0.488 2.585
157 18 0.232 -0.592 2.250
157 19 0.309 -0.811 2.143
157 20 0.252 -0.813 2.133
158 1 0.321 -0.441 2.654
158 2 0.330 -0.406 2.707
158 3 0.322 -0.138 2.787
158 4 0.308 0.053 2.754
158 5 0.170 -0.224 2.793
158 6 0.138 -0.442 2.698
158 7 0.057 -0.575 2.602
158 8 0.040 -0.616 2.580
158 9 0.450 -0.232 2.702
158 10 0.494 -0.453 2.633
158 11 0.417 -0.552 2.501
158 12 0.382 -0.536 2.492
158 13 0.255 -0.507 2.646
158 14 0.193 -0.640 2.223
158 15 0.176 -0.799 2.076
158 16 0.172 -0.801 2.012
158 17 0.387 -0.491 2.607
158 18 0.292 -0.643 2.236
158 19 0.312 -0.838 2.144
158 20 0.262 -0.804 2.148
159 1 0.332 -0.446 2.664
159 2 0.338 -0.410 2.717
159 3 0.322 -0.139 2.791
159 4 0.306 0.052 2.761
159 5 0.171 -0.225 2.798
159 6 0.140 -0.439 2.704
159 7 0.063 -0.568 2.604
159 8 0.042 -0.608 2.582
159 9 0.449 -0.233 2.705
159 10 0.496 -0.452 2.638
159 11 0.424 -0.553 2.510
159 12 0.391 -0.531 2.509
159 13 0.270 -0.515 2.655
159 14 0.196 -0.639 2.229
159 15 0.141 -0.794 2.086
159 16 0.172 -0.801 2.011
159 17 0.400 -0.493 2.617
159 18 0.289 -0.644 2.228
159 19 0.316 -0.845 2.146
159 20 0.264 -0.803 2.146
160 1 0.338 -0.449 2.669
160 2 0.343 -0.413 2.722
160 3 0.322 -0.140 2.794
160 4 0.305 0.050 2.768
160 5 0.171 -0.225 2.802
160 6 0.141 -0.435 2.712
160 7 0.070 -0.561 2.607
160 8 0.045 -0.599 2.584
160 9 0.448 -0.234 2.708
160 10 0.503 -0.458 2.648
160 11 0.443 -0.558 2.514
160 12 0.438 -0.570 2.492
160 13 0.278 -0.519 2.659
160 14 0.198 -0.638 2.233
160 15 0.128 -0.792 2.090
160 16 0.173 -0.800 2.010
160 17 0.407 -0.493 2.622
160 18 0.295 -0.652 2.223
160 19 0.317 -0.849 2.147
160 20 0.262 -0.803 2.148
161 1 0.341 -0.451 2.672
161 2 0.346 -0.414 2.726
161 3 0.322 -0.141 2.797
161 4 0.303 0.049 2.773
161 5 0.172 -0.226 2.805
161 6 0.140 -0.423 2.730
161 7 0.075 -0.551 2.613
161 8 0.057 -0.580 2.592
161 9 0.447 -0.235 2.711
161 10 0.508 -0.462 2.655
161 11 0.454 -0.562 2.516
161 12 0.458 -0.587 2.482
161 13 0.282 -0.521 2.662
161 14 0.199 -0.637 2.237
161 15 0.120 -0.791 2.093
161 16 0.174 -0.800 2.010
161 17 0.411 -0.494 2.625
161 18 0.300 -0.657 2.220
161 19 0.318 -0.852 2.147
161 20 0.264 -0.803 2.139
162 1 0.343 -0.452 2.674
162 2 0.348 -0.415 2.728
162 3 0.322 -0.142 2.801
162 4 0.303 0.048 2.778
162 5 0.173 -0.226 2.808
162 6 0.138 -0.415 2.745
162 7 0.086 -0.544 2.610
162 8 0.078 -0.576 2.568
162 9 0.447 -0.236 2.714
162 10 0.512 -0.465 2.660
162 11 0.461 -0.564 2.518
162 12 0.468 -0.596 2.478
162 13 0.285 -0.523 2.664
162 14 0.200 -0.637 2.239
162 15 0.115 -0.791 2.095
162 16 0.174 -0.800 2.010
162 17 0.414 -0.494 2.628
162 18 0.302 -0.660 2.218
162 19 0.319 -0.854 2.148
162 20 0.266 -0.805 2.127
163 1 0.345 -0.453 2.676
163 2 0.350 -0.416 2.730
163 3 0.324 -0.143 2.805
163 4 0.302 0.047 2.781
163 5 0.174 -0.227 2.809
163 6 0.137 -0.409 2.754
163 7 0.082 -0.528 2.619
163 8 0.086 -0.550 2.597
163 9 0.447 -0.236 2.717
163 10 0.516 -0.468 2.663
163 11 0.466 -0.566 2.519
163 12 0.474 -0.601 2.475
163 13 0.287 -0.523 2.665
163 14 0.201 -0.637 2.241
163 15 0.115 -0.792 2.097
163 16 0.175 -0.799 2.010
163 17 0.416 -0.494 2.629
163 18 0.302 -0.660 2.217
163 19 0.319 -0.855 2.148
163 20 0.268 -0.807 2.119
164 1 0.346 -0.453 2.677
164 2 0.351 -0.417 2.731
164 3 0.325 -0.144 2.808
164 4 0.303 0.046 2.785
164 5 0.176 -0.227 2.811
164 6 0.154 -0.431 2.720
164 7 0.048 -0.534 2.619
164 8 0.026 -0.560 2.600
164 9 0.447 -0.237 2.719
164 10 0.518 -0.469 2.666
164 11 0.565 -0.587 2.548
164 12 0.591 -0.631 2.509
164 13 0.288 -0.523 2.666
164 14 0.201 -0.636 2.242
164 15 0.117 -0.795 2.101
164 16 0.176 -0.800 2.012
164 17 0.416 -0.494 2.630
164 18 0.301 -0.659 2.218
164 19 0.318 -0.856 2.149
164 20 0.279 -0.810 2.104
165 1 0.346 -0.453 2.677
165 2 0.352 -0.417 2.732
165 3 0.327 -0.144 2.810
165 4 0.304 0.045 2.788
165 5 0.177 -0.227 2.812
165 6 0.162 -0.437 2.706
165 7 0.044 -0.540 2.619
165 8 0.014 -0.574 2.601
165 9 0.447 -0.238 2.721
165 10 0.521 -0.471 2.670
165 11 0.604 -0.594 2.556
165 12 0.637 -0.641 2.516
165 13 0.287 -0.523 2.665
165 14 0.202 -0.636 2.243
165 15 0.118 -0.797 2.103
165 16 0.178 -0.800 2.014
165 17 0.416 -0.494 2.630
165 18 0.299 -0.657 2.220
165 19 0.313 -0.857 2.154
165 20 0.294 -0.818 2.098
166 1 0.346 -0.452 2.677
166 2 0.352 -0.417 2.732
166 3 0.328 -0.145 2.812
166 4 0.307 0.044 2.793
166 5 0.179 -0.228 2.813
166 6 0.168 -0.442 2.694
166 7 0.043 -0.547 2.619
166 8 0.007 -0.587 2.600
166 9 0.449 -0.239 2.724
166 10 0.525 -0.473 2.673
166 11 0.626 -0.597 2.560
166 12 0.663 -0.645 2.521
166 13 0.286 -0.521 2.665
166 14 0.202 -0.636 2.243
166 15 0.123 -0.802 2.108
166 16 0.179 -0.802 2.019
166 17 0.416 -0.494 2.630
166 18 0.297 -0.655 2.221
166 19 0.301 -0.858 2.167
166 20 0.303 -0.827 2.100
167 1 0.346 -0.452 2.676
167 2 0.352 -0.418 2.732
167 3 0.330 -0.146 2.814
167 4 0.311 0.042 2.796
167 5 0.181 -0.228 2.813
167 6 0.171 -0.445 2.688
167 7 0.043 -0.554 2.618
167 8 0.004 -0.597 2.600
167 9 0.450 -0.241 2.726
167 10 0.527 -0.474 2.675
167 11 0.670 -0.533 2.724
167 12 0.711 -0.540 2.766
167 13 0.285 -0.520 2.664
167 14 0.202 -0.636 2.244
167 15 0.126 -0.807 2.112
167 16 0.179 -0.804 2.024
167 17 0.415 -0.494 2.630
167 18 0.296 -0.654 2.222
167 19 0.299 -0.859 2.170
167 20 0.306 -0.830 2.098
168 1 0.345 -0.452 2.676
168 2 0.352 -0.418 2.732
168 3 0.332 -0.146 2.815
168 4 0.316 0.041 2.799
168 5 0.184 -0.229 2.813
168 6 0.173 -0.447 2.684
168 7 0.065 -0.573 2.598
168 8 0.016 -0.597 2.606
168 9 0.453 -0.242 2.728
168 10 0.530 -0.475 2.678
168 11 0.692 -0.496 2.814
168 12 0.740 -0.504 2.859
168 13 0.284 -0.518 2.662
168 14 0.202 -0.636 2.244
168 15 0.128 -0.811 2.116
168 16 0.180 -0.805 2.029
168 17 0.414 -0.494 2.630
168 18 0.296 -0.652 2.224
168 19 0.300 -0.857 2.167
168 20 0.296 -0.830 2.097
169 1 0.345 -0.451 2.675
169 2 0.352 -0.418 2.732
169 3 0.334 -0.147 2.817
169 4 0.323 0.040 2.802
169 5 0.189 -0.229 2.812
169 6 0.174 -0.449 2.681
169 7 0.070 -0.580 2.593
169 8 0.018 -0.601 2.608
169 9 0.457 -0.245 2.733
169 10 0.534 -0.471 2.685
169 11 0.703 -0.487 2.846
169 12 0.745 -0.503 2.888
169 13 0.283 -0.516 2.661
169 14 0.202 -0.636 2.244
169 15 0.130 -0.814 2.118
169 16 0.180 -0.807 2.034
169 17 0.413 -0.494 2.630
169 18 0.316 -0.676 2.235
169 19 0.318 -0.869 2.132
169 20 0.292 -0.833 2.123
170 1 0.345 -0.450 2.674
170 2 0.352 -0.418 2.732
170 3 0.337 -0.147 2.818
170 4 0.328 0.039 2.803
170 5 0.194 -0.229 2.812
170 6 0.175 -0.450 2.679
170 7 0.071 -0.584 2.593
170 8 0.019 -0.606 2.607
170 9 0.462 -0.247 2.736
170 10 0.538 -0.467 2.691
170 11 0.703 -0.491 2.857
170 12 0.742 -0.514 2.894
170 13 0.283 -0.513 2.658
170 14 0.202 -0.637 2.244
170 15 0.131 -0.815 2.120
170 16 0.181 -0.807 2.037
170 17 0.412 -0.494 2.630
170 18 0.311 -0.674 2.238
170 19 0.333 -0.864 2.157
170 20 0.292 -0.836 2.128
171 1 0.337 -0.448 2.662
171 2 0.349 -0.418 2.726
171 3 0.341 -0.148 2.818
171 4 0.338 0.036 2.805
171 5 0.203 -0.229 2.809
171 6 0.175 -0.451 2.678
171 7 0.070 -0.586 2.596
171 8 0.019 -0.610 2.607
171 9 0.467 -0.250 2.740
171 10 0.540 -0.464 2.695
171 11 0.700 -0.498 2.859
171 12 0.739 -0.523 2.898
171 13 0.267 -0.495 2.630
171 14 0.199 -0.641 2.229
171 15 0.130 -0.821 2.111
171 16 0.181 -0.808 2.039
171 17 0.385 -0.500 2.612
171 18 0.319 -0.691 2.227
171 19 0.316 -0.879 2.134
171 20 0.281 -0.889 2.069
172 1 0.337 -0.447 2.659
172 2 0.349 -0.418 2.724
172 3 0.346 -0.148 2.819
172 4 0.344 0.035 2.805
172 5 0.211 -0.228 2.807
172 6 0.176 -0.451 2.677
172 7 0.069 -0.588 2.599
172 8 0.019 -0.614 2.607
172 9 0.473 -0.252 2.744
172 10 0.542 -0.462 2.699
172 11 0.693 -0.512 2.846
172 12 0.733 -0.539 2.885
172 13 0.269 -0.491 2.627
172 14 0.198 -0.642 2.226
172 15 0.130 -0.822 2.110
172 16 0.181 -0.809 2.041
172 17 0.392 -0.498 2.616
172 18 0.312 -0.688 2.235
172 19 0.331 -0.882 2.164
172 20 0.292 -0.870 2.105
173 1 0.335 -0.445 2.655
173 2 0.348 -0.417 2.721
173 3 0.350 -0.149 2.820
173 4 0.350 0.035 2.805
173 5 0.216 -0.228 2.806
173 6 0.176 -0.451 2.676
173 7 0.071 -0.587 2.597
173 8 0.032 -0.603 2.613
173 9 0.477 -0.254 2.747
173 10 0.544 -0.461 2.703
173 11 0.689 -0.523 2.834
173 12 0.729 -0.554 2.868
173 13 0.266 -0.487 2.621
173 14 0.197 -0.644 2.223
173 15 0.130 -0.824 2.108
173 16 0.181 -0.810 2.043
173 17 0.381 -0.500 2.610
173 18 0.297 -0.691 2.226
173 19 0.328 -0.887 2.158
173 20 0.290 -0.898 2.069
174 1 0.333 -0.444 2.652
174 2 0.346 -0.417 2.718
174 3 0.355 -0.149 2.821
174 4 0.356 0.035 2.806
174 5 0.219 -0.227 2.805
174 6 0.120 -0.378 2.795
174 7 0.077 -0.475 2.625
174 8 0.060 -0.488 2.596
174 9 0.481 -0.255 2.749
174 10 0.546 -0.460 2.705
174 11 0.685 -0.533 2.821
174 12 0.726 -0.564 2.853
174 13 0.264 -0.484 2.618
174 14 0.197 -0.645 2.220
174 15 0.130 -0.826 2.106
174 16 0.181 -0.810 2.044
174 17 0.375 -0.501 2.606
174 18 0.288 -0.692 2.221
174 19 0.326 -0.890 2.150
174 20 0.291 -0.909 2.053
175 1 0.331 -0.444 2.650
175 2 0.345 -0.417 2.716
175 3 0.361 -0.150 2.822
175 4 0.363 0.034 2.808
175 5 0.222 -0.227 2.805
175 6 0.104 -0.356 2.830
175 7 0.110 -0.479 2.635
175 8 0.118 -0.532 2.573
175 9 0.484 -0.256 2.751
175 10 0.546 -0.460 2.706
175 11 0.681 -0.539 2.810
175 12 0.722 -0.571 2.840
175 13 0.263 -0.482 2.616
175 14 0.196 -0.646 2.218
175 15 0.129 -0.827 2.105
175 16 0.181 -0.811 2.045
175 17 0.371 -0.501 2.604
175 18 0.283 -0.693 2.218
175 19 0.323 -0.891 2.143
175 20 0.291 -0.916 2.043
176 1 0.334 -0.443 2.651
176 2 0.345 -0.417 2.715
176 3 0.366 -0.151 2.823
176 4 0.368 0.033 2.809
176 5 0.223 -0.227 2.804
176 6 0.095 -0.343 2.851
176 7 0.122 -0.478 2.640
176 8 0.140 -0.533 2.564
176 9 0.487 -0.258 2.752
176 10 0.547 -0.477 2.696
176 11 0.677 -0.564 2.784
176 12 0.719 -0.595 2.813
176 13 0.266 -0.483 2.619
176 14 0.196 -0.646 2.218
176 15 0.130 -0.828 2.105
176 16 0.180 -0.812 2.046
176 17 0.395 -0.498 2.619
176 18 0.284 -0.685 2.229
176 19 0.331 -0.886 2.159
176 20 0.295 -0.872 2.103
177 1 0.335 -0.442 2.650
177 2 0.346 -0.417 2.714
177 3 0.370 -0.151 2.823
177 4 0.373 0.033 2.810
177 5 0.225 -0.227 2.804
177 6 0.089 -0.335 2.864
177 7 0.131 -0.488 2.639
177 8 0.151 -0.551 2.557
177 9 0.491 -0.259 2.754
177 10 0.547 -0.482 2.693
177 11 0.675 -0.576 2.771
177 12 0.717 -0.608 2.799
177 13 0.268 -0.481 2.618
177 14 0.197 -0.646 2.217
177 15 0.130 -0.828 2.105
177 16 0.180 -0.812 2.047
177 17 0.398 -0.498 2.619
177 18 0.282 -0.684 2.230
177 19 0.332 -0.886 2.161
177 20 0.292 -0.848 2.125
178 1 0.336 -0.441 2.649
178 2 0.346 -0.417 2.714
178 3 0.373 -0.152 2.824
178 4 0.379 0.032 2.812
178 5 0.227 -0.227 2.804
178 6 0.088 -0.330 2.870
178 7 0.136 -0.492 2.639
178 8 0.121 -0.542 2.608
178 9 0.499 -0.261 2.760
178 10 0.548 -0.487 2.691
178 11 0.675 -0.583 2.764
178 12 0.717 -0.615 2.793
178 13 0.269 -0.480 2.618
178 14 0.198 -0.646 2.216
178 15 0.130 -0.828 2.104
178 16 0.180 -0.812 2.048
178 17 0.400 -0.497 2.618
178 18 0.281 -0.683 2.230
178 19 0.333 -0.886 2.162
178 20 0.290 -0.834 2.138
179 1 0.341 -0.439 2.650
179 2 0.348 -0.416 2.714
179 3 0.375 -0.152 2.824
179 4 0.384 0.032 2.813
179 5 0.229 -0.227 2.803
179 6 0.088 -0.327 2.875
179 7 0.127 -0.470 2.664
179 8 0.113 -0.528 2.636
179 9 0.505 -0.263 2.763
179 10 0.550 -0.491 2.690
179 11 0.675 -0.588 2.760
179 12 0.718 -0.619 2.789
179 13 0.275 -0.480 2.620
179 14 0.198 -0.646 2.217
179 15 0.131 -0.828 2.105
179 16 0.180 -0.813 2.049
179 17 0.405 -0.496 2.618
179 18 0.282 -0.682 2.231
179 19 0.334 -0.885 2.163
179 20 0.290 -0.828 2.145
180 1 0.346 -0.438 2.653
180 2 0.351 -0.415 2.715
180 3 0.377 -0.152 2.825
180 4 0.388 0.032 2.814
180 5 0.231 -0.228 2.803
180 6 0.091 -0.327 2.875
180 7 0.124 -0.478 2.663
180 8 0.112 -0.541 2.619
180 9 0.526 -0.266 2.782
180 10 0.562 -0.499 2.699
180 11 0.664 -0.640 2.708
180 12 0.666 -0.665 2.694
180 13 0.280 -0.481 2.624
180 14 0.199 -0.646 2.220
180 15 0.132 -0.827 2.106
180 16 0.179 -0.813 2.049
180 17 0.410 -0.495 2.618
180 18 0.284 -0.680 2.233
180 19 0.335 -0.884 2.164
180 20 0.290 -0.826 2.148
