1 1 0.161 0.084 1.906
1 2 0.151 0.152 1.961
1 3 0.152 0.548 1.986
1 4 0.178 0.724 1.960
1 5 0.011 0.424 1.952
1 6 -0.062 0.146 1.917
1 7 -0.061 -0.062 1.853
1 8 -0.051 -0.123 1.831
1 9 0.313 0.409 2.008
1 10 0.354 0.135 1.988
1 11 0.377 -0.070 1.919
1 12 0.372 -0.157 1.888
1 13 0.095 0.018 1.876
1 14 0.026 -0.421 1.928
1 15 -0.008 -0.736 1.958
1 16 0.024 -0.805 1.934
1 17 0.230 0.014 1.909
1 18 0.258 -0.394 1.944
1 19 0.261 -0.729 1.972
1 20 0.278 -0.764 1.887
2 1 0.161 0.084 1.906
2 2 0.151 0.152 1.961
2 3 0.153 0.548 1.986
2 4 0.178 0.724 1.960
2 5 0.011 0.424 1.952
2 6 -0.061 0.146 1.917
2 7 -0.061 -0.062 1.853
2 8 -0.051 -0.123 1.831
2 9 0.313 0.409 2.008
2 10 0.355 0.135 1.988
2 11 0.377 -0.070 1.919
2 12 0.372 -0.157 1.887
2 13 0.095 0.018 1.876
2 14 0.026 -0.421 1.928
2 15 -0.008 -0.736 1.958
2 16 0.024 -0.805 1.933
2 17 0.230 0.014 1.909
2 18 0.258 -0.394 1.943
2 19 0.261 -0.729 1.972
2 20 0.278 -0.764 1.887
3 1 0.162 0.084 1.906
3 2 0.152 0.152 1.961
3 3 0.153 0.548 1.986
3 4 0.178 0.724 1.960
3 5 0.012 0.424 1.952
3 6 -0.061 0.146 1.917
3 7 -0.060 -0.062 1.854
3 8 -0.051 -0.123 1.831
3 9 0.314 0.409 2.007
3 10 0.355 0.135 1.987
3 11 0.377 -0.070 1.918
3 12 0.373 -0.157 1.887
3 13 0.096 0.018 1.876
3 14 0.026 -0.421 1.928
3 15 -0.007 -0.736 1.958
3 16 0.024 -0.805 1.933
3 17 0.231 0.014 1.908
3 18 0.259 -0.394 1.943
3 19 0.262 -0.729 1.972
3 20 0.278 -0.764 1.887
4 1 0.162 0.084 1.906
4 2 0.152 0.152 1.961
4 3 0.153 0.548 1.986
4 4 0.178 0.724 1.960
4 5 0.012 0.424 1.952
4 6 -0.061 0.146 1.917
4 7 -0.060 -0.062 1.854
4 8 -0.050 -0.123 1.832
4 9 0.314 0.409 2.007
4 10 0.355 0.135 1.987
4 11 0.378 -0.070 1.918
4 12 0.373 -0.157 1.886
4 13 0.096 0.018 1.876
4 14 0.027 -0.421 1.928
4 15 -0.007 -0.736 1.958
4 16 0.024 -0.805 1.933
4 17 0.231 0.014 1.908
4 18 0.259 -0.393 1.943
4 19 0.262 -0.728 1.972
4 20 0.278 -0.763 1.887
5 1 0.162 0.084 1.906
5 2 0.152 0.152 1.961
5 3 0.154 0.548 1.986
5 4 0.178 0.724 1.960
5 5 0.012 0.424 1.952
5 6 -0.061 0.146 1.917
5 7 -0.060 -0.062 1.854
5 8 -0.051 -0.122 1.833
5 9 0.314 0.409 2.007
5 10 0.355 0.135 1.987
5 11 0.378 -0.070 1.918
5 12 0.373 -0.157 1.886
5 13 0.096 0.018 1.876
5 14 0.027 -0.420 1.928
5 15 -0.007 -0.736 1.958
5 16 0.024 -0.805 1.933
5 17 0.231 0.014 1.908
5 18 0.259 -0.393 1.943
5 19 0.262 -0.728 1.972
5 20 0.279 -0.763 1.887
6 1 0.162 0.084 1.906
6 2 0.152 0.152 1.961
6 3 0.154 0.548 1.986
6 4 0.178 0.724 1.960
6 5 0.012 0.424 1.952
6 6 -0.061 0.146 1.917
6 7 -0.060 -0.062 1.855
6 8 -0.051 -0.120 1.834
6 9 0.314 0.409 2.007
6 10 0.355 0.135 1.987
6 11 0.378 -0.070 1.917
6 12 0.373 -0.157 1.886
6 13 0.096 0.018 1.876
6 14 0.027 -0.420 1.928
6 15 -0.007 -0.736 1.958
6 16 0.024 -0.805 1.933
6 17 0.231 0.014 1.908
6 18 0.259 -0.393 1.943
6 19 0.262 -0.728 1.972
6 20 0.279 -0.763 1.887
7 1 0.162 0.084 1.906
7 2 0.152 0.152 1.961
7 3 0.154 0.548 1.986
7 4 0.178 0.724 1.960
7 5 0.012 0.424 1.952
7 6 -0.061 0.146 1.918
7 7 -0.060 -0.062 1.855
7 8 -0.052 -0.119 1.835
7 9 0.314 0.409 2.007
7 10 0.355 0.135 1.986
7 11 0.378 -0.070 1.917
7 12 0.373 -0.157 1.886
7 13 0.096 0.018 1.876
7 14 0.027 -0.420 1.927
7 15 -0.007 -0.736 1.958
7 16 0.024 -0.805 1.933
7 17 0.231 0.014 1.908
7 18 0.259 -0.393 1.943
7 19 0.262 -0.728 1.972
7 20 0.279 -0.763 1.886
8 1 0.162 0.084 1.906
8 2 0.152 0.152 1.961
8 3 0.154 0.548 1.986
8 4 0.179 0.724 1.960
8 5 0.012 0.424 1.953
8 6 -0.061 0.146 1.918
8 7 -0.061 -0.062 1.856
8 8 -0.052 -0.118 1.836
8 9 0.314 0.409 2.007
8 10 0.355 0.135 1.986
8 11 0.378 -0.070 1.917
8 12 0.373 -0.157 1.886
8 13 0.096 0.018 1.876
8 14 0.027 -0.420 1.927
8 15 -0.007 -0.736 1.958
8 16 0.024 -0.805 1.933
8 17 0.231 0.014 1.908
8 18 0.259 -0.393 1.942
8 19 0.263 -0.728 1.972
8 20 0.279 -0.763 1.886
9 1 0.162 0.084 1.906
9 2 0.152 0.153 1.961
9 3 0.154 0.548 1.986
9 4 0.178 0.724 1.960
9 5 0.012 0.425 1.953
9 6 -0.061 0.147 1.919
9 7 -0.062 -0.062 1.857
9 8 -0.053 -0.117 1.837
9 9 0.314 0.410 2.006
9 10 0.355 0.136 1.986
9 11 0.377 -0.070 1.918
9 12 0.372 -0.156 1.886
9 13 0.095 0.018 1.877
9 14 0.027 -0.420 1.927
9 15 -0.006 -0.736 1.958
9 16 0.024 -0.805 1.933
9 17 0.231 0.014 1.908
9 18 0.259 -0.393 1.942
9 19 0.263 -0.728 1.972
9 20 0.279 -0.763 1.886
10 1 0.162 0.084 1.906
10 2 0.152 0.153 1.962
10 3 0.154 0.548 1.986
10 4 0.178 0.724 1.960
10 5 0.011 0.425 1.954
10 6 -0.062 0.147 1.920
10 7 -0.063 -0.062 1.859
10 8 -0.054 -0.116 1.838
10 9 0.314 0.410 2.006
10 10 0.355 0.136 1.987
10 11 0.377 -0.069 1.918
10 12 0.372 -0.156 1.886
10 13 0.095 0.018 1.877
10 14 0.027 -0.420 1.927
10 15 -0.006 -0.736 1.958
10 16 0.024 -0.805 1.933
10 17 0.231 0.015 1.908
10 18 0.259 -0.393 1.942
10 19 0.263 -0.728 1.971
10 20 0.279 -0.763 1.886
11 1 0.161 0.085 1.907
11 2 0.152 0.153 1.962
11 3 0.154 0.548 1.986
11 4 0.178 0.724 1.960
11 5 0.011 0.425 1.954
11 6 -0.063 0.147 1.920
11 7 -0.065 -0.062 1.860
11 8 -0.055 -0.115 1.840
11 9 0.313 0.410 2.006
11 10 0.354 0.136 1.987
11 11 0.376 -0.069 1.918
11 12 0.372 -0.156 1.886
11 13 0.094 0.018 1.878
11 14 0.027 -0.419 1.928
11 15 -0.006 -0.736 1.958
11 16 0.024 -0.805 1.933
11 17 0.230 0.015 1.909
11 18 0.259 -0.393 1.942
11 19 0.263 -0.728 1.971
11 20 0.279 -0.763 1.886
12 1 0.160 0.085 1.908
12 2 0.151 0.153 1.963
12 3 0.153 0.548 1.987
12 4 0.177 0.724 1.960
12 5 0.009 0.425 1.955
12 6 -0.064 0.147 1.922
12 7 -0.067 -0.061 1.862
12 8 -0.056 -0.115 1.841
12 9 0.312 0.410 2.006
12 10 0.353 0.137 1.987
12 11 0.375 -0.069 1.919
12 12 0.371 -0.156 1.887
12 13 0.093 0.019 1.879
12 14 0.027 -0.419 1.928
12 15 -0.006 -0.736 1.958
12 16 0.024 -0.805 1.933
12 17 0.229 0.015 1.909
12 18 0.259 -0.393 1.943
12 19 0.263 -0.728 1.971
12 20 0.279 -0.763 1.886
13 1 0.159 0.085 1.908
13 2 0.150 0.153 1.963
13 3 0.153 0.548 1.987
13 4 0.176 0.724 1.960
13 5 0.008 0.426 1.956
13 6 -0.065 0.147 1.923
13 7 -0.069 -0.061 1.864
13 8 -0.058 -0.114 1.843
13 9 0.311 0.411 2.006
13 10 0.352 0.137 1.987
13 11 0.374 -0.069 1.919
13 12 0.370 -0.155 1.888
13 13 0.091 0.019 1.881
13 14 0.027 -0.419 1.928
13 15 -0.006 -0.737 1.958
13 16 0.024 -0.805 1.933
13 17 0.228 0.015 1.910
13 18 0.258 -0.393 1.943
13 19 0.263 -0.728 1.971
13 20 0.279 -0.763 1.886
14 1 0.157 0.085 1.909
14 2 0.149 0.154 1.964
14 3 0.152 0.548 1.987
14 4 0.174 0.724 1.961
14 5 0.006 0.426 1.957
14 6 -0.067 0.148 1.924
14 7 -0.071 -0.061 1.866
14 8 -0.060 -0.114 1.844
14 9 0.310 0.411 2.006
14 10 0.351 0.138 1.988
14 11 0.373 -0.068 1.920
14 12 0.368 -0.155 1.889
14 13 0.089 0.019 1.882
14 14 0.026 -0.418 1.928
14 15 -0.007 -0.737 1.958
14 16 0.024 -0.805 1.933
14 17 0.227 0.015 1.911
14 18 0.258 -0.393 1.943
14 19 0.263 -0.728 1.971
14 20 0.279 -0.763 1.886
15 1 0.156 0.086 1.911
15 2 0.147 0.154 1.966
15 3 0.150 0.548 1.988
15 4 0.171 0.724 1.961
15 5 0.004 0.427 1.959
15 6 -0.069 0.148 1.926
15 7 -0.073 -0.061 1.868
15 8 -0.062 -0.114 1.846
15 9 0.308 0.412 2.006
15 10 0.350 0.138 1.988
15 11 0.372 -0.068 1.921
15 12 0.367 -0.155 1.889
15 13 0.088 0.019 1.884
15 14 0.026 -0.418 1.929
15 15 -0.007 -0.737 1.959
15 16 0.024 -0.805 1.933
15 17 0.226 0.016 1.912
15 18 0.257 -0.392 1.944
15 19 0.263 -0.728 1.971
15 20 0.278 -0.763 1.886
16 1 0.154 0.086 1.912
16 2 0.146 0.154 1.967
16 3 0.148 0.548 1.988
16 4 0.168 0.724 1.961
16 5 0.001 0.427 1.960
16 6 -0.071 0.148 1.927
16 7 -0.075 -0.061 1.870
16 8 -0.064 -0.114 1.848
16 9 0.305 0.412 2.006
16 10 0.349 0.138 1.989
16 11 0.370 -0.068 1.922
16 12 0.366 -0.155 1.890
16 13 0.086 0.020 1.886
16 14 0.025 -0.417 1.929
16 15 -0.007 -0.737 1.959
16 16 0.024 -0.805 1.933
16 17 0.224 0.016 1.913
16 18 0.256 -0.392 1.944
16 19 0.263 -0.728 1.972
16 20 0.278 -0.763 1.886
17 1 0.152 0.086 1.913
17 2 0.144 0.155 1.968
17 3 0.146 0.549 1.989
17 4 0.165 0.724 1.962
17 5 -0.001 0.427 1.962
17 6 -0.072 0.148 1.929
17 7 -0.077 -0.061 1.871
17 8 -0.066 -0.114 1.850
17 9 0.303 0.413 2.006
17 10 0.347 0.139 1.989
17 11 0.369 -0.067 1.923
17 12 0.364 -0.154 1.891
17 13 0.084 0.020 1.887
17 14 0.025 -0.417 1.929
17 15 -0.007 -0.737 1.959
17 16 0.024 -0.806 1.933
17 17 0.222 0.017 1.914
17 18 0.255 -0.392 1.944
17 19 0.263 -0.728 1.972
17 20 0.277 -0.763 1.886
18 1 0.151 0.087 1.915
18 2 0.143 0.155 1.969
18 3 0.144 0.549 1.990
18 4 0.163 0.724 1.962
18 5 -0.003 0.427 1.963
18 6 -0.074 0.148 1.930
18 7 -0.079 -0.061 1.873
18 8 -0.068 -0.115 1.852
18 9 0.300 0.414 2.006
18 10 0.346 0.139 1.990
18 11 0.367 -0.067 1.924
18 12 0.363 -0.154 1.892
18 13 0.082 0.020 1.889
18 14 0.024 -0.416 1.930
18 15 -0.007 -0.737 1.959
18 16 0.024 -0.806 1.934
18 17 0.221 0.017 1.915
18 18 0.255 -0.392 1.945
18 19 0.262 -0.728 1.972
18 20 0.277 -0.764 1.887
19 1 0.149 0.087 1.916
19 2 0.141 0.155 1.970
19 3 0.142 0.549 1.990
19 4 0.160 0.724 1.962
19 5 -0.006 0.428 1.964
19 6 -0.076 0.148 1.932
19 7 -0.081 -0.061 1.874
19 8 -0.070 -0.115 1.854
19 9 0.298 0.414 2.007
19 10 0.344 0.140 1.990
19 11 0.365 -0.067 1.925
19 12 0.361 -0.154 1.893
19 13 0.081 0.020 1.891
19 14 0.023 -0.415 1.930
19 15 -0.007 -0.737 1.960
19 16 0.024 -0.806 1.934
19 17 0.219 0.017 1.916
19 18 0.254 -0.391 1.945
19 19 0.262 -0.729 1.972
19 20 0.276 -0.764 1.887
20 1 0.147 0.088 1.917
20 2 0.140 0.156 1.972
20 3 0.140 0.549 1.991
20 4 0.158 0.724 1.962
20 5 -0.008 0.428 1.966
20 6 -0.077 0.148 1.933
20 7 -0.082 -0.062 1.876
20 8 -0.072 -0.115 1.856
20 9 0.297 0.415 2.007
20 10 0.343 0.140 1.991
20 11 0.364 -0.066 1.926
20 12 0.360 -0.154 1.894
20 13 0.079 0.021 1.892
20 14 0.023 -0.414 1.931
20 15 -0.007 -0.738 1.960
20 16 0.023 -0.806 1.934
20 17 0.218 0.018 1.917
20 18 0.253 -0.391 1.946
20 19 0.262 -0.729 1.972
20 20 0.275 -0.764 1.887
21 1 0.146 0.088 1.918
21 2 0.138 0.156 1.973
21 3 0.139 0.549 1.991
21 4 0.155 0.724 1.963
21 5 -0.010 0.428 1.967
21 6 -0.078 0.148 1.934
21 7 -0.084 -0.062 1.877
21 8 -0.073 -0.115 1.858
21 9 0.295 0.415 2.007
21 10 0.342 0.140 1.992
21 11 0.363 -0.066 1.926
21 12 0.359 -0.153 1.895
21 13 0.077 0.021 1.894
21 14 0.022 -0.412 1.932
21 15 -0.008 -0.738 1.960
21 16 0.023 -0.806 1.935
21 17 0.216 0.018 1.918
21 18 0.252 -0.390 1.946
21 19 0.261 -0.729 1.972
21 20 0.274 -0.764 1.887
22 1 0.144 0.088 1.919
22 2 0.137 0.157 1.974
22 3 0.137 0.549 1.992
22 4 0.153 0.724 1.963
22 5 -0.011 0.428 1.968
22 6 -0.079 0.148 1.934
22 7 -0.085 -0.062 1.878
22 8 -0.075 -0.115 1.860
22 9 0.294 0.415 2.008
22 10 0.340 0.141 1.992
22 11 0.361 -0.066 1.927
22 12 0.358 -0.153 1.896
22 13 0.076 0.021 1.895
22 14 0.021 -0.410 1.932
22 15 -0.008 -0.738 1.960
22 16 0.023 -0.806 1.935
22 17 0.215 0.018 1.918
22 18 0.251 -0.390 1.947
22 19 0.261 -0.729 1.973
22 20 0.274 -0.764 1.887
23 1 0.143 0.089 1.920
23 2 0.136 0.157 1.975
23 3 0.136 0.549 1.992
23 4 0.151 0.724 1.963
23 5 -0.013 0.428 1.969
23 6 -0.080 0.148 1.935
23 7 -0.086 -0.062 1.880
23 8 -0.077 -0.115 1.861
23 9 0.293 0.415 2.008
23 10 0.339 0.141 1.993
23 11 0.360 -0.066 1.928
23 12 0.357 -0.153 1.897
23 13 0.075 0.021 1.896
23 14 0.020 -0.409 1.933
23 15 -0.008 -0.738 1.960
23 16 0.023 -0.806 1.935
23 17 0.214 0.019 1.919
23 18 0.250 -0.390 1.948
23 19 0.260 -0.729 1.973
23 20 0.273 -0.764 1.888
24 1 0.142 0.089 1.921
24 2 0.134 0.157 1.976
24 3 0.134 0.549 1.993
24 4 0.148 0.724 1.964
24 5 -0.014 0.428 1.969
24 6 -0.081 0.148 1.936
24 7 -0.087 -0.062 1.881
24 8 -0.078 -0.115 1.862
24 9 0.291 0.415 2.009
24 10 0.338 0.141 1.994
24 11 0.359 -0.066 1.929
24 12 0.356 -0.153 1.898
24 13 0.074 0.021 1.897
24 14 0.019 -0.407 1.933
24 15 -0.008 -0.738 1.961
24 16 0.023 -0.807 1.935
24 17 0.212 0.019 1.920
24 18 0.249 -0.390 1.948
24 19 0.260 -0.729 1.973
24 20 0.272 -0.764 1.888
25 1 0.141 0.089 1.922
25 2 0.133 0.157 1.976
25 3 0.133 0.549 1.993
25 4 0.146 0.724 1.965
25 5 -0.015 0.428 1.970
25 6 -0.082 0.148 1.937
25 7 -0.088 -0.063 1.882
25 8 -0.078 -0.116 1.863
25 9 0.290 0.415 2.009
25 10 0.337 0.141 1.995
25 11 0.358 -0.066 1.930
25 12 0.355 -0.153 1.899
25 13 0.073 0.022 1.898
25 14 0.019 -0.406 1.934
25 15 -0.009 -0.738 1.961
25 16 0.023 -0.807 1.936
25 17 0.211 0.019 1.921
25 18 0.249 -0.390 1.949
25 19 0.260 -0.729 1.973
25 20 0.272 -0.765 1.888
26 1 0.140 0.089 1.923
26 2 0.132 0.157 1.977
26 3 0.132 0.549 1.994
26 4 0.144 0.725 1.965
26 5 -0.017 0.428 1.971
26 6 -0.083 0.148 1.938
26 7 -0.088 -0.063 1.883
26 8 -0.079 -0.116 1.864
26 9 0.289 0.415 2.010
26 10 0.336 0.141 1.996
26 11 0.356 -0.066 1.931
26 12 0.354 -0.154 1.899
26 13 0.072 0.022 1.899
26 14 0.018 -0.405 1.934
26 15 -0.009 -0.738 1.961
26 16 0.023 -0.807 1.936
26 17 0.210 0.019 1.922
26 18 0.248 -0.390 1.949
26 19 0.259 -0.729 1.974
26 20 0.271 -0.765 1.888
27 1 0.139 0.089 1.924
27 2 0.131 0.157 1.978
27 3 0.130 0.549 1.995
27 4 0.143 0.725 1.966
27 5 -0.018 0.428 1.972
27 6 -0.084 0.148 1.938
27 7 -0.089 -0.063 1.883
27 8 -0.080 -0.116 1.864
27 9 0.287 0.415 2.011
27 10 0.335 0.141 1.997
27 11 0.355 -0.066 1.932
27 12 0.353 -0.154 1.900
27 13 0.071 0.022 1.900
27 14 0.018 -0.404 1.934
27 15 -0.009 -0.738 1.961
27 16 0.022 -0.807 1.936
27 17 0.209 0.019 1.923
27 18 0.247 -0.390 1.950
27 19 0.259 -0.729 1.974
27 20 0.271 -0.765 1.888
28 1 0.138 0.089 1.925
28 2 0.130 0.158 1.980
28 3 0.129 0.549 1.996
28 4 0.141 0.725 1.967
28 5 -0.019 0.428 1.973
28 6 -0.085 0.148 1.939
28 7 -0.089 -0.063 1.884
28 8 -0.080 -0.116 1.865
28 9 0.286 0.415 2.012
28 10 0.333 0.141 1.998
28 11 0.354 -0.066 1.934
28 12 0.353 -0.153 1.901
28 13 0.070 0.022 1.901
28 14 0.017 -0.404 1.934
28 15 -0.009 -0.738 1.961
28 16 0.022 -0.807 1.937
28 17 0.208 0.019 1.925
28 18 0.247 -0.390 1.950
28 19 0.259 -0.729 1.974
28 20 0.271 -0.765 1.888
29 1 0.137 0.090 1.927
29 2 0.129 0.158 1.981
29 3 0.128 0.550 1.997
29 4 0.140 0.726 1.968
29 5 -0.021 0.428 1.975
29 6 -0.086 0.148 1.940
29 7 -0.090 -0.063 1.885
29 8 -0.081 -0.116 1.865
29 9 0.284 0.415 2.014
29 10 0.332 0.141 2.000
29 11 0.352 -0.066 1.935
29 12 0.352 -0.153 1.903
29 13 0.069 0.022 1.902
29 14 0.017 -0.404 1.934
29 15 -0.009 -0.738 1.961
29 16 0.022 -0.807 1.937
29 17 0.207 0.020 1.926
29 18 0.246 -0.390 1.951
29 19 0.258 -0.729 1.974
29 20 0.270 -0.765 1.888
30 1 0.135 0.090 1.929
30 2 0.128 0.158 1.983
30 3 0.127 0.550 1.999
30 4 0.139 0.726 1.970
30 5 -0.023 0.428 1.978
30 6 -0.087 0.148 1.942
30 7 -0.091 -0.063 1.886
30 8 -0.081 -0.116 1.866
30 9 0.282 0.416 2.016
30 10 0.330 0.142 2.004
30 11 0.351 -0.066 1.937
30 12 0.351 -0.153 1.904
30 13 0.068 0.022 1.905
30 14 0.017 -0.403 1.935
30 15 -0.009 -0.738 1.961
30 16 0.022 -0.807 1.937
30 17 0.206 0.020 1.929
30 18 0.246 -0.391 1.951
30 19 0.258 -0.729 1.974
30 20 0.270 -0.765 1.888
31 1 0.134 0.091 1.932
31 2 0.127 0.159 1.986
31 3 0.125 0.550 2.001
31 4 0.138 0.727 1.971
31 5 -0.026 0.429 1.981
31 6 -0.088 0.148 1.943
31 7 -0.091 -0.062 1.887
31 8 -0.081 -0.116 1.866
31 9 0.280 0.417 2.020
31 10 0.329 0.142 2.007
31 11 0.350 -0.066 1.940
31 12 0.350 -0.152 1.906
31 13 0.066 0.023 1.908
31 14 0.017 -0.403 1.935
31 15 -0.010 -0.738 1.961
31 16 0.021 -0.807 1.937
31 17 0.205 0.021 1.932
31 18 0.245 -0.391 1.952
31 19 0.258 -0.729 1.974
31 20 0.270 -0.765 1.888
32 1 0.133 0.092 1.937
32 2 0.125 0.160 1.991
32 3 0.124 0.550 2.003
32 4 0.137 0.727 1.973
32 5 -0.028 0.429 1.984
32 6 -0.089 0.149 1.946
32 7 -0.092 -0.061 1.888
32 8 -0.081 -0.116 1.867
32 9 0.278 0.418 2.024
32 10 0.327 0.144 2.012
32 11 0.348 -0.065 1.943
32 12 0.349 -0.152 1.909
32 13 0.065 0.023 1.912
32 14 0.016 -0.403 1.935
32 15 -0.010 -0.737 1.960
32 16 0.021 -0.807 1.937
32 17 0.204 0.022 1.937
32 18 0.244 -0.392 1.953
32 19 0.257 -0.729 1.973
32 20 0.269 -0.765 1.888
33 1 0.131 0.092 1.943
33 2 0.124 0.161 1.996
33 3 0.123 0.550 2.007
33 4 0.136 0.728 1.975
33 5 -0.030 0.430 1.988
33 6 -0.091 0.150 1.949
33 7 -0.093 -0.060 1.890
33 8 -0.082 -0.115 1.868
33 9 0.277 0.419 2.029
33 10 0.326 0.144 2.016
33 11 0.346 -0.064 1.949
33 12 0.348 -0.151 1.913
33 13 0.063 0.024 1.918
33 14 0.016 -0.404 1.935
33 15 -0.010 -0.737 1.959
33 16 0.009 -0.783 1.893
33 17 0.203 0.022 1.944
33 18 0.243 -0.394 1.953
33 19 0.257 -0.729 1.973
33 20 0.269 -0.765 1.887
34 1 0.130 0.093 1.949
34 2 0.122 0.162 2.002
34 3 0.122 0.550 2.011
34 4 0.135 0.729 1.977
34 5 -0.031 0.430 1.992
34 6 -0.092 0.151 1.953
34 7 -0.093 -0.059 1.892
34 8 -0.082 -0.115 1.869
34 9 0.277 0.420 2.035
34 10 0.324 0.145 2.022
34 11 0.344 -0.063 1.955
34 12 0.346 -0.149 1.919
34 13 0.061 0.024 1.926
34 14 0.016 -0.404 1.935
34 15 -0.010 -0.736 1.957
34 16 0.003 -0.769 1.866
34 17 0.202 0.023 1.951
34 18 0.242 -0.395 1.954
34 19 0.256 -0.729 1.972
34 20 0.268 -0.765 1.887
35 1 0.129 0.094 1.958
35 2 0.121 0.163 2.010
35 3 0.121 0.550 2.015
35 4 0.134 0.729 1.980
35 5 -0.033 0.431 1.998
35 6 -0.094 0.153 1.959
35 7 -0.094 -0.058 1.895
35 8 -0.083 -0.115 1.872
35 9 0.276 0.421 2.042
35 10 0.323 0.147 2.029
35 11 0.343 -0.062 1.961
35 12 0.345 -0.148 1.925
35 13 0.060 0.025 1.935
35 14 0.016 -0.404 1.935
35 15 -0.009 -0.736 1.956
35 16 0.001 -0.764 1.855
35 17 0.201 0.024 1.961
35 18 0.241 -0.397 1.955
35 19 0.256 -0.729 1.972
35 20 0.268 -0.765 1.886
36 1 0.128 0.094 1.968
36 2 0.120 0.163 2.020
36 3 0.120 0.549 2.021
36 4 0.133 0.730 1.984
36 5 -0.034 0.431 2.005
36 6 -0.096 0.154 1.966
36 7 -0.095 -0.056 1.900
36 8 -0.084 -0.115 1.875
36 9 0.276 0.422 2.049
36 10 0.322 0.147 2.036
36 11 0.341 -0.061 1.969
36 12 0.343 -0.147 1.933
36 13 0.058 0.025 1.945
36 14 0.016 -0.404 1.935
36 15 -0.009 -0.735 1.954
36 16 -0.000 -0.760 1.848
36 17 0.200 0.023 1.972
36 18 0.240 -0.399 1.956
36 19 0.255 -0.729 1.971
36 20 0.267 -0.765 1.885
37 1 0.127 0.094 1.979
37 2 0.119 0.163 2.030
37 3 0.119 0.548 2.027
37 4 0.132 0.731 1.989
37 5 -0.035 0.431 2.013
37 6 -0.098 0.155 1.973
37 7 -0.096 -0.055 1.907
37 8 -0.086 -0.116 1.881
37 9 0.276 0.423 2.058
37 10 0.321 0.146 2.044
37 11 0.340 -0.061 1.976
37 12 0.341 -0.147 1.941
37 13 0.057 0.025 1.956
37 14 0.015 -0.405 1.935
37 15 -0.009 -0.734 1.952
37 16 -0.001 -0.758 1.844
37 17 0.199 0.023 1.984
37 18 0.239 -0.400 1.957
37 19 0.254 -0.729 1.970
37 20 0.267 -0.765 1.884
38 1 0.126 0.093 1.992
38 2 0.118 0.162 2.042
38 3 0.118 0.546 2.034
38 4 0.131 0.732 1.994
38 5 -0.036 0.431 2.022
38 6 -0.100 0.154 1.982
38 7 -0.097 -0.055 1.916
38 8 -0.087 -0.117 1.887
38 9 0.276 0.422 2.067
38 10 0.321 0.143 2.054
38 11 0.339 -0.063 1.983
38 12 0.339 -0.148 1.948
38 13 0.056 0.024 1.969
38 14 0.015 -0.405 1.936
38 15 -0.009 -0.734 1.951
38 16 -0.001 -0.758 1.842
38 17 0.199 0.021 1.999
38 18 0.238 -0.403 1.959
38 19 0.254 -0.729 1.969
38 20 0.266 -0.765 1.884
39 1 0.125 0.092 2.006
39 2 0.117 0.161 2.055
39 3 0.118 0.543 2.043
39 4 0.131 0.733 2.003
39 5 -0.036 0.429 2.032
39 6 -0.102 0.153 1.992
39 7 -0.098 -0.055 1.926
39 8 -0.088 -0.122 1.895
39 9 0.277 0.422 2.079
39 10 0.321 0.140 2.064
39 11 0.338 -0.066 1.992
39 12 0.337 -0.149 1.955
39 13 0.054 0.022 1.984
39 14 0.015 -0.407 1.937
39 15 -0.009 -0.733 1.949
39 16 -0.001 -0.758 1.842
39 17 0.198 0.019 2.014
39 18 0.237 -0.405 1.961
39 19 0.253 -0.729 1.968
39 20 0.266 -0.765 1.883
40 1 0.124 0.089 2.022
40 2 0.116 0.159 2.070
40 3 0.117 0.538 2.053
40 4 0.131 0.733 2.013
40 5 -0.037 0.427 2.044
40 6 -0.104 0.152 2.002
40 7 -0.099 -0.057 1.939
40 8 -0.090 -0.130 1.906
40 9 0.278 0.419 2.094
40 10 0.321 0.136 2.074
40 11 0.337 -0.070 2.001
40 12 0.335 -0.151 1.964
40 13 0.052 0.019 2.000
40 14 0.014 -0.408 1.939
40 15 -0.008 -0.732 1.947
40 16 0.000 -0.759 1.842
40 17 0.197 0.014 2.030
40 18 0.235 -0.407 1.964
40 19 0.253 -0.729 1.967
40 20 0.265 -0.765 1.881
41 1 0.122 0.082 2.041
41 2 0.114 0.152 2.088
41 3 0.116 0.528 2.067
41 4 0.131 0.730 2.026
41 5 -0.037 0.421 2.058
41 6 -0.106 0.145 2.015
41 7 -0.101 -0.063 1.952
41 8 -0.092 -0.140 1.918
41 9 0.278 0.414 2.108
41 10 0.322 0.129 2.086
41 11 0.336 -0.076 2.011
41 12 0.334 -0.156 1.976
41 13 0.051 0.011 2.022
41 14 0.014 -0.408 1.941
41 15 -0.008 -0.731 1.943
41 16 0.001 -0.759 1.842
41 17 0.196 0.007 2.049
41 18 0.234 -0.409 1.967
41 19 0.252 -0.729 1.964
41 20 0.265 -0.765 1.879
42 1 0.120 0.070 2.062
42 2 0.112 0.141 2.106
42 3 0.113 0.517 2.080
42 4 0.131 0.721 2.042
42 5 -0.038 0.411 2.073
42 6 -0.109 0.136 2.028
42 7 -0.103 -0.073 1.966
42 8 -0.094 -0.151 1.929
42 9 0.278 0.405 2.121
42 10 0.323 0.117 2.100
42 11 0.335 -0.085 2.021
42 12 0.333 -0.162 1.985
42 13 0.048 -0.001 2.044
42 14 0.014 -0.409 1.942
42 15 -0.008 -0.730 1.939
42 16 0.001 -0.760 1.842
42 17 0.194 -0.005 2.071
42 18 0.233 -0.411 1.969
42 19 0.251 -0.728 1.961
42 20 0.264 -0.765 1.876
43 1 0.119 0.056 2.081
43 2 0.111 0.128 2.124
43 3 0.112 0.501 2.096
43 4 0.130 0.704 2.061
43 5 -0.040 0.394 2.090
43 6 -0.112 0.120 2.044
43 7 -0.106 -0.089 1.982
43 8 -0.098 -0.166 1.941
43 9 0.278 0.390 2.138
43 10 0.325 0.102 2.115
43 11 0.335 -0.101 2.033
43 12 0.332 -0.173 1.998
43 13 0.047 -0.016 2.063
43 14 0.013 -0.410 1.943
43 15 -0.008 -0.727 1.932
43 16 0.002 -0.760 1.840
43 17 0.193 -0.020 2.092
43 18 0.232 -0.412 1.970
43 19 0.250 -0.727 1.956
43 20 0.263 -0.764 1.872
44 1 0.118 0.037 2.101
44 2 0.110 0.110 2.141
44 3 0.111 0.479 2.113
44 4 0.128 0.682 2.079
44 5 -0.041 0.372 2.106
44 6 -0.115 0.100 2.060
44 7 -0.110 -0.107 1.996
44 8 -0.102 -0.182 1.951
44 9 0.278 0.367 2.156
44 10 0.327 0.083 2.129
44 11 0.335 -0.138 2.045
44 12 0.334 -0.198 2.012
44 13 0.045 -0.036 2.085
44 14 0.013 -0.412 1.944
44 15 -0.009 -0.724 1.921
44 16 0.003 -0.759 1.836
44 17 0.193 -0.037 2.111
44 18 0.232 -0.413 1.972
44 19 0.250 -0.726 1.950
44 20 0.263 -0.763 1.866
45 1 0.116 0.011 2.122
45 2 0.109 0.083 2.158
45 3 0.111 0.445 2.128
45 4 0.125 0.656 2.094
45 5 -0.043 0.338 2.122
45 6 -0.119 0.071 2.079
45 7 -0.115 -0.146 2.008
45 8 -0.106 -0.225 1.964
45 9 0.280 0.332 2.175
45 10 0.328 0.047 2.148
45 11 0.336 -0.160 2.052
45 12 0.335 -0.220 2.023
45 13 0.041 -0.063 2.106
45 14 0.011 -0.418 1.944
45 15 -0.010 -0.720 1.911
45 16 0.003 -0.758 1.830
45 17 0.192 -0.068 2.135
45 18 0.232 -0.417 1.973
45 19 0.251 -0.724 1.943
45 20 0.265 -0.762 1.859
46 1 0.114 -0.023 2.142
46 2 0.107 0.050 2.174
46 3 0.111 0.410 2.138
46 4 0.124 0.617 2.109
46 5 -0.045 0.302 2.136
46 6 -0.123 0.034 2.094
46 7 -0.118 -0.170 2.013
46 8 -0.108 -0.255 1.971
46 9 0.280 0.292 2.191
46 10 0.331 0.007 2.162
46 11 0.338 -0.189 2.059
46 12 0.338 -0.252 2.029
46 13 0.038 -0.095 2.125
46 14 0.008 -0.430 1.943
46 15 -0.010 -0.716 1.902
46 16 0.003 -0.756 1.823
46 17 0.190 -0.101 2.155
46 18 0.233 -0.428 1.974
46 19 0.253 -0.721 1.936
46 20 0.267 -0.760 1.853
47 1 0.113 -0.057 2.159
47 2 0.107 0.015 2.187
47 3 0.108 0.366 2.150
47 4 0.122 0.576 2.122
47 5 -0.048 0.259 2.148
47 6 -0.126 -0.010 2.108
47 7 -0.122 -0.210 2.019
47 8 -0.105 -0.295 1.979
47 9 0.281 0.262 2.204
47 10 0.333 -0.024 2.172
47 11 0.342 -0.228 2.067
47 12 0.340 -0.288 2.032
47 13 0.036 -0.133 2.146
47 14 0.004 -0.450 1.939
47 15 -0.013 -0.744 1.891
47 16 0.002 -0.786 1.812
47 17 0.191 -0.135 2.174
47 18 0.237 -0.447 1.973
47 19 0.255 -0.719 1.930
47 20 0.269 -0.758 1.847
48 1 0.112 -0.095 2.177
48 2 0.106 -0.026 2.201
48 3 0.106 0.316 2.163
48 4 0.121 0.528 2.135
48 5 -0.050 0.210 2.157
48 6 -0.129 -0.045 2.119
48 7 -0.126 -0.239 2.022
48 8 -0.104 -0.319 1.980
48 9 0.285 0.215 2.221
48 10 0.337 -0.070 2.180
48 11 0.344 -0.267 2.073
48 12 0.341 -0.331 2.034
48 13 0.035 -0.168 2.164
48 14 0.002 -0.471 1.933
48 15 -0.014 -0.772 1.883
48 16 0.002 -0.814 1.803
48 17 0.192 -0.176 2.192
48 18 0.240 -0.461 1.972
48 19 0.262 -0.769 1.921
48 20 0.278 -0.810 1.838
49 1 0.111 -0.135 2.192
49 2 0.105 -0.066 2.212
49 3 0.107 0.272 2.175
49 4 0.121 0.486 2.144
49 5 -0.052 0.160 2.167
49 6 -0.134 -0.090 2.131
49 7 -0.130 -0.284 2.027
49 8 -0.103 -0.352 1.977
49 9 0.286 0.177 2.237
49 10 0.339 -0.103 2.185
49 11 0.345 -0.297 2.078
49 12 0.342 -0.378 2.035
49 13 0.032 -0.208 2.179
49 14 -0.001 -0.508 1.919
49 15 -0.015 -0.801 1.879
49 16 0.002 -0.843 1.799
49 17 0.191 -0.215 2.206
49 18 0.245 -0.478 1.972
49 19 0.265 -0.807 1.918
49 20 0.282 -0.848 1.835
50 1 0.108 -0.183 2.210
50 2 0.103 -0.115 2.227
50 3 0.106 0.223 2.190
50 4 0.119 0.438 2.161
50 5 -0.054 0.109 2.181
50 6 -0.138 -0.134 2.139
50 7 -0.136 -0.325 2.016
50 8 -0.102 -0.394 1.966
50 9 0.285 0.126 2.252
50 10 0.339 -0.151 2.194
50 11 0.347 -0.340 2.083
50 12 0.343 -0.419 2.029
50 13 0.029 -0.257 2.199
50 14 -0.003 -0.533 1.911
50 15 -0.015 -0.829 1.880
50 16 0.002 -0.870 1.799
50 17 0.188 -0.263 2.224
50 18 0.250 -0.501 1.973
50 19 0.264 -0.839 1.919
50 20 0.282 -0.880 1.837
51 1 0.107 -0.229 2.228
51 2 0.102 -0.162 2.243
51 3 0.106 0.175 2.212
51 4 0.117 0.388 2.180
51 5 -0.057 0.057 2.197
51 6 -0.138 -0.187 2.149
51 7 -0.134 -0.374 2.001
51 8 -0.106 -0.435 1.956
51 9 0.283 0.073 2.270
51 10 0.339 -0.201 2.203
51 11 0.351 -0.388 2.088
51 12 0.344 -0.436 2.033
51 13 0.027 -0.303 2.217
51 14 -0.004 -0.549 1.908
51 15 -0.013 -0.852 1.884
51 16 0.004 -0.893 1.802
51 17 0.187 -0.310 2.241
51 18 0.258 -0.524 1.971
51 19 0.261 -0.862 1.924
51 20 0.279 -0.902 1.841
52 1 0.107 -0.272 2.246
52 2 0.102 -0.208 2.260
52 3 0.104 0.124 2.234
52 4 0.112 0.341 2.206
52 5 -0.063 0.003 2.215
52 6 -0.137 -0.236 2.160
52 7 -0.135 -0.397 1.997
52 8 -0.113 -0.463 1.950
52 9 0.280 0.027 2.291
52 10 0.335 -0.240 2.214
52 11 0.354 -0.426 2.097
52 12 0.345 -0.450 2.044
52 13 0.027 -0.347 2.232
52 14 -0.005 -0.560 1.907
52 15 -0.010 -0.870 1.893
52 16 0.008 -0.910 1.810
52 17 0.188 -0.357 2.261
52 18 0.264 -0.541 1.970
52 19 0.258 -0.877 1.931
52 20 0.276 -0.917 1.848
53 1 0.109 -0.319 2.268
53 2 0.104 -0.255 2.281
53 3 0.104 0.071 2.262
53 4 0.109 0.289 2.238
53 5 -0.067 -0.048 2.238
53 6 -0.136 -0.281 2.172
53 7 -0.140 -0.431 2.002
53 8 -0.120 -0.481 1.951
53 9 0.282 -0.027 2.316
53 10 0.331 -0.289 2.230
53 11 0.355 -0.477 2.117
53 12 0.379 -0.500 2.076
53 13 0.028 -0.396 2.250
53 14 -0.007 -0.568 1.909
53 15 -0.008 -0.883 1.907
53 16 0.010 -0.923 1.824
53 17 0.192 -0.403 2.283
53 18 0.271 -0.555 1.969
53 19 0.254 -0.886 1.943
53 20 0.273 -0.926 1.860
54 1 0.108 -0.353 2.285
54 2 0.103 -0.299 2.305
54 3 0.106 0.013 2.300
54 4 0.106 0.237 2.275
54 5 -0.072 -0.101 2.267
54 6 -0.137 -0.332 2.184
54 7 -0.149 -0.471 2.007
54 8 -0.156 -0.526 1.978
54 9 0.280 -0.083 2.346
54 10 0.325 -0.337 2.255
54 11 0.363 -0.506 2.124
54 12 0.385 -0.551 2.091
54 13 0.026 -0.425 2.261
54 14 -0.009 -0.573 1.913
54 15 -0.012 -0.888 1.929
54 16 0.007 -0.926 1.845
54 17 0.192 -0.440 2.301
54 18 0.275 -0.563 1.969
54 19 0.252 -0.888 1.957
54 20 0.271 -0.927 1.873
55 1 0.104 -0.393 2.306
55 2 0.099 -0.340 2.331
55 3 0.101 -0.039 2.342
55 4 0.102 0.187 2.317
55 5 -0.075 -0.153 2.304
55 6 -0.140 -0.365 2.199
55 7 -0.159 -0.513 2.030
55 8 -0.186 -0.555 1.992
55 9 0.274 -0.135 2.383
55 10 0.323 -0.380 2.284
55 11 0.370 -0.534 2.136
55 12 0.395 -0.576 2.098
55 13 0.019 -0.467 2.275
55 14 -0.015 -0.575 1.917
55 15 -0.013 -0.885 1.948
55 16 0.005 -0.922 1.864
55 17 0.192 -0.471 2.315
55 18 0.279 -0.568 1.970
55 19 0.250 -0.886 1.970
55 20 0.269 -0.924 1.887
56 1 0.099 -0.421 2.322
56 2 0.093 -0.371 2.355
56 3 0.099 -0.077 2.388
56 4 0.097 0.146 2.366
56 5 -0.073 -0.195 2.348
56 6 -0.139 -0.404 2.237
56 7 -0.170 -0.536 2.055
56 8 -0.196 -0.574 2.007
56 9 0.269 -0.184 2.424
56 10 0.323 -0.417 2.321
56 11 0.378 -0.555 2.151
56 12 0.405 -0.597 2.111
56 13 0.013 -0.491 2.286
56 14 -0.023 -0.575 1.925
56 15 -0.014 -0.881 1.960
56 16 0.005 -0.918 1.876
56 17 0.188 -0.497 2.329
56 18 0.283 -0.571 1.974
56 19 0.250 -0.880 1.982
56 20 0.269 -0.916 1.899
57 1 0.096 -0.435 2.335
57 2 0.089 -0.388 2.373
57 3 0.093 -0.097 2.435
57 4 0.092 0.121 2.422
57 5 -0.073 -0.216 2.398
57 6 -0.140 -0.422 2.273
57 7 -0.182 -0.550 2.092
57 8 -0.197 -0.601 2.060
57 9 0.262 -0.212 2.467
57 10 0.321 -0.436 2.360
57 11 0.384 -0.571 2.188
57 12 0.406 -0.609 2.132
57 13 0.008 -0.504 2.294
57 14 -0.031 -0.574 1.934
57 15 -0.015 -0.879 1.968
57 16 0.004 -0.914 1.884
57 17 0.186 -0.511 2.338
57 18 0.286 -0.569 1.982
57 19 0.251 -0.875 1.990
57 20 0.269 -0.911 1.906
58 1 0.083 -0.445 2.376
58 2 0.078 -0.396 2.419
58 3 0.090 -0.100 2.488
58 4 0.084 0.118 2.481
58 5 -0.075 -0.215 2.452
58 6 -0.141 -0.424 2.323
58 7 -0.184 -0.541 2.133
58 8 -0.189 -0.617 2.109
58 9 0.253 -0.217 2.514
58 10 0.310 -0.433 2.408
58 11 0.377 -0.554 2.224
58 12 0.397 -0.603 2.157
58 13 -0.011 -0.510 2.333
58 14 -0.038 -0.567 1.959
58 15 -0.016 -0.877 1.969
58 16 0.002 -0.911 1.884
58 17 0.175 -0.521 2.368
58 18 0.281 -0.559 2.014
58 19 0.254 -0.871 1.991
58 20 0.272 -0.905 1.907
59 1 0.071 -0.438 2.412
59 2 0.066 -0.390 2.461
59 3 0.077 -0.089 2.548
59 4 0.075 0.128 2.539
59 5 -0.084 -0.205 2.504
59 6 -0.147 -0.405 2.363
59 7 -0.180 -0.528 2.163
59 8 -0.179 -0.605 2.125
59 9 0.245 -0.214 2.564
59 10 0.300 -0.415 2.453
59 11 0.367 -0.532 2.268
59 12 0.387 -0.580 2.203
59 13 -0.024 -0.504 2.363
59 14 -0.041 -0.563 1.973
59 15 -0.019 -0.874 1.965
59 16 -0.001 -0.908 1.880
59 17 0.166 -0.517 2.395
59 18 0.279 -0.554 2.029
59 19 0.259 -0.866 1.990
59 20 0.277 -0.900 1.905
60 1 0.067 -0.422 2.447
60 2 0.061 -0.376 2.502
60 3 0.066 -0.071 2.607
60 4 0.068 0.145 2.603
60 5 -0.089 -0.188 2.553
60 6 -0.157 -0.369 2.405
60 7 -0.180 -0.524 2.176
60 8 -0.190 -0.587 2.141
60 9 0.240 -0.199 2.608
60 10 0.295 -0.386 2.497
60 11 0.351 -0.500 2.307
60 12 0.394 -0.529 2.259
60 13 -0.027 -0.484 2.396
60 14 -0.042 -0.557 1.985
60 15 -0.023 -0.866 1.952
60 16 -0.006 -0.900 1.867
60 17 0.162 -0.503 2.426
60 18 0.278 -0.550 2.039
60 19 0.267 -0.859 1.983
60 20 0.283 -0.894 1.898
61 1 0.063 -0.406 2.481
61 2 0.057 -0.363 2.540
61 3 0.058 -0.056 2.660
61 4 0.062 0.161 2.661
61 5 -0.094 -0.175 2.594
61 6 -0.165 -0.336 2.441
61 7 -0.194 -0.470 2.223
61 8 -0.196 -0.536 2.171
61 9 0.239 -0.190 2.646
61 10 0.293 -0.369 2.527
61 11 0.347 -0.480 2.336
61 12 0.407 -0.465 2.320
61 13 -0.031 -0.465 2.430
61 14 -0.041 -0.551 1.993
61 15 -0.027 -0.851 1.934
61 16 -0.011 -0.887 1.850
61 17 0.159 -0.489 2.454
61 18 0.282 -0.534 2.075
61 19 0.273 -0.846 1.973
61 20 0.288 -0.882 1.889
62 1 0.075 -0.387 2.502
62 2 0.063 -0.353 2.560
62 3 0.055 -0.051 2.688
62 4 0.058 0.167 2.714
62 5 -0.099 -0.172 2.618
62 6 -0.175 -0.318 2.459
62 7 -0.212 -0.427 2.248
62 8 -0.211 -0.480 2.192
62 9 0.236 -0.188 2.667
62 10 0.296 -0.364 2.558
62 11 0.364 -0.440 2.362
62 12 0.415 -0.433 2.319
62 13 -0.006 -0.438 2.449
62 14 -0.040 -0.545 2.000
62 15 -0.030 -0.838 1.923
62 16 -0.014 -0.877 1.840
62 17 0.176 -0.462 2.476
62 18 0.285 -0.527 2.091
62 19 0.277 -0.835 1.965
62 20 0.292 -0.874 1.882
63 1 0.055 -0.398 2.553
63 2 0.046 -0.360 2.612
63 3 0.049 -0.050 2.724
63 4 0.054 0.162 2.771
63 5 -0.104 -0.172 2.642
63 6 -0.199 -0.299 2.482
63 7 -0.239 -0.387 2.261
63 8 -0.239 -0.430 2.202
63 9 0.225 -0.187 2.696
63 10 0.298 -0.359 2.581
63 11 0.377 -0.414 2.383
63 12 0.414 -0.429 2.314
63 13 -0.030 -0.451 2.503
63 14 -0.035 -0.534 2.018
63 15 -0.032 -0.792 1.929
63 16 0.004 -0.758 1.882
63 17 0.150 -0.473 2.531
63 18 0.286 -0.524 2.100
63 19 0.287 -0.782 1.958
63 20 0.301 -0.828 1.875
64 1 0.032 -0.412 2.586
64 2 0.030 -0.370 2.643
64 3 0.046 -0.055 2.748
64 4 0.052 0.148 2.806
64 5 -0.112 -0.179 2.669
64 6 -0.221 -0.284 2.498
64 7 -0.276 -0.354 2.245
64 8 -0.283 -0.401 2.198
64 9 0.213 -0.188 2.717
64 10 0.296 -0.356 2.598
64 11 0.390 -0.398 2.403
64 12 0.420 -0.407 2.334
64 13 -0.058 -0.466 2.540
64 14 -0.032 -0.526 2.033
64 15 -0.031 -0.768 1.938
64 16 0.003 -0.718 1.887
64 17 0.118 -0.486 2.566
64 18 0.286 -0.521 2.106
64 19 0.289 -0.763 1.960
64 20 0.309 -0.775 1.889
65 1 0.021 -0.422 2.603
65 2 0.020 -0.382 2.662
65 3 0.043 -0.076 2.787
65 4 0.053 0.121 2.848
65 5 -0.120 -0.198 2.697
65 6 -0.249 -0.293 2.529
65 7 -0.309 -0.327 2.244
65 8 -0.334 -0.305 2.219
65 9 0.188 -0.198 2.745
65 10 0.311 -0.351 2.639
65 11 0.397 -0.386 2.429
65 12 0.430 -0.396 2.322
65 13 -0.070 -0.475 2.556
65 14 -0.030 -0.522 2.043
65 15 -0.031 -0.757 1.941
65 16 0.004 -0.703 1.891
65 17 0.103 -0.494 2.584
65 18 0.284 -0.519 2.111
65 19 0.289 -0.752 1.966
65 20 0.311 -0.745 1.907
66 1 -0.037 -0.458 2.638
66 2 -0.028 -0.415 2.699
66 3 0.042 -0.090 2.805
66 4 0.051 0.091 2.879
66 5 -0.124 -0.219 2.722
66 6 -0.261 -0.293 2.543
66 7 -0.356 -0.279 2.302
66 8 -0.359 -0.258 2.248
66 9 0.169 -0.210 2.763
66 10 0.315 -0.348 2.655
66 11 0.416 -0.379 2.453
66 12 0.454 -0.380 2.315
66 13 -0.128 -0.504 2.593
66 14 -0.040 -0.519 2.092
66 15 -0.037 -0.752 1.976
66 16 -0.009 -0.709 1.908
66 17 0.027 -0.531 2.624
66 18 0.247 -0.523 2.165
66 19 0.252 -0.750 2.035
66 20 0.291 -0.729 1.957
67 1 -0.057 -0.470 2.656
67 2 -0.046 -0.429 2.717
67 3 0.041 -0.123 2.828
67 4 0.047 0.065 2.911
67 5 -0.127 -0.240 2.741
67 6 -0.281 -0.299 2.570
67 7 -0.370 -0.252 2.349
67 8 -0.384 -0.231 2.267
67 9 0.153 -0.224 2.784
67 10 0.327 -0.339 2.689
67 11 0.446 -0.371 2.457
67 12 0.485 -0.364 2.303
67 13 -0.147 -0.512 2.602
67 14 -0.042 -0.518 2.104
67 15 -0.050 -0.731 1.953
67 16 -0.009 -0.705 1.885
67 17 -0.008 -0.556 2.664
67 18 0.219 -0.528 2.213
67 19 0.227 -0.754 2.091
67 20 0.270 -0.729 2.003
68 1 -0.067 -0.476 2.666
68 2 -0.054 -0.438 2.727
68 3 0.036 -0.160 2.853
68 4 0.040 0.043 2.932
68 5 -0.129 -0.258 2.757
68 6 -0.294 -0.305 2.590
68 7 -0.393 -0.238 2.395
68 8 -0.418 -0.202 2.302
68 9 0.140 -0.237 2.797
68 10 0.339 -0.341 2.707
68 11 0.467 -0.364 2.465
68 12 0.506 -0.347 2.355
68 13 -0.154 -0.515 2.600
68 14 -0.043 -0.517 2.112
68 15 -0.058 -0.718 1.930
68 16 -0.018 -0.705 1.851
68 17 -0.017 -0.563 2.674
68 18 0.210 -0.529 2.229
68 19 0.216 -0.756 2.113
68 20 0.262 -0.729 2.023
69 1 -0.075 -0.482 2.673
69 2 -0.060 -0.446 2.735
69 3 0.034 -0.173 2.864
69 4 0.037 0.028 2.945
69 5 -0.131 -0.270 2.768
69 6 -0.319 -0.308 2.635
69 7 -0.410 -0.238 2.443
69 8 -0.439 -0.184 2.347
69 9 0.130 -0.247 2.807
69 10 0.352 -0.359 2.709
69 11 0.489 -0.349 2.494
69 12 0.517 -0.332 2.415
69 13 -0.161 -0.520 2.601
69 14 -0.045 -0.516 2.116
69 15 -0.063 -0.711 1.923
69 16 -0.024 -0.702 1.821
69 17 -0.033 -0.574 2.688
69 18 0.202 -0.532 2.241
69 19 0.207 -0.761 2.131
69 20 0.255 -0.732 2.037
70 1 -0.078 -0.486 2.677
70 2 -0.063 -0.452 2.739
70 3 0.032 -0.182 2.871
70 4 0.035 0.020 2.954
70 5 -0.114 -0.282 2.780
70 6 -0.324 -0.308 2.660
70 7 -0.440 -0.245 2.490
70 8 -0.464 -0.160 2.368
70 9 0.110 -0.258 2.812
70 10 0.359 -0.367 2.706
70 11 0.503 -0.343 2.508
70 12 0.538 -0.318 2.457
70 13 -0.158 -0.521 2.591
70 14 -0.051 -0.505 2.111
70 15 -0.067 -0.702 1.916
70 16 -0.028 -0.697 1.805
70 17 -0.042 -0.584 2.692
70 18 0.193 -0.538 2.250
70 19 0.197 -0.772 2.143
70 20 0.246 -0.740 2.047
71 1 -0.077 -0.488 2.672
71 2 -0.063 -0.457 2.738
71 3 0.030 -0.187 2.875
71 4 0.034 0.013 2.962
71 5 -0.104 -0.288 2.785
71 6 -0.341 -0.304 2.676
71 7 -0.467 -0.231 2.513
71 8 -0.488 -0.136 2.384
71 9 0.101 -0.263 2.813
71 10 0.362 -0.370 2.705
71 11 0.522 -0.337 2.531
71 12 0.577 -0.288 2.460
71 13 -0.144 -0.518 2.571
71 14 -0.056 -0.495 2.097
71 15 -0.070 -0.695 1.908
71 16 -0.034 -0.691 1.790
71 17 -0.045 -0.591 2.677
71 18 0.188 -0.536 2.249
71 19 0.193 -0.773 2.149
71 20 0.243 -0.741 2.051
72 1 -0.073 -0.489 2.666
72 2 -0.060 -0.460 2.735
72 3 0.028 -0.189 2.875
72 4 0.033 0.008 2.967
72 5 -0.104 -0.291 2.788
72 6 -0.344 -0.300 2.692
72 7 -0.481 -0.223 2.525
72 8 -0.510 -0.122 2.398
72 9 0.095 -0.266 2.813
72 10 0.366 -0.371 2.708
72 11 0.558 -0.297 2.518
72 12 0.598 -0.253 2.457
72 13 -0.138 -0.516 2.560
72 14 -0.060 -0.490 2.086
72 15 -0.071 -0.655 1.860
72 16 -0.054 -0.686 1.760
72 17 -0.043 -0.593 2.665
72 18 0.186 -0.533 2.244
72 19 0.190 -0.774 2.149
72 20 0.240 -0.742 2.050
73 1 -0.052 -0.518 2.614
73 2 -0.039 -0.489 2.689
73 3 0.026 -0.188 2.873
73 4 0.032 0.005 2.970
73 5 -0.107 -0.290 2.787
73 6 -0.346 -0.297 2.700
73 7 -0.500 -0.207 2.528
73 8 -0.528 -0.116 2.411
73 9 0.094 -0.282 2.775
73 10 0.371 -0.371 2.709
73 11 0.577 -0.283 2.529
73 12 0.627 -0.231 2.460
73 13 -0.124 -0.555 2.560
73 14 -0.062 -0.490 2.084
73 15 -0.072 -0.642 1.847
73 16 -0.058 -0.675 1.744
73 17 0.009 -0.581 2.561
73 18 0.234 -0.525 2.137
73 19 0.228 -0.769 2.058
73 20 0.286 -0.735 1.938
74 1 -0.037 -0.529 2.606
74 2 -0.029 -0.498 2.680
74 3 0.025 -0.185 2.870
74 4 0.032 0.002 2.971
74 5 -0.113 -0.288 2.782
74 6 -0.385 -0.282 2.688
74 7 -0.521 -0.189 2.518
74 8 -0.554 -0.119 2.428
74 9 0.087 -0.274 2.778
74 10 0.370 -0.368 2.709
74 11 0.587 -0.276 2.538
74 12 0.639 -0.222 2.472
74 13 -0.117 -0.605 2.644
74 14 -0.060 -0.524 2.171
74 15 -0.078 -0.631 1.910
74 16 -0.074 -0.681 1.829
74 17 0.038 -0.574 2.494
74 18 0.263 -0.520 2.074
74 19 0.267 -0.763 1.971
74 20 0.312 -0.728 1.877
75 1 -0.006 -0.507 2.548
75 2 -0.003 -0.484 2.627
75 3 0.025 -0.183 2.866
75 4 0.033 0.001 2.970
75 5 -0.113 -0.285 2.770
75 6 -0.399 -0.276 2.681
75 7 -0.532 -0.182 2.518
75 8 -0.570 -0.124 2.438
75 9 0.109 -0.289 2.755
75 10 0.382 -0.375 2.691
75 11 0.595 -0.272 2.548
75 12 0.656 -0.213 2.479
75 13 -0.080 -0.596 2.557
75 14 -0.040 -0.530 2.080
75 15 -0.068 -0.615 1.819
75 16 -0.069 -0.688 1.762
75 17 0.071 -0.522 2.404
75 18 0.298 -0.521 1.997
75 19 0.306 -0.778 1.882
75 20 0.325 -0.811 1.813
76 1 0.020 -0.477 2.512
76 2 0.015 -0.463 2.592
76 3 0.025 -0.181 2.861
76 4 0.033 0.001 2.967
76 5 -0.111 -0.285 2.759
76 6 -0.406 -0.272 2.676
76 7 -0.540 -0.180 2.517
76 8 -0.584 -0.137 2.445
76 9 0.185 -0.285 2.810
76 10 0.398 -0.391 2.670
76 11 0.598 -0.273 2.561
76 12 0.667 -0.208 2.485
76 13 -0.055 -0.581 2.519
76 14 -0.035 -0.542 2.082
76 15 -0.068 -0.610 1.815
76 16 -0.065 -0.698 1.758
76 17 0.098 -0.485 2.367
76 18 0.309 -0.541 1.958
76 19 0.321 -0.793 1.840
76 20 0.331 -0.879 1.778
77 1 0.032 -0.467 2.496
77 2 0.024 -0.457 2.578
77 3 0.025 -0.180 2.857
77 4 0.034 0.001 2.961
77 5 -0.107 -0.286 2.747
77 6 -0.406 -0.273 2.668
77 7 -0.544 -0.194 2.511
77 8 -0.596 -0.152 2.439
77 9 0.184 -0.294 2.785
77 10 0.378 -0.419 2.597
77 11 0.600 -0.275 2.569
77 12 0.675 -0.205 2.490
77 13 -0.031 -0.573 2.485
77 14 -0.031 -0.551 2.082
77 15 -0.066 -0.614 1.812
77 16 -0.060 -0.719 1.774
77 17 0.102 -0.481 2.361
77 18 0.284 -0.565 2.002
77 19 0.305 -0.840 1.850
77 20 0.306 -0.949 1.802
78 1 0.005 -0.466 2.525
78 2 0.010 -0.452 2.593
78 3 0.025 -0.179 2.852
78 4 0.035 0.001 2.955
78 5 -0.104 -0.286 2.740
78 6 -0.392 -0.295 2.639
78 7 -0.548 -0.220 2.502
78 8 -0.597 -0.177 2.425
78 9 0.187 -0.295 2.783
78 10 0.363 -0.440 2.578
78 11 0.599 -0.280 2.574
78 12 0.664 -0.228 2.509
78 13 -0.091 -0.563 2.527
78 14 -0.027 -0.563 2.095
78 15 -0.054 -0.614 1.821
78 16 -0.044 -0.711 1.770
78 17 0.081 -0.479 2.417
78 18 0.222 -0.607 2.091
78 19 0.335 -0.671 1.859
78 20 0.356 -0.720 1.777
79 1 -0.003 -0.455 2.543
79 2 0.000 -0.445 2.612
79 3 0.026 -0.180 2.847
79 4 0.036 0.001 2.950
79 5 -0.100 -0.289 2.734
79 6 -0.369 -0.328 2.624
79 7 -0.534 -0.259 2.494
79 8 -0.582 -0.219 2.407
79 9 0.161 -0.292 2.773
79 10 0.342 -0.453 2.565
79 11 0.589 -0.312 2.578
79 12 0.665 -0.254 2.505
79 13 -0.088 -0.566 2.576
79 14 -0.027 -0.571 2.115
79 15 -0.045 -0.619 1.839
79 16 -0.036 -0.709 1.775
79 17 0.067 -0.469 2.373
79 18 0.230 -0.611 2.087
79 19 0.345 -0.659 1.827
79 20 0.360 -0.734 1.765
80 1 -0.010 -0.433 2.592
80 2 -0.008 -0.425 2.655
80 3 0.025 -0.182 2.842
80 4 0.038 0.001 2.945
80 5 -0.097 -0.291 2.729
80 6 -0.351 -0.346 2.617
80 7 -0.520 -0.304 2.486
80 8 -0.558 -0.267 2.389
80 9 0.155 -0.293 2.770
80 10 0.333 -0.461 2.559
80 11 0.584 -0.344 2.575
80 12 0.661 -0.287 2.488
80 13 -0.102 -0.555 2.631
80 14 -0.027 -0.585 2.155
80 15 -0.048 -0.646 1.883
80 16 -0.037 -0.721 1.816
80 17 0.061 -0.464 2.386
80 18 0.224 -0.614 2.106
80 19 0.350 -0.636 1.822
80 20 0.372 -0.688 1.774
81 1 -0.013 -0.424 2.613
81 2 -0.011 -0.418 2.674
81 3 0.025 -0.185 2.838
81 4 0.039 0.000 2.939
81 5 -0.095 -0.294 2.726
81 6 -0.315 -0.358 2.618
81 7 -0.492 -0.341 2.486
81 8 -0.533 -0.308 2.363
81 9 0.153 -0.293 2.769
81 10 0.316 -0.464 2.548
81 11 0.577 -0.370 2.565
81 12 0.651 -0.331 2.467
81 13 -0.108 -0.551 2.660
81 14 -0.029 -0.594 2.171
81 15 -0.051 -0.658 1.899
81 16 -0.032 -0.722 1.825
81 17 0.058 -0.463 2.396
81 18 0.223 -0.613 2.120
81 19 0.353 -0.623 1.823
81 20 0.382 -0.690 1.821
82 1 -0.015 -0.424 2.620
82 2 -0.013 -0.415 2.682
82 3 0.025 -0.187 2.835
82 4 0.041 -0.001 2.931
82 5 -0.094 -0.298 2.723
82 6 -0.301 -0.364 2.620
82 7 -0.479 -0.368 2.491
82 8 -0.498 -0.356 2.339
82 9 0.137 -0.299 2.756
82 10 0.304 -0.466 2.539
82 11 0.560 -0.416 2.554
82 12 0.638 -0.383 2.444
82 13 -0.112 -0.550 2.672
82 14 -0.030 -0.599 2.179
82 15 -0.057 -0.675 1.910
82 16 -0.028 -0.723 1.831
82 17 0.051 -0.469 2.395
82 18 0.228 -0.612 2.129
82 19 0.355 -0.619 1.831
82 20 0.386 -0.695 1.838
83 1 -0.027 -0.481 2.546
83 2 -0.020 -0.464 2.624
83 3 0.024 -0.191 2.831
83 4 0.042 -0.003 2.925
83 5 -0.093 -0.302 2.723
83 6 -0.289 -0.369 2.627
83 7 -0.440 -0.413 2.473
83 8 -0.457 -0.415 2.322
83 9 0.127 -0.302 2.748
83 10 0.316 -0.405 2.568
83 11 0.534 -0.447 2.528
83 12 0.622 -0.442 2.423
83 13 -0.112 -0.576 2.549
83 14 -0.028 -0.606 2.138
83 15 -0.057 -0.694 1.874
83 16 -0.008 -0.732 1.829
83 17 0.038 -0.498 2.404
83 18 0.232 -0.610 2.136
83 19 0.353 -0.624 1.844
83 20 0.384 -0.699 1.848
84 1 -0.028 -0.497 2.521
84 2 -0.021 -0.482 2.599
84 3 0.024 -0.195 2.828
84 4 0.043 -0.007 2.916
84 5 -0.090 -0.307 2.722
84 6 -0.276 -0.405 2.629
84 7 -0.425 -0.453 2.466
84 8 -0.426 -0.455 2.296
84 9 0.122 -0.304 2.744
84 10 0.248 -0.445 2.537
84 11 0.497 -0.491 2.546
84 12 0.600 -0.500 2.403
84 13 -0.097 -0.542 2.515
84 14 -0.022 -0.605 2.128
84 15 -0.050 -0.694 1.864
84 16 -0.004 -0.735 1.829
84 17 0.035 -0.521 2.432
84 18 0.238 -0.604 2.147
84 19 0.351 -0.631 1.866
84 20 0.379 -0.701 1.855
85 1 0.015 -0.498 2.477
85 2 0.017 -0.486 2.560
85 3 0.025 -0.199 2.825
85 4 0.044 -0.011 2.909
85 5 -0.089 -0.312 2.722
85 6 -0.271 -0.418 2.631
85 7 -0.381 -0.497 2.446
85 8 -0.379 -0.497 2.302
85 9 0.119 -0.306 2.741
85 10 0.213 -0.472 2.518
85 11 0.461 -0.521 2.571
85 12 0.553 -0.514 2.580
85 13 -0.038 -0.506 2.468
85 14 -0.019 -0.603 2.118
85 15 -0.046 -0.694 1.855
85 16 -0.002 -0.739 1.827
85 17 0.072 -0.528 2.421
85 18 0.262 -0.605 2.123
85 19 0.356 -0.640 1.866
85 20 0.373 -0.733 1.831
86 1 -0.001 -0.487 2.506
86 2 0.005 -0.478 2.581
86 3 0.025 -0.203 2.823
86 4 0.044 -0.013 2.905
86 5 -0.087 -0.315 2.722
86 6 -0.267 -0.426 2.634
86 7 -0.355 -0.526 2.439
86 8 -0.342 -0.538 2.331
86 9 0.119 -0.307 2.741
86 10 0.198 -0.482 2.511
86 11 0.414 -0.528 2.601
86 12 0.486 -0.557 2.581
86 13 -0.064 -0.497 2.494
86 14 0.021 -0.561 2.160
86 15 -0.009 -0.654 1.894
86 16 0.012 -0.718 1.856
86 17 0.060 -0.524 2.460
86 18 0.262 -0.601 2.125
86 19 0.354 -0.644 1.872
86 20 0.369 -0.736 1.832
87 1 -0.010 -0.487 2.513
87 2 -0.003 -0.477 2.588
87 3 0.025 -0.206 2.822
87 4 0.044 -0.015 2.902
87 5 -0.085 -0.318 2.723
87 6 -0.242 -0.453 2.638
87 7 -0.329 -0.557 2.444
87 8 -0.329 -0.585 2.361
87 9 0.121 -0.309 2.742
87 10 0.245 -0.480 2.527
87 11 0.419 -0.532 2.667
87 12 0.476 -0.574 2.682
87 13 -0.072 -0.493 2.497
87 14 0.042 -0.536 2.185
87 15 0.008 -0.634 1.914
87 16 0.018 -0.706 1.871
87 17 0.045 -0.523 2.480
87 18 0.261 -0.597 2.125
87 19 0.352 -0.646 1.875
87 20 0.365 -0.736 1.832
88 1 -0.013 -0.484 2.514
88 2 -0.005 -0.475 2.590
88 3 0.025 -0.208 2.821
88 4 0.044 -0.017 2.900
88 5 -0.083 -0.320 2.725
88 6 -0.232 -0.463 2.640
88 7 -0.294 -0.589 2.452
88 8 -0.309 -0.631 2.399
88 9 0.123 -0.310 2.743
88 10 0.271 -0.478 2.537
88 11 0.410 -0.576 2.689
88 12 0.471 -0.585 2.721
88 13 -0.070 -0.487 2.488
88 14 0.033 -0.543 2.166
88 15 0.000 -0.623 1.911
88 16 -0.001 -0.704 1.849
88 17 0.039 -0.519 2.486
88 18 0.258 -0.596 2.091
88 19 0.351 -0.653 1.857
88 20 0.353 -0.744 1.795
89 1 -0.027 -0.479 2.506
89 2 -0.015 -0.472 2.585
89 3 0.025 -0.210 2.820
89 4 0.044 -0.018 2.898
89 5 -0.073 -0.322 2.725
89 6 -0.223 -0.469 2.642
89 7 -0.274 -0.604 2.458
89 8 -0.292 -0.652 2.416
89 9 0.125 -0.310 2.744
89 10 0.287 -0.477 2.543
89 11 0.410 -0.598 2.696
89 12 0.480 -0.609 2.676
89 13 -0.074 -0.485 2.484
89 14 0.034 -0.544 2.161
89 15 -0.002 -0.618 1.911
89 16 -0.013 -0.703 1.834
89 17 0.007 -0.510 2.460
89 18 0.257 -0.596 2.076
89 19 0.350 -0.658 1.845
89 20 0.350 -0.747 1.784
90 1 -0.031 -0.477 2.505
90 2 -0.020 -0.470 2.584
90 3 0.025 -0.212 2.820
90 4 0.044 -0.020 2.897
90 5 -0.066 -0.322 2.724
90 6 -0.217 -0.474 2.643
90 7 -0.251 -0.615 2.462
90 8 -0.279 -0.664 2.424
90 9 0.126 -0.311 2.745
90 10 0.268 -0.485 2.535
90 11 0.402 -0.582 2.654
90 12 0.460 -0.579 2.666
90 13 -0.078 -0.487 2.484
90 14 0.032 -0.546 2.158
90 15 -0.012 -0.617 1.905
90 16 -0.019 -0.703 1.826
90 17 -0.000 -0.507 2.460
90 18 0.257 -0.597 2.068
90 19 0.349 -0.661 1.835
90 20 0.348 -0.749 1.777
91 1 -0.035 -0.476 2.505
91 2 -0.022 -0.470 2.584
91 3 0.025 -0.214 2.819
91 4 0.044 -0.021 2.896
91 5 -0.063 -0.324 2.724
91 6 -0.213 -0.482 2.644
91 7 -0.239 -0.617 2.457
91 8 -0.273 -0.673 2.431
91 9 0.094 -0.313 2.726
91 10 0.252 -0.490 2.528
91 11 0.405 -0.569 2.597
91 12 0.467 -0.582 2.625
91 13 -0.082 -0.492 2.485
91 14 0.030 -0.548 2.155
91 15 -0.016 -0.616 1.903
91 16 -0.022 -0.704 1.822
91 17 -0.005 -0.504 2.459
91 18 0.249 -0.592 2.092
91 19 0.346 -0.662 1.838
91 20 0.355 -0.735 1.808
92 1 -0.039 -0.477 2.506
92 2 -0.025 -0.470 2.584
92 3 0.025 -0.216 2.819
92 4 0.044 -0.022 2.895
92 5 -0.060 -0.324 2.724
92 6 -0.210 -0.486 2.644
92 7 -0.236 -0.621 2.457
92 8 -0.274 -0.678 2.435
92 9 0.081 -0.314 2.720
92 10 0.241 -0.493 2.524
92 11 0.399 -0.561 2.590
92 12 0.443 -0.567 2.576
92 13 -0.087 -0.500 2.490
92 14 0.042 -0.543 2.161
92 15 -0.019 -0.615 1.908
92 16 -0.026 -0.697 1.828
92 17 -0.010 -0.503 2.460
92 18 0.244 -0.590 2.105
92 19 0.344 -0.661 1.842
92 20 0.359 -0.728 1.828
93 1 -0.042 -0.478 2.507
93 2 -0.026 -0.470 2.584
93 3 0.024 -0.218 2.819
93 4 0.043 -0.024 2.894
93 5 -0.059 -0.325 2.725
93 6 -0.208 -0.490 2.644
93 7 -0.237 -0.623 2.457
93 8 -0.279 -0.679 2.437
93 9 0.075 -0.314 2.716
93 10 0.234 -0.495 2.521
93 11 0.395 -0.555 2.589
93 12 0.435 -0.527 2.557
93 13 -0.091 -0.507 2.494
93 14 0.049 -0.539 2.166
93 15 -0.021 -0.614 1.913
93 16 -0.028 -0.693 1.834
93 17 -0.013 -0.502 2.460
93 18 0.241 -0.589 2.117
93 19 0.341 -0.660 1.849
93 20 0.360 -0.724 1.840
94 1 -0.085 -0.503 2.555
94 2 -0.062 -0.489 2.627
94 3 0.024 -0.219 2.819
94 4 0.043 -0.025 2.893
94 5 -0.058 -0.325 2.725
94 6 -0.207 -0.492 2.643
94 7 -0.244 -0.619 2.456
94 8 -0.280 -0.672 2.427
94 9 0.071 -0.314 2.715
94 10 0.229 -0.496 2.519
94 11 0.393 -0.551 2.590
94 12 0.431 -0.519 2.546
94 13 -0.135 -0.543 2.545
94 14 0.034 -0.529 2.227
94 15 -0.022 -0.614 1.916
94 16 -0.032 -0.687 1.848
94 17 -0.062 -0.524 2.511
94 18 0.226 -0.586 2.157
94 19 0.328 -0.655 1.883
94 20 0.360 -0.720 1.849
95 1 -0.073 -0.495 2.516
95 2 -0.054 -0.486 2.597
95 3 0.024 -0.220 2.819
95 4 0.042 -0.026 2.892
95 5 -0.059 -0.326 2.725
95 6 -0.206 -0.494 2.643
95 7 -0.254 -0.614 2.453
95 8 -0.283 -0.664 2.417
95 9 0.069 -0.315 2.713
95 10 0.225 -0.496 2.518
95 11 0.392 -0.548 2.593
95 12 0.432 -0.513 2.542
95 13 -0.119 -0.525 2.510
95 14 0.058 -0.535 2.203
95 15 -0.023 -0.614 1.920
95 16 -0.033 -0.685 1.852
95 17 -0.040 -0.514 2.458
95 18 0.227 -0.586 2.164
95 19 0.327 -0.654 1.891
95 20 0.360 -0.718 1.854
96 1 -0.007 -0.516 2.566
96 2 -0.002 -0.498 2.636
96 3 0.024 -0.221 2.820
96 4 0.042 -0.027 2.891
96 5 -0.060 -0.327 2.726
96 6 -0.205 -0.495 2.642
96 7 -0.259 -0.610 2.450
96 8 -0.284 -0.655 2.406
96 9 0.067 -0.314 2.713
96 10 0.223 -0.496 2.517
96 11 0.392 -0.546 2.596
96 12 0.447 -0.523 2.561
96 13 -0.059 -0.568 2.573
96 14 0.033 -0.525 2.230
96 15 -0.024 -0.614 1.922
96 16 -0.034 -0.683 1.855
96 17 0.045 -0.529 2.504
96 18 0.229 -0.586 2.168
96 19 0.326 -0.653 1.896
96 20 0.360 -0.717 1.857
97 1 -0.073 -0.531 2.596
97 2 -0.045 -0.509 2.664
97 3 0.024 -0.222 2.820
97 4 0.041 -0.028 2.891
97 5 -0.061 -0.328 2.726
97 6 -0.205 -0.496 2.641
97 7 -0.260 -0.603 2.445
97 8 -0.281 -0.643 2.393
97 9 0.067 -0.314 2.714
97 10 0.221 -0.497 2.517
97 11 0.393 -0.546 2.600
97 12 0.451 -0.526 2.565
97 13 -0.128 -0.575 2.601
97 14 0.012 -0.525 2.273
97 15 -0.024 -0.614 1.924
97 16 -0.034 -0.683 1.857
97 17 -0.047 -0.551 2.543
97 18 0.225 -0.585 2.176
97 19 0.322 -0.651 1.908
97 20 0.360 -0.716 1.860
98 1 0.001 -0.511 2.563
98 2 0.006 -0.498 2.639
98 3 0.024 -0.223 2.820
98 4 0.041 -0.029 2.890
98 5 -0.062 -0.329 2.727
98 6 -0.205 -0.496 2.640
98 7 -0.261 -0.599 2.442
98 8 -0.278 -0.636 2.386
98 9 0.067 -0.313 2.715
98 10 0.220 -0.497 2.517
98 11 0.393 -0.546 2.604
98 12 0.450 -0.535 2.568
98 13 -0.042 -0.557 2.550
98 14 0.010 -0.522 2.202
98 15 -0.024 -0.614 1.925
98 16 -0.033 -0.686 1.865
98 17 0.045 -0.523 2.512
98 18 0.231 -0.588 2.165
98 19 0.322 -0.651 1.910
98 20 0.359 -0.716 1.861
99 1 0.025 -0.506 2.555
99 2 0.030 -0.492 2.628
99 3 0.024 -0.224 2.820
99 4 0.040 -0.030 2.890
99 5 -0.063 -0.330 2.727
99 6 -0.205 -0.496 2.639
99 7 -0.262 -0.597 2.441
99 8 -0.278 -0.632 2.381
99 9 0.069 -0.313 2.717
99 10 0.219 -0.497 2.517
99 11 0.393 -0.546 2.608
99 12 0.448 -0.542 2.568
99 13 -0.021 -0.555 2.542
99 14 0.007 -0.520 2.181
99 15 -0.025 -0.615 1.926
99 16 -0.033 -0.688 1.870
99 17 0.074 -0.515 2.507
99 18 0.234 -0.590 2.156
99 19 0.323 -0.651 1.909
99 20 0.359 -0.717 1.862
100 1 0.039 -0.501 2.548
100 2 0.041 -0.489 2.622
100 3 0.024 -0.225 2.820
100 4 0.040 -0.030 2.890
100 5 -0.065 -0.329 2.729
100 6 -0.205 -0.497 2.638
100 7 -0.262 -0.595 2.439
100 8 -0.277 -0.629 2.378
100 9 0.075 -0.313 2.720
100 10 0.218 -0.497 2.516
100 11 0.393 -0.547 2.612
100 12 0.445 -0.548 2.569
100 13 -0.007 -0.548 2.531
100 14 0.009 -0.520 2.166
100 15 -0.025 -0.615 1.927
100 16 -0.032 -0.689 1.873
100 17 0.089 -0.509 2.502
100 18 0.236 -0.591 2.149
100 19 0.324 -0.652 1.907
100 20 0.358 -0.718 1.861
101 1 0.040 -0.517 2.577
101 2 0.042 -0.499 2.650
101 3 0.023 -0.225 2.820
101 4 0.040 -0.030 2.889
101 5 -0.065 -0.329 2.730
101 6 -0.205 -0.497 2.637
101 7 -0.263 -0.595 2.439
101 8 -0.278 -0.628 2.376
101 9 0.079 -0.313 2.723
101 10 0.217 -0.497 2.516
101 11 0.393 -0.547 2.615
101 12 0.442 -0.553 2.568
101 13 -0.014 -0.564 2.580
101 14 0.007 -0.523 2.217
101 15 -0.025 -0.615 1.928
101 16 -0.030 -0.691 1.870
101 17 0.094 -0.530 2.524
101 18 0.237 -0.592 2.144
101 19 0.325 -0.653 1.904
101 20 0.358 -0.719 1.860
102 1 -0.061 -0.520 2.570
102 2 -0.038 -0.503 2.643
102 3 0.023 -0.226 2.821
102 4 0.040 -0.031 2.889
102 5 -0.065 -0.329 2.731
102 6 -0.205 -0.497 2.637
102 7 -0.263 -0.594 2.438
102 8 -0.278 -0.626 2.375
102 9 0.081 -0.313 2.724
102 10 0.217 -0.496 2.516
102 11 0.393 -0.548 2.616
102 12 0.441 -0.556 2.568
102 13 -0.103 -0.550 2.562
102 14 0.018 -0.525 2.226
102 15 -0.025 -0.615 1.929
102 16 -0.029 -0.692 1.867
102 17 -0.038 -0.540 2.532
102 18 0.053 -0.644 2.141
102 19 0.147 -0.705 1.894
102 20 0.021 -0.717 1.835
103 1 -0.099 -0.557 2.649
103 2 -0.076 -0.525 2.711
103 3 0.023 -0.226 2.821
103 4 0.039 -0.031 2.889
103 5 -0.066 -0.329 2.731
103 6 -0.205 -0.497 2.636
103 7 -0.263 -0.593 2.438
103 8 -0.278 -0.626 2.375
103 9 0.082 -0.313 2.726
103 10 0.217 -0.496 2.517
103 11 0.413 -0.557 2.558
103 12 0.472 -0.577 2.541
103 13 -0.150 -0.593 2.663
103 14 0.012 -0.528 2.269
103 15 -0.024 -0.616 1.929
103 16 -0.028 -0.693 1.865
103 17 -0.075 -0.591 2.605
103 18 -0.047 -0.617 2.145
103 19 0.026 -0.704 1.898
103 20 -0.041 -0.716 1.825
104 1 0.002 -0.504 2.570
104 2 0.003 -0.492 2.646
104 3 0.023 -0.226 2.821
104 4 0.039 -0.031 2.889
104 5 -0.066 -0.329 2.731
104 6 -0.206 -0.496 2.636
104 7 -0.262 -0.593 2.437
104 8 -0.279 -0.626 2.376
104 9 0.086 -0.313 2.728
104 10 0.218 -0.495 2.517
104 11 0.408 -0.559 2.581
104 12 0.464 -0.585 2.618
104 13 -0.050 -0.542 2.551
104 14 0.018 -0.530 2.205
104 15 -0.024 -0.616 1.929
104 16 -0.027 -0.694 1.866
104 17 0.058 -0.522 2.525
104 18 0.196 -0.593 2.143
104 19 0.217 -0.698 1.894
104 20 0.153 -0.701 1.865
105 1 0.002 -0.502 2.570
105 2 0.008 -0.488 2.643
105 3 0.023 -0.227 2.821
105 4 0.039 -0.031 2.889
105 5 -0.067 -0.329 2.731
105 6 -0.206 -0.496 2.636
105 7 -0.263 -0.593 2.437
105 8 -0.280 -0.626 2.377
105 9 0.087 -0.313 2.730
105 10 0.218 -0.494 2.517
105 11 0.403 -0.560 2.598
105 12 0.460 -0.589 2.651
105 13 -0.053 -0.543 2.552
105 14 0.020 -0.529 2.183
105 15 -0.024 -0.616 1.930
105 16 -0.026 -0.694 1.867
105 17 0.052 -0.521 2.519
105 18 0.196 -0.591 2.142
105 19 0.225 -0.703 1.892
105 20 0.152 -0.699 1.867
106 1 0.031 -0.488 2.547
106 2 0.030 -0.480 2.623
106 3 0.023 -0.227 2.821
106 4 0.039 -0.032 2.889
106 5 -0.067 -0.328 2.733
106 6 -0.206 -0.496 2.635
106 7 -0.263 -0.593 2.437
106 8 -0.281 -0.627 2.378
106 9 0.088 -0.313 2.731
106 10 0.219 -0.494 2.517
106 11 0.399 -0.560 2.608
106 12 0.456 -0.589 2.671
106 13 -0.025 -0.532 2.524
106 14 0.008 -0.550 2.161
106 15 -0.028 -0.631 1.898
106 16 -0.025 -0.710 1.845
106 17 0.081 -0.504 2.497
106 18 0.237 -0.586 2.141
106 19 0.283 -0.700 1.890
106 20 0.156 -0.695 1.872
107 1 0.033 -0.516 2.585
107 2 0.036 -0.496 2.653
107 3 0.023 -0.228 2.822
107 4 0.039 -0.032 2.890
107 5 -0.068 -0.328 2.734
107 6 -0.206 -0.496 2.635
107 7 -0.263 -0.593 2.438
107 8 -0.282 -0.627 2.380
107 9 0.089 -0.313 2.731
107 10 0.219 -0.493 2.517
107 11 0.397 -0.559 2.614
107 12 0.454 -0.590 2.680
107 13 -0.031 -0.562 2.591
107 14 -0.004 -0.540 2.230
107 15 -0.030 -0.633 1.897
107 16 -0.025 -0.712 1.842
107 17 0.092 -0.536 2.530
107 18 0.262 -0.584 2.141
107 19 0.306 -0.699 1.889
107 20 0.195 -0.695 1.876
108 1 0.033 -0.538 2.612
108 2 0.034 -0.513 2.681
108 3 0.023 -0.228 2.822
108 4 0.038 -0.032 2.890
108 5 -0.068 -0.328 2.735
108 6 -0.206 -0.496 2.635
108 7 -0.263 -0.594 2.438
108 8 -0.283 -0.628 2.381
108 9 0.090 -0.313 2.732
108 10 0.220 -0.492 2.517
108 11 0.395 -0.558 2.618
108 12 0.452 -0.588 2.685
108 13 -0.028 -0.575 2.618
108 14 -0.010 -0.539 2.259
108 15 -0.031 -0.633 1.897
108 16 -0.025 -0.712 1.840
108 17 0.096 -0.563 2.561
108 18 0.277 -0.583 2.140
108 19 0.319 -0.698 1.889
108 20 0.209 -0.695 1.878
109 1 0.028 -0.554 2.638
109 2 0.032 -0.522 2.700
109 3 0.023 -0.229 2.822
109 4 0.038 -0.033 2.890
109 5 -0.068 -0.327 2.736
109 6 -0.206 -0.496 2.634
109 7 -0.263 -0.595 2.438
109 8 -0.284 -0.629 2.382
109 9 0.090 -0.313 2.732
109 10 0.220 -0.492 2.518
109 11 0.393 -0.558 2.621
109 12 0.449 -0.585 2.684
109 13 -0.036 -0.603 2.676
109 14 -0.011 -0.536 2.279
109 15 -0.032 -0.632 1.900
109 16 -0.025 -0.711 1.840
109 17 0.091 -0.582 2.582
109 18 0.276 -0.585 2.138
109 19 0.328 -0.698 1.888
109 20 0.217 -0.695 1.878
110 1 0.031 -0.509 2.580
110 2 0.030 -0.497 2.657
110 3 0.023 -0.229 2.823
110 4 0.038 -0.033 2.890
110 5 -0.068 -0.327 2.736
110 6 -0.206 -0.496 2.634
110 7 -0.264 -0.595 2.439
110 8 -0.285 -0.630 2.383
110 9 0.097 -0.305 2.759
110 10 0.218 -0.487 2.524
110 11 0.392 -0.558 2.622
110 12 0.428 -0.570 2.592
110 13 -0.021 -0.551 2.564
110 14 0.001 -0.530 2.206
110 15 -0.031 -0.631 1.904
110 16 -0.025 -0.707 1.854
110 17 0.086 -0.523 2.527
110 18 0.271 -0.590 2.129
110 19 0.332 -0.698 1.885
110 20 0.218 -0.698 1.871
111 1 -0.065 -0.550 2.627
111 2 -0.047 -0.520 2.692
111 3 0.023 -0.230 2.823
111 4 0.038 -0.033 2.890
111 5 -0.069 -0.328 2.736
111 6 -0.206 -0.496 2.634
111 7 -0.265 -0.597 2.439
111 8 -0.286 -0.631 2.384
111 9 0.096 -0.303 2.763
111 10 0.217 -0.485 2.526
111 11 0.391 -0.558 2.622
111 12 0.434 -0.573 2.610
111 13 -0.107 -0.584 2.623
111 14 -0.002 -0.540 2.215
111 15 -0.032 -0.636 1.892
111 16 -0.025 -0.711 1.848
111 17 -0.042 -0.582 2.599
111 18 0.214 -0.595 2.181
111 19 0.286 -0.699 1.929
111 20 0.192 -0.701 1.889
112 1 -0.001 -0.511 2.558
112 2 -0.001 -0.499 2.636
112 3 0.022 -0.230 2.823
112 4 0.037 -0.033 2.891
112 5 -0.068 -0.328 2.736
112 6 -0.206 -0.496 2.634
112 7 -0.266 -0.598 2.441
112 8 -0.287 -0.632 2.385
112 9 0.094 -0.303 2.763
112 10 0.217 -0.484 2.527
112 11 0.391 -0.557 2.623
112 12 0.436 -0.574 2.616
112 13 -0.045 -0.544 2.542
112 14 0.001 -0.535 2.172
112 15 -0.032 -0.634 1.898
112 16 -0.028 -0.707 1.859
112 17 0.046 -0.524 2.522
112 18 0.221 -0.595 2.164
112 19 0.284 -0.697 1.925
112 20 0.190 -0.702 1.885
113 1 0.085 -0.535 2.525
113 2 0.070 -0.517 2.606
113 3 0.022 -0.230 2.824
113 4 0.037 -0.034 2.891
113 5 -0.069 -0.328 2.736
113 6 -0.206 -0.496 2.634
113 7 -0.266 -0.599 2.442
113 8 -0.287 -0.633 2.386
113 9 0.092 -0.304 2.761
113 10 0.217 -0.483 2.527
113 11 0.390 -0.557 2.622
113 12 0.441 -0.575 2.624
113 13 0.057 -0.569 2.526
113 14 -0.018 -0.523 2.173
113 15 -0.031 -0.631 1.904
113 16 -0.030 -0.702 1.863
113 17 0.137 -0.559 2.459
113 18 0.242 -0.637 2.042
113 19 0.300 -0.734 1.814
113 20 0.276 -0.791 1.740
114 1 0.058 -0.515 2.530
114 2 0.059 -0.506 2.605
114 3 0.022 -0.231 2.824
114 4 0.037 -0.034 2.891
114 5 -0.068 -0.328 2.736
114 6 -0.207 -0.495 2.634
114 7 -0.266 -0.600 2.443
114 8 -0.288 -0.634 2.387
114 9 0.089 -0.305 2.757
114 10 0.217 -0.482 2.528
114 11 0.390 -0.557 2.622
114 12 0.444 -0.576 2.632
114 13 0.015 -0.547 2.526
114 14 -0.015 -0.521 2.170
114 15 -0.031 -0.629 1.909
114 16 -0.031 -0.700 1.867
114 17 0.102 -0.528 2.480
114 18 0.236 -0.605 2.107
114 19 0.300 -0.723 1.826
114 20 0.211 -0.718 1.841
115 1 0.101 -0.490 2.483
115 2 0.091 -0.487 2.566
115 3 0.022 -0.231 2.824
115 4 0.037 -0.034 2.892
115 5 -0.068 -0.328 2.736
115 6 -0.207 -0.495 2.634
115 7 -0.265 -0.601 2.444
115 8 -0.288 -0.635 2.388
115 9 0.088 -0.306 2.754
115 10 0.217 -0.482 2.528
115 11 0.390 -0.556 2.621
115 12 0.447 -0.577 2.637
115 13 0.070 -0.513 2.482
115 14 -0.030 -0.550 2.148
115 15 -0.032 -0.632 1.901
115 16 -0.029 -0.707 1.853
115 17 0.144 -0.506 2.418
115 18 0.250 -0.636 2.029
115 19 0.316 -0.747 1.756
115 20 0.295 -0.815 1.726
116 1 0.062 -0.494 2.524
116 2 0.062 -0.486 2.598
116 3 0.022 -0.232 2.825
116 4 0.036 -0.035 2.892
116 5 -0.068 -0.328 2.736
116 6 -0.207 -0.495 2.634
116 7 -0.263 -0.601 2.443
116 8 -0.288 -0.635 2.389
116 9 0.085 -0.307 2.751
116 10 0.216 -0.482 2.529
116 11 0.390 -0.556 2.621
116 12 0.432 -0.568 2.590
116 13 0.020 -0.525 2.521
116 14 -0.026 -0.559 2.155
116 15 -0.034 -0.635 1.894
116 16 -0.027 -0.711 1.844
116 17 0.106 -0.507 2.479
116 18 0.241 -0.608 2.099
116 19 0.308 -0.723 1.812
116 20 0.210 -0.725 1.838
117 1 0.055 -0.491 2.531
117 2 0.053 -0.484 2.608
117 3 0.021 -0.232 2.825
117 4 0.036 -0.035 2.892
117 5 -0.068 -0.329 2.735
117 6 -0.207 -0.495 2.634
117 7 -0.262 -0.601 2.443
117 8 -0.288 -0.635 2.389
117 9 0.084 -0.307 2.749
117 10 0.216 -0.482 2.529
117 11 0.390 -0.556 2.620
117 12 0.424 -0.563 2.562
117 13 0.011 -0.522 2.522
117 14 0.000 -0.545 2.166
117 15 -0.030 -0.632 1.901
117 16 -0.024 -0.706 1.853
117 17 0.103 -0.501 2.485
117 18 0.240 -0.602 2.112
117 19 0.303 -0.709 1.847
117 20 0.210 -0.725 1.838
118 1 0.043 -0.492 2.544
118 2 0.044 -0.484 2.618
118 3 0.021 -0.233 2.826
118 4 0.036 -0.036 2.893
118 5 -0.068 -0.329 2.735
118 6 -0.207 -0.495 2.634
118 7 -0.261 -0.601 2.443
118 8 -0.288 -0.636 2.390
118 9 0.083 -0.307 2.748
118 10 0.215 -0.482 2.530
118 11 0.390 -0.555 2.620
118 12 0.421 -0.560 2.551
118 13 -0.004 -0.526 2.532
118 14 0.011 -0.538 2.172
118 15 -0.027 -0.629 1.906
118 16 -0.023 -0.703 1.858
118 17 0.093 -0.501 2.503
118 18 0.237 -0.595 2.131
118 19 0.300 -0.701 1.866
118 20 0.186 -0.699 1.870
119 1 0.027 -0.508 2.572
119 2 0.032 -0.492 2.639
119 3 0.021 -0.233 2.826
119 4 0.035 -0.036 2.894
119 5 -0.068 -0.329 2.735
119 6 -0.207 -0.495 2.633
119 7 -0.261 -0.601 2.443
119 8 -0.288 -0.636 2.390
119 9 0.083 -0.308 2.747
119 10 0.215 -0.483 2.530
119 11 0.405 -0.555 2.545
119 12 0.455 -0.568 2.508
119 13 -0.027 -0.546 2.568
119 14 0.021 -0.528 2.207
119 15 -0.025 -0.627 1.911
119 16 -0.022 -0.701 1.859
119 17 0.080 -0.522 2.534
119 18 0.237 -0.591 2.140
119 19 0.298 -0.696 1.878
119 20 0.178 -0.690 1.882
120 1 0.021 -0.515 2.584
120 2 0.027 -0.496 2.649
120 3 0.021 -0.233 2.826
120 4 0.035 -0.037 2.894
120 5 -0.068 -0.329 2.736
120 6 -0.207 -0.496 2.633
120 7 -0.261 -0.601 2.443
120 8 -0.288 -0.636 2.390
120 9 0.082 -0.308 2.746
120 10 0.215 -0.483 2.530
120 11 0.398 -0.554 2.578
120 12 0.454 -0.575 2.611
120 13 -0.037 -0.555 2.584
120 14 0.024 -0.523 2.222
120 15 -0.023 -0.625 1.915
120 16 -0.022 -0.700 1.859
120 17 0.075 -0.531 2.545
120 18 0.236 -0.588 2.145
120 19 0.298 -0.693 1.886
120 20 0.174 -0.684 1.889
121 1 0.018 -0.516 2.587
121 2 0.024 -0.497 2.653
121 3 0.021 -0.233 2.826
121 4 0.035 -0.037 2.895
121 5 -0.068 -0.329 2.736
121 6 -0.207 -0.496 2.633
121 7 -0.262 -0.602 2.443
121 8 -0.288 -0.637 2.390
121 9 0.082 -0.308 2.745
121 10 0.214 -0.483 2.530
121 11 0.395 -0.553 2.589
121 12 0.458 -0.577 2.630
121 13 -0.038 -0.554 2.580
121 14 0.026 -0.521 2.220
121 15 -0.022 -0.624 1.918
121 16 -0.022 -0.698 1.862
121 17 0.074 -0.531 2.547
121 18 0.236 -0.587 2.149
121 19 0.297 -0.691 1.890
121 20 0.174 -0.683 1.890
122 1 0.022 -0.506 2.572
122 2 0.024 -0.494 2.647
122 3 0.021 -0.234 2.827
122 4 0.035 -0.038 2.895
122 5 -0.068 -0.329 2.736
122 6 -0.207 -0.497 2.633
122 7 -0.262 -0.602 2.442
122 8 -0.289 -0.637 2.390
122 9 0.082 -0.308 2.745
122 10 0.214 -0.483 2.530
122 11 0.393 -0.553 2.600
122 12 0.457 -0.579 2.655
122 13 -0.029 -0.541 2.550
122 14 0.025 -0.524 2.190
122 15 -0.021 -0.623 1.921
122 16 -0.022 -0.697 1.866
122 17 0.076 -0.522 2.535
122 18 0.236 -0.586 2.152
122 19 0.297 -0.689 1.894
122 20 0.178 -0.685 1.887
123 1 0.023 -0.503 2.566
123 2 0.025 -0.493 2.644
123 3 0.020 -0.234 2.827
123 4 0.035 -0.038 2.896
123 5 -0.068 -0.329 2.736
123 6 -0.207 -0.498 2.633
123 7 -0.263 -0.602 2.442
123 8 -0.289 -0.637 2.390
123 9 0.082 -0.308 2.744
123 10 0.214 -0.484 2.530
123 11 0.392 -0.553 2.607
123 12 0.457 -0.580 2.666
123 13 -0.029 -0.540 2.547
123 14 0.026 -0.523 2.186
123 15 -0.021 -0.622 1.923
123 16 -0.022 -0.696 1.869
123 17 0.077 -0.517 2.527
123 18 0.236 -0.585 2.153
123 19 0.297 -0.688 1.896
123 20 0.183 -0.688 1.883
124 1 0.025 -0.501 2.560
124 2 0.027 -0.492 2.638
124 3 0.020 -0.234 2.827
124 4 0.034 -0.038 2.897
124 5 -0.068 -0.329 2.736
124 6 -0.207 -0.497 2.633
124 7 -0.263 -0.603 2.443
124 8 -0.289 -0.637 2.391
124 9 0.081 -0.308 2.744
124 10 0.214 -0.484 2.530
124 11 0.391 -0.553 2.611
124 12 0.457 -0.580 2.672
124 13 -0.026 -0.538 2.540
124 14 0.023 -0.523 2.179
124 15 -0.020 -0.621 1.924
124 16 -0.023 -0.695 1.871
124 17 0.078 -0.514 2.521
124 18 0.236 -0.585 2.154
124 19 0.296 -0.688 1.898
124 20 0.185 -0.690 1.882
125 1 0.025 -0.500 2.559
125 2 0.027 -0.491 2.637
125 3 0.020 -0.235 2.828
125 4 0.034 -0.039 2.898
125 5 -0.068 -0.329 2.736
125 6 -0.207 -0.497 2.633
125 7 -0.263 -0.603 2.444
125 8 -0.289 -0.638 2.391
125 9 0.081 -0.308 2.743
125 10 0.214 -0.484 2.530
125 11 0.390 -0.553 2.614
125 12 0.455 -0.579 2.674
125 13 -0.025 -0.538 2.539
125 14 0.008 -0.544 2.184
125 15 -0.025 -0.632 1.900
125 16 -0.024 -0.709 1.850
125 17 0.079 -0.512 2.518
125 18 0.236 -0.585 2.154
125 19 0.296 -0.687 1.900
125 20 0.187 -0.692 1.880
126 1 0.026 -0.499 2.556
126 2 0.028 -0.491 2.635
126 3 0.020 -0.235 2.828
126 4 0.034 -0.039 2.899
126 5 -0.068 -0.329 2.736
126 6 -0.207 -0.497 2.633
126 7 -0.263 -0.604 2.444
126 8 -0.289 -0.638 2.391
126 9 0.081 -0.309 2.743
126 10 0.213 -0.484 2.530
126 11 0.390 -0.553 2.616
126 12 0.431 -0.565 2.596
126 13 -0.024 -0.537 2.537
126 14 0.005 -0.545 2.181
126 15 -0.026 -0.633 1.898
126 16 -0.024 -0.710 1.846
126 17 0.079 -0.511 2.515
126 18 0.236 -0.585 2.154
126 19 0.296 -0.687 1.901
126 20 0.189 -0.694 1.878
127 1 0.027 -0.498 2.554
127 2 0.028 -0.490 2.632
127 3 0.020 -0.235 2.828
127 4 0.034 -0.039 2.899
127 5 -0.068 -0.329 2.735
127 6 -0.207 -0.497 2.632
127 7 -0.263 -0.605 2.444
127 8 -0.289 -0.638 2.391
127 9 0.081 -0.309 2.743
127 10 0.213 -0.485 2.530
127 11 0.389 -0.553 2.617
127 12 0.421 -0.559 2.562
127 13 -0.022 -0.537 2.534
127 14 0.003 -0.545 2.177
127 15 -0.026 -0.633 1.897
127 16 -0.025 -0.711 1.844
127 17 0.080 -0.509 2.512
127 18 0.237 -0.586 2.152
127 19 0.296 -0.687 1.901
127 20 0.191 -0.695 1.876
128 1 0.027 -0.498 2.553
128 2 0.029 -0.490 2.631
128 3 0.020 -0.235 2.829
128 4 0.034 -0.040 2.900
128 5 -0.067 -0.330 2.734
128 6 -0.207 -0.497 2.632
128 7 -0.264 -0.605 2.445
128 8 -0.289 -0.639 2.391
128 9 0.081 -0.309 2.743
128 10 0.213 -0.485 2.531
128 11 0.389 -0.553 2.618
128 12 0.415 -0.556 2.545
128 13 -0.021 -0.537 2.534
128 14 0.001 -0.545 2.177
128 15 -0.027 -0.633 1.898
128 16 -0.025 -0.712 1.842
128 17 0.080 -0.509 2.510
128 18 0.238 -0.589 2.146
128 19 0.297 -0.688 1.899
128 20 0.193 -0.698 1.872
129 1 0.028 -0.497 2.552
129 2 0.030 -0.489 2.630
129 3 0.020 -0.236 2.829
129 4 0.033 -0.040 2.900
129 5 -0.067 -0.331 2.734
129 6 -0.207 -0.497 2.632
129 7 -0.264 -0.605 2.445
129 8 -0.289 -0.639 2.392
129 9 0.081 -0.309 2.743
129 10 0.213 -0.485 2.531
129 11 0.389 -0.553 2.619
129 12 0.412 -0.555 2.536
129 13 -0.020 -0.535 2.532
129 14 0.001 -0.544 2.174
129 15 -0.027 -0.632 1.899
129 16 -0.025 -0.712 1.841
129 17 0.080 -0.508 2.509
129 18 0.239 -0.590 2.143
129 19 0.298 -0.689 1.897
129 20 0.195 -0.700 1.870
130 1 0.028 -0.497 2.551
130 2 0.030 -0.489 2.629
130 3 0.020 -0.236 2.829
130 4 0.033 -0.040 2.901
130 5 -0.068 -0.331 2.734
130 6 -0.207 -0.497 2.632
130 7 -0.264 -0.606 2.445
130 8 -0.289 -0.639 2.392
130 9 0.081 -0.309 2.743
130 10 0.213 -0.485 2.531
130 11 0.389 -0.553 2.620
130 12 0.412 -0.555 2.532
130 13 -0.019 -0.534 2.531
130 14 0.000 -0.543 2.172
130 15 -0.028 -0.631 1.902
130 16 -0.025 -0.711 1.841
130 17 0.080 -0.507 2.508
130 18 0.240 -0.591 2.142
130 19 0.299 -0.690 1.897
130 20 0.196 -0.701 1.868
131 1 0.029 -0.496 2.550
131 2 0.031 -0.489 2.627
131 3 0.020 -0.236 2.830
131 4 0.033 -0.040 2.901
131 5 -0.068 -0.331 2.735
131 6 -0.208 -0.497 2.633
131 7 -0.263 -0.606 2.445
131 8 -0.288 -0.639 2.392
131 9 0.081 -0.309 2.743
131 10 0.213 -0.485 2.531
131 11 0.389 -0.553 2.620
131 12 0.413 -0.556 2.534
131 13 -0.018 -0.533 2.529
131 14 -0.000 -0.541 2.169
131 15 -0.029 -0.629 1.905
131 16 -0.025 -0.710 1.841
131 17 0.080 -0.507 2.507
131 18 0.241 -0.592 2.139
131 19 0.300 -0.691 1.895
131 20 0.197 -0.701 1.867
132 1 0.024 -0.530 2.593
132 2 0.026 -0.511 2.666
132 3 0.020 -0.236 2.830
132 4 0.033 -0.040 2.901
132 5 -0.068 -0.331 2.735
132 6 -0.208 -0.496 2.633
132 7 -0.261 -0.605 2.445
132 8 -0.287 -0.639 2.392
132 9 0.082 -0.309 2.743
132 10 0.213 -0.485 2.531
132 11 0.389 -0.553 2.620
132 12 0.416 -0.557 2.538
132 13 -0.029 -0.558 2.581
132 14 -0.002 -0.534 2.222
132 15 -0.029 -0.628 1.907
132 16 -0.025 -0.708 1.842
132 17 0.080 -0.554 2.558
132 18 0.241 -0.593 2.137
132 19 0.300 -0.691 1.893
132 20 0.198 -0.702 1.866
133 1 0.021 -0.553 2.632
133 2 0.023 -0.525 2.698
133 3 0.020 -0.236 2.830
133 4 0.033 -0.040 2.901
133 5 -0.068 -0.331 2.735
133 6 -0.208 -0.496 2.633
133 7 -0.258 -0.604 2.444
133 8 -0.286 -0.639 2.392
133 9 0.082 -0.309 2.743
133 10 0.213 -0.485 2.531
133 11 0.389 -0.553 2.621
133 12 0.419 -0.559 2.544
133 13 -0.039 -0.591 2.649
133 14 -0.003 -0.530 2.269
133 15 -0.030 -0.627 1.910
133 16 -0.025 -0.707 1.843
133 17 0.079 -0.582 2.589
133 18 0.242 -0.593 2.136
133 19 0.300 -0.692 1.892
133 20 0.198 -0.702 1.865
134 1 0.032 -0.525 2.590
134 2 0.031 -0.510 2.667
134 3 0.020 -0.236 2.830
134 4 0.033 -0.040 2.902
134 5 -0.069 -0.331 2.734
134 6 -0.209 -0.496 2.633
134 7 -0.257 -0.604 2.443
134 8 -0.286 -0.639 2.392
134 9 0.082 -0.309 2.743
134 10 0.213 -0.485 2.531
134 11 0.389 -0.553 2.621
134 12 0.421 -0.560 2.549
134 13 -0.021 -0.557 2.581
134 14 0.003 -0.526 2.225
134 15 -0.029 -0.626 1.913
134 16 -0.025 -0.705 1.845
134 17 0.088 -0.539 2.544
134 18 0.242 -0.593 2.136
134 19 0.301 -0.692 1.891
134 20 0.198 -0.703 1.865
135 1 0.070 -0.491 2.523
135 2 0.063 -0.486 2.605
135 3 0.020 -0.236 2.830
135 4 0.033 -0.040 2.902
135 5 -0.069 -0.332 2.733
135 6 -0.209 -0.496 2.633
135 7 -0.256 -0.604 2.443
135 8 -0.286 -0.639 2.392
135 9 0.082 -0.309 2.743
135 10 0.213 -0.485 2.531
135 11 0.389 -0.553 2.620
135 12 0.422 -0.560 2.551
135 13 0.033 -0.521 2.521
135 14 -0.020 -0.539 2.177
135 15 -0.029 -0.625 1.915
135 16 -0.025 -0.703 1.846
135 17 0.121 -0.509 2.452
135 18 0.254 -0.631 2.041
135 19 0.314 -0.730 1.799
135 20 0.277 -0.793 1.764
136 1 0.060 -0.489 2.523
136 2 0.059 -0.482 2.600
136 3 0.020 -0.237 2.831
136 4 0.033 -0.040 2.902
136 5 -0.069 -0.333 2.732
136 6 -0.209 -0.496 2.633
136 7 -0.256 -0.603 2.443
136 8 -0.285 -0.639 2.392
136 9 0.082 -0.309 2.743
136 10 0.213 -0.485 2.531
136 11 0.389 -0.553 2.620
136 12 0.423 -0.561 2.552
136 13 0.012 -0.522 2.515
136 14 -0.007 -0.535 2.159
136 15 -0.029 -0.624 1.917
136 16 -0.027 -0.701 1.860
136 17 0.104 -0.504 2.470
136 18 0.250 -0.604 2.108
136 19 0.314 -0.719 1.825
136 20 0.222 -0.722 1.846
137 1 0.101 -0.493 2.486
137 2 0.094 -0.493 2.562
137 3 0.031 -0.268 2.790
137 4 0.033 -0.046 2.900
137 5 -0.069 -0.333 2.732
137 6 -0.209 -0.496 2.633
137 7 -0.256 -0.603 2.442
137 8 -0.285 -0.639 2.392
137 9 0.082 -0.309 2.743
137 10 0.213 -0.485 2.531
137 11 0.389 -0.553 2.620
137 12 0.423 -0.561 2.553
137 13 0.066 -0.521 2.482
137 14 -0.030 -0.531 2.144
137 15 -0.028 -0.623 1.919
137 16 -0.027 -0.701 1.871
137 17 0.146 -0.511 2.422
137 18 0.253 -0.637 2.031
137 19 0.318 -0.749 1.758
137 20 0.296 -0.816 1.727
138 1 0.067 -0.493 2.523
138 2 0.063 -0.489 2.597
138 3 0.028 -0.260 2.804
138 4 0.033 -0.046 2.900
138 5 -0.069 -0.334 2.731
138 6 -0.209 -0.496 2.633
138 7 -0.256 -0.602 2.442
138 8 -0.285 -0.639 2.392
138 9 0.074 -0.284 2.774
138 10 0.209 -0.457 2.563
138 11 0.385 -0.554 2.612
138 12 0.420 -0.562 2.550
138 13 0.026 -0.529 2.518
138 14 -0.015 -0.528 2.155
138 15 -0.028 -0.623 1.920
138 16 -0.027 -0.700 1.875
138 17 0.108 -0.500 2.478
138 18 0.248 -0.604 2.109
138 19 0.313 -0.722 1.822
138 20 0.220 -0.721 1.845
139 1 0.043 -0.515 2.566
139 2 0.045 -0.502 2.635
139 3 0.025 -0.253 2.814
139 4 0.033 -0.047 2.900
139 5 -0.069 -0.334 2.731
139 6 -0.209 -0.496 2.633
139 7 -0.256 -0.601 2.442
139 8 -0.285 -0.639 2.392
139 9 0.080 -0.297 2.755
139 10 0.214 -0.460 2.556
139 11 0.385 -0.555 2.612
139 12 0.436 -0.573 2.622
139 13 -0.012 -0.553 2.569
139 14 -0.003 -0.527 2.204
139 15 -0.028 -0.622 1.921
139 16 -0.027 -0.700 1.870
139 17 0.096 -0.531 2.518
139 18 0.247 -0.597 2.127
139 19 0.310 -0.705 1.863
139 20 0.219 -0.720 1.846
140 1 0.036 -0.511 2.564
140 2 0.038 -0.500 2.637
140 3 0.024 -0.248 2.822
140 4 0.033 -0.047 2.900
140 5 -0.069 -0.334 2.731
140 6 -0.209 -0.495 2.634
140 7 -0.256 -0.601 2.442
140 8 -0.285 -0.639 2.392
140 9 0.083 -0.303 2.746
140 10 0.217 -0.466 2.550
140 11 0.387 -0.555 2.613
140 12 0.451 -0.577 2.662
140 13 -0.017 -0.546 2.550
140 14 0.004 -0.528 2.192
140 15 -0.028 -0.622 1.921
140 16 -0.026 -0.700 1.865
140 17 0.090 -0.524 2.520
140 18 0.246 -0.589 2.146
140 19 0.308 -0.697 1.883
140 20 0.198 -0.694 1.879
141 1 0.030 -0.508 2.562
141 2 0.033 -0.497 2.637
141 3 0.023 -0.245 2.826
141 4 0.034 -0.047 2.900
141 5 -0.069 -0.334 2.730
141 6 -0.209 -0.495 2.634
141 7 -0.255 -0.599 2.442
141 8 -0.285 -0.639 2.392
141 9 0.084 -0.307 2.740
141 10 0.219 -0.472 2.545
141 11 0.388 -0.555 2.614
141 12 0.456 -0.579 2.677
141 13 -0.024 -0.543 2.542
141 14 0.008 -0.529 2.180
141 15 -0.028 -0.622 1.922
141 16 -0.026 -0.700 1.862
141 17 0.084 -0.521 2.522
141 18 0.245 -0.586 2.154
141 19 0.307 -0.692 1.894
141 20 0.190 -0.685 1.890
142 1 0.027 -0.505 2.558
142 2 0.030 -0.495 2.634
142 3 0.022 -0.242 2.830
142 4 0.034 -0.047 2.900
142 5 -0.069 -0.334 2.730
142 6 -0.209 -0.495 2.634
142 7 -0.254 -0.598 2.441
142 8 -0.284 -0.638 2.392
142 9 0.085 -0.309 2.737
142 10 0.220 -0.477 2.540
142 11 0.389 -0.555 2.615
142 12 0.459 -0.580 2.687
142 13 -0.027 -0.541 2.535
142 14 0.010 -0.529 2.172
142 15 -0.028 -0.622 1.922
142 16 -0.027 -0.700 1.863
142 17 0.080 -0.517 2.521
142 18 0.244 -0.583 2.160
142 19 0.306 -0.690 1.900
142 20 0.185 -0.679 1.897
143 1 0.025 -0.502 2.554
143 2 0.028 -0.493 2.631
143 3 0.022 -0.241 2.832
143 4 0.034 -0.046 2.900
143 5 -0.069 -0.334 2.729
143 6 -0.210 -0.494 2.634
143 7 -0.254 -0.597 2.441
143 8 -0.284 -0.638 2.392
143 9 0.085 -0.311 2.735
143 10 0.220 -0.481 2.537
143 11 0.390 -0.555 2.616
143 12 0.460 -0.579 2.689
143 13 -0.027 -0.539 2.530
143 14 0.011 -0.529 2.167
143 15 -0.028 -0.622 1.922
143 16 -0.028 -0.700 1.865
143 17 0.078 -0.513 2.517
143 18 0.244 -0.582 2.163
143 19 0.305 -0.688 1.905
143 20 0.184 -0.679 1.897
144 1 0.024 -0.501 2.552
144 2 0.028 -0.491 2.629
144 3 0.021 -0.240 2.833
144 4 0.034 -0.046 2.901
144 5 -0.068 -0.334 2.729
144 6 -0.210 -0.494 2.635
144 7 -0.254 -0.597 2.442
144 8 -0.284 -0.638 2.393
144 9 0.086 -0.312 2.733
144 10 0.221 -0.484 2.534
144 11 0.390 -0.554 2.617
144 12 0.459 -0.578 2.686
144 13 -0.028 -0.539 2.528
144 14 0.012 -0.529 2.165
144 15 -0.027 -0.622 1.922
144 16 -0.028 -0.700 1.863
144 17 0.076 -0.511 2.515
144 18 0.243 -0.582 2.162
144 19 0.305 -0.686 1.908
144 20 0.185 -0.682 1.893
145 1 0.024 -0.515 2.569
145 2 0.027 -0.497 2.638
145 3 0.021 -0.239 2.834
145 4 0.034 -0.046 2.901
145 5 -0.068 -0.334 2.729
145 6 -0.210 -0.494 2.635
145 7 -0.280 -0.606 2.461
145 8 -0.285 -0.638 2.395
145 9 0.086 -0.313 2.732
145 10 0.221 -0.486 2.531
145 11 0.391 -0.554 2.617
145 12 0.456 -0.577 2.681
145 13 -0.031 -0.552 2.557
145 14 0.010 -0.527 2.197
145 15 -0.027 -0.621 1.923
145 16 -0.027 -0.699 1.860
145 17 0.080 -0.533 2.534
145 18 0.242 -0.583 2.160
145 19 0.304 -0.686 1.910
145 20 0.188 -0.686 1.887
146 1 0.025 -0.516 2.571
146 2 0.027 -0.498 2.640
146 3 0.021 -0.238 2.835
146 4 0.034 -0.046 2.901
146 5 -0.068 -0.334 2.729
146 6 -0.210 -0.493 2.635
146 7 -0.287 -0.609 2.466
146 8 -0.285 -0.638 2.396
146 9 0.086 -0.313 2.731
146 10 0.221 -0.488 2.530
146 11 0.391 -0.554 2.618
146 12 0.455 -0.575 2.675
146 13 -0.030 -0.552 2.561
146 14 0.010 -0.526 2.200
146 15 -0.027 -0.621 1.923
146 16 -0.027 -0.699 1.858
146 17 0.083 -0.532 2.535
146 18 0.242 -0.584 2.156
146 19 0.304 -0.685 1.909
146 20 0.190 -0.690 1.882
147 1 0.027 -0.513 2.567
147 2 0.028 -0.498 2.639
147 3 0.021 -0.238 2.835
147 4 0.034 -0.045 2.901
147 5 -0.067 -0.334 2.729
147 6 -0.210 -0.493 2.635
147 7 -0.291 -0.610 2.468
147 8 -0.286 -0.637 2.396
147 9 0.086 -0.314 2.731
147 10 0.221 -0.489 2.529
147 11 0.391 -0.554 2.618
147 12 0.454 -0.574 2.669
147 13 -0.025 -0.550 2.555
147 14 0.009 -0.526 2.196
147 15 -0.027 -0.621 1.923
147 16 -0.028 -0.699 1.860
147 17 0.084 -0.525 2.525
147 18 0.241 -0.586 2.152
147 19 0.303 -0.686 1.908
147 20 0.191 -0.693 1.878
148 1 0.030 -0.510 2.560
148 2 0.030 -0.497 2.635
148 3 0.021 -0.238 2.836
148 4 0.034 -0.045 2.901
148 5 -0.067 -0.334 2.728
148 6 -0.210 -0.493 2.635
148 7 -0.293 -0.610 2.469
148 8 -0.287 -0.638 2.397
148 9 0.086 -0.314 2.731
148 10 0.221 -0.490 2.528
148 11 0.392 -0.554 2.619
148 12 0.436 -0.563 2.600
148 13 -0.020 -0.546 2.545
148 14 0.009 -0.526 2.187
148 15 -0.027 -0.621 1.923
148 16 -0.028 -0.699 1.862
148 17 0.084 -0.519 2.517
148 18 0.241 -0.586 2.149
148 19 0.303 -0.686 1.907
148 20 0.193 -0.695 1.875
149 1 0.031 -0.507 2.556
149 2 0.031 -0.496 2.633
149 3 0.020 -0.237 2.836
149 4 0.034 -0.045 2.901
149 5 -0.067 -0.333 2.731
149 6 -0.210 -0.493 2.635
149 7 -0.282 -0.606 2.459
149 8 -0.287 -0.638 2.397
149 9 0.085 -0.314 2.731
149 10 0.220 -0.491 2.528
149 11 0.392 -0.554 2.619
149 12 0.423 -0.557 2.555
149 13 -0.017 -0.543 2.541
149 14 0.008 -0.526 2.183
149 15 -0.027 -0.621 1.923
149 16 -0.029 -0.698 1.865
149 17 0.084 -0.518 2.514
149 18 0.240 -0.587 2.147
149 19 0.302 -0.686 1.905
149 20 0.194 -0.697 1.872
150 1 0.030 -0.512 2.564
150 2 0.031 -0.498 2.636
150 3 0.020 -0.237 2.836
150 4 0.034 -0.045 2.901
150 5 -0.067 -0.332 2.732
150 6 -0.210 -0.493 2.635
150 7 -0.275 -0.604 2.454
150 8 -0.287 -0.638 2.397
150 9 0.085 -0.314 2.731
150 10 0.220 -0.492 2.527
150 11 0.392 -0.554 2.619
150 12 0.439 -0.565 2.617
150 13 -0.022 -0.555 2.565
150 14 0.007 -0.524 2.205
150 15 -0.027 -0.621 1.923
150 16 -0.029 -0.698 1.864
150 17 0.084 -0.521 2.517
150 18 0.240 -0.587 2.146
150 19 0.302 -0.687 1.903
150 20 0.195 -0.698 1.871
151 1 0.032 -0.504 2.554
151 2 0.032 -0.496 2.632
151 3 0.020 -0.237 2.836
151 4 0.034 -0.044 2.901
151 5 -0.067 -0.332 2.732
151 6 -0.210 -0.493 2.636
151 7 -0.272 -0.602 2.451
151 8 -0.287 -0.638 2.397
151 9 0.084 -0.314 2.731
151 10 0.220 -0.492 2.527
151 11 0.392 -0.553 2.619
151 12 0.427 -0.560 2.575
151 13 -0.016 -0.541 2.540
151 14 0.009 -0.527 2.180
151 15 -0.027 -0.621 1.923
151 16 -0.029 -0.698 1.868
151 17 0.084 -0.517 2.513
151 18 0.240 -0.588 2.145
151 19 0.302 -0.687 1.902
151 20 0.195 -0.699 1.870
152 1 0.033 -0.501 2.549
152 2 0.034 -0.494 2.629
152 3 0.020 -0.237 2.836
152 4 0.034 -0.044 2.901
152 5 -0.067 -0.332 2.733
152 6 -0.210 -0.492 2.636
152 7 -0.270 -0.602 2.450
152 8 -0.287 -0.638 2.397
152 9 0.084 -0.314 2.731
152 10 0.219 -0.492 2.527
152 11 0.392 -0.553 2.619
152 12 0.424 -0.559 2.567
152 13 -0.013 -0.535 2.530
152 14 0.009 -0.528 2.171
152 15 -0.027 -0.621 1.924
152 16 -0.030 -0.698 1.871
152 17 0.084 -0.516 2.512
152 18 0.240 -0.588 2.144
152 19 0.302 -0.688 1.901
152 20 0.196 -0.700 1.869
153 1 -0.100 -0.541 2.640
153 2 -0.073 -0.516 2.704
153 3 0.020 -0.237 2.836
153 4 0.034 -0.044 2.901
153 5 -0.067 -0.332 2.733
153 6 -0.210 -0.492 2.636
153 7 -0.269 -0.601 2.449
153 8 -0.287 -0.638 2.397
153 9 0.083 -0.314 2.732
153 10 0.219 -0.492 2.527
153 11 0.392 -0.553 2.619
153 12 0.422 -0.558 2.561
153 13 -0.153 -0.562 2.644
153 14 0.008 -0.542 2.288
153 15 -0.044 -0.634 2.013
153 16 -0.047 -0.690 1.946
153 17 -0.074 -0.574 2.603
153 18 0.199 -0.589 2.198
153 19 0.260 -0.690 1.950
153 20 0.172 -0.701 1.894
154 1 0.002 -0.500 2.563
154 2 0.004 -0.491 2.641
154 3 0.020 -0.237 2.836
154 4 0.034 -0.044 2.901
154 5 -0.067 -0.332 2.733
154 6 -0.210 -0.492 2.636
154 7 -0.268 -0.601 2.448
154 8 -0.287 -0.638 2.398
154 9 0.083 -0.313 2.734
154 10 0.218 -0.492 2.527
154 11 0.391 -0.553 2.619
154 12 0.421 -0.558 2.558
154 13 -0.043 -0.535 2.545
154 14 0.020 -0.533 2.200
154 15 -0.036 -0.631 1.997
154 16 -0.033 -0.694 1.920
154 17 0.052 -0.513 2.524
154 18 0.219 -0.591 2.164
154 19 0.268 -0.692 1.932
154 20 0.178 -0.702 1.886
155 1 -0.007 -0.521 2.600
155 2 -0.003 -0.502 2.670
155 3 0.020 -0.237 2.836
155 4 0.034 -0.044 2.901
155 5 -0.067 -0.332 2.733
155 6 -0.210 -0.492 2.635
155 7 -0.268 -0.601 2.447
155 8 -0.287 -0.637 2.397
155 9 0.082 -0.313 2.735
155 10 0.217 -0.492 2.527
155 11 0.391 -0.553 2.619
155 12 0.420 -0.558 2.555
155 13 -0.058 -0.561 2.602
155 14 0.018 -0.534 2.249
155 15 -0.037 -0.630 2.004
155 16 -0.037 -0.691 1.931
155 17 0.040 -0.540 2.547
155 18 0.227 -0.592 2.150
155 19 0.276 -0.694 1.917
155 20 0.183 -0.703 1.879
156 1 0.101 -0.523 2.519
156 2 0.085 -0.508 2.602
156 3 0.020 -0.237 2.836
156 4 0.034 -0.044 2.901
156 5 -0.067 -0.331 2.734
156 6 -0.210 -0.492 2.635
156 7 -0.268 -0.600 2.447
156 8 -0.288 -0.637 2.397
156 9 0.082 -0.313 2.736
156 10 0.216 -0.492 2.527
156 11 0.390 -0.553 2.619
156 12 0.420 -0.557 2.554
156 13 0.074 -0.549 2.526
156 14 -0.018 -0.526 2.205
156 15 -0.037 -0.630 2.008
156 16 -0.040 -0.694 1.943
156 17 0.143 -0.543 2.458
156 18 0.253 -0.630 2.040
156 19 0.307 -0.732 1.801
156 20 0.281 -0.794 1.744
