1 1 0.215 -0.032 1.993
1 2 0.240 0.027 2.038
1 3 0.261 0.382 2.064
1 4 0.222 0.572 2.054
1 5 0.092 0.273 2.143
1 6 0.049 0.023 2.159
1 7 0.011 -0.192 2.108
1 8 0.001 -0.274 2.094
1 9 0.384 0.265 1.986
1 10 0.447 0.020 1.923
1 11 0.424 -0.189 1.843
1 12 0.414 -0.257 1.821
1 13 0.144 -0.109 2.007
1 14 0.147 -0.543 2.036
1 15 0.182 -0.765 2.039
1 16 0.134 -0.817 2.016
1 17 0.275 -0.099 1.950
1 18 0.319 -0.527 1.913
1 19 0.349 -0.749 1.923
1 20 0.304 -0.765 1.865
2 1 0.222 -0.032 1.991
2 2 0.248 0.027 2.036
2 3 0.267 0.387 2.064
2 4 0.233 0.572 2.052
2 5 0.102 0.273 2.142
2 6 0.058 0.024 2.160
2 7 0.023 -0.189 2.108
2 8 0.012 -0.270 2.093
2 9 0.392 0.264 1.982
2 10 0.454 0.019 1.918
2 11 0.430 -0.189 1.837
2 12 0.418 -0.258 1.816
2 13 0.151 -0.108 2.006
2 14 0.150 -0.543 2.035
2 15 0.183 -0.765 2.039
2 16 0.134 -0.817 2.015
2 17 0.281 -0.099 1.947
2 18 0.322 -0.529 1.915
2 19 0.352 -0.751 1.925
2 20 0.301 -0.764 1.873
3 1 0.229 -0.032 1.989
3 2 0.255 0.028 2.034
3 3 0.272 0.391 2.063
3 4 0.244 0.572 2.050
3 5 0.113 0.275 2.141
3 6 0.068 0.025 2.160
3 7 0.035 -0.185 2.108
3 8 0.022 -0.265 2.092
3 9 0.398 0.264 1.978
3 10 0.460 0.018 1.913
3 11 0.437 -0.188 1.832
3 12 0.424 -0.260 1.811
3 13 0.158 -0.108 2.006
3 14 0.153 -0.542 2.035
3 15 0.184 -0.765 2.038
3 16 0.135 -0.817 2.015
3 17 0.287 -0.099 1.944
3 18 0.326 -0.526 1.917
3 19 0.355 -0.749 1.927
3 20 0.316 -0.786 1.897
4 1 0.235 -0.032 1.988
4 2 0.263 0.029 2.032
4 3 0.279 0.393 2.061
4 4 0.255 0.573 2.047
4 5 0.123 0.276 2.141
4 6 0.079 0.027 2.161
4 7 0.046 -0.185 2.107
4 8 0.032 -0.265 2.089
4 9 0.405 0.263 1.974
4 10 0.467 0.018 1.908
4 11 0.443 -0.188 1.828
4 12 0.428 -0.261 1.808
4 13 0.165 -0.107 2.006
4 14 0.155 -0.542 2.035
4 15 0.185 -0.765 2.038
4 16 0.136 -0.817 2.015
4 17 0.292 -0.100 1.942
4 18 0.329 -0.525 1.918
4 19 0.357 -0.749 1.928
4 20 0.325 -0.798 1.905
5 1 0.241 -0.032 1.987
5 2 0.270 0.029 2.031
5 3 0.286 0.394 2.059
5 4 0.262 0.574 2.045
5 5 0.131 0.277 2.141
5 6 0.090 0.028 2.162
5 7 0.056 -0.185 2.105
5 8 0.044 -0.264 2.085
5 9 0.413 0.262 1.970
5 10 0.473 0.017 1.903
5 11 0.448 -0.189 1.825
5 12 0.432 -0.263 1.805
5 13 0.171 -0.107 2.006
5 14 0.158 -0.541 2.036
5 15 0.186 -0.765 2.037
5 16 0.136 -0.817 2.015
5 17 0.297 -0.100 1.941
5 18 0.332 -0.523 1.920
5 19 0.359 -0.747 1.929
5 20 0.326 -0.800 1.908
6 1 0.247 -0.032 1.987
6 2 0.276 0.030 2.030
6 3 0.293 0.395 2.056
6 4 0.269 0.574 2.043
6 5 0.138 0.278 2.141
6 6 0.100 0.029 2.162
6 7 0.067 -0.186 2.103
6 8 0.059 -0.262 2.081
6 9 0.419 0.261 1.967
6 10 0.479 0.016 1.900
6 11 0.453 -0.189 1.822
6 12 0.436 -0.265 1.802
6 13 0.177 -0.106 2.006
6 14 0.162 -0.541 2.037
6 15 0.188 -0.765 2.037
6 16 0.137 -0.817 2.015
6 17 0.302 -0.100 1.940
6 18 0.335 -0.522 1.921
6 19 0.360 -0.747 1.930
6 20 0.322 -0.796 1.906
7 1 0.253 -0.032 1.987
7 2 0.282 0.030 2.030
7 3 0.301 0.395 2.053
7 4 0.276 0.574 2.040
7 5 0.145 0.279 2.141
7 6 0.109 0.030 2.162
7 7 0.080 -0.184 2.103
7 8 0.070 -0.260 2.079
7 9 0.425 0.260 1.964
7 10 0.484 0.015 1.897
7 11 0.457 -0.189 1.820
7 12 0.441 -0.266 1.800
7 13 0.183 -0.106 2.008
7 14 0.166 -0.540 2.039
7 15 0.189 -0.765 2.036
7 16 0.138 -0.817 2.015
7 17 0.307 -0.101 1.940
7 18 0.338 -0.521 1.923
7 19 0.362 -0.747 1.931
7 20 0.320 -0.791 1.905
8 1 0.259 -0.032 1.987
8 2 0.288 0.031 2.030
8 3 0.308 0.395 2.051
8 4 0.282 0.574 2.038
8 5 0.151 0.280 2.141
8 6 0.118 0.031 2.162
8 7 0.089 -0.183 2.102
8 8 0.081 -0.255 2.077
8 9 0.431 0.259 1.961
8 10 0.489 0.014 1.894
8 11 0.462 -0.190 1.818
8 12 0.445 -0.268 1.798
8 13 0.189 -0.105 2.009
8 14 0.171 -0.539 2.041
8 15 0.191 -0.765 2.036
8 16 0.139 -0.817 2.015
8 17 0.312 -0.101 1.940
8 18 0.342 -0.522 1.926
8 19 0.364 -0.747 1.932
8 20 0.317 -0.771 1.897
9 1 0.264 -0.031 1.988
9 2 0.294 0.031 2.030
9 3 0.313 0.395 2.049
9 4 0.288 0.574 2.036
9 5 0.159 0.281 2.141
9 6 0.126 0.031 2.162
9 7 0.097 -0.182 2.101
9 8 0.094 -0.247 2.076
9 9 0.438 0.258 1.958
9 10 0.494 0.013 1.892
9 11 0.467 -0.190 1.817
9 12 0.449 -0.269 1.796
9 13 0.195 -0.104 2.011
9 14 0.175 -0.538 2.042
9 15 0.192 -0.765 2.035
9 16 0.139 -0.816 2.016
9 17 0.318 -0.101 1.941
9 18 0.345 -0.522 1.928
9 19 0.365 -0.748 1.934
9 20 0.316 -0.764 1.893
10 1 0.271 -0.031 1.989
10 2 0.300 0.032 2.030
10 3 0.319 0.394 2.047
10 4 0.293 0.574 2.034
10 5 0.167 0.282 2.139
10 6 0.132 0.032 2.162
10 7 0.105 -0.182 2.100
10 8 0.101 -0.244 2.075
10 9 0.444 0.257 1.956
10 10 0.498 0.012 1.891
10 11 0.471 -0.190 1.816
10 12 0.453 -0.269 1.796
10 13 0.201 -0.103 2.014
10 14 0.180 -0.537 2.044
10 15 0.193 -0.765 2.035
10 16 0.140 -0.816 2.016
10 17 0.324 -0.102 1.942
10 18 0.350 -0.523 1.931
10 19 0.368 -0.748 1.936
10 20 0.317 -0.761 1.891
11 1 0.277 -0.030 1.990
11 2 0.306 0.032 2.031
11 3 0.324 0.394 2.045
11 4 0.298 0.574 2.032
11 5 0.173 0.282 2.138
11 6 0.137 0.032 2.162
11 7 0.110 -0.182 2.099
11 8 0.105 -0.242 2.074
11 9 0.449 0.257 1.955
11 10 0.503 0.011 1.889
11 11 0.474 -0.191 1.815
11 12 0.457 -0.270 1.795
11 13 0.208 -0.102 2.016
11 14 0.184 -0.536 2.045
11 15 0.194 -0.764 2.035
11 16 0.141 -0.816 2.016
11 17 0.330 -0.102 1.943
11 18 0.358 -0.514 1.936
11 19 0.372 -0.742 1.938
11 20 0.321 -0.761 1.891
12 1 0.283 -0.030 1.992
12 2 0.312 0.033 2.032
12 3 0.329 0.393 2.044
12 4 0.304 0.574 2.030
12 5 0.178 0.283 2.137
12 6 0.142 0.033 2.162
12 7 0.114 -0.182 2.099
12 8 0.109 -0.240 2.074
12 9 0.454 0.257 1.954
12 10 0.507 0.011 1.889
12 11 0.479 -0.191 1.815
12 12 0.462 -0.270 1.794
12 13 0.213 -0.101 2.018
12 14 0.187 -0.535 2.047
12 15 0.195 -0.764 2.035
12 16 0.144 -0.816 2.017
12 17 0.337 -0.102 1.945
12 18 0.364 -0.507 1.939
12 19 0.375 -0.737 1.940
12 20 0.330 -0.764 1.894
13 1 0.288 -0.029 1.993
13 2 0.317 0.034 2.033
13 3 0.333 0.393 2.043
13 4 0.310 0.575 2.028
13 5 0.182 0.283 2.136
13 6 0.145 0.034 2.162
13 7 0.117 -0.182 2.099
13 8 0.111 -0.239 2.074
13 9 0.460 0.257 1.953
13 10 0.512 0.011 1.888
13 11 0.482 -0.191 1.815
13 12 0.466 -0.270 1.794
13 13 0.219 -0.100 2.020
13 14 0.189 -0.535 2.048
13 15 0.195 -0.763 2.035
13 16 0.147 -0.817 2.017
13 17 0.343 -0.102 1.946
13 18 0.367 -0.502 1.942
13 19 0.378 -0.734 1.942
13 20 0.340 -0.772 1.899
14 1 0.293 -0.028 1.995
14 2 0.322 0.035 2.034
14 3 0.337 0.393 2.043
14 4 0.315 0.575 2.027
14 5 0.186 0.283 2.135
14 6 0.148 0.034 2.161
14 7 0.119 -0.182 2.099
14 8 0.112 -0.239 2.073
14 9 0.465 0.257 1.954
14 10 0.517 0.011 1.889
14 11 0.487 -0.191 1.816
14 12 0.471 -0.270 1.795
14 13 0.223 -0.099 2.021
14 14 0.190 -0.534 2.048
14 15 0.196 -0.763 2.035
14 16 0.152 -0.818 2.017
14 17 0.349 -0.101 1.949
14 18 0.370 -0.499 1.943
14 19 0.380 -0.732 1.943
14 20 0.355 -0.788 1.916
15 1 0.298 -0.027 1.997
15 2 0.326 0.036 2.036
15 3 0.341 0.393 2.042
15 4 0.320 0.575 2.026
15 5 0.189 0.284 2.135
15 6 0.151 0.034 2.161
15 7 0.120 -0.182 2.099
15 8 0.114 -0.238 2.073
15 9 0.471 0.258 1.956
15 10 0.522 0.011 1.890
15 11 0.492 -0.191 1.817
15 12 0.475 -0.270 1.795
15 13 0.227 -0.098 2.023
15 14 0.192 -0.533 2.049
15 15 0.198 -0.761 2.035
15 16 0.162 -0.801 1.987
15 17 0.354 -0.101 1.952
15 18 0.372 -0.496 1.945
15 19 0.381 -0.730 1.944
15 20 0.359 -0.797 1.944
16 1 0.303 -0.026 1.999
16 2 0.330 0.037 2.038
16 3 0.344 0.393 2.042
16 4 0.323 0.576 2.025
16 5 0.191 0.285 2.134
16 6 0.153 0.035 2.161
16 7 0.122 -0.182 2.099
16 8 0.114 -0.238 2.074
16 9 0.477 0.259 1.959
16 10 0.528 0.012 1.893
16 11 0.497 -0.191 1.819
16 12 0.480 -0.269 1.797
16 13 0.232 -0.097 2.026
16 14 0.193 -0.532 2.050
16 15 0.202 -0.759 2.038
16 16 0.185 -0.809 2.003
16 17 0.360 -0.100 1.955
16 18 0.375 -0.493 1.947
16 19 0.382 -0.729 1.944
16 20 0.361 -0.801 1.954
17 1 0.308 -0.024 2.002
17 2 0.334 0.039 2.041
17 3 0.347 0.393 2.043
17 4 0.328 0.577 2.025
17 5 0.193 0.285 2.134
17 6 0.154 0.036 2.161
17 7 0.122 -0.182 2.099
17 8 0.114 -0.238 2.074
17 9 0.484 0.261 1.963
17 10 0.535 0.014 1.897
17 11 0.502 -0.190 1.821
17 12 0.487 -0.268 1.799
17 13 0.236 -0.095 2.028
17 14 0.194 -0.530 2.051
17 15 0.211 -0.768 2.045
17 16 0.189 -0.816 2.006
17 17 0.366 -0.099 1.960
17 18 0.377 -0.490 1.949
17 19 0.383 -0.728 1.945
17 20 0.355 -0.780 1.912
18 1 0.312 -0.023 2.006
18 2 0.338 0.040 2.045
18 3 0.350 0.393 2.044
18 4 0.331 0.577 2.025
18 5 0.195 0.286 2.134
18 6 0.155 0.036 2.160
18 7 0.123 -0.182 2.099
18 8 0.114 -0.239 2.074
18 9 0.490 0.262 1.969
18 10 0.541 0.015 1.904
18 11 0.508 -0.189 1.824
18 12 0.493 -0.267 1.801
18 13 0.239 -0.094 2.031
18 14 0.197 -0.529 2.053
18 15 0.220 -0.776 2.052
18 16 0.193 -0.823 2.011
18 17 0.372 -0.098 1.966
18 18 0.381 -0.488 1.952
18 19 0.384 -0.728 1.946
18 20 0.353 -0.769 1.890
19 1 0.317 -0.022 2.012
19 2 0.342 0.042 2.050
19 3 0.353 0.393 2.045
19 4 0.335 0.578 2.026
19 5 0.196 0.287 2.134
19 6 0.156 0.037 2.160
19 7 0.123 -0.182 2.099
19 8 0.114 -0.239 2.075
19 9 0.497 0.263 1.978
19 10 0.549 0.016 1.914
19 11 0.515 -0.186 1.830
19 12 0.500 -0.263 1.805
19 13 0.243 -0.093 2.035
19 14 0.202 -0.527 2.055
19 15 0.227 -0.781 2.058
19 16 0.195 -0.826 2.013
19 17 0.379 -0.097 1.974
19 18 0.389 -0.497 1.964
19 19 0.385 -0.729 1.948
19 20 0.353 -0.787 1.910
20 1 0.322 -0.020 2.019
20 2 0.346 0.043 2.057
20 3 0.355 0.393 2.047
20 4 0.338 0.578 2.027
20 5 0.197 0.287 2.134
20 6 0.157 0.037 2.160
20 7 0.123 -0.182 2.099
20 8 0.114 -0.241 2.075
20 9 0.503 0.264 1.987
20 10 0.557 0.016 1.926
20 11 0.523 -0.182 1.838
20 12 0.507 -0.259 1.810
20 13 0.248 -0.092 2.041
20 14 0.209 -0.526 2.060
20 15 0.237 -0.786 2.065
20 16 0.199 -0.829 2.018
20 17 0.386 -0.096 1.984
20 18 0.395 -0.501 1.972
20 19 0.385 -0.730 1.949
20 20 0.354 -0.780 1.897
21 1 0.328 -0.019 2.028
21 2 0.349 0.044 2.065
21 3 0.358 0.393 2.050
21 4 0.341 0.578 2.030
21 5 0.198 0.288 2.135
21 6 0.157 0.038 2.160
21 7 0.123 -0.181 2.099
21 8 0.113 -0.245 2.074
21 9 0.509 0.263 1.998
21 10 0.564 0.016 1.939
21 11 0.531 -0.176 1.849
21 12 0.514 -0.253 1.817
21 13 0.253 -0.091 2.049
21 14 0.223 -0.526 2.068
21 15 0.247 -0.789 2.072
21 16 0.203 -0.832 2.024
21 17 0.393 -0.096 1.996
21 18 0.400 -0.502 1.978
21 19 0.386 -0.730 1.951
21 20 0.355 -0.776 1.890
22 1 0.334 -0.019 2.040
22 2 0.353 0.045 2.075
22 3 0.359 0.391 2.055
22 4 0.343 0.577 2.033
22 5 0.198 0.288 2.136
22 6 0.157 0.038 2.160
22 7 0.123 -0.181 2.099
22 8 0.113 -0.247 2.074
22 9 0.513 0.262 2.010
22 10 0.571 0.015 1.956
22 11 0.537 -0.172 1.861
22 12 0.519 -0.247 1.825
22 13 0.258 -0.092 2.059
22 14 0.237 -0.527 2.079
22 15 0.256 -0.792 2.080
22 16 0.281 -0.841 2.064
22 17 0.402 -0.097 2.012
22 18 0.404 -0.502 1.984
22 19 0.387 -0.731 1.954
22 20 0.356 -0.774 1.887
23 1 0.339 -0.020 2.053
23 2 0.356 0.045 2.086
23 3 0.360 0.389 2.062
23 4 0.344 0.574 2.038
23 5 0.198 0.287 2.138
23 6 0.157 0.038 2.160
23 7 0.122 -0.181 2.099
23 8 0.114 -0.251 2.072
23 9 0.515 0.262 2.022
23 10 0.576 0.015 1.970
23 11 0.541 -0.167 1.874
23 12 0.524 -0.241 1.837
23 13 0.263 -0.094 2.072
23 14 0.247 -0.530 2.088
23 15 0.263 -0.795 2.085
23 16 0.313 -0.846 2.080
23 17 0.410 -0.099 2.029
23 18 0.408 -0.501 1.992
23 19 0.388 -0.731 1.959
23 20 0.357 -0.773 1.886
24 1 0.345 -0.024 2.070
24 2 0.358 0.043 2.099
24 3 0.359 0.385 2.070
24 4 0.344 0.570 2.045
24 5 0.195 0.284 2.142
24 6 0.154 0.034 2.160
24 7 0.122 -0.181 2.098
24 8 0.115 -0.254 2.070
24 9 0.517 0.260 2.033
24 10 0.580 0.015 1.987
24 11 0.544 -0.166 1.886
24 12 0.526 -0.239 1.850
24 13 0.270 -0.100 2.091
24 14 0.256 -0.534 2.099
24 15 0.266 -0.796 2.089
24 16 0.329 -0.848 2.087
24 17 0.418 -0.103 2.050
24 18 0.412 -0.502 2.000
24 19 0.389 -0.733 1.963
24 20 0.359 -0.772 1.886
25 1 0.349 -0.030 2.089
25 2 0.359 0.038 2.113
25 3 0.357 0.379 2.078
25 4 0.342 0.564 2.053
25 5 0.191 0.277 2.148
25 6 0.151 0.028 2.161
25 7 0.122 -0.182 2.096
25 8 0.118 -0.259 2.067
25 9 0.516 0.256 2.044
25 10 0.583 0.014 2.001
25 11 0.545 -0.165 1.893
25 12 0.526 -0.238 1.858
25 13 0.276 -0.108 2.111
25 14 0.261 -0.541 2.109
25 15 0.269 -0.798 2.091
25 16 0.340 -0.850 2.092
25 17 0.424 -0.110 2.071
25 18 0.415 -0.507 2.009
25 19 0.391 -0.735 1.967
25 20 0.362 -0.773 1.888
26 1 0.352 -0.039 2.108
26 2 0.359 0.030 2.127
26 3 0.352 0.366 2.088
26 4 0.333 0.551 2.064
26 5 0.184 0.263 2.156
26 6 0.145 0.013 2.160
26 7 0.123 -0.198 2.087
26 8 0.126 -0.279 2.055
26 9 0.514 0.251 2.054
26 10 0.585 0.012 2.015
26 11 0.545 -0.166 1.900
26 12 0.524 -0.239 1.866
26 13 0.279 -0.118 2.133
26 14 0.264 -0.549 2.116
26 15 0.272 -0.797 2.094
26 16 0.346 -0.851 2.095
26 17 0.427 -0.119 2.092
26 18 0.418 -0.511 2.016
26 19 0.392 -0.737 1.969
26 20 0.366 -0.775 1.889
27 1 0.354 -0.049 2.125
27 2 0.359 0.021 2.140
27 3 0.349 0.351 2.096
27 4 0.326 0.539 2.072
27 5 0.178 0.249 2.163
27 6 0.140 -0.003 2.159
27 7 0.125 -0.212 2.078
27 8 0.134 -0.293 2.047
27 9 0.512 0.245 2.064
27 10 0.587 0.008 2.026
27 11 0.544 -0.169 1.908
27 12 0.520 -0.242 1.875
27 13 0.281 -0.129 2.152
27 14 0.265 -0.558 2.123
27 15 0.274 -0.797 2.095
27 16 0.348 -0.852 2.096
27 17 0.430 -0.128 2.110
27 18 0.423 -0.519 2.023
27 19 0.394 -0.742 1.972
27 20 0.370 -0.781 1.892
28 1 0.356 -0.061 2.141
28 2 0.360 0.009 2.152
28 3 0.347 0.335 2.103
28 4 0.319 0.521 2.078
28 5 0.174 0.232 2.170
28 6 0.137 -0.022 2.158
28 7 0.135 -0.242 2.065
28 8 0.143 -0.313 2.035
28 9 0.511 0.233 2.073
28 10 0.589 0.004 2.034
28 11 0.541 -0.175 1.916
28 12 0.511 -0.249 1.890
28 13 0.283 -0.143 2.171
28 14 0.264 -0.572 2.130
28 15 0.276 -0.801 2.098
28 16 0.338 -0.859 2.086
28 17 0.432 -0.139 2.125
28 18 0.427 -0.524 2.027
28 19 0.399 -0.747 1.975
28 20 0.378 -0.787 1.896
29 1 0.358 -0.075 2.154
29 2 0.361 -0.005 2.162
29 3 0.346 0.318 2.108
29 4 0.313 0.507 2.081
29 5 0.173 0.215 2.176
29 6 0.137 -0.039 2.156
29 7 0.138 -0.253 2.060
29 8 0.150 -0.325 2.029
29 9 0.510 0.220 2.080
29 10 0.590 -0.001 2.041
29 11 0.536 -0.183 1.927
29 12 0.503 -0.256 1.901
29 13 0.286 -0.156 2.184
29 14 0.264 -0.584 2.134
29 15 0.278 -0.806 2.100
29 16 0.319 -0.863 2.068
29 17 0.435 -0.151 2.139
29 18 0.437 -0.537 2.038
29 19 0.409 -0.758 1.979
29 20 0.385 -0.794 1.899
30 1 0.361 -0.092 2.166
30 2 0.363 -0.024 2.172
30 3 0.346 0.296 2.114
30 4 0.306 0.481 2.082
30 5 0.173 0.200 2.182
30 6 0.138 -0.055 2.156
30 7 0.150 -0.281 2.051
30 8 0.160 -0.345 2.020
30 9 0.509 0.205 2.087
30 10 0.592 -0.007 2.046
30 11 0.530 -0.195 1.938
30 12 0.493 -0.265 1.912
30 13 0.290 -0.174 2.198
30 14 0.264 -0.594 2.138
30 15 0.280 -0.814 2.102
30 16 0.299 -0.862 2.050
30 17 0.438 -0.167 2.151
30 18 0.444 -0.547 2.046
30 19 0.427 -0.772 1.987
30 20 0.396 -0.809 1.918
31 1 0.366 -0.114 2.178
31 2 0.367 -0.047 2.181
31 3 0.347 0.270 2.119
31 4 0.302 0.454 2.081
31 5 0.178 0.176 2.190
31 6 0.144 -0.078 2.157
31 7 0.158 -0.299 2.047
31 8 0.173 -0.368 2.013
31 9 0.509 0.185 2.093
31 10 0.595 -0.017 2.050
31 11 0.525 -0.205 1.948
31 12 0.485 -0.273 1.921
31 13 0.295 -0.194 2.210
31 14 0.265 -0.604 2.141
31 15 0.282 -0.824 2.105
31 16 0.273 -0.843 2.031
31 17 0.442 -0.186 2.163
31 18 0.453 -0.552 2.055
31 19 0.439 -0.799 1.993
31 20 0.412 -0.841 1.924
32 1 0.370 -0.136 2.187
32 2 0.370 -0.071 2.188
32 3 0.348 0.240 2.126
32 4 0.300 0.427 2.080
32 5 0.181 0.149 2.198
32 6 0.152 -0.106 2.160
32 7 0.165 -0.312 2.045
32 8 0.182 -0.383 2.009
32 9 0.509 0.162 2.100
32 10 0.597 -0.038 2.054
32 11 0.515 -0.227 1.960
32 12 0.472 -0.291 1.932
32 13 0.301 -0.216 2.220
32 14 0.267 -0.612 2.143
32 15 0.287 -0.834 2.106
32 16 0.252 -0.826 2.029
32 17 0.448 -0.208 2.173
32 18 0.466 -0.576 2.074
32 19 0.449 -0.823 1.994
32 20 0.424 -0.868 1.925
33 1 0.377 -0.162 2.197
33 2 0.377 -0.097 2.196
33 3 0.351 0.212 2.133
33 4 0.300 0.398 2.081
33 5 0.184 0.127 2.205
33 6 0.158 -0.128 2.163
33 7 0.172 -0.322 2.046
33 8 0.190 -0.393 2.007
33 9 0.509 0.136 2.106
33 10 0.598 -0.066 2.057
33 11 0.503 -0.253 1.970
33 12 0.457 -0.315 1.942
33 13 0.309 -0.239 2.231
33 14 0.268 -0.617 2.144
33 15 0.292 -0.852 2.106
33 16 0.253 -0.873 2.023
33 17 0.456 -0.233 2.183
33 18 0.472 -0.582 2.081
33 19 0.453 -0.844 1.993
33 20 0.430 -0.890 1.923
34 1 0.386 -0.186 2.206
34 2 0.384 -0.122 2.204
34 3 0.355 0.184 2.141
34 4 0.301 0.375 2.084
34 5 0.193 0.088 2.218
34 6 0.167 -0.155 2.169
34 7 0.183 -0.330 2.058
34 8 0.206 -0.417 2.003
34 9 0.511 0.115 2.111
34 10 0.598 -0.099 2.059
34 11 0.488 -0.284 1.978
34 12 0.437 -0.346 1.953
34 13 0.318 -0.264 2.241
34 14 0.269 -0.621 2.145
34 15 0.297 -0.872 2.107
34 16 0.258 -0.911 2.023
34 17 0.466 -0.257 2.192
34 18 0.477 -0.588 2.084
34 19 0.454 -0.864 1.992
34 20 0.430 -0.910 1.921
35 1 0.403 -0.221 2.217
35 2 0.399 -0.157 2.213
35 3 0.360 0.154 2.150
35 4 0.303 0.336 2.092
35 5 0.200 0.058 2.229
35 6 0.176 -0.179 2.177
35 7 0.191 -0.340 2.067
35 8 0.213 -0.423 2.009
35 9 0.515 0.086 2.117
35 10 0.598 -0.127 2.062
35 11 0.478 -0.306 1.983
35 12 0.424 -0.366 1.959
35 13 0.339 -0.304 2.254
35 14 0.271 -0.628 2.141
35 15 0.304 -0.899 2.109
35 16 0.267 -0.950 2.027
35 17 0.483 -0.286 2.201
35 18 0.480 -0.593 2.084
35 19 0.454 -0.881 1.991
35 20 0.430 -0.931 1.920
36 1 0.411 -0.244 2.224
36 2 0.406 -0.182 2.220
36 3 0.368 0.113 2.163
36 4 0.308 0.298 2.101
36 5 0.208 0.024 2.245
36 6 0.183 -0.196 2.185
36 7 0.221 -0.381 2.069
36 8 0.241 -0.455 2.014
36 9 0.521 0.048 2.125
36 10 0.596 -0.168 2.066
36 11 0.450 -0.356 1.986
36 12 0.399 -0.402 1.962
36 13 0.348 -0.325 2.261
36 14 0.273 -0.635 2.136
36 15 0.309 -0.917 2.111
36 16 0.272 -0.972 2.030
36 17 0.492 -0.311 2.209
36 18 0.480 -0.598 2.073
36 19 0.454 -0.894 1.993
36 20 0.429 -0.948 1.922
37 1 0.419 -0.273 2.234
37 2 0.414 -0.212 2.229
37 3 0.374 0.082 2.175
37 4 0.310 0.267 2.112
37 5 0.216 -0.019 2.265
37 6 0.202 -0.232 2.198
37 7 0.238 -0.405 2.072
37 8 0.256 -0.471 2.018
37 9 0.525 0.021 2.132
37 10 0.595 -0.191 2.070
37 11 0.436 -0.384 1.989
37 12 0.388 -0.423 1.967
37 13 0.358 -0.356 2.273
37 14 0.274 -0.662 2.129
37 15 0.322 -0.941 2.104
37 16 0.287 -0.995 2.026
37 17 0.500 -0.338 2.216
37 18 0.477 -0.610 2.057
37 19 0.455 -0.909 1.997
37 20 0.429 -0.965 1.926
38 1 0.427 -0.308 2.250
38 2 0.422 -0.248 2.244
38 3 0.385 0.042 2.191
38 4 0.315 0.225 2.128
38 5 0.225 -0.060 2.285
38 6 0.215 -0.257 2.209
38 7 0.251 -0.421 2.085
38 8 0.269 -0.489 2.021
38 9 0.533 -0.021 2.144
38 10 0.591 -0.239 2.075
38 11 0.414 -0.426 1.996
38 12 0.346 -0.493 1.979
38 13 0.364 -0.392 2.291
38 14 0.275 -0.673 2.126
38 15 0.338 -0.958 2.102
38 16 0.305 -1.011 2.028
38 17 0.507 -0.374 2.230
38 18 0.471 -0.625 2.040
38 19 0.454 -0.924 2.002
38 20 0.428 -0.979 1.933
39 1 0.433 -0.338 2.263
39 2 0.429 -0.279 2.257
39 3 0.398 0.007 2.207
39 4 0.321 0.182 2.150
39 5 0.236 -0.099 2.303
39 6 0.235 -0.302 2.221
39 7 0.261 -0.457 2.100
39 8 0.277 -0.510 2.033
39 9 0.544 -0.063 2.156
39 10 0.589 -0.263 2.080
39 11 0.411 -0.459 2.010
39 12 0.345 -0.525 1.993
39 13 0.368 -0.424 2.306
39 14 0.275 -0.680 2.124
39 15 0.359 -0.967 2.108
39 16 0.328 -1.018 2.036
39 17 0.513 -0.403 2.242
39 18 0.467 -0.637 2.029
39 19 0.449 -0.939 2.011
39 20 0.422 -0.990 1.945
40 1 0.439 -0.366 2.274
40 2 0.437 -0.309 2.269
40 3 0.412 -0.033 2.227
40 4 0.326 0.157 2.165
40 5 0.252 -0.139 2.324
40 6 0.257 -0.349 2.237
40 7 0.272 -0.499 2.116
40 8 0.286 -0.543 2.050
40 9 0.553 -0.094 2.170
40 10 0.590 -0.293 2.089
40 11 0.406 -0.476 2.016
40 12 0.354 -0.535 2.001
40 13 0.373 -0.453 2.318
40 14 0.274 -0.686 2.120
40 15 0.385 -0.963 2.125
40 16 0.355 -1.011 2.056
40 17 0.520 -0.429 2.250
40 18 0.463 -0.660 2.025
40 19 0.414 -0.962 2.018
40 20 0.383 -1.009 1.951
41 1 0.447 -0.399 2.284
41 2 0.446 -0.343 2.280
41 3 0.427 -0.065 2.243
41 4 0.342 0.121 2.196
41 5 0.264 -0.171 2.343
41 6 0.271 -0.387 2.249
41 7 0.280 -0.521 2.119
41 8 0.295 -0.564 2.057
41 9 0.570 -0.134 2.191
41 10 0.593 -0.321 2.101
41 11 0.405 -0.488 2.023
41 12 0.349 -0.551 2.005
41 13 0.376 -0.485 2.326
41 14 0.271 -0.698 2.111
41 15 0.416 -0.937 2.152
41 16 0.387 -0.980 2.085
41 17 0.528 -0.464 2.258
41 18 0.460 -0.679 2.018
41 19 0.400 -0.972 2.043
41 20 0.368 -1.016 1.974
42 1 0.456 -0.429 2.294
42 2 0.457 -0.375 2.292
42 3 0.447 -0.102 2.272
42 4 0.363 0.085 2.227
42 5 0.283 -0.199 2.365
42 6 0.278 -0.405 2.257
42 7 0.284 -0.534 2.122
42 8 0.300 -0.579 2.063
42 9 0.588 -0.170 2.216
42 10 0.607 -0.362 2.131
42 11 0.488 -0.514 2.046
42 12 0.428 -0.579 2.021
42 13 0.381 -0.511 2.331
42 14 0.269 -0.707 2.101
42 15 0.430 -0.923 2.163
42 16 0.400 -0.963 2.095
42 17 0.536 -0.492 2.265
42 18 0.457 -0.690 2.013
42 19 0.367 -0.931 2.116
42 20 0.333 -0.970 2.045
43 1 0.464 -0.448 2.301
43 2 0.465 -0.395 2.300
43 3 0.463 -0.125 2.294
43 4 0.386 0.058 2.260
43 5 0.300 -0.218 2.387
43 6 0.283 -0.418 2.268
43 7 0.289 -0.541 2.124
43 8 0.304 -0.588 2.067
43 9 0.610 -0.199 2.242
43 10 0.616 -0.396 2.154
43 11 0.508 -0.532 2.072
43 12 0.478 -0.596 2.033
43 13 0.386 -0.530 2.335
43 14 0.268 -0.711 2.091
43 15 0.435 -0.913 2.169
43 16 0.404 -0.950 2.101
43 17 0.544 -0.512 2.270
43 18 0.456 -0.696 2.009
43 19 0.355 -0.914 2.142
43 20 0.320 -0.951 2.071
44 1 0.473 -0.465 2.308
44 2 0.477 -0.413 2.311
44 3 0.488 -0.149 2.327
44 4 0.412 0.035 2.294
44 5 0.319 -0.237 2.412
44 6 0.295 -0.423 2.306
44 7 0.292 -0.522 2.136
44 8 0.335 -0.588 2.026
44 9 0.634 -0.226 2.272
44 10 0.624 -0.422 2.175
44 11 0.519 -0.539 2.080
44 12 0.494 -0.604 2.037
44 13 0.391 -0.544 2.337
44 14 0.268 -0.714 2.084
44 15 0.382 -0.915 2.096
44 16 0.358 -0.863 2.096
44 17 0.554 -0.529 2.275
44 18 0.465 -0.703 2.004
44 19 0.347 -0.908 2.150
44 20 0.312 -0.943 2.077
45 1 0.478 -0.475 2.313
45 2 0.485 -0.424 2.322
45 3 0.501 -0.162 2.348
45 4 0.429 0.022 2.314
45 5 0.333 -0.251 2.427
45 6 0.301 -0.426 2.324
45 7 0.295 -0.509 2.142
45 8 0.355 -0.581 2.001
45 9 0.649 -0.242 2.292
45 10 0.632 -0.437 2.190
45 11 0.530 -0.548 2.092
45 12 0.507 -0.612 2.042
45 13 0.393 -0.552 2.339
45 14 0.268 -0.723 2.084
45 15 0.342 -0.933 2.049
45 16 0.349 -0.846 2.099
45 17 0.560 -0.539 2.279
45 18 0.490 -0.708 2.000
45 19 0.347 -0.902 2.147
45 20 0.312 -0.935 2.072
46 1 0.486 -0.481 2.324
46 2 0.496 -0.431 2.340
46 3 0.514 -0.168 2.369
46 4 0.449 0.016 2.336
46 5 0.341 -0.259 2.437
46 6 0.306 -0.428 2.337
46 7 0.298 -0.500 2.148
46 8 0.365 -0.574 1.991
46 9 0.664 -0.250 2.315
46 10 0.647 -0.443 2.211
46 11 0.540 -0.570 2.081
46 12 0.518 -0.626 2.037
46 13 0.395 -0.558 2.343
46 14 0.271 -0.731 2.089
46 15 0.390 -0.922 2.114
46 16 0.379 -0.886 2.103
46 17 0.568 -0.547 2.288
46 18 0.509 -0.706 2.002
46 19 0.355 -0.897 2.135
46 20 0.324 -0.930 2.057
47 1 0.494 -0.482 2.342
47 2 0.507 -0.432 2.364
47 3 0.525 -0.169 2.388
47 4 0.465 0.017 2.354
47 5 0.354 -0.259 2.452
47 6 0.314 -0.424 2.350
47 7 0.306 -0.491 2.158
47 8 0.379 -0.555 2.000
47 9 0.674 -0.252 2.332
47 10 0.660 -0.437 2.229
47 11 0.571 -0.571 2.110
47 12 0.543 -0.617 2.053
47 13 0.400 -0.559 2.355
47 14 0.278 -0.733 2.102
47 15 0.404 -0.933 2.141
47 16 0.389 -0.936 2.101
47 17 0.577 -0.551 2.304
47 18 0.528 -0.696 2.010
47 19 0.368 -0.895 2.115
47 20 0.338 -0.927 2.036
48 1 0.507 -0.476 2.366
48 2 0.520 -0.426 2.391
48 3 0.536 -0.161 2.408
48 4 0.479 0.023 2.369
48 5 0.364 -0.256 2.462
48 6 0.323 -0.419 2.365
48 7 0.316 -0.483 2.171
48 8 0.388 -0.542 2.011
48 9 0.687 -0.243 2.354
48 10 0.670 -0.432 2.241
48 11 0.583 -0.564 2.125
48 12 0.529 -0.582 2.078
48 13 0.409 -0.553 2.375
48 14 0.289 -0.728 2.120
48 15 0.408 -0.943 2.152
48 16 0.386 -0.979 2.090
48 17 0.591 -0.545 2.332
48 18 0.545 -0.671 2.029
48 19 0.389 -0.855 2.060
48 20 0.450 -0.822 1.998
49 1 0.519 -0.467 2.388
49 2 0.531 -0.417 2.414
49 3 0.545 -0.152 2.424
49 4 0.489 0.034 2.382
49 5 0.374 -0.246 2.475
49 6 0.335 -0.413 2.376
49 7 0.323 -0.479 2.179
49 8 0.402 -0.529 2.042
49 9 0.696 -0.233 2.370
49 10 0.685 -0.407 2.262
49 11 0.598 -0.538 2.147
49 12 0.549 -0.563 2.116
49 13 0.421 -0.543 2.397
49 14 0.305 -0.715 2.140
49 15 0.393 -0.964 2.154
49 16 0.362 -1.018 2.072
49 17 0.603 -0.538 2.354
49 18 0.552 -0.650 2.046
49 19 0.425 -0.873 2.032
49 20 0.450 -0.880 1.965
50 1 0.524 -0.462 2.398
50 2 0.537 -0.412 2.425
50 3 0.553 -0.140 2.440
50 4 0.502 0.049 2.396
50 5 0.381 -0.237 2.485
50 6 0.347 -0.406 2.384
50 7 0.350 -0.479 2.195
50 8 0.410 -0.527 2.049
50 9 0.703 -0.225 2.381
50 10 0.690 -0.399 2.270
50 11 0.602 -0.529 2.157
50 12 0.555 -0.557 2.127
50 13 0.427 -0.538 2.407
50 14 0.319 -0.683 2.138
50 15 0.347 -0.962 2.152
50 16 0.314 -1.018 2.061
50 17 0.609 -0.534 2.365
50 18 0.555 -0.639 2.054
50 19 0.444 -0.882 2.020
50 20 0.457 -0.901 1.947
51 1 0.528 -0.457 2.406
51 2 0.541 -0.407 2.435
51 3 0.559 -0.130 2.452
51 4 0.511 0.061 2.408
51 5 0.386 -0.230 2.491
51 6 0.355 -0.401 2.390
51 7 0.365 -0.481 2.207
51 8 0.417 -0.527 2.057
51 9 0.709 -0.215 2.392
51 10 0.702 -0.382 2.283
51 11 0.608 -0.508 2.172
51 12 0.562 -0.548 2.139
51 13 0.430 -0.533 2.414
51 14 0.326 -0.669 2.139
51 15 0.308 -0.960 2.146
51 16 0.277 -1.013 2.052
51 17 0.612 -0.530 2.373
51 18 0.557 -0.632 2.060
51 19 0.454 -0.886 2.011
51 20 0.459 -0.913 1.936
52 1 0.531 -0.453 2.412
52 2 0.544 -0.403 2.442
52 3 0.564 -0.123 2.461
52 4 0.519 0.068 2.417
52 5 0.390 -0.226 2.495
52 6 0.361 -0.398 2.394
52 7 0.376 -0.484 2.215
52 8 0.427 -0.523 2.088
52 9 0.716 -0.209 2.400
52 10 0.707 -0.374 2.290
52 11 0.615 -0.503 2.181
52 12 0.572 -0.546 2.149
52 13 0.433 -0.529 2.419
52 14 0.330 -0.661 2.140
52 15 0.288 -0.958 2.142
52 16 0.259 -1.010 2.046
52 17 0.615 -0.526 2.379
52 18 0.559 -0.626 2.064
52 19 0.460 -0.888 2.008
52 20 0.458 -0.920 1.933
53 1 0.534 -0.450 2.415
53 2 0.547 -0.400 2.446
53 3 0.567 -0.119 2.466
53 4 0.525 0.073 2.426
53 5 0.392 -0.223 2.498
53 6 0.365 -0.396 2.396
53 7 0.382 -0.485 2.219
53 8 0.432 -0.521 2.104
53 9 0.721 -0.204 2.408
53 10 0.711 -0.370 2.294
53 11 0.619 -0.500 2.189
53 12 0.577 -0.543 2.156
53 13 0.436 -0.526 2.421
53 14 0.331 -0.656 2.141
53 15 0.276 -0.957 2.139
53 16 0.248 -1.007 2.043
53 17 0.619 -0.522 2.382
53 18 0.561 -0.622 2.068
53 19 0.464 -0.890 2.005
53 20 0.458 -0.925 1.930
54 1 0.536 -0.448 2.417
54 2 0.549 -0.399 2.450
54 3 0.570 -0.116 2.470
54 4 0.530 0.076 2.433
54 5 0.394 -0.221 2.500
54 6 0.368 -0.395 2.398
54 7 0.386 -0.486 2.222
54 8 0.435 -0.519 2.113
54 9 0.726 -0.202 2.414
54 10 0.713 -0.367 2.298
54 11 0.624 -0.502 2.195
54 12 0.583 -0.545 2.162
54 13 0.438 -0.524 2.421
54 14 0.331 -0.653 2.140
54 15 0.268 -0.956 2.136
54 16 0.242 -1.003 2.041
54 17 0.622 -0.520 2.385
54 18 0.562 -0.619 2.070
54 19 0.467 -0.891 2.004
54 20 0.457 -0.927 1.928
55 1 0.539 -0.446 2.418
55 2 0.551 -0.398 2.452
55 3 0.573 -0.116 2.474
55 4 0.535 0.075 2.440
55 5 0.396 -0.220 2.501
55 6 0.370 -0.394 2.398
55 7 0.388 -0.487 2.224
55 8 0.437 -0.519 2.119
55 9 0.731 -0.203 2.421
55 10 0.718 -0.368 2.303
55 11 0.626 -0.501 2.199
55 12 0.587 -0.544 2.166
55 13 0.440 -0.523 2.420
55 14 0.329 -0.651 2.139
55 15 0.264 -0.954 2.134
55 16 0.241 -0.997 2.039
55 17 0.624 -0.518 2.386
55 18 0.564 -0.617 2.071
55 19 0.470 -0.891 2.003
55 20 0.457 -0.928 1.926
56 1 0.540 -0.446 2.419
56 2 0.552 -0.398 2.454
56 3 0.577 -0.117 2.478
56 4 0.540 0.071 2.448
56 5 0.399 -0.221 2.501
56 6 0.372 -0.394 2.398
56 7 0.388 -0.488 2.223
56 8 0.438 -0.518 2.124
56 9 0.736 -0.206 2.426
56 10 0.723 -0.372 2.308
56 11 0.628 -0.500 2.201
56 12 0.590 -0.544 2.169
56 13 0.442 -0.522 2.419
56 14 0.326 -0.650 2.137
56 15 0.262 -0.952 2.131
56 16 0.242 -0.992 2.038
56 17 0.625 -0.517 2.387
56 18 0.565 -0.616 2.072
56 19 0.471 -0.891 2.003
56 20 0.457 -0.928 1.926
57 1 0.542 -0.446 2.419
57 2 0.554 -0.399 2.455
57 3 0.582 -0.121 2.481
57 4 0.544 0.066 2.454
57 5 0.402 -0.224 2.500
57 6 0.373 -0.395 2.398
57 7 0.386 -0.489 2.221
57 8 0.439 -0.518 2.127
57 9 0.740 -0.211 2.431
57 10 0.725 -0.379 2.311
57 11 0.628 -0.503 2.201
57 12 0.592 -0.545 2.170
57 13 0.443 -0.522 2.417
57 14 0.320 -0.643 2.131
57 15 0.265 -0.941 2.126
57 16 0.248 -0.975 2.037
57 17 0.627 -0.517 2.388
57 18 0.566 -0.614 2.073
57 19 0.472 -0.889 2.005
57 20 0.456 -0.927 1.927
58 1 0.543 -0.447 2.419
58 2 0.555 -0.401 2.456
58 3 0.586 -0.126 2.484
58 4 0.548 0.062 2.459
58 5 0.404 -0.226 2.500
58 6 0.374 -0.396 2.397
58 7 0.383 -0.490 2.219
58 8 0.439 -0.518 2.128
58 9 0.743 -0.216 2.434
58 10 0.726 -0.385 2.312
58 11 0.629 -0.508 2.199
58 12 0.594 -0.547 2.170
58 13 0.443 -0.523 2.416
58 14 0.315 -0.638 2.127
58 15 0.268 -0.931 2.122
58 16 0.253 -0.962 2.036
58 17 0.628 -0.518 2.388
58 18 0.567 -0.613 2.073
58 19 0.472 -0.887 2.008
58 20 0.455 -0.924 1.929
59 1 0.544 -0.449 2.419
59 2 0.557 -0.404 2.457
59 3 0.590 -0.130 2.487
59 4 0.550 0.058 2.462
59 5 0.408 -0.230 2.499
59 6 0.375 -0.397 2.396
59 7 0.381 -0.490 2.217
59 8 0.439 -0.518 2.129
59 9 0.745 -0.220 2.436
59 10 0.727 -0.389 2.313
59 11 0.635 -0.516 2.194
59 12 0.599 -0.553 2.167
59 13 0.444 -0.524 2.415
59 14 0.312 -0.634 2.125
59 15 0.270 -0.923 2.119
59 16 0.257 -0.953 2.035
59 17 0.629 -0.520 2.389
59 18 0.568 -0.612 2.073
59 19 0.472 -0.885 2.010
59 20 0.454 -0.921 1.931
60 1 0.545 -0.451 2.419
60 2 0.558 -0.407 2.459
60 3 0.592 -0.133 2.488
60 4 0.552 0.055 2.464
60 5 0.411 -0.233 2.499
60 6 0.376 -0.398 2.395
60 7 0.378 -0.490 2.215
60 8 0.439 -0.518 2.130
60 9 0.747 -0.223 2.438
60 10 0.728 -0.393 2.313
60 11 0.642 -0.524 2.192
60 12 0.605 -0.559 2.165
60 13 0.444 -0.525 2.414
60 14 0.310 -0.632 2.124
60 15 0.273 -0.917 2.117
60 16 0.259 -0.947 2.034
60 17 0.629 -0.522 2.390
60 18 0.568 -0.611 2.073
60 19 0.472 -0.884 2.010
60 20 0.454 -0.920 1.931
61 1 0.546 -0.452 2.420
61 2 0.560 -0.409 2.460
61 3 0.594 -0.136 2.489
61 4 0.553 0.053 2.465
61 5 0.414 -0.235 2.499
61 6 0.377 -0.399 2.394
61 7 0.377 -0.490 2.214
61 8 0.438 -0.518 2.131
61 9 0.748 -0.226 2.439
61 10 0.728 -0.395 2.313
61 11 0.645 -0.529 2.190
61 12 0.609 -0.563 2.164
61 13 0.444 -0.526 2.413
61 14 0.309 -0.630 2.123
61 15 0.276 -0.912 2.116
61 16 0.262 -0.942 2.034
61 17 0.630 -0.524 2.391
61 18 0.569 -0.611 2.074
61 19 0.473 -0.883 2.010
61 20 0.455 -0.918 1.930
62 1 0.547 -0.454 2.420
62 2 0.561 -0.411 2.461
62 3 0.596 -0.138 2.490
62 4 0.554 0.051 2.465
62 5 0.416 -0.237 2.499
62 6 0.379 -0.401 2.395
62 7 0.375 -0.489 2.213
62 8 0.438 -0.518 2.131
62 9 0.749 -0.227 2.439
62 10 0.728 -0.397 2.313
62 11 0.648 -0.532 2.189
62 12 0.613 -0.567 2.162
62 13 0.444 -0.527 2.413
62 14 0.308 -0.629 2.123
62 15 0.279 -0.908 2.115
62 16 0.265 -0.938 2.034
62 17 0.631 -0.526 2.392
62 18 0.570 -0.610 2.074
62 19 0.473 -0.882 2.010
62 20 0.455 -0.917 1.930
63 1 0.547 -0.455 2.420
63 2 0.562 -0.413 2.462
63 3 0.597 -0.139 2.491
63 4 0.555 0.050 2.466
63 5 0.418 -0.238 2.499
63 6 0.381 -0.402 2.395
63 7 0.375 -0.489 2.213
63 8 0.437 -0.518 2.130
63 9 0.750 -0.228 2.440
63 10 0.727 -0.399 2.312
63 11 0.649 -0.534 2.188
63 12 0.614 -0.570 2.161
63 13 0.444 -0.528 2.413
63 14 0.307 -0.627 2.122
63 15 0.281 -0.906 2.115
63 16 0.267 -0.936 2.034
63 17 0.631 -0.527 2.392
63 18 0.570 -0.610 2.074
63 19 0.473 -0.881 2.010
63 20 0.456 -0.916 1.929
64 1 0.548 -0.456 2.421
64 2 0.562 -0.414 2.463
64 3 0.598 -0.140 2.491
64 4 0.556 0.049 2.466
64 5 0.419 -0.238 2.499
64 6 0.383 -0.403 2.395
64 7 0.374 -0.488 2.213
64 8 0.437 -0.518 2.129
64 9 0.750 -0.229 2.440
64 10 0.727 -0.400 2.312
64 11 0.649 -0.535 2.187
64 12 0.615 -0.571 2.160
64 13 0.444 -0.528 2.413
64 14 0.307 -0.627 2.122
64 15 0.283 -0.904 2.114
64 16 0.269 -0.934 2.034
64 17 0.631 -0.528 2.393
64 18 0.571 -0.610 2.075
64 19 0.511 -0.886 1.994
64 20 0.494 -0.920 1.913
65 1 0.548 -0.457 2.421
65 2 0.563 -0.415 2.464
65 3 0.598 -0.140 2.491
65 4 0.557 0.049 2.466
65 5 0.420 -0.239 2.499
65 6 0.384 -0.403 2.395
65 7 0.374 -0.487 2.212
65 8 0.437 -0.518 2.128
65 9 0.751 -0.230 2.440
65 10 0.727 -0.400 2.311
65 11 0.644 -0.531 2.186
65 12 0.614 -0.571 2.159
65 13 0.445 -0.529 2.413
65 14 0.307 -0.626 2.122
65 15 0.285 -0.902 2.114
65 16 0.270 -0.932 2.034
65 17 0.632 -0.529 2.393
65 18 0.571 -0.610 2.075
65 19 0.529 -0.889 1.985
65 20 0.512 -0.922 1.904
66 1 0.548 -0.457 2.421
66 2 0.563 -0.415 2.464
66 3 0.599 -0.141 2.491
66 4 0.558 0.049 2.465
66 5 0.422 -0.239 2.499
66 6 0.385 -0.404 2.395
66 7 0.373 -0.486 2.212
66 8 0.436 -0.518 2.127
66 9 0.751 -0.230 2.440
66 10 0.726 -0.400 2.311
66 11 0.642 -0.529 2.185
66 12 0.614 -0.571 2.158
66 13 0.445 -0.529 2.413
66 14 0.307 -0.625 2.123
66 15 0.287 -0.901 2.114
66 16 0.272 -0.931 2.034
66 17 0.632 -0.529 2.393
66 18 0.572 -0.610 2.075
66 19 0.522 -0.887 1.986
66 20 0.506 -0.920 1.905
67 1 0.549 -0.458 2.421
67 2 0.564 -0.416 2.465
67 3 0.600 -0.141 2.491
67 4 0.559 0.049 2.465
67 5 0.423 -0.239 2.499
67 6 0.386 -0.404 2.395
67 7 0.373 -0.485 2.212
67 8 0.436 -0.518 2.125
67 9 0.751 -0.230 2.439
67 10 0.728 -0.400 2.310
67 11 0.641 -0.527 2.186
67 12 0.613 -0.571 2.157
67 13 0.445 -0.529 2.413
67 14 0.306 -0.625 2.123
67 15 0.288 -0.900 2.114
67 16 0.273 -0.931 2.034
67 17 0.632 -0.530 2.394
67 18 0.572 -0.610 2.075
67 19 0.512 -0.886 1.990
67 20 0.497 -0.918 1.908
68 1 0.549 -0.458 2.421
68 2 0.564 -0.416 2.465
68 3 0.600 -0.141 2.491
68 4 0.562 0.049 2.464
68 5 0.423 -0.238 2.499
68 6 0.387 -0.404 2.395
68 7 0.373 -0.485 2.212
68 8 0.436 -0.518 2.124
68 9 0.752 -0.230 2.439
68 10 0.730 -0.398 2.310
68 11 0.640 -0.523 2.187
68 12 0.613 -0.569 2.158
68 13 0.445 -0.530 2.413
68 14 0.306 -0.624 2.123
68 15 0.289 -0.899 2.114
68 16 0.274 -0.930 2.034
68 17 0.632 -0.530 2.394
68 18 0.573 -0.610 2.075
68 19 0.503 -0.884 1.994
68 20 0.487 -0.916 1.913
69 1 0.549 -0.459 2.421
69 2 0.565 -0.416 2.465
69 3 0.601 -0.141 2.490
69 4 0.564 0.050 2.463
69 5 0.424 -0.238 2.499
69 6 0.388 -0.404 2.395
69 7 0.373 -0.484 2.211
69 8 0.436 -0.518 2.123
69 9 0.752 -0.230 2.438
69 10 0.732 -0.397 2.310
69 11 0.640 -0.521 2.188
69 12 0.613 -0.568 2.158
69 13 0.445 -0.530 2.413
69 14 0.307 -0.626 2.124
69 15 0.291 -0.901 2.114
69 16 0.275 -0.932 2.035
69 17 0.632 -0.530 2.394
69 18 0.573 -0.611 2.075
69 19 0.493 -0.883 1.998
69 20 0.478 -0.915 1.917
70 1 0.550 -0.459 2.421
70 2 0.565 -0.416 2.465
70 3 0.602 -0.140 2.490
70 4 0.566 0.051 2.461
70 5 0.425 -0.238 2.498
70 6 0.388 -0.405 2.392
70 7 0.373 -0.484 2.208
70 8 0.436 -0.518 2.122
70 9 0.753 -0.230 2.438
70 10 0.733 -0.396 2.310
70 11 0.640 -0.519 2.189
70 12 0.613 -0.567 2.158
70 13 0.446 -0.530 2.413
70 14 0.307 -0.627 2.125
70 15 0.292 -0.902 2.115
70 16 0.277 -0.933 2.035
70 17 0.632 -0.530 2.393
70 18 0.573 -0.611 2.075
70 19 0.489 -0.882 2.001
70 20 0.474 -0.915 1.920
71 1 0.550 -0.459 2.421
71 2 0.565 -0.417 2.465
71 3 0.603 -0.140 2.489
71 4 0.569 0.051 2.459
71 5 0.426 -0.237 2.497
71 6 0.388 -0.405 2.390
71 7 0.374 -0.484 2.206
71 8 0.436 -0.518 2.121
71 9 0.753 -0.230 2.437
71 10 0.734 -0.395 2.310
71 11 0.640 -0.518 2.190
71 12 0.613 -0.566 2.158
71 13 0.446 -0.530 2.413
71 14 0.307 -0.628 2.125
71 15 0.293 -0.902 2.115
71 16 0.278 -0.934 2.035
71 17 0.633 -0.531 2.393
71 18 0.573 -0.612 2.075
71 19 0.486 -0.882 2.002
71 20 0.471 -0.914 1.921
72 1 0.551 -0.459 2.420
72 2 0.566 -0.417 2.465
72 3 0.603 -0.139 2.488
72 4 0.570 0.052 2.458
72 5 0.427 -0.237 2.496
72 6 0.388 -0.406 2.387
72 7 0.375 -0.484 2.204
72 8 0.436 -0.518 2.121
72 9 0.753 -0.230 2.437
72 10 0.735 -0.395 2.310
72 11 0.640 -0.517 2.190
72 12 0.613 -0.566 2.158
72 13 0.447 -0.531 2.412
72 14 0.307 -0.628 2.126
72 15 0.294 -0.903 2.115
72 16 0.279 -0.935 2.036
72 17 0.633 -0.531 2.393
72 18 0.573 -0.612 2.075
72 19 0.483 -0.882 2.003
72 20 0.468 -0.914 1.922
73 1 0.551 -0.459 2.420
73 2 0.566 -0.417 2.465
73 3 0.604 -0.139 2.487
73 4 0.572 0.052 2.456
73 5 0.427 -0.236 2.495
73 6 0.388 -0.406 2.386
73 7 0.376 -0.484 2.202
73 8 0.436 -0.518 2.120
73 9 0.754 -0.230 2.436
73 10 0.735 -0.394 2.310
73 11 0.640 -0.517 2.190
73 12 0.612 -0.565 2.159
73 13 0.447 -0.531 2.412
73 14 0.307 -0.628 2.126
73 15 0.295 -0.903 2.116
73 16 0.280 -0.935 2.036
73 17 0.633 -0.531 2.393
73 18 0.573 -0.613 2.075
73 19 0.476 -0.881 2.009
73 20 0.462 -0.913 1.928
74 1 0.551 -0.460 2.420
74 2 0.566 -0.417 2.465
74 3 0.604 -0.138 2.486
74 4 0.573 0.053 2.455
74 5 0.428 -0.236 2.494
74 6 0.387 -0.406 2.383
74 7 0.377 -0.485 2.200
74 8 0.436 -0.518 2.119
74 9 0.754 -0.230 2.436
74 10 0.729 -0.399 2.304
74 11 0.637 -0.525 2.185
74 12 0.611 -0.568 2.156
74 13 0.448 -0.531 2.412
74 14 0.307 -0.630 2.127
74 15 0.296 -0.905 2.116
74 16 0.281 -0.937 2.036
74 17 0.633 -0.531 2.393
74 18 0.574 -0.613 2.075
74 19 0.473 -0.881 2.012
74 20 0.459 -0.913 1.931
75 1 0.552 -0.460 2.419
75 2 0.567 -0.417 2.465
75 3 0.604 -0.138 2.485
75 4 0.574 0.053 2.454
75 5 0.428 -0.235 2.492
75 6 0.386 -0.406 2.381
75 7 0.378 -0.486 2.198
75 8 0.436 -0.518 2.118
75 9 0.754 -0.230 2.435
75 10 0.726 -0.400 2.301
75 11 0.636 -0.528 2.184
75 12 0.609 -0.569 2.155
75 13 0.448 -0.531 2.412
75 14 0.307 -0.631 2.127
75 15 0.296 -0.906 2.116
75 16 0.281 -0.939 2.036
75 17 0.634 -0.532 2.393
75 18 0.574 -0.613 2.075
75 19 0.472 -0.881 2.012
75 20 0.458 -0.914 1.931
76 1 0.552 -0.460 2.419
76 2 0.567 -0.417 2.465
76 3 0.605 -0.137 2.484
76 4 0.575 0.053 2.453
76 5 0.428 -0.235 2.491
76 6 0.386 -0.406 2.380
76 7 0.379 -0.487 2.197
76 8 0.437 -0.518 2.117
76 9 0.755 -0.230 2.434
76 10 0.723 -0.401 2.298
76 11 0.634 -0.531 2.182
76 12 0.608 -0.571 2.154
76 13 0.448 -0.531 2.411
76 14 0.307 -0.632 2.128
76 15 0.297 -0.907 2.117
76 16 0.282 -0.940 2.037
76 17 0.634 -0.532 2.392
76 18 0.574 -0.614 2.075
76 19 0.462 -0.877 2.024
76 20 0.449 -0.910 1.943
77 1 0.552 -0.460 2.419
77 2 0.567 -0.417 2.465
77 3 0.605 -0.137 2.483
77 4 0.576 0.054 2.452
77 5 0.428 -0.234 2.490
77 6 0.385 -0.406 2.379
77 7 0.379 -0.487 2.197
77 8 0.437 -0.519 2.116
77 9 0.755 -0.230 2.434
77 10 0.721 -0.403 2.296
77 11 0.627 -0.530 2.179
77 12 0.603 -0.570 2.152
77 13 0.449 -0.531 2.411
77 14 0.307 -0.632 2.128
77 15 0.297 -0.908 2.117
77 16 0.283 -0.940 2.037
77 17 0.634 -0.532 2.392
77 18 0.574 -0.614 2.075
77 19 0.460 -0.877 2.024
77 20 0.447 -0.910 1.943
78 1 0.552 -0.460 2.419
78 2 0.567 -0.417 2.465
78 3 0.605 -0.136 2.482
78 4 0.576 0.054 2.452
78 5 0.428 -0.234 2.489
78 6 0.385 -0.406 2.378
78 7 0.379 -0.488 2.196
78 8 0.437 -0.519 2.114
78 9 0.755 -0.230 2.433
78 10 0.719 -0.404 2.294
78 11 0.627 -0.533 2.176
78 12 0.601 -0.572 2.150
78 13 0.449 -0.531 2.411
78 14 0.307 -0.633 2.128
78 15 0.297 -0.908 2.117
78 16 0.283 -0.941 2.037
78 17 0.634 -0.532 2.392
78 18 0.574 -0.615 2.075
78 19 0.458 -0.877 2.024
78 20 0.445 -0.910 1.943
79 1 0.552 -0.460 2.418
79 2 0.567 -0.417 2.464
79 3 0.605 -0.136 2.481
79 4 0.576 0.054 2.451
79 5 0.428 -0.233 2.489
79 6 0.385 -0.406 2.377
79 7 0.380 -0.488 2.196
79 8 0.437 -0.520 2.113
79 9 0.755 -0.230 2.433
79 10 0.718 -0.405 2.292
79 11 0.625 -0.534 2.175
79 12 0.599 -0.573 2.148
79 13 0.449 -0.531 2.411
79 14 0.307 -0.633 2.128
79 15 0.298 -0.908 2.118
79 16 0.283 -0.941 2.037
79 17 0.634 -0.532 2.392
79 18 0.573 -0.615 2.074
79 19 0.457 -0.877 2.025
79 20 0.444 -0.910 1.943
80 1 0.552 -0.460 2.418
80 2 0.567 -0.417 2.464
80 3 0.605 -0.135 2.480
80 4 0.576 0.054 2.451
80 5 0.428 -0.233 2.488
80 6 0.385 -0.406 2.377
80 7 0.380 -0.488 2.196
80 8 0.437 -0.520 2.113
80 9 0.755 -0.230 2.432
80 10 0.716 -0.406 2.291
80 11 0.622 -0.535 2.174
80 12 0.596 -0.574 2.147
80 13 0.449 -0.531 2.411
80 14 0.307 -0.633 2.128
80 15 0.298 -0.908 2.118
80 16 0.284 -0.941 2.037
80 17 0.634 -0.532 2.392
80 18 0.573 -0.616 2.074
80 19 0.456 -0.877 2.024
80 20 0.443 -0.910 1.943
81 1 0.552 -0.460 2.418
81 2 0.567 -0.417 2.464
81 3 0.604 -0.135 2.480
81 4 0.576 0.054 2.450
81 5 0.428 -0.233 2.487
81 6 0.384 -0.406 2.377
81 7 0.380 -0.489 2.195
81 8 0.437 -0.520 2.113
81 9 0.755 -0.230 2.432
81 10 0.716 -0.407 2.290
81 11 0.621 -0.535 2.174
81 12 0.595 -0.575 2.146
81 13 0.449 -0.531 2.410
81 14 0.307 -0.632 2.128
81 15 0.298 -0.908 2.118
81 16 0.284 -0.941 2.037
81 17 0.634 -0.533 2.391
81 18 0.573 -0.616 2.074
81 19 0.458 -0.879 2.023
81 20 0.445 -0.911 1.942
82 1 0.552 -0.460 2.418
82 2 0.567 -0.416 2.464
82 3 0.604 -0.135 2.479
82 4 0.576 0.054 2.450
82 5 0.428 -0.232 2.487
82 6 0.384 -0.406 2.376
82 7 0.380 -0.489 2.195
82 8 0.437 -0.520 2.112
82 9 0.755 -0.229 2.431
82 10 0.716 -0.406 2.290
82 11 0.621 -0.535 2.174
82 12 0.594 -0.575 2.146
82 13 0.449 -0.531 2.410
82 14 0.307 -0.632 2.128
82 15 0.298 -0.908 2.118
82 16 0.284 -0.941 2.038
82 17 0.634 -0.533 2.391
82 18 0.573 -0.617 2.074
82 19 0.470 -0.884 2.009
82 20 0.457 -0.917 1.928
83 1 0.553 -0.460 2.417
83 2 0.567 -0.416 2.464
83 3 0.604 -0.134 2.478
83 4 0.576 0.054 2.450
83 5 0.428 -0.232 2.486
83 6 0.384 -0.405 2.376
83 7 0.380 -0.489 2.195
83 8 0.437 -0.520 2.112
83 9 0.755 -0.229 2.431
83 10 0.717 -0.406 2.290
83 11 0.620 -0.533 2.175
83 12 0.593 -0.574 2.146
83 13 0.449 -0.531 2.410
83 14 0.306 -0.632 2.128
83 15 0.298 -0.908 2.118
83 16 0.285 -0.941 2.038
83 17 0.634 -0.533 2.391
83 18 0.573 -0.617 2.074
83 19 0.473 -0.886 2.006
83 20 0.460 -0.919 1.925
84 1 0.553 -0.460 2.417
84 2 0.567 -0.416 2.464
84 3 0.604 -0.134 2.478
84 4 0.575 0.054 2.449
84 5 0.428 -0.232 2.486
84 6 0.384 -0.405 2.376
84 7 0.380 -0.490 2.195
84 8 0.437 -0.520 2.112
84 9 0.755 -0.229 2.430
84 10 0.717 -0.405 2.290
84 11 0.620 -0.532 2.175
84 12 0.592 -0.574 2.146
84 13 0.449 -0.531 2.410
84 14 0.306 -0.631 2.127
84 15 0.299 -0.908 2.118
84 16 0.285 -0.941 2.038
84 17 0.634 -0.533 2.391
84 18 0.573 -0.617 2.074
84 19 0.475 -0.887 2.004
84 20 0.461 -0.920 1.923
85 1 0.553 -0.460 2.417
85 2 0.567 -0.416 2.463
85 3 0.603 -0.134 2.477
85 4 0.575 0.055 2.449
85 5 0.427 -0.232 2.486
85 6 0.383 -0.405 2.375
85 7 0.380 -0.490 2.195
85 8 0.437 -0.520 2.111
85 9 0.755 -0.229 2.430
85 10 0.718 -0.405 2.290
85 11 0.620 -0.532 2.176
85 12 0.591 -0.574 2.146
85 13 0.449 -0.532 2.410
85 14 0.306 -0.632 2.127
85 15 0.299 -0.908 2.118
85 16 0.285 -0.941 2.038
85 17 0.634 -0.533 2.391
85 18 0.573 -0.618 2.074
85 19 0.475 -0.887 2.003
85 20 0.462 -0.920 1.922
86 1 0.553 -0.460 2.417
86 2 0.567 -0.416 2.463
86 3 0.603 -0.134 2.477
86 4 0.574 0.055 2.449
86 5 0.427 -0.232 2.485
86 6 0.382 -0.405 2.375
86 7 0.380 -0.491 2.195
86 8 0.437 -0.520 2.111
86 9 0.755 -0.229 2.430
86 10 0.718 -0.404 2.291
86 11 0.620 -0.531 2.176
86 12 0.591 -0.573 2.146
86 13 0.449 -0.532 2.410
86 14 0.306 -0.632 2.127
86 15 0.299 -0.908 2.119
86 16 0.285 -0.941 2.038
86 17 0.634 -0.533 2.391
86 18 0.572 -0.618 2.074
86 19 0.473 -0.887 2.001
86 20 0.460 -0.920 1.920
87 1 0.552 -0.460 2.417
87 2 0.567 -0.416 2.463
87 3 0.602 -0.134 2.476
87 4 0.573 0.055 2.449
87 5 0.426 -0.232 2.485
87 6 0.382 -0.405 2.374
87 7 0.380 -0.491 2.195
87 8 0.437 -0.520 2.111
87 9 0.755 -0.229 2.429
87 10 0.719 -0.404 2.292
87 11 0.621 -0.530 2.177
87 12 0.591 -0.573 2.146
87 13 0.449 -0.532 2.410
87 14 0.306 -0.632 2.127
87 15 0.299 -0.908 2.119
87 16 0.285 -0.941 2.038
87 17 0.634 -0.533 2.391
87 18 0.572 -0.618 2.074
87 19 0.481 -0.890 1.998
87 20 0.467 -0.923 1.917
88 1 0.552 -0.460 2.416
88 2 0.567 -0.416 2.463
88 3 0.602 -0.134 2.476
88 4 0.572 0.055 2.449
88 5 0.425 -0.232 2.485
88 6 0.381 -0.405 2.374
88 7 0.380 -0.491 2.195
88 8 0.437 -0.520 2.111
88 9 0.755 -0.229 2.429
88 10 0.720 -0.403 2.292
88 11 0.621 -0.529 2.178
88 12 0.591 -0.573 2.146
88 13 0.449 -0.532 2.410
88 14 0.306 -0.632 2.127
88 15 0.299 -0.908 2.119
88 16 0.285 -0.941 2.038
88 17 0.634 -0.533 2.390
88 18 0.572 -0.618 2.074
88 19 0.486 -0.892 1.992
88 20 0.472 -0.924 1.911
89 1 0.552 -0.461 2.416
89 2 0.567 -0.416 2.463
89 3 0.601 -0.134 2.476
89 4 0.571 0.055 2.449
89 5 0.424 -0.232 2.485
89 6 0.381 -0.406 2.374
89 7 0.380 -0.492 2.195
89 8 0.437 -0.520 2.111
89 9 0.754 -0.229 2.429
89 10 0.721 -0.402 2.294
89 11 0.624 -0.528 2.180
89 12 0.592 -0.572 2.147
89 13 0.449 -0.532 2.409
89 14 0.306 -0.632 2.127
89 15 0.299 -0.908 2.119
89 16 0.285 -0.941 2.038
89 17 0.634 -0.533 2.390
89 18 0.572 -0.619 2.074
89 19 0.486 -0.892 1.993
89 20 0.472 -0.925 1.912
90 1 0.552 -0.461 2.416
90 2 0.567 -0.416 2.463
90 3 0.600 -0.134 2.476
90 4 0.570 0.055 2.449
90 5 0.423 -0.233 2.485
90 6 0.380 -0.405 2.373
90 7 0.380 -0.492 2.194
90 8 0.437 -0.520 2.111
90 9 0.754 -0.229 2.428
90 10 0.722 -0.402 2.295
90 11 0.626 -0.528 2.181
90 12 0.593 -0.572 2.148
90 13 0.449 -0.532 2.409
90 14 0.306 -0.632 2.127
90 15 0.299 -0.909 2.119
90 16 0.285 -0.942 2.038
90 17 0.634 -0.533 2.390
90 18 0.572 -0.619 2.074
90 19 0.486 -0.892 1.994
90 20 0.471 -0.925 1.914
91 1 0.552 -0.461 2.416
91 2 0.567 -0.416 2.463
91 3 0.599 -0.134 2.476
91 4 0.569 0.055 2.449
91 5 0.422 -0.234 2.485
91 6 0.380 -0.405 2.373
91 7 0.380 -0.492 2.194
91 8 0.437 -0.520 2.111
91 9 0.753 -0.229 2.428
91 10 0.722 -0.401 2.295
91 11 0.626 -0.528 2.181
91 12 0.593 -0.572 2.148
91 13 0.449 -0.532 2.409
91 14 0.306 -0.633 2.127
91 15 0.300 -0.909 2.119
91 16 0.286 -0.942 2.039
91 17 0.634 -0.534 2.390
91 18 0.572 -0.619 2.074
91 19 0.484 -0.892 1.996
91 20 0.470 -0.925 1.916
92 1 0.552 -0.461 2.416
92 2 0.567 -0.416 2.463
92 3 0.599 -0.134 2.476
92 4 0.568 0.055 2.449
92 5 0.421 -0.234 2.485
92 6 0.379 -0.405 2.373
92 7 0.380 -0.493 2.194
92 8 0.436 -0.520 2.111
92 9 0.753 -0.229 2.428
92 10 0.722 -0.401 2.296
92 11 0.626 -0.527 2.182
92 12 0.593 -0.572 2.148
92 13 0.448 -0.532 2.409
92 14 0.306 -0.635 2.127
92 15 0.300 -0.911 2.120
92 16 0.286 -0.943 2.039
92 17 0.633 -0.534 2.390
92 18 0.572 -0.619 2.074
92 19 0.484 -0.892 1.996
92 20 0.470 -0.925 1.916
93 1 0.552 -0.461 2.416
93 2 0.567 -0.416 2.463
93 3 0.598 -0.134 2.476
93 4 0.567 0.055 2.449
93 5 0.419 -0.235 2.486
93 6 0.379 -0.405 2.373
93 7 0.380 -0.493 2.195
93 8 0.436 -0.520 2.111
93 9 0.753 -0.230 2.427
93 10 0.722 -0.401 2.296
93 11 0.626 -0.527 2.182
93 12 0.593 -0.571 2.148
93 13 0.448 -0.532 2.409
93 14 0.306 -0.635 2.127
93 15 0.300 -0.911 2.120
93 16 0.286 -0.944 2.039
93 17 0.633 -0.534 2.390
93 18 0.572 -0.619 2.073
93 19 0.485 -0.892 1.997
93 20 0.470 -0.925 1.916
94 1 0.551 -0.461 2.416
94 2 0.566 -0.416 2.462
94 3 0.597 -0.134 2.476
94 4 0.566 0.055 2.450
94 5 0.418 -0.235 2.486
94 6 0.378 -0.405 2.373
94 7 0.380 -0.493 2.195
94 8 0.436 -0.520 2.112
94 9 0.752 -0.230 2.427
94 10 0.722 -0.401 2.296
94 11 0.626 -0.527 2.182
94 12 0.593 -0.571 2.148
94 13 0.448 -0.532 2.409
94 14 0.306 -0.635 2.127
94 15 0.300 -0.911 2.120
94 16 0.286 -0.944 2.040
94 17 0.633 -0.534 2.389
94 18 0.572 -0.619 2.073
94 19 0.475 -0.888 2.005
94 20 0.461 -0.921 1.925
95 1 0.551 -0.461 2.415
95 2 0.566 -0.416 2.462
95 3 0.596 -0.134 2.476
95 4 0.565 0.055 2.450
95 5 0.417 -0.235 2.487
95 6 0.378 -0.405 2.373
95 7 0.380 -0.493 2.195
95 8 0.436 -0.520 2.112
95 9 0.752 -0.230 2.427
95 10 0.722 -0.401 2.296
95 11 0.626 -0.527 2.182
95 12 0.593 -0.571 2.149
95 13 0.448 -0.533 2.409
95 14 0.306 -0.635 2.126
95 15 0.299 -0.911 2.120
95 16 0.285 -0.944 2.039
95 17 0.633 -0.534 2.389
95 18 0.572 -0.619 2.073
95 19 0.469 -0.885 2.011
95 20 0.454 -0.918 1.931
96 1 0.551 -0.461 2.415
96 2 0.566 -0.416 2.462
96 3 0.595 -0.134 2.477
96 4 0.564 0.055 2.451
96 5 0.416 -0.235 2.487
96 6 0.378 -0.405 2.373
96 7 0.380 -0.493 2.195
96 8 0.436 -0.520 2.112
96 9 0.752 -0.230 2.427
96 10 0.722 -0.401 2.296
96 11 0.626 -0.527 2.182
96 12 0.593 -0.571 2.149
96 13 0.447 -0.533 2.409
96 14 0.306 -0.635 2.126
96 15 0.298 -0.911 2.120
96 16 0.284 -0.944 2.039
96 17 0.633 -0.534 2.389
96 18 0.571 -0.619 2.073
96 19 0.463 -0.883 2.017
96 20 0.448 -0.916 1.936
97 1 0.550 -0.461 2.415
97 2 0.565 -0.416 2.462
97 3 0.595 -0.134 2.477
97 4 0.563 0.055 2.451
97 5 0.416 -0.236 2.487
97 6 0.377 -0.405 2.373
97 7 0.380 -0.493 2.195
97 8 0.436 -0.520 2.112
97 9 0.751 -0.230 2.427
97 10 0.722 -0.401 2.297
97 11 0.626 -0.527 2.182
97 12 0.593 -0.571 2.149
97 13 0.447 -0.533 2.408
97 14 0.305 -0.635 2.126
97 15 0.297 -0.911 2.120
97 16 0.283 -0.944 2.039
97 17 0.632 -0.534 2.389
97 18 0.571 -0.619 2.073
97 19 0.434 -0.821 2.012
97 20 0.482 -0.811 1.977
