1 1 0.255 -0.005 1.895
1 2 0.249 0.034 1.941
1 3 0.244 0.285 1.948
1 4 0.258 0.527 1.962
1 5 0.088 0.294 1.938
1 6 0.033 0.042 1.926
1 7 0.024 -0.156 1.866
1 8 0.029 -0.234 1.857
1 9 0.393 0.286 1.972
1 10 0.437 0.042 1.951
1 11 0.450 -0.161 1.876
1 12 0.446 -0.235 1.849
1 13 0.194 -0.072 1.871
1 14 0.165 -0.464 1.890
1 15 0.174 -0.704 1.886
1 16 0.187 -0.732 1.803
1 17 0.323 -0.071 1.890
1 18 0.337 -0.472 1.895
1 19 0.342 -0.715 1.901
1 20 0.347 -0.750 1.832
2 1 0.258 -0.004 1.894
2 2 0.251 0.035 1.940
2 3 0.248 0.286 1.947
2 4 0.261 0.529 1.961
2 5 0.092 0.294 1.938
2 6 0.039 0.042 1.926
2 7 0.031 -0.154 1.867
2 8 0.038 -0.227 1.858
2 9 0.397 0.286 1.971
2 10 0.439 0.042 1.950
2 11 0.451 -0.161 1.874
2 12 0.447 -0.235 1.847
2 13 0.196 -0.071 1.870
2 14 0.167 -0.464 1.889
2 15 0.175 -0.704 1.886
2 16 0.188 -0.731 1.802
2 17 0.325 -0.070 1.889
2 18 0.338 -0.471 1.895
2 19 0.343 -0.715 1.901
2 20 0.350 -0.747 1.824
3 1 0.260 -0.003 1.893
3 2 0.254 0.036 1.939
3 3 0.251 0.287 1.946
3 4 0.265 0.530 1.960
3 5 0.098 0.295 1.938
3 6 0.044 0.042 1.926
3 7 0.038 -0.152 1.867
3 8 0.048 -0.225 1.856
3 9 0.400 0.286 1.971
3 10 0.441 0.042 1.949
3 11 0.453 -0.160 1.873
3 12 0.448 -0.234 1.845
3 13 0.198 -0.071 1.869
3 14 0.168 -0.463 1.889
3 15 0.176 -0.704 1.886
3 16 0.189 -0.731 1.802
3 17 0.327 -0.070 1.887
3 18 0.340 -0.470 1.895
3 19 0.343 -0.715 1.901
3 20 0.352 -0.745 1.819
4 1 0.263 -0.003 1.892
4 2 0.256 0.036 1.938
4 3 0.254 0.288 1.945
4 4 0.269 0.532 1.959
4 5 0.104 0.295 1.937
4 6 0.049 0.042 1.924
4 7 0.044 -0.151 1.866
4 8 0.055 -0.222 1.854
4 9 0.403 0.286 1.971
4 10 0.444 0.042 1.949
4 11 0.455 -0.160 1.872
4 12 0.450 -0.233 1.845
4 13 0.200 -0.070 1.867
4 14 0.170 -0.463 1.889
4 15 0.177 -0.704 1.886
4 16 0.189 -0.731 1.802
4 17 0.329 -0.070 1.887
4 18 0.341 -0.469 1.895
4 19 0.344 -0.715 1.900
4 20 0.353 -0.744 1.816
5 1 0.265 -0.003 1.891
5 2 0.258 0.037 1.937
5 3 0.257 0.289 1.945
5 4 0.273 0.533 1.958
5 5 0.109 0.295 1.937
5 6 0.053 0.042 1.923
5 7 0.050 -0.150 1.864
5 8 0.060 -0.220 1.852
5 9 0.406 0.286 1.970
5 10 0.446 0.042 1.948
5 11 0.457 -0.159 1.871
5 12 0.452 -0.232 1.844
5 13 0.202 -0.070 1.866
5 14 0.172 -0.463 1.889
5 15 0.178 -0.704 1.886
5 16 0.184 -0.752 1.829
5 17 0.331 -0.069 1.886
5 18 0.342 -0.468 1.895
5 19 0.345 -0.714 1.899
5 20 0.354 -0.743 1.814
6 1 0.266 -0.003 1.890
6 2 0.260 0.037 1.936
6 3 0.260 0.290 1.944
6 4 0.276 0.534 1.958
6 5 0.114 0.295 1.936
6 6 0.056 0.043 1.922
6 7 0.054 -0.149 1.861
6 8 0.064 -0.221 1.848
6 9 0.408 0.285 1.970
6 10 0.449 0.042 1.949
6 11 0.459 -0.159 1.871
6 12 0.453 -0.232 1.844
6 13 0.204 -0.069 1.865
6 14 0.173 -0.463 1.889
6 15 0.179 -0.704 1.885
6 16 0.181 -0.762 1.841
6 17 0.332 -0.069 1.885
6 18 0.343 -0.468 1.895
6 19 0.345 -0.714 1.898
6 20 0.355 -0.743 1.812
7 1 0.269 -0.003 1.889
7 2 0.262 0.037 1.936
7 3 0.262 0.291 1.944
7 4 0.279 0.535 1.957
7 5 0.118 0.295 1.935
7 6 0.059 0.043 1.920
7 7 0.058 -0.150 1.858
7 8 0.068 -0.221 1.843
7 9 0.410 0.285 1.970
7 10 0.452 0.042 1.949
7 11 0.461 -0.158 1.871
7 12 0.456 -0.231 1.845
7 13 0.206 -0.069 1.864
7 14 0.175 -0.462 1.889
7 15 0.180 -0.704 1.885
7 16 0.179 -0.766 1.847
7 17 0.334 -0.069 1.885
7 18 0.344 -0.468 1.895
7 19 0.346 -0.714 1.898
7 20 0.356 -0.742 1.811
8 1 0.271 -0.003 1.888
8 2 0.264 0.037 1.935
8 3 0.265 0.292 1.944
8 4 0.281 0.535 1.957
8 5 0.121 0.295 1.935
8 6 0.062 0.044 1.919
8 7 0.062 -0.149 1.853
8 8 0.070 -0.222 1.838
8 9 0.412 0.284 1.970
8 10 0.454 0.041 1.950
8 11 0.463 -0.158 1.872
8 12 0.458 -0.231 1.845
8 13 0.209 -0.069 1.863
8 14 0.177 -0.462 1.889
8 15 0.181 -0.704 1.885
8 16 0.188 -0.752 1.827
8 17 0.336 -0.069 1.884
8 18 0.344 -0.467 1.894
8 19 0.346 -0.713 1.897
8 20 0.356 -0.742 1.810
9 1 0.273 -0.003 1.888
9 2 0.266 0.037 1.934
9 3 0.266 0.292 1.944
9 4 0.284 0.536 1.956
9 5 0.124 0.295 1.934
9 6 0.063 0.044 1.918
9 7 0.066 -0.151 1.846
9 8 0.072 -0.221 1.832
9 9 0.414 0.284 1.970
9 10 0.457 0.042 1.951
9 11 0.465 -0.157 1.873
9 12 0.460 -0.230 1.847
9 13 0.211 -0.069 1.863
9 14 0.178 -0.462 1.889
9 15 0.181 -0.704 1.885
9 16 0.193 -0.744 1.817
9 17 0.337 -0.070 1.884
9 18 0.345 -0.467 1.894
9 19 0.346 -0.713 1.896
9 20 0.357 -0.742 1.810
10 1 0.275 -0.004 1.887
10 2 0.268 0.036 1.934
10 3 0.268 0.293 1.944
10 4 0.286 0.536 1.956
10 5 0.126 0.294 1.934
10 6 0.065 0.045 1.916
10 7 0.069 -0.152 1.841
10 8 0.075 -0.220 1.826
10 9 0.415 0.284 1.969
10 10 0.459 0.042 1.952
10 11 0.467 -0.157 1.874
10 12 0.462 -0.230 1.848
10 13 0.213 -0.069 1.862
10 14 0.179 -0.462 1.889
10 15 0.182 -0.704 1.884
10 16 0.196 -0.740 1.811
10 17 0.339 -0.070 1.883
10 18 0.346 -0.466 1.894
10 19 0.347 -0.713 1.896
10 20 0.357 -0.742 1.810
11 1 0.277 -0.004 1.887
11 2 0.270 0.036 1.933
11 3 0.270 0.293 1.944
11 4 0.287 0.537 1.956
11 5 0.128 0.294 1.933
11 6 0.066 0.046 1.915
11 7 0.071 -0.152 1.838
11 8 0.076 -0.220 1.821
11 9 0.416 0.283 1.969
11 10 0.461 0.043 1.953
11 11 0.469 -0.157 1.875
11 12 0.464 -0.230 1.850
11 13 0.215 -0.069 1.861
11 14 0.181 -0.462 1.889
11 15 0.183 -0.704 1.884
11 16 0.198 -0.738 1.807
11 17 0.341 -0.070 1.883
11 18 0.347 -0.466 1.893
11 19 0.347 -0.712 1.895
11 20 0.358 -0.741 1.810
12 1 0.278 -0.005 1.886
12 2 0.271 0.036 1.933
12 3 0.271 0.294 1.944
12 4 0.289 0.537 1.956
12 5 0.130 0.294 1.933
12 6 0.067 0.046 1.914
12 7 0.073 -0.152 1.835
12 8 0.079 -0.219 1.817
12 9 0.417 0.283 1.969
12 10 0.463 0.043 1.954
12 11 0.471 -0.157 1.876
12 12 0.465 -0.230 1.851
12 13 0.217 -0.069 1.861
12 14 0.182 -0.462 1.889
12 15 0.184 -0.704 1.884
12 16 0.199 -0.736 1.805
12 17 0.342 -0.070 1.882
12 18 0.348 -0.465 1.893
12 19 0.348 -0.712 1.894
12 20 0.358 -0.741 1.810
13 1 0.280 -0.005 1.886
13 2 0.273 0.036 1.933
13 3 0.273 0.295 1.944
13 4 0.291 0.538 1.956
13 5 0.131 0.294 1.932
13 6 0.068 0.047 1.913
13 7 0.074 -0.152 1.832
13 8 0.080 -0.219 1.813
13 9 0.418 0.282 1.969
13 10 0.465 0.043 1.955
13 11 0.472 -0.157 1.877
13 12 0.467 -0.230 1.852
13 13 0.219 -0.069 1.860
13 14 0.183 -0.461 1.889
13 15 0.185 -0.705 1.884
13 16 0.200 -0.735 1.804
13 17 0.344 -0.071 1.882
13 18 0.349 -0.465 1.893
13 19 0.348 -0.712 1.894
13 20 0.359 -0.741 1.810
14 1 0.282 -0.005 1.886
14 2 0.274 0.036 1.933
14 3 0.274 0.295 1.944
14 4 0.292 0.539 1.956
14 5 0.132 0.294 1.932
14 6 0.068 0.048 1.912
14 7 0.075 -0.151 1.830
14 8 0.082 -0.218 1.811
14 9 0.419 0.282 1.969
14 10 0.466 0.044 1.955
14 11 0.473 -0.157 1.878
14 12 0.468 -0.231 1.853
14 13 0.221 -0.069 1.860
14 14 0.184 -0.461 1.889
14 15 0.186 -0.705 1.884
14 16 0.201 -0.734 1.803
14 17 0.346 -0.071 1.882
14 18 0.349 -0.464 1.893
14 19 0.349 -0.712 1.894
14 20 0.359 -0.741 1.810
15 1 0.283 -0.006 1.886
15 2 0.276 0.036 1.933
15 3 0.275 0.296 1.944
15 4 0.294 0.540 1.955
15 5 0.133 0.294 1.931
15 6 0.069 0.048 1.910
15 7 0.076 -0.151 1.828
15 8 0.083 -0.217 1.809
15 9 0.419 0.282 1.968
15 10 0.467 0.044 1.956
15 11 0.474 -0.157 1.878
15 12 0.469 -0.231 1.855
15 13 0.222 -0.069 1.860
15 14 0.185 -0.461 1.889
15 15 0.187 -0.705 1.884
15 16 0.202 -0.734 1.802
15 17 0.347 -0.071 1.882
15 18 0.350 -0.464 1.893
15 19 0.349 -0.711 1.893
15 20 0.360 -0.741 1.810
16 1 0.284 -0.006 1.885
16 2 0.277 0.035 1.932
16 3 0.276 0.297 1.944
16 4 0.295 0.540 1.955
16 5 0.134 0.294 1.931
16 6 0.070 0.049 1.909
16 7 0.077 -0.150 1.827
16 8 0.084 -0.217 1.807
16 9 0.420 0.282 1.968
16 10 0.468 0.045 1.957
16 11 0.475 -0.157 1.879
16 12 0.470 -0.231 1.855
16 13 0.224 -0.069 1.859
16 14 0.185 -0.461 1.889
16 15 0.188 -0.705 1.884
16 16 0.203 -0.734 1.802
16 17 0.348 -0.072 1.882
16 18 0.351 -0.463 1.892
16 19 0.349 -0.711 1.893
16 20 0.360 -0.741 1.810
17 1 0.285 -0.006 1.885
17 2 0.278 0.035 1.932
17 3 0.277 0.298 1.944
17 4 0.296 0.541 1.955
17 5 0.135 0.294 1.930
17 6 0.071 0.049 1.907
17 7 0.078 -0.150 1.826
17 8 0.085 -0.216 1.806
17 9 0.421 0.281 1.968
17 10 0.469 0.045 1.957
17 11 0.476 -0.157 1.880
17 12 0.471 -0.231 1.856
17 13 0.225 -0.069 1.859
17 14 0.186 -0.461 1.889
17 15 0.189 -0.706 1.884
17 16 0.203 -0.734 1.802
17 17 0.349 -0.072 1.882
17 18 0.351 -0.463 1.892
17 19 0.349 -0.711 1.893
17 20 0.361 -0.741 1.811
18 1 0.286 -0.006 1.885
18 2 0.279 0.035 1.932
18 3 0.279 0.299 1.944
18 4 0.298 0.542 1.955
18 5 0.136 0.294 1.930
18 6 0.071 0.050 1.906
18 7 0.078 -0.149 1.825
18 8 0.085 -0.216 1.806
18 9 0.421 0.281 1.968
18 10 0.470 0.046 1.957
18 11 0.476 -0.157 1.880
18 12 0.472 -0.231 1.857
18 13 0.226 -0.069 1.859
18 14 0.186 -0.461 1.889
18 15 0.190 -0.706 1.884
18 16 0.204 -0.734 1.802
18 17 0.350 -0.072 1.882
18 18 0.352 -0.463 1.892
18 19 0.350 -0.711 1.893
18 20 0.361 -0.741 1.811
19 1 0.287 -0.007 1.885
19 2 0.279 0.035 1.932
19 3 0.279 0.299 1.944
19 4 0.299 0.543 1.954
19 5 0.136 0.294 1.929
19 6 0.072 0.050 1.905
19 7 0.079 -0.149 1.825
19 8 0.086 -0.215 1.805
19 9 0.421 0.281 1.967
19 10 0.470 0.046 1.958
19 11 0.477 -0.157 1.881
19 12 0.472 -0.231 1.858
19 13 0.227 -0.070 1.859
19 14 0.187 -0.461 1.889
19 15 0.191 -0.706 1.884
19 16 0.205 -0.735 1.802
19 17 0.351 -0.072 1.883
19 18 0.352 -0.462 1.892
19 19 0.350 -0.711 1.892
19 20 0.361 -0.741 1.811
20 1 0.288 -0.007 1.885
20 2 0.280 0.035 1.932
20 3 0.280 0.300 1.944
20 4 0.300 0.543 1.954
20 5 0.137 0.294 1.929
20 6 0.073 0.050 1.904
20 7 0.079 -0.148 1.825
20 8 0.086 -0.215 1.805
20 9 0.422 0.281 1.967
20 10 0.471 0.046 1.958
20 11 0.477 -0.157 1.881
20 12 0.473 -0.232 1.859
20 13 0.227 -0.070 1.859
20 14 0.187 -0.461 1.889
20 15 0.191 -0.706 1.884
20 16 0.205 -0.735 1.803
20 17 0.352 -0.072 1.883
20 18 0.353 -0.462 1.892
20 19 0.350 -0.711 1.892
20 20 0.362 -0.741 1.811
21 1 0.288 -0.007 1.885
21 2 0.281 0.035 1.932
21 3 0.281 0.301 1.944
21 4 0.301 0.544 1.953
21 5 0.137 0.294 1.928
21 6 0.073 0.050 1.903
21 7 0.080 -0.148 1.824
21 8 0.087 -0.215 1.804
21 9 0.422 0.281 1.967
21 10 0.472 0.046 1.959
21 11 0.478 -0.158 1.882
21 12 0.474 -0.232 1.859
21 13 0.228 -0.070 1.859
21 14 0.188 -0.461 1.889
21 15 0.192 -0.707 1.884
21 16 0.205 -0.736 1.803
21 17 0.353 -0.073 1.883
21 18 0.353 -0.462 1.892
21 19 0.351 -0.711 1.892
21 20 0.362 -0.741 1.812
22 1 0.289 -0.007 1.885
22 2 0.281 0.035 1.932
22 3 0.282 0.303 1.944
22 4 0.302 0.546 1.953
22 5 0.138 0.295 1.928
22 6 0.073 0.051 1.902
22 7 0.080 -0.148 1.824
22 8 0.087 -0.214 1.804
22 9 0.422 0.281 1.967
22 10 0.472 0.046 1.959
22 11 0.478 -0.158 1.882
22 12 0.474 -0.232 1.860
22 13 0.228 -0.070 1.859
22 14 0.188 -0.461 1.889
22 15 0.192 -0.707 1.884
22 16 0.206 -0.737 1.804
22 17 0.354 -0.073 1.883
22 18 0.353 -0.461 1.892
22 19 0.351 -0.711 1.892
22 20 0.363 -0.741 1.812
23 1 0.289 -0.007 1.885
23 2 0.282 0.035 1.932
23 3 0.283 0.304 1.944
23 4 0.303 0.547 1.952
23 5 0.138 0.295 1.927
23 6 0.074 0.051 1.902
23 7 0.080 -0.148 1.824
23 8 0.087 -0.214 1.804
23 9 0.422 0.281 1.967
23 10 0.473 0.047 1.959
23 11 0.479 -0.158 1.883
23 12 0.475 -0.232 1.861
23 13 0.229 -0.070 1.859
23 14 0.188 -0.461 1.889
23 15 0.193 -0.707 1.885
23 16 0.206 -0.737 1.804
23 17 0.354 -0.073 1.883
23 18 0.353 -0.461 1.892
23 19 0.351 -0.711 1.892
23 20 0.363 -0.742 1.812
24 1 0.290 -0.007 1.886
24 2 0.282 0.035 1.933
24 3 0.283 0.306 1.944
24 4 0.303 0.549 1.950
24 5 0.139 0.295 1.927
24 6 0.074 0.051 1.901
24 7 0.080 -0.147 1.824
24 8 0.088 -0.213 1.804
24 9 0.423 0.281 1.967
24 10 0.474 0.047 1.960
24 11 0.479 -0.158 1.884
24 12 0.475 -0.232 1.862
24 13 0.229 -0.070 1.859
24 14 0.188 -0.461 1.889
24 15 0.193 -0.707 1.885
24 16 0.219 -0.760 1.853
24 17 0.355 -0.073 1.884
24 18 0.354 -0.461 1.892
24 19 0.351 -0.711 1.892
24 20 0.363 -0.742 1.812
25 1 0.291 -0.007 1.886
25 2 0.283 0.035 1.933
25 3 0.284 0.308 1.944
25 4 0.303 0.552 1.948
25 5 0.139 0.295 1.927
25 6 0.074 0.051 1.901
25 7 0.080 -0.147 1.824
25 8 0.088 -0.213 1.804
25 9 0.423 0.281 1.967
25 10 0.474 0.047 1.960
25 11 0.480 -0.157 1.885
25 12 0.476 -0.232 1.863
25 13 0.230 -0.070 1.859
25 14 0.189 -0.461 1.889
25 15 0.193 -0.707 1.885
25 16 0.216 -0.756 1.841
25 17 0.356 -0.073 1.884
25 18 0.354 -0.461 1.892
25 19 0.351 -0.711 1.892
25 20 0.364 -0.742 1.812
26 1 0.291 -0.007 1.886
26 2 0.284 0.036 1.933
26 3 0.285 0.312 1.945
26 4 0.304 0.555 1.944
26 5 0.140 0.296 1.927
26 6 0.075 0.052 1.900
26 7 0.081 -0.147 1.824
26 8 0.088 -0.212 1.805
26 9 0.424 0.281 1.967
26 10 0.475 0.047 1.960
26 11 0.481 -0.157 1.886
26 12 0.476 -0.232 1.864
26 13 0.231 -0.070 1.860
26 14 0.189 -0.460 1.889
26 15 0.193 -0.708 1.885
26 16 0.214 -0.752 1.830
26 17 0.357 -0.073 1.885
26 18 0.354 -0.461 1.892
26 19 0.352 -0.711 1.892
26 20 0.364 -0.742 1.812
27 1 0.293 -0.007 1.887
27 2 0.285 0.037 1.934
27 3 0.287 0.316 1.945
27 4 0.304 0.559 1.939
27 5 0.140 0.296 1.927
27 6 0.076 0.052 1.900
27 7 0.081 -0.146 1.824
27 8 0.089 -0.211 1.805
27 9 0.426 0.282 1.967
27 10 0.475 0.047 1.960
27 11 0.482 -0.157 1.888
27 12 0.477 -0.232 1.866
27 13 0.232 -0.070 1.861
27 14 0.189 -0.460 1.889
27 15 0.194 -0.708 1.884
27 16 0.212 -0.748 1.821
27 17 0.359 -0.072 1.886
27 18 0.354 -0.461 1.893
27 19 0.352 -0.711 1.892
27 20 0.364 -0.742 1.812
28 1 0.295 -0.006 1.889
28 2 0.287 0.039 1.936
28 3 0.289 0.320 1.946
28 4 0.305 0.563 1.931
28 5 0.142 0.297 1.927
28 6 0.078 0.053 1.901
28 7 0.082 -0.146 1.824
28 8 0.090 -0.210 1.806
28 9 0.430 0.284 1.967
28 10 0.476 0.048 1.961
28 11 0.483 -0.156 1.890
28 12 0.478 -0.231 1.868
28 13 0.233 -0.070 1.863
28 14 0.189 -0.460 1.889
28 15 0.194 -0.708 1.884
28 16 0.211 -0.746 1.815
28 17 0.361 -0.072 1.888
28 18 0.355 -0.460 1.893
28 19 0.352 -0.711 1.892
28 20 0.364 -0.742 1.813
29 1 0.297 -0.005 1.891
29 2 0.290 0.041 1.938
29 3 0.292 0.324 1.946
29 4 0.306 0.565 1.919
29 5 0.143 0.299 1.927
29 6 0.081 0.054 1.902
29 7 0.084 -0.144 1.826
29 8 0.092 -0.209 1.807
29 9 0.435 0.287 1.968
29 10 0.477 0.048 1.962
29 11 0.484 -0.156 1.892
29 12 0.479 -0.231 1.870
29 13 0.235 -0.069 1.867
29 14 0.190 -0.460 1.890
29 15 0.194 -0.708 1.884
29 16 0.210 -0.744 1.812
29 17 0.364 -0.071 1.891
29 18 0.355 -0.460 1.894
29 19 0.352 -0.711 1.892
29 20 0.364 -0.742 1.813
30 1 0.300 -0.004 1.895
30 2 0.293 0.043 1.942
30 3 0.295 0.329 1.947
30 4 0.306 0.567 1.910
30 5 0.145 0.300 1.929
30 6 0.086 0.055 1.905
30 7 0.088 -0.142 1.829
30 8 0.095 -0.207 1.810
30 9 0.440 0.289 1.969
30 10 0.480 0.049 1.963
30 11 0.486 -0.155 1.895
30 12 0.481 -0.230 1.873
30 13 0.238 -0.068 1.872
30 14 0.191 -0.459 1.891
30 15 0.194 -0.708 1.884
30 16 0.209 -0.743 1.810
30 17 0.367 -0.070 1.895
30 18 0.356 -0.460 1.895
30 19 0.352 -0.711 1.892
30 20 0.364 -0.742 1.813
31 1 0.304 -0.002 1.900
31 2 0.297 0.046 1.946
31 3 0.298 0.332 1.948
31 4 0.307 0.568 1.901
31 5 0.148 0.302 1.930
31 6 0.094 0.057 1.910
31 7 0.093 -0.140 1.835
31 8 0.100 -0.205 1.816
31 9 0.447 0.292 1.970
31 10 0.483 0.050 1.965
31 11 0.488 -0.155 1.899
31 12 0.484 -0.229 1.878
31 13 0.240 -0.067 1.880
31 14 0.192 -0.458 1.894
31 15 0.194 -0.708 1.885
31 16 0.209 -0.743 1.808
31 17 0.371 -0.069 1.900
31 18 0.357 -0.459 1.898
31 19 0.352 -0.711 1.892
31 20 0.364 -0.742 1.813
32 1 0.307 -0.001 1.906
32 2 0.301 0.049 1.951
32 3 0.302 0.336 1.949
32 4 0.308 0.568 1.892
32 5 0.152 0.304 1.934
32 6 0.102 0.058 1.916
32 7 0.100 -0.136 1.846
32 8 0.107 -0.202 1.825
32 9 0.454 0.294 1.970
32 10 0.487 0.051 1.967
32 11 0.491 -0.154 1.903
32 12 0.486 -0.229 1.883
32 13 0.243 -0.066 1.890
32 14 0.193 -0.456 1.898
32 15 0.196 -0.709 1.886
32 16 0.208 -0.742 1.808
32 17 0.375 -0.068 1.905
32 18 0.359 -0.458 1.901
32 19 0.353 -0.711 1.892
32 20 0.364 -0.742 1.813
33 1 0.311 0.000 1.912
33 2 0.306 0.051 1.956
33 3 0.306 0.339 1.949
33 4 0.309 0.566 1.880
33 5 0.158 0.305 1.938
33 6 0.111 0.058 1.925
33 7 0.109 -0.136 1.857
33 8 0.114 -0.201 1.836
33 9 0.461 0.296 1.970
33 10 0.493 0.051 1.969
33 11 0.497 -0.153 1.910
33 12 0.491 -0.228 1.889
33 13 0.246 -0.066 1.901
33 14 0.195 -0.455 1.905
33 15 0.197 -0.709 1.888
33 16 0.208 -0.742 1.808
33 17 0.379 -0.068 1.910
33 18 0.361 -0.457 1.906
33 19 0.354 -0.711 1.893
33 20 0.364 -0.743 1.814
34 1 0.314 0.001 1.919
34 2 0.311 0.053 1.961
34 3 0.322 0.368 1.951
34 4 0.309 0.564 1.868
34 5 0.164 0.307 1.944
34 6 0.122 0.058 1.935
34 7 0.117 -0.137 1.869
34 8 0.122 -0.199 1.851
34 9 0.468 0.297 1.968
34 10 0.500 0.052 1.971
34 11 0.502 -0.152 1.915
34 12 0.494 -0.227 1.895
34 13 0.248 -0.067 1.915
34 14 0.198 -0.454 1.913
34 15 0.197 -0.710 1.889
34 16 0.207 -0.743 1.810
34 17 0.382 -0.068 1.915
34 18 0.365 -0.457 1.913
34 19 0.355 -0.712 1.894
34 20 0.364 -0.744 1.816
35 1 0.318 0.001 1.926
35 2 0.316 0.056 1.967
35 3 0.330 0.380 1.952
35 4 0.308 0.561 1.858
35 5 0.172 0.308 1.952
35 6 0.131 0.057 1.947
35 7 0.129 -0.135 1.893
35 8 0.131 -0.195 1.869
35 9 0.477 0.298 1.965
35 10 0.512 0.053 1.973
35 11 0.507 -0.151 1.920
35 12 0.498 -0.226 1.900
35 13 0.251 -0.067 1.930
35 14 0.200 -0.453 1.922
35 15 0.198 -0.712 1.892
35 16 0.195 -0.765 1.844
35 17 0.385 -0.068 1.920
35 18 0.368 -0.457 1.919
35 19 0.356 -0.713 1.896
35 20 0.364 -0.745 1.817
36 1 0.321 0.001 1.935
36 2 0.321 0.058 1.972
36 3 0.334 0.385 1.952
36 4 0.304 0.554 1.846
36 5 0.179 0.309 1.960
36 6 0.142 0.058 1.965
36 7 0.138 -0.136 1.910
36 8 0.140 -0.193 1.891
36 9 0.485 0.299 1.960
36 10 0.523 0.053 1.973
36 11 0.512 -0.150 1.925
36 12 0.503 -0.225 1.907
36 13 0.253 -0.067 1.946
36 14 0.203 -0.453 1.930
36 15 0.198 -0.713 1.894
36 16 0.192 -0.775 1.859
36 17 0.388 -0.068 1.926
36 18 0.371 -0.457 1.925
36 19 0.358 -0.713 1.897
36 20 0.362 -0.768 1.851
37 1 0.325 0.001 1.943
37 2 0.326 0.060 1.977
37 3 0.338 0.389 1.951
37 4 0.300 0.546 1.838
37 5 0.186 0.309 1.969
37 6 0.154 0.057 1.986
37 7 0.146 -0.139 1.926
37 8 0.151 -0.198 1.909
37 9 0.493 0.298 1.953
37 10 0.535 0.053 1.971
37 11 0.519 -0.149 1.929
37 12 0.508 -0.225 1.915
37 13 0.254 -0.068 1.961
37 14 0.205 -0.453 1.937
37 15 0.197 -0.716 1.898
37 16 0.189 -0.778 1.865
37 17 0.391 -0.069 1.933
37 18 0.375 -0.457 1.930
37 19 0.359 -0.714 1.899
37 20 0.361 -0.778 1.865
38 1 0.327 -0.000 1.953
38 2 0.330 0.061 1.980
38 3 0.342 0.389 1.949
38 4 0.295 0.537 1.831
38 5 0.192 0.305 1.980
38 6 0.162 0.056 2.003
38 7 0.152 -0.143 1.939
38 8 0.161 -0.202 1.931
38 9 0.499 0.296 1.945
38 10 0.546 0.053 1.968
38 11 0.524 -0.149 1.932
38 12 0.513 -0.225 1.920
38 13 0.256 -0.070 1.977
38 14 0.207 -0.453 1.944
38 15 0.194 -0.719 1.903
38 16 0.188 -0.780 1.868
38 17 0.394 -0.071 1.941
38 18 0.377 -0.457 1.934
38 19 0.361 -0.715 1.900
38 20 0.362 -0.783 1.872
39 1 0.329 -0.002 1.962
39 2 0.333 0.061 1.983
39 3 0.347 0.385 1.946
39 4 0.290 0.528 1.827
39 5 0.198 0.300 1.991
39 6 0.169 0.055 2.020
39 7 0.156 -0.147 1.953
39 8 0.165 -0.204 1.943
39 9 0.502 0.293 1.936
39 10 0.557 0.054 1.962
39 11 0.532 -0.147 1.935
39 12 0.520 -0.223 1.926
39 13 0.256 -0.072 1.991
39 14 0.209 -0.454 1.951
39 15 0.191 -0.722 1.907
39 16 0.188 -0.779 1.868
39 17 0.395 -0.073 1.949
39 18 0.380 -0.458 1.939
39 19 0.362 -0.716 1.902
39 20 0.363 -0.786 1.877
40 1 0.330 -0.004 1.970
40 2 0.336 0.061 1.986
40 3 0.350 0.379 1.942
40 4 0.286 0.521 1.824
40 5 0.203 0.295 2.000
40 6 0.174 0.052 2.034
40 7 0.159 -0.150 1.965
40 8 0.168 -0.207 1.952
40 9 0.504 0.290 1.928
40 10 0.565 0.054 1.956
40 11 0.538 -0.145 1.936
40 12 0.526 -0.221 1.930
40 13 0.257 -0.073 2.002
40 14 0.211 -0.455 1.958
40 15 0.185 -0.728 1.914
40 16 0.187 -0.777 1.868
40 17 0.395 -0.076 1.956
40 18 0.382 -0.459 1.945
40 19 0.362 -0.718 1.904
40 20 0.365 -0.789 1.881
41 1 0.330 -0.007 1.978
41 2 0.338 0.059 1.988
41 3 0.352 0.374 1.939
41 4 0.281 0.514 1.823
41 5 0.207 0.291 2.008
41 6 0.178 0.051 2.044
41 7 0.159 -0.154 1.978
41 8 0.168 -0.209 1.960
41 9 0.505 0.287 1.920
41 10 0.572 0.055 1.950
41 11 0.543 -0.144 1.936
41 12 0.530 -0.220 1.933
41 13 0.257 -0.075 2.012
41 14 0.214 -0.457 1.967
41 15 0.179 -0.733 1.921
41 16 0.184 -0.778 1.870
41 17 0.394 -0.079 1.963
41 18 0.384 -0.460 1.950
41 19 0.363 -0.720 1.907
41 20 0.367 -0.791 1.883
42 1 0.330 -0.010 1.985
42 2 0.339 0.057 1.991
42 3 0.355 0.369 1.937
42 4 0.276 0.509 1.824
42 5 0.212 0.287 2.014
42 6 0.182 0.049 2.055
42 7 0.158 -0.157 1.991
42 8 0.163 -0.212 1.974
42 9 0.504 0.284 1.915
42 10 0.576 0.056 1.944
42 11 0.547 -0.143 1.936
42 12 0.533 -0.220 1.934
42 13 0.257 -0.077 2.021
42 14 0.217 -0.459 1.977
42 15 0.175 -0.739 1.931
42 16 0.175 -0.781 1.875
42 17 0.393 -0.082 1.971
42 18 0.384 -0.461 1.956
42 19 0.364 -0.723 1.914
42 20 0.352 -0.781 1.872
43 1 0.329 -0.014 1.992
43 2 0.340 0.055 1.994
43 3 0.357 0.365 1.935
43 4 0.271 0.504 1.826
43 5 0.216 0.284 2.019
43 6 0.185 0.048 2.068
43 7 0.157 -0.159 2.002
43 8 0.159 -0.214 1.984
43 9 0.502 0.281 1.910
43 10 0.579 0.059 1.938
43 11 0.551 -0.142 1.935
43 12 0.536 -0.219 1.935
43 13 0.256 -0.079 2.033
43 14 0.220 -0.463 1.991
43 15 0.171 -0.749 1.950
43 16 0.176 -0.791 1.891
43 17 0.390 -0.085 1.977
43 18 0.385 -0.463 1.963
43 19 0.365 -0.731 1.929
43 20 0.347 -0.780 1.872
44 1 0.326 -0.018 2.000
44 2 0.338 0.048 2.000
44 3 0.355 0.318 1.940
44 4 0.265 0.492 1.836
44 5 0.219 0.282 2.023
44 6 0.187 0.047 2.078
44 7 0.157 -0.160 2.015
44 8 0.154 -0.216 2.000
44 9 0.500 0.278 1.906
44 10 0.580 0.062 1.931
44 11 0.555 -0.143 1.933
44 12 0.538 -0.219 1.935
44 13 0.256 -0.081 2.044
44 14 0.222 -0.468 2.004
44 15 0.170 -0.758 1.972
44 16 0.175 -0.803 1.913
44 17 0.383 -0.089 1.985
44 18 0.384 -0.481 1.980
44 19 0.366 -0.738 1.942
44 20 0.343 -0.779 1.872
45 1 0.324 -0.019 2.008
45 2 0.336 0.045 2.005
45 3 0.356 0.318 1.939
45 4 0.260 0.489 1.840
45 5 0.227 0.302 2.027
45 6 0.194 0.076 2.085
45 7 0.155 -0.161 2.029
45 8 0.151 -0.216 2.013
45 9 0.498 0.276 1.903
45 10 0.582 0.066 1.926
45 11 0.559 -0.143 1.931
45 12 0.542 -0.220 1.933
45 13 0.255 -0.079 2.055
45 14 0.225 -0.475 2.020
45 15 0.170 -0.768 1.999
45 16 0.178 -0.822 1.951
45 17 0.378 -0.092 1.991
45 18 0.382 -0.496 1.991
45 19 0.366 -0.744 1.952
45 20 0.329 -0.796 1.925
46 1 0.321 -0.021 2.014
46 2 0.334 0.041 2.010
46 3 0.353 0.299 1.943
46 4 0.256 0.483 1.847
46 5 0.230 0.299 2.037
46 6 0.195 0.070 2.096
46 7 0.154 -0.161 2.042
46 8 0.145 -0.216 2.031
46 9 0.496 0.274 1.901
46 10 0.583 0.069 1.922
46 11 0.562 -0.144 1.927
46 12 0.545 -0.221 1.930
46 13 0.254 -0.080 2.063
46 14 0.220 -0.502 2.049
46 15 0.173 -0.777 2.024
46 16 0.161 -0.827 1.970
46 17 0.373 -0.093 1.996
46 18 0.380 -0.507 1.998
46 19 0.367 -0.749 1.960
46 20 0.317 -0.806 1.966
47 1 0.320 -0.022 2.019
47 2 0.333 0.039 2.013
47 3 0.356 0.322 1.946
47 4 0.251 0.483 1.851
47 5 0.232 0.295 2.043
47 6 0.196 0.065 2.106
47 7 0.153 -0.162 2.055
47 8 0.143 -0.217 2.040
47 9 0.494 0.273 1.900
47 10 0.583 0.072 1.919
47 11 0.565 -0.145 1.924
47 12 0.549 -0.221 1.926
47 13 0.253 -0.080 2.069
47 14 0.217 -0.516 2.065
47 15 0.179 -0.784 2.046
47 16 0.156 -0.830 1.981
47 17 0.370 -0.095 2.000
47 18 0.379 -0.516 2.003
47 19 0.368 -0.753 1.967
47 20 0.312 -0.809 1.979
48 1 0.318 -0.024 2.024
48 2 0.330 0.035 2.018
48 3 0.352 0.309 1.955
48 4 0.248 0.480 1.858
48 5 0.233 0.291 2.048
48 6 0.196 0.058 2.115
48 7 0.153 -0.162 2.066
48 8 0.141 -0.217 2.053
48 9 0.491 0.272 1.900
48 10 0.583 0.074 1.918
48 11 0.567 -0.145 1.922
48 12 0.552 -0.222 1.922
48 13 0.253 -0.081 2.074
48 14 0.216 -0.523 2.075
48 15 0.186 -0.791 2.068
48 16 0.153 -0.834 1.998
48 17 0.367 -0.096 2.005
48 18 0.379 -0.521 2.006
48 19 0.369 -0.756 1.973
48 20 0.323 -0.806 1.949
49 1 0.316 -0.025 2.028
49 2 0.328 0.033 2.022
49 3 0.349 0.301 1.960
49 4 0.246 0.479 1.865
49 5 0.233 0.288 2.053
49 6 0.196 0.053 2.122
49 7 0.152 -0.162 2.075
49 8 0.141 -0.217 2.068
49 9 0.489 0.272 1.901
49 10 0.584 0.075 1.917
49 11 0.569 -0.146 1.920
49 12 0.554 -0.223 1.918
49 13 0.253 -0.081 2.078
49 14 0.215 -0.528 2.083
49 15 0.191 -0.796 2.088
49 16 0.151 -0.836 2.011
49 17 0.364 -0.097 2.009
49 18 0.378 -0.524 2.008
49 19 0.370 -0.759 1.977
49 20 0.327 -0.805 1.936
50 1 0.315 -0.026 2.033
50 2 0.326 0.030 2.026
50 3 0.348 0.297 1.963
50 4 0.244 0.478 1.871
50 5 0.232 0.286 2.056
50 6 0.196 0.050 2.127
50 7 0.152 -0.162 2.081
50 8 0.140 -0.218 2.077
50 9 0.485 0.271 1.904
50 10 0.584 0.076 1.918
50 11 0.570 -0.146 1.918
50 12 0.555 -0.223 1.916
50 13 0.252 -0.082 2.082
50 14 0.214 -0.531 2.089
50 15 0.194 -0.799 2.100
50 16 0.152 -0.839 2.026
50 17 0.362 -0.098 2.012
50 18 0.378 -0.527 2.010
50 19 0.370 -0.760 1.980
50 20 0.330 -0.804 1.927
51 1 0.313 -0.028 2.038
51 2 0.324 0.028 2.030
51 3 0.346 0.294 1.967
51 4 0.242 0.478 1.878
51 5 0.231 0.284 2.061
51 6 0.195 0.047 2.131
51 7 0.152 -0.162 2.087
51 8 0.140 -0.218 2.083
51 9 0.482 0.271 1.908
51 10 0.584 0.077 1.920
51 11 0.571 -0.146 1.917
51 12 0.556 -0.223 1.914
51 13 0.252 -0.084 2.086
51 14 0.212 -0.531 2.096
51 15 0.196 -0.802 2.112
51 16 0.153 -0.841 2.043
51 17 0.360 -0.099 2.016
51 18 0.378 -0.528 2.011
51 19 0.370 -0.761 1.982
51 20 0.332 -0.803 1.922
52 1 0.311 -0.028 2.042
52 2 0.322 0.027 2.034
52 3 0.345 0.292 1.971
52 4 0.239 0.480 1.887
52 5 0.229 0.282 2.066
52 6 0.194 0.046 2.134
52 7 0.151 -0.162 2.092
52 8 0.139 -0.218 2.088
52 9 0.477 0.272 1.915
52 10 0.584 0.076 1.925
52 11 0.571 -0.146 1.917
52 12 0.557 -0.223 1.912
52 13 0.251 -0.085 2.092
52 14 0.210 -0.530 2.103
52 15 0.198 -0.803 2.123
52 16 0.154 -0.842 2.057
52 17 0.358 -0.100 2.019
52 18 0.378 -0.526 2.011
52 19 0.371 -0.762 1.984
52 20 0.333 -0.803 1.919
53 1 0.308 -0.029 2.049
53 2 0.318 0.026 2.040
53 3 0.342 0.292 1.978
53 4 0.237 0.483 1.897
53 5 0.226 0.281 2.074
53 6 0.193 0.045 2.137
53 7 0.150 -0.161 2.097
53 8 0.137 -0.218 2.092
53 9 0.472 0.272 1.923
53 10 0.582 0.075 1.934
53 11 0.571 -0.147 1.917
53 12 0.557 -0.224 1.912
53 13 0.248 -0.086 2.098
53 14 0.208 -0.525 2.111
53 15 0.199 -0.803 2.130
53 16 0.155 -0.842 2.066
53 17 0.355 -0.100 2.024
53 18 0.377 -0.521 2.012
53 19 0.371 -0.763 1.985
53 20 0.334 -0.803 1.917
54 1 0.305 -0.028 2.055
54 2 0.315 0.026 2.046
54 3 0.339 0.292 1.986
54 4 0.235 0.486 1.908
54 5 0.212 0.279 2.097
54 6 0.191 0.045 2.140
54 7 0.148 -0.161 2.101
54 8 0.135 -0.217 2.096
54 9 0.468 0.273 1.934
54 10 0.578 0.068 1.955
54 11 0.569 -0.147 1.921
54 12 0.556 -0.224 1.913
54 13 0.245 -0.088 2.105
54 14 0.205 -0.527 2.121
54 15 0.199 -0.803 2.136
54 16 0.156 -0.842 2.072
54 17 0.352 -0.101 2.029
54 18 0.376 -0.517 2.012
54 19 0.371 -0.763 1.985
54 20 0.334 -0.803 1.915
55 1 0.301 -0.028 2.062
55 2 0.310 0.028 2.054
55 3 0.331 0.334 2.009
55 4 0.231 0.493 1.918
55 5 0.206 0.278 2.107
55 6 0.184 0.043 2.145
55 7 0.144 -0.161 2.106
55 8 0.133 -0.217 2.099
55 9 0.464 0.273 1.946
55 10 0.573 0.065 1.972
55 11 0.562 -0.148 1.934
55 12 0.552 -0.224 1.920
55 13 0.239 -0.089 2.113
55 14 0.204 -0.528 2.126
55 15 0.200 -0.803 2.139
55 16 0.156 -0.842 2.076
55 17 0.349 -0.101 2.034
55 18 0.375 -0.515 2.013
55 19 0.371 -0.763 1.986
55 20 0.334 -0.803 1.914
56 1 0.296 -0.027 2.070
56 2 0.304 0.030 2.062
56 3 0.326 0.357 2.022
56 4 0.227 0.498 1.927
56 5 0.201 0.279 2.114
56 6 0.175 0.041 2.151
56 7 0.140 -0.161 2.110
56 8 0.130 -0.217 2.101
56 9 0.458 0.274 1.962
56 10 0.567 0.063 1.990
56 11 0.552 -0.148 1.954
56 12 0.543 -0.224 1.936
56 13 0.233 -0.089 2.120
56 14 0.203 -0.530 2.130
56 15 0.200 -0.804 2.142
56 16 0.157 -0.842 2.079
56 17 0.346 -0.100 2.040
56 18 0.373 -0.513 2.015
56 19 0.371 -0.764 1.987
56 20 0.346 -0.810 1.925
57 1 0.291 -0.027 2.079
57 2 0.298 0.033 2.071
57 3 0.322 0.367 2.030
57 4 0.224 0.502 1.934
57 5 0.192 0.280 2.124
57 6 0.162 0.038 2.159
57 7 0.136 -0.162 2.113
57 8 0.127 -0.218 2.103
57 9 0.449 0.273 1.980
57 10 0.557 0.060 2.018
57 11 0.543 -0.148 1.973
57 12 0.534 -0.224 1.956
57 13 0.227 -0.090 2.127
57 14 0.202 -0.532 2.134
57 15 0.200 -0.804 2.143
57 16 0.157 -0.842 2.080
57 17 0.342 -0.100 2.049
57 18 0.371 -0.512 2.017
57 19 0.371 -0.764 1.987
57 20 0.322 -0.809 1.989
58 1 0.286 -0.026 2.088
58 2 0.292 0.036 2.081
58 3 0.315 0.372 2.043
58 4 0.221 0.504 1.942
58 5 0.182 0.282 2.131
58 6 0.146 0.036 2.167
58 7 0.131 -0.163 2.116
58 8 0.123 -0.219 2.104
58 9 0.442 0.273 1.998
58 10 0.544 0.057 2.045
58 11 0.533 -0.147 1.995
58 12 0.525 -0.221 1.977
58 13 0.222 -0.090 2.132
58 14 0.201 -0.535 2.136
58 15 0.199 -0.805 2.143
58 16 0.157 -0.843 2.081
58 17 0.339 -0.099 2.059
58 18 0.369 -0.513 2.021
58 19 0.370 -0.765 1.989
58 20 0.303 -0.809 2.033
59 1 0.282 -0.026 2.097
59 2 0.287 0.037 2.090
59 3 0.305 0.371 2.057
59 4 0.217 0.506 1.949
59 5 0.165 0.284 2.138
59 6 0.135 0.035 2.173
59 7 0.127 -0.165 2.117
59 8 0.120 -0.221 2.104
59 9 0.433 0.273 2.019
59 10 0.531 0.051 2.073
59 11 0.522 -0.145 2.019
59 12 0.516 -0.218 1.996
59 13 0.217 -0.090 2.137
59 14 0.201 -0.538 2.138
59 15 0.198 -0.806 2.143
59 16 0.159 -0.844 2.080
59 17 0.337 -0.098 2.073
59 18 0.366 -0.515 2.026
59 19 0.368 -0.766 1.991
59 20 0.297 -0.809 2.048
60 1 0.278 -0.026 2.108
60 2 0.282 0.038 2.101
60 3 0.291 0.366 2.071
60 4 0.212 0.507 1.957
60 5 0.147 0.284 2.144
60 6 0.121 0.032 2.177
60 7 0.122 -0.167 2.119
60 8 0.115 -0.228 2.103
60 9 0.424 0.273 2.039
60 10 0.517 0.044 2.098
60 11 0.511 -0.144 2.042
60 12 0.505 -0.218 2.018
60 13 0.214 -0.091 2.142
60 14 0.201 -0.537 2.140
60 15 0.197 -0.807 2.140
60 16 0.153 -0.851 2.092
60 17 0.338 -0.097 2.093
60 18 0.364 -0.518 2.033
60 19 0.366 -0.768 1.992
60 20 0.293 -0.809 2.058
61 1 0.276 -0.027 2.121
61 2 0.278 0.037 2.113
61 3 0.279 0.360 2.082
61 4 0.208 0.508 1.965
61 5 0.123 0.279 2.147
61 6 0.108 0.027 2.178
61 7 0.116 -0.170 2.120
61 8 0.112 -0.234 2.102
61 9 0.415 0.273 2.060
61 10 0.502 0.039 2.122
61 11 0.498 -0.149 2.067
61 12 0.495 -0.219 2.040
61 13 0.211 -0.093 2.148
61 14 0.202 -0.534 2.140
61 15 0.196 -0.808 2.138
61 16 0.150 -0.856 2.100
61 17 0.342 -0.097 2.117
61 18 0.363 -0.509 2.056
61 19 0.365 -0.768 1.994
61 20 0.291 -0.809 2.059
62 1 0.274 -0.029 2.136
62 2 0.274 0.035 2.127
62 3 0.269 0.354 2.089
62 4 0.203 0.509 1.974
62 5 0.106 0.273 2.147
62 6 0.091 0.017 2.175
62 7 0.111 -0.173 2.121
62 8 0.109 -0.242 2.102
62 9 0.406 0.272 2.078
62 10 0.489 0.036 2.141
62 11 0.489 -0.153 2.084
62 12 0.483 -0.219 2.065
62 13 0.209 -0.096 2.157
62 14 0.202 -0.530 2.141
62 15 0.195 -0.809 2.135
62 16 0.150 -0.860 2.105
62 17 0.345 -0.097 2.140
62 18 0.364 -0.504 2.070
62 19 0.364 -0.769 1.995
62 20 0.323 -0.810 1.986
63 1 0.272 -0.031 2.151
63 2 0.271 0.033 2.140
63 3 0.260 0.349 2.096
63 4 0.199 0.510 1.983
63 5 0.094 0.266 2.146
63 6 0.079 0.009 2.170
63 7 0.105 -0.177 2.121
63 8 0.107 -0.249 2.102
63 9 0.400 0.271 2.091
63 10 0.479 0.033 2.155
63 11 0.481 -0.159 2.101
63 12 0.476 -0.219 2.082
63 13 0.206 -0.100 2.167
63 14 0.202 -0.525 2.144
63 15 0.195 -0.809 2.134
63 16 0.150 -0.862 2.108
63 17 0.346 -0.097 2.159
63 18 0.366 -0.500 2.081
63 19 0.364 -0.769 1.998
63 20 0.334 -0.818 1.971
64 1 0.270 -0.033 2.164
64 2 0.267 0.031 2.151
64 3 0.252 0.345 2.101
64 4 0.195 0.511 1.993
64 5 0.086 0.262 2.144
64 6 0.071 0.003 2.165
64 7 0.099 -0.182 2.122
64 8 0.106 -0.256 2.102
64 9 0.394 0.270 2.102
64 10 0.470 0.032 2.167
64 11 0.474 -0.165 2.117
64 12 0.470 -0.220 2.096
64 13 0.204 -0.104 2.177
64 14 0.201 -0.520 2.147
64 15 0.208 -0.807 2.143
64 16 0.161 -0.855 2.115
64 17 0.346 -0.098 2.175
64 18 0.368 -0.498 2.089
64 19 0.368 -0.770 2.004
64 20 0.343 -0.825 1.971
65 1 0.268 -0.034 2.175
65 2 0.264 0.030 2.161
65 3 0.246 0.342 2.105
65 4 0.193 0.513 2.005
65 5 0.081 0.258 2.142
65 6 0.065 -0.001 2.160
65 7 0.092 -0.187 2.121
65 8 0.103 -0.262 2.103
65 9 0.390 0.270 2.112
65 10 0.463 0.032 2.178
65 11 0.468 -0.169 2.128
65 12 0.465 -0.222 2.108
65 13 0.202 -0.106 2.187
65 14 0.201 -0.515 2.151
65 15 0.216 -0.806 2.149
65 16 0.190 -0.865 2.137
65 17 0.345 -0.097 2.190
65 18 0.370 -0.494 2.099
65 19 0.375 -0.771 2.019
65 20 0.355 -0.832 1.983
66 1 0.266 -0.034 2.186
66 2 0.261 0.029 2.170
66 3 0.242 0.340 2.108
66 4 0.192 0.515 2.015
66 5 0.077 0.255 2.139
66 6 0.062 -0.005 2.156
66 7 0.087 -0.195 2.119
66 8 0.101 -0.271 2.103
66 9 0.387 0.270 2.119
66 10 0.459 0.032 2.186
66 11 0.462 -0.172 2.137
66 12 0.462 -0.224 2.117
66 13 0.200 -0.108 2.196
66 14 0.199 -0.511 2.158
66 15 0.220 -0.805 2.152
66 16 0.195 -0.865 2.162
66 17 0.343 -0.096 2.203
66 18 0.373 -0.488 2.110
66 19 0.384 -0.772 2.039
66 20 0.377 -0.827 1.979
67 1 0.263 -0.035 2.195
67 2 0.259 0.028 2.178
67 3 0.238 0.338 2.110
67 4 0.192 0.515 2.025
67 5 0.075 0.252 2.137
67 6 0.059 -0.008 2.153
67 7 0.082 -0.206 2.115
67 8 0.098 -0.281 2.103
67 9 0.385 0.269 2.123
67 10 0.455 0.033 2.192
67 11 0.458 -0.175 2.144
67 12 0.458 -0.226 2.124
67 13 0.198 -0.109 2.206
67 14 0.198 -0.508 2.164
67 15 0.224 -0.805 2.155
67 16 0.197 -0.864 2.173
67 17 0.341 -0.095 2.214
67 18 0.375 -0.485 2.120
67 19 0.390 -0.773 2.063
67 20 0.396 -0.829 2.005
68 1 0.262 -0.036 2.203
68 2 0.257 0.027 2.185
68 3 0.236 0.337 2.111
68 4 0.192 0.516 2.035
68 5 0.074 0.249 2.135
68 6 0.058 -0.010 2.150
68 7 0.080 -0.212 2.113
68 8 0.096 -0.288 2.101
68 9 0.383 0.269 2.127
68 10 0.452 0.033 2.197
68 11 0.455 -0.177 2.148
68 12 0.455 -0.227 2.129
68 13 0.196 -0.110 2.214
68 14 0.198 -0.508 2.170
68 15 0.229 -0.805 2.159
68 16 0.204 -0.867 2.179
68 17 0.339 -0.095 2.224
68 18 0.376 -0.484 2.130
68 19 0.393 -0.774 2.076
68 20 0.403 -0.829 2.009
69 1 0.260 -0.037 2.211
69 2 0.255 0.026 2.192
69 3 0.235 0.336 2.113
69 4 0.194 0.516 2.045
69 5 0.074 0.246 2.133
69 6 0.057 -0.012 2.148
69 7 0.078 -0.217 2.110
69 8 0.095 -0.294 2.100
69 9 0.382 0.269 2.131
69 10 0.450 0.033 2.201
69 11 0.452 -0.178 2.151
69 12 0.453 -0.228 2.132
69 13 0.195 -0.112 2.223
69 14 0.197 -0.507 2.175
69 15 0.235 -0.804 2.163
69 16 0.202 -0.862 2.182
69 17 0.337 -0.095 2.232
69 18 0.378 -0.484 2.140
69 19 0.394 -0.779 2.096
69 20 0.418 -0.834 2.044
70 1 0.259 -0.038 2.218
70 2 0.254 0.025 2.198
70 3 0.233 0.335 2.114
70 4 0.196 0.515 2.054
70 5 0.074 0.243 2.132
70 6 0.057 -0.015 2.146
70 7 0.077 -0.223 2.106
70 8 0.094 -0.300 2.095
70 9 0.381 0.268 2.133
70 10 0.449 0.033 2.204
70 11 0.450 -0.179 2.154
70 12 0.450 -0.231 2.133
70 13 0.194 -0.113 2.232
70 14 0.197 -0.507 2.178
70 15 0.238 -0.804 2.166
70 16 0.198 -0.857 2.183
70 17 0.335 -0.096 2.239
70 18 0.380 -0.486 2.152
70 19 0.394 -0.783 2.108
70 20 0.426 -0.841 2.069
71 1 0.259 -0.041 2.225
71 2 0.254 0.021 2.205
71 3 0.232 0.332 2.116
71 4 0.200 0.511 2.063
71 5 0.076 0.236 2.130
71 6 0.057 -0.019 2.144
71 7 0.078 -0.228 2.101
71 8 0.093 -0.305 2.088
71 9 0.381 0.263 2.137
71 10 0.447 0.027 2.204
71 11 0.447 -0.181 2.155
71 12 0.439 -0.245 2.130
71 13 0.194 -0.116 2.241
71 14 0.197 -0.507 2.180
71 15 0.240 -0.804 2.167
71 16 0.224 -0.851 2.127
71 17 0.335 -0.100 2.247
71 18 0.383 -0.490 2.165
71 19 0.394 -0.788 2.122
71 20 0.421 -0.844 2.075
72 1 0.261 -0.049 2.236
72 2 0.255 0.013 2.214
72 3 0.232 0.325 2.118
72 4 0.206 0.501 2.072
72 5 0.080 0.219 2.128
72 6 0.057 -0.024 2.141
72 7 0.079 -0.236 2.094
72 8 0.094 -0.313 2.080
72 9 0.382 0.249 2.140
72 10 0.447 0.011 2.204
72 11 0.442 -0.187 2.152
72 12 0.429 -0.259 2.124
72 13 0.196 -0.123 2.254
72 14 0.197 -0.507 2.181
72 15 0.239 -0.804 2.164
72 16 0.238 -0.848 2.085
72 17 0.335 -0.108 2.257
72 18 0.385 -0.496 2.178
72 19 0.395 -0.793 2.133
72 20 0.418 -0.845 2.080
73 1 0.262 -0.059 2.246
73 2 0.257 0.003 2.223
73 3 0.234 0.307 2.120
73 4 0.211 0.488 2.080
73 5 0.084 0.202 2.126
73 6 0.056 -0.034 2.138
73 7 0.082 -0.244 2.087
73 8 0.097 -0.321 2.071
73 9 0.385 0.229 2.141
73 10 0.448 -0.012 2.200
73 11 0.436 -0.197 2.147
73 12 0.420 -0.274 2.116
73 13 0.198 -0.130 2.265
73 14 0.197 -0.507 2.182
73 15 0.234 -0.798 2.153
73 16 0.242 -0.842 2.061
73 17 0.337 -0.119 2.268
73 18 0.387 -0.499 2.185
73 19 0.396 -0.795 2.141
73 20 0.416 -0.846 2.084
74 1 0.264 -0.072 2.257
74 2 0.260 -0.011 2.232
74 3 0.237 0.284 2.121
74 4 0.217 0.465 2.088
74 5 0.089 0.173 2.126
74 6 0.057 -0.048 2.136
74 7 0.087 -0.257 2.079
74 8 0.102 -0.332 2.061
74 9 0.388 0.207 2.140
74 10 0.445 -0.041 2.188
74 11 0.429 -0.222 2.137
74 12 0.410 -0.297 2.105
74 13 0.201 -0.142 2.278
74 14 0.197 -0.506 2.181
74 15 0.229 -0.793 2.144
74 16 0.238 -0.842 2.058
74 17 0.339 -0.133 2.281
74 18 0.388 -0.502 2.190
74 19 0.396 -0.797 2.147
74 20 0.414 -0.847 2.086
75 1 0.270 -0.102 2.277
75 2 0.265 -0.041 2.248
75 3 0.242 0.250 2.120
75 4 0.225 0.429 2.095
75 5 0.097 0.141 2.126
75 6 0.057 -0.068 2.135
75 7 0.093 -0.270 2.073
75 8 0.107 -0.341 2.054
75 9 0.394 0.174 2.138
75 10 0.445 -0.073 2.182
75 11 0.414 -0.265 2.120
75 12 0.394 -0.323 2.091
75 13 0.207 -0.167 2.302
75 14 0.197 -0.506 2.178
75 15 0.219 -0.785 2.132
75 16 0.233 -0.836 2.048
75 17 0.343 -0.160 2.302
75 18 0.389 -0.505 2.192
75 19 0.398 -0.797 2.150
75 20 0.413 -0.847 2.088
76 1 0.275 -0.122 2.288
76 2 0.270 -0.064 2.258
76 3 0.245 0.218 2.121
76 4 0.231 0.398 2.100
76 5 0.103 0.114 2.127
76 6 0.058 -0.095 2.131
76 7 0.103 -0.292 2.068
76 8 0.112 -0.349 2.050
76 9 0.399 0.144 2.136
76 10 0.447 -0.106 2.174
76 11 0.407 -0.289 2.112
76 12 0.387 -0.334 2.085
76 13 0.213 -0.185 2.316
76 14 0.197 -0.511 2.167
76 15 0.213 -0.779 2.124
76 16 0.220 -0.834 2.057
76 17 0.348 -0.180 2.314
76 18 0.390 -0.510 2.187
76 19 0.400 -0.796 2.152
76 20 0.406 -0.848 2.096
77 1 0.281 -0.147 2.299
77 2 0.276 -0.091 2.268
77 3 0.250 0.183 2.124
77 4 0.235 0.370 2.105
77 5 0.109 0.076 2.131
77 6 0.061 -0.139 2.127
77 7 0.116 -0.326 2.064
77 8 0.130 -0.373 2.045
77 9 0.403 0.115 2.135
77 10 0.448 -0.139 2.164
77 11 0.400 -0.317 2.104
77 12 0.370 -0.373 2.074
77 13 0.220 -0.210 2.331
77 14 0.196 -0.523 2.148
77 15 0.210 -0.776 2.121
77 16 0.205 -0.830 2.064
77 17 0.353 -0.203 2.324
77 18 0.391 -0.514 2.177
77 19 0.406 -0.788 2.146
77 20 0.392 -0.832 2.091
78 1 0.289 -0.178 2.310
78 2 0.284 -0.124 2.279
78 3 0.258 0.145 2.130
78 4 0.242 0.334 2.109
78 5 0.114 0.050 2.136
78 6 0.064 -0.167 2.128
78 7 0.139 -0.372 2.061
78 8 0.152 -0.404 2.042
78 9 0.408 0.080 2.137
78 10 0.451 -0.166 2.161
78 11 0.396 -0.339 2.098
78 12 0.368 -0.392 2.073
78 13 0.229 -0.241 2.345
78 14 0.195 -0.534 2.135
78 15 0.208 -0.774 2.118
78 16 0.193 -0.825 2.068
78 17 0.361 -0.232 2.336
78 18 0.394 -0.521 2.157
78 19 0.411 -0.776 2.135
78 20 0.384 -0.823 2.087
79 1 0.297 -0.212 2.321
79 2 0.291 -0.157 2.288
79 3 0.263 0.115 2.136
79 4 0.247 0.299 2.115
79 5 0.119 0.014 2.146
79 6 0.074 -0.214 2.135
79 7 0.149 -0.392 2.060
79 8 0.163 -0.421 2.041
79 9 0.411 0.052 2.140
79 10 0.452 -0.186 2.158
79 11 0.395 -0.361 2.097
79 12 0.369 -0.411 2.073
79 13 0.238 -0.275 2.358
79 14 0.194 -0.550 2.124
79 15 0.207 -0.773 2.117
79 16 0.183 -0.822 2.070
79 17 0.368 -0.265 2.346
79 18 0.395 -0.537 2.134
79 19 0.414 -0.771 2.129
79 20 0.381 -0.816 2.082
80 1 0.303 -0.248 2.333
80 2 0.297 -0.191 2.299
80 3 0.266 0.091 2.144
80 4 0.250 0.278 2.119
80 5 0.122 -0.007 2.154
80 6 0.078 -0.234 2.139
80 7 0.152 -0.407 2.066
80 8 0.170 -0.436 2.045
80 9 0.413 0.027 2.146
80 10 0.455 -0.209 2.156
80 11 0.396 -0.385 2.096
80 12 0.371 -0.433 2.075
80 13 0.244 -0.306 2.369
80 14 0.193 -0.560 2.118
80 15 0.204 -0.775 2.117
80 16 0.176 -0.821 2.071
80 17 0.374 -0.305 2.357
80 18 0.396 -0.550 2.120
80 19 0.416 -0.769 2.125
80 20 0.383 -0.812 2.072
81 1 0.308 -0.278 2.342
81 2 0.302 -0.220 2.308
81 3 0.272 0.064 2.153
81 4 0.254 0.245 2.128
81 5 0.125 -0.031 2.165
81 6 0.083 -0.254 2.147
81 7 0.154 -0.419 2.070
81 8 0.174 -0.451 2.049
81 9 0.416 -0.004 2.155
81 10 0.458 -0.232 2.157
81 11 0.394 -0.410 2.094
81 12 0.369 -0.457 2.072
81 13 0.250 -0.336 2.378
81 14 0.192 -0.571 2.113
81 15 0.201 -0.784 2.120
81 16 0.172 -0.819 2.070
81 17 0.379 -0.334 2.365
81 18 0.395 -0.564 2.111
81 19 0.417 -0.775 2.122
81 20 0.390 -0.804 2.061
82 1 0.311 -0.304 2.349
82 2 0.305 -0.245 2.316
82 3 0.275 0.045 2.162
82 4 0.257 0.226 2.135
82 5 0.130 -0.057 2.177
82 6 0.087 -0.273 2.159
82 7 0.153 -0.436 2.080
82 8 0.176 -0.469 2.057
82 9 0.418 -0.025 2.162
82 10 0.462 -0.252 2.159
82 11 0.394 -0.426 2.095
82 12 0.368 -0.468 2.072
82 13 0.252 -0.370 2.385
82 14 0.191 -0.581 2.110
82 15 0.198 -0.795 2.125
82 16 0.168 -0.817 2.070
82 17 0.382 -0.356 2.372
82 18 0.396 -0.581 2.105
82 19 0.419 -0.789 2.122
82 20 0.399 -0.801 2.055
83 1 0.314 -0.323 2.355
83 2 0.308 -0.265 2.323
83 3 0.279 0.024 2.174
83 4 0.261 0.205 2.147
83 5 0.133 -0.074 2.186
83 6 0.089 -0.285 2.170
83 7 0.148 -0.456 2.105
83 8 0.175 -0.490 2.074
83 9 0.421 -0.051 2.175
83 10 0.466 -0.275 2.167
83 11 0.395 -0.443 2.098
83 12 0.369 -0.476 2.073
83 13 0.255 -0.387 2.390
83 14 0.191 -0.597 2.112
83 15 0.197 -0.814 2.135
83 16 0.166 -0.813 2.072
83 17 0.384 -0.379 2.377
83 18 0.396 -0.595 2.101
83 19 0.423 -0.808 2.116
83 20 0.404 -0.796 2.050
84 1 0.315 -0.339 2.360
84 2 0.309 -0.282 2.329
84 3 0.281 -0.001 2.190
84 4 0.264 0.186 2.160
84 5 0.135 -0.091 2.199
84 6 0.090 -0.299 2.184
84 7 0.144 -0.473 2.122
84 8 0.172 -0.509 2.091
84 9 0.424 -0.071 2.188
84 10 0.473 -0.297 2.178
84 11 0.396 -0.456 2.100
84 12 0.370 -0.486 2.073
84 13 0.255 -0.406 2.394
84 14 0.191 -0.607 2.112
84 15 0.196 -0.825 2.138
84 16 0.164 -0.809 2.074
84 17 0.386 -0.395 2.381
84 18 0.397 -0.603 2.098
84 19 0.425 -0.818 2.113
84 20 0.410 -0.789 2.048
85 1 0.315 -0.360 2.366
85 2 0.310 -0.303 2.337
85 3 0.282 -0.017 2.203
85 4 0.267 0.167 2.178
85 5 0.137 -0.110 2.216
85 6 0.092 -0.326 2.201
85 7 0.144 -0.497 2.134
85 8 0.172 -0.534 2.104
85 9 0.426 -0.091 2.203
85 10 0.478 -0.318 2.191
85 11 0.402 -0.483 2.108
85 12 0.385 -0.520 2.075
85 13 0.255 -0.428 2.399
85 14 0.191 -0.614 2.111
85 15 0.196 -0.833 2.140
85 16 0.161 -0.804 2.076
85 17 0.387 -0.417 2.387
85 18 0.397 -0.609 2.095
85 19 0.426 -0.826 2.109
85 20 0.415 -0.782 2.048
86 1 0.315 -0.389 2.380
86 2 0.310 -0.331 2.352
86 3 0.282 -0.039 2.222
86 4 0.270 0.147 2.199
86 5 0.138 -0.129 2.232
86 6 0.093 -0.339 2.211
86 7 0.142 -0.514 2.145
86 8 0.169 -0.553 2.116
86 9 0.430 -0.114 2.222
86 10 0.484 -0.345 2.220
86 11 0.407 -0.496 2.115
86 12 0.390 -0.532 2.077
86 13 0.252 -0.455 2.408
86 14 0.191 -0.619 2.110
86 15 0.197 -0.837 2.142
86 16 0.160 -0.800 2.077
86 17 0.389 -0.447 2.404
86 18 0.397 -0.612 2.093
86 19 0.427 -0.830 2.107
86 20 0.417 -0.779 2.047
87 1 0.315 -0.405 2.388
87 2 0.309 -0.346 2.361
87 3 0.282 -0.054 2.239
87 4 0.272 0.130 2.223
87 5 0.138 -0.144 2.248
87 6 0.093 -0.352 2.221
87 7 0.140 -0.525 2.151
87 8 0.168 -0.566 2.125
87 9 0.432 -0.130 2.239
87 10 0.488 -0.356 2.232
87 11 0.412 -0.505 2.122
87 12 0.396 -0.541 2.080
87 13 0.251 -0.472 2.414
87 14 0.191 -0.622 2.110
87 15 0.200 -0.838 2.150
87 16 0.164 -0.802 2.086
87 17 0.391 -0.462 2.412
87 18 0.398 -0.615 2.093
87 19 0.428 -0.833 2.106
87 20 0.419 -0.776 2.047
88 1 0.315 -0.422 2.401
88 2 0.310 -0.364 2.375
88 3 0.283 -0.071 2.261
88 4 0.273 0.109 2.263
88 5 0.138 -0.159 2.265
88 6 0.093 -0.362 2.231
88 7 0.140 -0.532 2.154
88 8 0.167 -0.575 2.129
88 9 0.433 -0.145 2.256
88 10 0.492 -0.365 2.245
88 11 0.416 -0.510 2.126
88 12 0.399 -0.546 2.082
88 13 0.249 -0.489 2.424
88 14 0.191 -0.624 2.109
88 15 0.201 -0.838 2.156
88 16 0.166 -0.805 2.093
88 17 0.392 -0.478 2.424
88 18 0.400 -0.615 2.095
88 19 0.425 -0.834 2.121
88 20 0.426 -0.790 2.060
89 1 0.315 -0.433 2.412
89 2 0.310 -0.375 2.388
89 3 0.285 -0.086 2.287
89 4 0.275 0.099 2.284
89 5 0.140 -0.175 2.285
89 6 0.092 -0.373 2.243
89 7 0.140 -0.537 2.157
89 8 0.166 -0.581 2.133
89 9 0.435 -0.162 2.280
89 10 0.497 -0.373 2.257
89 11 0.420 -0.514 2.131
89 12 0.404 -0.551 2.086
89 13 0.248 -0.501 2.434
89 14 0.191 -0.624 2.110
89 15 0.203 -0.837 2.162
89 16 0.169 -0.809 2.099
89 17 0.393 -0.488 2.434
89 18 0.404 -0.613 2.100
89 19 0.423 -0.837 2.135
89 20 0.435 -0.807 2.074
90 1 0.314 -0.445 2.426
90 2 0.310 -0.388 2.405
90 3 0.289 -0.102 2.317
90 4 0.282 0.086 2.315
90 5 0.144 -0.191 2.312
90 6 0.090 -0.382 2.253
90 7 0.139 -0.542 2.158
90 8 0.165 -0.587 2.135
90 9 0.438 -0.179 2.306
90 10 0.502 -0.382 2.269
90 11 0.423 -0.516 2.135
90 12 0.407 -0.555 2.090
90 13 0.245 -0.512 2.446
90 14 0.191 -0.622 2.114
90 15 0.204 -0.836 2.167
90 16 0.170 -0.813 2.104
90 17 0.393 -0.501 2.446
90 18 0.410 -0.608 2.107
90 19 0.423 -0.839 2.143
90 20 0.439 -0.814 2.081
91 1 0.313 -0.457 2.440
91 2 0.310 -0.401 2.421
91 3 0.299 -0.123 2.353
91 4 0.291 0.071 2.345
91 5 0.148 -0.204 2.332
91 6 0.086 -0.398 2.267
91 7 0.140 -0.545 2.157
91 8 0.165 -0.591 2.137
91 9 0.442 -0.198 2.336
91 10 0.507 -0.392 2.282
91 11 0.426 -0.518 2.139
91 12 0.410 -0.557 2.093
91 13 0.242 -0.523 2.458
91 14 0.191 -0.619 2.119
91 15 0.204 -0.838 2.173
91 16 0.173 -0.874 2.148
91 17 0.393 -0.514 2.458
91 18 0.418 -0.602 2.115
91 19 0.423 -0.840 2.150
91 20 0.443 -0.822 2.086
92 1 0.313 -0.466 2.451
92 2 0.310 -0.411 2.434
92 3 0.304 -0.134 2.373
92 4 0.302 0.056 2.379
92 5 0.151 -0.218 2.361
92 6 0.082 -0.410 2.284
92 7 0.140 -0.547 2.158
92 8 0.165 -0.593 2.138
92 9 0.446 -0.220 2.369
92 10 0.514 -0.405 2.301
92 11 0.431 -0.518 2.147
92 12 0.414 -0.559 2.100
92 13 0.239 -0.532 2.468
92 14 0.190 -0.615 2.124
92 15 0.203 -0.840 2.179
92 16 0.177 -0.914 2.180
92 17 0.393 -0.525 2.467
92 18 0.424 -0.597 2.121
92 19 0.423 -0.841 2.154
92 20 0.458 -0.877 2.128
93 1 0.313 -0.478 2.465
93 2 0.311 -0.423 2.451
93 3 0.308 -0.147 2.398
93 4 0.310 0.046 2.403
93 5 0.154 -0.229 2.384
93 6 0.079 -0.418 2.301
93 7 0.140 -0.547 2.159
93 8 0.165 -0.595 2.139
93 9 0.448 -0.234 2.392
93 10 0.520 -0.415 2.324
93 11 0.436 -0.520 2.158
93 12 0.421 -0.561 2.115
93 13 0.236 -0.543 2.480
93 14 0.188 -0.608 2.132
93 15 0.203 -0.841 2.184
93 16 0.180 -0.929 2.193
93 17 0.394 -0.538 2.478
93 18 0.429 -0.593 2.128
93 19 0.424 -0.842 2.158
93 20 0.463 -0.902 2.145
94 1 0.313 -0.487 2.475
94 2 0.311 -0.432 2.462
94 3 0.309 -0.156 2.422
94 4 0.319 0.035 2.427
94 5 0.157 -0.240 2.407
94 6 0.076 -0.424 2.316
94 7 0.141 -0.542 2.162
94 8 0.165 -0.594 2.141
94 9 0.451 -0.249 2.417
94 10 0.523 -0.422 2.342
94 11 0.440 -0.522 2.169
94 12 0.427 -0.564 2.130
94 13 0.233 -0.551 2.487
94 14 0.186 -0.601 2.139
94 15 0.201 -0.842 2.187
94 16 0.178 -0.938 2.201
94 17 0.395 -0.548 2.485
94 18 0.433 -0.589 2.134
94 19 0.425 -0.843 2.161
94 20 0.466 -0.914 2.155
95 1 0.312 -0.492 2.481
95 2 0.311 -0.438 2.472
95 3 0.311 -0.168 2.452
95 4 0.327 0.024 2.449
95 5 0.160 -0.248 2.435
95 6 0.074 -0.428 2.334
95 7 0.148 -0.528 2.172
95 8 0.169 -0.587 2.148
95 9 0.453 -0.258 2.437
95 10 0.523 -0.428 2.357
95 11 0.443 -0.525 2.183
95 12 0.430 -0.567 2.146
95 13 0.231 -0.556 2.493
95 14 0.182 -0.592 2.145
95 15 0.197 -0.844 2.189
95 16 0.177 -0.944 2.205
95 17 0.396 -0.554 2.490
95 18 0.436 -0.587 2.139
95 19 0.426 -0.844 2.165
95 20 0.467 -0.923 2.163
96 1 0.312 -0.496 2.488
96 2 0.311 -0.442 2.480
96 3 0.312 -0.173 2.469
96 4 0.337 0.016 2.468
96 5 0.162 -0.253 2.455
96 6 0.074 -0.428 2.352
96 7 0.149 -0.522 2.185
96 8 0.169 -0.582 2.157
96 9 0.456 -0.269 2.457
96 10 0.521 -0.435 2.370
96 11 0.417 -0.510 2.192
96 12 0.418 -0.560 2.153
96 13 0.229 -0.560 2.497
96 14 0.179 -0.584 2.150
96 15 0.193 -0.847 2.191
96 16 0.180 -0.921 2.157
96 17 0.397 -0.560 2.495
96 18 0.438 -0.584 2.143
96 19 0.427 -0.845 2.168
96 20 0.455 -0.924 2.203
97 1 0.311 -0.499 2.497
97 2 0.311 -0.445 2.491
97 3 0.315 -0.176 2.485
97 4 0.344 0.013 2.486
97 5 0.164 -0.254 2.470
97 6 0.074 -0.427 2.364
97 7 0.155 -0.510 2.196
97 8 0.174 -0.571 2.168
97 9 0.458 -0.275 2.471
97 10 0.519 -0.441 2.382
97 11 0.403 -0.502 2.196
97 12 0.406 -0.554 2.158
97 13 0.226 -0.562 2.503
97 14 0.176 -0.574 2.158
97 15 0.188 -0.849 2.192
97 16 0.181 -0.909 2.134
97 17 0.397 -0.564 2.501
97 18 0.440 -0.581 2.150
97 19 0.428 -0.846 2.172
97 20 0.439 -0.908 2.158
98 1 0.311 -0.500 2.506
98 2 0.311 -0.446 2.503
98 3 0.320 -0.173 2.508
98 4 0.352 0.014 2.504
98 5 0.167 -0.251 2.485
98 6 0.074 -0.424 2.375
98 7 0.157 -0.500 2.206
98 8 0.176 -0.561 2.177
98 9 0.459 -0.278 2.484
98 10 0.516 -0.448 2.412
98 11 0.395 -0.499 2.198
98 12 0.397 -0.549 2.160
98 13 0.224 -0.563 2.508
98 14 0.169 -0.560 2.166
98 15 0.185 -0.850 2.192
98 16 0.179 -0.893 2.112
98 17 0.398 -0.567 2.506
98 18 0.441 -0.579 2.157
98 19 0.430 -0.846 2.175
98 20 0.431 -0.888 2.122
99 1 0.311 -0.498 2.514
99 2 0.312 -0.443 2.514
99 3 0.324 -0.170 2.525
99 4 0.358 0.015 2.516
99 5 0.170 -0.245 2.500
99 6 0.075 -0.419 2.384
99 7 0.159 -0.492 2.214
99 8 0.179 -0.551 2.187
99 9 0.462 -0.277 2.497
99 10 0.513 -0.450 2.423
99 11 0.390 -0.496 2.201
99 12 0.388 -0.545 2.165
99 13 0.222 -0.561 2.513
99 14 0.165 -0.551 2.172
99 15 0.180 -0.850 2.193
99 16 0.178 -0.885 2.103
99 17 0.398 -0.567 2.512
99 18 0.441 -0.577 2.164
99 19 0.431 -0.844 2.178
99 20 0.428 -0.877 2.105
100 1 0.311 -0.495 2.523
100 2 0.314 -0.440 2.526
100 3 0.327 -0.166 2.538
100 4 0.363 0.020 2.527
100 5 0.172 -0.239 2.511
100 6 0.076 -0.409 2.393
100 7 0.171 -0.471 2.228
100 8 0.189 -0.533 2.200
100 9 0.464 -0.275 2.509
100 10 0.511 -0.450 2.430
100 11 0.384 -0.491 2.209
100 12 0.379 -0.537 2.174
100 13 0.221 -0.559 2.519
100 14 0.162 -0.545 2.177
100 15 0.177 -0.849 2.193
100 16 0.176 -0.880 2.098
100 17 0.399 -0.566 2.519
100 18 0.441 -0.575 2.172
100 19 0.433 -0.842 2.180
100 20 0.428 -0.870 2.097
101 1 0.312 -0.493 2.530
101 2 0.315 -0.438 2.534
101 3 0.329 -0.163 2.547
101 4 0.366 0.022 2.533
101 5 0.173 -0.234 2.519
101 6 0.077 -0.398 2.398
101 7 0.175 -0.462 2.235
101 8 0.193 -0.522 2.209
101 9 0.465 -0.273 2.517
101 10 0.508 -0.449 2.434
101 11 0.383 -0.489 2.218
101 12 0.375 -0.534 2.180
101 13 0.221 -0.556 2.523
101 14 0.161 -0.541 2.181
101 15 0.171 -0.848 2.192
101 16 0.187 -0.893 2.141
101 17 0.399 -0.565 2.525
101 18 0.442 -0.573 2.179
101 19 0.435 -0.840 2.182
101 20 0.428 -0.866 2.093
102 1 0.313 -0.492 2.534
102 2 0.316 -0.436 2.540
102 3 0.330 -0.160 2.554
102 4 0.368 0.027 2.539
102 5 0.174 -0.229 2.524
102 6 0.077 -0.383 2.400
102 7 0.177 -0.457 2.238
102 8 0.195 -0.516 2.214
102 9 0.466 -0.269 2.525
102 10 0.504 -0.443 2.437
102 11 0.386 -0.486 2.230
102 12 0.375 -0.530 2.191
102 13 0.222 -0.555 2.527
102 14 0.160 -0.539 2.184
102 15 0.165 -0.847 2.189
102 16 0.189 -0.902 2.170
102 17 0.399 -0.565 2.530
102 18 0.443 -0.572 2.183
102 19 0.436 -0.839 2.184
102 20 0.430 -0.864 2.092
103 1 0.314 -0.491 2.537
103 2 0.317 -0.435 2.545
103 3 0.331 -0.157 2.559
103 4 0.369 0.030 2.543
103 5 0.175 -0.226 2.528
103 6 0.078 -0.373 2.400
103 7 0.178 -0.454 2.241
103 8 0.197 -0.511 2.217
103 9 0.467 -0.265 2.530
103 10 0.500 -0.439 2.438
103 11 0.389 -0.484 2.237
103 12 0.377 -0.527 2.198
103 13 0.223 -0.553 2.530
103 14 0.159 -0.538 2.186
103 15 0.160 -0.845 2.186
103 16 0.186 -0.905 2.175
103 17 0.400 -0.564 2.533
103 18 0.443 -0.572 2.187
103 19 0.437 -0.839 2.185
103 20 0.434 -0.864 2.093
104 1 0.314 -0.491 2.540
104 2 0.317 -0.434 2.548
104 3 0.332 -0.154 2.562
104 4 0.370 0.032 2.545
104 5 0.176 -0.223 2.530
104 6 0.080 -0.365 2.400
104 7 0.178 -0.452 2.243
104 8 0.198 -0.508 2.220
104 9 0.467 -0.263 2.533
104 10 0.497 -0.436 2.438
104 11 0.392 -0.484 2.242
104 12 0.378 -0.526 2.202
104 13 0.224 -0.552 2.532
104 14 0.158 -0.538 2.188
104 15 0.155 -0.844 2.182
104 16 0.166 -0.888 2.132
104 17 0.400 -0.563 2.535
104 18 0.444 -0.572 2.189
104 19 0.438 -0.839 2.186
104 20 0.437 -0.866 2.095
105 1 0.315 -0.490 2.541
105 2 0.318 -0.434 2.551
105 3 0.332 -0.153 2.564
105 4 0.371 0.034 2.545
105 5 0.177 -0.221 2.531
105 6 0.082 -0.361 2.398
105 7 0.182 -0.464 2.234
105 8 0.200 -0.510 2.218
105 9 0.468 -0.260 2.535
105 10 0.496 -0.432 2.437
105 11 0.396 -0.484 2.244
105 12 0.381 -0.525 2.204
105 13 0.225 -0.552 2.533
105 14 0.158 -0.540 2.190
105 15 0.152 -0.843 2.178
105 16 0.154 -0.878 2.101
105 17 0.400 -0.563 2.537
105 18 0.445 -0.572 2.191
105 19 0.439 -0.839 2.186
105 20 0.440 -0.868 2.098
106 1 0.315 -0.490 2.542
106 2 0.318 -0.434 2.553
106 3 0.332 -0.151 2.564
106 4 0.371 0.036 2.545
106 5 0.177 -0.220 2.529
106 6 0.084 -0.362 2.390
106 7 0.178 -0.471 2.231
106 8 0.200 -0.513 2.218
106 9 0.468 -0.257 2.535
106 10 0.495 -0.428 2.434
106 11 0.401 -0.485 2.243
106 12 0.386 -0.526 2.204
106 13 0.227 -0.552 2.534
106 14 0.157 -0.543 2.192
106 15 0.150 -0.842 2.175
106 16 0.149 -0.873 2.089
106 17 0.400 -0.563 2.538
106 18 0.446 -0.573 2.193
106 19 0.439 -0.839 2.187
106 20 0.442 -0.871 2.100
107 1 0.316 -0.491 2.543
107 2 0.319 -0.434 2.554
107 3 0.333 -0.150 2.560
107 4 0.372 0.036 2.541
107 5 0.179 -0.220 2.523
107 6 0.086 -0.366 2.380
107 7 0.174 -0.480 2.226
107 8 0.198 -0.518 2.215
107 9 0.469 -0.256 2.532
107 10 0.498 -0.426 2.425
107 11 0.402 -0.509 2.217
107 12 0.388 -0.540 2.190
107 13 0.229 -0.552 2.535
107 14 0.158 -0.548 2.192
107 15 0.149 -0.841 2.173
107 16 0.146 -0.871 2.082
107 17 0.401 -0.563 2.539
107 18 0.447 -0.574 2.193
107 19 0.440 -0.840 2.187
107 20 0.444 -0.873 2.102
108 1 0.317 -0.491 2.542
108 2 0.320 -0.435 2.554
108 3 0.334 -0.151 2.549
108 4 0.373 0.035 2.533
108 5 0.181 -0.223 2.511
108 6 0.092 -0.381 2.364
108 7 0.149 -0.505 2.207
108 8 0.182 -0.538 2.200
108 9 0.471 -0.256 2.524
108 10 0.502 -0.425 2.417
108 11 0.403 -0.519 2.207
108 12 0.388 -0.548 2.182
108 13 0.230 -0.553 2.535
108 14 0.159 -0.553 2.193
108 15 0.148 -0.841 2.171
108 16 0.140 -0.878 2.090
108 17 0.401 -0.563 2.539
108 18 0.448 -0.575 2.194
108 19 0.441 -0.841 2.186
108 20 0.445 -0.876 2.103
109 1 0.319 -0.493 2.541
109 2 0.321 -0.436 2.552
109 3 0.336 -0.153 2.528
109 4 0.373 0.035 2.523
109 5 0.183 -0.227 2.496
109 6 0.095 -0.389 2.355
109 7 0.144 -0.513 2.201
109 8 0.174 -0.539 2.164
109 9 0.473 -0.256 2.514
109 10 0.505 -0.425 2.408
109 11 0.404 -0.523 2.202
109 12 0.389 -0.553 2.175
109 13 0.232 -0.554 2.535
109 14 0.159 -0.558 2.192
109 15 0.148 -0.842 2.170
109 16 0.135 -0.886 2.102
109 17 0.401 -0.563 2.539
109 18 0.449 -0.576 2.194
109 19 0.441 -0.842 2.186
109 20 0.446 -0.877 2.103
110 1 0.321 -0.495 2.539
110 2 0.323 -0.439 2.547
110 3 0.337 -0.154 2.510
110 4 0.372 0.035 2.513
110 5 0.185 -0.231 2.483
110 6 0.098 -0.396 2.349
110 7 0.142 -0.519 2.195
110 8 0.171 -0.540 2.151
110 9 0.475 -0.257 2.495
110 10 0.507 -0.426 2.393
110 11 0.393 -0.531 2.173
110 12 0.383 -0.562 2.153
110 13 0.234 -0.556 2.534
110 14 0.160 -0.564 2.191
110 15 0.149 -0.842 2.170
110 16 0.132 -0.893 2.111
110 17 0.402 -0.564 2.538
110 18 0.450 -0.578 2.193
110 19 0.442 -0.843 2.185
110 20 0.447 -0.878 2.104
111 1 0.323 -0.499 2.534
111 2 0.326 -0.443 2.539
111 3 0.338 -0.156 2.494
111 4 0.370 0.031 2.485
111 5 0.187 -0.234 2.472
111 6 0.107 -0.409 2.352
111 7 0.140 -0.520 2.190
111 8 0.169 -0.536 2.139
111 9 0.476 -0.258 2.476
111 10 0.507 -0.429 2.379
111 11 0.370 -0.529 2.157
111 12 0.331 -0.579 2.094
111 13 0.237 -0.559 2.532
111 14 0.160 -0.569 2.189
111 15 0.150 -0.843 2.170
111 16 0.129 -0.898 2.120
111 17 0.404 -0.567 2.536
111 18 0.451 -0.581 2.190
111 19 0.442 -0.844 2.184
111 20 0.447 -0.879 2.104
112 1 0.326 -0.503 2.528
112 2 0.329 -0.447 2.529
112 3 0.338 -0.158 2.478
112 4 0.369 0.028 2.467
112 5 0.188 -0.237 2.462
112 6 0.112 -0.416 2.353
112 7 0.138 -0.520 2.186
112 8 0.168 -0.533 2.132
112 9 0.476 -0.259 2.460
112 10 0.506 -0.430 2.358
112 11 0.356 -0.528 2.145
112 12 0.310 -0.586 2.069
112 13 0.240 -0.563 2.530
112 14 0.159 -0.574 2.186
112 15 0.151 -0.844 2.169
112 16 0.127 -0.902 2.129
112 17 0.405 -0.569 2.532
112 18 0.452 -0.584 2.186
112 19 0.442 -0.844 2.183
112 20 0.447 -0.880 2.104
113 1 0.328 -0.506 2.521
113 2 0.331 -0.448 2.519
113 3 0.336 -0.158 2.464
113 4 0.367 0.026 2.451
113 5 0.188 -0.236 2.452
113 6 0.116 -0.421 2.357
113 7 0.137 -0.518 2.184
113 8 0.168 -0.531 2.128
113 9 0.475 -0.257 2.446
113 10 0.505 -0.430 2.347
113 11 0.350 -0.528 2.138
113 12 0.295 -0.586 2.056
113 13 0.244 -0.565 2.526
113 14 0.159 -0.577 2.183
113 15 0.152 -0.820 2.149
113 16 0.121 -0.882 2.122
113 17 0.407 -0.571 2.527
113 18 0.454 -0.588 2.181
113 19 0.446 -0.837 2.174
113 20 0.466 -0.864 2.103
114 1 0.330 -0.507 2.512
114 2 0.332 -0.449 2.506
114 3 0.333 -0.155 2.448
114 4 0.363 0.028 2.438
114 5 0.189 -0.234 2.441
114 6 0.119 -0.424 2.359
114 7 0.136 -0.514 2.183
114 8 0.167 -0.528 2.126
114 9 0.473 -0.253 2.432
114 10 0.504 -0.429 2.340
114 11 0.401 -0.524 2.159
114 12 0.338 -0.561 2.106
114 13 0.247 -0.567 2.520
114 14 0.159 -0.581 2.180
114 15 0.153 -0.811 2.141
114 16 0.117 -0.872 2.116
114 17 0.409 -0.571 2.520
114 18 0.456 -0.590 2.173
114 19 0.456 -0.822 2.141
114 20 0.469 -0.865 2.145
115 1 0.331 -0.507 2.505
115 2 0.332 -0.448 2.496
115 3 0.331 -0.152 2.432
115 4 0.359 0.031 2.428
115 5 0.188 -0.230 2.429
115 6 0.120 -0.425 2.361
115 7 0.136 -0.510 2.181
115 8 0.167 -0.526 2.125
115 9 0.472 -0.250 2.422
115 10 0.503 -0.428 2.335
115 11 0.440 -0.528 2.168
115 12 0.375 -0.550 2.137
115 13 0.249 -0.568 2.516
115 14 0.158 -0.584 2.176
115 15 0.153 -0.807 2.137
115 16 0.146 -0.865 2.152
115 17 0.410 -0.572 2.513
115 18 0.458 -0.593 2.167
115 19 0.461 -0.817 2.127
115 20 0.469 -0.866 2.169
116 1 0.331 -0.507 2.498
116 2 0.332 -0.447 2.488
116 3 0.330 -0.150 2.422
116 4 0.354 0.034 2.418
116 5 0.187 -0.227 2.419
116 6 0.121 -0.426 2.361
116 7 0.134 -0.507 2.179
116 8 0.167 -0.524 2.124
116 9 0.471 -0.247 2.413
116 10 0.501 -0.427 2.328
116 11 0.453 -0.532 2.171
116 12 0.388 -0.548 2.148
116 13 0.250 -0.568 2.511
116 14 0.158 -0.587 2.172
116 15 0.151 -0.805 2.135
116 16 0.141 -0.834 2.113
116 17 0.410 -0.571 2.507
116 18 0.460 -0.595 2.162
116 19 0.464 -0.814 2.119
116 20 0.467 -0.863 2.107
117 1 0.331 -0.506 2.492
117 2 0.331 -0.446 2.480
117 3 0.327 -0.148 2.412
117 4 0.349 0.038 2.406
117 5 0.186 -0.225 2.411
117 6 0.122 -0.424 2.360
117 7 0.133 -0.504 2.177
117 8 0.166 -0.522 2.124
117 9 0.470 -0.245 2.403
117 10 0.499 -0.426 2.322
117 11 0.459 -0.534 2.172
117 12 0.394 -0.546 2.154
117 13 0.251 -0.568 2.507
117 14 0.156 -0.589 2.169
117 15 0.149 -0.805 2.136
117 16 0.143 -0.827 2.094
117 17 0.409 -0.571 2.501
117 18 0.462 -0.596 2.157
117 19 0.466 -0.813 2.114
117 20 0.465 -0.862 2.073
118 1 0.330 -0.505 2.487
118 2 0.330 -0.445 2.474
118 3 0.325 -0.147 2.402
118 4 0.345 0.039 2.396
118 5 0.185 -0.223 2.404
118 6 0.122 -0.422 2.359
118 7 0.131 -0.502 2.175
118 8 0.166 -0.520 2.123
118 9 0.469 -0.244 2.394
118 10 0.497 -0.426 2.317
118 11 0.457 -0.537 2.169
118 12 0.397 -0.545 2.157
118 13 0.251 -0.567 2.503
118 14 0.155 -0.591 2.165
118 15 0.147 -0.806 2.137
118 16 0.144 -0.823 2.085
118 17 0.408 -0.570 2.497
118 18 0.463 -0.597 2.153
118 19 0.467 -0.812 2.110
118 20 0.464 -0.862 2.055
119 1 0.329 -0.504 2.481
119 2 0.329 -0.443 2.468
119 3 0.323 -0.148 2.394
119 4 0.340 0.038 2.383
119 5 0.184 -0.222 2.398
119 6 0.122 -0.418 2.352
119 7 0.128 -0.500 2.170
119 8 0.165 -0.519 2.122
119 9 0.468 -0.244 2.386
119 10 0.495 -0.426 2.314
119 11 0.452 -0.540 2.166
119 12 0.398 -0.546 2.158
119 13 0.251 -0.566 2.499
119 14 0.153 -0.592 2.162
119 15 0.146 -0.807 2.139
119 16 0.143 -0.825 2.079
119 17 0.408 -0.569 2.492
119 18 0.463 -0.598 2.149
119 19 0.467 -0.812 2.107
119 20 0.463 -0.862 2.044
120 1 0.328 -0.503 2.476
120 2 0.327 -0.442 2.462
120 3 0.320 -0.149 2.387
120 4 0.336 0.035 2.368
120 5 0.182 -0.222 2.391
120 6 0.122 -0.415 2.346
120 7 0.126 -0.500 2.165
120 8 0.164 -0.519 2.121
120 9 0.466 -0.244 2.378
120 10 0.493 -0.428 2.311
120 11 0.448 -0.541 2.160
120 12 0.398 -0.548 2.155
120 13 0.251 -0.565 2.494
120 14 0.152 -0.593 2.159
120 15 0.146 -0.808 2.141
120 16 0.139 -0.829 2.078
120 17 0.407 -0.568 2.487
120 18 0.463 -0.598 2.145
120 19 0.468 -0.813 2.105
120 20 0.462 -0.863 2.036
121 1 0.326 -0.501 2.470
121 2 0.325 -0.441 2.456
121 3 0.318 -0.149 2.379
121 4 0.333 0.033 2.357
121 5 0.180 -0.223 2.384
121 6 0.122 -0.412 2.338
121 7 0.123 -0.501 2.160
121 8 0.162 -0.519 2.119
121 9 0.465 -0.245 2.371
121 10 0.489 -0.430 2.307
121 11 0.445 -0.541 2.151
121 12 0.397 -0.550 2.147
121 13 0.249 -0.563 2.487
121 14 0.149 -0.593 2.154
121 15 0.146 -0.808 2.142
121 16 0.130 -0.846 2.086
121 17 0.405 -0.566 2.482
121 18 0.463 -0.599 2.141
121 19 0.467 -0.814 2.103
121 20 0.462 -0.863 2.031
122 1 0.324 -0.499 2.464
122 2 0.323 -0.440 2.450
122 3 0.316 -0.150 2.373
122 4 0.331 0.032 2.349
122 5 0.177 -0.224 2.378
122 6 0.123 -0.410 2.332
122 7 0.121 -0.502 2.156
122 8 0.161 -0.519 2.117
122 9 0.463 -0.245 2.365
122 10 0.485 -0.431 2.304
122 11 0.440 -0.541 2.143
122 12 0.394 -0.552 2.139
122 13 0.247 -0.561 2.482
122 14 0.146 -0.593 2.150
122 15 0.146 -0.809 2.142
122 16 0.131 -0.854 2.079
122 17 0.404 -0.564 2.477
122 18 0.462 -0.599 2.136
122 19 0.467 -0.815 2.101
122 20 0.461 -0.863 2.026
123 1 0.323 -0.498 2.460
123 2 0.322 -0.439 2.445
123 3 0.314 -0.151 2.368
123 4 0.329 0.030 2.340
123 5 0.175 -0.225 2.372
123 6 0.124 -0.411 2.324
123 7 0.118 -0.506 2.148
123 8 0.159 -0.521 2.112
123 9 0.460 -0.246 2.359
123 10 0.481 -0.432 2.301
123 11 0.436 -0.541 2.137
123 12 0.390 -0.553 2.132
123 13 0.246 -0.560 2.477
123 14 0.144 -0.592 2.146
123 15 0.145 -0.810 2.142
123 16 0.132 -0.858 2.074
123 17 0.402 -0.563 2.473
123 18 0.461 -0.599 2.132
123 19 0.466 -0.816 2.099
123 20 0.461 -0.864 2.023
124 1 0.322 -0.497 2.457
124 2 0.320 -0.438 2.442
124 3 0.312 -0.152 2.364
124 4 0.328 0.028 2.333
124 5 0.172 -0.226 2.367
124 6 0.125 -0.411 2.319
124 7 0.117 -0.509 2.143
124 8 0.157 -0.522 2.109
124 9 0.458 -0.246 2.355
124 10 0.479 -0.433 2.299
124 11 0.362 -0.517 2.099
124 12 0.301 -0.544 2.050
124 13 0.245 -0.559 2.473
124 14 0.142 -0.592 2.143
124 15 0.145 -0.810 2.141
124 16 0.133 -0.861 2.070
124 17 0.401 -0.561 2.469
124 18 0.460 -0.599 2.128
124 19 0.465 -0.817 2.097
124 20 0.460 -0.864 2.021
125 1 0.321 -0.496 2.454
125 2 0.319 -0.438 2.439
125 3 0.311 -0.153 2.361
125 4 0.326 0.027 2.328
125 5 0.170 -0.228 2.363
125 6 0.125 -0.413 2.311
125 7 0.116 -0.514 2.137
125 8 0.156 -0.525 2.103
125 9 0.456 -0.246 2.352
125 10 0.477 -0.433 2.296
125 11 0.319 -0.503 2.075
125 12 0.262 -0.545 2.000
125 13 0.245 -0.558 2.471
125 14 0.141 -0.592 2.141
125 15 0.142 -0.812 2.135
125 16 0.142 -0.869 2.128
125 17 0.401 -0.560 2.467
125 18 0.459 -0.599 2.126
125 19 0.465 -0.818 2.096
125 20 0.460 -0.864 2.019
126 1 0.320 -0.495 2.452
126 2 0.319 -0.437 2.437
126 3 0.309 -0.153 2.359
126 4 0.325 0.027 2.325
126 5 0.169 -0.229 2.360
126 6 0.124 -0.414 2.307
126 7 0.115 -0.516 2.134
126 8 0.154 -0.527 2.099
126 9 0.454 -0.246 2.349
126 10 0.476 -0.433 2.295
126 11 0.304 -0.499 2.067
126 12 0.249 -0.545 1.985
126 13 0.244 -0.557 2.469
126 14 0.140 -0.591 2.139
126 15 0.140 -0.813 2.131
126 16 0.147 -0.875 2.160
126 17 0.400 -0.559 2.465
126 18 0.458 -0.599 2.124
126 19 0.464 -0.819 2.095
126 20 0.460 -0.864 2.018
127 1 0.320 -0.495 2.451
127 2 0.318 -0.437 2.435
127 3 0.307 -0.154 2.357
127 4 0.323 0.027 2.322
127 5 0.168 -0.229 2.358
127 6 0.124 -0.415 2.304
127 7 0.115 -0.518 2.131
127 8 0.153 -0.529 2.096
127 9 0.452 -0.246 2.347
127 10 0.475 -0.433 2.293
127 11 0.295 -0.496 2.061
127 12 0.251 -0.547 1.984
127 13 0.244 -0.557 2.468
127 14 0.139 -0.591 2.138
127 15 0.139 -0.813 2.127
127 16 0.148 -0.878 2.171
127 17 0.400 -0.558 2.463
127 18 0.458 -0.599 2.122
127 19 0.464 -0.820 2.094
127 20 0.460 -0.864 2.017
128 1 0.320 -0.495 2.450
128 2 0.318 -0.437 2.434
128 3 0.306 -0.154 2.355
128 4 0.322 0.027 2.321
128 5 0.167 -0.230 2.356
128 6 0.116 -0.419 2.288
128 7 0.120 -0.532 2.124
128 8 0.155 -0.538 2.090
128 9 0.451 -0.246 2.346
128 10 0.474 -0.433 2.292
128 11 0.293 -0.497 2.062
128 12 0.301 -0.560 2.035
128 13 0.244 -0.557 2.467
128 14 0.138 -0.591 2.137
128 15 0.138 -0.814 2.125
128 16 0.149 -0.880 2.177
128 17 0.399 -0.558 2.462
128 18 0.457 -0.599 2.121
128 19 0.463 -0.820 2.093
128 20 0.460 -0.865 2.016
129 1 0.319 -0.494 2.449
129 2 0.317 -0.437 2.433
129 3 0.305 -0.154 2.354
129 4 0.320 0.027 2.320
129 5 0.166 -0.230 2.355
129 6 0.112 -0.420 2.279
129 7 0.122 -0.539 2.120
129 8 0.156 -0.545 2.085
129 9 0.450 -0.246 2.345
129 10 0.474 -0.433 2.291
129 11 0.298 -0.500 2.066
129 12 0.321 -0.565 2.053
129 13 0.244 -0.557 2.466
129 14 0.138 -0.591 2.136
129 15 0.137 -0.814 2.124
129 16 0.137 -0.866 2.095
129 17 0.399 -0.558 2.462
129 18 0.457 -0.599 2.121
129 19 0.463 -0.820 2.093
129 20 0.460 -0.865 2.016
130 1 0.319 -0.494 2.449
130 2 0.317 -0.437 2.433
130 3 0.304 -0.155 2.353
130 4 0.319 0.027 2.319
130 5 0.165 -0.230 2.354
130 6 0.109 -0.421 2.274
130 7 0.122 -0.544 2.119
130 8 0.156 -0.550 2.082
130 9 0.449 -0.246 2.344
130 10 0.474 -0.433 2.290
130 11 0.307 -0.506 2.072
130 12 0.328 -0.567 2.060
130 13 0.244 -0.556 2.466
130 14 0.137 -0.591 2.136
130 15 0.137 -0.814 2.123
130 16 0.133 -0.862 2.064
130 17 0.399 -0.557 2.461
130 18 0.457 -0.599 2.120
130 19 0.463 -0.821 2.093
130 20 0.459 -0.865 2.016
