1 1 0.190 0.027 1.872
1 2 0.182 0.088 1.919
1 3 0.181 0.436 1.936
1 4 0.202 0.614 1.900
1 5 0.020 0.323 1.908
1 6 -0.064 0.079 1.923
1 7 -0.027 -0.113 1.878
1 8 -0.031 -0.172 1.867
1 9 0.361 0.324 1.969
1 10 0.418 0.086 2.000
1 11 0.395 -0.094 1.909
1 12 0.393 -0.145 1.874
1 13 0.114 -0.047 1.846
1 14 0.051 -0.481 1.887
1 15 0.018 -0.736 1.909
1 16 0.063 -0.792 1.905
1 17 0.267 -0.053 1.873
1 18 0.268 -0.471 1.938
1 19 0.254 -0.752 1.964
1 20 0.286 -0.816 1.950
2 1 0.188 0.027 1.873
2 2 0.180 0.088 1.920
2 3 0.177 0.437 1.938
2 4 0.198 0.615 1.903
2 5 0.016 0.322 1.910
2 6 -0.068 0.079 1.923
2 7 -0.031 -0.113 1.876
2 8 -0.027 -0.175 1.861
2 9 0.356 0.324 1.971
2 10 0.415 0.086 2.001
2 11 0.395 -0.094 1.909
2 12 0.393 -0.145 1.875
2 13 0.113 -0.048 1.847
2 14 0.051 -0.479 1.889
2 15 0.018 -0.737 1.911
2 16 0.061 -0.794 1.905
2 17 0.266 -0.053 1.874
2 18 0.267 -0.471 1.939
2 19 0.254 -0.753 1.964
2 20 0.286 -0.816 1.949
3 1 0.185 0.027 1.875
3 2 0.177 0.088 1.922
3 3 0.173 0.437 1.940
3 4 0.194 0.615 1.906
3 5 0.012 0.322 1.911
3 6 -0.071 0.078 1.924
3 7 -0.035 -0.113 1.874
3 8 -0.025 -0.178 1.857
3 9 0.352 0.324 1.972
3 10 0.410 0.086 2.003
3 11 0.395 -0.094 1.910
3 12 0.341 -0.118 1.837
3 13 0.111 -0.048 1.847
3 14 0.050 -0.477 1.891
3 15 0.017 -0.737 1.912
3 16 0.059 -0.796 1.906
3 17 0.263 -0.053 1.876
3 18 0.267 -0.471 1.939
3 19 0.254 -0.753 1.964
3 20 0.285 -0.816 1.949
4 1 0.182 0.026 1.876
4 2 0.173 0.088 1.924
4 3 0.169 0.438 1.941
4 4 0.190 0.616 1.907
4 5 0.007 0.321 1.913
4 6 -0.075 0.078 1.924
4 7 -0.038 -0.114 1.873
4 8 -0.024 -0.179 1.854
4 9 0.348 0.324 1.973
4 10 0.406 0.086 2.004
4 11 0.393 -0.093 1.910
4 12 0.306 -0.103 1.812
4 13 0.108 -0.048 1.848
4 14 0.049 -0.475 1.893
4 15 0.017 -0.738 1.913
4 16 0.056 -0.798 1.907
4 17 0.260 -0.053 1.878
4 18 0.265 -0.471 1.939
4 19 0.254 -0.753 1.965
4 20 0.272 -0.796 1.911
5 1 0.178 0.026 1.878
5 2 0.169 0.087 1.926
5 3 0.164 0.438 1.941
5 4 0.186 0.616 1.909
5 5 0.003 0.321 1.914
5 6 -0.078 0.077 1.925
5 7 -0.043 -0.114 1.871
5 8 -0.025 -0.180 1.850
5 9 0.344 0.324 1.974
5 10 0.402 0.086 2.005
5 11 0.390 -0.093 1.910
5 12 0.292 -0.097 1.803
5 13 0.104 -0.049 1.850
5 14 0.048 -0.473 1.894
5 15 0.017 -0.738 1.914
5 16 0.054 -0.799 1.908
5 17 0.257 -0.054 1.880
5 18 0.264 -0.472 1.940
5 19 0.254 -0.753 1.965
5 20 0.265 -0.786 1.892
6 1 0.174 0.026 1.880
6 2 0.165 0.087 1.927
6 3 0.160 0.438 1.942
6 4 0.180 0.616 1.910
6 5 -0.001 0.320 1.915
6 6 -0.082 0.076 1.925
6 7 -0.045 -0.114 1.869
6 8 -0.026 -0.181 1.848
6 9 0.340 0.324 1.974
6 10 0.399 0.086 2.006
6 11 0.387 -0.093 1.911
6 12 0.284 -0.094 1.797
6 13 0.100 -0.049 1.851
6 14 0.045 -0.474 1.897
6 15 0.016 -0.738 1.914
6 16 0.051 -0.801 1.910
6 17 0.253 -0.054 1.882
6 18 0.262 -0.472 1.940
6 19 0.253 -0.752 1.965
6 20 0.261 -0.781 1.884
7 1 0.170 0.026 1.881
7 2 0.161 0.088 1.929
7 3 0.156 0.439 1.942
7 4 0.176 0.617 1.910
7 5 -0.005 0.320 1.916
7 6 -0.085 0.076 1.926
7 7 -0.047 -0.113 1.868
7 8 -0.026 -0.180 1.846
7 9 0.337 0.324 1.974
7 10 0.395 0.087 2.007
7 11 0.384 -0.092 1.911
7 12 0.279 -0.093 1.795
7 13 0.097 -0.049 1.852
7 14 0.043 -0.475 1.900
7 15 0.015 -0.739 1.916
7 16 0.049 -0.802 1.911
7 17 0.250 -0.053 1.884
7 18 0.260 -0.472 1.941
7 19 0.253 -0.752 1.966
7 20 0.259 -0.779 1.879
8 1 0.167 0.026 1.883
8 2 0.158 0.088 1.930
8 3 0.153 0.439 1.942
8 4 0.172 0.617 1.910
8 5 -0.009 0.319 1.916
8 6 -0.088 0.076 1.927
8 7 -0.048 -0.113 1.867
8 8 -0.027 -0.179 1.844
8 9 0.334 0.324 1.975
8 10 0.392 0.087 2.008
8 11 0.380 -0.092 1.914
8 12 0.279 -0.095 1.797
8 13 0.093 -0.049 1.854
8 14 0.040 -0.477 1.903
8 15 0.015 -0.739 1.917
8 16 0.047 -0.803 1.913
8 17 0.246 -0.053 1.886
8 18 0.258 -0.472 1.942
8 19 0.252 -0.752 1.967
8 20 0.258 -0.777 1.876
9 1 0.164 0.026 1.884
9 2 0.155 0.088 1.931
9 3 0.151 0.439 1.942
9 4 0.168 0.617 1.910
9 5 -0.012 0.319 1.917
9 6 -0.091 0.075 1.928
9 7 -0.049 -0.112 1.866
9 8 -0.027 -0.178 1.844
9 9 0.332 0.325 1.975
9 10 0.390 0.087 2.009
9 11 0.375 -0.092 1.916
9 12 0.281 -0.098 1.801
9 13 0.089 -0.049 1.856
9 14 0.038 -0.477 1.905
9 15 0.014 -0.739 1.918
9 16 0.045 -0.804 1.914
9 17 0.243 -0.053 1.887
9 18 0.256 -0.472 1.944
9 19 0.251 -0.753 1.967
9 20 0.257 -0.777 1.876
10 1 0.161 0.026 1.885
10 2 0.153 0.088 1.932
10 3 0.148 0.439 1.942
10 4 0.166 0.618 1.910
10 5 -0.014 0.319 1.918
10 6 -0.094 0.075 1.929
10 7 -0.049 -0.112 1.866
10 8 -0.029 -0.177 1.844
10 9 0.329 0.325 1.976
10 10 0.388 0.088 2.010
10 11 0.371 -0.092 1.918
10 12 0.284 -0.101 1.805
10 13 0.087 -0.049 1.857
10 14 0.036 -0.476 1.907
10 15 0.013 -0.739 1.919
10 16 0.043 -0.805 1.916
10 17 0.241 -0.053 1.889
10 18 0.254 -0.472 1.945
10 19 0.250 -0.753 1.968
10 20 0.256 -0.778 1.879
11 1 0.159 0.026 1.887
11 2 0.150 0.088 1.933
11 3 0.146 0.439 1.942
11 4 0.164 0.618 1.910
11 5 -0.017 0.319 1.918
11 6 -0.096 0.075 1.930
11 7 -0.050 -0.112 1.866
11 8 -0.030 -0.175 1.845
11 9 0.327 0.325 1.976
11 10 0.386 0.088 2.011
11 11 0.368 -0.091 1.920
11 12 0.286 -0.103 1.810
11 13 0.084 -0.049 1.859
11 14 0.034 -0.476 1.909
11 15 0.012 -0.739 1.920
11 16 0.042 -0.806 1.917
11 17 0.238 -0.053 1.890
11 18 0.252 -0.473 1.946
11 19 0.250 -0.753 1.969
11 20 0.256 -0.780 1.882
12 1 0.157 0.026 1.888
12 2 0.148 0.088 1.934
12 3 0.144 0.438 1.942
12 4 0.162 0.618 1.910
12 5 -0.018 0.319 1.919
12 6 -0.098 0.075 1.930
12 7 -0.050 -0.111 1.866
12 8 -0.030 -0.174 1.846
12 9 0.325 0.325 1.976
12 10 0.384 0.088 2.012
12 11 0.365 -0.091 1.921
12 12 0.288 -0.105 1.813
12 13 0.082 -0.049 1.860
12 14 0.033 -0.476 1.911
12 15 0.012 -0.739 1.921
12 16 0.040 -0.806 1.918
12 17 0.236 -0.053 1.891
12 18 0.250 -0.473 1.948
12 19 0.249 -0.753 1.970
12 20 0.256 -0.782 1.885
13 1 0.155 0.026 1.889
13 2 0.147 0.088 1.935
13 3 0.143 0.438 1.942
13 4 0.160 0.618 1.910
13 5 -0.020 0.319 1.919
13 6 -0.100 0.075 1.931
13 7 -0.051 -0.111 1.868
13 8 -0.031 -0.173 1.850
13 9 0.323 0.326 1.977
13 10 0.382 0.089 2.013
13 11 0.364 -0.091 1.922
13 12 0.289 -0.106 1.816
13 13 0.080 -0.050 1.861
13 14 0.032 -0.475 1.912
13 15 0.011 -0.740 1.922
13 16 0.039 -0.807 1.919
13 17 0.235 -0.053 1.892
13 18 0.249 -0.473 1.949
13 19 0.248 -0.753 1.971
13 20 0.256 -0.783 1.888
14 1 0.154 0.026 1.890
14 2 0.145 0.088 1.936
14 3 0.141 0.438 1.942
14 4 0.159 0.618 1.910
14 5 -0.022 0.318 1.920
14 6 -0.101 0.075 1.932
14 7 -0.051 -0.111 1.869
14 8 -0.032 -0.173 1.853
14 9 0.322 0.326 1.977
14 10 0.381 0.089 2.014
14 11 0.362 -0.091 1.922
14 12 0.290 -0.107 1.818
14 13 0.079 -0.050 1.863
14 14 0.031 -0.474 1.913
14 15 0.011 -0.740 1.923
14 16 0.038 -0.807 1.920
14 17 0.233 -0.053 1.893
14 18 0.248 -0.473 1.950
14 19 0.248 -0.753 1.971
14 20 0.214 -0.795 1.970
15 1 0.152 0.026 1.891
15 2 0.144 0.088 1.937
15 3 0.140 0.438 1.942
15 4 0.158 0.618 1.909
15 5 -0.023 0.318 1.921
15 6 -0.102 0.075 1.933
15 7 -0.066 -0.117 1.894
15 8 -0.093 -0.155 1.886
15 9 0.320 0.326 1.977
15 10 0.380 0.089 2.015
15 11 0.361 -0.091 1.923
15 12 0.290 -0.107 1.820
15 13 0.077 -0.050 1.864
15 14 0.031 -0.474 1.914
15 15 0.010 -0.740 1.924
15 16 0.038 -0.807 1.920
15 17 0.232 -0.053 1.894
15 18 0.247 -0.473 1.951
15 19 0.247 -0.754 1.972
15 20 0.193 -0.801 2.012
16 1 0.151 0.026 1.892
16 2 0.143 0.088 1.937
16 3 0.139 0.438 1.943
16 4 0.157 0.618 1.909
16 5 -0.024 0.318 1.922
16 6 -0.103 0.075 1.934
16 7 -0.065 -0.116 1.895
16 8 -0.063 -0.161 1.878
16 9 0.319 0.326 1.978
16 10 0.379 0.089 2.016
16 11 0.360 -0.091 1.924
16 12 0.290 -0.108 1.821
16 13 0.076 -0.050 1.865
16 14 0.030 -0.473 1.915
16 15 0.010 -0.740 1.925
16 16 0.037 -0.808 1.921
16 17 0.231 -0.053 1.895
16 18 0.246 -0.473 1.951
16 19 0.247 -0.754 1.973
16 20 0.184 -0.804 2.029
17 1 0.150 0.026 1.892
17 2 0.142 0.088 1.938
17 3 0.138 0.438 1.943
17 4 0.156 0.617 1.909
17 5 -0.025 0.318 1.923
17 6 -0.104 0.074 1.934
17 7 -0.068 -0.119 1.906
17 8 -0.091 -0.154 1.894
17 9 0.319 0.326 1.978
17 10 0.378 0.089 2.016
17 11 0.360 -0.091 1.924
17 12 0.290 -0.108 1.822
17 13 0.075 -0.050 1.866
17 14 0.030 -0.472 1.916
17 15 0.009 -0.740 1.926
17 16 0.037 -0.808 1.921
17 17 0.230 -0.053 1.896
17 18 0.246 -0.473 1.952
17 19 0.246 -0.754 1.973
17 20 0.179 -0.805 2.039
18 1 0.149 0.026 1.893
18 2 0.141 0.088 1.939
18 3 0.137 0.438 1.943
18 4 0.155 0.617 1.909
18 5 -0.026 0.318 1.924
18 6 -0.105 0.074 1.935
18 7 -0.064 -0.117 1.903
18 8 -0.063 -0.164 1.882
18 9 0.318 0.326 1.978
18 10 0.378 0.089 2.017
18 11 0.359 -0.090 1.925
18 12 0.290 -0.108 1.823
18 13 0.074 -0.050 1.867
18 14 0.030 -0.471 1.917
18 15 0.009 -0.740 1.927
18 16 0.036 -0.808 1.922
18 17 0.229 -0.054 1.897
18 18 0.245 -0.473 1.953
18 19 0.246 -0.754 1.974
18 20 0.187 -0.813 2.031
19 1 0.148 0.026 1.894
19 2 0.140 0.088 1.939
19 3 0.136 0.437 1.943
19 4 0.154 0.617 1.910
19 5 -0.027 0.318 1.925
19 6 -0.105 0.074 1.936
19 7 -0.059 -0.115 1.897
19 8 -0.044 -0.168 1.873
19 9 0.317 0.326 1.979
19 10 0.377 0.089 2.018
19 11 0.358 -0.090 1.925
19 12 0.290 -0.108 1.824
19 13 0.073 -0.050 1.868
19 14 0.030 -0.471 1.917
19 15 0.009 -0.740 1.927
19 16 0.036 -0.808 1.922
19 17 0.228 -0.054 1.897
19 18 0.245 -0.473 1.953
19 19 0.246 -0.754 1.974
19 20 0.188 -0.813 2.029
20 1 0.148 0.026 1.895
20 2 0.140 0.088 1.940
20 3 0.136 0.437 1.944
20 4 0.154 0.617 1.910
20 5 -0.028 0.318 1.926
20 6 -0.106 0.074 1.937
20 7 -0.056 -0.113 1.893
20 8 -0.035 -0.170 1.869
20 9 0.317 0.326 1.979
20 10 0.377 0.089 2.018
20 11 0.358 -0.090 1.926
20 12 0.291 -0.108 1.825
20 13 0.073 -0.050 1.869
20 14 0.030 -0.470 1.917
20 15 0.009 -0.740 1.928
20 16 0.036 -0.808 1.922
20 17 0.227 -0.054 1.898
20 18 0.245 -0.473 1.954
20 19 0.246 -0.755 1.975
20 20 0.190 -0.812 2.025
21 1 0.147 0.026 1.895
21 2 0.139 0.088 1.941
21 3 0.135 0.437 1.944
21 4 0.153 0.617 1.910
21 5 -0.028 0.318 1.927
21 6 -0.106 0.074 1.938
21 7 -0.054 -0.112 1.889
21 8 -0.030 -0.171 1.866
21 9 0.316 0.326 1.980
21 10 0.376 0.089 2.019
21 11 0.358 -0.090 1.926
21 12 0.290 -0.108 1.826
21 13 0.072 -0.050 1.870
21 14 0.030 -0.470 1.918
21 15 0.009 -0.740 1.928
21 16 0.035 -0.808 1.922
21 17 0.227 -0.054 1.898
21 18 0.245 -0.473 1.954
21 19 0.245 -0.755 1.975
21 20 0.191 -0.810 2.021
22 1 0.147 0.026 1.896
22 2 0.139 0.088 1.941
22 3 0.135 0.437 1.945
22 4 0.152 0.617 1.911
22 5 -0.029 0.318 1.928
22 6 -0.106 0.074 1.939
22 7 -0.052 -0.111 1.887
22 8 -0.027 -0.172 1.865
22 9 0.316 0.325 1.980
22 10 0.376 0.089 2.020
22 11 0.357 -0.090 1.926
22 12 0.290 -0.108 1.826
22 13 0.072 -0.050 1.870
22 14 0.030 -0.469 1.918
22 15 0.009 -0.740 1.929
22 16 0.035 -0.808 1.923
22 17 0.226 -0.054 1.899
22 18 0.244 -0.473 1.954
22 19 0.245 -0.755 1.976
22 20 0.192 -0.808 2.018
23 1 0.146 0.026 1.897
23 2 0.138 0.088 1.942
23 3 0.134 0.437 1.945
23 4 0.152 0.617 1.912
23 5 -0.029 0.318 1.929
23 6 -0.107 0.074 1.940
23 7 -0.051 -0.110 1.885
23 8 -0.025 -0.172 1.864
23 9 0.316 0.325 1.981
23 10 0.376 0.089 2.020
23 11 0.357 -0.090 1.927
23 12 0.290 -0.108 1.827
23 13 0.071 -0.050 1.871
23 14 0.030 -0.469 1.918
23 15 0.008 -0.740 1.929
23 16 0.035 -0.808 1.923
23 17 0.226 -0.054 1.900
23 18 0.244 -0.473 1.955
23 19 0.245 -0.755 1.976
23 20 0.200 -0.812 2.008
24 1 0.146 0.026 1.897
24 2 0.138 0.088 1.943
24 3 0.134 0.437 1.946
24 4 0.151 0.617 1.912
24 5 -0.030 0.318 1.930
24 6 -0.107 0.074 1.941
24 7 -0.050 -0.109 1.884
24 8 -0.023 -0.172 1.863
24 9 0.315 0.325 1.981
24 10 0.376 0.089 2.021
24 11 0.357 -0.090 1.927
24 12 0.289 -0.108 1.827
24 13 0.071 -0.050 1.872
24 14 0.030 -0.468 1.919
24 15 0.008 -0.740 1.929
24 16 0.035 -0.808 1.923
24 17 0.226 -0.054 1.900
24 18 0.244 -0.473 1.955
24 19 0.245 -0.755 1.976
24 20 0.201 -0.812 2.006
25 1 0.146 0.026 1.898
25 2 0.138 0.088 1.944
25 3 0.134 0.437 1.946
25 4 0.151 0.617 1.913
25 5 -0.030 0.318 1.931
25 6 -0.107 0.074 1.942
25 7 -0.002 -0.102 1.837
25 8 0.037 -0.163 1.802
25 9 0.315 0.325 1.982
25 10 0.375 0.089 2.021
25 11 0.357 -0.090 1.928
25 12 0.289 -0.108 1.828
25 13 0.070 -0.050 1.873
25 14 0.030 -0.468 1.919
25 15 0.008 -0.740 1.929
25 16 0.035 -0.808 1.923
25 17 0.225 -0.054 1.901
25 18 0.244 -0.473 1.956
25 19 0.245 -0.755 1.976
25 20 0.201 -0.811 2.004
26 1 0.145 0.026 1.900
26 2 0.137 0.088 1.945
26 3 0.134 0.437 1.947
26 4 0.151 0.616 1.914
26 5 -0.030 0.318 1.932
26 6 -0.107 0.075 1.943
26 7 -0.027 -0.106 1.868
26 8 -0.009 -0.169 1.855
26 9 0.315 0.325 1.982
26 10 0.375 0.089 2.022
26 11 0.356 -0.091 1.930
26 12 0.288 -0.108 1.829
26 13 0.070 -0.050 1.875
26 14 0.030 -0.469 1.920
26 15 0.008 -0.740 1.930
26 16 0.035 -0.808 1.923
26 17 0.225 -0.054 1.903
26 18 0.244 -0.473 1.956
26 19 0.245 -0.755 1.976
26 20 0.201 -0.810 2.003
27 1 0.145 0.026 1.901
27 2 0.137 0.088 1.946
27 3 0.133 0.436 1.947
27 4 0.150 0.616 1.914
27 5 -0.030 0.318 1.932
27 6 -0.107 0.075 1.945
27 7 0.012 -0.099 1.834
27 8 0.045 -0.160 1.806
27 9 0.315 0.325 1.983
27 10 0.375 0.089 2.024
27 11 0.356 -0.092 1.933
27 12 0.287 -0.109 1.832
27 13 0.070 -0.050 1.877
27 14 0.030 -0.470 1.921
27 15 0.008 -0.740 1.930
27 16 0.035 -0.808 1.924
27 17 0.224 -0.054 1.905
27 18 0.243 -0.473 1.958
27 19 0.245 -0.755 1.977
27 20 0.201 -0.809 2.002
28 1 0.145 0.026 1.903
28 2 0.137 0.089 1.948
28 3 0.133 0.436 1.947
28 4 0.150 0.616 1.914
28 5 -0.030 0.318 1.933
28 6 -0.107 0.075 1.946
28 7 0.026 -0.097 1.823
28 8 0.061 -0.157 1.791
28 9 0.315 0.325 1.983
28 10 0.375 0.089 2.025
28 11 0.355 -0.093 1.940
28 12 0.286 -0.110 1.835
28 13 0.069 -0.050 1.880
28 14 0.030 -0.470 1.923
28 15 0.008 -0.740 1.930
28 16 0.035 -0.808 1.924
28 17 0.224 -0.053 1.908
28 18 0.243 -0.473 1.959
28 19 0.245 -0.755 1.977
28 20 0.201 -0.808 2.002
29 1 0.144 0.026 1.906
29 2 0.137 0.089 1.950
29 3 0.133 0.436 1.948
29 4 0.150 0.616 1.915
29 5 -0.030 0.318 1.933
29 6 -0.107 0.075 1.948
29 7 0.033 -0.096 1.817
29 8 0.070 -0.156 1.784
29 9 0.315 0.325 1.984
29 10 0.374 0.089 2.028
29 11 0.352 -0.094 1.949
29 12 0.284 -0.112 1.840
29 13 0.069 -0.050 1.884
29 14 0.031 -0.469 1.924
29 15 0.008 -0.740 1.930
29 16 0.035 -0.808 1.924
29 17 0.223 -0.053 1.911
29 18 0.242 -0.473 1.961
29 19 0.245 -0.755 1.977
29 20 0.201 -0.809 2.001
30 1 0.144 0.026 1.909
30 2 0.136 0.089 1.952
30 3 0.133 0.436 1.948
30 4 0.150 0.615 1.914
30 5 -0.030 0.318 1.933
30 6 -0.108 0.076 1.950
30 7 0.037 -0.096 1.814
30 8 0.076 -0.155 1.779
30 9 0.315 0.325 1.984
30 10 0.374 0.089 2.030
30 11 0.348 -0.096 1.957
30 12 0.284 -0.114 1.851
30 13 0.068 -0.051 1.888
30 14 0.031 -0.468 1.927
30 15 0.008 -0.740 1.930
30 16 0.035 -0.808 1.924
30 17 0.223 -0.053 1.916
30 18 0.242 -0.473 1.964
30 19 0.245 -0.755 1.977
30 20 0.202 -0.810 2.000
31 1 0.143 0.026 1.913
31 2 0.136 0.089 1.954
31 3 0.133 0.435 1.948
31 4 0.150 0.613 1.913
31 5 -0.030 0.318 1.934
31 6 -0.108 0.076 1.952
31 7 0.040 -0.095 1.812
31 8 0.080 -0.154 1.776
31 9 0.314 0.325 1.985
31 10 0.374 0.089 2.033
31 11 0.345 -0.097 1.966
31 12 0.286 -0.121 1.865
31 13 0.067 -0.052 1.894
31 14 0.031 -0.467 1.930
31 15 0.008 -0.741 1.931
31 16 0.035 -0.808 1.924
31 17 0.222 -0.053 1.921
31 18 0.241 -0.473 1.968
31 19 0.244 -0.756 1.978
31 20 0.202 -0.810 2.000
32 1 0.142 0.025 1.918
32 2 0.135 0.089 1.956
32 3 0.133 0.433 1.946
32 4 0.150 0.607 1.907
32 5 -0.030 0.318 1.934
32 6 -0.108 0.077 1.954
32 7 -0.053 -0.114 1.923
32 8 -0.071 -0.147 1.911
32 9 0.314 0.325 1.985
32 10 0.373 0.089 2.035
32 11 0.341 -0.099 1.977
32 12 0.286 -0.128 1.873
32 13 0.066 -0.053 1.901
32 14 0.031 -0.466 1.934
32 15 0.008 -0.741 1.931
32 16 0.025 -0.789 1.883
32 17 0.221 -0.054 1.928
32 18 0.240 -0.473 1.973
32 19 0.244 -0.756 1.978
32 20 0.202 -0.810 2.001
33 1 0.141 0.024 1.923
33 2 0.135 0.088 1.959
33 3 0.132 0.428 1.943
33 4 0.150 0.601 1.900
33 5 -0.030 0.318 1.934
33 6 -0.109 0.077 1.956
33 7 -0.076 -0.119 1.954
33 8 -0.128 -0.145 1.964
33 9 0.314 0.325 1.985
33 10 0.373 0.089 2.039
33 11 0.339 -0.101 1.986
33 12 0.286 -0.133 1.880
33 13 0.064 -0.055 1.909
33 14 0.030 -0.464 1.938
33 15 0.008 -0.741 1.932
33 16 0.020 -0.780 1.863
33 17 0.219 -0.056 1.936
33 18 0.240 -0.472 1.978
33 19 0.244 -0.756 1.979
33 20 0.204 -0.812 2.001
34 1 0.140 0.021 1.929
34 2 0.134 0.087 1.961
34 3 0.132 0.422 1.938
34 4 0.151 0.595 1.892
34 5 -0.030 0.316 1.932
34 6 -0.109 0.077 1.957
34 7 -0.096 -0.123 1.979
34 8 -0.159 -0.144 1.992
34 9 0.314 0.324 1.985
34 10 0.373 0.089 2.042
34 11 0.337 -0.102 1.992
34 12 0.285 -0.153 1.885
34 13 0.063 -0.058 1.919
34 14 0.030 -0.462 1.944
34 15 0.007 -0.741 1.933
34 16 0.021 -0.788 1.876
34 17 0.218 -0.058 1.945
34 18 0.239 -0.472 1.984
34 19 0.244 -0.756 1.980
34 20 0.204 -0.813 2.002
35 1 0.139 0.018 1.936
35 2 0.134 0.086 1.962
35 3 0.132 0.412 1.930
35 4 0.152 0.585 1.879
35 5 -0.030 0.312 1.930
35 6 -0.110 0.076 1.959
35 7 -0.105 -0.126 1.992
35 8 -0.177 -0.144 2.008
35 9 0.314 0.322 1.984
35 10 0.373 0.088 2.045
35 11 0.336 -0.103 1.996
35 12 0.283 -0.168 1.887
35 13 0.061 -0.062 1.928
35 14 0.028 -0.461 1.950
35 15 0.007 -0.742 1.935
35 16 0.023 -0.795 1.892
35 17 0.217 -0.062 1.954
35 18 0.238 -0.472 1.990
35 19 0.244 -0.757 1.981
35 20 0.203 -0.814 2.004
36 1 0.138 0.013 1.944
36 2 0.133 0.083 1.964
36 3 0.131 0.400 1.920
36 4 0.153 0.570 1.861
36 5 -0.030 0.304 1.925
36 6 -0.111 0.075 1.962
36 7 -0.082 -0.126 1.982
36 8 -0.067 -0.178 1.974
36 9 0.314 0.317 1.980
36 10 0.373 0.086 2.048
36 11 0.334 -0.105 1.999
36 12 0.282 -0.179 1.888
36 13 0.060 -0.068 1.939
36 14 0.026 -0.460 1.957
36 15 0.006 -0.743 1.937
36 16 0.024 -0.802 1.905
36 17 0.217 -0.066 1.964
36 18 0.237 -0.471 1.997
36 19 0.243 -0.758 1.983
36 20 0.203 -0.814 2.006
37 1 0.137 0.008 1.951
37 2 0.133 0.078 1.967
37 3 0.131 0.384 1.909
37 4 0.154 0.556 1.845
37 5 -0.029 0.291 1.918
37 6 -0.112 0.069 1.965
37 7 -0.069 -0.132 1.978
37 8 -0.056 -0.191 1.981
37 9 0.314 0.308 1.975
37 10 0.374 0.083 2.052
37 11 0.333 -0.107 2.002
37 12 0.281 -0.186 1.889
37 13 0.059 -0.074 1.949
37 14 0.024 -0.460 1.964
37 15 0.005 -0.744 1.940
37 16 0.025 -0.806 1.914
37 17 0.217 -0.072 1.974
37 18 0.237 -0.471 2.004
37 19 0.243 -0.759 1.985
37 20 0.202 -0.814 2.008
38 1 0.137 0.000 1.958
38 2 0.133 0.070 1.969
38 3 0.131 0.366 1.898
38 4 0.156 0.534 1.826
38 5 -0.029 0.276 1.909
38 6 -0.112 0.063 1.967
38 7 0.002 -0.159 1.918
38 8 0.048 -0.227 1.901
38 9 0.314 0.292 1.964
38 10 0.375 0.077 2.057
38 11 0.330 -0.112 2.007
38 12 0.280 -0.192 1.891
38 13 0.058 -0.082 1.958
38 14 0.021 -0.461 1.972
38 15 0.003 -0.745 1.943
38 16 0.025 -0.809 1.922
38 17 0.217 -0.078 1.984
38 18 0.237 -0.471 2.012
38 19 0.243 -0.760 1.988
38 20 0.200 -0.815 2.010
39 1 0.135 -0.013 1.968
39 2 0.132 0.055 1.972
39 3 0.132 0.338 1.881
39 4 0.158 0.511 1.807
39 5 -0.028 0.255 1.899
39 6 -0.112 0.056 1.969
39 7 -0.031 -0.156 1.956
39 8 0.046 -0.231 1.916
39 9 0.315 0.277 1.954
39 10 0.378 0.070 2.061
39 11 0.328 -0.122 2.021
39 12 0.280 -0.197 1.895
39 13 0.056 -0.095 1.971
39 14 0.017 -0.464 1.982
39 15 0.002 -0.747 1.946
39 16 0.021 -0.808 1.915
39 17 0.215 -0.091 1.996
39 18 0.236 -0.470 2.019
39 19 0.244 -0.761 1.990
39 20 0.199 -0.815 2.013
40 1 0.133 -0.026 1.976
40 2 0.130 0.040 1.974
40 3 0.132 0.321 1.873
40 4 0.159 0.491 1.793
40 5 -0.028 0.238 1.892
40 6 -0.113 0.041 1.972
40 7 -0.038 -0.167 1.975
40 8 0.041 -0.240 1.930
40 9 0.315 0.252 1.944
40 10 0.381 0.061 2.064
40 11 0.325 -0.134 2.040
40 12 0.281 -0.200 1.901
40 13 0.053 -0.108 1.983
40 14 0.014 -0.467 1.991
40 15 0.000 -0.748 1.949
40 16 0.018 -0.806 1.910
40 17 0.213 -0.102 2.007
40 18 0.235 -0.471 2.025
40 19 0.244 -0.763 1.994
40 20 0.198 -0.815 2.015
41 1 0.130 -0.046 1.986
41 2 0.128 0.019 1.979
41 3 0.132 0.299 1.864
41 4 0.158 0.458 1.775
41 5 -0.028 0.217 1.884
41 6 -0.114 0.022 1.975
41 7 -0.046 -0.174 1.987
41 8 0.023 -0.248 1.952
41 9 0.316 0.229 1.935
41 10 0.387 0.049 2.065
41 11 0.322 -0.145 2.056
41 12 0.315 -0.205 2.040
41 13 0.050 -0.126 1.999
41 14 0.011 -0.471 1.999
41 15 -0.001 -0.749 1.952
41 16 0.015 -0.806 1.906
41 17 0.208 -0.120 2.019
41 18 0.234 -0.472 2.031
41 19 0.245 -0.764 1.997
41 20 0.198 -0.815 2.016
42 1 0.128 -0.060 1.994
42 2 0.126 0.003 1.982
42 3 0.132 0.279 1.858
42 4 0.157 0.443 1.766
42 5 -0.028 0.201 1.879
42 6 -0.117 0.007 1.978
42 7 -0.053 -0.181 1.998
42 8 0.007 -0.255 1.970
42 9 0.317 0.214 1.931
42 10 0.393 0.025 2.064
42 11 0.316 -0.160 2.074
42 12 0.318 -0.219 2.095
42 13 0.048 -0.140 2.013
42 14 0.009 -0.474 2.005
42 15 -0.002 -0.750 1.955
42 16 0.013 -0.805 1.904
42 17 0.206 -0.131 2.027
42 18 0.232 -0.473 2.036
42 19 0.246 -0.765 2.000
42 20 0.197 -0.815 2.018
43 1 0.126 -0.076 2.003
43 2 0.125 -0.014 1.987
43 3 0.131 0.259 1.853
43 4 0.156 0.416 1.755
43 5 -0.028 0.182 1.875
43 6 -0.119 -0.005 1.979
43 7 -0.061 -0.188 2.007
43 8 -0.009 -0.262 1.983
43 9 0.317 0.199 1.925
43 10 0.398 0.011 2.061
43 11 0.316 -0.170 2.086
43 12 0.324 -0.229 2.135
43 13 0.047 -0.154 2.026
43 14 0.007 -0.477 2.011
43 15 -0.006 -0.766 1.958
43 16 0.007 -0.831 1.897
43 17 0.203 -0.146 2.038
43 18 0.231 -0.475 2.041
43 19 0.246 -0.766 2.002
43 20 0.196 -0.815 2.019
44 1 0.124 -0.091 2.012
44 2 0.123 -0.031 1.992
44 3 0.130 0.235 1.849
44 4 0.156 0.394 1.747
44 5 -0.028 0.164 1.872
44 6 -0.124 -0.017 1.980
44 7 -0.066 -0.195 2.013
44 8 -0.017 -0.267 1.991
44 9 0.318 0.182 1.921
44 10 0.405 -0.008 2.055
44 11 0.318 -0.180 2.098
44 12 0.327 -0.233 2.154
44 13 0.046 -0.166 2.039
44 14 0.004 -0.483 2.017
44 15 -0.009 -0.782 1.960
44 16 0.001 -0.853 1.893
44 17 0.199 -0.162 2.049
44 18 0.229 -0.482 2.046
44 19 0.248 -0.780 2.004
44 20 0.238 -0.857 1.969
45 1 0.122 -0.109 2.021
45 2 0.122 -0.049 1.998
45 3 0.129 0.213 1.845
45 4 0.155 0.376 1.742
45 5 -0.027 0.144 1.870
45 6 -0.130 -0.029 1.979
45 7 -0.070 -0.201 2.018
45 8 -0.024 -0.272 1.997
45 9 0.318 0.160 1.917
45 10 0.411 -0.023 2.049
45 11 0.319 -0.187 2.106
45 12 0.316 -0.241 2.162
45 13 0.045 -0.182 2.054
45 14 0.001 -0.496 2.022
45 15 -0.013 -0.801 1.960
45 16 -0.004 -0.876 1.890
45 17 0.196 -0.176 2.058
45 18 0.227 -0.493 2.052
45 19 0.251 -0.796 2.005
45 20 0.260 -0.884 1.943
46 1 0.121 -0.124 2.030
46 2 0.120 -0.067 2.004
46 3 0.126 0.191 1.844
46 4 0.155 0.347 1.738
46 5 -0.027 0.125 1.869
46 6 -0.136 -0.041 1.978
46 7 -0.098 -0.226 2.024
46 8 -0.044 -0.284 2.002
46 9 0.317 0.144 1.914
46 10 0.418 -0.044 2.036
46 11 0.321 -0.193 2.111
46 12 0.314 -0.246 2.174
46 13 0.045 -0.196 2.067
46 14 -0.001 -0.510 2.025
46 15 -0.016 -0.818 1.960
46 16 -0.008 -0.894 1.888
46 17 0.194 -0.189 2.066
46 18 0.226 -0.507 2.056
46 19 0.253 -0.812 2.006
46 20 0.271 -0.901 1.931
47 1 0.119 -0.139 2.038
47 2 0.119 -0.082 2.010
47 3 0.125 0.172 1.844
47 4 0.155 0.331 1.737
47 5 -0.026 0.109 1.868
47 6 -0.142 -0.052 1.975
47 7 -0.109 -0.237 2.030
47 8 -0.077 -0.296 2.033
47 9 0.315 0.123 1.910
47 10 0.424 -0.058 2.024
47 11 0.323 -0.199 2.114
47 12 0.311 -0.249 2.176
47 13 0.044 -0.208 2.078
47 14 -0.003 -0.523 2.026
47 15 -0.019 -0.832 1.959
47 16 -0.012 -0.910 1.887
47 17 0.192 -0.201 2.073
47 18 0.228 -0.522 2.059
47 19 0.254 -0.828 2.005
47 20 0.276 -0.914 1.923
48 1 0.118 -0.152 2.044
48 2 0.118 -0.097 2.015
48 3 0.125 0.154 1.845
48 4 0.155 0.316 1.737
48 5 -0.025 0.090 1.869
48 6 -0.149 -0.063 1.971
48 7 -0.115 -0.244 2.034
48 8 -0.125 -0.302 2.047
48 9 0.313 0.104 1.907
48 10 0.428 -0.075 2.011
48 11 0.325 -0.205 2.115
48 12 0.304 -0.255 2.168
48 13 0.043 -0.218 2.087
48 14 -0.013 -0.535 2.024
48 15 -0.019 -0.843 1.958
48 16 -0.011 -0.920 1.887
48 17 0.190 -0.214 2.080
48 18 0.233 -0.536 2.061
48 19 0.254 -0.842 2.004
48 20 0.278 -0.925 1.919
49 1 0.116 -0.167 2.052
49 2 0.117 -0.113 2.021
49 3 0.126 0.133 1.847
49 4 0.155 0.300 1.739
49 5 -0.024 0.073 1.870
49 6 -0.159 -0.077 1.966
49 7 -0.088 -0.230 2.054
49 8 -0.118 -0.292 2.070
49 9 0.311 0.087 1.906
49 10 0.433 -0.092 1.995
49 11 0.331 -0.217 2.109
49 12 0.302 -0.261 2.161
49 13 0.041 -0.230 2.096
49 14 -0.022 -0.547 2.021
49 15 -0.020 -0.853 1.957
49 16 -0.011 -0.930 1.887
49 17 0.187 -0.228 2.088
49 18 0.240 -0.551 2.061
49 19 0.254 -0.856 2.002
49 20 0.276 -0.938 1.917
50 1 0.114 -0.181 2.059
50 2 0.115 -0.128 2.026
50 3 0.126 0.117 1.850
50 4 0.154 0.284 1.743
50 5 -0.022 0.054 1.872
50 6 -0.171 -0.091 1.961
50 7 -0.079 -0.225 2.060
50 8 -0.107 -0.282 2.083
50 9 0.309 0.069 1.904
50 10 0.437 -0.130 1.977
50 11 0.331 -0.231 2.104
50 12 0.299 -0.267 2.157
50 13 0.039 -0.242 2.104
50 14 -0.029 -0.556 2.019
50 15 -0.021 -0.862 1.955
50 16 -0.012 -0.939 1.887
50 17 0.184 -0.242 2.094
50 18 0.247 -0.564 2.061
50 19 0.253 -0.869 2.000
50 20 0.270 -0.950 1.917
51 1 0.112 -0.198 2.068
51 2 0.114 -0.145 2.034
51 3 0.127 0.099 1.853
51 4 0.154 0.264 1.750
51 5 -0.022 0.035 1.875
51 6 -0.181 -0.103 1.957
51 7 -0.072 -0.222 2.064
51 8 -0.096 -0.276 2.089
51 9 0.307 0.043 1.905
51 10 0.439 -0.146 1.969
51 11 0.334 -0.254 2.094
51 12 0.298 -0.281 2.147
51 13 0.037 -0.258 2.118
51 14 -0.035 -0.565 2.017
51 15 -0.022 -0.871 1.953
51 16 -0.012 -0.947 1.887
51 17 0.180 -0.260 2.103
51 18 0.255 -0.578 2.060
51 19 0.251 -0.882 1.998
51 20 0.259 -0.962 1.919
52 1 0.110 -0.212 2.077
52 2 0.112 -0.160 2.042
52 3 0.126 0.083 1.857
52 4 0.153 0.247 1.756
52 5 -0.022 0.018 1.878
52 6 -0.191 -0.121 1.956
52 7 -0.102 -0.269 2.045
52 8 -0.112 -0.315 2.074
52 9 0.304 0.024 1.907
52 10 0.438 -0.157 1.963
52 11 0.338 -0.273 2.086
52 12 0.300 -0.298 2.137
52 13 0.036 -0.271 2.129
52 14 -0.039 -0.572 2.015
52 15 -0.023 -0.878 1.950
52 16 -0.012 -0.953 1.887
52 17 0.177 -0.274 2.111
52 18 0.262 -0.589 2.058
52 19 0.248 -0.893 1.995
52 20 0.248 -0.972 1.921
53 1 0.108 -0.226 2.086
53 2 0.110 -0.174 2.049
53 3 0.124 0.069 1.861
53 4 0.152 0.231 1.762
53 5 -0.022 0.004 1.882
53 6 -0.197 -0.133 1.956
53 7 -0.113 -0.296 2.037
53 8 -0.117 -0.334 2.068
53 9 0.302 0.008 1.909
53 10 0.437 -0.166 1.958
53 11 0.339 -0.282 2.082
53 12 0.301 -0.307 2.131
53 13 0.035 -0.281 2.138
53 14 -0.044 -0.578 2.014
53 15 -0.023 -0.884 1.948
53 16 -0.011 -0.958 1.886
53 17 0.174 -0.288 2.121
53 18 0.267 -0.598 2.057
53 19 0.245 -0.902 1.993
53 20 0.237 -0.980 1.924
54 1 0.106 -0.238 2.095
54 2 0.109 -0.187 2.058
54 3 0.122 0.054 1.867
54 4 0.151 0.217 1.769
54 5 -0.022 -0.009 1.887
54 6 -0.200 -0.142 1.957
54 7 -0.116 -0.307 2.034
54 8 -0.118 -0.346 2.064
54 9 0.301 -0.004 1.912
54 10 0.435 -0.174 1.955
54 11 0.346 -0.304 2.070
54 12 0.318 -0.349 2.106
54 13 0.034 -0.292 2.147
54 14 -0.050 -0.583 2.012
54 15 -0.022 -0.889 1.946
54 16 -0.008 -0.962 1.887
54 17 0.172 -0.300 2.129
54 18 0.270 -0.605 2.055
54 19 0.241 -0.910 1.991
54 20 0.227 -0.987 1.928
55 1 0.106 -0.252 2.106
55 2 0.108 -0.201 2.067
55 3 0.119 0.040 1.874
55 4 0.149 0.203 1.777
55 5 -0.022 -0.021 1.892
55 6 -0.203 -0.151 1.957
55 7 -0.115 -0.319 2.026
55 8 -0.116 -0.360 2.056
55 9 0.299 -0.016 1.917
55 10 0.432 -0.181 1.953
55 11 0.325 -0.296 2.086
55 12 0.305 -0.335 2.121
55 13 0.035 -0.308 2.165
55 14 -0.055 -0.587 2.011
55 15 -0.020 -0.892 1.945
55 16 -0.004 -0.964 1.889
55 17 0.173 -0.314 2.138
55 18 0.274 -0.615 2.051
55 19 0.235 -0.920 1.990
55 20 0.213 -0.994 1.933
56 1 0.106 -0.265 2.117
56 2 0.107 -0.215 2.078
56 3 0.117 0.027 1.881
56 4 0.148 0.190 1.788
56 5 -0.022 -0.035 1.899
56 6 -0.202 -0.165 1.959
56 7 -0.050 -0.207 1.857
56 8 -0.000 -0.207 1.817
56 9 0.296 -0.027 1.923
56 10 0.428 -0.184 1.951
56 11 0.321 -0.293 2.088
56 12 0.301 -0.324 2.125
56 13 0.035 -0.319 2.178
56 14 -0.064 -0.589 2.011
56 15 -0.015 -0.894 1.944
56 16 0.005 -0.963 1.891
56 17 0.173 -0.327 2.148
56 18 0.277 -0.624 2.050
56 19 0.229 -0.929 1.986
56 20 0.201 -0.999 1.934
57 1 0.105 -0.274 2.126
57 2 0.106 -0.224 2.086
57 3 0.112 0.016 1.889
57 4 0.146 0.180 1.798
57 5 -0.023 -0.046 1.907
57 6 -0.200 -0.181 1.961
57 7 -0.038 -0.178 1.821
57 8 0.018 -0.171 1.779
57 9 0.293 -0.036 1.930
57 10 0.423 -0.196 1.956
57 11 0.319 -0.301 2.090
57 12 0.300 -0.325 2.128
57 13 0.035 -0.326 2.185
57 14 -0.071 -0.591 2.012
57 15 -0.010 -0.895 1.943
57 16 0.012 -0.961 1.894
57 17 0.171 -0.338 2.160
57 18 0.278 -0.628 2.049
57 19 0.226 -0.934 1.985
57 20 0.194 -1.001 1.937
58 1 0.101 -0.288 2.142
58 2 0.102 -0.237 2.101
58 3 0.107 0.005 1.901
58 4 0.145 0.169 1.814
58 5 -0.024 -0.058 1.917
58 6 -0.197 -0.196 1.964
58 7 -0.046 -0.313 1.903
58 8 -0.050 -0.333 1.906
58 9 0.287 -0.058 1.950
58 10 0.418 -0.206 1.961
58 11 0.329 -0.332 2.089
58 12 0.302 -0.334 2.130
58 13 0.033 -0.336 2.197
58 14 -0.078 -0.593 2.013
58 15 -0.005 -0.897 1.945
58 16 0.018 -0.959 1.898
58 17 0.166 -0.350 2.176
58 18 0.280 -0.631 2.048
58 19 0.223 -0.938 1.985
58 20 0.185 -1.002 1.943
59 1 0.098 -0.299 2.157
59 2 0.099 -0.250 2.117
59 3 0.102 -0.011 1.920
59 4 0.143 0.157 1.833
59 5 -0.025 -0.071 1.932
59 6 -0.193 -0.216 1.971
59 7 -0.080 -0.371 1.916
59 8 -0.085 -0.393 1.919
59 9 0.284 -0.068 1.962
59 10 0.415 -0.218 1.970
59 11 0.330 -0.344 2.093
59 12 0.302 -0.341 2.136
59 13 0.032 -0.346 2.209
59 14 -0.083 -0.595 2.014
59 15 -0.002 -0.897 1.947
59 16 0.023 -0.957 1.902
59 17 0.163 -0.360 2.192
59 18 0.280 -0.634 2.047
59 19 0.221 -0.941 1.985
59 20 0.180 -1.003 1.949
60 1 0.096 -0.314 2.178
60 2 0.096 -0.264 2.137
60 3 0.099 -0.025 1.940
60 4 0.141 0.145 1.856
60 5 -0.027 -0.088 1.953
60 6 -0.190 -0.232 1.980
60 7 -0.062 -0.367 1.883
60 8 -0.056 -0.410 1.878
60 9 0.281 -0.079 1.979
60 10 0.412 -0.233 1.984
60 11 0.311 -0.341 2.129
60 12 0.288 -0.343 2.166
60 13 0.031 -0.362 2.228
60 14 -0.088 -0.597 2.018
60 15 0.007 -0.894 1.957
60 16 0.026 -0.955 1.908
60 17 0.159 -0.373 2.212
60 18 0.281 -0.636 2.047
60 19 0.218 -0.943 1.987
60 20 0.175 -1.003 1.956
61 1 0.094 -0.323 2.192
61 2 0.094 -0.274 2.152
61 3 0.097 -0.036 1.962
61 4 0.138 0.137 1.877
61 5 -0.030 -0.101 1.974
61 6 -0.188 -0.246 1.993
61 7 -0.060 -0.298 1.851
61 8 -0.031 -0.338 1.819
61 9 0.279 -0.087 1.997
61 10 0.407 -0.250 2.006
61 11 0.303 -0.340 2.149
61 12 0.281 -0.345 2.185
61 13 0.029 -0.374 2.243
61 14 -0.093 -0.599 2.022
61 15 0.012 -0.891 1.966
61 16 0.028 -0.953 1.913
61 17 0.157 -0.381 2.226
61 18 0.281 -0.637 2.048
61 19 0.215 -0.945 1.989
61 20 0.171 -1.004 1.960
62 1 0.091 -0.334 2.212
62 2 0.092 -0.285 2.173
62 3 0.095 -0.045 1.984
62 4 0.134 0.128 1.908
62 5 -0.034 -0.112 1.995
62 6 -0.190 -0.261 2.014
62 7 -0.056 -0.268 1.861
62 8 -0.010 -0.271 1.811
62 9 0.277 -0.102 2.025
62 10 0.402 -0.262 2.025
62 11 0.301 -0.346 2.167
62 12 0.279 -0.352 2.203
62 13 0.027 -0.385 2.257
62 14 -0.097 -0.603 2.028
62 15 0.016 -0.890 1.972
62 16 0.029 -0.952 1.917
62 17 0.153 -0.395 2.256
62 18 0.281 -0.638 2.051
62 19 0.215 -0.946 1.991
62 20 0.186 -1.006 1.958
63 1 0.090 -0.341 2.226
63 2 0.090 -0.293 2.189
63 3 0.090 -0.057 2.019
63 4 0.127 0.120 1.948
63 5 -0.040 -0.124 2.026
63 6 -0.194 -0.275 2.041
63 7 -0.068 -0.222 1.874
63 8 -0.016 -0.209 1.814
63 9 0.276 -0.113 2.052
63 10 0.397 -0.273 2.045
63 11 0.300 -0.356 2.187
63 12 0.276 -0.362 2.224
63 13 0.026 -0.395 2.272
63 14 -0.117 -0.608 2.051
63 15 0.019 -0.882 1.973
63 16 0.030 -0.944 1.916
63 17 0.152 -0.402 2.270
63 18 0.282 -0.640 2.059
63 19 0.213 -0.947 1.992
63 20 0.194 -1.007 1.955
64 1 0.085 -0.362 2.259
64 2 0.085 -0.312 2.223
64 3 0.087 -0.066 2.051
64 4 0.120 0.112 1.990
64 5 -0.047 -0.138 2.057
64 6 -0.201 -0.299 2.086
64 7 -0.106 -0.184 1.910
64 8 -0.064 -0.150 1.847
64 9 0.272 -0.128 2.085
64 10 0.388 -0.291 2.074
64 11 0.299 -0.369 2.205
64 12 0.274 -0.382 2.251
64 13 0.019 -0.420 2.301
64 14 -0.125 -0.609 2.059
64 15 0.020 -0.877 1.976
64 16 0.029 -0.939 1.918
64 17 0.150 -0.421 2.297
64 18 0.282 -0.642 2.065
64 19 0.213 -0.948 1.994
64 20 0.203 -1.009 1.954
65 1 0.081 -0.380 2.283
65 2 0.081 -0.330 2.250
65 3 0.082 -0.080 2.096
65 4 0.112 0.099 2.038
65 5 -0.056 -0.160 2.097
65 6 -0.204 -0.307 2.103
65 7 -0.105 -0.175 1.937
65 8 -0.059 -0.134 1.885
65 9 0.267 -0.141 2.118
65 10 0.379 -0.304 2.095
65 11 0.298 -0.386 2.224
65 12 0.272 -0.403 2.275
65 13 0.011 -0.442 2.323
65 14 -0.129 -0.610 2.063
65 15 0.017 -0.874 1.981
65 16 0.025 -0.935 1.921
65 17 0.149 -0.441 2.319
65 18 0.283 -0.642 2.070
65 19 0.217 -0.950 2.000
65 20 0.205 -1.009 1.961
66 1 0.076 -0.396 2.303
66 2 0.077 -0.346 2.273
66 3 0.085 -0.093 2.142
66 4 0.103 0.088 2.090
66 5 -0.062 -0.175 2.129
66 6 -0.213 -0.327 2.140
66 7 -0.113 -0.184 1.970
66 8 -0.071 -0.142 1.923
66 9 0.265 -0.163 2.158
66 10 0.370 -0.327 2.118
66 11 0.294 -0.410 2.245
66 12 0.267 -0.427 2.298
66 13 0.002 -0.459 2.339
66 14 -0.132 -0.612 2.067
66 15 0.013 -0.873 1.986
66 16 0.019 -0.934 1.925
66 17 0.145 -0.463 2.340
66 18 0.283 -0.642 2.074
66 19 0.222 -0.951 2.008
66 20 0.206 -1.008 1.969
67 1 0.072 -0.412 2.321
67 2 0.073 -0.362 2.296
67 3 0.083 -0.108 2.190
67 4 0.096 0.076 2.141
67 5 -0.074 -0.190 2.174
67 6 -0.216 -0.348 2.187
67 7 -0.139 -0.217 2.006
67 8 -0.113 -0.181 1.958
67 9 0.258 -0.182 2.193
67 10 0.359 -0.349 2.142
67 11 0.286 -0.441 2.266
67 12 0.259 -0.457 2.320
67 13 -0.005 -0.476 2.353
67 14 -0.134 -0.613 2.069
67 15 0.006 -0.874 1.991
67 16 0.012 -0.933 1.928
67 17 0.144 -0.481 2.355
67 18 0.284 -0.642 2.078
67 19 0.219 -0.938 2.047
67 20 0.212 -0.997 1.987
68 1 0.066 -0.434 2.344
68 2 0.069 -0.383 2.323
68 3 0.084 -0.123 2.239
68 4 0.092 0.066 2.198
68 5 -0.082 -0.205 2.215
68 6 -0.219 -0.357 2.206
68 7 -0.146 -0.234 2.029
68 8 -0.122 -0.200 1.980
68 9 0.249 -0.205 2.235
68 10 0.353 -0.363 2.157
68 11 0.280 -0.461 2.282
68 12 0.253 -0.476 2.335
68 13 -0.016 -0.502 2.370
68 14 -0.135 -0.617 2.071
68 15 0.001 -0.877 1.995
68 16 0.007 -0.933 1.930
68 17 0.141 -0.502 2.370
68 18 0.284 -0.644 2.084
68 19 0.218 -0.933 2.066
68 20 0.215 -0.991 1.997
69 1 0.061 -0.451 2.365
69 2 0.064 -0.399 2.348
69 3 0.079 -0.132 2.281
69 4 0.084 0.056 2.255
69 5 -0.092 -0.219 2.262
69 6 -0.234 -0.375 2.244
69 7 -0.151 -0.260 2.070
69 8 -0.125 -0.232 2.030
69 9 0.241 -0.218 2.269
69 10 0.340 -0.381 2.191
69 11 0.271 -0.481 2.312
69 12 0.244 -0.496 2.364
69 13 -0.024 -0.522 2.387
69 14 -0.134 -0.620 2.075
69 15 -0.012 -0.885 1.999
69 16 -0.008 -0.938 1.930
69 17 0.139 -0.518 2.384
69 18 0.282 -0.646 2.092
69 19 0.218 -0.931 2.074
69 20 0.218 -0.988 2.001
70 1 0.056 -0.462 2.383
70 2 0.058 -0.409 2.370
70 3 0.068 -0.137 2.325
70 4 0.072 0.050 2.309
70 5 -0.100 -0.229 2.300
70 6 -0.246 -0.385 2.269
70 7 -0.145 -0.279 2.114
70 8 -0.109 -0.255 2.087
70 9 0.231 -0.227 2.311
70 10 0.331 -0.388 2.219
70 11 0.265 -0.493 2.340
70 12 0.239 -0.507 2.391
70 13 -0.031 -0.533 2.398
70 14 -0.132 -0.624 2.080
70 15 -0.025 -0.892 1.999
70 16 -0.021 -0.942 1.929
70 17 0.136 -0.530 2.399
70 18 0.278 -0.648 2.106
70 19 0.220 -0.931 2.078
70 20 0.222 -0.986 2.001
71 1 0.049 -0.468 2.403
71 2 0.051 -0.414 2.394
71 3 0.061 -0.139 2.362
71 4 0.061 0.048 2.356
71 5 -0.108 -0.230 2.333
71 6 -0.258 -0.386 2.297
71 7 -0.142 -0.295 2.146
71 8 -0.096 -0.279 2.126
71 9 0.218 -0.228 2.353
71 10 0.324 -0.386 2.267
71 11 0.258 -0.501 2.380
71 12 0.231 -0.515 2.431
71 13 -0.038 -0.540 2.412
71 14 -0.130 -0.627 2.091
71 15 -0.040 -0.899 1.995
71 16 -0.036 -0.945 1.922
71 17 0.132 -0.537 2.412
71 18 0.273 -0.647 2.121
71 19 0.244 -0.937 2.049
71 20 0.237 -0.984 1.984
72 1 0.037 -0.462 2.429
72 2 0.038 -0.406 2.424
72 3 0.045 -0.125 2.406
72 4 0.054 0.057 2.393
72 5 -0.120 -0.222 2.368
72 6 -0.268 -0.377 2.336
72 7 -0.142 -0.300 2.177
72 8 -0.096 -0.281 2.155
72 9 0.210 -0.216 2.397
72 10 0.324 -0.368 2.314
72 11 0.254 -0.498 2.418
72 12 0.227 -0.511 2.469
72 13 -0.047 -0.539 2.427
72 14 -0.127 -0.629 2.103
72 15 -0.046 -0.902 1.999
72 16 -0.041 -0.946 1.924
72 17 0.121 -0.535 2.440
72 18 0.261 -0.637 2.152
72 19 0.247 -0.935 2.051
72 20 0.242 -0.979 1.985
73 1 0.030 -0.446 2.449
73 2 0.030 -0.390 2.446
73 3 0.034 -0.106 2.442
73 4 0.043 0.073 2.427
73 5 -0.135 -0.204 2.404
73 6 -0.274 -0.364 2.369
73 7 -0.145 -0.302 2.199
73 8 -0.098 -0.284 2.173
73 9 0.205 -0.200 2.431
73 10 0.327 -0.348 2.364
73 11 0.266 -0.514 2.429
73 12 0.233 -0.521 2.480
73 13 -0.054 -0.533 2.438
73 14 -0.124 -0.630 2.115
73 15 -0.057 -0.907 1.999
73 16 -0.052 -0.948 1.922
73 17 0.114 -0.520 2.457
73 18 0.254 -0.628 2.170
73 19 0.249 -0.931 2.053
73 20 0.245 -0.973 1.985
74 1 0.025 -0.426 2.467
74 2 0.024 -0.368 2.468
74 3 0.022 -0.080 2.483
74 4 0.033 0.093 2.458
74 5 -0.146 -0.185 2.431
74 6 -0.274 -0.350 2.399
74 7 -0.149 -0.290 2.229
74 8 -0.109 -0.257 2.201
74 9 0.199 -0.178 2.474
74 10 0.333 -0.319 2.412
74 11 0.254 -0.496 2.459
74 12 0.228 -0.515 2.499
74 13 -0.060 -0.519 2.450
74 14 -0.121 -0.627 2.129
74 15 -0.064 -0.908 1.999
74 16 -0.058 -0.948 1.921
74 17 0.111 -0.500 2.473
74 18 0.249 -0.619 2.182
74 19 0.251 -0.924 2.054
74 20 0.251 -0.961 1.984
75 1 0.022 -0.408 2.480
75 2 0.021 -0.350 2.484
75 3 0.015 -0.065 2.505
75 4 0.019 0.117 2.492
75 5 -0.157 -0.162 2.460
75 6 -0.275 -0.340 2.420
75 7 -0.152 -0.288 2.245
75 8 -0.113 -0.256 2.212
75 9 0.194 -0.158 2.506
75 10 0.339 -0.298 2.448
75 11 0.253 -0.491 2.470
75 12 0.227 -0.512 2.509
75 13 -0.062 -0.503 2.460
75 14 -0.118 -0.622 2.141
75 15 -0.068 -0.909 1.999
75 16 -0.061 -0.946 1.920
75 17 0.110 -0.481 2.485
75 18 0.245 -0.609 2.190
75 19 0.253 -0.914 2.055
75 20 0.256 -0.947 1.982
76 1 0.016 -0.389 2.490
76 2 0.014 -0.333 2.500
76 3 0.006 -0.047 2.543
76 4 0.011 0.134 2.524
76 5 -0.164 -0.148 2.484
76 6 -0.275 -0.332 2.439
76 7 -0.155 -0.285 2.261
76 8 -0.117 -0.254 2.223
76 9 0.192 -0.139 2.540
76 10 0.349 -0.274 2.486
76 11 0.259 -0.467 2.457
76 12 0.230 -0.499 2.508
76 13 -0.075 -0.476 2.469
76 14 -0.117 -0.620 2.148
76 15 -0.071 -0.906 1.997
76 16 -0.064 -0.941 1.918
76 17 0.107 -0.466 2.490
76 18 0.242 -0.602 2.194
76 19 0.254 -0.902 2.056
76 20 0.261 -0.932 1.981
77 1 0.012 -0.380 2.496
77 2 0.010 -0.324 2.510
77 3 0.001 -0.039 2.561
77 4 0.003 0.143 2.552
77 5 -0.170 -0.140 2.501
77 6 -0.275 -0.327 2.453
77 7 -0.157 -0.280 2.276
77 8 -0.120 -0.252 2.234
77 9 0.190 -0.130 2.560
77 10 0.352 -0.265 2.506
77 11 0.260 -0.459 2.467
77 12 0.231 -0.491 2.518
77 13 -0.080 -0.464 2.474
77 14 -0.116 -0.618 2.152
77 15 -0.073 -0.903 1.996
77 16 -0.065 -0.936 1.916
77 17 0.105 -0.458 2.493
77 18 0.241 -0.596 2.197
77 19 0.255 -0.894 2.057
77 20 0.264 -0.922 1.980
78 1 0.014 -0.370 2.509
78 2 0.011 -0.315 2.531
78 3 -0.005 -0.035 2.591
78 4 -0.008 0.155 2.594
78 5 -0.175 -0.136 2.525
78 6 -0.277 -0.325 2.465
78 7 -0.159 -0.278 2.290
78 8 -0.123 -0.251 2.246
78 9 0.186 -0.120 2.600
78 10 0.346 -0.265 2.529
78 11 0.243 -0.449 2.478
78 12 0.222 -0.480 2.526
78 13 -0.077 -0.453 2.481
78 14 -0.115 -0.616 2.155
78 15 -0.076 -0.892 1.992
78 16 -0.065 -0.922 1.912
78 17 0.110 -0.447 2.502
78 18 0.239 -0.591 2.198
78 19 0.257 -0.882 2.059
78 20 0.268 -0.911 1.980
79 1 0.015 -0.364 2.515
79 2 0.010 -0.312 2.543
79 3 -0.009 -0.037 2.618
79 4 -0.015 0.155 2.619
79 5 -0.179 -0.139 2.548
79 6 -0.278 -0.326 2.483
79 7 -0.163 -0.279 2.305
79 8 -0.129 -0.258 2.263
79 9 0.184 -0.117 2.616
79 10 0.338 -0.266 2.551
79 11 0.237 -0.444 2.482
79 12 0.217 -0.472 2.530
79 13 -0.077 -0.446 2.485
79 14 -0.114 -0.613 2.157
79 15 -0.077 -0.883 1.990
79 16 -0.066 -0.913 1.909
79 17 0.111 -0.442 2.506
79 18 0.238 -0.588 2.198
79 19 0.256 -0.875 2.061
79 20 0.268 -0.903 1.982
80 1 0.015 -0.361 2.522
80 2 0.010 -0.312 2.556
80 3 -0.014 -0.046 2.647
80 4 -0.021 0.141 2.662
80 5 -0.185 -0.150 2.577
80 6 -0.280 -0.330 2.499
80 7 -0.165 -0.284 2.320
80 8 -0.132 -0.274 2.279
80 9 0.183 -0.129 2.641
80 10 0.330 -0.270 2.570
80 11 0.234 -0.440 2.485
80 12 0.213 -0.467 2.533
80 13 -0.076 -0.443 2.488
80 14 -0.114 -0.611 2.158
80 15 -0.077 -0.876 1.988
80 16 -0.066 -0.906 1.908
80 17 0.112 -0.439 2.510
80 18 0.238 -0.586 2.198
80 19 0.255 -0.869 2.065
80 20 0.268 -0.898 1.984
81 1 0.015 -0.363 2.534
81 2 0.008 -0.321 2.578
81 3 -0.019 -0.063 2.685
81 4 -0.026 0.128 2.687
81 5 -0.188 -0.163 2.604
81 6 -0.279 -0.342 2.523
81 7 -0.170 -0.294 2.336
81 8 -0.140 -0.294 2.295
81 9 0.180 -0.142 2.661
81 10 0.325 -0.283 2.586
81 11 0.231 -0.441 2.488
81 12 0.211 -0.465 2.536
81 13 -0.075 -0.441 2.492
81 14 -0.113 -0.609 2.159
81 15 -0.077 -0.869 1.986
81 16 -0.066 -0.900 1.906
81 17 0.113 -0.438 2.514
81 18 0.237 -0.584 2.198
81 19 0.254 -0.865 2.068
81 20 0.267 -0.894 1.987
82 1 0.014 -0.368 2.547
82 2 0.005 -0.330 2.596
82 3 -0.023 -0.076 2.708
82 4 -0.038 0.108 2.729
82 5 -0.191 -0.177 2.627
82 6 -0.279 -0.352 2.540
82 7 -0.176 -0.303 2.349
82 8 -0.147 -0.303 2.305
82 9 0.176 -0.163 2.684
82 10 0.304 -0.315 2.631
82 11 0.233 -0.442 2.487
82 12 0.208 -0.478 2.511
82 13 -0.073 -0.443 2.498
82 14 -0.112 -0.608 2.160
82 15 -0.077 -0.862 1.986
82 16 -0.065 -0.895 1.906
82 17 0.113 -0.440 2.520
82 18 0.237 -0.583 2.198
82 19 0.249 -0.825 2.085
82 20 0.272 -0.852 2.015
83 1 0.011 -0.393 2.597
83 2 0.002 -0.356 2.645
83 3 -0.028 -0.094 2.737
83 4 -0.043 0.092 2.755
83 5 -0.194 -0.195 2.654
83 6 -0.278 -0.363 2.557
83 7 -0.182 -0.312 2.363
83 8 -0.155 -0.311 2.315
83 9 0.169 -0.185 2.701
83 10 0.288 -0.344 2.661
83 11 0.234 -0.444 2.486
83 12 0.202 -0.489 2.492
83 13 -0.068 -0.470 2.549
83 14 -0.111 -0.607 2.160
83 15 -0.077 -0.820 2.002
83 16 -0.060 -0.767 1.978
83 17 0.107 -0.460 2.571
83 18 0.236 -0.582 2.198
83 19 0.246 -0.807 2.093
83 20 0.273 -0.831 2.030
84 1 0.008 -0.403 2.617
84 2 -0.001 -0.367 2.666
84 3 -0.032 -0.107 2.760
84 4 -0.049 0.079 2.778
84 5 -0.199 -0.211 2.691
84 6 -0.277 -0.373 2.573
84 7 -0.188 -0.319 2.376
84 8 -0.164 -0.317 2.326
84 9 0.161 -0.203 2.718
84 10 0.281 -0.356 2.674
84 11 0.231 -0.458 2.493
84 12 0.195 -0.501 2.469
84 13 -0.069 -0.476 2.565
84 14 -0.111 -0.606 2.160
84 15 -0.056 -0.798 2.028
84 16 -0.084 -0.757 1.997
84 17 0.102 -0.468 2.588
84 18 0.235 -0.582 2.197
84 19 0.245 -0.798 2.097
84 20 0.274 -0.823 2.037
85 1 0.007 -0.407 2.627
85 2 -0.002 -0.373 2.677
85 3 -0.040 -0.120 2.789
85 4 -0.052 0.069 2.804
85 5 -0.205 -0.221 2.725
85 6 -0.280 -0.381 2.598
85 7 -0.196 -0.332 2.397
85 8 -0.174 -0.330 2.349
85 9 0.152 -0.218 2.737
85 10 0.276 -0.366 2.689
85 11 0.229 -0.491 2.532
85 12 0.196 -0.507 2.469
85 13 -0.069 -0.480 2.574
85 14 -0.110 -0.605 2.161
85 15 -0.051 -0.789 2.036
85 16 -0.096 -0.751 2.006
85 17 0.100 -0.471 2.596
85 18 0.235 -0.582 2.197
85 19 0.244 -0.793 2.100
85 20 0.274 -0.818 2.041
86 1 -0.000 -0.407 2.638
86 2 -0.007 -0.376 2.688
86 3 -0.044 -0.132 2.814
86 4 -0.055 0.054 2.835
86 5 -0.210 -0.231 2.754
86 6 -0.282 -0.387 2.614
86 7 -0.182 -0.475 2.481
86 8 -0.147 -0.518 2.446
86 9 0.145 -0.231 2.756
86 10 0.271 -0.378 2.707
86 11 0.230 -0.517 2.560
86 12 0.208 -0.546 2.491
86 13 -0.079 -0.475 2.583
86 14 -0.110 -0.605 2.161
86 15 -0.042 -0.787 2.046
86 16 -0.096 -0.757 2.013
86 17 0.095 -0.470 2.603
86 18 0.235 -0.582 2.196
86 19 0.242 -0.790 2.101
86 20 0.275 -0.816 2.045
87 1 -0.009 -0.406 2.648
87 2 -0.015 -0.379 2.700
87 3 -0.047 -0.147 2.848
87 4 -0.060 0.043 2.858
87 5 -0.213 -0.239 2.776
87 6 -0.280 -0.392 2.634
87 7 -0.211 -0.511 2.490
87 8 -0.193 -0.543 2.435
87 9 0.138 -0.241 2.776
87 10 0.264 -0.387 2.722
87 11 0.231 -0.523 2.568
87 12 0.218 -0.553 2.493
87 13 -0.102 -0.465 2.616
87 14 -0.109 -0.601 2.170
87 15 -0.039 -0.783 2.056
87 16 -0.093 -0.766 2.016
87 17 0.090 -0.469 2.606
87 18 0.234 -0.582 2.196
87 19 0.222 -0.806 2.126
87 20 0.266 -0.813 2.059
88 1 -0.068 -0.402 2.640
88 2 -0.065 -0.383 2.699
88 3 -0.052 -0.157 2.873
88 4 -0.066 0.031 2.902
88 5 -0.215 -0.248 2.797
88 6 -0.277 -0.397 2.648
88 7 -0.209 -0.525 2.499
88 8 -0.183 -0.557 2.446
88 9 0.130 -0.250 2.793
88 10 0.257 -0.395 2.733
88 11 0.232 -0.527 2.574
88 12 0.223 -0.559 2.497
88 13 -0.168 -0.443 2.605
88 14 -0.109 -0.600 2.172
88 15 -0.072 -0.777 2.023
88 16 -0.097 -0.817 1.975
88 17 0.013 -0.466 2.577
88 18 0.234 -0.582 2.196
88 19 0.216 -0.807 2.130
88 20 0.264 -0.812 2.064
89 1 -0.104 -0.400 2.632
89 2 -0.092 -0.385 2.696
89 3 -0.055 -0.164 2.889
89 4 -0.070 0.023 2.924
89 5 -0.216 -0.257 2.816
89 6 -0.276 -0.401 2.660
89 7 -0.209 -0.524 2.505
89 8 -0.185 -0.552 2.449
89 9 0.119 -0.257 2.808
89 10 0.252 -0.399 2.741
89 11 0.232 -0.533 2.581
89 12 0.228 -0.576 2.520
89 13 -0.209 -0.428 2.586
89 14 -0.109 -0.599 2.172
89 15 -0.099 -0.775 2.000
89 16 -0.065 -0.828 1.992
89 17 -0.025 -0.474 2.568
89 18 0.234 -0.581 2.196
89 19 0.213 -0.809 2.131
89 20 0.263 -0.811 2.067
90 1 -0.107 -0.408 2.620
90 2 -0.097 -0.391 2.690
90 3 -0.057 -0.168 2.898
90 4 -0.075 0.017 2.941
90 5 -0.236 -0.279 2.849
90 6 -0.292 -0.416 2.690
90 7 -0.190 -0.473 2.548
90 8 -0.148 -0.474 2.498
90 9 0.110 -0.262 2.818
90 10 0.248 -0.401 2.746
90 11 0.234 -0.536 2.589
90 12 0.234 -0.583 2.531
90 13 -0.169 -0.445 2.546
90 14 -0.109 -0.598 2.172
90 15 -0.108 -0.773 1.994
90 16 -0.052 -0.832 1.995
90 17 -0.040 -0.477 2.563
90 18 0.233 -0.581 2.196
90 19 0.211 -0.809 2.130
90 20 0.264 -0.810 2.069
91 1 -0.104 -0.415 2.611
91 2 -0.097 -0.397 2.684
91 3 -0.058 -0.171 2.905
91 4 -0.078 0.014 2.951
91 5 -0.242 -0.287 2.860
91 6 -0.302 -0.426 2.707
91 7 -0.176 -0.466 2.578
91 8 -0.128 -0.473 2.530
91 9 0.103 -0.265 2.824
91 10 0.224 -0.422 2.726
91 11 0.343 -0.486 2.631
91 12 0.374 -0.460 2.597
91 13 -0.164 -0.452 2.535
91 14 -0.109 -0.597 2.172
91 15 -0.113 -0.772 1.990
91 16 -0.046 -0.836 1.995
91 17 -0.047 -0.480 2.559
91 18 0.233 -0.581 2.196
91 19 0.226 -0.800 2.103
91 20 0.280 -0.816 2.062
92 1 -0.099 -0.420 2.606
92 2 -0.094 -0.400 2.679
92 3 -0.062 -0.172 2.909
92 4 -0.079 0.011 2.958
92 5 -0.245 -0.291 2.867
92 6 -0.299 -0.433 2.712
92 7 -0.166 -0.474 2.573
92 8 -0.118 -0.484 2.522
92 9 0.098 -0.267 2.828
92 10 0.220 -0.418 2.730
92 11 0.321 -0.483 2.607
92 12 0.282 -0.485 2.527
92 13 -0.156 -0.456 2.530
92 14 -0.110 -0.596 2.172
92 15 -0.083 -0.779 2.007
92 16 -0.078 -0.814 1.984
92 17 -0.047 -0.482 2.554
92 18 0.233 -0.580 2.196
92 19 0.231 -0.797 2.095
92 20 0.289 -0.819 2.057
93 1 -0.097 -0.424 2.602
93 2 -0.092 -0.404 2.676
93 3 -0.066 -0.173 2.910
93 4 -0.081 0.010 2.963
93 5 -0.245 -0.293 2.865
93 6 -0.296 -0.438 2.714
93 7 -0.161 -0.482 2.564
93 8 -0.114 -0.496 2.511
93 9 0.094 -0.268 2.829
93 10 0.218 -0.417 2.732
93 11 0.285 -0.497 2.581
93 12 0.285 -0.498 2.537
93 13 -0.151 -0.462 2.530
93 14 -0.111 -0.595 2.171
93 15 -0.064 -0.782 2.018
93 16 -0.096 -0.801 1.978
93 17 -0.045 -0.484 2.551
93 18 0.232 -0.580 2.195
93 19 0.237 -0.799 2.085
93 20 0.306 -0.819 2.050
94 1 -0.094 -0.427 2.602
94 2 -0.090 -0.406 2.674
94 3 -0.069 -0.173 2.910
94 4 -0.082 0.009 2.966
94 5 -0.245 -0.293 2.860
94 6 -0.291 -0.442 2.712
94 7 -0.158 -0.490 2.554
94 8 -0.114 -0.507 2.499
94 9 0.090 -0.267 2.828
94 10 0.218 -0.415 2.732
94 11 0.281 -0.511 2.574
94 12 0.270 -0.523 2.529
94 13 -0.148 -0.467 2.535
94 14 -0.113 -0.594 2.170
94 15 -0.056 -0.784 2.024
94 16 -0.104 -0.795 1.976
94 17 -0.040 -0.485 2.550
94 18 0.232 -0.579 2.195
94 19 0.242 -0.800 2.078
94 20 0.315 -0.818 2.045
95 1 -0.122 -0.423 2.623
95 2 -0.109 -0.403 2.686
95 3 -0.071 -0.172 2.909
95 4 -0.084 0.010 2.967
95 5 -0.243 -0.291 2.851
95 6 -0.287 -0.445 2.708
95 7 -0.157 -0.496 2.544
95 8 -0.115 -0.515 2.490
95 9 0.087 -0.266 2.823
95 10 0.219 -0.414 2.731
95 11 0.284 -0.527 2.573
95 12 0.268 -0.543 2.528
95 13 -0.208 -0.461 2.593
95 14 -0.121 -0.588 2.181
95 15 -0.052 -0.780 2.048
95 16 -0.105 -0.790 1.979
95 17 -0.052 -0.482 2.550
95 18 0.224 -0.576 2.201
95 19 0.245 -0.801 2.074
95 20 0.320 -0.818 2.043
96 1 -0.135 -0.420 2.632
96 2 -0.118 -0.401 2.692
96 3 -0.073 -0.171 2.907
96 4 -0.085 0.012 2.964
96 5 -0.241 -0.289 2.843
96 6 -0.283 -0.447 2.703
96 7 -0.157 -0.501 2.535
96 8 -0.117 -0.522 2.481
96 9 0.085 -0.264 2.816
96 10 0.220 -0.416 2.715
96 11 0.295 -0.572 2.599
96 12 0.277 -0.596 2.551
96 13 -0.235 -0.458 2.618
96 14 -0.126 -0.585 2.186
96 15 -0.050 -0.779 2.058
96 16 -0.104 -0.787 1.983
96 17 -0.059 -0.480 2.550
96 18 0.219 -0.573 2.204
96 19 0.247 -0.802 2.071
96 20 0.323 -0.817 2.041
97 1 -0.149 -0.419 2.644
97 2 -0.128 -0.400 2.699
97 3 -0.074 -0.170 2.905
97 4 -0.087 0.014 2.959
97 5 -0.241 -0.288 2.840
97 6 -0.280 -0.447 2.697
97 7 -0.089 -0.452 2.522
97 8 -0.027 -0.455 2.471
97 9 0.084 -0.263 2.808
97 10 0.221 -0.417 2.707
97 11 0.271 -0.605 2.611
97 12 0.261 -0.624 2.558
97 13 -0.269 -0.458 2.645
97 14 -0.136 -0.580 2.200
97 15 -0.055 -0.775 2.074
97 16 -0.102 -0.785 1.986
97 17 -0.072 -0.481 2.557
97 18 0.208 -0.569 2.212
97 19 0.209 -0.795 2.109
97 20 0.287 -0.810 2.060
98 1 -0.114 -0.436 2.613
98 2 -0.104 -0.414 2.677
98 3 -0.075 -0.169 2.903
98 4 -0.088 0.015 2.953
98 5 -0.241 -0.287 2.836
98 6 -0.290 -0.453 2.713
98 7 -0.064 -0.426 2.547
98 8 0.016 -0.410 2.509
98 9 0.083 -0.263 2.801
98 10 0.219 -0.418 2.700
98 11 0.266 -0.616 2.613
98 12 0.257 -0.637 2.560
98 13 -0.191 -0.473 2.586
98 14 -0.137 -0.586 2.182
98 15 -0.053 -0.780 2.057
98 16 -0.104 -0.785 1.986
98 17 -0.038 -0.498 2.529
98 18 0.209 -0.568 2.207
98 19 0.204 -0.794 2.113
98 20 0.281 -0.808 2.062
99 1 -0.093 -0.445 2.595
99 2 -0.090 -0.421 2.664
99 3 -0.076 -0.169 2.901
99 4 -0.088 0.016 2.946
99 5 -0.241 -0.287 2.835
99 6 -0.295 -0.457 2.722
99 7 -0.053 -0.414 2.560
99 8 0.032 -0.393 2.522
99 9 0.083 -0.263 2.796
99 10 0.218 -0.419 2.696
99 11 0.259 -0.620 2.610
99 12 0.252 -0.644 2.560
99 13 -0.182 -0.475 2.576
99 14 -0.138 -0.589 2.171
99 15 -0.054 -0.785 2.043
99 16 -0.106 -0.785 1.985
99 17 -0.015 -0.507 2.512
99 18 0.211 -0.568 2.202
99 19 0.200 -0.794 2.116
99 20 0.277 -0.808 2.063
100 1 -0.082 -0.449 2.586
100 2 -0.082 -0.425 2.657
100 3 -0.077 -0.169 2.899
100 4 -0.087 0.016 2.940
100 5 -0.241 -0.287 2.833
100 6 -0.299 -0.459 2.727
100 7 -0.047 -0.407 2.569
100 8 0.041 -0.384 2.531
100 9 0.082 -0.264 2.793
100 10 0.217 -0.420 2.694
100 11 0.248 -0.621 2.607
100 12 0.243 -0.649 2.560
100 13 -0.154 -0.478 2.554
100 14 -0.138 -0.592 2.163
100 15 -0.055 -0.788 2.034
100 16 -0.109 -0.786 1.983
100 17 -0.005 -0.511 2.505
100 18 0.212 -0.568 2.198
100 19 0.198 -0.793 2.118
100 20 0.274 -0.807 2.064
101 1 -0.077 -0.451 2.581
101 2 -0.078 -0.427 2.653
101 3 -0.087 -0.201 2.860
101 4 -0.085 0.013 2.934
101 5 -0.241 -0.287 2.832
101 6 -0.301 -0.460 2.731
101 7 -0.046 -0.403 2.577
101 8 0.042 -0.380 2.539
101 9 0.081 -0.264 2.791
101 10 0.216 -0.421 2.692
101 11 0.240 -0.619 2.604
101 12 0.236 -0.651 2.558
101 13 -0.128 -0.478 2.532
101 14 -0.138 -0.596 2.156
101 15 -0.056 -0.791 2.028
101 16 -0.111 -0.787 1.982
101 17 -0.001 -0.512 2.504
101 18 0.213 -0.568 2.195
101 19 0.196 -0.793 2.118
101 20 0.272 -0.807 2.064
102 1 -0.073 -0.452 2.579
102 2 -0.075 -0.428 2.650
102 3 -0.090 -0.202 2.859
102 4 -0.084 0.011 2.931
102 5 -0.240 -0.286 2.831
102 6 -0.302 -0.461 2.733
102 7 -0.072 -0.420 2.566
102 8 0.028 -0.402 2.481
102 9 0.081 -0.264 2.790
102 10 0.215 -0.422 2.692
102 11 0.237 -0.617 2.603
102 12 0.232 -0.651 2.557
102 13 -0.119 -0.478 2.525
102 14 -0.138 -0.598 2.152
102 15 -0.057 -0.793 2.023
102 16 -0.113 -0.787 1.981
102 17 -0.003 -0.507 2.513
102 18 0.214 -0.568 2.192
102 19 0.197 -0.794 2.117
102 20 0.272 -0.807 2.063
103 1 -0.072 -0.449 2.583
103 2 -0.073 -0.428 2.651
103 3 -0.090 -0.198 2.863
103 4 -0.083 0.010 2.928
103 5 -0.240 -0.286 2.830
103 6 -0.303 -0.461 2.735
103 7 -0.081 -0.426 2.563
103 8 0.019 -0.414 2.453
103 9 0.081 -0.265 2.789
103 10 0.215 -0.423 2.692
103 11 0.238 -0.614 2.603
103 12 0.230 -0.651 2.557
103 13 -0.118 -0.477 2.526
103 14 -0.138 -0.600 2.149
103 15 -0.058 -0.795 2.021
103 16 -0.115 -0.787 1.981
103 17 -0.010 -0.500 2.530
103 18 0.214 -0.568 2.191
103 19 0.198 -0.794 2.116
103 20 0.271 -0.807 2.062
104 1 -0.096 -0.438 2.611
104 2 -0.087 -0.420 2.669
104 3 -0.089 -0.194 2.868
104 4 -0.082 0.009 2.926
104 5 -0.239 -0.287 2.829
104 6 -0.304 -0.462 2.736
104 7 -0.087 -0.431 2.561
104 8 0.015 -0.421 2.438
104 9 0.081 -0.265 2.788
104 10 0.214 -0.417 2.707
104 11 0.233 -0.582 2.596
104 12 0.224 -0.630 2.552
104 13 -0.171 -0.468 2.570
104 14 -0.138 -0.600 2.150
104 15 -0.060 -0.796 2.023
104 16 -0.116 -0.789 1.980
104 17 -0.026 -0.495 2.549
104 18 0.215 -0.568 2.190
104 19 0.198 -0.794 2.115
104 20 0.272 -0.807 2.061
105 1 -0.116 -0.431 2.627
105 2 -0.100 -0.414 2.682
105 3 -0.088 -0.189 2.873
105 4 -0.082 0.008 2.925
105 5 -0.239 -0.287 2.829
105 6 -0.304 -0.462 2.737
105 7 -0.091 -0.434 2.558
105 8 0.012 -0.425 2.429
105 9 0.080 -0.266 2.787
105 10 0.214 -0.414 2.717
105 11 0.231 -0.567 2.593
105 12 0.219 -0.615 2.548
105 13 -0.208 -0.464 2.591
105 14 -0.138 -0.598 2.152
105 15 -0.102 -0.794 2.023
105 16 -0.087 -0.798 1.981
105 17 -0.042 -0.493 2.562
105 18 0.214 -0.568 2.190
105 19 0.198 -0.794 2.115
105 20 0.272 -0.807 2.060
106 1 -0.122 -0.429 2.632
106 2 -0.106 -0.412 2.686
106 3 -0.086 -0.186 2.877
106 4 -0.081 0.008 2.923
106 5 -0.239 -0.287 2.828
106 6 -0.305 -0.462 2.737
106 7 -0.094 -0.437 2.557
106 8 0.010 -0.428 2.423
106 9 0.080 -0.266 2.787
106 10 0.215 -0.411 2.724
106 11 0.229 -0.560 2.592
106 12 0.216 -0.605 2.546
106 13 -0.218 -0.461 2.596
106 14 -0.137 -0.597 2.152
106 15 -0.130 -0.797 2.023
106 16 -0.111 -0.841 1.978
106 17 -0.049 -0.492 2.567
106 18 0.213 -0.568 2.190
106 19 0.198 -0.793 2.115
106 20 0.272 -0.808 2.059
107 1 -0.144 -0.428 2.647
107 2 -0.120 -0.410 2.698
107 3 -0.085 -0.184 2.880
107 4 -0.081 0.007 2.922
107 5 -0.238 -0.287 2.828
107 6 -0.305 -0.463 2.738
107 7 -0.097 -0.441 2.554
107 8 0.008 -0.431 2.419
107 9 0.080 -0.266 2.787
107 10 0.212 -0.415 2.718
107 11 0.230 -0.573 2.593
107 12 0.215 -0.604 2.546
107 13 -0.254 -0.466 2.628
107 14 -0.146 -0.582 2.183
107 15 -0.178 -0.796 2.076
107 16 -0.133 -0.852 2.008
107 17 -0.072 -0.491 2.574
107 18 0.203 -0.565 2.200
107 19 0.197 -0.793 2.118
107 20 0.270 -0.807 2.060
108 1 -0.154 -0.428 2.653
108 2 -0.130 -0.410 2.704
108 3 -0.084 -0.182 2.881
108 4 -0.081 0.007 2.922
108 5 -0.238 -0.287 2.828
108 6 -0.305 -0.463 2.738
108 7 -0.099 -0.443 2.552
108 8 0.007 -0.434 2.416
108 9 0.080 -0.267 2.787
108 10 0.210 -0.418 2.713
108 11 0.230 -0.582 2.594
108 12 0.214 -0.605 2.545
108 13 -0.267 -0.467 2.640
108 14 -0.152 -0.575 2.196
108 15 -0.207 -0.795 2.112
108 16 -0.158 -0.852 2.045
108 17 -0.083 -0.491 2.578
108 18 0.196 -0.564 2.208
108 19 0.198 -0.793 2.116
108 20 0.270 -0.807 2.059
109 1 -0.160 -0.430 2.654
109 2 -0.135 -0.410 2.707
109 3 -0.083 -0.181 2.883
109 4 -0.081 0.007 2.921
109 5 -0.238 -0.287 2.827
109 6 -0.305 -0.463 2.738
109 7 -0.100 -0.445 2.551
109 8 0.006 -0.437 2.414
109 9 0.080 -0.267 2.787
109 10 0.209 -0.421 2.708
109 11 0.230 -0.587 2.593
109 12 0.213 -0.606 2.544
109 13 -0.267 -0.471 2.629
109 14 -0.155 -0.574 2.192
109 15 -0.218 -0.796 2.117
109 16 -0.164 -0.857 2.054
109 17 -0.091 -0.493 2.579
109 18 0.192 -0.563 2.211
109 19 0.195 -0.792 2.121
109 20 0.268 -0.807 2.061
110 1 -0.165 -0.431 2.656
110 2 -0.139 -0.410 2.709
110 3 -0.083 -0.180 2.884
110 4 -0.082 0.006 2.921
110 5 -0.237 -0.288 2.827
110 6 -0.305 -0.463 2.738
110 7 -0.102 -0.448 2.551
110 8 0.005 -0.440 2.414
110 9 0.079 -0.268 2.787
110 10 0.218 -0.410 2.728
110 11 0.214 -0.560 2.594
110 12 0.206 -0.594 2.544
110 13 -0.271 -0.472 2.629
110 14 -0.157 -0.572 2.193
110 15 -0.224 -0.797 2.121
110 16 -0.168 -0.860 2.061
110 17 -0.096 -0.494 2.581
110 18 0.188 -0.562 2.216
110 19 0.187 -0.790 2.130
110 20 0.261 -0.806 2.067
111 1 -0.136 -0.430 2.632
111 2 -0.127 -0.411 2.697
111 3 -0.083 -0.180 2.884
111 4 -0.083 0.006 2.920
111 5 -0.237 -0.288 2.827
111 6 -0.305 -0.463 2.738
111 7 -0.102 -0.449 2.550
111 8 0.004 -0.443 2.415
111 9 0.079 -0.268 2.787
111 10 0.216 -0.414 2.721
111 11 0.217 -0.573 2.596
111 12 0.205 -0.598 2.545
111 13 -0.227 -0.469 2.595
111 14 -0.158 -0.576 2.179
111 15 -0.224 -0.799 2.092
111 16 -0.171 -0.861 2.065
111 17 -0.065 -0.489 2.561
111 18 0.199 -0.565 2.201
111 19 0.189 -0.790 2.127
111 20 0.263 -0.806 2.064
112 1 -0.123 -0.430 2.620
112 2 -0.120 -0.412 2.689
112 3 -0.082 -0.180 2.885
112 4 -0.084 0.005 2.920
112 5 -0.237 -0.289 2.827
112 6 -0.305 -0.464 2.738
112 7 -0.103 -0.451 2.550
112 8 0.004 -0.446 2.416
112 9 0.079 -0.269 2.788
112 10 0.215 -0.416 2.717
112 11 0.217 -0.581 2.596
112 12 0.205 -0.602 2.545
112 13 -0.201 -0.466 2.573
112 14 -0.158 -0.578 2.171
112 15 -0.223 -0.800 2.077
112 16 -0.169 -0.859 2.066
112 17 -0.055 -0.487 2.552
112 18 0.205 -0.566 2.194
112 19 0.253 -0.773 2.080
112 20 0.270 -0.826 2.032
113 1 -0.117 -0.430 2.614
113 2 -0.115 -0.412 2.684
113 3 -0.082 -0.180 2.885
113 4 -0.084 0.005 2.920
113 5 -0.238 -0.290 2.828
113 6 -0.306 -0.465 2.739
113 7 -0.104 -0.452 2.551
113 8 0.003 -0.448 2.418
113 9 0.078 -0.269 2.788
113 10 0.214 -0.418 2.715
113 11 0.221 -0.587 2.599
113 12 0.206 -0.606 2.547
113 13 -0.191 -0.466 2.565
113 14 -0.159 -0.580 2.165
113 15 -0.171 -0.808 2.080
113 16 -0.116 -0.857 2.079
113 17 -0.050 -0.487 2.549
113 18 0.207 -0.567 2.191
113 19 0.272 -0.767 2.067
113 20 0.272 -0.834 2.020
114 1 -0.114 -0.429 2.612
114 2 -0.113 -0.412 2.682
114 3 -0.082 -0.179 2.885
114 4 -0.085 0.005 2.920
114 5 -0.238 -0.291 2.828
114 6 -0.306 -0.466 2.741
114 7 -0.104 -0.454 2.552
114 8 0.003 -0.450 2.421
114 9 0.078 -0.269 2.788
114 10 0.214 -0.420 2.714
114 11 0.223 -0.591 2.600
114 12 0.207 -0.610 2.548
114 13 -0.185 -0.466 2.564
114 14 -0.159 -0.581 2.162
114 15 -0.172 -0.806 2.065
114 16 -0.109 -0.847 2.075
114 17 -0.049 -0.484 2.545
114 18 0.208 -0.567 2.189
114 19 0.283 -0.764 2.060
114 20 0.272 -0.838 2.014
115 1 -0.113 -0.429 2.611
115 2 -0.112 -0.412 2.681
115 3 -0.082 -0.179 2.886
115 4 -0.086 0.004 2.920
115 5 -0.238 -0.292 2.828
115 6 -0.307 -0.467 2.742
115 7 -0.105 -0.455 2.552
115 8 0.002 -0.451 2.423
115 9 0.078 -0.270 2.788
115 10 0.214 -0.422 2.709
115 11 0.234 -0.609 2.620
115 12 0.213 -0.624 2.561
115 13 -0.184 -0.468 2.569
115 14 -0.159 -0.582 2.159
115 15 -0.176 -0.806 2.056
115 16 -0.107 -0.837 2.070
115 17 -0.050 -0.482 2.545
115 18 0.209 -0.567 2.188
115 19 0.290 -0.761 2.055
115 20 0.272 -0.840 2.011
116 1 -0.112 -0.429 2.611
116 2 -0.111 -0.412 2.680
116 3 -0.082 -0.180 2.886
116 4 -0.087 0.004 2.920
116 5 -0.238 -0.292 2.829
116 6 -0.307 -0.468 2.743
116 7 -0.105 -0.456 2.553
116 8 0.002 -0.452 2.425
116 9 0.078 -0.270 2.789
116 10 0.214 -0.423 2.707
116 11 0.236 -0.613 2.624
116 12 0.215 -0.629 2.565
116 13 -0.182 -0.468 2.570
116 14 -0.159 -0.583 2.154
116 15 -0.181 -0.806 2.050
116 16 -0.107 -0.828 2.066
116 17 -0.048 -0.482 2.544
116 18 0.210 -0.567 2.188
116 19 0.295 -0.760 2.052
116 20 0.272 -0.842 2.009
117 1 -0.112 -0.429 2.612
117 2 -0.110 -0.412 2.679
117 3 -0.082 -0.180 2.886
117 4 -0.087 0.004 2.920
117 5 -0.238 -0.293 2.829
117 6 -0.307 -0.469 2.744
117 7 -0.105 -0.457 2.554
117 8 0.002 -0.453 2.427
117 9 0.077 -0.270 2.789
117 10 0.217 -0.418 2.715
117 11 0.229 -0.594 2.620
117 12 0.214 -0.626 2.567
117 13 -0.184 -0.469 2.574
117 14 -0.160 -0.584 2.152
117 15 -0.191 -0.806 2.050
117 16 -0.119 -0.824 2.058
117 17 -0.048 -0.482 2.546
117 18 0.210 -0.567 2.187
117 19 0.296 -0.759 2.052
117 20 0.272 -0.842 2.009
118 1 -0.139 -0.430 2.638
118 2 -0.121 -0.412 2.692
118 3 -0.083 -0.180 2.886
118 4 -0.088 0.003 2.919
118 5 -0.238 -0.294 2.829
118 6 -0.308 -0.469 2.745
118 7 -0.106 -0.458 2.555
118 8 0.002 -0.454 2.429
118 9 0.077 -0.271 2.789
118 10 0.218 -0.414 2.721
118 11 0.227 -0.581 2.616
118 12 0.214 -0.621 2.567
118 13 -0.227 -0.473 2.613
118 14 -0.167 -0.579 2.178
118 15 -0.200 -0.808 2.051
118 16 -0.128 -0.822 2.052
118 17 -0.064 -0.486 2.558
118 18 0.203 -0.565 2.198
118 19 0.281 -0.759 2.077
118 20 0.263 -0.837 2.024
119 1 -0.140 -0.431 2.641
119 2 -0.123 -0.412 2.694
119 3 -0.083 -0.180 2.886
119 4 -0.089 0.003 2.919
119 5 -0.238 -0.294 2.830
119 6 -0.308 -0.470 2.745
119 7 -0.107 -0.461 2.555
119 8 -0.000 -0.459 2.428
119 9 0.077 -0.271 2.789
119 10 0.218 -0.412 2.723
119 11 0.228 -0.575 2.612
119 12 0.214 -0.618 2.565
119 13 -0.229 -0.473 2.618
119 14 -0.168 -0.580 2.178
119 15 -0.206 -0.810 2.052
119 16 -0.132 -0.821 2.050
119 17 -0.066 -0.486 2.561
119 18 0.202 -0.564 2.200
119 19 0.279 -0.760 2.081
119 20 0.262 -0.836 2.027
120 1 -0.140 -0.431 2.643
120 2 -0.123 -0.412 2.695
120 3 -0.083 -0.180 2.886
120 4 -0.089 0.003 2.919
120 5 -0.238 -0.295 2.830
120 6 -0.309 -0.471 2.745
120 7 -0.109 -0.463 2.555
120 8 -0.002 -0.462 2.429
120 9 0.077 -0.271 2.790
120 10 0.219 -0.412 2.724
120 11 0.229 -0.572 2.609
120 12 0.215 -0.615 2.563
120 13 -0.226 -0.474 2.619
120 14 -0.167 -0.580 2.177
120 15 -0.206 -0.809 2.054
120 16 -0.134 -0.797 2.049
120 17 -0.067 -0.487 2.562
120 18 0.202 -0.564 2.201
120 19 0.277 -0.760 2.084
120 20 0.261 -0.835 2.029
121 1 -0.157 -0.433 2.661
121 2 -0.136 -0.412 2.711
121 3 -0.083 -0.180 2.886
121 4 -0.090 0.003 2.919
121 5 -0.238 -0.295 2.830
121 6 -0.313 -0.471 2.750
121 7 -0.113 -0.465 2.560
121 8 -0.007 -0.464 2.434
121 9 0.077 -0.271 2.790
121 10 0.219 -0.411 2.725
121 11 0.230 -0.571 2.606
121 12 0.216 -0.613 2.562
121 13 -0.252 -0.479 2.640
121 14 -0.171 -0.577 2.191
121 15 -0.222 -0.800 2.098
121 16 -0.145 -0.796 2.050
121 17 -0.095 -0.491 2.589
121 18 0.180 -0.558 2.232
121 19 0.250 -0.758 2.116
121 20 0.272 -0.818 2.047
122 1 -0.147 -0.432 2.657
122 2 -0.134 -0.412 2.713
122 3 -0.083 -0.180 2.886
122 4 -0.090 0.003 2.919
122 5 -0.239 -0.295 2.830
122 6 -0.314 -0.474 2.747
122 7 -0.115 -0.471 2.557
122 8 -0.009 -0.471 2.430
122 9 0.077 -0.271 2.790
122 10 0.219 -0.411 2.726
122 11 0.230 -0.569 2.604
122 12 0.216 -0.610 2.560
122 13 -0.233 -0.477 2.629
122 14 -0.170 -0.578 2.188
122 15 -0.223 -0.799 2.104
122 16 -0.151 -0.803 2.046
122 17 -0.081 -0.490 2.585
122 18 0.187 -0.559 2.227
122 19 0.253 -0.761 2.111
122 20 0.272 -0.818 2.048
123 1 -0.137 -0.432 2.650
123 2 -0.130 -0.412 2.711
123 3 -0.083 -0.180 2.886
123 4 -0.090 0.003 2.919
123 5 -0.239 -0.296 2.831
123 6 -0.315 -0.474 2.748
123 7 -0.116 -0.471 2.557
123 8 -0.008 -0.471 2.428
123 9 0.077 -0.272 2.790
123 10 0.218 -0.411 2.726
123 11 0.231 -0.568 2.603
123 12 0.217 -0.609 2.559
123 13 -0.216 -0.476 2.614
123 14 -0.168 -0.580 2.177
123 15 -0.224 -0.804 2.096
123 16 -0.202 -0.852 2.026
123 17 -0.070 -0.490 2.579
123 18 0.195 -0.560 2.220
123 19 0.259 -0.763 2.103
123 20 0.271 -0.820 2.046
124 1 -0.131 -0.431 2.644
124 2 -0.126 -0.412 2.708
124 3 -0.083 -0.180 2.886
124 4 -0.090 0.003 2.919
124 5 -0.239 -0.296 2.831
124 6 -0.315 -0.475 2.748
124 7 -0.117 -0.469 2.558
124 8 -0.006 -0.467 2.428
124 9 0.077 -0.272 2.790
124 10 0.218 -0.410 2.727
124 11 0.231 -0.569 2.604
124 12 0.217 -0.608 2.559
124 13 -0.208 -0.475 2.606
124 14 -0.166 -0.582 2.169
124 15 -0.223 -0.808 2.088
124 16 -0.224 -0.873 2.018
124 17 -0.064 -0.489 2.574
124 18 0.200 -0.561 2.214
124 19 0.264 -0.765 2.096
124 20 0.270 -0.823 2.044
125 1 -0.136 -0.434 2.644
125 2 -0.126 -0.413 2.708
125 3 -0.083 -0.180 2.886
125 4 -0.091 0.003 2.918
125 5 -0.239 -0.296 2.831
125 6 -0.316 -0.475 2.748
125 7 -0.117 -0.466 2.560
125 8 -0.003 -0.463 2.427
125 9 0.077 -0.272 2.791
125 10 0.218 -0.410 2.727
125 11 0.230 -0.569 2.604
125 12 0.216 -0.607 2.558
125 13 -0.235 -0.477 2.622
125 14 -0.168 -0.580 2.178
125 15 -0.220 -0.804 2.096
125 16 -0.203 -0.856 2.040
125 17 -0.067 -0.491 2.572
125 18 0.201 -0.561 2.214
125 19 0.265 -0.765 2.095
125 20 0.266 -0.824 2.043
126 1 -0.129 -0.432 2.633
126 2 -0.122 -0.413 2.702
126 3 -0.083 -0.180 2.886
126 4 -0.091 0.003 2.918
126 5 -0.239 -0.296 2.831
126 6 -0.316 -0.475 2.748
126 7 -0.117 -0.465 2.560
126 8 -0.001 -0.461 2.426
126 9 0.076 -0.272 2.791
126 10 0.218 -0.410 2.727
126 11 0.230 -0.570 2.603
126 12 0.216 -0.606 2.558
126 13 -0.218 -0.475 2.602
126 14 -0.166 -0.582 2.165
126 15 -0.213 -0.806 2.090
126 16 -0.212 -0.869 2.034
126 17 -0.062 -0.489 2.561
126 18 0.208 -0.563 2.205
126 19 0.272 -0.766 2.084
126 20 0.267 -0.829 2.037
127 1 -0.124 -0.431 2.627
127 2 -0.118 -0.413 2.697
127 3 -0.083 -0.180 2.886
127 4 -0.091 0.003 2.918
127 5 -0.239 -0.296 2.831
127 6 -0.317 -0.474 2.748
127 7 -0.118 -0.464 2.561
127 8 0.001 -0.458 2.425
127 9 0.076 -0.272 2.791
127 10 0.218 -0.411 2.726
127 11 0.231 -0.572 2.603
127 12 0.216 -0.606 2.557
127 13 -0.209 -0.473 2.593
127 14 -0.164 -0.584 2.157
127 15 -0.205 -0.808 2.079
127 16 -0.174 -0.867 2.045
127 17 -0.058 -0.487 2.554
127 18 0.212 -0.564 2.200
127 19 0.275 -0.767 2.080
127 20 0.268 -0.832 2.032
128 1 -0.123 -0.430 2.627
128 2 -0.117 -0.413 2.696
128 3 -0.083 -0.180 2.886
128 4 -0.092 0.004 2.918
128 5 -0.239 -0.297 2.831
128 6 -0.317 -0.474 2.748
128 7 -0.118 -0.463 2.561
128 8 0.003 -0.456 2.425
128 9 0.076 -0.272 2.791
128 10 0.218 -0.410 2.728
128 11 0.230 -0.571 2.603
128 12 0.216 -0.604 2.557
128 13 -0.213 -0.476 2.608
128 14 -0.165 -0.582 2.167
128 15 -0.203 -0.805 2.086
128 16 -0.165 -0.855 2.052
128 17 -0.057 -0.486 2.552
128 18 0.214 -0.564 2.198
128 19 0.277 -0.767 2.077
128 20 0.268 -0.833 2.030
129 1 -0.127 -0.429 2.630
129 2 -0.117 -0.413 2.695
129 3 -0.082 -0.180 2.886
129 4 -0.092 0.004 2.918
129 5 -0.239 -0.297 2.832
129 6 -0.318 -0.474 2.748
129 7 -0.118 -0.463 2.562
129 8 0.005 -0.454 2.424
129 9 0.076 -0.272 2.791
129 10 0.215 -0.421 2.711
129 11 0.243 -0.602 2.626
129 12 0.223 -0.620 2.569
129 13 -0.223 -0.478 2.617
129 14 -0.166 -0.580 2.172
129 15 -0.204 -0.809 2.078
129 16 -0.159 -0.854 2.055
129 17 -0.063 -0.484 2.552
129 18 0.212 -0.564 2.199
129 19 0.277 -0.766 2.077
129 20 0.266 -0.834 2.030
130 1 -0.128 -0.429 2.631
130 2 -0.117 -0.413 2.694
130 3 -0.082 -0.180 2.886
130 4 -0.093 0.004 2.919
130 5 -0.240 -0.297 2.832
130 6 -0.318 -0.474 2.748
130 7 -0.118 -0.462 2.562
130 8 0.007 -0.452 2.424
130 9 0.076 -0.272 2.791
130 10 0.216 -0.417 2.718
130 11 0.234 -0.584 2.619
130 12 0.221 -0.615 2.568
130 13 -0.217 -0.476 2.612
130 14 -0.166 -0.581 2.170
130 15 -0.206 -0.812 2.073
130 16 -0.155 -0.854 2.057
130 17 -0.065 -0.484 2.552
130 18 0.212 -0.564 2.199
130 19 0.277 -0.766 2.076
130 20 0.265 -0.834 2.029
131 1 -0.144 -0.429 2.647
131 2 -0.123 -0.412 2.701
131 3 -0.082 -0.180 2.886
131 4 -0.093 0.004 2.919
131 5 -0.240 -0.297 2.832
131 6 -0.318 -0.473 2.748
131 7 -0.118 -0.461 2.563
131 8 0.008 -0.450 2.424
131 9 0.076 -0.272 2.791
131 10 0.216 -0.416 2.720
131 11 0.232 -0.583 2.619
131 12 0.220 -0.615 2.569
131 13 -0.244 -0.479 2.641
131 14 -0.173 -0.575 2.201
131 15 -0.220 -0.803 2.097
131 16 -0.162 -0.836 2.059
131 17 -0.076 -0.483 2.559
131 18 0.204 -0.562 2.208
131 19 0.280 -0.767 2.072
131 20 0.269 -0.836 2.033
132 1 -0.146 -0.429 2.649
132 2 -0.124 -0.411 2.702
132 3 -0.082 -0.180 2.886
132 4 -0.094 0.004 2.919
132 5 -0.240 -0.298 2.832
132 6 -0.318 -0.473 2.748
132 7 -0.118 -0.460 2.563
132 8 0.010 -0.449 2.424
132 9 0.076 -0.272 2.792
132 10 0.217 -0.414 2.721
132 11 0.230 -0.581 2.618
132 12 0.219 -0.613 2.569
132 13 -0.235 -0.476 2.631
132 14 -0.171 -0.575 2.195
132 15 -0.220 -0.801 2.097
132 16 -0.156 -0.820 2.057
132 17 -0.078 -0.483 2.560
132 18 0.202 -0.561 2.210
132 19 0.277 -0.765 2.076
132 20 0.267 -0.835 2.035
133 1 -0.149 -0.429 2.651
133 2 -0.126 -0.412 2.703
133 3 -0.082 -0.180 2.886
133 4 -0.094 0.004 2.919
133 5 -0.240 -0.298 2.832
133 6 -0.325 -0.471 2.756
133 7 -0.123 -0.458 2.571
133 8 0.008 -0.447 2.429
133 9 0.075 -0.272 2.792
133 10 0.217 -0.414 2.722
133 11 0.229 -0.581 2.616
133 12 0.218 -0.613 2.568
133 13 -0.242 -0.478 2.632
133 14 -0.172 -0.575 2.196
133 15 -0.221 -0.800 2.100
133 16 -0.156 -0.815 2.057
133 17 -0.082 -0.485 2.564
133 18 0.199 -0.561 2.213
133 19 0.270 -0.763 2.084
133 20 0.261 -0.833 2.038
134 1 -0.151 -0.430 2.652
134 2 -0.128 -0.412 2.705
134 3 -0.082 -0.180 2.886
134 4 -0.095 0.004 2.920
134 5 -0.240 -0.298 2.832
134 6 -0.326 -0.471 2.758
134 7 -0.124 -0.457 2.574
134 8 0.008 -0.446 2.430
134 9 0.075 -0.272 2.792
134 10 0.217 -0.414 2.722
134 11 0.228 -0.581 2.614
134 12 0.217 -0.613 2.567
134 13 -0.246 -0.479 2.632
134 14 -0.172 -0.575 2.197
134 15 -0.222 -0.799 2.102
134 16 -0.156 -0.811 2.056
134 17 -0.084 -0.486 2.566
134 18 0.197 -0.560 2.215
134 19 0.266 -0.762 2.089
134 20 0.257 -0.832 2.041
